0.5 7.302068e+03 7.285216e+03 7.294610e+03 7.311462e+03
1.5 7.312209e+03 7.288234e+03 7.301024e+03 7.324998e+03
2.5 7.332719e+03 7.304461e+03 7.316332e+03 7.344591e+03
3.5 7.325373e+03 7.311348e+03 7.319040e+03 7.333065e+03
4.5 7.278308e+03 7.310094e+03 7.311035e+03 7.279249e+03
5.5 7.298984e+03 7.315884e+03 7.302456e+03 7.285556e+03
6.5 7.337503e+03 7.318260e+03 7.296857e+03 7.316100e+03
7.5 7.336685e+03 7.309601e+03 7.293855e+03 7.320939e+03
8.5 7.302893e+03 7.298812e+03 7.292555e+03 7.296635e+03
9.5 7.283144e+03 7.290437e+03 7.292319e+03 7.285026e+03
10.5 7.257959e+03 7.282748e+03 7.292662e+03 7.267873e+03
11.5 7.268481e+03 7.277204e+03 7.293499e+03 7.284776e+03
12.5 7.299039e+03 7.286466e+03 7.303742e+03 7.316316e+03
13.5 7.343037e+03 7.303978e+03 7.317928e+03 7.356987e+03
14.5 7.332009e+03 7.307225e+03 7.317465e+03 7.342249e+03
15.5 7.284338e+03 7.298866e+03 7.308765e+03 7.294237e+03
16.5 7.286717e+03 7.288792e+03 7.301270e+03 7.299194e+03
17.5 7.298720e+03 7.294243e+03 7.306941e+03 7.311418e+03
18.5 7.333765e+03 7.307559e+03 7.317652e+03 7.343859e+03
19.5 7.307565e+03 7.307252e+03 7.315173e+03 7.315486e+03
20.5 7.299841e+03 7.295559e+03 7.306154e+03 7.310436e+03
0.8 7.268481e+03 7.277204e+03 7.293499e+03 7.284776e+03
1.8 7.299039e+03 7.286466e+03 7.303742e+03 7.316316e+03
2.8 7.343037e+03 7.303978e+03 7.317928e+03 7.356987e+03
3.8 7.332009e+03 7.307225e+03 7.317465e+03 7.342249e+03
4.8 7.284338e+03 7.298866e+03 7.308765e+03 7.294237e+03
5.8 7.286717e+03 7.288792e+03 7.301270e+03 7.299194e+03
6.8 7.298720e+03 7.294243e+03 7.306941e+03 7.311418e+03
7.8 7.333765e+03 7.307559e+03 7.317652e+03 7.343859e+03
8.8 7.307565e+03 7.307252e+03 7.315173e+03 7.315486e+03
9.8 7.299841e+03 7.295559e+03 7.306154e+03 7.310436e+03
10.8 7.278392e+03 7.281879e+03 7.298761e+03 7.295274e+03
11.8 7.288802e+03 7.279828e+03 7.299441e+03 7.308415e+03
12.8 7.307514e+03 7.296863e+03 7.312985e+03 7.323636e+03
13.8 7.326539e+03 7.306026e+03 7.316906e+03 7.337419e+03
14.8 7.342122e+03 7.302698e+03 7.309711e+03 7.349135e+03
15.8 7.315944e+03 7.296575e+03 7.301439e+03 7.320808e+03
16.8 7.276710e+03 7.292176e+03 7.296093e+03 7.280628e+03
17.8 7.271225e+03 7.289612e+03 7.293342e+03 7.274954e+03
18.8 7.276383e+03 7.286661e+03 7.292224e+03 7.281946e+03
19.8 7.268617e+03 7.280341e+03 7.292103e+03 7.280379e+03
20.8 7.246966e+03 7.280147e+03 7.296708e+03 7.263527e+03
0.8 7.286717e+03 7.288792e+03 7.301270e+03 7.299194e+03
1.8 7.298720e+03 7.294243e+03 7.306941e+03 7.311418e+03
2.8 7.333765e+03 7.307559e+03 7.317652e+03 7.343859e+03
3.8 7.307565e+03 7.307252e+03 7.315173e+03 7.315486e+03
4.8 7.299841e+03 7.295559e+03 7.306154e+03 7.310436e+03
5.8 7.278392e+03 7.281879e+03 7.298761e+03 7.295274e+03
6.8 7.288802e+03 7.279828e+03 7.299441e+03 7.308415e+03
7.8 7.307514e+03 7.296863e+03 7.312985e+03 7.323636e+03
8.8 7.326539e+03 7.306026e+03 7.316906e+03 7.337419e+03
9.8 7.342122e+03 7.302698e+03 7.309711e+03 7.349135e+03
10.8 7.315944e+03 7.296575e+03 7.301439e+03 7.320808e+03
11.8 7.276710e+03 7.292176e+03 7.296093e+03 7.280628e+03
12.8 7.271225e+03 7.289612e+03 7.293342e+03 7.274954e+03
13.8 7.276383e+03 7.286661e+03 7.292224e+03 7.281946e+03
14.8 7.268617e+03 7.280341e+03 7.292103e+03 7.280379e+03
15.8 7.246966e+03 7.280147e+03 7.296708e+03 7.263527e+03
16.8 7.271454e+03 7.297586e+03 7.312748e+03 7.286616e+03
17.8 7.296537e+03 7.306447e+03 7.318733e+03 7.308823e+03
18.8 7.321566e+03 7.298959e+03 7.312126e+03 7.334732e+03
19.8 7.340331e+03 7.299421e+03 7.303459e+03 7.344369e+03
20.8 7.311390e+03 7.308244e+03 7.297471e+03 7.300617e+03
0.4 7.278392e+03 7.281879e+03 7.298761e+03 7.295274e+03
1.4 7.288802e+03 7.279828e+03 7.299441e+03 7.308415e+03
2.4 7.307514e+03 7.296863e+03 7.312985e+03 7.323636e+03
3.4 7.326539e+03 7.306026e+03 7.316906e+03 7.337419e+03
4.4 7.342122e+03 7.302698e+03 7.309711e+03 7.349135e+03
5.4 7.315944e+03 7.296575e+03 7.301439e+03 7.320808e+03
6.4 7.276710e+03 7.292176e+03 7.296093e+03 7.280628e+03
7.4 7.271225e+03 7.289612e+03 7.293342e+03 7.274954e+03
8.4 7.276383e+03 7.286661e+03 7.292224e+03 7.281946e+03
9.4 7.268617e+03 7.280341e+03 7.292103e+03 7.280379e+03
10.4 7.246966e+03 7.280147e+03 7.296708e+03 7.263527e+03
11.4 7.271454e+03 7.297586e+03 7.312748e+03 7.286616e+03
12.4 7.296537e+03 7.306447e+03 7.318733e+03 7.308823e+03
13.4 7.321566e+03 7.298959e+03 7.312126e+03 7.334732e+03
14.4 7.340331e+03 7.299421e+03 7.303459e+03 7.344369e+03
15.4 7.311390e+03 7.308244e+03 7.297471e+03 7.300617e+03
16.4 7.305421e+03 7.306410e+03 7.294167e+03 7.293177e+03
17.4 7.286886e+03 7.295724e+03 7.292661e+03 7.283823e+03
18.4 7.271348e+03 7.284673e+03 7.292295e+03 7.278971e+03
19.4 7.287711e+03 7.285274e+03 7.292576e+03 7.295013e+03
20.4 7.294653e+03 7.300477e+03 7.293108e+03 7.287285e+03
0.4 7.268617e+03 7.280341e+03 7.292103e+03 7.280379e+03
1.4 7.246966e+03 7.280147e+03 7.296708e+03 7.263527e+03
2.4 7.271454e+03 7.297586e+03 7.312748e+03 7.286616e+03
3.4 7.296537e+03 7.306447e+03 7.318733e+03 7.308823e+03
4.4 7.321566e+03 7.298959e+03 7.312126e+03 7.334732e+03
5.4 7.340331e+03 7.299421e+03 7.303459e+03 7.344369e+03
6.4 7.311390e+03 7.308244e+03 7.297471e+03 7.300617e+03
7.4 7.305421e+03 7.306410e+03 7.294167e+03 7.293177e+03
8.4 7.286886e+03 7.295724e+03 7.292661e+03 7.283823e+03
9.4 7.271348e+03 7.284673e+03 7.292295e+03 7.278971e+03
10.4 7.287711e+03 7.285274e+03 7.292576e+03 7.295013e+03
11.4 7.294653e+03 7.300477e+03 7.293108e+03 7.287285e+03
12.4 7.312804e+03 7.309008e+03 7.293631e+03 7.297426e+03
13.4 7.307981e+03 7.308966e+03 7.294070e+03 7.293085e+03
14.4 7.322191e+03 7.310931e+03 7.300739e+03 7.311999e+03
15.4 7.340052e+03 7.319867e+03 7.316193e+03 7.336378e+03
16.4 7.333530e+03 7.317104e+03 7.318976e+03 7.335402e+03
17.4 7.286031e+03 7.305287e+03 7.311007e+03 7.291752e+03
18.4 7.274788e+03 7.291396e+03 7.302445e+03 7.285838e+03
19.4 7.282431e+03 7.278809e+03 7.296853e+03 7.300474e+03
20.4 7.305479e+03 7.276148e+03 7.293854e+03 7.323184e+03
0.5 7.307981e+03 7.308966e+03 7.294070e+03 7.293085e+03
1.5 7.322191e+03 7.310931e+03 7.300739e+03 7.311999e+03
2.5 7.340052e+03 7.319867e+03 7.316193e+03 7.336378e+03
3.5 7.333530e+03 7.317104e+03 7.318976e+03 7.335402e+03
4.5 7.286031e+03 7.305287e+03 7.311007e+03 7.291752e+03
5.5 7.274788e+03 7.291396e+03 7.302445e+03 7.285838e+03
6.5 7.282431e+03 7.278809e+03 7.296853e+03 7.300474e+03
7.5 7.305479e+03 7.276148e+03 7.293854e+03 7.323184e+03
8.5 7.308265e+03 7.291948e+03 7.292555e+03 7.308872e+03
9.5 7.298213e+03 7.302471e+03 7.292319e+03 7.288061e+03
10.5 7.289477e+03 7.301250e+03 7.292662e+03 7.280890e+03
11.5 7.318193e+03 7.297175e+03 7.293205e+03 7.314223e+03
12.5 7.314511e+03 7.294680e+03 7.294134e+03 7.313966e+03
13.5 7.336891e+03 7.302935e+03 7.305067e+03 7.339023e+03
14.5 7.285240e+03 7.314204e+03 7.318541e+03 7.289578e+03
15.5 7.271780e+03 7.311473e+03 7.317195e+03 7.277502e+03
16.5 7.268067e+03 7.300963e+03 7.308305e+03 7.275408e+03
17.5 7.270013e+03 7.288209e+03 7.300514e+03 7.282317e+03
18.5 7.265480e+03 7.281337e+03 7.295768e+03 7.279912e+03
19.5 7.248370e+03 7.293121e+03 7.293339e+03 7.248588e+03
20.5 7.260639e+03 7.300111e+03 7.292400e+03 7.252928e+03
0.8 7.314511e+03 7.294680e+03 7.294134e+03 7.313966e+03
1.8 7.336891e+03 7.302935e+03 7.305067e+03 7.339023e+03
2.8 7.285240e+03 7.314204e+03 7.318541e+03 7.289578e+03
3.8 7.271780e+03 7.311473e+03 7.317195e+03 7.277502e+03
4.8 7.268067e+03 7.300963e+03 7.308305e+03 7.275408e+03
5.8 7.270013e+03 7.288209e+03 7.300514e+03 7.282317e+03
6.8 7.265480e+03 7.281337e+03 7.295768e+03 7.279912e+03
7.8 7.248370e+03 7.293121e+03 7.293339e+03 7.248588e+03
8.8 7.260639e+03 7.300111e+03 7.292400e+03 7.252928e+03
9.8 7.239206e+03 7.291947e+03 7.292377e+03 7.239636e+03
10.8 7.288431e+03 7.284424e+03 7.292810e+03 7.296817e+03
11.8 7.323080e+03 7.295509e+03 7.293359e+03 7.320931e+03
12.8 7.329971e+03 7.305365e+03 7.293830e+03 7.318436e+03
13.8 7.305510e+03 7.303187e+03 7.294160e+03 7.296483e+03
14.8 7.298174e+03 7.296590e+03 7.294360e+03 7.295943e+03
15.8 7.306008e+03 7.287848e+03 7.294469e+03 7.312630e+03
16.8 7.301733e+03 7.279594e+03 7.294523e+03 7.316662e+03
17.8 7.307239e+03 7.287727e+03 7.294549e+03 7.314060e+03
18.8 7.305279e+03 7.299980e+03 7.294560e+03 7.299858e+03
19.8 7.302369e+03 7.298087e+03 7.294564e+03 7.298846e+03
20.8 7.327748e+03 7.303375e+03 7.294566e+03 7.318939e+03
1.0 7.262958e+03 7.287722e+03 7.295377e+03 7.270613e+03
2.0 7.286552e+03 7.294495e+03 7.307487e+03 7.299544e+03
3.0 7.312383e+03 7.306693e+03 7.319381e+03 7.325070e+03
4.0 7.302385e+03 7.305828e+03 7.316446e+03 7.313004e+03
5.0 7.285896e+03 7.298878e+03 7.307324e+03 7.294343e+03
6.0 7.284235e+03 7.295058e+03 7.299844e+03 7.289021e+03
7.0 7.258216e+03 7.296054e+03 7.295400e+03 7.257562e+03
8.0 7.271485e+03 7.299475e+03 7.293172e+03 7.265181e+03
9.0 7.310751e+03 7.310674e+03 7.292362e+03 7.292438e+03
10.0 7.332492e+03 7.314754e+03 7.292411e+03 7.310149e+03
11.0 7.306715e+03 7.306069e+03 7.292872e+03 7.293519e+03
12.0 7.296966e+03 7.291140e+03 7.293419e+03 7.299245e+03
13.0 7.286189e+03 7.278055e+03 7.293875e+03 7.302009e+03
14.0 7.313285e+03 7.281100e+03 7.294188e+03 7.326373e+03
15.0 7.310884e+03 7.297213e+03 7.294376e+03 7.308046e+03
16.0 7.305044e+03 7.302748e+03 7.294477e+03 7.296773e+03
17.0 7.294894e+03 7.299570e+03 7.294527e+03 7.289852e+03
18.0 7.291338e+03 7.295825e+03 7.294550e+03 7.290063e+03
19.0 7.279473e+03 7.295491e+03 7.294560e+03 7.278542e+03
20.0 7.290913e+03 7.306587e+03 7.294564e+03 7.278890e+03
21.0 7.265213e+03 7.313863e+03 7.294567e+03 7.245917e+03
0.6 7.263026e+03 7.293468e+03 7.294624e+03 7.264182e+03
1.6 7.269118e+03 7.292378e+03 7.301441e+03 7.278181e+03
2.6 7.265719e+03 7.305685e+03 7.316641e+03 7.276674e+03
3.6 7.288301e+03 7.309169e+03 7.318903e+03 7.298035e+03
4.6 7.286494e+03 7.301626e+03 7.310764e+03 7.295632e+03
5.6 7.269285e+03 7.290384e+03 7.302252e+03 7.281153e+03
6.6 7.286105e+03 7.292037e+03 7.296740e+03 7.290808e+03
7.6 7.302099e+03 7.303673e+03 7.293798e+03 7.292224e+03
8.6 7.294148e+03 7.304857e+03 7.292536e+03 7.281826e+03
9.6 7.311628e+03 7.298892e+03 7.292323e+03 7.305059e+03
10.6 7.327597e+03 7.293251e+03 7.292677e+03 7.327023e+03
11.6 7.317149e+03 7.289894e+03 7.293220e+03 7.320475e+03
12.6 7.266420e+03 7.288533e+03 7.293722e+03 7.271608e+03
13.6 7.273730e+03 7.290489e+03 7.294088e+03 7.277329e+03
14.6 7.318280e+03 7.295113e+03 7.295129e+03 7.318296e+03
15.6 7.323033e+03 7.308075e+03 7.307367e+03 7.322326e+03
16.6 7.298746e+03 7.318100e+03 7.319327e+03 7.299972e+03
17.6 7.310773e+03 7.313525e+03 7.316423e+03 7.313671e+03
18.6 7.331282e+03 7.304012e+03 7.307315e+03 7.334585e+03
19.6 7.333134e+03 7.299119e+03 7.302539e+03 7.336554e+03
20.6 7.334524e+03 7.308624e+03 7.312982e+03 7.338882e+03
1.0 7.318280e+03 7.295113e+03 7.295129e+03 7.318296e+03
2.0 7.323033e+03 7.308075e+03 7.307367e+03 7.322326e+03
3.0 7.298746e+03 7.318100e+03 7.319327e+03 7.299972e+03
4.0 7.310773e+03 7.313525e+03 7.316423e+03 7.313671e+03
5.0 7.331282e+03 7.304012e+03 7.307315e+03 7.334585e+03
6.0 7.333134e+03 7.299119e+03 7.302539e+03 7.336554e+03
7.0 7.334524e+03 7.308624e+03 7.312982e+03 7.338882e+03
8.0 7.318950e+03 7.309975e+03 7.318491e+03 7.327467e+03
9.0 7.290484e+03 7.302648e+03 7.315976e+03 7.303811e+03
10.0 7.271606e+03 7.309062e+03 7.322367e+03 7.284911e+03
11.0 7.262018e+03 7.311084e+03 7.321690e+03 7.272624e+03
12.0 7.265837e+03 7.300729e+03 7.311518e+03 7.276627e+03
13.0 7.259201e+03 7.289969e+03 7.301300e+03 7.270532e+03
14.0 7.259562e+03 7.297552e+03 7.294969e+03 7.256979e+03
15.0 7.276105e+03 7.303953e+03 7.291987e+03 7.264139e+03
16.0 7.287722e+03 7.297014e+03 7.291061e+03 7.281768e+03
17.0 7.254301e+03 7.286277e+03 7.291262e+03 7.259287e+03
18.0 7.267750e+03 7.288192e+03 7.291976e+03 7.271533e+03
19.0 7.296773e+03 7.302789e+03 7.292789e+03 7.286773e+03
20.0 7.330704e+03 7.309589e+03 7.293474e+03 7.314588e+03
21.0 7.342481e+03 7.308655e+03 7.294053e+03 7.327878e+03
0.2 7.331282e+03 7.304012e+03 7.307315e+03 7.334585e+03
1.2 7.333134e+03 7.299119e+03 7.302539e+03 7.336554e+03
2.2 7.334524e+03 7.308624e+03 7.312982e+03 7.338882e+03
3.2 7.318950e+03 7.309975e+03 7.318491e+03 7.327467e+03
4.2 7.290484e+03 7.302648e+03 7.315976e+03 7.303811e+03
5.2 7.271606e+03 7.309062e+03 7.322367e+03 7.284911e+03
6.2 7.262018e+03 7.311084e+03 7.321690e+03 7.272624e+03
7.2 7.265837e+03 7.300729e+03 7.311518e+03 7.276627e+03
8.2 7.259201e+03 7.289969e+03 7.301300e+03 7.270532e+03
9.2 7.259562e+03 7.297552e+03 7.294969e+03 7.256979e+03
10.2 7.276105e+03 7.303953e+03 7.291987e+03 7.264139e+03
11.2 7.287722e+03 7.297014e+03 7.291061e+03 7.281768e+03
12.2 7.254301e+03 7.286277e+03 7.291262e+03 7.259287e+03
13.2 7.267750e+03 7.288192e+03 7.291976e+03 7.271533e+03
14.2 7.296773e+03 7.302789e+03 7.292789e+03 7.286773e+03
15.2 7.330704e+03 7.309589e+03 7.293474e+03 7.314588e+03
16.2 7.342481e+03 7.308655e+03 7.294053e+03 7.327878e+03
17.2 7.319181e+03 7.311391e+03 7.301989e+03 7.309779e+03
18.2 7.353975e+03 7.319892e+03 7.317065e+03 7.351147e+03
19.2 7.312050e+03 7.316054e+03 7.318535e+03 7.314530e+03
20.2 7.283746e+03 7.304967e+03 7.310195e+03 7.288974e+03
0.4 7.318950e+03 7.309975e+03 7.318491e+03 7.327467e+03
1.4 7.290484e+03 7.302648e+03 7.315976e+03 7.303811e+03
2.4 7.271606e+03 7.309062e+03 7.322367e+03 7.284911e+03
3.4 7.262018e+03 7.311084e+03 7.321690e+03 7.272624e+03
4.4 7.265837e+03 7.300729e+03 7.311518e+03 7.276627e+03
5.4 7.259201e+03 7.289969e+03 7.301300e+03 7.270532e+03
6.4 7.259562e+03 7.297552e+03 7.294969e+03 7.256979e+03
7.4 7.276105e+03 7.303953e+03 7.291987e+03 7.264139e+03
8.4 7.287722e+03 7.297014e+03 7.291061e+03 7.281768e+03
9.4 7.254301e+03 7.286277e+03 7.291262e+03 7.259287e+03
10.4 7.267750e+03 7.288192e+03 7.291976e+03 7.271533e+03
11.4 7.296773e+03 7.302789e+03 7.292789e+03 7.286773e+03
12.4 7.330704e+03 7.309589e+03 7.293474e+03 7.314588e+03
13.4 7.342481e+03 7.308655e+03 7.294053e+03 7.327878e+03
14.4 7.319181e+03 7.311391e+03 7.301989e+03 7.309779e+03
15.4 7.353975e+03 7.319892e+03 7.317065e+03 7.351147e+03
16.4 7.312050e+03 7.316054e+03 7.318535e+03 7.314530e+03
17.4 7.283746e+03 7.304967e+03 7.310195e+03 7.288974e+03
18.4 7.269985e+03 7.296285e+03 7.301841e+03 7.275541e+03
19.4 7.255115e+03 7.298970e+03 7.296508e+03 7.252652e+03
20.4 7.263963e+03 7.308818e+03 7.293686e+03 7.248832e+03
0.6 7.342481e+03 7.308655e+03 7.294053e+03 7.327878e+03
1.6 7.319181e+03 7.311391e+03 7.301989e+03 7.309779e+03
2.6 7.353975e+03 7.319892e+03 7.317065e+03 7.351147e+03
3.6 7.312050e+03 7.316054e+03 7.318535e+03 7.314530e+03
4.6 7.283746e+03 7.304967e+03 7.310195e+03 7.288974e+03
5.6 7.269985e+03 7.296285e+03 7.301841e+03 7.275541e+03
6.6 7.255115e+03 7.298970e+03 7.296508e+03 7.252652e+03
7.6 7.263963e+03 7.308818e+03 7.293686e+03 7.248832e+03
8.6 7.255874e+03 7.307678e+03 7.292500e+03 7.240697e+03
9.6 7.243527e+03 7.300358e+03 7.292332e+03 7.235501e+03
10.6 7.251742e+03 7.295000e+03 7.292705e+03 7.249447e+03
11.6 7.275221e+03 7.301473e+03 7.293252e+03 7.266999e+03
12.6 7.311279e+03 7.310469e+03 7.293747e+03 7.294557e+03
13.6 7.307279e+03 7.307355e+03 7.294105e+03 7.294028e+03
14.6 7.282804e+03 7.299031e+03 7.294328e+03 7.278101e+03
15.6 7.292356e+03 7.292487e+03 7.294452e+03 7.294322e+03
16.6 7.309514e+03 7.289079e+03 7.294515e+03 7.314950e+03
17.6 7.300012e+03 7.288855e+03 7.295242e+03 7.306399e+03
18.6 7.299236e+03 7.300459e+03 7.306994e+03 7.305771e+03
19.6 7.330341e+03 7.312650e+03 7.319252e+03 7.336943e+03
20.6 7.352543e+03 7.309409e+03 7.316671e+03 7.359805e+03
0.9 7.300012e+03 7.288855e+03 7.295242e+03 7.306399e+03
1.9 7.299236e+03 7.300459e+03 7.306994e+03 7.305771e+03
2.9 7.330341e+03 7.312650e+03 7.319252e+03 7.336943e+03
3.9 7.352543e+03 7.309409e+03 7.316671e+03 7.359805e+03
4.9 7.321400e+03 7.297693e+03 7.307581e+03 7.331288e+03
5.9 7.302917e+03 7.297358e+03 7.300014e+03 7.305572e+03
6.9 7.283505e+03 7.306671e+03 7.295492e+03 7.272326e+03
7.9 7.289468e+03 7.305473e+03 7.293213e+03 7.277207e+03
8.9 7.280117e+03 7.295143e+03 7.292371e+03 7.277345e+03
9.9 7.254090e+03 7.284252e+03 7.292433e+03 7.262272e+03
10.9 7.277545e+03 7.285152e+03 7.298907e+03 7.291300e+03
11.9 7.304431e+03 7.300773e+03 7.314848e+03 7.318506e+03
12.9 7.307097e+03 7.302236e+03 7.318465e+03 7.323326e+03
13.9 7.275445e+03 7.292545e+03 7.310920e+03 7.293820e+03
14.9 7.278531e+03 7.297911e+03 7.302468e+03 7.283087e+03
15.9 7.286626e+03 7.308351e+03 7.296884e+03 7.275159e+03
16.9 7.312257e+03 7.311171e+03 7.293873e+03 7.294959e+03
17.9 7.316637e+03 7.317878e+03 7.292558e+03 7.291317e+03
18.9 7.355192e+03 7.318193e+03 7.292309e+03 7.329308e+03
19.9 7.348411e+03 7.308422e+03 7.292646e+03 7.332635e+03
20.9 7.285541e+03 7.297776e+03 7.293188e+03 7.280953e+03
0.5 7.254090e+03 7.284252e+03 7.292433e+03 7.262272e+03
1.5 7.277545e+03 7.285152e+03 7.298907e+03 7.291300e+03
2.5 7.304431e+03 7.300773e+03 7.314848e+03 7.318506e+03
3.5 7.307097e+03 7.302236e+03 7.318465e+03 7.323326e+03
4.5 7.275445e+03 7.292545e+03 7.310920e+03 7.293820e+03
5.5 7.278531e+03 7.297911e+03 7.302468e+03 7.283087e+03
6.5 7.286626e+03 7.308351e+03 7.296884e+03 7.275159e+03
7.5 7.312257e+03 7.311171e+03 7.293873e+03 7.294959e+03
8.5 7.316637e+03 7.317878e+03 7.292558e+03 7.291317e+03
9.5 7.355192e+03 7.318193e+03 7.292309e+03 7.329308e+03
10.5 7.348411e+03 7.308422e+03 7.292646e+03 7.332635e+03
11.5 7.285541e+03 7.297776e+03 7.293188e+03 7.280953e+03
12.5 7.274392e+03 7.292018e+03 7.293696e+03 7.276070e+03
13.5 7.264855e+03 7.292429e+03 7.294071e+03 7.266498e+03
14.5 7.265042e+03 7.295529e+03 7.294309e+03 7.263821e+03
15.5 7.272427e+03 7.305298e+03 7.294442e+03 7.261570e+03
16.5 7.285504e+03 7.314693e+03 7.294510e+03 7.265321e+03
17.5 7.317614e+03 7.311562e+03 7.294553e+03 7.300605e+03
18.5 7.316209e+03 7.307613e+03 7.299458e+03 7.308054e+03
19.5 7.312262e+03 7.315310e+03 7.314966e+03 7.311918e+03
20.5 7.306743e+03 7.314891e+03 7.319493e+03 7.311345e+03
0.4 7.317614e+03 7.311562e+03 7.294553e+03 7.300605e+03
1.4 7.316209e+03 7.307613e+03 7.299458e+03 7.308054e+03
2.4 7.312262e+03 7.315310e+03 7.314966e+03 7.311918e+03
3.4 7.306743e+03 7.314891e+03 7.319493e+03 7.311345e+03
4.4 7.318883e+03 7.305005e+03 7.312117e+03 7.325994e+03
5.4 7.323872e+03 7.294492e+03 7.303298e+03 7.332678e+03
6.4 7.305093e+03 7.284986e+03 7.297347e+03 7.317453e+03
7.4 7.327685e+03 7.281274e+03 7.294098e+03 7.340509e+03
8.4 7.339733e+03 7.294470e+03 7.292639e+03 7.337902e+03
9.4 7.356094e+03 7.304465e+03 7.292308e+03 7.343938e+03
10.4 7.307737e+03 7.302377e+03 7.292607e+03 7.297967e+03
11.4 7.303008e+03 7.296533e+03 7.293141e+03 7.299617e+03
12.4 7.313192e+03 7.292066e+03 7.293657e+03 7.314784e+03
13.4 7.301182e+03 7.289473e+03 7.294045e+03 7.305754e+03
14.4 7.304186e+03 7.286859e+03 7.294293e+03 7.311619e+03
15.4 7.290584e+03 7.282611e+03 7.295029e+03 7.303001e+03
16.4 7.285240e+03 7.292095e+03 7.306458e+03 7.299603e+03
17.4 7.261536e+03 7.306933e+03 7.319090e+03 7.273693e+03
18.4 7.267836e+03 7.307994e+03 7.316882e+03 7.276724e+03
19.4 7.258781e+03 7.301990e+03 7.307835e+03 7.264626e+03
20.4 7.287084e+03 7.298416e+03 7.300184e+03 7.288852e+03
0.9 7.290584e+03 7.282611e+03 7.295029e+03 7.303001e+03
1.9 7.285240e+03 7.292095e+03 7.306458e+03 7.299603e+03
2.9 7.261536e+03 7.306933e+03 7.319090e+03 7.273693e+03
3.9 7.267836e+03 7.307994e+03 7.316882e+03 7.276724e+03
4.9 7.258781e+03 7.301990e+03 7.307835e+03 7.264626e+03
5.9 7.287084e+03 7.298416e+03 7.300184e+03 7.288852e+03
6.9 7.298128e+03 7.307359e+03 7.295585e+03 7.286354e+03
7.9 7.298584e+03 7.312360e+03 7.293255e+03 7.279479e+03
8.9 7.304397e+03 7.306051e+03 7.292380e+03 7.290726e+03
9.9 7.295393e+03 7.297360e+03 7.292393e+03 7.290426e+03
10.9 7.295933e+03 7.291406e+03 7.292841e+03 7.297368e+03
11.9 7.284513e+03 7.288308e+03 7.293389e+03 7.289595e+03
12.9 7.311659e+03 7.287215e+03 7.293853e+03 7.318297e+03
13.9 7.312947e+03 7.288076e+03 7.294174e+03 7.319046e+03
14.9 7.316731e+03 7.298268e+03 7.294368e+03 7.312831e+03
15.9 7.300195e+03 7.310444e+03 7.294473e+03 7.284224e+03
16.9 7.294191e+03 7.309235e+03 7.294525e+03 7.279482e+03
17.9 7.309724e+03 7.301078e+03 7.294550e+03 7.303195e+03
18.9 7.307409e+03 7.291166e+03 7.294560e+03 7.310803e+03
19.9 7.314174e+03 7.286022e+03 7.294564e+03 7.322716e+03
20.9 7.324045e+03 7.297647e+03 7.294566e+03 7.320965e+03
0.4 7.284985e+03 7.305185e+03 7.294571e+03 7.274372e+03
1.4 7.305071e+03 7.295488e+03 7.298767e+03 7.308350e+03
2.4 7.353654e+03 7.304264e+03 7.314217e+03 7.363606e+03
3.4 7.311445e+03 7.308767e+03 7.319661e+03 7.322339e+03
4.4 7.314971e+03 7.302745e+03 7.312655e+03 7.324881e+03
5.4 7.305294e+03 7.295135e+03 7.303735e+03 7.313894e+03
6.4 7.296418e+03 7.290240e+03 7.297605e+03 7.303783e+03
7.4 7.281591e+03 7.287856e+03 7.294227e+03 7.287963e+03
8.4 7.281088e+03 7.286977e+03 7.292687e+03 7.286798e+03
