0.3 7.333765e+03 7.307559e+03 7.300541e+03 7.326747e+03
1.3 7.307565e+03 7.307252e+03 7.299956e+03 7.300269e+03
2.3 7.299841e+03 7.295559e+03 7.295528e+03 7.299810e+03
3.3 7.278392e+03 7.281879e+03 7.288371e+03 7.284884e+03
4.3 7.288802e+03 7.279828e+03 7.285319e+03 7.294293e+03
5.3 7.307514e+03 7.296863e+03 7.288807e+03 7.299457e+03
6.3 7.326539e+03 7.306026e+03 7.294207e+03 7.314720e+03
7.3 7.342122e+03 7.302698e+03 7.298281e+03 7.337705e+03
8.3 7.315944e+03 7.296575e+03 7.300613e+03 7.319981e+03
9.3 7.276710e+03 7.292176e+03 7.301693e+03 7.286227e+03
10.3 7.271225e+03 7.289612e+03 7.301965e+03 7.283577e+03
11.3 7.276383e+03 7.286661e+03 7.300179e+03 7.289901e+03
12.3 7.268617e+03 7.280341e+03 7.294004e+03 7.282280e+03
13.3 7.246966e+03 7.280147e+03 7.289216e+03 7.256035e+03
14.3 7.271454e+03 7.297586e+03 7.290621e+03 7.264489e+03
15.3 7.296537e+03 7.306447e+03 7.293499e+03 7.283589e+03
16.3 7.321566e+03 7.298959e+03 7.292238e+03 7.314844e+03
17.3 7.340331e+03 7.299421e+03 7.291895e+03 7.332805e+03
18.3 7.311390e+03 7.308244e+03 7.294832e+03 7.297977e+03
19.3 7.305421e+03 7.306410e+03 7.298188e+03 7.297198e+03
20.3 7.286886e+03 7.295724e+03 7.300341e+03 7.291503e+03
21.3 7.271348e+03 7.284673e+03 7.301356e+03 7.288032e+03
0.7 7.271225e+03 7.289612e+03 7.301965e+03 7.283577e+03
1.7 7.276383e+03 7.286661e+03 7.300179e+03 7.289901e+03
2.7 7.268617e+03 7.280341e+03 7.294004e+03 7.282280e+03
3.7 7.246966e+03 7.280147e+03 7.289216e+03 7.256035e+03
4.7 7.271454e+03 7.297586e+03 7.290621e+03 7.264489e+03
5.7 7.296537e+03 7.306447e+03 7.293499e+03 7.283589e+03
6.7 7.321566e+03 7.298959e+03 7.292238e+03 7.314844e+03
7.7 7.340331e+03 7.299421e+03 7.291895e+03 7.332805e+03
8.7 7.311390e+03 7.308244e+03 7.294832e+03 7.297977e+03
9.7 7.305421e+03 7.306410e+03 7.298188e+03 7.297198e+03
10.7 7.286886e+03 7.295724e+03 7.300341e+03 7.291503e+03
11.7 7.271348e+03 7.284673e+03 7.301356e+03 7.288032e+03
12.7 7.287711e+03 7.285274e+03 7.301678e+03 7.304115e+03
13.7 7.294653e+03 7.300477e+03 7.301630e+03 7.295806e+03
14.7 7.312804e+03 7.309008e+03 7.301410e+03 7.305205e+03
15.7 7.307981e+03 7.308966e+03 7.301149e+03 7.300164e+03
16.7 7.322191e+03 7.310931e+03 7.300922e+03 7.312182e+03
17.7 7.340052e+03 7.319867e+03 7.300758e+03 7.320943e+03
18.7 7.333530e+03 7.317104e+03 7.300655e+03 7.317081e+03
19.7 7.286031e+03 7.305287e+03 7.300597e+03 7.281341e+03
20.7 7.274788e+03 7.291396e+03 7.300566e+03 7.283959e+03
21.7 7.282431e+03 7.278809e+03 7.300552e+03 7.304174e+03
0.5 7.271454e+03 7.297586e+03 7.290621e+03 7.264489e+03
1.5 7.296537e+03 7.306447e+03 7.293499e+03 7.283589e+03
2.5 7.321566e+03 7.298959e+03 7.292238e+03 7.314844e+03
3.5 7.340331e+03 7.299421e+03 7.291895e+03 7.332805e+03
4.5 7.311390e+03 7.308244e+03 7.294832e+03 7.297977e+03
5.5 7.305421e+03 7.306410e+03 7.298188e+03 7.297198e+03
6.5 7.286886e+03 7.295724e+03 7.300341e+03 7.291503e+03
7.5 7.271348e+03 7.284673e+03 7.301356e+03 7.288032e+03
8.5 7.287711e+03 7.285274e+03 7.301678e+03 7.304115e+03
9.5 7.294653e+03 7.300477e+03 7.301630e+03 7.295806e+03
10.5 7.312804e+03 7.309008e+03 7.301410e+03 7.305205e+03
11.5 7.307981e+03 7.308966e+03 7.301149e+03 7.300164e+03
12.5 7.322191e+03 7.310931e+03 7.300922e+03 7.312182e+03
13.5 7.340052e+03 7.319867e+03 7.300758e+03 7.320943e+03
14.5 7.333530e+03 7.317104e+03 7.300655e+03 7.317081e+03
15.5 7.286031e+03 7.305287e+03 7.300597e+03 7.281341e+03
16.5 7.274788e+03 7.291396e+03 7.300566e+03 7.283959e+03
17.5 7.282431e+03 7.278809e+03 7.300552e+03 7.304174e+03
18.5 7.305479e+03 7.276148e+03 7.300545e+03 7.329876e+03
19.5 7.308265e+03 7.291948e+03 7.300543e+03 7.316860e+03
20.5 7.298213e+03 7.302471e+03 7.300542e+03 7.296283e+03
21.5 7.289477e+03 7.301250e+03 7.300541e+03 7.288768e+03
0.2 7.305510e+03 7.303187e+03 7.300541e+03 7.302864e+03
1.2 7.298174e+03 7.296590e+03 7.300110e+03 7.301693e+03
2.2 7.306008e+03 7.287848e+03 7.296087e+03 7.314248e+03
3.2 7.301733e+03 7.279594e+03 7.289892e+03 7.312031e+03
4.2 7.307239e+03 7.287727e+03 7.288822e+03 7.308334e+03
5.2 7.305279e+03 7.299980e+03 7.290556e+03 7.295855e+03
6.2 7.302369e+03 7.298087e+03 7.289821e+03 7.294103e+03
7.2 7.327748e+03 7.303375e+03 7.291163e+03 7.315535e+03
8.2 7.330148e+03 7.310474e+03 7.295047e+03 7.314721e+03
9.2 7.323657e+03 7.306754e+03 7.298604e+03 7.315507e+03
10.2 7.321756e+03 7.298793e+03 7.300711e+03 7.323674e+03
11.2 7.306119e+03 7.292629e+03 7.301635e+03 7.315125e+03
12.2 7.301607e+03 7.289539e+03 7.301859e+03 7.313927e+03
13.2 7.288497e+03 7.288963e+03 7.301723e+03 7.301257e+03
14.2 7.275070e+03 7.295473e+03 7.301440e+03 7.281037e+03
15.2 7.312403e+03 7.308197e+03 7.301146e+03 7.305353e+03
16.2 7.284374e+03 7.306320e+03 7.300908e+03 7.278962e+03
17.2 7.270974e+03 7.297020e+03 7.300745e+03 7.274699e+03
18.2 7.326604e+03 7.302636e+03 7.300646e+03 7.324613e+03
19.2 7.332229e+03 7.308181e+03 7.300591e+03 7.324639e+03
20.2 7.287340e+03 7.299521e+03 7.300563e+03 7.288382e+03
21.2 7.262847e+03 7.287581e+03 7.300550e+03 7.275817e+03
0.8 7.307239e+03 7.287727e+03 7.288822e+03 7.308334e+03
1.8 7.305279e+03 7.299980e+03 7.290556e+03 7.295855e+03
2.8 7.302369e+03 7.298087e+03 7.289821e+03 7.294103e+03
3.8 7.327748e+03 7.303375e+03 7.291163e+03 7.315535e+03
4.8 7.330148e+03 7.310474e+03 7.295047e+03 7.314721e+03
5.8 7.323657e+03 7.306754e+03 7.298604e+03 7.315507e+03
6.8 7.321756e+03 7.298793e+03 7.300711e+03 7.323674e+03
7.8 7.306119e+03 7.292629e+03 7.301635e+03 7.315125e+03
8.8 7.301607e+03 7.289539e+03 7.301859e+03 7.313927e+03
9.8 7.288497e+03 7.288963e+03 7.301723e+03 7.301257e+03
10.8 7.275070e+03 7.295473e+03 7.301440e+03 7.281037e+03
11.8 7.312403e+03 7.308197e+03 7.301146e+03 7.305353e+03
12.8 7.284374e+03 7.306320e+03 7.300908e+03 7.278962e+03
13.8 7.270974e+03 7.297020e+03 7.300745e+03 7.274699e+03
14.8 7.326604e+03 7.302636e+03 7.300646e+03 7.324613e+03
15.8 7.332229e+03 7.308181e+03 7.300591e+03 7.324639e+03
16.8 7.287340e+03 7.299521e+03 7.300563e+03 7.288382e+03
17.8 7.262847e+03 7.287581e+03 7.300550e+03 7.275817e+03
18.8 7.316782e+03 7.293633e+03 7.300545e+03 7.323693e+03
19.8 7.324768e+03 7.302433e+03 7.300542e+03 7.322877e+03
20.8 7.316193e+03 7.297011e+03 7.300541e+03 7.319723e+03
21.8 7.299267e+03 7.288124e+03 7.300541e+03 7.311683e+03
0.5 7.332492e+03 7.314754e+03 7.300534e+03 7.318272e+03
1.5 7.306715e+03 7.306069e+03 7.299286e+03 7.299933e+03
2.5 7.296966e+03 7.291140e+03 7.293736e+03 7.299562e+03
3.5 7.286189e+03 7.278055e+03 7.286908e+03 7.295042e+03
4.5 7.313285e+03 7.281100e+03 7.285731e+03 7.317916e+03
5.5 7.310884e+03 7.297213e+03 7.290206e+03 7.303877e+03
6.5 7.305044e+03 7.302748e+03 7.295431e+03 7.297727e+03
7.5 7.294894e+03 7.299570e+03 7.299031e+03 7.294355e+03
8.5 7.291338e+03 7.295825e+03 7.300989e+03 7.296502e+03
9.5 7.279473e+03 7.295491e+03 7.301828e+03 7.285809e+03
10.5 7.290913e+03 7.306587e+03 7.301978e+03 7.286304e+03
11.5 7.265213e+03 7.313863e+03 7.301762e+03 7.253112e+03
12.5 7.266303e+03 7.312960e+03 7.301421e+03 7.254764e+03
13.5 7.293869e+03 7.318028e+03 7.301100e+03 7.276942e+03
14.5 7.301188e+03 7.317806e+03 7.300862e+03 7.284244e+03
15.5 7.299943e+03 7.307536e+03 7.300403e+03 7.292810e+03
16.5 7.308768e+03 7.293223e+03 7.296695e+03 7.312240e+03
17.5 7.279166e+03 7.280409e+03 7.290332e+03 7.289088e+03
18.5 7.286279e+03 7.284953e+03 7.288718e+03 7.290044e+03
19.5 7.312141e+03 7.299183e+03 7.292177e+03 7.305135e+03
20.5 7.272110e+03 7.301624e+03 7.296355e+03 7.266842e+03
21.5 7.263026e+03 7.293468e+03 7.299233e+03 7.268790e+03
0.1 7.301188e+03 7.317806e+03 7.300862e+03 7.284244e+03
1.1 7.299943e+03 7.307536e+03 7.300403e+03 7.292810e+03
2.1 7.308768e+03 7.293223e+03 7.296695e+03 7.312240e+03
3.1 7.279166e+03 7.280409e+03 7.290332e+03 7.289088e+03
4.1 7.286279e+03 7.284953e+03 7.288718e+03 7.290044e+03
5.1 7.312141e+03 7.299183e+03 7.292177e+03 7.305135e+03
6.1 7.272110e+03 7.301624e+03 7.296355e+03 7.266842e+03
7.1 7.263026e+03 7.293468e+03 7.299233e+03 7.268790e+03
8.1 7.269118e+03 7.292378e+03 7.300810e+03 7.277550e+03
9.1 7.265719e+03 7.305685e+03 7.301506e+03 7.261539e+03
10.1 7.288301e+03 7.309169e+03 7.301652e+03 7.280785e+03
11.1 7.286494e+03 7.301626e+03 7.301499e+03 7.286367e+03
12.1 7.269285e+03 7.290384e+03 7.301236e+03 7.280137e+03
13.1 7.286105e+03 7.292037e+03 7.300985e+03 7.295053e+03
14.1 7.302099e+03 7.303673e+03 7.300796e+03 7.299223e+03
15.1 7.294148e+03 7.304857e+03 7.300675e+03 7.289966e+03
16.1 7.311628e+03 7.298892e+03 7.300607e+03 7.313343e+03
17.1 7.327597e+03 7.293251e+03 7.300571e+03 7.334917e+03
18.1 7.317149e+03 7.289894e+03 7.300554e+03 7.327809e+03
19.1 7.266420e+03 7.288533e+03 7.300546e+03 7.278433e+03
20.1 7.273730e+03 7.290489e+03 7.300543e+03 7.283784e+03
21.1 7.318280e+03 7.295113e+03 7.300542e+03 7.323709e+03
0.1 7.333134e+03 7.299119e+03 7.300541e+03 7.334556e+03
1.1 7.334524e+03 7.308624e+03 7.300269e+03 7.326169e+03
2.1 7.318950e+03 7.309975e+03 7.296919e+03 7.305895e+03
3.1 7.290484e+03 7.302648e+03 7.292628e+03 7.280463e+03
4.1 7.271606e+03 7.309062e+03 7.292863e+03 7.255407e+03
5.1 7.262018e+03 7.311084e+03 7.295593e+03 7.246528e+03
6.1 7.265837e+03 7.300729e+03 7.295356e+03 7.260464e+03
7.1 7.259201e+03 7.289969e+03 7.292310e+03 7.261543e+03
8.1 7.259562e+03 7.297552e+03 7.292793e+03 7.254803e+03
9.1 7.276105e+03 7.303953e+03 7.295943e+03 7.268095e+03
10.1 7.287722e+03 7.297014e+03 7.298800e+03 7.289508e+03
11.1 7.254301e+03 7.286277e+03 7.300484e+03 7.268509e+03
12.1 7.267750e+03 7.288192e+03 7.301266e+03 7.280823e+03
13.1 7.296773e+03 7.302789e+03 7.301508e+03 7.295492e+03
14.1 7.330704e+03 7.309589e+03 7.301450e+03 7.322564e+03
15.1 7.342481e+03 7.308655e+03 7.301251e+03 7.335077e+03
16.1 7.319181e+03 7.311391e+03 7.301026e+03 7.308816e+03
17.1 7.353975e+03 7.319892e+03 7.300837e+03 7.334920e+03
18.1 7.312050e+03 7.316054e+03 7.300706e+03 7.296702e+03
19.1 7.283746e+03 7.304967e+03 7.300626e+03 7.279405e+03
20.1 7.269985e+03 7.296285e+03 7.300581e+03 7.274282e+03
21.1 7.255115e+03 7.298970e+03 7.300559e+03 7.256704e+03
1.0 7.262018e+03 7.311084e+03 7.295593e+03 7.246528e+03
2.0 7.265837e+03 7.300729e+03 7.295356e+03 7.260464e+03
3.0 7.259201e+03 7.289969e+03 7.292310e+03 7.261543e+03
4.0 7.259562e+03 7.297552e+03 7.292793e+03 7.254803e+03
5.0 7.276105e+03 7.303953e+03 7.295943e+03 7.268095e+03
6.0 7.287722e+03 7.297014e+03 7.298800e+03 7.289508e+03
7.0 7.254301e+03 7.286277e+03 7.300484e+03 7.268509e+03
8.0 7.267750e+03 7.288192e+03 7.301266e+03 7.280823e+03
9.0 7.296773e+03 7.302789e+03 7.301508e+03 7.295492e+03
10.0 7.330704e+03 7.309589e+03 7.301450e+03 7.322564e+03
11.0 7.342481e+03 7.308655e+03 7.301251e+03 7.335077e+03
12.0 7.319181e+03 7.311391e+03 7.301026e+03 7.308816e+03
13.0 7.353975e+03 7.319892e+03 7.300837e+03 7.334920e+03
14.0 7.312050e+03 7.316054e+03 7.300706e+03 7.296702e+03
15.0 7.283746e+03 7.304967e+03 7.300626e+03 7.279405e+03
16.0 7.269985e+03 7.296285e+03 7.300581e+03 7.274282e+03
17.0 7.255115e+03 7.298970e+03 7.300559e+03 7.256704e+03
18.0 7.263963e+03 7.308818e+03 7.300548e+03 7.255694e+03
19.0 7.255874e+03 7.307678e+03 7.300544e+03 7.248741e+03
20.0 7.243527e+03 7.300358e+03 7.300542e+03 7.243711e+03
21.0 7.251742e+03 7.295000e+03 7.300541e+03 7.257283e+03
22.0 7.275221e+03 7.301473e+03 7.300541e+03 7.274289e+03
0.4 7.277545e+03 7.285152e+03 7.300540e+03 7.292933e+03
1.4 7.304431e+03 7.300773e+03 7.299769e+03 7.303427e+03
2.4 7.307097e+03 7.302236e+03 7.294966e+03 7.299827e+03
3.4 7.275445e+03 7.292545e+03 7.289122e+03 7.272022e+03
4.4 7.278531e+03 7.297911e+03 7.289080e+03 7.269699e+03
5.4 7.286626e+03 7.308351e+03 7.293126e+03 7.271400e+03
6.4 7.312257e+03 7.311171e+03 7.297127e+03 7.298213e+03
7.4 7.316637e+03 7.317878e+03 7.299700e+03 7.298459e+03
8.4 7.355192e+03 7.318193e+03 7.301050e+03 7.338049e+03
9.4 7.348411e+03 7.308422e+03 7.301597e+03 7.341586e+03
10.4 7.285541e+03 7.297776e+03 7.301652e+03 7.289416e+03
11.4 7.274392e+03 7.292018e+03 7.301454e+03 7.283828e+03
12.4 7.264855e+03 7.292429e+03 7.301182e+03 7.273608e+03
13.4 7.265042e+03 7.295529e+03 7.300939e+03 7.270452e+03
14.4 7.272427e+03 7.305298e+03 7.300765e+03 7.267893e+03
15.4 7.285504e+03 7.314693e+03 7.300657e+03 7.271468e+03
16.4 7.317614e+03 7.311562e+03 7.300597e+03 7.306649e+03
17.4 7.316209e+03 7.307613e+03 7.300566e+03 7.309162e+03
18.4 7.312262e+03 7.315310e+03 7.300552e+03 7.297503e+03
19.4 7.306743e+03 7.314891e+03 7.300545e+03 7.292397e+03
20.4 7.318883e+03 7.305005e+03 7.300543e+03 7.314420e+03
21.4 7.323872e+03 7.294492e+03 7.300541e+03 7.329921e+03
