0.3 1.452209e+03 1.464295e+03 1.463373e+03 1.451288e+03
1.3 1.450151e+03 1.460543e+03 1.464361e+03 1.453969e+03
2.3 1.462365e+03 1.467545e+03 1.471841e+03 1.466661e+03
3.3 1.472572e+03 1.480397e+03 1.483929e+03 1.476104e+03
4.3 1.484750e+03 1.484664e+03 1.489085e+03 1.489172e+03
5.3 1.480154e+03 1.474108e+03 1.483194e+03 1.489239e+03
6.3 1.462061e+03 1.463971e+03 1.474072e+03 1.472163e+03
7.3 1.464496e+03 1.460000e+03 1.467191e+03 1.471687e+03
8.3 1.463601e+03 1.459293e+03 1.463252e+03 1.467560e+03
9.3 1.459735e+03 1.459589e+03 1.461428e+03 1.461574e+03
10.3 1.444326e+03 1.460253e+03 1.460969e+03 1.445041e+03
11.3 1.445466e+03 1.463754e+03 1.463985e+03 1.445698e+03
12.3 1.475841e+03 1.474276e+03 1.474415e+03 1.475979e+03
13.3 1.473519e+03 1.480802e+03 1.482503e+03 1.475219e+03
14.3 1.473120e+03 1.472915e+03 1.480129e+03 1.480334e+03
15.3 1.468558e+03 1.465997e+03 1.475269e+03 1.477830e+03
16.3 1.478268e+03 1.470344e+03 1.477398e+03 1.485322e+03
17.3 1.492425e+03 1.472394e+03 1.477978e+03 1.498008e+03
18.3 1.475252e+03 1.467599e+03 1.473017e+03 1.480670e+03
19.3 1.477695e+03 1.464454e+03 1.467348e+03 1.480589e+03
20.3 1.457349e+03 1.469522e+03 1.463710e+03 1.451537e+03
21.3 1.473137e+03 1.478927e+03 1.461996e+03 1.456206e+03
0.7 1.444326e+03 1.460253e+03 1.460969e+03 1.445041e+03
1.7 1.445466e+03 1.463754e+03 1.463985e+03 1.445698e+03
2.7 1.475841e+03 1.474276e+03 1.474415e+03 1.475979e+03
3.7 1.473519e+03 1.480802e+03 1.482503e+03 1.475219e+03
4.7 1.473120e+03 1.472915e+03 1.480129e+03 1.480334e+03
5.7 1.468558e+03 1.465997e+03 1.475269e+03 1.477830e+03
6.7 1.478268e+03 1.470344e+03 1.477398e+03 1.485322e+03
7.7 1.492425e+03 1.472394e+03 1.477978e+03 1.498008e+03
8.7 1.475252e+03 1.467599e+03 1.473017e+03 1.480670e+03
9.7 1.477695e+03 1.464454e+03 1.467348e+03 1.480589e+03
10.7 1.457349e+03 1.469522e+03 1.463710e+03 1.451537e+03
11.7 1.473137e+03 1.478927e+03 1.461996e+03 1.456206e+03
12.7 1.475778e+03 1.481158e+03 1.461452e+03 1.456072e+03
13.7 1.464661e+03 1.473608e+03 1.461534e+03 1.452587e+03
14.7 1.463298e+03 1.465753e+03 1.461905e+03 1.459451e+03
15.7 1.472454e+03 1.461324e+03 1.462347e+03 1.473477e+03
16.7 1.468457e+03 1.457411e+03 1.462730e+03 1.473775e+03
17.7 1.461326e+03 1.452006e+03 1.463006e+03 1.472326e+03
18.7 1.456960e+03 1.451629e+03 1.463181e+03 1.468511e+03
19.7 1.462448e+03 1.455476e+03 1.463279e+03 1.470252e+03
20.7 1.473677e+03 1.462382e+03 1.463330e+03 1.474625e+03
21.7 1.465265e+03 1.470627e+03 1.463355e+03 1.457993e+03
0.5 1.473120e+03 1.472915e+03 1.480129e+03 1.480334e+03
1.5 1.468558e+03 1.465997e+03 1.475269e+03 1.477830e+03
2.5 1.478268e+03 1.470344e+03 1.477398e+03 1.485322e+03
3.5 1.492425e+03 1.472394e+03 1.477978e+03 1.498008e+03
4.5 1.475252e+03 1.467599e+03 1.473017e+03 1.480670e+03
5.5 1.477695e+03 1.464454e+03 1.467348e+03 1.480589e+03
6.5 1.457349e+03 1.469522e+03 1.463710e+03 1.451537e+03
7.5 1.473137e+03 1.478927e+03 1.461996e+03 1.456206e+03
8.5 1.475778e+03 1.481158e+03 1.461452e+03 1.456072e+03
9.5 1.464661e+03 1.473608e+03 1.461534e+03 1.452587e+03
10.5 1.463298e+03 1.465753e+03 1.461905e+03 1.459451e+03
11.5 1.472454e+03 1.461324e+03 1.462347e+03 1.473477e+03
12.5 1.468457e+03 1.457411e+03 1.462730e+03 1.473775e+03
13.5 1.461326e+03 1.452006e+03 1.463006e+03 1.472326e+03
14.5 1.456960e+03 1.451629e+03 1.463181e+03 1.468511e+03
15.5 1.462448e+03 1.455476e+03 1.463279e+03 1.470252e+03
16.5 1.473677e+03 1.462382e+03 1.463330e+03 1.474625e+03
17.5 1.465265e+03 1.470627e+03 1.463355e+03 1.457993e+03
18.5 1.467261e+03 1.474375e+03 1.463366e+03 1.456252e+03
19.5 1.466531e+03 1.470250e+03 1.463370e+03 1.459652e+03
20.5 1.441471e+03 1.465140e+03 1.463372e+03 1.439703e+03
21.5 1.426348e+03 1.463641e+03 1.463373e+03 1.426080e+03
0.2 1.460484e+03 1.461548e+03 1.463373e+03 1.462309e+03
1.2 1.471680e+03 1.461590e+03 1.464101e+03 1.474191e+03
2.2 1.483067e+03 1.468429e+03 1.470897e+03 1.485535e+03
3.2 1.481696e+03 1.479076e+03 1.481360e+03 1.483980e+03
4.2 1.469087e+03 1.479565e+03 1.483168e+03 1.472690e+03
5.2 1.466723e+03 1.475222e+03 1.480238e+03 1.471739e+03
6.2 1.472997e+03 1.476915e+03 1.481481e+03 1.477563e+03
7.2 1.480556e+03 1.474223e+03 1.479214e+03 1.485547e+03
8.2 1.451019e+03 1.467285e+03 1.472653e+03 1.456387e+03
9.2 1.447215e+03 1.462522e+03 1.466645e+03 1.451338e+03
10.2 1.462180e+03 1.460616e+03 1.463086e+03 1.464650e+03
11.2 1.465770e+03 1.460271e+03 1.461526e+03 1.467024e+03
12.2 1.473934e+03 1.461991e+03 1.461147e+03 1.473090e+03
13.2 1.480823e+03 1.466124e+03 1.461377e+03 1.476076e+03
14.2 1.478640e+03 1.467393e+03 1.461854e+03 1.473101e+03
15.2 1.471756e+03 1.465348e+03 1.462351e+03 1.468759e+03
16.2 1.463203e+03 1.469891e+03 1.462753e+03 1.456065e+03
17.2 1.479549e+03 1.476806e+03 1.463029e+03 1.465772e+03
18.2 1.489017e+03 1.474418e+03 1.463196e+03 1.477795e+03
19.2 1.466090e+03 1.468233e+03 1.463289e+03 1.461146e+03
20.2 1.464006e+03 1.467586e+03 1.463335e+03 1.459755e+03
21.2 1.486687e+03 1.470411e+03 1.463357e+03 1.479634e+03
0.8 1.469087e+03 1.479565e+03 1.483168e+03 1.472690e+03
1.8 1.466723e+03 1.475222e+03 1.480238e+03 1.471739e+03
2.8 1.472997e+03 1.476915e+03 1.481481e+03 1.477563e+03
3.8 1.480556e+03 1.474223e+03 1.479214e+03 1.485547e+03
4.8 1.451019e+03 1.467285e+03 1.472653e+03 1.456387e+03
5.8 1.447215e+03 1.462522e+03 1.466645e+03 1.451338e+03
6.8 1.462180e+03 1.460616e+03 1.463086e+03 1.464650e+03
7.8 1.465770e+03 1.460271e+03 1.461526e+03 1.467024e+03
8.8 1.473934e+03 1.461991e+03 1.461147e+03 1.473090e+03
9.8 1.480823e+03 1.466124e+03 1.461377e+03 1.476076e+03
10.8 1.478640e+03 1.467393e+03 1.461854e+03 1.473101e+03
11.8 1.471756e+03 1.465348e+03 1.462351e+03 1.468759e+03
12.8 1.463203e+03 1.469891e+03 1.462753e+03 1.456065e+03
13.8 1.479549e+03 1.476806e+03 1.463029e+03 1.465772e+03
14.8 1.489017e+03 1.474418e+03 1.463196e+03 1.477795e+03
15.8 1.466090e+03 1.468233e+03 1.463289e+03 1.461146e+03
16.8 1.464006e+03 1.467586e+03 1.463335e+03 1.459755e+03
17.8 1.486687e+03 1.470411e+03 1.463357e+03 1.479634e+03
18.8 1.486732e+03 1.468291e+03 1.463367e+03 1.481808e+03
19.8 1.473877e+03 1.466933e+03 1.463371e+03 1.470315e+03
20.8 1.486401e+03 1.473738e+03 1.463372e+03 1.476035e+03
21.8 1.488993e+03 1.481103e+03 1.463373e+03 1.471263e+03
0.5 1.467801e+03 1.458151e+03 1.463386e+03 1.473036e+03
1.5 1.477389e+03 1.461537e+03 1.465492e+03 1.481344e+03
2.5 1.488500e+03 1.472458e+03 1.474867e+03 1.490909e+03
3.5 1.486627e+03 1.485013e+03 1.486401e+03 1.488015e+03
4.5 1.476442e+03 1.486337e+03 1.488389e+03 1.478494e+03
5.5 1.459760e+03 1.476927e+03 1.480830e+03 1.463663e+03
6.5 1.453401e+03 1.468209e+03 1.472004e+03 1.457196e+03
7.5 1.468181e+03 1.465258e+03 1.465924e+03 1.468847e+03
8.5 1.482155e+03 1.467130e+03 1.462617e+03 1.477642e+03
9.5 1.467721e+03 1.468684e+03 1.461200e+03 1.460237e+03
10.5 1.467513e+03 1.465291e+03 1.460946e+03 1.463168e+03
11.5 1.464173e+03 1.461280e+03 1.461310e+03 1.464203e+03
12.5 1.450295e+03 1.459376e+03 1.461887e+03 1.452806e+03
13.5 1.439405e+03 1.457438e+03 1.462429e+03 1.444396e+03
14.5 1.448643e+03 1.456952e+03 1.462831e+03 1.454522e+03
15.5 1.441568e+03 1.458940e+03 1.463606e+03 1.446234e+03
16.5 1.440985e+03 1.466885e+03 1.469869e+03 1.443969e+03
17.5 1.461221e+03 1.478819e+03 1.480617e+03 1.463019e+03
18.5 1.469983e+03 1.480756e+03 1.483343e+03 1.472570e+03
19.5 1.479981e+03 1.473360e+03 1.477501e+03 1.484122e+03
20.5 1.467766e+03 1.467092e+03 1.470444e+03 1.471118e+03
21.5 1.467466e+03 1.466793e+03 1.465583e+03 1.466255e+03
0.1 1.448643e+03 1.456952e+03 1.462831e+03 1.454522e+03
1.1 1.441568e+03 1.458940e+03 1.463606e+03 1.446234e+03
2.1 1.440985e+03 1.466885e+03 1.469869e+03 1.443969e+03
3.1 1.461221e+03 1.478819e+03 1.480617e+03 1.463019e+03
4.1 1.469983e+03 1.480756e+03 1.483343e+03 1.472570e+03
5.1 1.479981e+03 1.473360e+03 1.477501e+03 1.484122e+03
6.1 1.467766e+03 1.467092e+03 1.470444e+03 1.471118e+03
7.1 1.467466e+03 1.466793e+03 1.465583e+03 1.466255e+03
8.1 1.459074e+03 1.465740e+03 1.462919e+03 1.456253e+03
9.1 1.454168e+03 1.459056e+03 1.461744e+03 1.456856e+03
10.1 1.424043e+03 1.455860e+03 1.461496e+03 1.429679e+03
11.1 1.453587e+03 1.457875e+03 1.461755e+03 1.457466e+03
12.1 1.442108e+03 1.463750e+03 1.462199e+03 1.440556e+03
13.1 1.465598e+03 1.466198e+03 1.462623e+03 1.462023e+03
14.1 1.473407e+03 1.463826e+03 1.462942e+03 1.472522e+03
15.1 1.448153e+03 1.462050e+03 1.463146e+03 1.449248e+03
16.1 1.439335e+03 1.461740e+03 1.463262e+03 1.440857e+03
17.1 1.430751e+03 1.461886e+03 1.463322e+03 1.432187e+03
18.1 1.455516e+03 1.462035e+03 1.463351e+03 1.456833e+03
19.1 1.449277e+03 1.462129e+03 1.463364e+03 1.450513e+03
20.1 1.455853e+03 1.461967e+03 1.463370e+03 1.457255e+03
21.1 1.421059e+03 1.461368e+03 1.463372e+03 1.423063e+03
0.1 1.431940e+03 1.468687e+03 1.463373e+03 1.426626e+03
1.1 1.433567e+03 1.464104e+03 1.463833e+03 1.433295e+03
2.1 1.451683e+03 1.464692e+03 1.469490e+03 1.456482e+03
3.1 1.478979e+03 1.470189e+03 1.476739e+03 1.485529e+03
4.1 1.486318e+03 1.466019e+03 1.476342e+03 1.496640e+03
5.1 1.475808e+03 1.460871e+03 1.471731e+03 1.486667e+03
6.1 1.450351e+03 1.464518e+03 1.472131e+03 1.457964e+03
7.1 1.473074e+03 1.472839e+03 1.477275e+03 1.477511e+03
8.1 1.484334e+03 1.472255e+03 1.476460e+03 1.488539e+03
9.1 1.447951e+03 1.468669e+03 1.471139e+03 1.450422e+03
10.1 1.446846e+03 1.472755e+03 1.466314e+03 1.440405e+03
11.1 1.461697e+03 1.480858e+03 1.463469e+03 1.444307e+03
12.1 1.477490e+03 1.481083e+03 1.462149e+03 1.458557e+03
13.1 1.496871e+03 1.472651e+03 1.461739e+03 1.485959e+03
14.1 1.436242e+03 1.464949e+03 1.461838e+03 1.433132e+03
15.1 1.449353e+03 1.460817e+03 1.462174e+03 1.450709e+03
16.1 1.446916e+03 1.456736e+03 1.462554e+03 1.452734e+03
17.1 1.445198e+03 1.451633e+03 1.462873e+03 1.456438e+03
18.1 1.445866e+03 1.451907e+03 1.463095e+03 1.457054e+03
19.1 1.483200e+03 1.457365e+03 1.463230e+03 1.489065e+03
20.1 1.492075e+03 1.464605e+03 1.463305e+03 1.490775e+03
21.1 1.480583e+03 1.467005e+03 1.463343e+03 1.476921e+03
1.0 1.475808e+03 1.460871e+03 1.471731e+03 1.486667e+03
2.0 1.450351e+03 1.464518e+03 1.472131e+03 1.457964e+03
3.0 1.473074e+03 1.472839e+03 1.477275e+03 1.477511e+03
4.0 1.484334e+03 1.472255e+03 1.476460e+03 1.488539e+03
5.0 1.447951e+03 1.468669e+03 1.471139e+03 1.450422e+03
6.0 1.446846e+03 1.472755e+03 1.466314e+03 1.440405e+03
7.0 1.461697e+03 1.480858e+03 1.463469e+03 1.444307e+03
8.0 1.477490e+03 1.481083e+03 1.462149e+03 1.458557e+03
9.0 1.496871e+03 1.472651e+03 1.461739e+03 1.485959e+03
10.0 1.436242e+03 1.464949e+03 1.461838e+03 1.433132e+03
11.0 1.449353e+03 1.460817e+03 1.462174e+03 1.450709e+03
12.0 1.446916e+03 1.456736e+03 1.462554e+03 1.452734e+03
13.0 1.445198e+03 1.451633e+03 1.462873e+03 1.456438e+03
14.0 1.445866e+03 1.451907e+03 1.463095e+03 1.457054e+03
15.0 1.483200e+03 1.457365e+03 1.463230e+03 1.489065e+03
16.0 1.492075e+03 1.464605e+03 1.463305e+03 1.490775e+03
17.0 1.480583e+03 1.467005e+03 1.463343e+03 1.476921e+03
18.0 1.471275e+03 1.464379e+03 1.463360e+03 1.470256e+03
19.0 1.473045e+03 1.462668e+03 1.463368e+03 1.473744e+03
20.0 1.465969e+03 1.464590e+03 1.463371e+03 1.464751e+03
21.0 1.482543e+03 1.468222e+03 1.463373e+03 1.477694e+03
22.0 1.499555e+03 1.467348e+03 1.463373e+03 1.495580e+03
0.4 1.470350e+03 1.480854e+03 1.463375e+03 1.452870e+03
1.4 1.459138e+03 1.471457e+03 1.464678e+03 1.452358e+03
2.4 1.491574e+03 1.471124e+03 1.472789e+03 1.493239e+03
3.4 1.474459e+03 1.478210e+03 1.482661e+03 1.478910e+03
4.4 1.482094e+03 1.476393e+03 1.482733e+03 1.488434e+03
5.4 1.461206e+03 1.468562e+03 1.475899e+03 1.468543e+03
6.4 1.416641e+03 1.462511e+03 1.469139e+03 1.423270e+03
7.4 1.454680e+03 1.458060e+03 1.464794e+03 1.461413e+03
8.4 1.459226e+03 1.456374e+03 1.462513e+03 1.465365e+03
9.4 1.466115e+03 1.457395e+03 1.461590e+03 1.470311e+03
10.4 1.465823e+03 1.459192e+03 1.461497e+03 1.468128e+03
11.4 1.481239e+03 1.460570e+03 1.461831e+03 1.482500e+03
12.4 1.473182e+03 1.461163e+03 1.462291e+03 1.474310e+03
13.4 1.471829e+03 1.461257e+03 1.462700e+03 1.473272e+03
14.4 1.450246e+03 1.459988e+03 1.462995e+03 1.453253e+03
15.4 1.454310e+03 1.459625e+03 1.463177e+03 1.457863e+03
16.4 1.435772e+03 1.463701e+03 1.463279e+03 1.435350e+03
17.4 1.446682e+03 1.465884e+03 1.463331e+03 1.444129e+03
18.4 1.468017e+03 1.460576e+03 1.463355e+03 1.470797e+03
19.4 1.477593e+03 1.457178e+03 1.463366e+03 1.483780e+03
20.4 1.471184e+03 1.458028e+03 1.463370e+03 1.476526e+03
21.4 1.467835e+03 1.461711e+03 1.463372e+03 1.469497e+03
