0.3 1.570179e+03 1.555189e+03 1.555520e+03 1.570510e+03
1.3 1.564342e+03 1.555352e+03 1.555684e+03 1.564673e+03
2.3 1.565437e+03 1.556580e+03 1.556916e+03 1.565772e+03
3.3 1.559239e+03 1.557094e+03 1.558058e+03 1.560203e+03
4.3 1.574821e+03 1.555292e+03 1.557764e+03 1.577293e+03
5.3 1.543259e+03 1.553881e+03 1.556839e+03 1.546218e+03
6.3 1.542075e+03 1.553118e+03 1.556069e+03 1.545026e+03
7.3 1.553188e+03 1.550720e+03 1.555607e+03 1.558075e+03
8.3 1.567227e+03 1.549357e+03 1.555376e+03 1.573246e+03
9.3 1.555690e+03 1.550734e+03 1.555292e+03 1.560247e+03
10.3 1.567619e+03 1.552861e+03 1.555297e+03 1.570055e+03
11.3 1.565253e+03 1.556080e+03 1.555344e+03 1.564517e+03
12.3 1.560346e+03 1.563363e+03 1.555401e+03 1.552383e+03
13.3 1.583368e+03 1.570931e+03 1.555448e+03 1.567885e+03
14.3 1.566335e+03 1.570676e+03 1.555481e+03 1.551139e+03
15.3 1.575061e+03 1.564103e+03 1.555500e+03 1.566458e+03
16.3 1.563525e+03 1.558820e+03 1.555511e+03 1.560216e+03
17.3 1.566920e+03 1.559903e+03 1.555516e+03 1.562533e+03
18.3 1.592992e+03 1.565482e+03 1.555518e+03 1.583028e+03
19.3 1.567190e+03 1.565700e+03 1.555519e+03 1.557009e+03
20.3 1.553558e+03 1.560626e+03 1.555520e+03 1.548452e+03
0.2 1.555610e+03 1.550878e+03 1.555520e+03 1.560252e+03
1.2 1.549029e+03 1.552583e+03 1.555653e+03 1.552099e+03
2.2 1.551967e+03 1.555265e+03 1.556897e+03 1.553599e+03
3.2 1.546975e+03 1.558394e+03 1.559106e+03 1.547686e+03
4.2 1.562482e+03 1.559247e+03 1.560233e+03 1.563468e+03
5.2 1.540367e+03 1.555491e+03 1.559283e+03 1.544159e+03
6.2 1.542230e+03 1.552694e+03 1.557610e+03 1.547146e+03
7.2 1.535162e+03 1.552902e+03 1.556304e+03 1.538563e+03
8.2 1.562268e+03 1.554637e+03 1.555542e+03 1.563174e+03
9.2 1.560666e+03 1.556233e+03 1.555182e+03 1.559615e+03
10.2 1.562126e+03 1.555722e+03 1.555075e+03 1.561480e+03
11.2 1.548217e+03 1.554081e+03 1.555112e+03 1.549249e+03
12.2 1.554103e+03 1.553706e+03 1.555213e+03 1.555609e+03
13.2 1.550584e+03 1.554538e+03 1.555675e+03 1.551721e+03
14.2 1.561068e+03 1.556705e+03 1.557418e+03 1.561782e+03
15.2 1.557645e+03 1.558100e+03 1.559071e+03 1.558617e+03
16.2 1.553168e+03 1.555181e+03 1.558898e+03 1.556885e+03
17.2 1.568277e+03 1.553508e+03 1.558654e+03 1.573423e+03
18.2 1.560152e+03 1.555696e+03 1.559674e+03 1.564130e+03
19.2 1.561444e+03 1.557681e+03 1.560378e+03 1.564141e+03
20.2 1.564445e+03 1.554999e+03 1.559305e+03 1.568751e+03
0.5 1.554103e+03 1.553706e+03 1.555213e+03 1.555609e+03
1.5 1.550584e+03 1.554538e+03 1.555675e+03 1.551721e+03
2.5 1.561068e+03 1.556705e+03 1.557418e+03 1.561782e+03
3.5 1.557645e+03 1.558100e+03 1.559071e+03 1.558617e+03
4.5 1.553168e+03 1.555181e+03 1.558898e+03 1.556885e+03
5.5 1.568277e+03 1.553508e+03 1.558654e+03 1.573423e+03
6.5 1.560152e+03 1.555696e+03 1.559674e+03 1.564130e+03
7.5 1.561444e+03 1.557681e+03 1.560378e+03 1.564141e+03
8.5 1.564445e+03 1.554999e+03 1.559305e+03 1.568751e+03
9.5 1.561732e+03 1.552302e+03 1.557508e+03 1.566938e+03
10.5 1.550847e+03 1.552335e+03 1.556123e+03 1.554636e+03
11.5 1.569241e+03 1.553678e+03 1.555357e+03 1.570920e+03
12.5 1.564283e+03 1.556917e+03 1.555033e+03 1.562398e+03
13.5 1.572819e+03 1.560912e+03 1.554968e+03 1.566875e+03
14.5 1.557768e+03 1.559560e+03 1.555040e+03 1.553248e+03
15.5 1.565669e+03 1.556327e+03 1.555164e+03 1.564507e+03
16.5 1.559714e+03 1.557045e+03 1.555287e+03 1.557956e+03
17.5 1.563940e+03 1.555451e+03 1.555382e+03 1.563870e+03
18.5 1.566100e+03 1.552543e+03 1.555445e+03 1.569003e+03
19.5 1.544306e+03 1.552088e+03 1.555482e+03 1.547700e+03
20.5 1.545992e+03 1.553067e+03 1.555502e+03 1.548427e+03
0.1 1.557645e+03 1.558100e+03 1.559071e+03 1.558617e+03
1.1 1.553168e+03 1.555181e+03 1.558898e+03 1.556885e+03
2.1 1.568277e+03 1.553508e+03 1.558654e+03 1.573423e+03
3.1 1.560152e+03 1.555696e+03 1.559674e+03 1.564130e+03
4.1 1.561444e+03 1.557681e+03 1.560378e+03 1.564141e+03
5.1 1.564445e+03 1.554999e+03 1.559305e+03 1.568751e+03
6.1 1.561732e+03 1.552302e+03 1.557508e+03 1.566938e+03
7.1 1.550847e+03 1.552335e+03 1.556123e+03 1.554636e+03
8.1 1.569241e+03 1.553678e+03 1.555357e+03 1.570920e+03
9.1 1.564283e+03 1.556917e+03 1.555033e+03 1.562398e+03
10.1 1.572819e+03 1.560912e+03 1.554968e+03 1.566875e+03
11.1 1.557768e+03 1.559560e+03 1.555040e+03 1.553248e+03
12.1 1.565669e+03 1.556327e+03 1.555164e+03 1.564507e+03
13.1 1.559714e+03 1.557045e+03 1.555287e+03 1.557956e+03
14.1 1.563940e+03 1.555451e+03 1.555382e+03 1.563870e+03
15.1 1.566100e+03 1.552543e+03 1.555445e+03 1.569003e+03
16.1 1.544306e+03 1.552088e+03 1.555482e+03 1.547700e+03
17.1 1.545992e+03 1.553067e+03 1.555502e+03 1.548427e+03
18.1 1.560298e+03 1.554093e+03 1.555512e+03 1.561716e+03
19.1 1.566580e+03 1.555110e+03 1.555517e+03 1.566986e+03
20.1 1.558562e+03 1.556330e+03 1.555519e+03 1.557751e+03
0.3 1.573503e+03 1.562763e+03 1.555520e+03 1.566260e+03
1.3 1.566211e+03 1.557619e+03 1.555719e+03 1.564311e+03
2.3 1.564091e+03 1.556312e+03 1.557123e+03 1.564902e+03
3.3 1.571271e+03 1.557272e+03 1.558953e+03 1.572952e+03
4.3 1.564192e+03 1.554925e+03 1.559044e+03 1.568311e+03
5.3 1.569461e+03 1.554478e+03 1.557831e+03 1.572814e+03
6.3 1.566204e+03 1.561488e+03 1.556599e+03 1.561315e+03
7.3 1.557494e+03 1.568738e+03 1.555799e+03 1.544555e+03
8.3 1.553863e+03 1.566279e+03 1.555376e+03 1.542960e+03
9.3 1.548916e+03 1.559216e+03 1.555202e+03 1.544902e+03
10.3 1.542635e+03 1.555024e+03 1.555181e+03 1.542792e+03
11.3 1.556680e+03 1.553265e+03 1.555239e+03 1.558655e+03
12.3 1.562624e+03 1.551178e+03 1.555322e+03 1.566768e+03
13.3 1.564870e+03 1.548619e+03 1.555396e+03 1.571647e+03
14.3 1.550107e+03 1.549600e+03 1.555450e+03 1.555957e+03
15.3 1.562617e+03 1.556413e+03 1.555484e+03 1.561688e+03
16.3 1.558557e+03 1.565108e+03 1.555503e+03 1.548951e+03
17.3 1.574508e+03 1.566138e+03 1.555512e+03 1.563882e+03
18.3 1.588598e+03 1.561541e+03 1.555517e+03 1.582574e+03
19.3 1.552041e+03 1.557638e+03 1.555519e+03 1.549922e+03
20.3 1.539672e+03 1.555573e+03 1.555519e+03 1.539618e+03
0.3 1.559448e+03 1.555947e+03 1.555520e+03 1.559021e+03
1.3 1.560608e+03 1.554021e+03 1.555701e+03 1.562287e+03
2.3 1.539260e+03 1.555240e+03 1.556962e+03 1.540982e+03
3.3 1.543445e+03 1.556132e+03 1.558069e+03 1.545382e+03
4.3 1.541138e+03 1.554696e+03 1.557741e+03 1.544184e+03
5.3 1.537659e+03 1.553833e+03 1.556814e+03 1.540641e+03
6.3 1.545709e+03 1.554406e+03 1.556384e+03 1.547687e+03
7.3 1.556542e+03 1.556273e+03 1.557355e+03 1.557624e+03
8.3 1.557924e+03 1.555565e+03 1.557959e+03 1.560318e+03
9.3 1.548553e+03 1.552539e+03 1.557339e+03 1.553353e+03
10.3 1.532724e+03 1.551847e+03 1.556414e+03 1.537292e+03
11.3 1.536966e+03 1.552909e+03 1.555764e+03 1.539821e+03
12.3 1.566066e+03 1.554065e+03 1.555420e+03 1.567421e+03
13.3 1.538790e+03 1.554813e+03 1.555275e+03 1.539252e+03
14.3 1.554513e+03 1.555179e+03 1.555248e+03 1.554582e+03
15.3 1.532839e+03 1.554975e+03 1.555286e+03 1.533150e+03
16.3 1.524862e+03 1.554356e+03 1.555348e+03 1.525854e+03
17.3 1.535257e+03 1.553054e+03 1.555409e+03 1.537612e+03
18.3 1.548453e+03 1.552222e+03 1.555455e+03 1.551686e+03
19.3 1.548108e+03 1.553322e+03 1.555485e+03 1.550271e+03
20.3 1.539987e+03 1.555379e+03 1.555503e+03 1.540111e+03
0.5 1.537659e+03 1.553833e+03 1.556814e+03 1.540641e+03
1.5 1.545709e+03 1.554406e+03 1.556384e+03 1.547687e+03
2.5 1.556542e+03 1.556273e+03 1.557355e+03 1.557624e+03
3.5 1.557924e+03 1.555565e+03 1.557959e+03 1.560318e+03
4.5 1.548553e+03 1.552539e+03 1.557339e+03 1.553353e+03
5.5 1.532724e+03 1.551847e+03 1.556414e+03 1.537292e+03
6.5 1.536966e+03 1.552909e+03 1.555764e+03 1.539821e+03
7.5 1.566066e+03 1.554065e+03 1.555420e+03 1.567421e+03
8.5 1.538790e+03 1.554813e+03 1.555275e+03 1.539252e+03
9.5 1.554513e+03 1.555179e+03 1.555248e+03 1.554582e+03
10.5 1.532839e+03 1.554975e+03 1.555286e+03 1.533150e+03
11.5 1.524862e+03 1.554356e+03 1.555348e+03 1.525854e+03
12.5 1.535257e+03 1.553054e+03 1.555409e+03 1.537612e+03
13.5 1.548453e+03 1.552222e+03 1.555455e+03 1.551686e+03
14.5 1.548108e+03 1.553322e+03 1.555485e+03 1.550271e+03
15.5 1.539987e+03 1.555379e+03 1.555503e+03 1.540111e+03
16.5 1.542243e+03 1.556538e+03 1.555512e+03 1.541217e+03
17.5 1.544605e+03 1.555372e+03 1.555517e+03 1.544750e+03
18.5 1.554605e+03 1.556030e+03 1.555519e+03 1.554094e+03
19.5 1.555751e+03 1.558125e+03 1.555519e+03 1.553145e+03
20.5 1.563710e+03 1.556979e+03 1.555520e+03 1.562250e+03
0.6 1.555092e+03 1.554045e+03 1.555524e+03 1.556571e+03
1.6 1.561853e+03 1.554810e+03 1.555967e+03 1.563009e+03
2.6 1.562171e+03 1.556557e+03 1.557444e+03 1.563058e+03
3.6 1.566665e+03 1.556352e+03 1.558102e+03 1.568414e+03
4.6 1.542733e+03 1.554629e+03 1.557463e+03 1.545567e+03
5.6 1.548867e+03 1.554141e+03 1.556540e+03 1.551267e+03
6.6 1.567511e+03 1.555100e+03 1.555878e+03 1.568289e+03
7.6 1.561316e+03 1.555781e+03 1.555507e+03 1.561042e+03
8.6 1.557533e+03 1.553151e+03 1.555334e+03 1.559716e+03
9.6 1.537856e+03 1.551087e+03 1.555286e+03 1.542055e+03
10.6 1.542960e+03 1.551726e+03 1.555310e+03 1.546544e+03
11.6 1.549081e+03 1.553235e+03 1.555364e+03 1.551211e+03
12.6 1.547086e+03 1.554395e+03 1.555419e+03 1.548109e+03
13.6 1.562583e+03 1.555070e+03 1.555461e+03 1.562974e+03
14.6 1.554850e+03 1.555575e+03 1.555489e+03 1.554763e+03
15.6 1.560569e+03 1.556248e+03 1.555504e+03 1.559825e+03
16.6 1.554805e+03 1.554508e+03 1.555513e+03 1.555810e+03
17.6 1.545811e+03 1.551603e+03 1.555517e+03 1.549725e+03
18.6 1.550605e+03 1.551402e+03 1.555519e+03 1.554722e+03
19.6 1.544683e+03 1.552853e+03 1.555594e+03 1.547424e+03
20.6 1.548263e+03 1.555163e+03 1.556599e+03 1.549698e+03
0.1 1.550605e+03 1.551402e+03 1.555519e+03 1.554722e+03
1.1 1.544683e+03 1.552853e+03 1.555594e+03 1.547424e+03
2.1 1.548263e+03 1.555163e+03 1.556599e+03 1.549698e+03
3.1 1.548589e+03 1.556680e+03 1.557989e+03 1.549898e+03
4.1 1.553828e+03 1.554129e+03 1.557978e+03 1.557677e+03
5.1 1.532540e+03 1.552165e+03 1.557078e+03 1.537454e+03
6.1 1.550617e+03 1.552360e+03 1.556225e+03 1.554482e+03
7.1 1.543800e+03 1.552864e+03 1.555688e+03 1.546624e+03
8.1 1.537000e+03 1.552933e+03 1.555408e+03 1.539475e+03
9.1 1.550154e+03 1.550945e+03 1.555295e+03 1.554504e+03
10.1 1.528060e+03 1.549783e+03 1.555380e+03 1.533656e+03
11.1 1.532107e+03 1.552230e+03 1.556499e+03 1.536376e+03
12.1 1.552124e+03 1.555217e+03 1.557896e+03 1.554803e+03
13.1 1.549468e+03 1.555079e+03 1.557856e+03 1.552245e+03
14.1 1.541423e+03 1.554416e+03 1.556976e+03 1.543983e+03
15.1 1.544731e+03 1.554601e+03 1.556162e+03 1.546292e+03
16.1 1.533749e+03 1.555023e+03 1.555655e+03 1.534381e+03
17.1 1.545772e+03 1.555276e+03 1.555393e+03 1.545889e+03
18.1 1.543507e+03 1.555367e+03 1.555290e+03 1.543431e+03
19.1 1.524045e+03 1.555381e+03 1.555286e+03 1.523950e+03
0.1 1.550154e+03 1.550945e+03 1.555295e+03 1.554504e+03
1.1 1.528060e+03 1.549783e+03 1.555380e+03 1.533656e+03
2.1 1.532107e+03 1.552230e+03 1.556499e+03 1.536376e+03
3.1 1.552124e+03 1.555217e+03 1.557896e+03 1.554803e+03
4.1 1.549468e+03 1.555079e+03 1.557856e+03 1.552245e+03
5.1 1.541423e+03 1.554416e+03 1.556976e+03 1.543983e+03
6.1 1.544731e+03 1.554601e+03 1.556162e+03 1.546292e+03
7.1 1.533749e+03 1.555023e+03 1.555655e+03 1.534381e+03
8.1 1.545772e+03 1.555276e+03 1.555393e+03 1.545889e+03
9.1 1.543507e+03 1.555367e+03 1.555290e+03 1.543431e+03
10.1 1.524045e+03 1.555381e+03 1.555286e+03 1.523950e+03
