0.5 6.527390e+03 6.511934e+03 6.505985e+03 6.521441e+03
1.5 6.538442e+03 6.518750e+03 6.503555e+03 6.523247e+03
2.5 6.525362e+03 6.510471e+03 6.497754e+03 6.512646e+03
3.5 6.546674e+03 6.498744e+03 6.496728e+03 6.544658e+03
4.5 6.522558e+03 6.488020e+03 6.499762e+03 6.534300e+03
5.5 6.541757e+03 6.480178e+03 6.503012e+03 6.564591e+03
6.5 6.550334e+03 6.479826e+03 6.505134e+03 6.575642e+03
7.5 6.505497e+03 6.486331e+03 6.506271e+03 6.525438e+03
8.5 6.484556e+03 6.493564e+03 6.506764e+03 6.497756e+03
9.5 6.516571e+03 6.502392e+03 6.506853e+03 6.521032e+03
10.5 6.494704e+03 6.519929e+03 6.506723e+03 6.481498e+03
11.5 6.511149e+03 6.537601e+03 6.506406e+03 6.479954e+03
12.5 6.547447e+03 6.535491e+03 6.502525e+03 6.514481e+03
13.5 6.539332e+03 6.518056e+03 6.497150e+03 6.518426e+03
14.5 6.547613e+03 6.505800e+03 6.497325e+03 6.539138e+03
15.5 6.580622e+03 6.509519e+03 6.500622e+03 6.571725e+03
16.5 6.588435e+03 6.523466e+03 6.503462e+03 6.568431e+03
17.5 6.547883e+03 6.523063e+03 6.501313e+03 6.526133e+03
18.5 6.510792e+03 6.509695e+03 6.497254e+03 6.498351e+03
19.5 6.451085e+03 6.501883e+03 6.498194e+03 6.447397e+03
20.5 6.518042e+03 6.509282e+03 6.501611e+03 6.510371e+03
0.8 6.511149e+03 6.537601e+03 6.506406e+03 6.479954e+03
1.8 6.547447e+03 6.535491e+03 6.502525e+03 6.514481e+03
2.8 6.539332e+03 6.518056e+03 6.497150e+03 6.518426e+03
3.8 6.547613e+03 6.505800e+03 6.497325e+03 6.539138e+03
4.8 6.580622e+03 6.509519e+03 6.500622e+03 6.571725e+03
5.8 6.588435e+03 6.523466e+03 6.503462e+03 6.568431e+03
6.8 6.547883e+03 6.523063e+03 6.501313e+03 6.526133e+03
7.8 6.510792e+03 6.509695e+03 6.497254e+03 6.498351e+03
8.8 6.451085e+03 6.501883e+03 6.498194e+03 6.447397e+03
9.8 6.518042e+03 6.509282e+03 6.501611e+03 6.510371e+03
10.8 6.499862e+03 6.525779e+03 6.504413e+03 6.478496e+03
11.8 6.492168e+03 6.531553e+03 6.504155e+03 6.464770e+03
12.8 6.493316e+03 6.518174e+03 6.499023e+03 6.474164e+03
13.8 6.516007e+03 6.504524e+03 6.497537e+03 6.509020e+03
14.8 6.506020e+03 6.498398e+03 6.500263e+03 6.507886e+03
15.8 6.479106e+03 6.496711e+03 6.503398e+03 6.485792e+03
16.8 6.503503e+03 6.496686e+03 6.505423e+03 6.512240e+03
17.8 6.482748e+03 6.497403e+03 6.506466e+03 6.491811e+03
18.8 6.482552e+03 6.502229e+03 6.506889e+03 6.487213e+03
19.8 6.543049e+03 6.516967e+03 6.506935e+03 6.533018e+03
20.8 6.503011e+03 6.526587e+03 6.505190e+03 6.481614e+03
0.8 6.588435e+03 6.523466e+03 6.503462e+03 6.568431e+03
1.8 6.547883e+03 6.523063e+03 6.501313e+03 6.526133e+03
2.8 6.510792e+03 6.509695e+03 6.497254e+03 6.498351e+03
3.8 6.451085e+03 6.501883e+03 6.498194e+03 6.447397e+03
4.8 6.518042e+03 6.509282e+03 6.501611e+03 6.510371e+03
5.8 6.499862e+03 6.525779e+03 6.504413e+03 6.478496e+03
6.8 6.492168e+03 6.531553e+03 6.504155e+03 6.464770e+03
7.8 6.493316e+03 6.518174e+03 6.499023e+03 6.474164e+03
8.8 6.516007e+03 6.504524e+03 6.497537e+03 6.509020e+03
9.8 6.506020e+03 6.498398e+03 6.500263e+03 6.507886e+03
10.8 6.479106e+03 6.496711e+03 6.503398e+03 6.485792e+03
11.8 6.503503e+03 6.496686e+03 6.505423e+03 6.512240e+03
12.8 6.482748e+03 6.497403e+03 6.506466e+03 6.491811e+03
13.8 6.482552e+03 6.502229e+03 6.506889e+03 6.487213e+03
14.8 6.543049e+03 6.516967e+03 6.506935e+03 6.533018e+03
15.8 6.503011e+03 6.526587e+03 6.505190e+03 6.481614e+03
16.8 6.492857e+03 6.517206e+03 6.499113e+03 6.474764e+03
17.8 6.504346e+03 6.508142e+03 6.496845e+03 6.493049e+03
18.8 6.528613e+03 6.513450e+03 6.499348e+03 6.514512e+03
19.8 6.561078e+03 6.513057e+03 6.502632e+03 6.550653e+03
20.8 6.535635e+03 6.502757e+03 6.504901e+03 6.537779e+03
0.4 6.499862e+03 6.525779e+03 6.504413e+03 6.478496e+03
1.4 6.492168e+03 6.531553e+03 6.504155e+03 6.464770e+03
2.4 6.493316e+03 6.518174e+03 6.499023e+03 6.474164e+03
3.4 6.516007e+03 6.504524e+03 6.497537e+03 6.509020e+03
4.4 6.506020e+03 6.498398e+03 6.500263e+03 6.507886e+03
5.4 6.479106e+03 6.496711e+03 6.503398e+03 6.485792e+03
6.4 6.503503e+03 6.496686e+03 6.505423e+03 6.512240e+03
7.4 6.482748e+03 6.497403e+03 6.506466e+03 6.491811e+03
8.4 6.482552e+03 6.502229e+03 6.506889e+03 6.487213e+03
9.4 6.543049e+03 6.516967e+03 6.506935e+03 6.533018e+03
10.4 6.503011e+03 6.526587e+03 6.505190e+03 6.481614e+03
11.4 6.492857e+03 6.517206e+03 6.499113e+03 6.474764e+03
12.4 6.504346e+03 6.508142e+03 6.496845e+03 6.493049e+03
13.4 6.528613e+03 6.513450e+03 6.499348e+03 6.514512e+03
14.4 6.561078e+03 6.513057e+03 6.502632e+03 6.550653e+03
15.4 6.535635e+03 6.502757e+03 6.504901e+03 6.537779e+03
16.4 6.511429e+03 6.498822e+03 6.506153e+03 6.518760e+03
17.4 6.500417e+03 6.510578e+03 6.506724e+03 6.496563e+03
18.4 6.489093e+03 6.529469e+03 6.506862e+03 6.466486e+03
19.4 6.507701e+03 6.533513e+03 6.506756e+03 6.480944e+03
20.4 6.514431e+03 6.516760e+03 6.506554e+03 6.504226e+03
0.4 6.543049e+03 6.516967e+03 6.506935e+03 6.533018e+03
1.4 6.503011e+03 6.526587e+03 6.505190e+03 6.481614e+03
2.4 6.492857e+03 6.517206e+03 6.499113e+03 6.474764e+03
3.4 6.504346e+03 6.508142e+03 6.496845e+03 6.493049e+03
4.4 6.528613e+03 6.513450e+03 6.499348e+03 6.514512e+03
5.4 6.561078e+03 6.513057e+03 6.502632e+03 6.550653e+03
6.4 6.535635e+03 6.502757e+03 6.504901e+03 6.537779e+03
7.4 6.511429e+03 6.498822e+03 6.506153e+03 6.518760e+03
8.4 6.500417e+03 6.510578e+03 6.506724e+03 6.496563e+03
9.4 6.489093e+03 6.529469e+03 6.506862e+03 6.466486e+03
10.4 6.507701e+03 6.533513e+03 6.506756e+03 6.480944e+03
11.4 6.514431e+03 6.516760e+03 6.506554e+03 6.504226e+03
12.4 6.532212e+03 6.495942e+03 6.506356e+03 6.542626e+03
13.4 6.492037e+03 6.480174e+03 6.506190e+03 6.518053e+03
14.4 6.495416e+03 6.473082e+03 6.503663e+03 6.525996e+03
15.4 6.492350e+03 6.472871e+03 6.497807e+03 6.517287e+03
16.4 6.490388e+03 6.480034e+03 6.496753e+03 6.507106e+03
17.4 6.462476e+03 6.490535e+03 6.499772e+03 6.471713e+03
18.4 6.498532e+03 6.507801e+03 6.503017e+03 6.493747e+03
19.4 6.516780e+03 6.529822e+03 6.505136e+03 6.492094e+03
20.4 6.525688e+03 6.539151e+03 6.506272e+03 6.492809e+03
0.5 6.492037e+03 6.480174e+03 6.506190e+03 6.518053e+03
1.5 6.495416e+03 6.473082e+03 6.503663e+03 6.525996e+03
2.5 6.492350e+03 6.472871e+03 6.497807e+03 6.517287e+03
3.5 6.490388e+03 6.480034e+03 6.496753e+03 6.507106e+03
4.5 6.462476e+03 6.490535e+03 6.499772e+03 6.471713e+03
5.5 6.498532e+03 6.507801e+03 6.503017e+03 6.493747e+03
6.5 6.516780e+03 6.529822e+03 6.505136e+03 6.492094e+03
7.5 6.525688e+03 6.539151e+03 6.506272e+03 6.492809e+03
8.5 6.542419e+03 6.525354e+03 6.506764e+03 6.523829e+03
9.5 6.489260e+03 6.509033e+03 6.506853e+03 6.487081e+03
10.5 6.422066e+03 6.502355e+03 6.506723e+03 6.426435e+03
11.5 6.453967e+03 6.504690e+03 6.506518e+03 6.455794e+03
12.5 6.492006e+03 6.509240e+03 6.506166e+03 6.488932e+03
13.5 6.551957e+03 6.505613e+03 6.502023e+03 6.548367e+03
14.5 6.532522e+03 6.497240e+03 6.496918e+03 6.532200e+03
15.5 6.479967e+03 6.494383e+03 6.497427e+03 6.483012e+03
16.5 6.477826e+03 6.498523e+03 6.500796e+03 6.480100e+03
17.5 6.532598e+03 6.513850e+03 6.503748e+03 6.522496e+03
18.5 6.534765e+03 6.527047e+03 6.505547e+03 6.513264e+03
19.5 6.501029e+03 6.520001e+03 6.506467e+03 6.487495e+03
20.5 6.531050e+03 6.515198e+03 6.506823e+03 6.522674e+03
0.8 6.492006e+03 6.509240e+03 6.506166e+03 6.488932e+03
1.8 6.551957e+03 6.505613e+03 6.502023e+03 6.548367e+03
2.8 6.532522e+03 6.497240e+03 6.496918e+03 6.532200e+03
3.8 6.479967e+03 6.494383e+03 6.497427e+03 6.483012e+03
4.8 6.477826e+03 6.498523e+03 6.500796e+03 6.480100e+03
5.8 6.532598e+03 6.513850e+03 6.503748e+03 6.522496e+03
6.8 6.534765e+03 6.527047e+03 6.505547e+03 6.513264e+03
7.8 6.501029e+03 6.520001e+03 6.506467e+03 6.487495e+03
8.8 6.531050e+03 6.515198e+03 6.506823e+03 6.522674e+03
9.8 6.499803e+03 6.526203e+03 6.506831e+03 6.480431e+03
10.8 6.523446e+03 6.534804e+03 6.506667e+03 6.495309e+03
11.8 6.524933e+03 6.522639e+03 6.506459e+03 6.508754e+03
12.8 6.539021e+03 6.506127e+03 6.506281e+03 6.539175e+03
13.8 6.495206e+03 6.498006e+03 6.506156e+03 6.503356e+03
14.8 6.512798e+03 6.496885e+03 6.506080e+03 6.521994e+03
15.8 6.536248e+03 6.506491e+03 6.506039e+03 6.535796e+03
16.8 6.530870e+03 6.521694e+03 6.506018e+03 6.515195e+03
17.8 6.522035e+03 6.520350e+03 6.506009e+03 6.507693e+03
18.8 6.509668e+03 6.512098e+03 6.506004e+03 6.503574e+03
19.8 6.524933e+03 6.515206e+03 6.506003e+03 6.515730e+03
20.8 6.538954e+03 6.510799e+03 6.506002e+03 6.534157e+03
1.0 6.494143e+03 6.523237e+03 6.505695e+03 6.476601e+03
2.0 6.519051e+03 6.524514e+03 6.501106e+03 6.495643e+03
3.0 6.499208e+03 6.512335e+03 6.496599e+03 6.483472e+03
4.0 6.455071e+03 6.503725e+03 6.497711e+03 6.449057e+03
5.0 6.484335e+03 6.499889e+03 6.501168e+03 6.485613e+03
6.0 6.478761e+03 6.493961e+03 6.504002e+03 6.488802e+03
7.0 6.476967e+03 6.483838e+03 6.505686e+03 6.498815e+03
8.0 6.463838e+03 6.476639e+03 6.506530e+03 6.493730e+03
9.0 6.465179e+03 6.474118e+03 6.506837e+03 6.497898e+03
10.0 6.492826e+03 6.478689e+03 6.506819e+03 6.520955e+03
11.0 6.512023e+03 6.490678e+03 6.506644e+03 6.527989e+03
12.0 6.547426e+03 6.511661e+03 6.506437e+03 6.542202e+03
13.0 6.542071e+03 6.532519e+03 6.506264e+03 6.515816e+03
14.0 6.519458e+03 6.533955e+03 6.506145e+03 6.491648e+03
15.0 6.482992e+03 6.517866e+03 6.506074e+03 6.471200e+03
16.0 6.448469e+03 6.505293e+03 6.506036e+03 6.449211e+03
17.0 6.511345e+03 6.502710e+03 6.506017e+03 6.514652e+03
18.0 6.517202e+03 6.506912e+03 6.506008e+03 6.516298e+03
19.0 6.500620e+03 6.509472e+03 6.506004e+03 6.497152e+03
20.0 6.507957e+03 6.501564e+03 6.506003e+03 6.512395e+03
21.0 6.484371e+03 6.490608e+03 6.506002e+03 6.499766e+03
0.6 6.502363e+03 6.511191e+03 6.505980e+03 6.497152e+03
1.6 6.509116e+03 6.516648e+03 6.503397e+03 6.495865e+03
2.6 6.478698e+03 6.508173e+03 6.497637e+03 6.468163e+03
3.6 6.412831e+03 6.500193e+03 6.496780e+03 6.409418e+03
4.6 6.483707e+03 6.500366e+03 6.499864e+03 6.483205e+03
5.6 6.520306e+03 6.511848e+03 6.503090e+03 6.511548e+03
6.6 6.548025e+03 6.515046e+03 6.505178e+03 6.538157e+03
7.6 6.521863e+03 6.505461e+03 6.506293e+03 6.522695e+03
8.6 6.437357e+03 6.498822e+03 6.506771e+03 6.445307e+03
9.6 6.427658e+03 6.497410e+03 6.506852e+03 6.437100e+03
10.6 6.472285e+03 6.497884e+03 6.506718e+03 6.481119e+03
11.6 6.518564e+03 6.498592e+03 6.506512e+03 6.526485e+03
12.6 6.515738e+03 6.498592e+03 6.506322e+03 6.523469e+03
13.6 6.482901e+03 6.493374e+03 6.506183e+03 6.495711e+03
14.6 6.415556e+03 6.484931e+03 6.505789e+03 6.436414e+03
15.6 6.445143e+03 6.479427e+03 6.501151e+03 6.466867e+03
16.6 6.509217e+03 6.480542e+03 6.496620e+03 6.525296e+03
17.6 6.461132e+03 6.490456e+03 6.497720e+03 6.468396e+03
18.6 6.394160e+03 6.503715e+03 6.501171e+03 6.391616e+03
19.6 6.433875e+03 6.511224e+03 6.502981e+03 6.425631e+03
20.6 6.461141e+03 6.506610e+03 6.499024e+03 6.453555e+03
1.0 6.415556e+03 6.484931e+03 6.505789e+03 6.436414e+03
2.0 6.445143e+03 6.479427e+03 6.501151e+03 6.466867e+03
3.0 6.509217e+03 6.480542e+03 6.496620e+03 6.525296e+03
4.0 6.461132e+03 6.490456e+03 6.497720e+03 6.468396e+03
5.0 6.394160e+03 6.503715e+03 6.501171e+03 6.391616e+03
6.0 6.433875e+03 6.511224e+03 6.502981e+03 6.425631e+03
7.0 6.461141e+03 6.506610e+03 6.499024e+03 6.453555e+03
8.0 6.453006e+03 6.507961e+03 6.496936e+03 6.441981e+03
9.0 6.520544e+03 6.515031e+03 6.497889e+03 6.503402e+03
10.0 6.550580e+03 6.509424e+03 6.495468e+03 6.536623e+03
11.0 6.545762e+03 6.501788e+03 6.495724e+03 6.539699e+03
12.0 6.512517e+03 6.505595e+03 6.499578e+03 6.506501e+03
13.0 6.518518e+03 6.515437e+03 6.503450e+03 6.506532e+03
14.0 6.522057e+03 6.510556e+03 6.505849e+03 6.517351e+03
15.0 6.455446e+03 6.504119e+03 6.506979e+03 6.458307e+03
16.0 6.458414e+03 6.514140e+03 6.507330e+03 6.451604e+03
17.0 6.482393e+03 6.531428e+03 6.507254e+03 6.458219e+03
18.0 6.522792e+03 6.532265e+03 6.506983e+03 6.497511e+03
19.0 6.498711e+03 6.514075e+03 6.506675e+03 6.491310e+03
20.0 6.397233e+03 6.493481e+03 6.506416e+03 6.410168e+03
21.0 6.424419e+03 6.478660e+03 6.506197e+03 6.451956e+03
0.2 6.394160e+03 6.503715e+03 6.501171e+03 6.391616e+03
1.2 6.433875e+03 6.511224e+03 6.502981e+03 6.425631e+03
2.2 6.461141e+03 6.506610e+03 6.499024e+03 6.453555e+03
3.2 6.453006e+03 6.507961e+03 6.496936e+03 6.441981e+03
4.2 6.520544e+03 6.515031e+03 6.497889e+03 6.503402e+03
5.2 6.550580e+03 6.509424e+03 6.495468e+03 6.536623e+03
6.2 6.545762e+03 6.501788e+03 6.495724e+03 6.539699e+03
7.2 6.512517e+03 6.505595e+03 6.499578e+03 6.506501e+03
8.2 6.518518e+03 6.515437e+03 6.503450e+03 6.506532e+03
9.2 6.522057e+03 6.510556e+03 6.505849e+03 6.517351e+03
10.2 6.455446e+03 6.504119e+03 6.506979e+03 6.458307e+03
11.2 6.458414e+03 6.514140e+03 6.507330e+03 6.451604e+03
12.2 6.482393e+03 6.531428e+03 6.507254e+03 6.458219e+03
13.2 6.522792e+03 6.532265e+03 6.506983e+03 6.497511e+03
14.2 6.498711e+03 6.514075e+03 6.506675e+03 6.491310e+03
15.2 6.397233e+03 6.493481e+03 6.506416e+03 6.410168e+03
16.2 6.424419e+03 6.478660e+03 6.506197e+03 6.451956e+03
17.2 6.430519e+03 6.472465e+03 6.503189e+03 6.461243e+03
18.2 6.442506e+03 6.473126e+03 6.497477e+03 6.466856e+03
19.2 6.473214e+03 6.481007e+03 6.496920e+03 6.489127e+03
20.2 6.527799e+03 6.493020e+03 6.500080e+03 6.534859e+03
0.4 6.453006e+03 6.507961e+03 6.496936e+03 6.441981e+03
1.4 6.520544e+03 6.515031e+03 6.497889e+03 6.503402e+03
2.4 6.550580e+03 6.509424e+03 6.495468e+03 6.536623e+03
3.4 6.545762e+03 6.501788e+03 6.495724e+03 6.539699e+03
4.4 6.512517e+03 6.505595e+03 6.499578e+03 6.506501e+03
5.4 6.518518e+03 6.515437e+03 6.503450e+03 6.506532e+03
6.4 6.522057e+03 6.510556e+03 6.505849e+03 6.517351e+03
7.4 6.455446e+03 6.504119e+03 6.506979e+03 6.458307e+03
8.4 6.458414e+03 6.514140e+03 6.507330e+03 6.451604e+03
9.4 6.482393e+03 6.531428e+03 6.507254e+03 6.458219e+03
10.4 6.522792e+03 6.532265e+03 6.506983e+03 6.497511e+03
11.4 6.498711e+03 6.514075e+03 6.506675e+03 6.491310e+03
12.4 6.397233e+03 6.493481e+03 6.506416e+03 6.410168e+03
13.4 6.424419e+03 6.478660e+03 6.506197e+03 6.451956e+03
14.4 6.430519e+03 6.472465e+03 6.503189e+03 6.461243e+03
15.4 6.442506e+03 6.473126e+03 6.497477e+03 6.466856e+03
16.4 6.473214e+03 6.481007e+03 6.496920e+03 6.489127e+03
17.4 6.527799e+03 6.493020e+03 6.500080e+03 6.534859e+03
18.4 6.569319e+03 6.505275e+03 6.503245e+03 6.567289e+03
19.4 6.538105e+03 6.507381e+03 6.505266e+03 6.535990e+03
20.4 6.520199e+03 6.500333e+03 6.506335e+03 6.526202e+03
0.6 6.424419e+03 6.478660e+03 6.506197e+03 6.451956e+03
1.6 6.430519e+03 6.472465e+03 6.503189e+03 6.461243e+03
2.6 6.442506e+03 6.473126e+03 6.497477e+03 6.466856e+03
3.6 6.473214e+03 6.481007e+03 6.496920e+03 6.489127e+03
4.6 6.527799e+03 6.493020e+03 6.500080e+03 6.534859e+03
5.6 6.569319e+03 6.505275e+03 6.503245e+03 6.567289e+03
6.6 6.538105e+03 6.507381e+03 6.505266e+03 6.535990e+03
7.6 6.520199e+03 6.500333e+03 6.506335e+03 6.526202e+03
8.6 6.493858e+03 6.497371e+03 6.506785e+03 6.503271e+03
9.6 6.502173e+03 6.501538e+03 6.506849e+03 6.507484e+03
10.6 6.537561e+03 6.508044e+03 6.506707e+03 6.536225e+03
11.6 6.564464e+03 6.505148e+03 6.506500e+03 6.565816e+03
12.6 6.550983e+03 6.497215e+03 6.506312e+03 6.560080e+03
13.6 6.516882e+03 6.494920e+03 6.506177e+03 6.528138e+03
14.6 6.471407e+03 6.496488e+03 6.506092e+03 6.481010e+03
15.6 6.485144e+03 6.498429e+03 6.506045e+03 6.492760e+03
16.6 6.535358e+03 6.501018e+03 6.506021e+03 6.540361e+03
17.6 6.520828e+03 6.505602e+03 6.505746e+03 6.520972e+03
18.6 6.485079e+03 6.503261e+03 6.501293e+03 6.483112e+03
19.6 6.451263e+03 6.496979e+03 6.496648e+03 6.450931e+03
20.6 6.495438e+03 6.498344e+03 6.497626e+03 6.494720e+03
0.9 6.520828e+03 6.505602e+03 6.505746e+03 6.520972e+03
1.9 6.485079e+03 6.503261e+03 6.501293e+03 6.483112e+03
2.9 6.451263e+03 6.496979e+03 6.496648e+03 6.450931e+03
3.9 6.495438e+03 6.498344e+03 6.497626e+03 6.494720e+03
4.9 6.535734e+03 6.511701e+03 6.501071e+03 6.525104e+03
5.9 6.587193e+03 6.516080e+03 6.503938e+03 6.575051e+03
6.9 6.548902e+03 6.506785e+03 6.505651e+03 6.547768e+03
7.9 6.482674e+03 6.501936e+03 6.506515e+03 6.487253e+03
8.9 6.505961e+03 6.512391e+03 6.506834e+03 6.500404e+03
9.9 6.500094e+03 6.530492e+03 6.506810e+03 6.476412e+03
10.9 6.520979e+03 6.534832e+03 6.504357e+03 6.490504e+03
11.9 6.558723e+03 6.521598e+03 6.498317e+03 6.535442e+03
12.9 6.583355e+03 6.518725e+03 6.496946e+03 6.561577e+03
13.9 6.542259e+03 6.525443e+03 6.499805e+03 6.516621e+03
14.9 6.525214e+03 6.517616e+03 6.503008e+03 6.510606e+03
15.9 6.431639e+03 6.499705e+03 6.505124e+03 6.437057e+03
16.9 6.401108e+03 6.485032e+03 6.506265e+03 6.422341e+03
17.9 6.432904e+03 6.476749e+03 6.506763e+03 6.462918e+03
18.9 6.475475e+03 6.477797e+03 6.506857e+03 6.504535e+03
19.9 6.498468e+03 6.485280e+03 6.506730e+03 6.519917e+03
20.9 6.548712e+03 6.492811e+03 6.506524e+03 6.562425e+03
0.5 6.500094e+03 6.530492e+03 6.506810e+03 6.476412e+03
1.5 6.520979e+03 6.534832e+03 6.504357e+03 6.490504e+03
2.5 6.558723e+03 6.521598e+03 6.498317e+03 6.535442e+03
3.5 6.583355e+03 6.518725e+03 6.496946e+03 6.561577e+03
4.5 6.542259e+03 6.525443e+03 6.499805e+03 6.516621e+03
5.5 6.525214e+03 6.517616e+03 6.503008e+03 6.510606e+03
6.5 6.431639e+03 6.499705e+03 6.505124e+03 6.437057e+03
7.5 6.401108e+03 6.485032e+03 6.506265e+03 6.422341e+03
8.5 6.432904e+03 6.476749e+03 6.506763e+03 6.462918e+03
9.5 6.475475e+03 6.477797e+03 6.506857e+03 6.504535e+03
10.5 6.498468e+03 6.485280e+03 6.506730e+03 6.519917e+03
11.5 6.548712e+03 6.492811e+03 6.506524e+03 6.562425e+03
12.5 6.565436e+03 6.495234e+03 6.506332e+03 6.576533e+03
13.5 6.522266e+03 6.489334e+03 6.506189e+03 6.539121e+03
14.5 6.488998e+03 6.481612e+03 6.506100e+03 6.513486e+03
15.5 6.489184e+03 6.477434e+03 6.506049e+03 6.517798e+03
16.5 6.462975e+03 6.480217e+03 6.506023e+03 6.488781e+03
17.5 6.390673e+03 6.492722e+03 6.506007e+03 6.403957e+03
18.5 6.418092e+03 6.502422e+03 6.504148e+03 6.419818e+03
19.5 6.461277e+03 6.500315e+03 6.498272e+03 6.459233e+03
20.5 6.513806e+03 6.497719e+03 6.496557e+03 6.512644e+03
0.4 6.390673e+03 6.492722e+03 6.506007e+03 6.403957e+03
1.4 6.418092e+03 6.502422e+03 6.504148e+03 6.419818e+03
2.4 6.461277e+03 6.500315e+03 6.498272e+03 6.459233e+03
3.4 6.513806e+03 6.497719e+03 6.496557e+03 6.512644e+03
4.4 6.517758e+03 6.498593e+03 6.499352e+03 6.518517e+03
5.4 6.515389e+03 6.503317e+03 6.502693e+03 6.514765e+03
6.4 6.519825e+03 6.518054e+03 6.504948e+03 6.506720e+03
7.4 6.581196e+03 6.530228e+03 6.506179e+03 6.557148e+03
8.4 6.581383e+03 6.521471e+03 6.506732e+03 6.566644e+03
9.4 6.515774e+03 6.507359e+03 6.506857e+03 6.515272e+03
10.4 6.430077e+03 6.500189e+03 6.506744e+03 6.436632e+03
11.4 6.476338e+03 6.498021e+03 6.506542e+03 6.484859e+03
12.4 6.479694e+03 6.497687e+03 6.506346e+03 6.488353e+03
13.4 6.497091e+03 6.498074e+03 6.506199e+03 6.505216e+03
14.4 6.500919e+03 6.502343e+03 6.506106e+03 6.504682e+03
15.4 6.543211e+03 6.514808e+03 6.505827e+03 6.534230e+03
16.4 6.537199e+03 6.516407e+03 6.501496e+03 6.522288e+03
17.4 6.512586e+03 6.506826e+03 6.496709e+03 6.502470e+03
18.4 6.479728e+03 6.501287e+03 6.497546e+03 6.475986e+03
19.4 6.495489e+03 6.503900e+03 6.500974e+03 6.492563e+03
20.4 6.548287e+03 6.507462e+03 6.503873e+03 6.544699e+03
0.9 6.543211e+03 6.514808e+03 6.505827e+03 6.534230e+03
1.9 6.537199e+03 6.516407e+03 6.501496e+03 6.522288e+03
2.9 6.512586e+03 6.506826e+03 6.496709e+03 6.502470e+03
3.9 6.479728e+03 6.501287e+03 6.497546e+03 6.475986e+03
4.9 6.495489e+03 6.503900e+03 6.500974e+03 6.492563e+03
5.9 6.548287e+03 6.507462e+03 6.503873e+03 6.544699e+03
6.9 6.536016e+03 6.501090e+03 6.505616e+03 6.540542e+03
7.9 6.493010e+03 6.494353e+03 6.506499e+03 6.505156e+03
8.9 6.484330e+03 6.493897e+03 6.506830e+03 6.497263e+03
9.9 6.489459e+03 6.496171e+03 6.506825e+03 6.500113e+03
10.9 6.486862e+03 6.498268e+03 6.506656e+03 6.495250e+03
11.9 6.483025e+03 6.499642e+03 6.506448e+03 6.489831e+03
12.9 6.505751e+03 6.501516e+03 6.506272e+03 6.510507e+03
13.9 6.550765e+03 6.505757e+03 6.506151e+03 6.551158e+03
14.9 6.547958e+03 6.503461e+03 6.506077e+03 6.550574e+03
15.9 6.512500e+03 6.496191e+03 6.506037e+03 6.522346e+03
16.9 6.461471e+03 6.494180e+03 6.506017e+03 6.473309e+03
17.9 6.467976e+03 6.496623e+03 6.506008e+03 6.477361e+03
18.9 6.507527e+03 6.506947e+03 6.506004e+03 6.506585e+03
19.9 6.535354e+03 6.518163e+03 6.506003e+03 6.523194e+03
20.9 6.514660e+03 6.512435e+03 6.506002e+03 6.508226e+03
0.4 6.500401e+03 6.495737e+03 6.506000e+03 6.510663e+03
1.4 6.499390e+03 6.513323e+03 6.504410e+03 6.490477e+03
2.4 6.513736e+03 6.512003e+03 6.498556e+03 6.500289e+03
3.4 6.460051e+03 6.505104e+03 6.496493e+03 6.451441e+03
4.4 6.445417e+03 6.501828e+03 6.499148e+03 6.442736e+03
5.4 6.471339e+03 6.500883e+03 6.502528e+03 6.472984e+03
6.4 6.480643e+03 6.500487e+03 6.504850e+03 6.485007e+03
7.4 6.503710e+03 6.500287e+03 6.506130e+03 6.509553e+03
8.4 6.497231e+03 6.500301e+03 6.506714e+03 6.503643e+03
