0.1 1.192089e+03 1.184144e+03 1.189352e+03 1.197297e+03
1.1 1.193059e+03 1.183012e+03 1.189099e+03 1.199146e+03
2.1 1.185486e+03 1.181761e+03 1.186890e+03 1.190614e+03
3.1 1.201401e+03 1.182039e+03 1.185295e+03 1.204656e+03
4.1 1.188537e+03 1.184372e+03 1.186025e+03 1.190190e+03
5.1 1.181885e+03 1.186841e+03 1.187502e+03 1.182546e+03
6.1 1.177103e+03 1.188770e+03 1.188633e+03 1.176967e+03
7.1 1.180142e+03 1.190778e+03 1.189288e+03 1.178652e+03
8.1 1.178033e+03 1.192344e+03 1.189607e+03 1.175295e+03
9.1 1.192587e+03 1.190311e+03 1.189712e+03 1.191989e+03
10.1 1.175485e+03 1.186171e+03 1.189691e+03 1.179005e+03
11.1 1.177300e+03 1.185171e+03 1.189612e+03 1.181741e+03
12.1 1.193797e+03 1.187018e+03 1.189525e+03 1.196304e+03
13.1 1.191213e+03 1.189487e+03 1.189455e+03 1.191181e+03
14.1 1.179156e+03 1.188335e+03 1.189408e+03 1.180229e+03
15.1 1.175312e+03 1.185204e+03 1.189380e+03 1.179488e+03
16.1 1.180478e+03 1.185365e+03 1.189365e+03 1.184477e+03
17.1 1.192015e+03 1.190220e+03 1.189358e+03 1.191152e+03
18.1 1.182842e+03 1.197084e+03 1.189354e+03 1.175112e+03
19.1 1.198319e+03 1.199185e+03 1.189353e+03 1.188487e+03
20.1 1.202760e+03 1.193528e+03 1.189352e+03 1.198585e+03
0.8 1.192923e+03 1.191271e+03 1.189284e+03 1.190936e+03
1.8 1.210350e+03 1.191740e+03 1.187585e+03 1.206195e+03
2.8 1.201816e+03 1.188667e+03 1.185456e+03 1.198605e+03
3.8 1.203003e+03 1.187220e+03 1.185694e+03 1.201476e+03
4.8 1.185620e+03 1.188342e+03 1.187134e+03 1.184412e+03
5.8 1.189122e+03 1.190334e+03 1.188385e+03 1.187173e+03
6.8 1.186646e+03 1.190212e+03 1.188119e+03 1.184553e+03
7.8 1.179578e+03 1.186955e+03 1.186049e+03 1.178671e+03
8.8 1.192593e+03 1.183888e+03 1.185765e+03 1.194470e+03
9.8 1.184803e+03 1.181994e+03 1.187056e+03 1.189865e+03
10.8 1.188719e+03 1.180786e+03 1.188366e+03 1.196299e+03
11.8 1.169535e+03 1.179539e+03 1.189178e+03 1.179175e+03
12.8 1.184027e+03 1.181258e+03 1.189585e+03 1.192353e+03
13.8 1.191247e+03 1.184768e+03 1.189741e+03 1.196220e+03
14.8 1.190329e+03 1.188968e+03 1.189747e+03 1.191107e+03
15.8 1.194458e+03 1.193133e+03 1.189674e+03 1.190999e+03
16.8 1.191356e+03 1.194532e+03 1.188956e+03 1.185780e+03
17.8 1.197981e+03 1.191115e+03 1.186396e+03 1.193263e+03
18.8 1.170818e+03 1.188106e+03 1.185385e+03 1.168098e+03
19.8 1.168543e+03 1.187961e+03 1.186441e+03 1.167023e+03
20.8 1.181107e+03 1.189996e+03 1.187862e+03 1.178973e+03
0.5 1.189122e+03 1.190334e+03 1.188385e+03 1.187173e+03
1.5 1.186646e+03 1.190212e+03 1.188119e+03 1.184553e+03
2.5 1.179578e+03 1.186955e+03 1.186049e+03 1.178671e+03
3.5 1.192593e+03 1.183888e+03 1.185765e+03 1.194470e+03
4.5 1.184803e+03 1.181994e+03 1.187056e+03 1.189865e+03
5.5 1.188719e+03 1.180786e+03 1.188366e+03 1.196299e+03
6.5 1.169535e+03 1.179539e+03 1.189178e+03 1.179175e+03
7.5 1.184027e+03 1.181258e+03 1.189585e+03 1.192353e+03
8.5 1.191247e+03 1.184768e+03 1.189741e+03 1.196220e+03
9.5 1.190329e+03 1.188968e+03 1.189747e+03 1.191107e+03
10.5 1.194458e+03 1.193133e+03 1.189674e+03 1.190999e+03
11.5 1.191356e+03 1.194532e+03 1.188956e+03 1.185780e+03
12.5 1.197981e+03 1.191115e+03 1.186396e+03 1.193263e+03
13.5 1.170818e+03 1.188106e+03 1.185385e+03 1.168098e+03
14.5 1.168543e+03 1.187961e+03 1.186441e+03 1.167023e+03
15.5 1.181107e+03 1.189996e+03 1.187862e+03 1.178973e+03
16.5 1.192083e+03 1.192066e+03 1.188851e+03 1.188868e+03
17.5 1.201020e+03 1.190073e+03 1.189400e+03 1.200346e+03
18.5 1.205372e+03 1.186032e+03 1.189652e+03 1.208992e+03
19.5 1.195723e+03 1.185093e+03 1.189716e+03 1.200346e+03
20.5 1.192232e+03 1.186612e+03 1.189674e+03 1.195294e+03
0.3 1.194458e+03 1.193133e+03 1.189674e+03 1.190999e+03
1.3 1.191356e+03 1.194532e+03 1.188956e+03 1.185780e+03
2.3 1.197981e+03 1.191115e+03 1.186396e+03 1.193263e+03
3.3 1.170818e+03 1.188106e+03 1.185385e+03 1.168098e+03
4.3 1.168543e+03 1.187961e+03 1.186441e+03 1.167023e+03
5.3 1.181107e+03 1.189996e+03 1.187862e+03 1.178973e+03
6.3 1.192083e+03 1.192066e+03 1.188851e+03 1.188868e+03
7.3 1.201020e+03 1.190073e+03 1.189400e+03 1.200346e+03
8.3 1.205372e+03 1.186032e+03 1.189652e+03 1.208992e+03
9.3 1.195723e+03 1.185093e+03 1.189716e+03 1.200346e+03
10.3 1.192232e+03 1.186612e+03 1.189674e+03 1.195294e+03
11.3 1.201161e+03 1.189790e+03 1.189589e+03 1.200960e+03
12.3 1.195272e+03 1.192052e+03 1.189071e+03 1.192290e+03
13.3 1.188768e+03 1.189903e+03 1.186613e+03 1.185478e+03
14.3 1.194080e+03 1.188607e+03 1.185328e+03 1.190800e+03
15.3 1.188593e+03 1.190830e+03 1.186253e+03 1.184016e+03
16.3 1.195816e+03 1.192706e+03 1.187312e+03 1.190422e+03
17.3 1.182452e+03 1.190079e+03 1.186001e+03 1.178374e+03
18.3 1.198676e+03 1.187187e+03 1.185280e+03 1.196769e+03
19.3 1.181905e+03 1.186703e+03 1.186470e+03 1.181672e+03
20.3 1.194440e+03 1.187655e+03 1.188020e+03 1.194806e+03
0.2 1.201161e+03 1.189790e+03 1.189589e+03 1.200960e+03
1.2 1.195272e+03 1.192052e+03 1.189071e+03 1.192290e+03
2.2 1.188768e+03 1.189903e+03 1.186613e+03 1.185478e+03
3.2 1.194080e+03 1.188607e+03 1.185328e+03 1.190800e+03
4.2 1.188593e+03 1.190830e+03 1.186253e+03 1.184016e+03
5.2 1.195816e+03 1.192706e+03 1.187312e+03 1.190422e+03
6.2 1.182452e+03 1.190079e+03 1.186001e+03 1.178374e+03
7.2 1.198676e+03 1.187187e+03 1.185280e+03 1.196769e+03
8.2 1.181905e+03 1.186703e+03 1.186470e+03 1.181672e+03
9.2 1.194440e+03 1.187655e+03 1.188020e+03 1.194806e+03
10.2 1.212348e+03 1.191389e+03 1.189060e+03 1.210019e+03
11.2 1.205713e+03 1.196481e+03 1.189473e+03 1.198705e+03
12.2 1.192614e+03 1.195700e+03 1.187789e+03 1.184704e+03
13.2 1.192011e+03 1.192560e+03 1.185839e+03 1.185291e+03
14.2 1.187608e+03 1.193411e+03 1.185982e+03 1.180179e+03
15.2 1.194870e+03 1.191732e+03 1.185224e+03 1.188361e+03
16.2 1.175568e+03 1.188209e+03 1.184614e+03 1.171973e+03
17.2 1.173907e+03 1.186803e+03 1.185899e+03 1.173004e+03
18.2 1.197523e+03 1.187000e+03 1.187694e+03 1.198216e+03
19.2 1.201856e+03 1.187598e+03 1.188962e+03 1.203220e+03
20.2 1.195390e+03 1.188799e+03 1.189621e+03 1.196211e+03
0.2 1.188593e+03 1.190830e+03 1.186253e+03 1.184016e+03
1.2 1.195816e+03 1.192706e+03 1.187312e+03 1.190422e+03
2.2 1.182452e+03 1.190079e+03 1.186001e+03 1.178374e+03
3.2 1.198676e+03 1.187187e+03 1.185280e+03 1.196769e+03
4.2 1.181905e+03 1.186703e+03 1.186470e+03 1.181672e+03
5.2 1.194440e+03 1.187655e+03 1.188020e+03 1.194806e+03
6.2 1.212348e+03 1.191389e+03 1.189060e+03 1.210019e+03
7.2 1.205713e+03 1.196481e+03 1.189473e+03 1.198705e+03
8.2 1.192614e+03 1.195700e+03 1.187789e+03 1.184704e+03
9.2 1.192011e+03 1.192560e+03 1.185839e+03 1.185291e+03
10.2 1.187608e+03 1.193411e+03 1.185982e+03 1.180179e+03
11.2 1.194870e+03 1.191732e+03 1.185224e+03 1.188361e+03
12.2 1.175568e+03 1.188209e+03 1.184614e+03 1.171973e+03
13.2 1.173907e+03 1.186803e+03 1.185899e+03 1.173004e+03
14.2 1.197523e+03 1.187000e+03 1.187694e+03 1.198216e+03
15.2 1.201856e+03 1.187598e+03 1.188962e+03 1.203220e+03
16.2 1.195390e+03 1.188799e+03 1.189621e+03 1.196211e+03
17.2 1.201127e+03 1.190893e+03 1.189863e+03 1.200097e+03
18.2 1.203854e+03 1.190828e+03 1.188725e+03 1.201752e+03
19.2 1.192890e+03 1.187979e+03 1.186211e+03 1.191122e+03
20.2 1.187054e+03 1.187575e+03 1.185789e+03 1.185268e+03
0.9 1.205713e+03 1.196481e+03 1.189473e+03 1.198705e+03
1.9 1.192614e+03 1.195700e+03 1.187789e+03 1.184704e+03
2.9 1.192011e+03 1.192560e+03 1.185839e+03 1.185291e+03
3.9 1.187608e+03 1.193411e+03 1.185982e+03 1.180179e+03
4.9 1.194870e+03 1.191732e+03 1.185224e+03 1.188361e+03
5.9 1.175568e+03 1.188209e+03 1.184614e+03 1.171973e+03
6.9 1.173907e+03 1.186803e+03 1.185899e+03 1.173004e+03
7.9 1.197523e+03 1.187000e+03 1.187694e+03 1.198216e+03
8.9 1.201856e+03 1.187598e+03 1.188962e+03 1.203220e+03
9.9 1.195390e+03 1.188799e+03 1.189621e+03 1.196211e+03
10.9 1.201127e+03 1.190893e+03 1.189863e+03 1.200097e+03
11.9 1.203854e+03 1.190828e+03 1.188725e+03 1.201752e+03
12.9 1.192890e+03 1.187979e+03 1.186211e+03 1.191122e+03
13.9 1.187054e+03 1.187575e+03 1.185789e+03 1.185268e+03
14.9 1.191651e+03 1.188829e+03 1.186682e+03 1.189504e+03
15.9 1.197819e+03 1.187291e+03 1.185658e+03 1.196186e+03
16.9 1.177695e+03 1.185850e+03 1.185016e+03 1.176861e+03
17.9 1.176887e+03 1.187918e+03 1.186270e+03 1.175239e+03
18.9 1.207760e+03 1.191064e+03 1.187727e+03 1.204423e+03
19.9 1.194754e+03 1.190018e+03 1.186739e+03 1.191475e+03
20.9 1.195611e+03 1.187909e+03 1.185580e+03 1.193282e+03
1.0 1.187608e+03 1.193411e+03 1.185982e+03 1.180179e+03
2.0 1.194870e+03 1.191732e+03 1.185224e+03 1.188361e+03
3.0 1.175568e+03 1.188209e+03 1.184614e+03 1.171973e+03
4.0 1.173907e+03 1.186803e+03 1.185899e+03 1.173004e+03
5.0 1.197523e+03 1.187000e+03 1.187694e+03 1.198216e+03
6.0 1.201856e+03 1.187598e+03 1.188962e+03 1.203220e+03
7.0 1.195390e+03 1.188799e+03 1.189621e+03 1.196211e+03
8.0 1.201127e+03 1.190893e+03 1.189863e+03 1.200097e+03
9.0 1.203854e+03 1.190828e+03 1.188725e+03 1.201752e+03
10.0 1.192890e+03 1.187979e+03 1.186211e+03 1.191122e+03
11.0 1.187054e+03 1.187575e+03 1.185789e+03 1.185268e+03
12.0 1.191651e+03 1.188829e+03 1.186682e+03 1.189504e+03
13.0 1.197819e+03 1.187291e+03 1.185658e+03 1.196186e+03
14.0 1.177695e+03 1.185850e+03 1.185016e+03 1.176861e+03
15.0 1.176887e+03 1.187918e+03 1.186270e+03 1.175239e+03
16.0 1.207760e+03 1.191064e+03 1.187727e+03 1.204423e+03
17.0 1.194754e+03 1.190018e+03 1.186739e+03 1.191475e+03
18.0 1.195611e+03 1.187909e+03 1.185580e+03 1.193282e+03
19.0 1.189454e+03 1.188708e+03 1.186427e+03 1.187173e+03
20.0 1.195861e+03 1.190326e+03 1.187745e+03 1.193281e+03
21.0 1.205953e+03 1.188708e+03 1.186761e+03 1.204006e+03
0.6 1.201127e+03 1.190893e+03 1.189863e+03 1.200097e+03
1.6 1.203854e+03 1.190828e+03 1.188725e+03 1.201752e+03
2.6 1.192890e+03 1.187979e+03 1.186211e+03 1.191122e+03
3.6 1.187054e+03 1.187575e+03 1.185789e+03 1.185268e+03
4.6 1.191651e+03 1.188829e+03 1.186682e+03 1.189504e+03
5.6 1.197819e+03 1.187291e+03 1.185658e+03 1.196186e+03
6.6 1.177695e+03 1.185850e+03 1.185016e+03 1.176861e+03
7.6 1.176887e+03 1.187918e+03 1.186270e+03 1.175239e+03
8.6 1.207760e+03 1.191064e+03 1.187727e+03 1.204423e+03
9.6 1.194754e+03 1.190018e+03 1.186739e+03 1.191475e+03
10.6 1.195611e+03 1.187909e+03 1.185580e+03 1.193282e+03
11.6 1.189454e+03 1.188708e+03 1.186427e+03 1.187173e+03
12.6 1.195861e+03 1.190326e+03 1.187745e+03 1.193281e+03
13.6 1.205953e+03 1.188708e+03 1.186761e+03 1.204006e+03
14.6 1.202099e+03 1.186278e+03 1.185531e+03 1.201352e+03
15.6 1.177323e+03 1.185847e+03 1.186338e+03 1.177814e+03
16.6 1.196015e+03 1.185275e+03 1.187828e+03 1.198568e+03
17.6 1.199987e+03 1.183743e+03 1.187640e+03 1.203884e+03
18.6 1.203004e+03 1.182418e+03 1.185854e+03 1.206441e+03
19.6 1.190691e+03 1.183735e+03 1.185940e+03 1.192897e+03
20.6 1.187958e+03 1.186926e+03 1.187346e+03 1.188378e+03
0.1 1.187054e+03 1.187575e+03 1.185789e+03 1.185268e+03
1.1 1.191651e+03 1.188829e+03 1.186682e+03 1.189504e+03
2.1 1.197819e+03 1.187291e+03 1.185658e+03 1.196186e+03
3.1 1.177695e+03 1.185850e+03 1.185016e+03 1.176861e+03
4.1 1.176887e+03 1.187918e+03 1.186270e+03 1.175239e+03
5.1 1.207760e+03 1.191064e+03 1.187727e+03 1.204423e+03
6.1 1.194754e+03 1.190018e+03 1.186739e+03 1.191475e+03
7.1 1.195611e+03 1.187909e+03 1.185580e+03 1.193282e+03
8.1 1.189454e+03 1.188708e+03 1.186427e+03 1.187173e+03
9.1 1.195861e+03 1.190326e+03 1.187745e+03 1.193281e+03
10.1 1.205953e+03 1.188708e+03 1.186761e+03 1.204006e+03
11.1 1.202099e+03 1.186278e+03 1.185531e+03 1.201352e+03
12.1 1.177323e+03 1.185847e+03 1.186338e+03 1.177814e+03
13.1 1.196015e+03 1.185275e+03 1.187828e+03 1.198568e+03
14.1 1.199987e+03 1.183743e+03 1.187640e+03 1.203884e+03
15.1 1.203004e+03 1.182418e+03 1.185854e+03 1.206441e+03
16.1 1.190691e+03 1.183735e+03 1.185940e+03 1.192897e+03
17.1 1.187958e+03 1.186926e+03 1.187346e+03 1.188378e+03
18.1 1.187975e+03 1.189852e+03 1.188616e+03 1.186738e+03
19.1 1.190242e+03 1.188418e+03 1.189354e+03 1.191179e+03
20.1 1.186208e+03 1.185513e+03 1.189696e+03 1.190391e+03
1.0 1.207760e+03 1.191064e+03 1.187727e+03 1.204423e+03
2.0 1.194754e+03 1.190018e+03 1.186739e+03 1.191475e+03
3.0 1.195611e+03 1.187909e+03 1.185580e+03 1.193282e+03
4.0 1.189454e+03 1.188708e+03 1.186427e+03 1.187173e+03
5.0 1.195861e+03 1.190326e+03 1.187745e+03 1.193281e+03
6.0 1.205953e+03 1.188708e+03 1.186761e+03 1.204006e+03
7.0 1.202099e+03 1.186278e+03 1.185531e+03 1.201352e+03
8.0 1.177323e+03 1.185847e+03 1.186338e+03 1.177814e+03
9.0 1.196015e+03 1.185275e+03 1.187828e+03 1.198568e+03
10.0 1.199987e+03 1.183743e+03 1.187640e+03 1.203884e+03
11.0 1.203004e+03 1.182418e+03 1.185854e+03 1.206441e+03
12.0 1.190691e+03 1.183735e+03 1.185940e+03 1.192897e+03
13.0 1.187958e+03 1.186926e+03 1.187346e+03 1.188378e+03
14.0 1.187975e+03 1.189852e+03 1.188616e+03 1.186738e+03
15.0 1.190242e+03 1.188418e+03 1.189354e+03 1.191179e+03
16.0 1.186208e+03 1.185513e+03 1.189696e+03 1.190391e+03
17.0 1.183973e+03 1.185446e+03 1.189801e+03 1.188327e+03
18.0 1.195039e+03 1.186741e+03 1.189772e+03 1.198069e+03
19.0 1.183611e+03 1.186753e+03 1.189680e+03 1.186538e+03
20.0 1.193698e+03 1.184967e+03 1.189575e+03 1.198306e+03
21.0 1.194407e+03 1.183303e+03 1.189095e+03 1.200199e+03
1.0 1.195861e+03 1.190326e+03 1.187745e+03 1.193281e+03
2.0 1.205953e+03 1.188708e+03 1.186761e+03 1.204006e+03
3.0 1.202099e+03 1.186278e+03 1.185531e+03 1.201352e+03
4.0 1.177323e+03 1.185847e+03 1.186338e+03 1.177814e+03
5.0 1.196015e+03 1.185275e+03 1.187828e+03 1.198568e+03
6.0 1.199987e+03 1.183743e+03 1.187640e+03 1.203884e+03
7.0 1.203004e+03 1.182418e+03 1.185854e+03 1.206441e+03
8.0 1.190691e+03 1.183735e+03 1.185940e+03 1.192897e+03
9.0 1.187958e+03 1.186926e+03 1.187346e+03 1.188378e+03
10.0 1.187975e+03 1.189852e+03 1.188616e+03 1.186738e+03
11.0 1.190242e+03 1.188418e+03 1.189354e+03 1.191179e+03
12.0 1.186208e+03 1.185513e+03 1.189696e+03 1.190391e+03
13.0 1.183973e+03 1.185446e+03 1.189801e+03 1.188327e+03
14.0 1.195039e+03 1.186741e+03 1.189772e+03 1.198069e+03
15.0 1.183611e+03 1.186753e+03 1.189680e+03 1.186538e+03
16.0 1.193698e+03 1.184967e+03 1.189575e+03 1.198306e+03
17.0 1.194407e+03 1.183303e+03 1.189095e+03 1.200199e+03
18.0 1.187799e+03 1.181885e+03 1.186671e+03 1.192585e+03
19.0 1.198798e+03 1.182473e+03 1.185318e+03 1.201643e+03
20.0 1.198503e+03 1.185850e+03 1.186207e+03 1.198860e+03
21.0 1.211950e+03 1.192444e+03 1.187665e+03 1.207171e+03
0.7 1.196015e+03 1.185275e+03 1.187828e+03 1.198568e+03
1.7 1.199987e+03 1.183743e+03 1.187640e+03 1.203884e+03
2.7 1.203004e+03 1.182418e+03 1.185854e+03 1.206441e+03
3.7 1.190691e+03 1.183735e+03 1.185940e+03 1.192897e+03
4.7 1.187958e+03 1.186926e+03 1.187346e+03 1.188378e+03
5.7 1.187975e+03 1.189852e+03 1.188616e+03 1.186738e+03
6.7 1.190242e+03 1.188418e+03 1.189354e+03 1.191179e+03
7.7 1.186208e+03 1.185513e+03 1.189696e+03 1.190391e+03
8.7 1.183973e+03 1.185446e+03 1.189801e+03 1.188327e+03
9.7 1.195039e+03 1.186741e+03 1.189772e+03 1.198069e+03
10.7 1.183611e+03 1.186753e+03 1.189680e+03 1.186538e+03
11.7 1.193698e+03 1.184967e+03 1.189575e+03 1.198306e+03
12.7 1.194407e+03 1.183303e+03 1.189095e+03 1.200199e+03
13.7 1.187799e+03 1.181885e+03 1.186671e+03 1.192585e+03
14.7 1.198798e+03 1.182473e+03 1.185318e+03 1.201643e+03
15.7 1.198503e+03 1.185850e+03 1.186207e+03 1.198860e+03
16.7 1.211950e+03 1.192444e+03 1.187665e+03 1.207171e+03
17.7 1.196701e+03 1.199127e+03 1.188708e+03 1.186283e+03
18.7 1.203669e+03 1.199374e+03 1.187951e+03 1.192246e+03
19.7 1.195031e+03 1.193823e+03 1.185902e+03 1.187110e+03
20.7 1.189922e+03 1.189745e+03 1.185903e+03 1.186080e+03
0.2 1.193698e+03 1.184967e+03 1.189575e+03 1.198306e+03
1.2 1.194407e+03 1.183303e+03 1.189095e+03 1.200199e+03
2.2 1.187799e+03 1.181885e+03 1.186671e+03 1.192585e+03
3.2 1.198798e+03 1.182473e+03 1.185318e+03 1.201643e+03
4.2 1.198503e+03 1.185850e+03 1.186207e+03 1.198860e+03
5.2 1.211950e+03 1.192444e+03 1.187665e+03 1.207171e+03
6.2 1.196701e+03 1.199127e+03 1.188708e+03 1.186283e+03
7.2 1.203669e+03 1.199374e+03 1.187951e+03 1.192246e+03
8.2 1.195031e+03 1.193823e+03 1.185902e+03 1.187110e+03
9.2 1.189922e+03 1.189745e+03 1.185903e+03 1.186080e+03
10.2 1.189922e+03 1.189123e+03 1.187252e+03 1.188051e+03
11.2 1.211488e+03 1.190694e+03 1.188493e+03 1.209287e+03
12.2 1.194971e+03 1.191597e+03 1.188846e+03 1.192219e+03
13.2 1.193125e+03 1.188766e+03 1.186850e+03 1.191209e+03
14.2 1.179704e+03 1.185306e+03 1.185669e+03 1.180067e+03
15.2 1.181316e+03 1.183170e+03 1.186179e+03 1.184325e+03
16.2 1.174936e+03 1.181495e+03 1.185207e+03 1.178647e+03
17.2 1.175407e+03 1.181927e+03 1.184869e+03 1.178349e+03
18.2 1.182394e+03 1.184585e+03 1.186305e+03 1.184114e+03
19.2 1.173870e+03 1.189800e+03 1.188005e+03 1.172074e+03
20.2 1.193620e+03 1.196178e+03 1.189062e+03 1.186504e+03
0.7 1.196701e+03 1.199127e+03 1.188708e+03 1.186283e+03
1.7 1.203669e+03 1.199374e+03 1.187951e+03 1.192246e+03
2.7 1.195031e+03 1.193823e+03 1.185902e+03 1.187110e+03
3.7 1.189922e+03 1.189745e+03 1.185903e+03 1.186080e+03
4.7 1.189922e+03 1.189123e+03 1.187252e+03 1.188051e+03
5.7 1.211488e+03 1.190694e+03 1.188493e+03 1.209287e+03
6.7 1.194971e+03 1.191597e+03 1.188846e+03 1.192219e+03
7.7 1.193125e+03 1.188766e+03 1.186850e+03 1.191209e+03
8.7 1.179704e+03 1.185306e+03 1.185669e+03 1.180067e+03
9.7 1.181316e+03 1.183170e+03 1.186179e+03 1.184325e+03
10.7 1.174936e+03 1.181495e+03 1.185207e+03 1.178647e+03
11.7 1.175407e+03 1.181927e+03 1.184869e+03 1.178349e+03
12.7 1.182394e+03 1.184585e+03 1.186305e+03 1.184114e+03
13.7 1.173870e+03 1.189800e+03 1.188005e+03 1.172074e+03
14.7 1.193620e+03 1.196178e+03 1.189062e+03 1.186504e+03
15.7 1.188441e+03 1.196518e+03 1.187920e+03 1.179843e+03
16.7 1.199981e+03 1.192027e+03 1.185989e+03 1.193944e+03
17.7 1.185930e+03 1.189270e+03 1.186223e+03 1.182883e+03
18.7 1.193186e+03 1.189830e+03 1.187563e+03 1.190919e+03
19.7 1.188990e+03 1.189507e+03 1.188694e+03 1.188176e+03
20.7 1.172397e+03 1.185869e+03 1.189347e+03 1.175875e+03
0.2 1.211488e+03 1.190694e+03 1.188493e+03 1.209287e+03
1.2 1.194971e+03 1.191597e+03 1.188846e+03 1.192219e+03
2.2 1.193125e+03 1.188766e+03 1.186850e+03 1.191209e+03
3.2 1.179704e+03 1.185306e+03 1.185669e+03 1.180067e+03
4.2 1.181316e+03 1.183170e+03 1.186179e+03 1.184325e+03
5.2 1.174936e+03 1.181495e+03 1.185207e+03 1.178647e+03
6.2 1.175407e+03 1.181927e+03 1.184869e+03 1.178349e+03
7.2 1.182394e+03 1.184585e+03 1.186305e+03 1.184114e+03
8.2 1.173870e+03 1.189800e+03 1.188005e+03 1.172074e+03
9.2 1.193620e+03 1.196178e+03 1.189062e+03 1.186504e+03
10.2 1.188441e+03 1.196518e+03 1.187920e+03 1.179843e+03
11.2 1.199981e+03 1.192027e+03 1.185989e+03 1.193944e+03
12.2 1.185930e+03 1.189270e+03 1.186223e+03 1.182883e+03
13.2 1.193186e+03 1.189830e+03 1.187563e+03 1.190919e+03
14.2 1.188990e+03 1.189507e+03 1.188694e+03 1.188176e+03
15.2 1.172397e+03 1.185869e+03 1.189347e+03 1.175875e+03
16.2 1.158541e+03 1.184460e+03 1.189657e+03 1.163737e+03
17.2 1.187022e+03 1.185947e+03 1.189757e+03 1.190832e+03
18.2 1.186900e+03 1.189077e+03 1.189685e+03 1.187508e+03
19.2 1.186495e+03 1.189535e+03 1.188034e+03 1.184994e+03
20.2 1.175964e+03 1.187281e+03 1.185717e+03 1.174400e+03
0.2 1.179704e+03 1.185306e+03 1.185669e+03 1.180067e+03
1.2 1.181316e+03 1.183170e+03 1.186179e+03 1.184325e+03
2.2 1.174936e+03 1.181495e+03 1.185207e+03 1.178647e+03
3.2 1.175407e+03 1.181927e+03 1.184869e+03 1.178349e+03
4.2 1.182394e+03 1.184585e+03 1.186305e+03 1.184114e+03
5.2 1.173870e+03 1.189800e+03 1.188005e+03 1.172074e+03
6.2 1.193620e+03 1.196178e+03 1.189062e+03 1.186504e+03
7.2 1.188441e+03 1.196518e+03 1.187920e+03 1.179843e+03
8.2 1.199981e+03 1.192027e+03 1.185989e+03 1.193944e+03
9.2 1.185930e+03 1.189270e+03 1.186223e+03 1.182883e+03
10.2 1.193186e+03 1.189830e+03 1.187563e+03 1.190919e+03
11.2 1.188990e+03 1.189507e+03 1.188694e+03 1.188176e+03
12.2 1.172397e+03 1.185869e+03 1.189347e+03 1.175875e+03
13.2 1.158541e+03 1.184460e+03 1.189657e+03 1.163737e+03
14.2 1.187022e+03 1.185947e+03 1.189757e+03 1.190832e+03
15.2 1.186900e+03 1.189077e+03 1.189685e+03 1.187508e+03
16.2 1.186495e+03 1.189535e+03 1.188034e+03 1.184994e+03
17.2 1.175964e+03 1.187281e+03 1.185717e+03 1.174400e+03
18.2 1.173752e+03 1.186599e+03 1.185750e+03 1.172903e+03
19.2 1.174520e+03 1.187302e+03 1.187116e+03 1.174334e+03
20.2 1.177356e+03 1.188100e+03 1.188367e+03 1.177624e+03
0.8 1.193620e+03 1.196178e+03 1.189062e+03 1.186504e+03
1.8 1.188441e+03 1.196518e+03 1.187920e+03 1.179843e+03
2.8 1.199981e+03 1.192027e+03 1.185989e+03 1.193944e+03
3.8 1.185930e+03 1.189270e+03 1.186223e+03 1.182883e+03
4.8 1.193186e+03 1.189830e+03 1.187563e+03 1.190919e+03
5.8 1.188990e+03 1.189507e+03 1.188694e+03 1.188176e+03
6.8 1.172397e+03 1.185869e+03 1.189347e+03 1.175875e+03
7.8 1.158541e+03 1.184460e+03 1.189657e+03 1.163737e+03
8.8 1.187022e+03 1.185947e+03 1.189757e+03 1.190832e+03
9.8 1.186900e+03 1.189077e+03 1.189685e+03 1.187508e+03
10.8 1.186495e+03 1.189535e+03 1.188034e+03 1.184994e+03
11.8 1.175964e+03 1.187281e+03 1.185717e+03 1.174400e+03
12.8 1.173752e+03 1.186599e+03 1.185750e+03 1.172903e+03
13.8 1.174520e+03 1.187302e+03 1.187116e+03 1.174334e+03
14.8 1.177356e+03 1.188100e+03 1.188367e+03 1.177624e+03
15.8 1.185363e+03 1.188597e+03 1.189141e+03 1.185907e+03
16.8 1.172802e+03 1.188693e+03 1.189541e+03 1.173650e+03
17.8 1.181161e+03 1.187347e+03 1.189699e+03 1.183514e+03
18.8 1.167767e+03 1.185030e+03 1.189708e+03 1.172445e+03
19.8 1.181065e+03 1.182048e+03 1.189640e+03 1.188657e+03
20.8 1.172480e+03 1.180800e+03 1.189551e+03 1.181232e+03
0.8 1.186900e+03 1.189077e+03 1.189685e+03 1.187508e+03
1.8 1.186495e+03 1.189535e+03 1.188034e+03 1.184994e+03
2.8 1.175964e+03 1.187281e+03 1.185717e+03 1.174400e+03
3.8 1.173752e+03 1.186599e+03 1.185750e+03 1.172903e+03
4.8 1.174520e+03 1.187302e+03 1.187116e+03 1.174334e+03
5.8 1.177356e+03 1.188100e+03 1.188367e+03 1.177624e+03
6.8 1.185363e+03 1.188597e+03 1.189141e+03 1.185907e+03
7.8 1.172802e+03 1.188693e+03 1.189541e+03 1.173650e+03
8.8 1.181161e+03 1.187347e+03 1.189699e+03 1.183514e+03
9.8 1.167767e+03 1.185030e+03 1.189708e+03 1.172445e+03
10.8 1.181065e+03 1.182048e+03 1.189640e+03 1.188657e+03
11.8 1.172480e+03 1.180800e+03 1.189551e+03 1.181232e+03
12.8 1.162038e+03 1.183841e+03 1.189474e+03 1.167672e+03
13.8 1.176537e+03 1.188729e+03 1.189420e+03 1.177227e+03
14.8 1.169891e+03 1.191471e+03 1.189387e+03 1.167807e+03
15.8 1.167155e+03 1.188890e+03 1.189369e+03 1.167634e+03
16.8 1.186414e+03 1.188780e+03 1.189359e+03 1.186994e+03
17.8 1.198761e+03 1.191334e+03 1.189355e+03 1.196782e+03
18.8 1.199373e+03 1.188918e+03 1.189353e+03 1.199808e+03
19.8 1.191293e+03 1.186523e+03 1.189353e+03 1.194123e+03
20.8 1.175552e+03 1.188759e+03 1.189352e+03 1.176145e+03
0.2 1.175552e+03 1.188759e+03 1.189352e+03 1.176145e+03
1.2 1.180601e+03 1.192895e+03 1.188918e+03 1.176625e+03
2.2 1.194619e+03 1.191585e+03 1.186525e+03 1.189558e+03
3.2 1.168540e+03 1.188894e+03 1.185281e+03 1.164927e+03
4.2 1.180766e+03 1.189028e+03 1.186230e+03 1.177969e+03
5.2 1.177792e+03 1.190586e+03 1.187675e+03 1.174881e+03
6.2 1.188218e+03 1.189902e+03 1.187437e+03 1.185754e+03
7.2 1.206687e+03 1.186478e+03 1.185665e+03 1.205874e+03
8.2 1.159475e+03 1.183519e+03 1.185793e+03 1.161750e+03
9.2 1.157595e+03 1.181797e+03 1.187241e+03 1.163038e+03
10.2 1.159551e+03 1.180586e+03 1.188542e+03 1.167507e+03
11.2 1.187984e+03 1.179548e+03 1.189304e+03 1.197740e+03
12.2 1.186856e+03 1.181585e+03 1.189664e+03 1.194934e+03
13.2 1.195809e+03 1.185810e+03 1.189782e+03 1.199781e+03
14.2 1.197158e+03 1.190183e+03 1.189730e+03 1.196705e+03
15.2 1.197449e+03 1.190882e+03 1.188211e+03 1.194779e+03
16.2 1.183917e+03 1.188355e+03 1.185808e+03 1.181369e+03
17.2 1.188791e+03 1.187414e+03 1.185704e+03 1.187080e+03
18.2 1.171264e+03 1.188954e+03 1.187039e+03 1.169348e+03
19.2 1.188742e+03 1.191208e+03 1.188216e+03 1.185750e+03
20.2 1.205370e+03 1.190081e+03 1.187188e+03 1.202478e+03
0.7 1.177792e+03 1.190586e+03 1.187675e+03 1.174881e+03
1.7 1.188218e+03 1.189902e+03 1.187437e+03 1.185754e+03
2.7 1.206687e+03 1.186478e+03 1.185665e+03 1.205874e+03
3.7 1.159475e+03 1.183519e+03 1.185793e+03 1.161750e+03
4.7 1.157595e+03 1.181797e+03 1.187241e+03 1.163038e+03
5.7 1.159551e+03 1.180586e+03 1.188542e+03 1.167507e+03
6.7 1.187984e+03 1.179548e+03 1.189304e+03 1.197740e+03
7.7 1.186856e+03 1.181585e+03 1.189664e+03 1.194934e+03
8.7 1.195809e+03 1.185810e+03 1.189782e+03 1.199781e+03
9.7 1.197158e+03 1.190183e+03 1.189730e+03 1.196705e+03
10.7 1.197449e+03 1.190882e+03 1.188211e+03 1.194779e+03
11.7 1.183917e+03 1.188355e+03 1.185808e+03 1.181369e+03
12.7 1.188791e+03 1.187414e+03 1.185704e+03 1.187080e+03
13.7 1.171264e+03 1.188954e+03 1.187039e+03 1.169348e+03
14.7 1.188742e+03 1.191208e+03 1.188216e+03 1.185750e+03
15.7 1.205370e+03 1.190081e+03 1.187188e+03 1.202478e+03
16.7 1.204135e+03 1.187234e+03 1.185579e+03 1.202480e+03
17.7 1.182383e+03 1.186530e+03 1.186105e+03 1.181958e+03
18.7 1.189838e+03 1.187226e+03 1.187576e+03 1.190187e+03
19.7 1.191177e+03 1.188010e+03 1.188741e+03 1.191908e+03
20.7 1.187090e+03 1.188939e+03 1.189393e+03 1.187544e+03
0.7 1.197158e+03 1.190183e+03 1.189730e+03 1.196705e+03
1.7 1.197449e+03 1.190882e+03 1.188211e+03 1.194779e+03
2.7 1.183917e+03 1.188355e+03 1.185808e+03 1.181369e+03
3.7 1.188791e+03 1.187414e+03 1.185704e+03 1.187080e+03
4.7 1.171264e+03 1.188954e+03 1.187039e+03 1.169348e+03
5.7 1.188742e+03 1.191208e+03 1.188216e+03 1.185750e+03
6.7 1.205370e+03 1.190081e+03 1.187188e+03 1.202478e+03
7.7 1.204135e+03 1.187234e+03 1.185579e+03 1.202480e+03
8.7 1.182383e+03 1.186530e+03 1.186105e+03 1.181958e+03
9.7 1.189838e+03 1.187226e+03 1.187576e+03 1.190187e+03
10.7 1.191177e+03 1.188010e+03 1.188741e+03 1.191908e+03
11.7 1.187090e+03 1.188939e+03 1.189393e+03 1.187544e+03
12.7 1.175970e+03 1.190406e+03 1.189689e+03 1.175253e+03
13.7 1.173915e+03 1.188526e+03 1.189774e+03 1.175163e+03
14.7 1.176535e+03 1.185293e+03 1.189738e+03 1.180980e+03
15.7 1.187082e+03 1.185256e+03 1.189647e+03 1.191473e+03
16.7 1.187084e+03 1.187539e+03 1.189502e+03 1.189047e+03
17.7 1.197517e+03 1.187809e+03 1.187857e+03 1.197566e+03
18.7 1.182562e+03 1.186024e+03 1.185582e+03 1.182120e+03
19.7 1.181312e+03 1.186103e+03 1.185662e+03 1.180871e+03
20.7 1.184505e+03 1.188230e+03 1.187065e+03 1.183339e+03
0.9 1.188742e+03 1.191208e+03 1.188216e+03 1.185750e+03
1.9 1.205370e+03 1.190081e+03 1.187188e+03 1.202478e+03
2.9 1.204135e+03 1.187234e+03 1.185579e+03 1.202480e+03
3.9 1.182383e+03 1.186530e+03 1.186105e+03 1.181958e+03
4.9 1.189838e+03 1.187226e+03 1.187576e+03 1.190187e+03
5.9 1.191177e+03 1.188010e+03 1.188741e+03 1.191908e+03
6.9 1.187090e+03 1.188939e+03 1.189393e+03 1.187544e+03
7.9 1.175970e+03 1.190406e+03 1.189689e+03 1.175253e+03
8.9 1.173915e+03 1.188526e+03 1.189774e+03 1.175163e+03
9.9 1.176535e+03 1.185293e+03 1.189738e+03 1.180980e+03
10.9 1.187082e+03 1.185256e+03 1.189647e+03 1.191473e+03
11.9 1.187084e+03 1.187539e+03 1.189502e+03 1.189047e+03
12.9 1.197517e+03 1.187809e+03 1.187857e+03 1.197566e+03
13.9 1.182562e+03 1.186024e+03 1.185582e+03 1.182120e+03
14.9 1.181312e+03 1.186103e+03 1.185662e+03 1.180871e+03
15.9 1.184505e+03 1.188230e+03 1.187065e+03 1.183339e+03
16.9 1.190732e+03 1.190722e+03 1.188340e+03 1.188350e+03
17.9 1.179127e+03 1.190506e+03 1.189128e+03 1.177749e+03
18.9 1.181169e+03 1.187220e+03 1.189535e+03 1.183484e+03
19.9 1.194675e+03 1.189226e+03 1.189697e+03 1.195146e+03
20.9 1.180358e+03 1.194415e+03 1.189483e+03 1.175426e+03
0.8 1.187084e+03 1.187539e+03 1.189502e+03 1.189047e+03
1.8 1.197517e+03 1.187809e+03 1.187857e+03 1.197566e+03
2.8 1.182562e+03 1.186024e+03 1.185582e+03 1.182120e+03
3.8 1.181312e+03 1.186103e+03 1.185662e+03 1.180871e+03
4.8 1.184505e+03 1.188230e+03 1.187065e+03 1.183339e+03
5.8 1.190732e+03 1.190722e+03 1.188340e+03 1.188350e+03
6.8 1.179127e+03 1.190506e+03 1.189128e+03 1.177749e+03
7.8 1.181169e+03 1.187220e+03 1.189535e+03 1.183484e+03
8.8 1.194675e+03 1.189226e+03 1.189697e+03 1.195146e+03
9.8 1.180358e+03 1.194415e+03 1.189483e+03 1.175426e+03
10.8 1.197808e+03 1.193628e+03 1.187253e+03 1.191433e+03
11.8 1.178651e+03 1.188887e+03 1.185503e+03 1.175267e+03
12.8 1.157731e+03 1.184997e+03 1.185715e+03 1.158449e+03
13.8 1.181256e+03 1.182214e+03 1.184774e+03 1.183815e+03
14.8 1.181906e+03 1.182055e+03 1.184571e+03 1.184422e+03
15.8 1.204597e+03 1.184179e+03 1.186127e+03 1.206545e+03
16.8 1.189603e+03 1.186486e+03 1.187913e+03 1.191030e+03
17.8 1.194807e+03 1.187388e+03 1.189092e+03 1.196512e+03
18.8 1.198724e+03 1.186047e+03 1.189680e+03 1.202357e+03
19.8 1.185937e+03 1.184126e+03 1.189809e+03 1.191621e+03
20.8 1.178673e+03 1.182489e+03 1.188046e+03 1.184229e+03
0.1 1.194675e+03 1.189226e+03 1.189697e+03 1.195146e+03
1.1 1.180358e+03 1.194415e+03 1.189483e+03 1.175426e+03
2.1 1.197808e+03 1.193628e+03 1.187253e+03 1.191433e+03
3.1 1.178651e+03 1.188887e+03 1.185503e+03 1.175267e+03
4.1 1.157731e+03 1.184997e+03 1.185715e+03 1.158449e+03
5.1 1.181256e+03 1.182214e+03 1.184774e+03 1.183815e+03
6.1 1.181906e+03 1.182055e+03 1.184571e+03 1.184422e+03
7.1 1.204597e+03 1.184179e+03 1.186127e+03 1.206545e+03
8.1 1.189603e+03 1.186486e+03 1.187913e+03 1.191030e+03
9.1 1.194807e+03 1.187388e+03 1.189092e+03 1.196512e+03
10.1 1.198724e+03 1.186047e+03 1.189680e+03 1.202357e+03
11.1 1.185937e+03 1.184126e+03 1.189809e+03 1.191621e+03
12.1 1.178673e+03 1.182489e+03 1.188046e+03 1.184229e+03
13.1 1.180655e+03 1.182592e+03 1.185865e+03 1.183928e+03
14.1 1.173564e+03 1.186187e+03 1.186033e+03 1.173411e+03
15.1 1.174816e+03 1.188737e+03 1.187368e+03 1.173447e+03
16.1 1.188897e+03 1.186552e+03 1.188530e+03 1.190875e+03
17.1 1.199435e+03 1.185300e+03 1.189230e+03 1.203366e+03
18.1 1.181372e+03 1.186333e+03 1.189584e+03 1.184623e+03
19.1 1.196462e+03 1.187994e+03 1.189715e+03 1.198183e+03
20.1 1.184773e+03 1.190010e+03 1.189708e+03 1.184472e+03
0.2 1.178651e+03 1.188887e+03 1.185503e+03 1.175267e+03
1.2 1.157731e+03 1.184997e+03 1.185715e+03 1.158449e+03
2.2 1.181256e+03 1.182214e+03 1.184774e+03 1.183815e+03
3.2 1.181906e+03 1.182055e+03 1.184571e+03 1.184422e+03
4.2 1.204597e+03 1.184179e+03 1.186127e+03 1.206545e+03
5.2 1.189603e+03 1.186486e+03 1.187913e+03 1.191030e+03
6.2 1.194807e+03 1.187388e+03 1.189092e+03 1.196512e+03
7.2 1.198724e+03 1.186047e+03 1.189680e+03 1.202357e+03
8.2 1.185937e+03 1.184126e+03 1.189809e+03 1.191621e+03
9.2 1.178673e+03 1.182489e+03 1.188046e+03 1.184229e+03
10.2 1.180655e+03 1.182592e+03 1.185865e+03 1.183928e+03
11.2 1.173564e+03 1.186187e+03 1.186033e+03 1.173411e+03
12.2 1.174816e+03 1.188737e+03 1.187368e+03 1.173447e+03
13.2 1.188897e+03 1.186552e+03 1.188530e+03 1.190875e+03
14.2 1.199435e+03 1.185300e+03 1.189230e+03 1.203366e+03
15.2 1.181372e+03 1.186333e+03 1.189584e+03 1.184623e+03
16.2 1.196462e+03 1.187994e+03 1.189715e+03 1.198183e+03
17.2 1.184773e+03 1.190010e+03 1.189708e+03 1.184472e+03
18.2 1.219247e+03 1.191062e+03 1.189200e+03 1.217385e+03
19.2 1.209333e+03 1.188636e+03 1.186717e+03 1.207414e+03
20.2 1.194564e+03 1.186537e+03 1.185398e+03 1.193425e+03
0.9 1.185937e+03 1.184126e+03 1.189809e+03 1.191621e+03
1.9 1.178673e+03 1.182489e+03 1.188046e+03 1.184229e+03
2.9 1.180655e+03 1.182592e+03 1.185865e+03 1.183928e+03
3.9 1.173564e+03 1.186187e+03 1.186033e+03 1.173411e+03
4.9 1.174816e+03 1.188737e+03 1.187368e+03 1.173447e+03
5.9 1.188897e+03 1.186552e+03 1.188530e+03 1.190875e+03
6.9 1.199435e+03 1.185300e+03 1.189230e+03 1.203366e+03
7.9 1.181372e+03 1.186333e+03 1.189584e+03 1.184623e+03
8.9 1.196462e+03 1.187994e+03 1.189715e+03 1.198183e+03
9.9 1.184773e+03 1.190010e+03 1.189708e+03 1.184472e+03
10.9 1.219247e+03 1.191062e+03 1.189200e+03 1.217385e+03
11.9 1.209333e+03 1.188636e+03 1.186717e+03 1.207414e+03
12.9 1.194564e+03 1.186537e+03 1.185398e+03 1.193425e+03
13.9 1.176372e+03 1.186643e+03 1.186294e+03 1.176023e+03
14.9 1.195453e+03 1.187530e+03 1.187727e+03 1.195650e+03
15.9 1.190090e+03 1.188250e+03 1.188769e+03 1.190608e+03
16.9 1.202005e+03 1.188689e+03 1.189357e+03 1.202673e+03
17.9 1.190954e+03 1.189445e+03 1.189635e+03 1.191145e+03
18.9 1.201523e+03 1.191146e+03 1.189716e+03 1.200093e+03
19.9 1.189217e+03 1.189432e+03 1.189682e+03 1.189467e+03
20.9 1.202681e+03 1.185877e+03 1.189599e+03 1.206404e+03
0.2 1.184773e+03 1.190010e+03 1.189708e+03 1.184472e+03
1.2 1.219247e+03 1.191062e+03 1.189200e+03 1.217385e+03
2.2 1.209333e+03 1.188636e+03 1.186717e+03 1.207414e+03
3.2 1.194564e+03 1.186537e+03 1.185398e+03 1.193425e+03
4.2 1.176372e+03 1.186643e+03 1.186294e+03 1.176023e+03
5.2 1.195453e+03 1.187530e+03 1.187727e+03 1.195650e+03
6.2 1.190090e+03 1.188250e+03 1.188769e+03 1.190608e+03
7.2 1.202005e+03 1.188689e+03 1.189357e+03 1.202673e+03
8.2 1.190954e+03 1.189445e+03 1.189635e+03 1.191145e+03
9.2 1.201523e+03 1.191146e+03 1.189716e+03 1.200093e+03
10.2 1.189217e+03 1.189432e+03 1.189682e+03 1.189467e+03
11.2 1.202681e+03 1.185877e+03 1.189599e+03 1.206404e+03
12.2 1.185162e+03 1.185524e+03 1.189514e+03 1.189152e+03
13.2 1.193819e+03 1.188147e+03 1.189447e+03 1.195119e+03
14.2 1.190049e+03 1.190500e+03 1.189048e+03 1.188597e+03
15.2 1.190602e+03 1.188776e+03 1.186692e+03 1.188518e+03
16.2 1.185786e+03 1.186671e+03 1.185292e+03 1.184407e+03
17.2 1.189877e+03 1.186685e+03 1.186152e+03 1.189344e+03
18.2 1.177068e+03 1.187548e+03 1.187621e+03 1.177141e+03
19.2 1.194784e+03 1.188258e+03 1.188707e+03 1.195233e+03
20.2 1.190752e+03 1.188676e+03 1.189326e+03 1.191402e+03
0.2 1.193819e+03 1.188147e+03 1.189447e+03 1.195119e+03
1.2 1.190049e+03 1.190500e+03 1.189048e+03 1.188597e+03
2.2 1.190602e+03 1.188776e+03 1.186692e+03 1.188518e+03
3.2 1.185786e+03 1.186671e+03 1.185292e+03 1.184407e+03
4.2 1.189877e+03 1.186685e+03 1.186152e+03 1.189344e+03
5.2 1.177068e+03 1.187548e+03 1.187621e+03 1.177141e+03
6.2 1.194784e+03 1.188258e+03 1.188707e+03 1.195233e+03
7.2 1.190752e+03 1.188676e+03 1.189326e+03 1.191402e+03
8.2 1.188839e+03 1.189244e+03 1.189623e+03 1.189219e+03
9.2 1.200758e+03 1.190576e+03 1.189646e+03 1.199828e+03
10.2 1.190052e+03 1.189558e+03 1.187919e+03 1.188413e+03
11.2 1.174850e+03 1.186866e+03 1.185708e+03 1.173692e+03
12.2 1.188438e+03 1.186223e+03 1.185860e+03 1.188074e+03
13.2 1.183748e+03 1.187097e+03 1.187232e+03 1.183882e+03
14.2 1.189676e+03 1.189155e+03 1.188444e+03 1.188965e+03
15.2 1.192562e+03 1.190796e+03 1.188612e+03 1.190377e+03
16.2 1.194683e+03 1.188657e+03 1.186529e+03 1.192556e+03
17.2 1.196026e+03 1.186702e+03 1.185650e+03 1.194975e+03
18.2 1.188012e+03 1.185858e+03 1.186712e+03 1.188866e+03
19.2 1.183479e+03 1.184267e+03 1.188089e+03 1.187301e+03
20.2 1.182041e+03 1.182771e+03 1.188791e+03 1.188061e+03
0.8 1.200758e+03 1.190576e+03 1.189646e+03 1.199828e+03
1.8 1.190052e+03 1.189558e+03 1.187919e+03 1.188413e+03
2.8 1.174850e+03 1.186866e+03 1.185708e+03 1.173692e+03
3.8 1.188438e+03 1.186223e+03 1.185860e+03 1.188074e+03
4.8 1.183748e+03 1.187097e+03 1.187232e+03 1.183882e+03
5.8 1.189676e+03 1.189155e+03 1.188444e+03 1.188965e+03
6.8 1.192562e+03 1.190796e+03 1.188612e+03 1.190377e+03
7.8 1.194683e+03 1.188657e+03 1.186529e+03 1.192556e+03
8.8 1.196026e+03 1.186702e+03 1.185650e+03 1.194975e+03
9.8 1.188012e+03 1.185858e+03 1.186712e+03 1.188866e+03
10.8 1.183479e+03 1.184267e+03 1.188089e+03 1.187301e+03
11.8 1.182041e+03 1.182771e+03 1.188791e+03 1.188061e+03
12.8 1.197729e+03 1.181494e+03 1.187117e+03 1.203352e+03
13.8 1.186316e+03 1.182014e+03 1.185663e+03 1.189965e+03
14.8 1.186329e+03 1.185723e+03 1.186383e+03 1.186988e+03
15.8 1.172027e+03 1.188901e+03 1.187802e+03 1.170927e+03
16.8 1.179318e+03 1.187041e+03 1.188855e+03 1.181132e+03
17.8 1.175171e+03 1.185583e+03 1.189432e+03 1.179020e+03
18.8 1.175873e+03 1.186420e+03 1.189692e+03 1.179144e+03
19.8 1.195139e+03 1.187751e+03 1.189759e+03 1.197148e+03
20.8 1.189788e+03 1.188624e+03 1.189716e+03 1.190880e+03
0.3 1.189676e+03 1.189155e+03 1.188444e+03 1.188965e+03
1.3 1.192562e+03 1.190796e+03 1.188612e+03 1.190377e+03
2.3 1.194683e+03 1.188657e+03 1.186529e+03 1.192556e+03
3.3 1.196026e+03 1.186702e+03 1.185650e+03 1.194975e+03
4.3 1.188012e+03 1.185858e+03 1.186712e+03 1.188866e+03
5.3 1.183479e+03 1.184267e+03 1.188089e+03 1.187301e+03
6.3 1.182041e+03 1.182771e+03 1.188791e+03 1.188061e+03
7.3 1.197729e+03 1.181494e+03 1.187117e+03 1.203352e+03
8.3 1.186316e+03 1.182014e+03 1.185663e+03 1.189965e+03
9.3 1.186329e+03 1.185723e+03 1.186383e+03 1.186988e+03
10.3 1.172027e+03 1.188901e+03 1.187802e+03 1.170927e+03
11.3 1.179318e+03 1.187041e+03 1.188855e+03 1.181132e+03
12.3 1.175171e+03 1.185583e+03 1.189432e+03 1.179020e+03
13.3 1.175873e+03 1.186420e+03 1.189692e+03 1.179144e+03
14.3 1.195139e+03 1.187751e+03 1.189759e+03 1.197148e+03
15.3 1.189788e+03 1.188624e+03 1.189716e+03 1.190880e+03
16.3 1.201841e+03 1.189051e+03 1.189625e+03 1.202416e+03
17.3 1.194231e+03 1.189218e+03 1.189532e+03 1.194545e+03
0.1 1.183479e+03 1.184267e+03 1.188089e+03 1.187301e+03
1.1 1.182041e+03 1.182771e+03 1.188791e+03 1.188061e+03
2.1 1.197729e+03 1.181494e+03 1.187117e+03 1.203352e+03
3.1 1.186316e+03 1.182014e+03 1.185663e+03 1.189965e+03
4.1 1.186329e+03 1.185723e+03 1.186383e+03 1.186988e+03
5.1 1.172027e+03 1.188901e+03 1.187802e+03 1.170927e+03
6.1 1.179318e+03 1.187041e+03 1.188855e+03 1.181132e+03
7.1 1.175171e+03 1.185583e+03 1.189432e+03 1.179020e+03
8.1 1.175873e+03 1.186420e+03 1.189692e+03 1.179144e+03
9.1 1.195139e+03 1.187751e+03 1.189759e+03 1.197148e+03
10.1 1.189788e+03 1.188624e+03 1.189716e+03 1.190880e+03
11.1 1.201841e+03 1.189051e+03 1.189625e+03 1.202416e+03
12.1 1.194231e+03 1.189218e+03 1.189532e+03 1.194545e+03
