0.5 1.289786e+03 1.282541e+03 1.283157e+03 1.290402e+03
1.5 1.276873e+03 1.283324e+03 1.281585e+03 1.275134e+03
2.5 1.288225e+03 1.278982e+03 1.277833e+03 1.287076e+03
3.5 1.285366e+03 1.276932e+03 1.277169e+03 1.285604e+03
4.5 1.284396e+03 1.278128e+03 1.279131e+03 1.285399e+03
5.5 1.285442e+03 1.277025e+03 1.281234e+03 1.289650e+03
6.5 1.294806e+03 1.275530e+03 1.282606e+03 1.301881e+03
7.5 1.270825e+03 1.276254e+03 1.283342e+03 1.277913e+03
8.5 1.279229e+03 1.277823e+03 1.283661e+03 1.285067e+03
9.5 1.281100e+03 1.280435e+03 1.283718e+03 1.284384e+03
10.5 1.267857e+03 1.286530e+03 1.283634e+03 1.264961e+03
11.5 1.295428e+03 1.292853e+03 1.283429e+03 1.286004e+03
12.5 1.290823e+03 1.291061e+03 1.280919e+03 1.280681e+03
13.5 1.260244e+03 1.283284e+03 1.277442e+03 1.254402e+03
14.5 1.284176e+03 1.278952e+03 1.277555e+03 1.282780e+03
15.5 1.291767e+03 1.281315e+03 1.279688e+03 1.290140e+03
16.5 1.305913e+03 1.287266e+03 1.281525e+03 1.300171e+03
17.5 1.274633e+03 1.286541e+03 1.280135e+03 1.268226e+03
18.5 1.275923e+03 1.280520e+03 1.277510e+03 1.272913e+03
19.5 1.271356e+03 1.278195e+03 1.278117e+03 1.271278e+03
20.5 1.282093e+03 1.283879e+03 1.280328e+03 1.278541e+03
0.8 1.295428e+03 1.292853e+03 1.283429e+03 1.286004e+03
1.8 1.290823e+03 1.291061e+03 1.280919e+03 1.280681e+03
2.8 1.260244e+03 1.283284e+03 1.277442e+03 1.254402e+03
3.8 1.284176e+03 1.278952e+03 1.277555e+03 1.282780e+03
4.8 1.291767e+03 1.281315e+03 1.279688e+03 1.290140e+03
5.8 1.305913e+03 1.287266e+03 1.281525e+03 1.300171e+03
6.8 1.274633e+03 1.286541e+03 1.280135e+03 1.268226e+03
7.8 1.275923e+03 1.280520e+03 1.277510e+03 1.272913e+03
8.8 1.271356e+03 1.278195e+03 1.278117e+03 1.271278e+03
9.8 1.282093e+03 1.283879e+03 1.280328e+03 1.278541e+03
10.8 1.285502e+03 1.293960e+03 1.282140e+03 1.273682e+03
11.8 1.306003e+03 1.297390e+03 1.281973e+03 1.290586e+03
12.8 1.301786e+03 1.289465e+03 1.278653e+03 1.290974e+03
13.8 1.277897e+03 1.281595e+03 1.277692e+03 1.273994e+03
14.8 1.274093e+03 1.278265e+03 1.279456e+03 1.275283e+03
15.8 1.280172e+03 1.277467e+03 1.281483e+03 1.284188e+03
16.8 1.270307e+03 1.277536e+03 1.282793e+03 1.275565e+03
17.8 1.263675e+03 1.277967e+03 1.283468e+03 1.269176e+03
18.8 1.291118e+03 1.280665e+03 1.283742e+03 1.294195e+03
19.8 1.291788e+03 1.288881e+03 1.283771e+03 1.286678e+03
20.8 1.288263e+03 1.294091e+03 1.282643e+03 1.276816e+03
0.8 1.305913e+03 1.287266e+03 1.281525e+03 1.300171e+03
1.8 1.274633e+03 1.286541e+03 1.280135e+03 1.268226e+03
2.8 1.275923e+03 1.280520e+03 1.277510e+03 1.272913e+03
3.8 1.271356e+03 1.278195e+03 1.278117e+03 1.271278e+03
4.8 1.282093e+03 1.283879e+03 1.280328e+03 1.278541e+03
5.8 1.285502e+03 1.293960e+03 1.282140e+03 1.273682e+03
6.8 1.306003e+03 1.297390e+03 1.281973e+03 1.290586e+03
7.8 1.301786e+03 1.289465e+03 1.278653e+03 1.290974e+03
8.8 1.277897e+03 1.281595e+03 1.277692e+03 1.273994e+03
9.8 1.274093e+03 1.278265e+03 1.279456e+03 1.275283e+03
10.8 1.280172e+03 1.277467e+03 1.281483e+03 1.284188e+03
11.8 1.270307e+03 1.277536e+03 1.282793e+03 1.275565e+03
12.8 1.263675e+03 1.277967e+03 1.283468e+03 1.269176e+03
13.8 1.291118e+03 1.280665e+03 1.283742e+03 1.294195e+03
14.8 1.291788e+03 1.288881e+03 1.283771e+03 1.286678e+03
15.8 1.288263e+03 1.294091e+03 1.282643e+03 1.276816e+03
16.8 1.289167e+03 1.288311e+03 1.278712e+03 1.279568e+03
17.8 1.295280e+03 1.283048e+03 1.277245e+03 1.289477e+03
18.8 1.284064e+03 1.286256e+03 1.278864e+03 1.276672e+03
19.8 1.305249e+03 1.286912e+03 1.280988e+03 1.299325e+03
20.8 1.283470e+03 1.282094e+03 1.282456e+03 1.283832e+03
0.4 1.285502e+03 1.293960e+03 1.282140e+03 1.273682e+03
1.4 1.306003e+03 1.297390e+03 1.281973e+03 1.290586e+03
2.4 1.301786e+03 1.289465e+03 1.278653e+03 1.290974e+03
3.4 1.277897e+03 1.281595e+03 1.277692e+03 1.273994e+03
4.4 1.274093e+03 1.278265e+03 1.279456e+03 1.275283e+03
5.4 1.280172e+03 1.277467e+03 1.281483e+03 1.284188e+03
6.4 1.270307e+03 1.277536e+03 1.282793e+03 1.275565e+03
7.4 1.263675e+03 1.277967e+03 1.283468e+03 1.269176e+03
8.4 1.291118e+03 1.280665e+03 1.283742e+03 1.294195e+03
9.4 1.291788e+03 1.288881e+03 1.283771e+03 1.286678e+03
10.4 1.288263e+03 1.294091e+03 1.282643e+03 1.276816e+03
11.4 1.289167e+03 1.288311e+03 1.278712e+03 1.279568e+03
12.4 1.295280e+03 1.283048e+03 1.277245e+03 1.289477e+03
13.4 1.284064e+03 1.286256e+03 1.278864e+03 1.276672e+03
14.4 1.305249e+03 1.286912e+03 1.280988e+03 1.299325e+03
15.4 1.283470e+03 1.282094e+03 1.282456e+03 1.283832e+03
16.4 1.288003e+03 1.279518e+03 1.283266e+03 1.291751e+03
17.4 1.278363e+03 1.283239e+03 1.283635e+03 1.278758e+03
18.4 1.278894e+03 1.289938e+03 1.283724e+03 1.272680e+03
19.4 1.291783e+03 1.291200e+03 1.283655e+03 1.284239e+03
20.4 1.278164e+03 1.285314e+03 1.283525e+03 1.276375e+03
0.4 1.291788e+03 1.288881e+03 1.283771e+03 1.286678e+03
1.4 1.288263e+03 1.294091e+03 1.282643e+03 1.276816e+03
2.4 1.289167e+03 1.288311e+03 1.278712e+03 1.279568e+03
3.4 1.295280e+03 1.283048e+03 1.277245e+03 1.289477e+03
4.4 1.284064e+03 1.286256e+03 1.278864e+03 1.276672e+03
5.4 1.305249e+03 1.286912e+03 1.280988e+03 1.299325e+03
6.4 1.283470e+03 1.282094e+03 1.282456e+03 1.283832e+03
7.4 1.288003e+03 1.279518e+03 1.283266e+03 1.291751e+03
8.4 1.278363e+03 1.283239e+03 1.283635e+03 1.278758e+03
9.4 1.278894e+03 1.289938e+03 1.283724e+03 1.272680e+03
10.4 1.291783e+03 1.291200e+03 1.283655e+03 1.284239e+03
11.4 1.278164e+03 1.285314e+03 1.283525e+03 1.276375e+03
12.4 1.281325e+03 1.281340e+03 1.283397e+03 1.283382e+03
13.4 1.278349e+03 1.281073e+03 1.283289e+03 1.280566e+03
14.4 1.266526e+03 1.279728e+03 1.281655e+03 1.268452e+03
15.4 1.276614e+03 1.275282e+03 1.277867e+03 1.279199e+03
16.4 1.273523e+03 1.273778e+03 1.277185e+03 1.276931e+03
17.4 1.280367e+03 1.275551e+03 1.279138e+03 1.283954e+03
18.4 1.297187e+03 1.280081e+03 1.281237e+03 1.298343e+03
19.4 1.286886e+03 1.286025e+03 1.282607e+03 1.283468e+03
20.4 1.288254e+03 1.288461e+03 1.283342e+03 1.283136e+03
0.5 1.278349e+03 1.281073e+03 1.283289e+03 1.280566e+03
1.5 1.266526e+03 1.279728e+03 1.281655e+03 1.268452e+03
2.5 1.276614e+03 1.275282e+03 1.277867e+03 1.279199e+03
3.5 1.273523e+03 1.273778e+03 1.277185e+03 1.276931e+03
4.5 1.280367e+03 1.275551e+03 1.279138e+03 1.283954e+03
5.5 1.297187e+03 1.280081e+03 1.281237e+03 1.298343e+03
6.5 1.286886e+03 1.286025e+03 1.282607e+03 1.283468e+03
7.5 1.288254e+03 1.288461e+03 1.283342e+03 1.283136e+03
8.5 1.288149e+03 1.284120e+03 1.283661e+03 1.287690e+03
9.5 1.270775e+03 1.279773e+03 1.283718e+03 1.274720e+03
10.5 1.258066e+03 1.279546e+03 1.283634e+03 1.262154e+03
11.5 1.283237e+03 1.283650e+03 1.283501e+03 1.283088e+03
12.5 1.283484e+03 1.288097e+03 1.283273e+03 1.278661e+03
13.5 1.297666e+03 1.285882e+03 1.280594e+03 1.292377e+03
14.5 1.273301e+03 1.279673e+03 1.277292e+03 1.270920e+03
15.5 1.272873e+03 1.276893e+03 1.277622e+03 1.273601e+03
16.5 1.277461e+03 1.277742e+03 1.279801e+03 1.279519e+03
17.5 1.287010e+03 1.281968e+03 1.281710e+03 1.286752e+03
18.5 1.282353e+03 1.285475e+03 1.282873e+03 1.279751e+03
19.5 1.282367e+03 1.282882e+03 1.283469e+03 1.282954e+03
20.5 1.307134e+03 1.281323e+03 1.283698e+03 1.309510e+03
0.8 1.283484e+03 1.288097e+03 1.283273e+03 1.278661e+03
1.8 1.297666e+03 1.285882e+03 1.280594e+03 1.292377e+03
2.8 1.273301e+03 1.279673e+03 1.277292e+03 1.270920e+03
3.8 1.272873e+03 1.276893e+03 1.277622e+03 1.273601e+03
4.8 1.277461e+03 1.277742e+03 1.279801e+03 1.279519e+03
5.8 1.287010e+03 1.281968e+03 1.281710e+03 1.286752e+03
6.8 1.282353e+03 1.285475e+03 1.282873e+03 1.279751e+03
7.8 1.282367e+03 1.282882e+03 1.283469e+03 1.282954e+03
8.8 1.307134e+03 1.281323e+03 1.283698e+03 1.309510e+03
9.8 1.278063e+03 1.284710e+03 1.283704e+03 1.277058e+03
10.8 1.294282e+03 1.287463e+03 1.283598e+03 1.290418e+03
11.8 1.273378e+03 1.283784e+03 1.283463e+03 1.273057e+03
12.8 1.282764e+03 1.279243e+03 1.283348e+03 1.286869e+03
13.8 1.277484e+03 1.277707e+03 1.283267e+03 1.283045e+03
14.8 1.286064e+03 1.278429e+03 1.283218e+03 1.290853e+03
15.8 1.306568e+03 1.284234e+03 1.283192e+03 1.305526e+03
16.8 1.296665e+03 1.292740e+03 1.283178e+03 1.287104e+03
17.8 1.284716e+03 1.292392e+03 1.283172e+03 1.275495e+03
18.8 1.298875e+03 1.288151e+03 1.283169e+03 1.293893e+03
19.8 1.292364e+03 1.289536e+03 1.283168e+03 1.285996e+03
20.8 1.290005e+03 1.287102e+03 1.283168e+03 1.286070e+03
1.0 1.282067e+03 1.287874e+03 1.282969e+03 1.277161e+03
2.0 1.288050e+03 1.286662e+03 1.280001e+03 1.281389e+03
3.0 1.279029e+03 1.280820e+03 1.277086e+03 1.275295e+03
4.0 1.280851e+03 1.278023e+03 1.277805e+03 1.280633e+03
5.0 1.284712e+03 1.277880e+03 1.280041e+03 1.286873e+03
6.0 1.281830e+03 1.279098e+03 1.281874e+03 1.284606e+03
7.0 1.286586e+03 1.281135e+03 1.282963e+03 1.288414e+03
8.0 1.293150e+03 1.282110e+03 1.283509e+03 1.294549e+03
9.0 1.277050e+03 1.279223e+03 1.283708e+03 1.281535e+03
10.0 1.288262e+03 1.276727e+03 1.283696e+03 1.295230e+03
11.0 1.287295e+03 1.278483e+03 1.283583e+03 1.292395e+03
12.0 1.281749e+03 1.286885e+03 1.283449e+03 1.278313e+03
13.0 1.294422e+03 1.296777e+03 1.283337e+03 1.280982e+03
14.0 1.285560e+03 1.297357e+03 1.283260e+03 1.271463e+03
15.0 1.281857e+03 1.289131e+03 1.283214e+03 1.275939e+03
16.0 1.270517e+03 1.282453e+03 1.283189e+03 1.271254e+03
17.0 1.276450e+03 1.281533e+03 1.283177e+03 1.278094e+03
18.0 1.293602e+03 1.285089e+03 1.283172e+03 1.291684e+03
19.0 1.277639e+03 1.287474e+03 1.283169e+03 1.273334e+03
20.0 1.282292e+03 1.283537e+03 1.283168e+03 1.281924e+03
21.0 1.288274e+03 1.279513e+03 1.283168e+03 1.291929e+03
0.6 1.278480e+03 1.282156e+03 1.283153e+03 1.279478e+03
1.6 1.276010e+03 1.282043e+03 1.281483e+03 1.275450e+03
2.6 1.272382e+03 1.277511e+03 1.277757e+03 1.272629e+03
3.6 1.257076e+03 1.275230e+03 1.277203e+03 1.259049e+03
4.6 1.272030e+03 1.276667e+03 1.279198e+03 1.274561e+03
5.6 1.264652e+03 1.281025e+03 1.281284e+03 1.264911e+03
6.6 1.276639e+03 1.282089e+03 1.282635e+03 1.277184e+03
7.6 1.283545e+03 1.279162e+03 1.283356e+03 1.287738e+03
8.6 1.268309e+03 1.277762e+03 1.283665e+03 1.274212e+03
9.6 1.273574e+03 1.278110e+03 1.283717e+03 1.279182e+03
10.6 1.269560e+03 1.278777e+03 1.283631e+03 1.274413e+03
11.6 1.274806e+03 1.279243e+03 1.283498e+03 1.279060e+03
12.6 1.266585e+03 1.279636e+03 1.283375e+03 1.270324e+03
13.6 1.261078e+03 1.280747e+03 1.283285e+03 1.263616e+03
14.6 1.262400e+03 1.282021e+03 1.283030e+03 1.263409e+03
15.6 1.277060e+03 1.279261e+03 1.280030e+03 1.277829e+03
16.6 1.267719e+03 1.275681e+03 1.277099e+03 1.269137e+03
17.6 1.259101e+03 1.277859e+03 1.277811e+03 1.259053e+03
18.6 1.271578e+03 1.284184e+03 1.280043e+03 1.267437e+03
19.6 1.272409e+03 1.287899e+03 1.281214e+03 1.265724e+03
20.6 1.265364e+03 1.283854e+03 1.278654e+03 1.260164e+03
1.0 1.262400e+03 1.282021e+03 1.283030e+03 1.263409e+03
2.0 1.277060e+03 1.279261e+03 1.280030e+03 1.277829e+03
3.0 1.267719e+03 1.275681e+03 1.277099e+03 1.269137e+03
4.0 1.259101e+03 1.277859e+03 1.277811e+03 1.259053e+03
5.0 1.271578e+03 1.284184e+03 1.280043e+03 1.267437e+03
6.0 1.272409e+03 1.287899e+03 1.281214e+03 1.265724e+03
7.0 1.265364e+03 1.283854e+03 1.278654e+03 1.260164e+03
8.0 1.273152e+03 1.283269e+03 1.277304e+03 1.267187e+03
9.0 1.298341e+03 1.286614e+03 1.277920e+03 1.289647e+03
10.0 1.300080e+03 1.283023e+03 1.276354e+03 1.293412e+03
11.0 1.283195e+03 1.278778e+03 1.276520e+03 1.280937e+03
12.0 1.272239e+03 1.281346e+03 1.279013e+03 1.269906e+03
13.0 1.276592e+03 1.287465e+03 1.281517e+03 1.270643e+03
14.0 1.288443e+03 1.285900e+03 1.283069e+03 1.285612e+03
15.0 1.259172e+03 1.282372e+03 1.283800e+03 1.260600e+03
16.0 1.267340e+03 1.285108e+03 1.284027e+03 1.266258e+03
17.0 1.280315e+03 1.290960e+03 1.283977e+03 1.273331e+03
18.0 1.278368e+03 1.290844e+03 1.283802e+03 1.271326e+03
19.0 1.297672e+03 1.284575e+03 1.283603e+03 1.296700e+03
20.0 1.267304e+03 1.281031e+03 1.283435e+03 1.269709e+03
21.0 1.267924e+03 1.280996e+03 1.283294e+03 1.270222e+03
0.2 1.271578e+03 1.284184e+03 1.280043e+03 1.267437e+03
1.2 1.272409e+03 1.287899e+03 1.281214e+03 1.265724e+03
2.2 1.265364e+03 1.283854e+03 1.278654e+03 1.260164e+03
3.2 1.273152e+03 1.283269e+03 1.277304e+03 1.267187e+03
4.2 1.298341e+03 1.286614e+03 1.277920e+03 1.289647e+03
5.2 1.300080e+03 1.283023e+03 1.276354e+03 1.293412e+03
6.2 1.283195e+03 1.278778e+03 1.276520e+03 1.280937e+03
7.2 1.272239e+03 1.281346e+03 1.279013e+03 1.269906e+03
8.2 1.276592e+03 1.287465e+03 1.281517e+03 1.270643e+03
9.2 1.288443e+03 1.285900e+03 1.283069e+03 1.285612e+03
10.2 1.259172e+03 1.282372e+03 1.283800e+03 1.260600e+03
11.2 1.267340e+03 1.285108e+03 1.284027e+03 1.266258e+03
12.2 1.280315e+03 1.290960e+03 1.283977e+03 1.273331e+03
13.2 1.278368e+03 1.290844e+03 1.283802e+03 1.271326e+03
14.2 1.297672e+03 1.284575e+03 1.283603e+03 1.296700e+03
15.2 1.267304e+03 1.281031e+03 1.283435e+03 1.269709e+03
16.2 1.267924e+03 1.280996e+03 1.283294e+03 1.270222e+03
17.2 1.276793e+03 1.279324e+03 1.281348e+03 1.278818e+03
18.2 1.275580e+03 1.274959e+03 1.277653e+03 1.278274e+03
19.2 1.262747e+03 1.273946e+03 1.277293e+03 1.266094e+03
20.2 1.298167e+03 1.277637e+03 1.279337e+03 1.299867e+03
0.4 1.273152e+03 1.283269e+03 1.277304e+03 1.267187e+03
1.4 1.298341e+03 1.286614e+03 1.277920e+03 1.289647e+03
2.4 1.300080e+03 1.283023e+03 1.276354e+03 1.293412e+03
3.4 1.283195e+03 1.278778e+03 1.276520e+03 1.280937e+03
4.4 1.272239e+03 1.281346e+03 1.279013e+03 1.269906e+03
5.4 1.276592e+03 1.287465e+03 1.281517e+03 1.270643e+03
6.4 1.288443e+03 1.285900e+03 1.283069e+03 1.285612e+03
7.4 1.259172e+03 1.282372e+03 1.283800e+03 1.260600e+03
8.4 1.267340e+03 1.285108e+03 1.284027e+03 1.266258e+03
9.4 1.280315e+03 1.290960e+03 1.283977e+03 1.273331e+03
10.4 1.278368e+03 1.290844e+03 1.283802e+03 1.271326e+03
11.4 1.297672e+03 1.284575e+03 1.283603e+03 1.296700e+03
12.4 1.267304e+03 1.281031e+03 1.283435e+03 1.269709e+03
13.4 1.267924e+03 1.280996e+03 1.283294e+03 1.270222e+03
14.4 1.276793e+03 1.279324e+03 1.281348e+03 1.278818e+03
15.4 1.275580e+03 1.274959e+03 1.277653e+03 1.278274e+03
16.4 1.262747e+03 1.273946e+03 1.277293e+03 1.266094e+03
17.4 1.298167e+03 1.277637e+03 1.279337e+03 1.299867e+03
18.4 1.288371e+03 1.283784e+03 1.281385e+03 1.285971e+03
19.4 1.286728e+03 1.285063e+03 1.282692e+03 1.284356e+03
20.4 1.277132e+03 1.281154e+03 1.283383e+03 1.279361e+03
0.6 1.267924e+03 1.280996e+03 1.283294e+03 1.270222e+03
1.6 1.276793e+03 1.279324e+03 1.281348e+03 1.278818e+03
2.6 1.275580e+03 1.274959e+03 1.277653e+03 1.278274e+03
3.6 1.262747e+03 1.273946e+03 1.277293e+03 1.266094e+03
4.6 1.298167e+03 1.277637e+03 1.279337e+03 1.299867e+03
5.6 1.288371e+03 1.283784e+03 1.281385e+03 1.285971e+03
6.6 1.286728e+03 1.285063e+03 1.282692e+03 1.284356e+03
7.6 1.277132e+03 1.281154e+03 1.283383e+03 1.279361e+03
8.6 1.279748e+03 1.278969e+03 1.283674e+03 1.284453e+03
9.6 1.278484e+03 1.281333e+03 1.283715e+03 1.280867e+03
10.6 1.296090e+03 1.285737e+03 1.283624e+03 1.293977e+03
11.6 1.303485e+03 1.284764e+03 1.283490e+03 1.302211e+03
12.6 1.293967e+03 1.280275e+03 1.283369e+03 1.297060e+03
13.6 1.280774e+03 1.278106e+03 1.283281e+03 1.285949e+03
14.6 1.278532e+03 1.278017e+03 1.283226e+03 1.283741e+03
15.6 1.298600e+03 1.278475e+03 1.283196e+03 1.303321e+03
16.6 1.294514e+03 1.279911e+03 1.283180e+03 1.297783e+03
17.6 1.277267e+03 1.283279e+03 1.283002e+03 1.276991e+03
18.6 1.268021e+03 1.281981e+03 1.280122e+03 1.266162e+03
19.6 1.273578e+03 1.277720e+03 1.277117e+03 1.272976e+03
20.6 1.270177e+03 1.277515e+03 1.277750e+03 1.270412e+03
0.9 1.277267e+03 1.283279e+03 1.283002e+03 1.276991e+03
1.9 1.268021e+03 1.281981e+03 1.280122e+03 1.266162e+03
2.9 1.273578e+03 1.277720e+03 1.277117e+03 1.272976e+03
3.9 1.270177e+03 1.277515e+03 1.277750e+03 1.270412e+03
4.9 1.288776e+03 1.282666e+03 1.279978e+03 1.286087e+03
5.9 1.290363e+03 1.284428e+03 1.281833e+03 1.287767e+03
6.9 1.275715e+03 1.280964e+03 1.282941e+03 1.277692e+03
7.9 1.270608e+03 1.279405e+03 1.283499e+03 1.274703e+03
8.9 1.283141e+03 1.283587e+03 1.283706e+03 1.283260e+03
9.9 1.290600e+03 1.290482e+03 1.283690e+03 1.283808e+03
10.9 1.291801e+03 1.291576e+03 1.282104e+03 1.282329e+03
11.9 1.280001e+03 1.285500e+03 1.278197e+03 1.272697e+03
12.9 1.293699e+03 1.286305e+03 1.277310e+03 1.284705e+03
13.9 1.279767e+03 1.292207e+03 1.279160e+03 1.266720e+03
14.9 1.290863e+03 1.289992e+03 1.281231e+03 1.282103e+03
15.9 1.275225e+03 1.283859e+03 1.282599e+03 1.273965e+03
16.9 1.256622e+03 1.280482e+03 1.283338e+03 1.259477e+03
17.9 1.271985e+03 1.276682e+03 1.283660e+03 1.278963e+03
18.9 1.279817e+03 1.274457e+03 1.283721e+03 1.289081e+03
19.9 1.277275e+03 1.275099e+03 1.283638e+03 1.285815e+03
20.9 1.283875e+03 1.276752e+03 1.283505e+03 1.290629e+03
0.5 1.290600e+03 1.290482e+03 1.283690e+03 1.283808e+03
1.5 1.291801e+03 1.291576e+03 1.282104e+03 1.282329e+03
2.5 1.280001e+03 1.285500e+03 1.278197e+03 1.272697e+03
3.5 1.293699e+03 1.286305e+03 1.277310e+03 1.284705e+03
4.5 1.279767e+03 1.292207e+03 1.279160e+03 1.266720e+03
5.5 1.290863e+03 1.289992e+03 1.281231e+03 1.282103e+03
6.5 1.275225e+03 1.283859e+03 1.282599e+03 1.273965e+03
7.5 1.256622e+03 1.280482e+03 1.283338e+03 1.259477e+03
8.5 1.271985e+03 1.276682e+03 1.283660e+03 1.278963e+03
9.5 1.279817e+03 1.274457e+03 1.283721e+03 1.289081e+03
10.5 1.277275e+03 1.275099e+03 1.283638e+03 1.285815e+03
11.5 1.283875e+03 1.276752e+03 1.283505e+03 1.290629e+03
12.5 1.283639e+03 1.278603e+03 1.283381e+03 1.288417e+03
13.5 1.286976e+03 1.280952e+03 1.283289e+03 1.289314e+03
14.5 1.290519e+03 1.282811e+03 1.283231e+03 1.290938e+03
15.5 1.284028e+03 1.281053e+03 1.283198e+03 1.286174e+03
16.5 1.274356e+03 1.278871e+03 1.283181e+03 1.278667e+03
17.5 1.270773e+03 1.282028e+03 1.283171e+03 1.271916e+03
18.5 1.268885e+03 1.284412e+03 1.281969e+03 1.266441e+03
19.5 1.299894e+03 1.280267e+03 1.278168e+03 1.297795e+03
20.5 1.295587e+03 1.276936e+03 1.277059e+03 1.295710e+03
0.4 1.270773e+03 1.282028e+03 1.283171e+03 1.271916e+03
1.4 1.268885e+03 1.284412e+03 1.281969e+03 1.266441e+03
2.4 1.299894e+03 1.280267e+03 1.278168e+03 1.297795e+03
3.4 1.295587e+03 1.276936e+03 1.277059e+03 1.295710e+03
4.4 1.280395e+03 1.276833e+03 1.278866e+03 1.282428e+03
5.4 1.275075e+03 1.278990e+03 1.281028e+03 1.277112e+03
6.4 1.281171e+03 1.284922e+03 1.282486e+03 1.278735e+03
7.4 1.306298e+03 1.289755e+03 1.283282e+03 1.299825e+03
8.4 1.334680e+03 1.286486e+03 1.283640e+03 1.331834e+03
9.4 1.292299e+03 1.281326e+03 1.283721e+03 1.294694e+03
10.4 1.287760e+03 1.278968e+03 1.283648e+03 1.292440e+03
11.4 1.285597e+03 1.278457e+03 1.283517e+03 1.290657e+03
12.4 1.276452e+03 1.278517e+03 1.283390e+03 1.281326e+03
13.4 1.296969e+03 1.278747e+03 1.283295e+03 1.301517e+03
14.4 1.279555e+03 1.279949e+03 1.283235e+03 1.282841e+03
15.4 1.290828e+03 1.283125e+03 1.283054e+03 1.290757e+03
16.4 1.288190e+03 1.281900e+03 1.280253e+03 1.286543e+03
17.4 1.280417e+03 1.277614e+03 1.277157e+03 1.279960e+03
18.4 1.287830e+03 1.277022e+03 1.277698e+03 1.288506e+03
19.4 1.292122e+03 1.281407e+03 1.279916e+03 1.290632e+03
20.4 1.295585e+03 1.285722e+03 1.281791e+03 1.291654e+03
0.9 1.290828e+03 1.283125e+03 1.283054e+03 1.290757e+03
1.9 1.288190e+03 1.281900e+03 1.280253e+03 1.286543e+03
2.9 1.280417e+03 1.277614e+03 1.277157e+03 1.279960e+03
3.9 1.287830e+03 1.277022e+03 1.277698e+03 1.288506e+03
4.9 1.292122e+03 1.281407e+03 1.279916e+03 1.290632e+03
5.9 1.295585e+03 1.285722e+03 1.281791e+03 1.291654e+03
6.9 1.282637e+03 1.283417e+03 1.282918e+03 1.282138e+03
7.9 1.274647e+03 1.279514e+03 1.283489e+03 1.278622e+03
8.9 1.272047e+03 1.278183e+03 1.283703e+03 1.277566e+03
9.9 1.268994e+03 1.278347e+03 1.283700e+03 1.274347e+03
10.9 1.275389e+03 1.278755e+03 1.283590e+03 1.280225e+03
11.9 1.302580e+03 1.279095e+03 1.283456e+03 1.306940e+03
12.9 1.282183e+03 1.280194e+03 1.283342e+03 1.285331e+03
13.9 1.298087e+03 1.283456e+03 1.283264e+03 1.297895e+03
14.9 1.289829e+03 1.283261e+03 1.283216e+03 1.289785e+03
15.9 1.275614e+03 1.279626e+03 1.283190e+03 1.279178e+03
16.9 1.281968e+03 1.277896e+03 1.283178e+03 1.287250e+03
17.9 1.278674e+03 1.278196e+03 1.283172e+03 1.283650e+03
18.9 1.276380e+03 1.280841e+03 1.283169e+03 1.278707e+03
19.9 1.294630e+03 1.283521e+03 1.283168e+03 1.294277e+03
20.9 1.273586e+03 1.281037e+03 1.283168e+03 1.275717e+03
0.4 1.267155e+03 1.279120e+03 1.283166e+03 1.271201e+03
1.4 1.266236e+03 1.281922e+03 1.282138e+03 1.266452e+03
2.4 1.261238e+03 1.278912e+03 1.278352e+03 1.260677e+03
3.4 1.264026e+03 1.276298e+03 1.277017e+03 1.264745e+03
4.4 1.259915e+03 1.276635e+03 1.278734e+03 1.262015e+03
5.4 1.279709e+03 1.277917e+03 1.280920e+03 1.282713e+03
6.4 1.264065e+03 1.278909e+03 1.282423e+03 1.267579e+03
7.4 1.274869e+03 1.279489e+03 1.283251e+03 1.278631e+03
8.4 1.267991e+03 1.279798e+03 1.283628e+03 1.271822e+03
