0.6 9.901957e+03 9.860313e+03 9.871398e+03 9.913042e+03
1.6 9.926768e+03 9.861750e+03 9.874307e+03 9.939324e+03
2.6 9.898743e+03 9.872688e+03 9.885449e+03 9.911504e+03
3.6 9.925193e+03 9.885679e+03 9.897949e+03 9.937463e+03
4.6 9.945895e+03 9.889253e+03 9.898991e+03 9.955633e+03
5.6 9.930753e+03 9.883587e+03 9.890045e+03 9.937211e+03
6.6 9.886047e+03 9.874871e+03 9.880979e+03 9.892155e+03
7.6 9.885607e+03 9.874087e+03 9.881573e+03 9.893093e+03
8.6 9.935760e+03 9.881374e+03 9.890131e+03 9.944517e+03
9.6 9.938125e+03 9.883989e+03 9.891580e+03 9.945715e+03
10.6 9.903339e+03 9.879156e+03 9.884661e+03 9.908845e+03
11.6 9.838100e+03 9.871664e+03 9.877085e+03 9.843521e+03
12.6 9.845453e+03 9.869195e+03 9.872228e+03 9.848486e+03
13.6 9.897328e+03 9.872001e+03 9.869812e+03 9.895138e+03
14.6 9.897887e+03 9.874074e+03 9.868924e+03 9.892737e+03
15.6 9.901121e+03 9.873432e+03 9.868927e+03 9.896615e+03
16.6 9.902644e+03 9.869631e+03 9.869381e+03 9.902395e+03
17.6 9.879618e+03 9.865067e+03 9.869967e+03 9.884518e+03
18.6 9.872097e+03 9.861846e+03 9.870488e+03 9.880740e+03
19.6 9.866251e+03 9.860202e+03 9.870866e+03 9.876915e+03
20.6 9.841405e+03 9.859662e+03 9.871105e+03 9.852847e+03
21.6 9.845212e+03 9.861239e+03 9.871239e+03 9.855213e+03
0.2 9.930753e+03 9.883587e+03 9.890045e+03 9.937211e+03
1.2 9.886047e+03 9.874871e+03 9.880979e+03 9.892155e+03
2.2 9.885607e+03 9.874087e+03 9.881573e+03 9.893093e+03
3.2 9.935760e+03 9.881374e+03 9.890131e+03 9.944517e+03
4.2 9.938125e+03 9.883989e+03 9.891580e+03 9.945715e+03
5.2 9.903339e+03 9.879156e+03 9.884661e+03 9.908845e+03
6.2 9.838100e+03 9.871664e+03 9.877085e+03 9.843521e+03
7.2 9.845453e+03 9.869195e+03 9.872228e+03 9.848486e+03
8.2 9.897328e+03 9.872001e+03 9.869812e+03 9.895138e+03
9.2 9.897887e+03 9.874074e+03 9.868924e+03 9.892737e+03
10.2 9.901121e+03 9.873432e+03 9.868927e+03 9.896615e+03
11.2 9.902644e+03 9.869631e+03 9.869381e+03 9.902395e+03
12.2 9.879618e+03 9.865067e+03 9.869967e+03 9.884518e+03
13.1 9.872097e+03 9.861846e+03 9.870488e+03 9.880740e+03
14.1 9.866251e+03 9.860202e+03 9.870866e+03 9.876915e+03
15.1 9.841405e+03 9.859662e+03 9.871105e+03 9.852847e+03
16.1 9.845212e+03 9.861239e+03 9.871239e+03 9.855213e+03
17.1 9.838756e+03 9.867007e+03 9.871309e+03 9.843058e+03
18.1 9.844889e+03 9.872358e+03 9.871342e+03 9.843873e+03
19.1 9.876882e+03 9.874134e+03 9.871356e+03 9.874103e+03
20.1 9.888446e+03 9.872617e+03 9.871362e+03 9.887191e+03
21.1 9.878681e+03 9.872463e+03 9.871365e+03 9.877583e+03
0.4 9.861816e+03 9.863722e+03 9.871369e+03 9.869462e+03
1.4 9.833250e+03 9.861794e+03 9.872963e+03 9.844419e+03
2.4 9.848206e+03 9.870215e+03 9.882334e+03 9.860325e+03
3.4 9.878990e+03 9.883772e+03 9.895745e+03 9.890963e+03
4.4 9.944012e+03 9.887506e+03 9.899966e+03 9.956473e+03
5.4 9.886023e+03 9.880376e+03 9.892438e+03 9.898084e+03
6.4 9.852554e+03 9.883033e+03 9.882311e+03 9.851831e+03
7.4 9.851879e+03 9.895469e+03 9.874991e+03 9.831401e+03
8.4 9.881001e+03 9.899810e+03 9.870896e+03 9.852087e+03
9.4 9.879813e+03 9.891591e+03 9.869059e+03 9.857280e+03
10.4 9.847000e+03 9.878395e+03 9.868629e+03 9.837234e+03
11.4 9.827115e+03 9.868238e+03 9.868970e+03 9.827848e+03
12.4 9.866181e+03 9.868982e+03 9.869605e+03 9.866803e+03
13.4 9.879878e+03 9.878912e+03 9.870228e+03 9.871194e+03
14.4 9.914286e+03 9.884170e+03 9.870704e+03 9.900820e+03
15.4 9.855232e+03 9.876769e+03 9.871014e+03 9.849476e+03
16.4 9.837611e+03 9.867125e+03 9.871192e+03 9.841679e+03
17.4 9.873396e+03 9.866043e+03 9.871286e+03 9.878639e+03
18.4 9.899470e+03 9.878978e+03 9.871331e+03 9.891823e+03
19.4 9.889831e+03 9.894166e+03 9.871352e+03 9.867017e+03
20.4 9.895103e+03 9.896533e+03 9.871361e+03 9.869930e+03
21.4 9.832034e+03 9.887520e+03 9.871364e+03 9.815878e+03
0.4 9.878414e+03 9.889887e+03 9.871370e+03 9.859896e+03
1.4 9.869850e+03 9.882891e+03 9.873103e+03 9.860062e+03
2.4 9.874859e+03 9.881619e+03 9.882649e+03 9.875890e+03
3.4 9.893258e+03 9.885127e+03 9.893132e+03 9.901263e+03
4.4 9.903119e+03 9.878955e+03 9.892359e+03 9.916522e+03
5.4 9.882304e+03 9.869666e+03 9.884585e+03 9.897222e+03
6.4 9.853242e+03 9.871156e+03 9.877282e+03 9.859368e+03
7.4 9.899885e+03 9.878876e+03 9.872679e+03 9.893688e+03
8.4 9.933712e+03 9.876901e+03 9.870459e+03 9.927271e+03
9.4 9.878144e+03 9.873076e+03 9.874155e+03 9.879224e+03
10.4 9.877090e+03 9.879624e+03 9.886626e+03 9.884093e+03
11.4 9.875063e+03 9.887660e+03 9.897790e+03 9.885194e+03
12.4 9.871592e+03 9.882986e+03 9.896307e+03 9.884913e+03
13.4 9.852235e+03 9.871558e+03 9.886930e+03 9.867606e+03
14.4 9.860411e+03 9.865413e+03 9.878124e+03 9.873121e+03
15.4 9.858322e+03 9.872782e+03 9.872568e+03 9.858108e+03
16.4 9.927044e+03 9.878559e+03 9.869735e+03 9.918221e+03
17.4 9.874610e+03 9.872762e+03 9.868686e+03 9.870535e+03
18.4 9.883449e+03 9.866300e+03 9.869610e+03 9.886759e+03
19.4 9.837672e+03 9.870078e+03 9.878021e+03 9.845615e+03
20.4 9.851339e+03 9.880218e+03 9.890312e+03 9.861433e+03
21.4 9.877603e+03 9.883676e+03 9.892476e+03 9.886404e+03
0.9 9.933712e+03 9.876901e+03 9.870459e+03 9.927271e+03
1.9 9.878144e+03 9.873076e+03 9.874155e+03 9.879224e+03
2.9 9.877090e+03 9.879624e+03 9.886626e+03 9.884093e+03
3.9 9.875063e+03 9.887660e+03 9.897790e+03 9.885194e+03
4.9 9.871592e+03 9.882986e+03 9.896307e+03 9.884913e+03
5.9 9.852235e+03 9.871558e+03 9.886930e+03 9.867606e+03
6.9 9.860411e+03 9.865413e+03 9.878124e+03 9.873121e+03
7.9 9.858322e+03 9.872782e+03 9.872568e+03 9.858108e+03
8.9 9.927044e+03 9.878559e+03 9.869735e+03 9.918221e+03
9.9 9.874610e+03 9.872762e+03 9.868686e+03 9.870535e+03
10.9 9.883449e+03 9.866300e+03 9.869610e+03 9.886759e+03
11.9 9.837672e+03 9.870078e+03 9.878021e+03 9.845615e+03
12.9 9.851339e+03 9.880218e+03 9.890312e+03 9.861433e+03
13.9 9.877603e+03 9.883676e+03 9.892476e+03 9.886404e+03
14.9 9.873198e+03 9.878986e+03 9.885764e+03 9.879976e+03
15.9 9.840296e+03 9.871148e+03 9.878278e+03 9.847426e+03
16.9 9.867567e+03 9.865413e+03 9.873272e+03 9.875426e+03
17.9 9.855148e+03 9.870316e+03 9.870580e+03 9.855412e+03
18.9 9.826660e+03 9.886692e+03 9.869440e+03 9.809408e+03
19.9 9.872753e+03 9.897699e+03 9.869263e+03 9.844317e+03
20.9 9.892793e+03 9.889862e+03 9.869599e+03 9.872530e+03
21.9 9.870899e+03 9.875359e+03 9.870106e+03 9.865646e+03
0.2 9.874610e+03 9.872762e+03 9.868686e+03 9.870535e+03
1.2 9.883449e+03 9.866300e+03 9.869610e+03 9.886759e+03
2.2 9.837672e+03 9.870078e+03 9.878021e+03 9.845615e+03
3.2 9.851339e+03 9.880218e+03 9.890312e+03 9.861433e+03
4.2 9.877603e+03 9.883676e+03 9.892476e+03 9.886404e+03
5.2 9.873198e+03 9.878986e+03 9.885764e+03 9.879976e+03
6.2 9.840296e+03 9.871148e+03 9.878278e+03 9.847426e+03
7.2 9.867567e+03 9.865413e+03 9.873272e+03 9.875426e+03
8.2 9.855148e+03 9.870316e+03 9.870580e+03 9.855412e+03
9.2 9.826660e+03 9.886692e+03 9.869440e+03 9.809408e+03
10.2 9.872753e+03 9.897699e+03 9.869263e+03 9.844317e+03
11.2 9.892793e+03 9.889862e+03 9.869599e+03 9.872530e+03
12.2 9.870899e+03 9.875359e+03 9.870106e+03 9.865646e+03
13.2 9.830866e+03 9.866379e+03 9.870573e+03 9.835059e+03
14.2 9.858115e+03 9.866393e+03 9.870915e+03 9.862637e+03
15.2 9.872663e+03 9.870596e+03 9.871131e+03 9.873198e+03
16.2 9.872225e+03 9.870040e+03 9.871252e+03 9.873438e+03
17.2 9.834978e+03 9.864285e+03 9.871314e+03 9.842007e+03
18.2 9.849685e+03 9.860872e+03 9.871344e+03 9.860157e+03
19.2 9.831696e+03 9.867978e+03 9.871357e+03 9.835076e+03
20.2 9.840443e+03 9.885390e+03 9.871363e+03 9.826416e+03
21.2 9.857255e+03 9.896754e+03 9.871365e+03 9.831867e+03
0.5 9.816758e+03 9.863385e+03 9.871376e+03 9.824750e+03
1.5 9.816335e+03 9.861880e+03 9.873571e+03 9.828026e+03
2.5 9.864162e+03 9.870965e+03 9.883868e+03 9.877065e+03
3.5 9.840114e+03 9.884327e+03 9.896927e+03 9.852714e+03
4.5 9.850824e+03 9.886451e+03 9.899555e+03 9.863928e+03
5.5 9.871939e+03 9.879575e+03 9.891248e+03 9.883612e+03
6.5 9.948412e+03 9.884003e+03 9.881295e+03 9.945705e+03
7.5 9.948333e+03 9.896631e+03 9.874375e+03 9.926077e+03
8.5 9.956603e+03 9.899709e+03 9.870590e+03 9.927483e+03
9.5 9.957561e+03 9.890616e+03 9.868952e+03 9.935898e+03
10.5 9.877658e+03 9.877788e+03 9.868640e+03 9.868509e+03
11.5 9.845182e+03 9.874804e+03 9.869035e+03 9.839414e+03
12.5 9.860033e+03 9.884328e+03 9.869681e+03 9.845386e+03
13.5 9.856138e+03 9.886042e+03 9.870291e+03 9.840387e+03
14.5 9.840170e+03 9.875584e+03 9.870748e+03 9.835334e+03
15.5 9.833146e+03 9.866625e+03 9.871040e+03 9.837562e+03
16.5 9.819458e+03 9.871293e+03 9.871207e+03 9.819371e+03
17.5 9.860670e+03 9.884680e+03 9.871293e+03 9.847284e+03
18.5 9.878734e+03 9.885427e+03 9.871335e+03 9.864642e+03
19.5 9.872006e+03 9.874847e+03 9.871353e+03 9.868512e+03
20.5 9.856362e+03 9.865625e+03 9.871361e+03 9.862098e+03
21.5 9.830135e+03 9.860813e+03 9.871365e+03 9.840687e+03
0.5 9.928649e+03 9.880110e+03 9.871376e+03 9.919915e+03
1.5 9.930112e+03 9.875041e+03 9.873571e+03 9.928642e+03
2.5 9.866570e+03 9.877389e+03 9.882530e+03 9.871711e+03
3.5 9.837588e+03 9.876884e+03 9.887609e+03 9.848313e+03
4.5 9.810319e+03 9.869287e+03 9.884159e+03 9.825191e+03
5.5 9.851476e+03 9.864272e+03 9.879777e+03 9.866981e+03
6.5 9.819507e+03 9.870422e+03 9.884544e+03 9.833629e+03
7.5 9.818826e+03 9.883035e+03 9.895515e+03 9.831306e+03
8.5 9.891783e+03 9.888869e+03 9.898940e+03 9.901854e+03
9.5 9.870214e+03 9.885671e+03 9.891266e+03 9.875810e+03
10.5 9.848544e+03 9.881141e+03 9.881226e+03 9.848629e+03
11.5 9.834024e+03 9.877952e+03 9.874134e+03 9.830207e+03
12.5 9.867317e+03 9.870858e+03 9.870307e+03 9.866766e+03
13.5 9.884580e+03 9.869658e+03 9.868694e+03 9.883616e+03
14.5 9.918178e+03 9.877379e+03 9.868416e+03 9.909215e+03
15.5 9.940817e+03 9.875762e+03 9.868849e+03 9.933904e+03
16.5 9.962486e+03 9.868022e+03 9.869537e+03 9.964001e+03
17.5 9.918864e+03 9.862454e+03 9.870191e+03 9.926601e+03
18.5 9.844579e+03 9.860066e+03 9.870684e+03 9.855197e+03
19.5 9.836489e+03 9.864323e+03 9.871004e+03 9.843170e+03
20.5 9.841353e+03 9.880487e+03 9.871187e+03 9.832053e+03
21.5 9.833266e+03 9.896967e+03 9.871284e+03 9.807583e+03
0.4 9.810319e+03 9.869287e+03 9.884159e+03 9.825191e+03
1.4 9.851476e+03 9.864272e+03 9.879777e+03 9.866981e+03
2.4 9.819507e+03 9.870422e+03 9.884544e+03 9.833629e+03
3.4 9.818826e+03 9.883035e+03 9.895515e+03 9.831306e+03
4.4 9.891783e+03 9.888869e+03 9.898940e+03 9.901854e+03
5.4 9.870214e+03 9.885671e+03 9.891266e+03 9.875810e+03
6.4 9.848544e+03 9.881141e+03 9.881226e+03 9.848629e+03
7.4 9.834024e+03 9.877952e+03 9.874134e+03 9.830207e+03
8.4 9.867317e+03 9.870858e+03 9.870307e+03 9.866766e+03
9.4 9.884580e+03 9.869658e+03 9.868694e+03 9.883616e+03
10.4 9.918178e+03 9.877379e+03 9.868416e+03 9.909215e+03
11.4 9.940817e+03 9.875762e+03 9.868849e+03 9.933904e+03
12.4 9.962486e+03 9.868022e+03 9.869537e+03 9.964001e+03
13.4 9.918864e+03 9.862454e+03 9.870191e+03 9.926601e+03
14.4 9.844579e+03 9.860066e+03 9.870684e+03 9.855197e+03
15.4 9.836489e+03 9.864323e+03 9.871004e+03 9.843170e+03
16.4 9.841353e+03 9.880487e+03 9.871187e+03 9.832053e+03
17.4 9.833266e+03 9.896967e+03 9.871284e+03 9.807583e+03
18.4 9.859387e+03 9.895590e+03 9.871331e+03 9.835128e+03
19.4 9.877628e+03 9.885906e+03 9.871351e+03 9.863073e+03
20.4 9.935620e+03 9.888365e+03 9.871360e+03 9.918615e+03
21.4 9.936718e+03 9.892580e+03 9.871364e+03 9.915501e+03
0.5 9.884591e+03 9.866963e+03 9.871380e+03 9.889008e+03
1.5 9.863885e+03 9.863386e+03 9.873743e+03 9.874243e+03
2.5 9.856930e+03 9.871081e+03 9.884145e+03 9.869994e+03
3.5 9.882179e+03 9.879749e+03 9.893920e+03 9.896350e+03
4.5 9.901923e+03 9.876036e+03 9.892055e+03 9.917942e+03
5.5 9.908221e+03 9.867618e+03 9.883971e+03 9.924574e+03
6.5 9.928031e+03 9.862190e+03 9.876800e+03 9.942641e+03
7.5 9.923065e+03 9.859835e+03 9.872380e+03 9.935610e+03
8.5 9.918451e+03 9.859062e+03 9.870134e+03 9.929523e+03
9.5 9.866870e+03 9.859102e+03 9.869296e+03 9.877064e+03
10.5 9.878439e+03 9.862130e+03 9.869303e+03 9.885612e+03
11.5 9.876845e+03 9.871470e+03 9.869722e+03 9.875097e+03
12.5 9.862375e+03 9.878016e+03 9.870238e+03 9.854597e+03
13.5 9.837579e+03 9.877077e+03 9.870678e+03 9.831180e+03
14.5 9.848864e+03 9.874140e+03 9.870985e+03 9.845708e+03
15.5 9.876272e+03 9.881700e+03 9.871172e+03 9.865743e+03
16.5 9.896790e+03 9.891175e+03 9.871274e+03 9.876888e+03
17.5 9.891183e+03 9.885541e+03 9.871325e+03 9.876967e+03
18.5 9.840865e+03 9.873150e+03 9.871349e+03 9.839064e+03
19.5 9.860000e+03 9.864391e+03 9.871359e+03 9.866969e+03
20.5 9.846480e+03 9.860110e+03 9.871364e+03 9.857733e+03
21.5 9.846869e+03 9.858460e+03 9.871366e+03 9.859775e+03
