0.3 8.952057e+03 8.857040e+03 8.872862e+03 8.967879e+03
1.3 8.907119e+03 8.858133e+03 8.873956e+03 8.922941e+03
2.3 8.956510e+03 8.866389e+03 8.882187e+03 8.972307e+03
3.3 8.939938e+03 8.877731e+03 8.889819e+03 8.952025e+03
4.3 9.018842e+03 8.884872e+03 8.887856e+03 9.021827e+03
5.3 8.966397e+03 8.888219e+03 8.881676e+03 8.959855e+03
6.3 8.962795e+03 8.895143e+03 8.876528e+03 8.944180e+03
7.3 8.941245e+03 8.888499e+03 8.873444e+03 8.926190e+03
8.3 8.981537e+03 8.873055e+03 8.871897e+03 8.980379e+03
9.3 8.864792e+03 8.861346e+03 8.871337e+03 8.874784e+03
10.3 8.861402e+03 8.855417e+03 8.871371e+03 8.877357e+03
11.3 8.912450e+03 8.856683e+03 8.871689e+03 8.927456e+03
12.3 8.882251e+03 8.870038e+03 8.872066e+03 8.884279e+03
13.3 8.947273e+03 8.886225e+03 8.872381e+03 8.933430e+03
14.3 8.948198e+03 8.894146e+03 8.872598e+03 8.926651e+03
15.3 8.980118e+03 8.892096e+03 8.872729e+03 8.960751e+03
16.3 8.910354e+03 8.881270e+03 8.872799e+03 8.901884e+03
17.3 8.917604e+03 8.877360e+03 8.872834e+03 8.913079e+03
18.3 8.949187e+03 8.883775e+03 8.872850e+03 8.938261e+03
19.3 8.941478e+03 8.888955e+03 8.872857e+03 8.925380e+03
20.3 8.928640e+03 8.886698e+03 8.872860e+03 8.914802e+03
0.2 8.845970e+03 8.887815e+03 8.872862e+03 8.831017e+03
1.2 8.836469e+03 8.871419e+03 8.873751e+03 8.838800e+03
2.2 8.890695e+03 8.868141e+03 8.882062e+03 8.904617e+03
3.2 8.900336e+03 8.877024e+03 8.896818e+03 8.920130e+03
4.2 8.883920e+03 8.881868e+03 8.904349e+03 8.906401e+03
5.2 8.850858e+03 8.873050e+03 8.898001e+03 8.875809e+03
6.2 8.822473e+03 8.862134e+03 8.886827e+03 8.847165e+03
7.2 8.883609e+03 8.861039e+03 8.878097e+03 8.900667e+03
8.2 8.909947e+03 8.875565e+03 8.873009e+03 8.907392e+03
9.2 8.876143e+03 8.892732e+03 8.870601e+03 8.854011e+03
10.2 8.886987e+03 8.899423e+03 8.869888e+03 8.857452e+03
11.2 8.866683e+03 8.894481e+03 8.870138e+03 8.842340e+03
12.2 8.838245e+03 8.880632e+03 8.870809e+03 8.828422e+03
13.2 8.873660e+03 8.869418e+03 8.873899e+03 8.878141e+03
14.2 8.840481e+03 8.871649e+03 8.885545e+03 8.854377e+03
15.2 8.883900e+03 8.877448e+03 8.896588e+03 8.903040e+03
16.2 8.906212e+03 8.872060e+03 8.895429e+03 8.929581e+03
17.2 8.897513e+03 8.869204e+03 8.893800e+03 8.922109e+03
18.2 8.826380e+03 8.877942e+03 8.900613e+03 8.849051e+03
19.2 8.867763e+03 8.884880e+03 8.905317e+03 8.888200e+03
20.2 8.864379e+03 8.877252e+03 8.898150e+03 8.885277e+03
0.5 8.838245e+03 8.880632e+03 8.870809e+03 8.828422e+03
1.5 8.873660e+03 8.869418e+03 8.873899e+03 8.878141e+03
2.5 8.840481e+03 8.871649e+03 8.885545e+03 8.854377e+03
3.5 8.883900e+03 8.877448e+03 8.896588e+03 8.903040e+03
4.5 8.906212e+03 8.872060e+03 8.895429e+03 8.929581e+03
5.5 8.897513e+03 8.869204e+03 8.893800e+03 8.922109e+03
6.5 8.826380e+03 8.877942e+03 8.900613e+03 8.849051e+03
7.5 8.867763e+03 8.884880e+03 8.905317e+03 8.888200e+03
8.5 8.864379e+03 8.877252e+03 8.898150e+03 8.885277e+03
9.5 8.871256e+03 8.865135e+03 8.886142e+03 8.892263e+03
10.5 8.890887e+03 8.857558e+03 8.876891e+03 8.910219e+03
11.5 8.861932e+03 8.855166e+03 8.871776e+03 8.878542e+03
12.5 8.867031e+03 8.862099e+03 8.869605e+03 8.874538e+03
13.5 8.890743e+03 8.874294e+03 8.869173e+03 8.885622e+03
14.5 8.835397e+03 8.875101e+03 8.869654e+03 8.829951e+03
15.5 8.883493e+03 8.870468e+03 8.870485e+03 8.883510e+03
16.5 8.885148e+03 8.872884e+03 8.871304e+03 8.883568e+03
17.5 8.870663e+03 8.870085e+03 8.871940e+03 8.872517e+03
18.5 8.882111e+03 8.862251e+03 8.872362e+03 8.892222e+03
19.5 8.911289e+03 8.856903e+03 8.872611e+03 8.926997e+03
20.5 8.861055e+03 8.854822e+03 8.872744e+03 8.878977e+03
0.1 8.883900e+03 8.877448e+03 8.896588e+03 8.903040e+03
1.1 8.906212e+03 8.872060e+03 8.895429e+03 8.929581e+03
2.1 8.897513e+03 8.869204e+03 8.893800e+03 8.922109e+03
3.1 8.826380e+03 8.877942e+03 8.900613e+03 8.849051e+03
4.1 8.867763e+03 8.884880e+03 8.905317e+03 8.888200e+03
5.1 8.864379e+03 8.877252e+03 8.898150e+03 8.885277e+03
6.1 8.871256e+03 8.865135e+03 8.886142e+03 8.892263e+03
7.1 8.890887e+03 8.857558e+03 8.876891e+03 8.910219e+03
8.1 8.861932e+03 8.855166e+03 8.871776e+03 8.878542e+03
9.1 8.867031e+03 8.862099e+03 8.869605e+03 8.874538e+03
10.1 8.890743e+03 8.874294e+03 8.869173e+03 8.885622e+03
11.1 8.835397e+03 8.875101e+03 8.869654e+03 8.829951e+03
12.1 8.883493e+03 8.870468e+03 8.870485e+03 8.883510e+03
13.1 8.885148e+03 8.872884e+03 8.871304e+03 8.883568e+03
14.1 8.870663e+03 8.870085e+03 8.871940e+03 8.872517e+03
15.1 8.882111e+03 8.862251e+03 8.872362e+03 8.892222e+03
16.1 8.911289e+03 8.856903e+03 8.872611e+03 8.926997e+03
17.1 8.861055e+03 8.854822e+03 8.872744e+03 8.878977e+03
18.1 8.889978e+03 8.854706e+03 8.872810e+03 8.908082e+03
19.1 8.872030e+03 8.862003e+03 8.872841e+03 8.882868e+03
20.1 8.924477e+03 8.879746e+03 8.872853e+03 8.917584e+03
0.3 8.910995e+03 8.878712e+03 8.872862e+03 8.905146e+03
1.3 8.884098e+03 8.867547e+03 8.874190e+03 8.890741e+03
2.3 8.867026e+03 8.868665e+03 8.883574e+03 8.881936e+03
3.3 8.907893e+03 8.877087e+03 8.895796e+03 8.926601e+03
4.3 8.920310e+03 8.874608e+03 8.896404e+03 8.942105e+03
5.3 8.864998e+03 8.870534e+03 8.888303e+03 8.882767e+03
6.3 8.882622e+03 8.879098e+03 8.880070e+03 8.883594e+03
7.3 8.857658e+03 8.889257e+03 8.874725e+03 8.843126e+03
8.3 8.873223e+03 8.883773e+03 8.871900e+03 8.861349e+03
9.3 8.844362e+03 8.869886e+03 8.870738e+03 8.845214e+03
10.3 8.855057e+03 8.862503e+03 8.870596e+03 8.863150e+03
11.3 8.861226e+03 8.872701e+03 8.870985e+03 8.859509e+03
12.3 8.931588e+03 8.880722e+03 8.871538e+03 8.922404e+03
13.3 8.878060e+03 8.873279e+03 8.872035e+03 8.876816e+03
14.3 8.850664e+03 8.864409e+03 8.872395e+03 8.858650e+03
15.3 8.855130e+03 8.868237e+03 8.872620e+03 8.859513e+03
16.3 8.865429e+03 8.880474e+03 8.872745e+03 8.857700e+03
17.3 8.893448e+03 8.888625e+03 8.872809e+03 8.877632e+03
18.3 8.866817e+03 8.886847e+03 8.872839e+03 8.852809e+03
19.3 8.864630e+03 8.876205e+03 8.872853e+03 8.861277e+03
20.3 8.880963e+03 8.866139e+03 8.872858e+03 8.887682e+03
0.3 8.827103e+03 8.866080e+03 8.872862e+03 8.833885e+03
1.3 8.841532e+03 8.860298e+03 8.874069e+03 8.855304e+03
2.3 8.864595e+03 8.865493e+03 8.882496e+03 8.881597e+03
3.3 8.850743e+03 8.875695e+03 8.889892e+03 8.864940e+03
4.3 8.861264e+03 8.882134e+03 8.887702e+03 8.866831e+03
5.3 8.858131e+03 8.877597e+03 8.881510e+03 8.862044e+03
6.3 8.882311e+03 8.870586e+03 8.878635e+03 8.890359e+03
7.3 8.879613e+03 8.872667e+03 8.885118e+03 8.892065e+03
8.3 8.843906e+03 8.872289e+03 8.889156e+03 8.860774e+03
9.3 8.830985e+03 8.864365e+03 8.885017e+03 8.851637e+03
10.3 8.869961e+03 8.857733e+03 8.878836e+03 8.891064e+03
11.3 8.908178e+03 8.854857e+03 8.874491e+03 8.927811e+03
12.3 8.904328e+03 8.854169e+03 8.872192e+03 8.922352e+03
13.3 8.833088e+03 8.854374e+03 8.871225e+03 8.849939e+03
14.3 8.790095e+03 8.856583e+03 8.871046e+03 8.804558e+03
15.3 8.853665e+03 8.871613e+03 8.871298e+03 8.853350e+03
16.3 8.904573e+03 8.893895e+03 8.871714e+03 8.882393e+03
17.3 8.895760e+03 8.904226e+03 8.872119e+03 8.863652e+03
18.3 8.850538e+03 8.899200e+03 8.872428e+03 8.823766e+03
19.3 8.922437e+03 8.893394e+03 8.872630e+03 8.901673e+03
20.3 8.927250e+03 8.898152e+03 8.872747e+03 8.901846e+03
0.5 8.858131e+03 8.877597e+03 8.881510e+03 8.862044e+03
1.5 8.882311e+03 8.870586e+03 8.878635e+03 8.890359e+03
2.5 8.879613e+03 8.872667e+03 8.885118e+03 8.892065e+03
3.5 8.843906e+03 8.872289e+03 8.889156e+03 8.860774e+03
4.5 8.830985e+03 8.864365e+03 8.885017e+03 8.851637e+03
5.5 8.869961e+03 8.857733e+03 8.878836e+03 8.891064e+03
6.5 8.908178e+03 8.854857e+03 8.874491e+03 8.927811e+03
7.5 8.904328e+03 8.854169e+03 8.872192e+03 8.922352e+03
8.5 8.833088e+03 8.854374e+03 8.871225e+03 8.849939e+03
9.5 8.790095e+03 8.856583e+03 8.871046e+03 8.804558e+03
10.5 8.853665e+03 8.871613e+03 8.871298e+03 8.853350e+03
11.5 8.904573e+03 8.893895e+03 8.871714e+03 8.882393e+03
12.5 8.895760e+03 8.904226e+03 8.872119e+03 8.863652e+03
13.5 8.850538e+03 8.899200e+03 8.872428e+03 8.823766e+03
14.5 8.922437e+03 8.893394e+03 8.872630e+03 8.901673e+03
15.5 8.927250e+03 8.898152e+03 8.872747e+03 8.901846e+03
16.5 8.913771e+03 8.902205e+03 8.872809e+03 8.884375e+03
17.5 8.925729e+03 8.899720e+03 8.872839e+03 8.898849e+03
18.5 8.930961e+03 8.894277e+03 8.872852e+03 8.909537e+03
19.5 8.928327e+03 8.889663e+03 8.872858e+03 8.911522e+03
20.5 8.858743e+03 8.886564e+03 8.872860e+03 8.845039e+03
0.6 8.859854e+03 8.853963e+03 8.872888e+03 8.878779e+03
1.6 8.839713e+03 8.857509e+03 8.875846e+03 8.858050e+03
2.6 8.863310e+03 8.868473e+03 8.885714e+03 8.880551e+03
3.6 8.826796e+03 8.880108e+03 8.890110e+03 8.836798e+03
4.6 8.793781e+03 8.883622e+03 8.885844e+03 8.796002e+03
5.6 8.801466e+03 8.879399e+03 8.879679e+03 8.801745e+03
6.6 8.855580e+03 8.884289e+03 8.875256e+03 8.846547e+03
7.6 8.857729e+03 8.891843e+03 8.872772e+03 8.838658e+03
8.6 8.856490e+03 8.883798e+03 8.871616e+03 8.844309e+03
9.6 8.804123e+03 8.869199e+03 8.871299e+03 8.806223e+03
10.6 8.836479e+03 8.859259e+03 8.871461e+03 8.848681e+03
11.6 8.810490e+03 8.854619e+03 8.871820e+03 8.827691e+03
12.6 8.829183e+03 8.853024e+03 8.872184e+03 8.848343e+03
13.6 8.842134e+03 8.853005e+03 8.872467e+03 8.861595e+03
14.6 8.837410e+03 8.857131e+03 8.872651e+03 8.852931e+03
15.6 8.874697e+03 8.870871e+03 8.872758e+03 8.876584e+03
16.6 8.882829e+03 8.876520e+03 8.872814e+03 8.879123e+03
17.6 8.859175e+03 8.869681e+03 8.872841e+03 8.862335e+03
18.6 8.861295e+03 8.862143e+03 8.872853e+03 8.872005e+03
19.6 8.811559e+03 8.858391e+03 8.873354e+03 8.826521e+03
20.6 8.864874e+03 8.863149e+03 8.880067e+03 8.881792e+03
0.1 8.861295e+03 8.862143e+03 8.872853e+03 8.872005e+03
1.1 8.811559e+03 8.858391e+03 8.873354e+03 8.826521e+03
2.1 8.864874e+03 8.863149e+03 8.880067e+03 8.881792e+03
3.1 8.876628e+03 8.871085e+03 8.889354e+03 8.894897e+03
4.1 8.840042e+03 8.868363e+03 8.889282e+03 8.860961e+03
5.1 8.858276e+03 8.862032e+03 8.883272e+03 8.879516e+03
6.1 8.848369e+03 8.867270e+03 8.877572e+03 8.858671e+03
7.1 8.865811e+03 8.889014e+03 8.873985e+03 8.850782e+03
8.1 8.879020e+03 8.906960e+03 8.872115e+03 8.844174e+03
9.1 8.890179e+03 8.899736e+03 8.871361e+03 8.861803e+03
10.1 8.824952e+03 8.880694e+03 8.871927e+03 8.816185e+03
11.1 8.828397e+03 8.872662e+03 8.879403e+03 8.835139e+03
12.1 8.860606e+03 8.875808e+03 8.888738e+03 8.873537e+03
13.1 8.895786e+03 8.880476e+03 8.888468e+03 8.903778e+03
14.1 8.796223e+03 8.876501e+03 8.882591e+03 8.802313e+03
15.1 8.856090e+03 8.867354e+03 8.877150e+03 8.865886e+03
16.1 8.857478e+03 8.859870e+03 8.873762e+03 8.871370e+03
17.1 8.828101e+03 8.855726e+03 8.872012e+03 8.844386e+03
18.1 8.837345e+03 8.854007e+03 8.871327e+03 8.854665e+03
19.1 8.814564e+03 8.853695e+03 8.871297e+03 8.832166e+03
0.1 8.890179e+03 8.899736e+03 8.871361e+03 8.861803e+03
1.1 8.824952e+03 8.880694e+03 8.871927e+03 8.816185e+03
2.1 8.828397e+03 8.872662e+03 8.879403e+03 8.835139e+03
3.1 8.860606e+03 8.875808e+03 8.888738e+03 8.873537e+03
4.1 8.895786e+03 8.880476e+03 8.888468e+03 8.903778e+03
5.1 8.796223e+03 8.876501e+03 8.882591e+03 8.802313e+03
6.1 8.856090e+03 8.867354e+03 8.877150e+03 8.865886e+03
7.1 8.857478e+03 8.859870e+03 8.873762e+03 8.871370e+03
8.1 8.828101e+03 8.855726e+03 8.872012e+03 8.844386e+03
9.1 8.837345e+03 8.854007e+03 8.871327e+03 8.854665e+03
10.1 8.814564e+03 8.853695e+03 8.871297e+03 8.832166e+03
