0.5 1.470865e+03 1.466101e+03 1.467091e+03 1.471856e+03
1.5 1.479992e+03 1.466910e+03 1.464882e+03 1.477964e+03
2.5 1.472889e+03 1.460856e+03 1.459609e+03 1.471642e+03
3.5 1.478789e+03 1.457324e+03 1.458677e+03 1.480141e+03
4.5 1.471559e+03 1.457488e+03 1.461434e+03 1.475505e+03
5.5 1.474278e+03 1.457180e+03 1.464389e+03 1.481487e+03
6.5 1.483315e+03 1.457249e+03 1.466317e+03 1.492384e+03
7.5 1.475984e+03 1.458912e+03 1.467351e+03 1.484423e+03
8.5 1.488094e+03 1.460847e+03 1.467799e+03 1.495046e+03
9.5 1.454257e+03 1.464278e+03 1.467880e+03 1.457859e+03
10.5 1.444310e+03 1.473131e+03 1.467762e+03 1.438942e+03
11.5 1.469156e+03 1.482465e+03 1.467474e+03 1.454165e+03
12.5 1.474818e+03 1.479876e+03 1.463946e+03 1.458887e+03
13.5 1.445626e+03 1.468421e+03 1.459060e+03 1.436264e+03
14.5 1.458740e+03 1.461848e+03 1.459219e+03 1.456110e+03
15.5 1.487329e+03 1.465210e+03 1.462216e+03 1.484335e+03
16.5 1.500734e+03 1.474034e+03 1.464797e+03 1.491498e+03
17.5 1.463814e+03 1.473104e+03 1.462844e+03 1.453553e+03
18.5 1.452209e+03 1.464295e+03 1.459155e+03 1.447069e+03
19.5 1.450151e+03 1.460543e+03 1.460009e+03 1.449617e+03
20.5 1.462365e+03 1.467545e+03 1.463115e+03 1.457936e+03
0.8 1.469156e+03 1.482465e+03 1.467474e+03 1.454165e+03
1.8 1.474818e+03 1.479876e+03 1.463946e+03 1.458887e+03
2.8 1.445626e+03 1.468421e+03 1.459060e+03 1.436264e+03
3.8 1.458740e+03 1.461848e+03 1.459219e+03 1.456110e+03
4.8 1.487329e+03 1.465210e+03 1.462216e+03 1.484335e+03
5.8 1.500734e+03 1.474034e+03 1.464797e+03 1.491498e+03
6.8 1.463814e+03 1.473104e+03 1.462844e+03 1.453553e+03
7.8 1.452209e+03 1.464295e+03 1.459155e+03 1.447069e+03
8.8 1.450151e+03 1.460543e+03 1.460009e+03 1.449617e+03
9.8 1.462365e+03 1.467545e+03 1.463115e+03 1.457936e+03
10.8 1.472572e+03 1.480397e+03 1.465662e+03 1.457836e+03
11.8 1.484750e+03 1.484664e+03 1.465427e+03 1.465514e+03
12.8 1.480154e+03 1.474108e+03 1.460762e+03 1.466808e+03
13.8 1.462061e+03 1.463971e+03 1.459411e+03 1.457502e+03
14.8 1.464496e+03 1.460000e+03 1.461890e+03 1.466386e+03
15.8 1.463601e+03 1.459293e+03 1.464739e+03 1.469047e+03
16.8 1.459735e+03 1.459589e+03 1.466580e+03 1.466726e+03
17.8 1.444326e+03 1.460253e+03 1.467528e+03 1.451601e+03
18.8 1.445466e+03 1.463754e+03 1.467913e+03 1.449625e+03
19.8 1.475841e+03 1.474276e+03 1.467955e+03 1.469519e+03
20.8 1.473519e+03 1.480802e+03 1.466368e+03 1.459085e+03
0.8 1.500734e+03 1.474034e+03 1.464797e+03 1.491498e+03
1.8 1.463814e+03 1.473104e+03 1.462844e+03 1.453553e+03
2.8 1.452209e+03 1.464295e+03 1.459155e+03 1.447069e+03
3.8 1.450151e+03 1.460543e+03 1.460009e+03 1.449617e+03
4.8 1.462365e+03 1.467545e+03 1.463115e+03 1.457936e+03
5.8 1.472572e+03 1.480397e+03 1.465662e+03 1.457836e+03
6.8 1.484750e+03 1.484664e+03 1.465427e+03 1.465514e+03
7.8 1.480154e+03 1.474108e+03 1.460762e+03 1.466808e+03
8.8 1.462061e+03 1.463971e+03 1.459411e+03 1.457502e+03
9.8 1.464496e+03 1.460000e+03 1.461890e+03 1.466386e+03
10.8 1.463601e+03 1.459293e+03 1.464739e+03 1.469047e+03
11.8 1.459735e+03 1.459589e+03 1.466580e+03 1.466726e+03
12.8 1.444326e+03 1.460253e+03 1.467528e+03 1.451601e+03
13.8 1.445466e+03 1.463754e+03 1.467913e+03 1.449625e+03
14.8 1.475841e+03 1.474276e+03 1.467955e+03 1.469519e+03
15.8 1.473519e+03 1.480802e+03 1.466368e+03 1.459085e+03
16.8 1.473120e+03 1.472915e+03 1.460844e+03 1.461049e+03
17.8 1.468558e+03 1.465997e+03 1.458782e+03 1.461344e+03
18.8 1.478268e+03 1.470344e+03 1.461058e+03 1.468982e+03
19.8 1.492425e+03 1.472394e+03 1.464043e+03 1.484074e+03
20.8 1.475252e+03 1.467599e+03 1.466106e+03 1.473759e+03
0.4 1.472572e+03 1.480397e+03 1.465662e+03 1.457836e+03
1.4 1.484750e+03 1.484664e+03 1.465427e+03 1.465514e+03
2.4 1.480154e+03 1.474108e+03 1.460762e+03 1.466808e+03
3.4 1.462061e+03 1.463971e+03 1.459411e+03 1.457502e+03
4.4 1.464496e+03 1.460000e+03 1.461890e+03 1.466386e+03
5.4 1.463601e+03 1.459293e+03 1.464739e+03 1.469047e+03
6.4 1.459735e+03 1.459589e+03 1.466580e+03 1.466726e+03
7.4 1.444326e+03 1.460253e+03 1.467528e+03 1.451601e+03
8.4 1.445466e+03 1.463754e+03 1.467913e+03 1.449625e+03
9.4 1.475841e+03 1.474276e+03 1.467955e+03 1.469519e+03
10.4 1.473519e+03 1.480802e+03 1.466368e+03 1.459085e+03
11.4 1.473120e+03 1.472915e+03 1.460844e+03 1.461049e+03
12.4 1.468558e+03 1.465997e+03 1.458782e+03 1.461344e+03
13.4 1.478268e+03 1.470344e+03 1.461058e+03 1.468982e+03
14.4 1.492425e+03 1.472394e+03 1.464043e+03 1.484074e+03
15.4 1.475252e+03 1.467599e+03 1.466106e+03 1.473759e+03
16.4 1.477695e+03 1.464454e+03 1.467244e+03 1.480485e+03
17.4 1.457349e+03 1.469522e+03 1.467762e+03 1.455590e+03
18.4 1.473137e+03 1.478927e+03 1.467888e+03 1.462099e+03
19.4 1.475778e+03 1.481158e+03 1.467792e+03 1.462412e+03
20.4 1.464661e+03 1.473608e+03 1.467608e+03 1.458662e+03
0.4 1.475841e+03 1.474276e+03 1.467955e+03 1.469519e+03
1.4 1.473519e+03 1.480802e+03 1.466368e+03 1.459085e+03
2.4 1.473120e+03 1.472915e+03 1.460844e+03 1.461049e+03
3.4 1.468558e+03 1.465997e+03 1.458782e+03 1.461344e+03
4.4 1.478268e+03 1.470344e+03 1.461058e+03 1.468982e+03
5.4 1.492425e+03 1.472394e+03 1.464043e+03 1.484074e+03
6.4 1.475252e+03 1.467599e+03 1.466106e+03 1.473759e+03
7.4 1.477695e+03 1.464454e+03 1.467244e+03 1.480485e+03
8.4 1.457349e+03 1.469522e+03 1.467762e+03 1.455590e+03
9.4 1.473137e+03 1.478927e+03 1.467888e+03 1.462099e+03
10.4 1.475778e+03 1.481158e+03 1.467792e+03 1.462412e+03
11.4 1.464661e+03 1.473608e+03 1.467608e+03 1.458662e+03
12.4 1.463298e+03 1.465753e+03 1.467428e+03 1.464974e+03
13.4 1.472454e+03 1.461324e+03 1.467277e+03 1.478407e+03
14.4 1.468457e+03 1.457411e+03 1.464980e+03 1.476025e+03
15.4 1.461326e+03 1.452006e+03 1.459657e+03 1.468977e+03
16.4 1.456960e+03 1.451629e+03 1.458699e+03 1.464029e+03
17.4 1.462448e+03 1.455476e+03 1.461443e+03 1.468416e+03
18.4 1.473677e+03 1.462382e+03 1.464393e+03 1.475688e+03
19.4 1.465265e+03 1.470627e+03 1.466319e+03 1.460957e+03
20.4 1.467261e+03 1.474375e+03 1.467352e+03 1.460238e+03
0.5 1.472454e+03 1.461324e+03 1.467277e+03 1.478407e+03
1.5 1.468457e+03 1.457411e+03 1.464980e+03 1.476025e+03
2.5 1.461326e+03 1.452006e+03 1.459657e+03 1.468977e+03
3.5 1.456960e+03 1.451629e+03 1.458699e+03 1.464029e+03
4.5 1.462448e+03 1.455476e+03 1.461443e+03 1.468416e+03
5.5 1.473677e+03 1.462382e+03 1.464393e+03 1.475688e+03
6.5 1.465265e+03 1.470627e+03 1.466319e+03 1.460957e+03
7.5 1.467261e+03 1.474375e+03 1.467352e+03 1.460238e+03
8.5 1.466531e+03 1.470250e+03 1.467799e+03 1.464080e+03
9.5 1.441471e+03 1.465140e+03 1.467880e+03 1.444211e+03
10.5 1.426348e+03 1.463641e+03 1.467762e+03 1.430469e+03
11.5 1.450856e+03 1.466334e+03 1.467575e+03 1.452097e+03
12.5 1.454993e+03 1.469670e+03 1.467255e+03 1.452578e+03
13.5 1.472192e+03 1.466146e+03 1.463489e+03 1.469536e+03
14.5 1.460722e+03 1.458954e+03 1.458849e+03 1.460616e+03
15.5 1.456787e+03 1.456767e+03 1.459312e+03 1.459333e+03
16.5 1.464401e+03 1.459053e+03 1.462374e+03 1.467722e+03
17.5 1.466815e+03 1.465231e+03 1.465058e+03 1.466642e+03
18.5 1.470718e+03 1.470352e+03 1.466692e+03 1.467058e+03
19.5 1.475856e+03 1.468494e+03 1.467529e+03 1.474890e+03
20.5 1.484742e+03 1.467174e+03 1.467852e+03 1.485420e+03
0.8 1.454993e+03 1.469670e+03 1.467255e+03 1.452578e+03
1.8 1.472192e+03 1.466146e+03 1.463489e+03 1.469536e+03
2.8 1.460722e+03 1.458954e+03 1.458849e+03 1.460616e+03
3.8 1.456787e+03 1.456767e+03 1.459312e+03 1.459333e+03
4.8 1.464401e+03 1.459053e+03 1.462374e+03 1.467722e+03
5.8 1.466815e+03 1.465231e+03 1.465058e+03 1.466642e+03
6.8 1.470718e+03 1.470352e+03 1.466692e+03 1.467058e+03
7.8 1.475856e+03 1.468494e+03 1.467529e+03 1.474890e+03
8.8 1.484742e+03 1.467174e+03 1.467852e+03 1.485420e+03
9.8 1.467416e+03 1.470905e+03 1.467860e+03 1.464371e+03
10.8 1.480866e+03 1.473744e+03 1.467711e+03 1.474833e+03
11.8 1.464857e+03 1.469683e+03 1.467522e+03 1.462696e+03
12.8 1.474873e+03 1.464212e+03 1.467360e+03 1.478021e+03
13.8 1.460484e+03 1.461548e+03 1.467246e+03 1.466183e+03
14.8 1.471680e+03 1.461590e+03 1.467177e+03 1.477268e+03
15.8 1.483067e+03 1.468429e+03 1.467140e+03 1.481778e+03
16.8 1.481696e+03 1.479076e+03 1.467121e+03 1.469741e+03
17.8 1.469087e+03 1.479565e+03 1.467112e+03 1.456634e+03
18.8 1.466723e+03 1.475222e+03 1.467109e+03 1.458609e+03
19.8 1.472997e+03 1.476915e+03 1.467107e+03 1.463189e+03
20.8 1.480556e+03 1.474223e+03 1.467106e+03 1.473439e+03
1.0 1.463384e+03 1.475389e+03 1.466827e+03 1.454822e+03
2.0 1.466288e+03 1.473543e+03 1.462656e+03 1.455401e+03
3.0 1.464117e+03 1.464834e+03 1.458559e+03 1.457843e+03
4.0 1.456454e+03 1.460427e+03 1.459570e+03 1.455597e+03
5.0 1.461095e+03 1.459831e+03 1.462712e+03 1.463976e+03
6.0 1.457198e+03 1.460105e+03 1.465288e+03 1.462382e+03
7.0 1.463602e+03 1.460218e+03 1.466819e+03 1.470203e+03
8.0 1.476856e+03 1.460111e+03 1.467587e+03 1.484331e+03
9.0 1.455718e+03 1.458627e+03 1.467865e+03 1.464957e+03
10.0 1.467801e+03 1.458151e+03 1.467849e+03 1.477499e+03
11.0 1.477389e+03 1.461537e+03 1.467690e+03 1.483542e+03
12.0 1.488500e+03 1.472458e+03 1.467501e+03 1.483544e+03
13.0 1.486627e+03 1.485013e+03 1.467344e+03 1.468958e+03
14.0 1.476442e+03 1.486337e+03 1.467236e+03 1.457341e+03
15.0 1.459760e+03 1.476927e+03 1.467172e+03 1.450005e+03
16.0 1.453401e+03 1.468209e+03 1.467137e+03 1.452329e+03
17.0 1.468181e+03 1.465258e+03 1.467120e+03 1.470042e+03
18.0 1.482155e+03 1.467130e+03 1.467112e+03 1.482137e+03
19.0 1.467721e+03 1.468684e+03 1.467108e+03 1.466145e+03
20.0 1.467513e+03 1.465291e+03 1.467107e+03 1.469328e+03
21.0 1.464173e+03 1.461280e+03 1.467106e+03 1.469999e+03
0.6 1.467466e+03 1.466793e+03 1.467086e+03 1.467758e+03
1.6 1.459074e+03 1.465740e+03 1.464738e+03 1.458073e+03
2.6 1.454168e+03 1.459056e+03 1.459503e+03 1.454615e+03
3.6 1.424043e+03 1.455860e+03 1.458724e+03 1.426907e+03
4.6 1.453587e+03 1.457875e+03 1.461527e+03 1.457238e+03
5.6 1.442108e+03 1.463750e+03 1.464459e+03 1.442816e+03
6.6 1.465598e+03 1.466198e+03 1.466358e+03 1.465758e+03
7.6 1.473407e+03 1.463826e+03 1.467371e+03 1.476951e+03
8.6 1.448153e+03 1.462050e+03 1.467806e+03 1.453908e+03
9.6 1.439335e+03 1.461740e+03 1.467879e+03 1.445474e+03
10.6 1.430751e+03 1.461886e+03 1.467757e+03 1.436622e+03
11.6 1.455516e+03 1.462035e+03 1.467570e+03 1.461051e+03
12.6 1.449277e+03 1.462129e+03 1.467397e+03 1.454545e+03
13.6 1.455853e+03 1.461967e+03 1.467271e+03 1.461156e+03
14.6 1.421059e+03 1.461368e+03 1.466912e+03 1.426603e+03
15.6 1.437699e+03 1.457196e+03 1.462697e+03 1.443200e+03
16.6 1.456984e+03 1.453553e+03 1.458578e+03 1.462009e+03
17.6 1.436466e+03 1.456955e+03 1.459578e+03 1.439089e+03
18.6 1.446661e+03 1.464416e+03 1.462715e+03 1.444959e+03
19.6 1.431940e+03 1.468687e+03 1.464360e+03 1.427613e+03
20.6 1.433567e+03 1.464104e+03 1.460763e+03 1.430226e+03
1.0 1.421059e+03 1.461368e+03 1.466912e+03 1.426603e+03
2.0 1.437699e+03 1.457196e+03 1.462697e+03 1.443200e+03
3.0 1.456984e+03 1.453553e+03 1.458578e+03 1.462009e+03
4.0 1.436466e+03 1.456955e+03 1.459578e+03 1.439089e+03
5.0 1.446661e+03 1.464416e+03 1.462715e+03 1.444959e+03
6.0 1.431940e+03 1.468687e+03 1.464360e+03 1.427613e+03
7.0 1.433567e+03 1.464104e+03 1.460763e+03 1.430226e+03
8.0 1.451683e+03 1.464692e+03 1.458866e+03 1.445857e+03
9.0 1.478979e+03 1.470189e+03 1.459732e+03 1.468522e+03
10.0 1.486318e+03 1.466019e+03 1.457531e+03 1.477829e+03
11.0 1.475808e+03 1.460871e+03 1.457764e+03 1.472701e+03
12.0 1.450351e+03 1.464518e+03 1.461267e+03 1.447101e+03
13.0 1.473074e+03 1.472839e+03 1.464787e+03 1.465022e+03
14.0 1.484334e+03 1.472255e+03 1.466967e+03 1.479046e+03
15.0 1.447951e+03 1.468669e+03 1.467995e+03 1.447277e+03
16.0 1.446846e+03 1.472755e+03 1.468314e+03 1.442405e+03
17.0 1.461697e+03 1.480858e+03 1.468244e+03 1.449083e+03
18.0 1.477490e+03 1.481083e+03 1.467998e+03 1.464406e+03
19.0 1.496871e+03 1.472651e+03 1.467718e+03 1.491938e+03
20.0 1.436242e+03 1.464949e+03 1.467483e+03 1.438776e+03
21.0 1.449353e+03 1.460817e+03 1.467283e+03 1.455819e+03
0.2 1.446661e+03 1.464416e+03 1.462715e+03 1.444959e+03
1.2 1.431940e+03 1.468687e+03 1.464360e+03 1.427613e+03
2.2 1.433567e+03 1.464104e+03 1.460763e+03 1.430226e+03
3.2 1.451683e+03 1.464692e+03 1.458866e+03 1.445857e+03
4.2 1.478979e+03 1.470189e+03 1.459732e+03 1.468522e+03
5.2 1.486318e+03 1.466019e+03 1.457531e+03 1.477829e+03
6.2 1.475808e+03 1.460871e+03 1.457764e+03 1.472701e+03
7.2 1.450351e+03 1.464518e+03 1.461267e+03 1.447101e+03
8.2 1.473074e+03 1.472839e+03 1.464787e+03 1.465022e+03
9.2 1.484334e+03 1.472255e+03 1.466967e+03 1.479046e+03
10.2 1.447951e+03 1.468669e+03 1.467995e+03 1.447277e+03
11.2 1.446846e+03 1.472755e+03 1.468314e+03 1.442405e+03
12.2 1.461697e+03 1.480858e+03 1.468244e+03 1.449083e+03
13.2 1.477490e+03 1.481083e+03 1.467998e+03 1.464406e+03
14.2 1.496871e+03 1.472651e+03 1.467718e+03 1.491938e+03
15.2 1.436242e+03 1.464949e+03 1.467483e+03 1.438776e+03
16.2 1.449353e+03 1.460817e+03 1.467283e+03 1.455819e+03
17.2 1.446916e+03 1.456736e+03 1.464549e+03 1.454729e+03
18.2 1.445198e+03 1.451633e+03 1.459357e+03 1.452923e+03
19.2 1.445866e+03 1.451907e+03 1.458851e+03 1.452810e+03
20.2 1.483200e+03 1.457365e+03 1.461723e+03 1.487558e+03
0.4 1.451683e+03 1.464692e+03 1.458866e+03 1.445857e+03
1.4 1.478979e+03 1.470189e+03 1.459732e+03 1.468522e+03
2.4 1.486318e+03 1.466019e+03 1.457531e+03 1.477829e+03
3.4 1.475808e+03 1.460871e+03 1.457764e+03 1.472701e+03
4.4 1.450351e+03 1.464518e+03 1.461267e+03 1.447101e+03
5.4 1.473074e+03 1.472839e+03 1.464787e+03 1.465022e+03
6.4 1.484334e+03 1.472255e+03 1.466967e+03 1.479046e+03
7.4 1.447951e+03 1.468669e+03 1.467995e+03 1.447277e+03
8.4 1.446846e+03 1.472755e+03 1.468314e+03 1.442405e+03
9.4 1.461697e+03 1.480858e+03 1.468244e+03 1.449083e+03
10.4 1.477490e+03 1.481083e+03 1.467998e+03 1.464406e+03
11.4 1.496871e+03 1.472651e+03 1.467718e+03 1.491938e+03
12.4 1.436242e+03 1.464949e+03 1.467483e+03 1.438776e+03
13.4 1.449353e+03 1.460817e+03 1.467283e+03 1.455819e+03
14.4 1.446916e+03 1.456736e+03 1.464549e+03 1.454729e+03
15.4 1.445198e+03 1.451633e+03 1.459357e+03 1.452923e+03
16.4 1.445866e+03 1.451907e+03 1.458851e+03 1.452810e+03
17.4 1.483200e+03 1.457365e+03 1.461723e+03 1.487558e+03
18.4 1.492075e+03 1.464605e+03 1.464601e+03 1.492071e+03
19.4 1.480583e+03 1.467005e+03 1.466438e+03 1.480016e+03
20.4 1.471275e+03 1.464379e+03 1.467409e+03 1.474305e+03
0.6 1.449353e+03 1.460817e+03 1.467283e+03 1.455819e+03
1.6 1.446916e+03 1.456736e+03 1.464549e+03 1.454729e+03
2.6 1.445198e+03 1.451633e+03 1.459357e+03 1.452923e+03
3.6 1.445866e+03 1.451907e+03 1.458851e+03 1.452810e+03
4.6 1.483200e+03 1.457365e+03 1.461723e+03 1.487558e+03
5.6 1.492075e+03 1.464605e+03 1.464601e+03 1.492071e+03
6.6 1.480583e+03 1.467005e+03 1.466438e+03 1.480016e+03
7.6 1.471275e+03 1.464379e+03 1.467409e+03 1.474305e+03
8.6 1.473045e+03 1.462668e+03 1.467818e+03 1.478194e+03
9.6 1.465969e+03 1.464590e+03 1.467876e+03 1.469256e+03
10.6 1.482543e+03 1.468222e+03 1.467747e+03 1.482069e+03
11.6 1.499555e+03 1.467348e+03 1.467559e+03 1.499766e+03
12.6 1.495154e+03 1.463476e+03 1.467389e+03 1.499066e+03
13.6 1.471497e+03 1.461457e+03 1.467265e+03 1.477305e+03
14.6 1.465723e+03 1.461194e+03 1.467188e+03 1.471717e+03
15.6 1.474005e+03 1.461458e+03 1.467145e+03 1.479692e+03
16.6 1.482615e+03 1.462640e+03 1.467124e+03 1.487099e+03
17.6 1.466033e+03 1.465464e+03 1.466873e+03 1.467442e+03
18.6 1.447813e+03 1.462793e+03 1.462826e+03 1.447846e+03
19.6 1.447330e+03 1.457477e+03 1.458604e+03 1.448456e+03
20.6 1.447292e+03 1.458322e+03 1.459493e+03 1.448462e+03
0.9 1.466033e+03 1.465464e+03 1.466873e+03 1.467442e+03
1.9 1.447813e+03 1.462793e+03 1.462826e+03 1.447846e+03
2.9 1.447330e+03 1.457477e+03 1.458604e+03 1.448456e+03
3.9 1.447292e+03 1.458322e+03 1.459493e+03 1.448462e+03
4.9 1.466156e+03 1.466803e+03 1.462624e+03 1.461976e+03
5.9 1.492310e+03 1.471065e+03 1.465230e+03 1.486475e+03
6.9 1.471777e+03 1.467775e+03 1.466787e+03 1.470790e+03
7.9 1.457185e+03 1.465339e+03 1.467572e+03 1.459418e+03
8.9 1.453582e+03 1.470450e+03 1.467862e+03 1.450995e+03
9.9 1.472229e+03 1.479753e+03 1.467841e+03 1.460317e+03
10.9 1.470350e+03 1.480854e+03 1.465611e+03 1.455107e+03
11.9 1.459138e+03 1.471457e+03 1.460120e+03 1.447801e+03
12.9 1.491574e+03 1.471124e+03 1.458875e+03 1.479324e+03
13.9 1.474459e+03 1.478210e+03 1.461473e+03 1.457723e+03
14.9 1.482094e+03 1.476393e+03 1.464385e+03 1.470086e+03
15.9 1.461206e+03 1.468562e+03 1.466308e+03 1.458952e+03
16.9 1.416641e+03 1.462511e+03 1.467345e+03 1.421476e+03
17.9 1.454680e+03 1.458060e+03 1.467798e+03 1.464418e+03
18.9 1.459226e+03 1.456374e+03 1.467884e+03 1.470736e+03
19.9 1.466115e+03 1.457395e+03 1.467768e+03 1.476489e+03
20.9 1.465823e+03 1.459192e+03 1.467581e+03 1.474212e+03
0.5 1.472229e+03 1.479753e+03 1.467841e+03 1.460317e+03
1.5 1.470350e+03 1.480854e+03 1.465611e+03 1.455107e+03
2.5 1.459138e+03 1.471457e+03 1.460120e+03 1.447801e+03
3.5 1.491574e+03 1.471124e+03 1.458875e+03 1.479324e+03
4.5 1.474459e+03 1.478210e+03 1.461473e+03 1.457723e+03
5.5 1.482094e+03 1.476393e+03 1.464385e+03 1.470086e+03
6.5 1.461206e+03 1.468562e+03 1.466308e+03 1.458952e+03
7.5 1.416641e+03 1.462511e+03 1.467345e+03 1.421476e+03
8.5 1.454680e+03 1.458060e+03 1.467798e+03 1.464418e+03
9.5 1.459226e+03 1.456374e+03 1.467884e+03 1.470736e+03
10.5 1.466115e+03 1.457395e+03 1.467768e+03 1.476489e+03
11.5 1.465823e+03 1.459192e+03 1.467581e+03 1.474212e+03
12.5 1.481239e+03 1.460570e+03 1.467406e+03 1.488075e+03
13.5 1.473182e+03 1.461163e+03 1.467277e+03 1.479296e+03
14.5 1.471829e+03 1.461257e+03 1.467195e+03 1.477767e+03
15.5 1.450246e+03 1.459988e+03 1.467149e+03 1.457407e+03
16.5 1.454310e+03 1.459625e+03 1.467125e+03 1.461811e+03
17.5 1.435772e+03 1.463701e+03 1.467111e+03 1.439181e+03
18.5 1.446682e+03 1.465884e+03 1.465421e+03 1.446220e+03
19.5 1.468017e+03 1.460576e+03 1.460080e+03 1.467521e+03
20.5 1.477593e+03 1.457178e+03 1.458521e+03 1.478935e+03
0.4 1.435772e+03 1.463701e+03 1.467111e+03 1.439181e+03
1.4 1.446682e+03 1.465884e+03 1.465421e+03 1.446220e+03
2.4 1.468017e+03 1.460576e+03 1.460080e+03 1.467521e+03
3.4 1.477593e+03 1.457178e+03 1.458521e+03 1.478935e+03
4.4 1.471184e+03 1.458028e+03 1.461061e+03 1.474217e+03
5.4 1.467835e+03 1.461711e+03 1.464099e+03 1.470223e+03
6.4 1.484826e+03 1.470808e+03 1.466149e+03 1.480166e+03
7.4 1.518208e+03 1.478458e+03 1.467268e+03 1.507018e+03
8.4 1.543866e+03 1.475392e+03 1.467770e+03 1.536244e+03
9.4 1.475881e+03 1.468505e+03 1.467884e+03 1.475260e+03
10.4 1.469973e+03 1.464069e+03 1.467781e+03 1.473685e+03
11.4 1.463353e+03 1.462031e+03 1.467597e+03 1.468918e+03
12.4 1.458251e+03 1.461212e+03 1.467419e+03 1.464458e+03
13.4 1.477995e+03 1.461047e+03 1.467286e+03 1.484234e+03
14.4 1.467269e+03 1.462412e+03 1.467200e+03 1.472058e+03
15.4 1.488904e+03 1.466454e+03 1.466947e+03 1.489397e+03
16.4 1.471315e+03 1.464612e+03 1.463010e+03 1.469713e+03
17.4 1.469955e+03 1.458829e+03 1.458659e+03 1.469786e+03
18.4 1.469547e+03 1.457929e+03 1.459420e+03 1.471038e+03
19.4 1.475098e+03 1.462453e+03 1.462536e+03 1.475182e+03
20.4 1.483858e+03 1.466985e+03 1.465171e+03 1.482044e+03
0.9 1.488904e+03 1.466454e+03 1.466947e+03 1.489397e+03
1.9 1.471315e+03 1.464612e+03 1.463010e+03 1.469713e+03
2.9 1.469955e+03 1.458829e+03 1.458659e+03 1.469786e+03
3.9 1.469547e+03 1.457929e+03 1.459420e+03 1.471038e+03
4.9 1.475098e+03 1.462453e+03 1.462536e+03 1.475182e+03
5.9 1.483858e+03 1.466985e+03 1.465171e+03 1.482044e+03
6.9 1.464707e+03 1.465667e+03 1.466755e+03 1.465795e+03
7.9 1.451457e+03 1.462658e+03 1.467558e+03 1.456357e+03
8.9 1.468318e+03 1.461545e+03 1.467859e+03 1.474632e+03
9.9 1.449161e+03 1.461588e+03 1.467855e+03 1.455428e+03
10.9 1.471065e+03 1.461826e+03 1.467700e+03 1.476939e+03
11.9 1.469305e+03 1.462027e+03 1.467512e+03 1.474790e+03
12.9 1.478616e+03 1.462924e+03 1.467352e+03 1.483044e+03
13.9 1.478568e+03 1.465748e+03 1.467241e+03 1.480061e+03
14.9 1.481292e+03 1.465730e+03 1.467175e+03 1.482736e+03
15.9 1.457611e+03 1.462755e+03 1.467138e+03 1.461994e+03
16.9 1.462459e+03 1.461220e+03 1.467120e+03 1.468360e+03
17.9 1.456688e+03 1.461407e+03 1.467112e+03 1.462392e+03
18.9 1.472164e+03 1.464444e+03 1.467108e+03 1.474829e+03
19.9 1.465978e+03 1.467936e+03 1.467107e+03 1.465149e+03
20.9 1.462171e+03 1.465957e+03 1.467106e+03 1.463320e+03
0.4 1.447829e+03 1.462110e+03 1.467104e+03 1.452823e+03
1.4 1.434857e+03 1.465829e+03 1.465659e+03 1.434688e+03
2.4 1.430729e+03 1.461444e+03 1.460338e+03 1.429623e+03
3.4 1.433589e+03 1.457798e+03 1.458463e+03 1.434253e+03
4.4 1.426609e+03 1.458290e+03 1.460876e+03 1.429194e+03
5.4 1.450624e+03 1.460064e+03 1.463948e+03 1.454508e+03
6.4 1.426383e+03 1.461421e+03 1.466060e+03 1.431021e+03
7.4 1.454322e+03 1.462213e+03 1.467223e+03 1.459331e+03
8.4 1.430192e+03 1.462635e+03 1.467753e+03 1.435311e+03
