0.7 9.837611e+03 9.867125e+03 9.870899e+03 9.841385e+03
1.7 9.873396e+03 9.866043e+03 9.875480e+03 9.882833e+03
2.7 9.899470e+03 9.878978e+03 9.890762e+03 9.911253e+03
3.7 9.889831e+03 9.894166e+03 9.906525e+03 9.902191e+03
4.7 9.895103e+03 9.896533e+03 9.906670e+03 9.905240e+03
5.7 9.832034e+03 9.887520e+03 9.894498e+03 9.839012e+03
6.7 9.832614e+03 9.875380e+03 9.881905e+03 9.839139e+03
7.7 9.840881e+03 9.868080e+03 9.873608e+03 9.846409e+03
8.7 9.853792e+03 9.872345e+03 9.869226e+03 9.850674e+03
9.7 9.866621e+03 9.878867e+03 9.867455e+03 9.855209e+03
10.7 9.873598e+03 9.874928e+03 9.867267e+03 9.865937e+03
11.7 9.895230e+03 9.872754e+03 9.867887e+03 9.890364e+03
12.7 9.831550e+03 9.880437e+03 9.868750e+03 9.819864e+03
13.7 9.881769e+03 9.886395e+03 9.869525e+03 9.864899e+03
14.7 9.886385e+03 9.879569e+03 9.870085e+03 9.876901e+03
15.7 9.858620e+03 9.868824e+03 9.870436e+03 9.860232e+03
16.7 9.867071e+03 9.862079e+03 9.870633e+03 9.875624e+03
17.7 9.873024e+03 9.859570e+03 9.870733e+03 9.884188e+03
18.7 9.854949e+03 9.862428e+03 9.870781e+03 9.863303e+03
19.7 9.863240e+03 9.868204e+03 9.870802e+03 9.865839e+03
20.7 9.854292e+03 9.868074e+03 9.870811e+03 9.857030e+03
21.7 9.860312e+03 9.865396e+03 9.870815e+03 9.865731e+03
0.9 9.880723e+03 9.860308e+03 9.871067e+03 9.891482e+03
1.9 9.880820e+03 9.867084e+03 9.877415e+03 9.891151e+03
2.9 9.888409e+03 9.883038e+03 9.893007e+03 9.898378e+03
3.9 9.878414e+03 9.889887e+03 9.900639e+03 9.889166e+03
4.9 9.869850e+03 9.882891e+03 9.893960e+03 9.880919e+03
5.9 9.874859e+03 9.881619e+03 9.883311e+03 9.876551e+03
6.9 9.893258e+03 9.885127e+03 9.875359e+03 9.883490e+03
7.9 9.903119e+03 9.878955e+03 9.870816e+03 9.894979e+03
8.9 9.882304e+03 9.869666e+03 9.868680e+03 9.881317e+03
9.9 9.853242e+03 9.871156e+03 9.868067e+03 9.850153e+03
10.9 9.899885e+03 9.878876e+03 9.868324e+03 9.889332e+03
11.9 9.933712e+03 9.876901e+03 9.868944e+03 9.925756e+03
12.9 9.878144e+03 9.873076e+03 9.869589e+03 9.874657e+03
13.9 9.877090e+03 9.879624e+03 9.870094e+03 9.867561e+03
14.9 9.875063e+03 9.887660e+03 9.870429e+03 9.857832e+03
15.9 9.871592e+03 9.882986e+03 9.870624e+03 9.859231e+03
16.9 9.852235e+03 9.871558e+03 9.870727e+03 9.851404e+03
17.9 9.860411e+03 9.865413e+03 9.870778e+03 9.865775e+03
18.9 9.858322e+03 9.872782e+03 9.870800e+03 9.856340e+03
19.9 9.927044e+03 9.878559e+03 9.870810e+03 9.919296e+03
20.9 9.874610e+03 9.872762e+03 9.870814e+03 9.872663e+03
21.9 9.883449e+03 9.866300e+03 9.870816e+03 9.887965e+03
0.1 9.834978e+03 9.864285e+03 9.870817e+03 9.841509e+03
1.1 9.849685e+03 9.860872e+03 9.871409e+03 9.860223e+03
2.1 9.831696e+03 9.867978e+03 9.879697e+03 9.843415e+03
3.1 9.840443e+03 9.885390e+03 9.897041e+03 9.852094e+03
4.1 9.857255e+03 9.896754e+03 9.908356e+03 9.868858e+03
5.1 9.866404e+03 9.889686e+03 9.902670e+03 9.879388e+03
6.1 9.847597e+03 9.882479e+03 9.889378e+03 9.854496e+03
7.1 9.886471e+03 9.884337e+03 9.878296e+03 9.880430e+03
8.1 9.862580e+03 9.878562e+03 9.871635e+03 9.855654e+03
9.1 9.863403e+03 9.868281e+03 9.868373e+03 9.863494e+03
10.1 9.900460e+03 9.861735e+03 9.867288e+03 9.906013e+03
11.1 9.883648e+03 9.862235e+03 9.867469e+03 9.888881e+03
12.1 9.884085e+03 9.867365e+03 9.868222e+03 9.884942e+03
13.1 9.900373e+03 9.867595e+03 9.869070e+03 9.901848e+03
14.1 9.864586e+03 9.863135e+03 9.869766e+03 9.871217e+03
15.1 9.841064e+03 9.861324e+03 9.870241e+03 9.849981e+03
16.1 9.852432e+03 9.868043e+03 9.870525e+03 9.854914e+03
17.1 9.848696e+03 9.875992e+03 9.870679e+03 9.843383e+03
18.1 9.858601e+03 9.877326e+03 9.870756e+03 9.852030e+03
19.1 9.884633e+03 9.872717e+03 9.870791e+03 9.882707e+03
20.1 9.882189e+03 9.869003e+03 9.870806e+03 9.883992e+03
21.1 9.845588e+03 9.873295e+03 9.870813e+03 9.843105e+03
0.1 9.876597e+03 9.893466e+03 9.870817e+03 9.853948e+03
1.1 9.856622e+03 9.887029e+03 9.871575e+03 9.841168e+03
2.1 9.888740e+03 9.885022e+03 9.880528e+03 9.884246e+03
3.1 9.915786e+03 9.893891e+03 9.898074e+03 9.919969e+03
4.1 9.911114e+03 9.899973e+03 9.908797e+03 9.919938e+03
5.1 9.914046e+03 9.894359e+03 9.902520e+03 9.922207e+03
6.1 9.900821e+03 9.884806e+03 9.889066e+03 9.905082e+03
7.1 9.891189e+03 9.877724e+03 9.878038e+03 9.891503e+03
8.1 9.856819e+03 9.872837e+03 9.871462e+03 9.855444e+03
9.1 9.823725e+03 9.867619e+03 9.868269e+03 9.824376e+03
10.1 9.808646e+03 9.865328e+03 9.867238e+03 9.810556e+03
11.1 9.840747e+03 9.866308e+03 9.867455e+03 9.841894e+03
12.1 9.816758e+03 9.863385e+03 9.868227e+03 9.821600e+03
13.1 9.816335e+03 9.861880e+03 9.869082e+03 9.823536e+03
14.1 9.864162e+03 9.870965e+03 9.869777e+03 9.862974e+03
15.1 9.840114e+03 9.884327e+03 9.870248e+03 9.826036e+03
16.1 9.850824e+03 9.886451e+03 9.870530e+03 9.834903e+03
17.1 9.871939e+03 9.879575e+03 9.870682e+03 9.863045e+03
18.1 9.948412e+03 9.884003e+03 9.870757e+03 9.935166e+03
19.1 9.948333e+03 9.896631e+03 9.870792e+03 9.922493e+03
20.1 9.956603e+03 9.899709e+03 9.870807e+03 9.927700e+03
21.1 9.957561e+03 9.890616e+03 9.870813e+03 9.937758e+03
1.0 9.877658e+03 9.877788e+03 9.871270e+03 9.871140e+03
2.0 9.845182e+03 9.874804e+03 9.878899e+03 9.849278e+03
3.0 9.860033e+03 9.884328e+03 9.894654e+03 9.870359e+03
4.0 9.856138e+03 9.886042e+03 9.900454e+03 9.870550e+03
5.0 9.840170e+03 9.875584e+03 9.892746e+03 9.857332e+03
6.0 9.833146e+03 9.866625e+03 9.883281e+03 9.849803e+03
7.0 9.819458e+03 9.871293e+03 9.885694e+03 9.833858e+03
8.0 9.860670e+03 9.884680e+03 9.896991e+03 9.872981e+03
9.0 9.878734e+03 9.885427e+03 9.897911e+03 9.891218e+03
10.0 9.872006e+03 9.874847e+03 9.888300e+03 9.885459e+03
11.0 9.856362e+03 9.865625e+03 9.878283e+03 9.869020e+03
12.0 9.830135e+03 9.860813e+03 9.871944e+03 9.841266e+03
13.0 9.847791e+03 9.858872e+03 9.868842e+03 9.857761e+03
14.0 9.870424e+03 9.862154e+03 9.871484e+03 9.879753e+03
15.0 9.887121e+03 9.874479e+03 9.883384e+03 9.896026e+03
16.0 9.891673e+03 9.882318e+03 9.888895e+03 9.898250e+03
17.0 9.928649e+03 9.880110e+03 9.884367e+03 9.932905e+03
18.0 9.930112e+03 9.875041e+03 9.877680e+03 9.932751e+03
19.0 9.866570e+03 9.877389e+03 9.872940e+03 9.862121e+03
20.0 9.837588e+03 9.876884e+03 9.870323e+03 9.831027e+03
21.0 9.810319e+03 9.869287e+03 9.869144e+03 9.810175e+03
22.0 9.851476e+03 9.864272e+03 9.868873e+03 9.856077e+03
0.2 9.840170e+03 9.875584e+03 9.892746e+03 9.857332e+03
1.2 9.833146e+03 9.866625e+03 9.883281e+03 9.849803e+03
2.2 9.819458e+03 9.871293e+03 9.885694e+03 9.833858e+03
3.2 9.860670e+03 9.884680e+03 9.896991e+03 9.872981e+03
4.2 9.878734e+03 9.885427e+03 9.897911e+03 9.891218e+03
5.2 9.872006e+03 9.874847e+03 9.888300e+03 9.885459e+03
6.2 9.856362e+03 9.865625e+03 9.878283e+03 9.869020e+03
7.2 9.830135e+03 9.860813e+03 9.871944e+03 9.841266e+03
8.2 9.847791e+03 9.858872e+03 9.868842e+03 9.857761e+03
9.2 9.870424e+03 9.862154e+03 9.871484e+03 9.879753e+03
10.2 9.887121e+03 9.874479e+03 9.883384e+03 9.896026e+03
11.2 9.891673e+03 9.882318e+03 9.888895e+03 9.898250e+03
12.2 9.928649e+03 9.880110e+03 9.884367e+03 9.932905e+03
13.2 9.930112e+03 9.875041e+03 9.877680e+03 9.932751e+03
14.2 9.866570e+03 9.877389e+03 9.872940e+03 9.862121e+03
15.2 9.837588e+03 9.876884e+03 9.870323e+03 9.831027e+03
16.2 9.810319e+03 9.869287e+03 9.869144e+03 9.810175e+03
17.2 9.851476e+03 9.864272e+03 9.868873e+03 9.856077e+03
18.2 9.819507e+03 9.870422e+03 9.869119e+03 9.818204e+03
19.2 9.818826e+03 9.883035e+03 9.869569e+03 9.805360e+03
20.2 9.891783e+03 9.888869e+03 9.870012e+03 9.872925e+03
21.2 9.870214e+03 9.885671e+03 9.870350e+03 9.854894e+03
0.6 9.847791e+03 9.858872e+03 9.868842e+03 9.857761e+03
1.6 9.870424e+03 9.862154e+03 9.871484e+03 9.879753e+03
2.6 9.887121e+03 9.874479e+03 9.883384e+03 9.896026e+03
3.6 9.891673e+03 9.882318e+03 9.888895e+03 9.898250e+03
4.6 9.928649e+03 9.880110e+03 9.884367e+03 9.932905e+03
5.6 9.930112e+03 9.875041e+03 9.877680e+03 9.932751e+03
6.6 9.866570e+03 9.877389e+03 9.872940e+03 9.862121e+03
7.6 9.837588e+03 9.876884e+03 9.870323e+03 9.831027e+03
8.6 9.810319e+03 9.869287e+03 9.869144e+03 9.810175e+03
9.6 9.851476e+03 9.864272e+03 9.868873e+03 9.856077e+03
10.6 9.819507e+03 9.870422e+03 9.869119e+03 9.818204e+03
11.6 9.818826e+03 9.883035e+03 9.869569e+03 9.805360e+03
12.6 9.891783e+03 9.888869e+03 9.870012e+03 9.872925e+03
13.6 9.870214e+03 9.885671e+03 9.870350e+03 9.854894e+03
14.6 9.848544e+03 9.881141e+03 9.870569e+03 9.837972e+03
15.6 9.834024e+03 9.877952e+03 9.870695e+03 9.826767e+03
16.6 9.867317e+03 9.870858e+03 9.870761e+03 9.867219e+03
17.6 9.884580e+03 9.869658e+03 9.870792e+03 9.885715e+03
18.6 9.918178e+03 9.877379e+03 9.870807e+03 9.911606e+03
19.6 9.940817e+03 9.875762e+03 9.870813e+03 9.935868e+03
20.6 9.962486e+03 9.868022e+03 9.870815e+03 9.965279e+03
21.6 9.918864e+03 9.862454e+03 9.870816e+03 9.927226e+03
0.7 9.859387e+03 9.895590e+03 9.870899e+03 9.834696e+03
1.7 9.877628e+03 9.885906e+03 9.875480e+03 9.867202e+03
2.7 9.935620e+03 9.888365e+03 9.890310e+03 9.937565e+03
3.7 9.936718e+03 9.892580e+03 9.900524e+03 9.944661e+03
4.7 9.887956e+03 9.887526e+03 9.895693e+03 9.896123e+03
5.7 9.898065e+03 9.876705e+03 9.885029e+03 9.906389e+03
6.7 9.884591e+03 9.866963e+03 9.876459e+03 9.894087e+03
7.7 9.863885e+03 9.863386e+03 9.871394e+03 9.871893e+03
8.7 9.856930e+03 9.871081e+03 9.868917e+03 9.854766e+03
9.7 9.882179e+03 9.879749e+03 9.868094e+03 9.870525e+03
10.7 9.901923e+03 9.876036e+03 9.868242e+03 9.894129e+03
11.7 9.908221e+03 9.867618e+03 9.868829e+03 9.909432e+03
12.7 9.928031e+03 9.862190e+03 9.869486e+03 9.935327e+03
13.7 9.923065e+03 9.859835e+03 9.870020e+03 9.933250e+03
14.7 9.918451e+03 9.859062e+03 9.870383e+03 9.929771e+03
15.7 9.866870e+03 9.859102e+03 9.870598e+03 9.878367e+03
16.7 9.878439e+03 9.862130e+03 9.870714e+03 9.887023e+03
17.7 9.876845e+03 9.871470e+03 9.870771e+03 9.876147e+03
18.7 9.862375e+03 9.878016e+03 9.870798e+03 9.855157e+03
19.7 9.837579e+03 9.877077e+03 9.870818e+03 9.831321e+03
20.7 9.848864e+03 9.874140e+03 9.873476e+03 9.848200e+03
21.7 9.876272e+03 9.881700e+03 9.886515e+03 9.881086e+03
0.5 9.837579e+03 9.877077e+03 9.870818e+03 9.831321e+03
1.5 9.848864e+03 9.874140e+03 9.873476e+03 9.848200e+03
2.5 9.876272e+03 9.881700e+03 9.886515e+03 9.881086e+03
3.5 9.896790e+03 9.891175e+03 9.899893e+03 9.905507e+03
4.5 9.891183e+03 9.885541e+03 9.898278e+03 9.903920e+03
5.5 9.840865e+03 9.873150e+03 9.887882e+03 9.855597e+03
6.5 9.860000e+03 9.864391e+03 9.878341e+03 9.873951e+03
7.5 9.846480e+03 9.860110e+03 9.872382e+03 9.858751e+03
8.5 9.846869e+03 9.858460e+03 9.869319e+03 9.857728e+03
9.5 9.856432e+03 9.858226e+03 9.868161e+03 9.866366e+03
10.5 9.883362e+03 9.861793e+03 9.871203e+03 9.892771e+03
11.5 9.904330e+03 9.874135e+03 9.883369e+03 9.913563e+03
12.5 9.903256e+03 9.879260e+03 9.890004e+03 9.914000e+03
13.5 9.864431e+03 9.873115e+03 9.885860e+03 9.877176e+03
14.5 9.897893e+03 9.866260e+03 9.878844e+03 9.910478e+03
15.5 9.860778e+03 9.862780e+03 9.873653e+03 9.871651e+03
16.5 9.870803e+03 9.866836e+03 9.870704e+03 9.874671e+03
17.5 9.863631e+03 9.873739e+03 9.869316e+03 9.859208e+03
18.5 9.859426e+03 9.871358e+03 9.868924e+03 9.856992e+03
19.5 9.853564e+03 9.865771e+03 9.869110e+03 9.856903e+03
20.5 9.862367e+03 9.869134e+03 9.869539e+03 9.862771e+03
21.5 9.855773e+03 9.885101e+03 9.869981e+03 9.840653e+03
0.5 9.856432e+03 9.858226e+03 9.868161e+03 9.866366e+03
1.5 9.883362e+03 9.861793e+03 9.871203e+03 9.892771e+03
2.5 9.904330e+03 9.874135e+03 9.883369e+03 9.913563e+03
3.5 9.903256e+03 9.879260e+03 9.890004e+03 9.914000e+03
4.5 9.864431e+03 9.873115e+03 9.885860e+03 9.877176e+03
5.5 9.897893e+03 9.866260e+03 9.878844e+03 9.910478e+03
6.5 9.860778e+03 9.862780e+03 9.873653e+03 9.871651e+03
7.5 9.870803e+03 9.866836e+03 9.870704e+03 9.874671e+03
8.5 9.863631e+03 9.873739e+03 9.869316e+03 9.859208e+03
9.5 9.859426e+03 9.871358e+03 9.868924e+03 9.856992e+03
10.5 9.853564e+03 9.865771e+03 9.869110e+03 9.856903e+03
11.5 9.862367e+03 9.869134e+03 9.869539e+03 9.862771e+03
12.5 9.855773e+03 9.885101e+03 9.869981e+03 9.840653e+03
13.5 9.886717e+03 9.898363e+03 9.870327e+03 9.858682e+03
14.5 9.876517e+03 9.892708e+03 9.870555e+03 9.854364e+03
15.5 9.840725e+03 9.878445e+03 9.870687e+03 9.832967e+03
16.5 9.826080e+03 9.873561e+03 9.870757e+03 9.823276e+03
17.5 9.848496e+03 9.876323e+03 9.870790e+03 9.842964e+03
18.5 9.909411e+03 9.876205e+03 9.870806e+03 9.904011e+03
19.5 9.816259e+03 9.871248e+03 9.870812e+03 9.815824e+03
20.5 9.855612e+03 9.865434e+03 9.870815e+03 9.860992e+03
21.5 9.858160e+03 9.861562e+03 9.870816e+03 9.867414e+03
