0.5 1.565437e+03 1.556580e+03 1.556338e+03 1.565194e+03
1.5 1.559239e+03 1.557094e+03 1.555709e+03 1.557854e+03
2.5 1.574821e+03 1.555292e+03 1.554208e+03 1.573737e+03
3.5 1.543259e+03 1.553881e+03 1.553943e+03 1.543321e+03
4.5 1.542075e+03 1.553118e+03 1.554728e+03 1.543685e+03
5.5 1.553188e+03 1.550720e+03 1.555569e+03 1.558037e+03
6.5 1.567227e+03 1.549357e+03 1.556118e+03 1.573988e+03
7.5 1.555690e+03 1.550734e+03 1.556412e+03 1.561368e+03
8.5 1.567619e+03 1.552861e+03 1.556539e+03 1.571298e+03
9.5 1.565253e+03 1.556080e+03 1.556563e+03 1.565736e+03
10.5 1.560346e+03 1.563363e+03 1.556529e+03 1.553511e+03
11.5 1.583368e+03 1.570931e+03 1.556447e+03 1.568884e+03
12.5 1.566335e+03 1.570676e+03 1.555443e+03 1.551101e+03
13.5 1.575061e+03 1.564103e+03 1.554052e+03 1.565010e+03
14.5 1.563525e+03 1.558820e+03 1.554097e+03 1.558802e+03
15.5 1.566920e+03 1.559903e+03 1.554950e+03 1.561967e+03
16.5 1.592992e+03 1.565482e+03 1.555685e+03 1.583195e+03
17.5 1.567190e+03 1.565700e+03 1.555129e+03 1.556619e+03
18.5 1.553558e+03 1.560626e+03 1.554079e+03 1.547011e+03
19.5 1.551595e+03 1.556818e+03 1.554322e+03 1.549099e+03
20.5 1.564715e+03 1.557440e+03 1.555206e+03 1.562481e+03
0.8 1.583368e+03 1.570931e+03 1.556447e+03 1.568884e+03
1.8 1.566335e+03 1.570676e+03 1.555443e+03 1.551101e+03
2.8 1.575061e+03 1.564103e+03 1.554052e+03 1.565010e+03
3.8 1.563525e+03 1.558820e+03 1.554097e+03 1.558802e+03
4.8 1.566920e+03 1.559903e+03 1.554950e+03 1.561967e+03
5.8 1.592992e+03 1.565482e+03 1.555685e+03 1.583195e+03
6.8 1.567190e+03 1.565700e+03 1.555129e+03 1.556619e+03
7.8 1.553558e+03 1.560626e+03 1.554079e+03 1.547011e+03
8.8 1.551595e+03 1.556818e+03 1.554322e+03 1.549099e+03
9.8 1.564715e+03 1.557440e+03 1.555206e+03 1.562481e+03
10.8 1.577128e+03 1.560884e+03 1.555931e+03 1.572175e+03
11.8 1.554815e+03 1.562060e+03 1.555864e+03 1.548619e+03
12.8 1.562722e+03 1.558726e+03 1.554536e+03 1.558532e+03
13.8 1.568607e+03 1.555497e+03 1.554152e+03 1.567261e+03
14.8 1.548590e+03 1.554197e+03 1.554857e+03 1.549250e+03
15.8 1.551157e+03 1.553967e+03 1.555668e+03 1.552858e+03
16.8 1.553636e+03 1.554088e+03 1.556193e+03 1.555740e+03
17.8 1.549139e+03 1.554339e+03 1.556462e+03 1.551262e+03
18.8 1.578714e+03 1.555554e+03 1.556572e+03 1.579733e+03
19.8 1.561029e+03 1.559157e+03 1.556584e+03 1.558456e+03
20.8 1.564478e+03 1.561479e+03 1.556132e+03 1.559131e+03
0.8 1.592992e+03 1.565482e+03 1.555685e+03 1.583195e+03
1.8 1.567190e+03 1.565700e+03 1.555129e+03 1.556619e+03
2.8 1.553558e+03 1.560626e+03 1.554079e+03 1.547011e+03
3.8 1.551595e+03 1.556818e+03 1.554322e+03 1.549099e+03
4.8 1.564715e+03 1.557440e+03 1.555206e+03 1.562481e+03
5.8 1.577128e+03 1.560884e+03 1.555931e+03 1.572175e+03
6.8 1.554815e+03 1.562060e+03 1.555864e+03 1.548619e+03
7.8 1.562722e+03 1.558726e+03 1.554536e+03 1.558532e+03
8.8 1.568607e+03 1.555497e+03 1.554152e+03 1.567261e+03
9.8 1.548590e+03 1.554197e+03 1.554857e+03 1.549250e+03
10.8 1.551157e+03 1.553967e+03 1.555668e+03 1.552858e+03
11.8 1.553636e+03 1.554088e+03 1.556193e+03 1.555740e+03
12.8 1.549139e+03 1.554339e+03 1.556462e+03 1.551262e+03
13.8 1.578714e+03 1.555554e+03 1.556572e+03 1.579733e+03
14.8 1.561029e+03 1.559157e+03 1.556584e+03 1.558456e+03
15.8 1.564478e+03 1.561479e+03 1.556132e+03 1.559131e+03
16.8 1.558565e+03 1.559106e+03 1.554560e+03 1.554018e+03
17.8 1.568218e+03 1.556868e+03 1.553973e+03 1.565323e+03
18.8 1.546948e+03 1.558160e+03 1.554621e+03 1.543409e+03
19.8 1.569720e+03 1.557153e+03 1.555470e+03 1.568038e+03
20.8 1.555983e+03 1.553476e+03 1.556057e+03 1.558565e+03
0.4 1.577128e+03 1.560884e+03 1.555931e+03 1.572175e+03
1.4 1.554815e+03 1.562060e+03 1.555864e+03 1.548619e+03
2.4 1.562722e+03 1.558726e+03 1.554536e+03 1.558532e+03
3.4 1.568607e+03 1.555497e+03 1.554152e+03 1.567261e+03
4.4 1.548590e+03 1.554197e+03 1.554857e+03 1.549250e+03
5.4 1.551157e+03 1.553967e+03 1.555668e+03 1.552858e+03
6.4 1.553636e+03 1.554088e+03 1.556193e+03 1.555740e+03
7.4 1.549139e+03 1.554339e+03 1.556462e+03 1.551262e+03
8.4 1.578714e+03 1.555554e+03 1.556572e+03 1.579733e+03
9.4 1.561029e+03 1.559157e+03 1.556584e+03 1.558456e+03
10.4 1.564478e+03 1.561479e+03 1.556132e+03 1.559131e+03
11.4 1.558565e+03 1.559106e+03 1.554560e+03 1.554018e+03
12.4 1.568218e+03 1.556868e+03 1.553973e+03 1.565323e+03
13.4 1.546948e+03 1.558160e+03 1.554621e+03 1.543409e+03
14.4 1.569720e+03 1.557153e+03 1.555470e+03 1.568038e+03
15.4 1.555983e+03 1.553476e+03 1.556057e+03 1.558565e+03
16.4 1.538505e+03 1.553076e+03 1.556381e+03 1.541810e+03
17.4 1.559741e+03 1.559131e+03 1.556529e+03 1.557139e+03
18.4 1.541520e+03 1.567828e+03 1.556565e+03 1.530257e+03
19.4 1.578300e+03 1.569727e+03 1.556537e+03 1.565110e+03
20.4 1.575176e+03 1.562777e+03 1.556485e+03 1.568884e+03
0.4 1.561029e+03 1.559157e+03 1.556584e+03 1.558456e+03
1.4 1.564478e+03 1.561479e+03 1.556132e+03 1.559131e+03
2.4 1.558565e+03 1.559106e+03 1.554560e+03 1.554018e+03
3.4 1.568218e+03 1.556868e+03 1.553973e+03 1.565323e+03
4.4 1.546948e+03 1.558160e+03 1.554621e+03 1.543409e+03
5.4 1.569720e+03 1.557153e+03 1.555470e+03 1.568038e+03
6.4 1.555983e+03 1.553476e+03 1.556057e+03 1.558565e+03
7.4 1.538505e+03 1.553076e+03 1.556381e+03 1.541810e+03
8.4 1.559741e+03 1.559131e+03 1.556529e+03 1.557139e+03
9.4 1.541520e+03 1.567828e+03 1.556565e+03 1.530257e+03
10.4 1.578300e+03 1.569727e+03 1.556537e+03 1.565110e+03
11.4 1.575176e+03 1.562777e+03 1.556485e+03 1.568884e+03
12.4 1.548606e+03 1.556195e+03 1.556434e+03 1.548846e+03
13.4 1.558285e+03 1.552963e+03 1.556391e+03 1.561713e+03
14.4 1.549836e+03 1.551449e+03 1.555737e+03 1.554123e+03
15.4 1.557403e+03 1.550334e+03 1.554222e+03 1.561291e+03
16.4 1.555610e+03 1.550878e+03 1.553949e+03 1.558681e+03
17.4 1.549029e+03 1.552583e+03 1.554730e+03 1.551176e+03
18.4 1.551967e+03 1.555265e+03 1.555570e+03 1.552272e+03
19.4 1.546975e+03 1.558394e+03 1.556118e+03 1.544699e+03
20.4 1.562482e+03 1.559247e+03 1.556412e+03 1.559647e+03
0.5 1.558285e+03 1.552963e+03 1.556391e+03 1.561713e+03
1.5 1.549836e+03 1.551449e+03 1.555737e+03 1.554123e+03
2.5 1.557403e+03 1.550334e+03 1.554222e+03 1.561291e+03
3.5 1.555610e+03 1.550878e+03 1.553949e+03 1.558681e+03
4.5 1.549029e+03 1.552583e+03 1.554730e+03 1.551176e+03
5.5 1.551967e+03 1.555265e+03 1.555570e+03 1.552272e+03
6.5 1.546975e+03 1.558394e+03 1.556118e+03 1.544699e+03
7.5 1.562482e+03 1.559247e+03 1.556412e+03 1.559647e+03
8.5 1.540367e+03 1.555491e+03 1.556539e+03 1.541416e+03
9.5 1.542230e+03 1.552694e+03 1.556563e+03 1.546098e+03
10.5 1.535162e+03 1.552902e+03 1.556529e+03 1.538788e+03
11.5 1.562268e+03 1.554637e+03 1.556476e+03 1.564107e+03
12.5 1.560666e+03 1.556233e+03 1.556385e+03 1.560818e+03
13.5 1.562126e+03 1.555722e+03 1.555313e+03 1.561717e+03
14.5 1.548217e+03 1.554081e+03 1.553992e+03 1.548128e+03
15.5 1.554103e+03 1.553706e+03 1.554124e+03 1.554520e+03
16.5 1.550584e+03 1.554538e+03 1.554995e+03 1.551041e+03
17.5 1.561068e+03 1.556705e+03 1.555759e+03 1.560123e+03
18.5 1.557645e+03 1.558100e+03 1.556224e+03 1.555770e+03
19.5 1.553168e+03 1.555181e+03 1.556463e+03 1.554450e+03
20.5 1.568277e+03 1.553508e+03 1.556555e+03 1.571324e+03
0.8 1.560666e+03 1.556233e+03 1.556385e+03 1.560818e+03
1.8 1.562126e+03 1.555722e+03 1.555313e+03 1.561717e+03
2.8 1.548217e+03 1.554081e+03 1.553992e+03 1.548128e+03
3.8 1.554103e+03 1.553706e+03 1.554124e+03 1.554520e+03
4.8 1.550584e+03 1.554538e+03 1.554995e+03 1.551041e+03
5.8 1.561068e+03 1.556705e+03 1.555759e+03 1.560123e+03
6.8 1.557645e+03 1.558100e+03 1.556224e+03 1.555770e+03
7.8 1.553168e+03 1.555181e+03 1.556463e+03 1.554450e+03
8.8 1.568277e+03 1.553508e+03 1.556555e+03 1.571324e+03
9.8 1.560152e+03 1.555696e+03 1.556557e+03 1.561013e+03
10.8 1.561444e+03 1.557681e+03 1.556514e+03 1.560277e+03
11.8 1.564445e+03 1.554999e+03 1.556461e+03 1.565907e+03
12.8 1.561732e+03 1.552302e+03 1.556414e+03 1.565845e+03
13.8 1.550847e+03 1.552335e+03 1.556382e+03 1.554895e+03
14.8 1.569241e+03 1.553678e+03 1.556363e+03 1.571925e+03
15.8 1.564283e+03 1.556917e+03 1.556352e+03 1.563718e+03
16.8 1.572819e+03 1.560912e+03 1.556346e+03 1.568254e+03
17.8 1.557768e+03 1.559560e+03 1.556344e+03 1.554552e+03
18.8 1.565669e+03 1.556327e+03 1.556343e+03 1.565685e+03
19.8 1.559714e+03 1.557045e+03 1.556342e+03 1.559011e+03
20.8 1.563940e+03 1.555451e+03 1.556342e+03 1.564831e+03
1.0 1.558557e+03 1.565108e+03 1.556263e+03 1.549711e+03
2.0 1.574508e+03 1.566138e+03 1.555075e+03 1.563445e+03
3.0 1.588598e+03 1.561541e+03 1.553909e+03 1.580966e+03
4.0 1.552041e+03 1.557638e+03 1.554197e+03 1.548600e+03
5.0 1.539672e+03 1.555573e+03 1.555091e+03 1.539190e+03
6.0 1.548284e+03 1.554304e+03 1.555825e+03 1.549805e+03
7.0 1.534005e+03 1.553267e+03 1.556261e+03 1.536998e+03
8.0 1.561803e+03 1.552354e+03 1.556479e+03 1.565928e+03
9.0 1.565165e+03 1.549909e+03 1.556558e+03 1.571814e+03
10.0 1.556976e+03 1.549079e+03 1.556554e+03 1.564451e+03
11.0 1.561317e+03 1.551524e+03 1.556508e+03 1.566301e+03
12.0 1.555217e+03 1.556883e+03 1.556455e+03 1.554789e+03
13.0 1.561613e+03 1.562279e+03 1.556410e+03 1.555744e+03
14.0 1.561615e+03 1.562121e+03 1.556379e+03 1.555874e+03
15.0 1.551424e+03 1.557079e+03 1.556361e+03 1.550707e+03
16.0 1.529400e+03 1.554084e+03 1.556351e+03 1.531667e+03
17.0 1.558678e+03 1.554065e+03 1.556346e+03 1.560959e+03
18.0 1.555015e+03 1.555354e+03 1.556344e+03 1.556005e+03
19.0 1.549871e+03 1.555894e+03 1.556343e+03 1.550319e+03
20.0 1.554096e+03 1.553063e+03 1.556342e+03 1.557375e+03
21.0 1.542904e+03 1.550777e+03 1.556342e+03 1.548469e+03
0.6 1.539260e+03 1.555240e+03 1.556337e+03 1.540357e+03
1.6 1.543445e+03 1.556132e+03 1.555668e+03 1.542981e+03
2.6 1.541138e+03 1.554696e+03 1.554178e+03 1.540620e+03
3.6 1.537659e+03 1.553833e+03 1.553956e+03 1.537782e+03
4.6 1.545709e+03 1.554406e+03 1.554754e+03 1.546056e+03
5.6 1.556542e+03 1.556273e+03 1.555589e+03 1.555858e+03
6.6 1.557924e+03 1.555565e+03 1.556129e+03 1.558488e+03
7.6 1.548553e+03 1.552539e+03 1.556418e+03 1.552432e+03
8.6 1.532724e+03 1.551847e+03 1.556541e+03 1.537419e+03
9.6 1.536966e+03 1.552909e+03 1.556562e+03 1.540619e+03
10.6 1.566066e+03 1.554065e+03 1.556528e+03 1.568528e+03
11.6 1.538790e+03 1.554813e+03 1.556474e+03 1.540451e+03
12.6 1.554513e+03 1.555179e+03 1.556425e+03 1.555759e+03
13.6 1.532839e+03 1.554975e+03 1.556389e+03 1.534253e+03
14.6 1.524862e+03 1.554356e+03 1.556287e+03 1.526793e+03
15.6 1.535257e+03 1.553054e+03 1.555087e+03 1.537290e+03
16.6 1.548453e+03 1.552222e+03 1.553914e+03 1.550146e+03
17.6 1.548108e+03 1.553322e+03 1.554199e+03 1.548985e+03
18.6 1.539987e+03 1.555379e+03 1.555092e+03 1.539700e+03
19.6 1.542243e+03 1.556538e+03 1.555561e+03 1.541265e+03
20.6 1.544605e+03 1.555372e+03 1.554537e+03 1.543770e+03
1.0 1.524862e+03 1.554356e+03 1.556287e+03 1.526793e+03
2.0 1.535257e+03 1.553054e+03 1.555087e+03 1.537290e+03
3.0 1.548453e+03 1.552222e+03 1.553914e+03 1.550146e+03
4.0 1.548108e+03 1.553322e+03 1.554199e+03 1.548985e+03
5.0 1.539987e+03 1.555379e+03 1.555092e+03 1.539700e+03
6.0 1.542243e+03 1.556538e+03 1.555561e+03 1.541265e+03
7.0 1.544605e+03 1.555372e+03 1.554537e+03 1.543770e+03
8.0 1.554605e+03 1.556030e+03 1.553996e+03 1.552572e+03
9.0 1.555751e+03 1.558125e+03 1.554243e+03 1.551869e+03
10.0 1.563710e+03 1.556979e+03 1.553616e+03 1.560347e+03
11.0 1.561031e+03 1.555278e+03 1.553683e+03 1.559436e+03
12.0 1.565278e+03 1.556338e+03 1.554680e+03 1.563620e+03
13.0 1.562028e+03 1.558567e+03 1.555682e+03 1.559143e+03
14.0 1.545236e+03 1.556056e+03 1.556303e+03 1.545482e+03
15.0 1.542679e+03 1.554342e+03 1.556595e+03 1.544933e+03
16.0 1.539867e+03 1.559910e+03 1.556686e+03 1.536643e+03
17.0 1.558274e+03 1.568223e+03 1.556666e+03 1.546717e+03
18.0 1.565811e+03 1.568946e+03 1.556596e+03 1.553461e+03
19.0 1.562445e+03 1.561690e+03 1.556516e+03 1.557272e+03
20.0 1.559652e+03 1.555555e+03 1.556449e+03 1.560546e+03
21.0 1.567953e+03 1.552709e+03 1.556393e+03 1.571637e+03
0.2 1.539987e+03 1.555379e+03 1.555092e+03 1.539700e+03
1.2 1.542243e+03 1.556538e+03 1.555561e+03 1.541265e+03
2.2 1.544605e+03 1.555372e+03 1.554537e+03 1.543770e+03
3.2 1.554605e+03 1.556030e+03 1.553996e+03 1.552572e+03
4.2 1.555751e+03 1.558125e+03 1.554243e+03 1.551869e+03
5.2 1.563710e+03 1.556979e+03 1.553616e+03 1.560347e+03
6.2 1.561031e+03 1.555278e+03 1.553683e+03 1.559436e+03
7.2 1.565278e+03 1.556338e+03 1.554680e+03 1.563620e+03
8.2 1.562028e+03 1.558567e+03 1.555682e+03 1.559143e+03
9.2 1.545236e+03 1.556056e+03 1.556303e+03 1.545482e+03
10.2 1.542679e+03 1.554342e+03 1.556595e+03 1.544933e+03
11.2 1.539867e+03 1.559910e+03 1.556686e+03 1.536643e+03
12.2 1.558274e+03 1.568223e+03 1.556666e+03 1.546717e+03
13.2 1.565811e+03 1.568946e+03 1.556596e+03 1.553461e+03
14.2 1.562445e+03 1.561690e+03 1.556516e+03 1.557272e+03
15.2 1.559652e+03 1.555555e+03 1.556449e+03 1.560546e+03
16.2 1.567953e+03 1.552709e+03 1.556393e+03 1.571637e+03
17.2 1.552704e+03 1.551306e+03 1.555614e+03 1.557013e+03
18.2 1.538355e+03 1.550333e+03 1.554136e+03 1.542158e+03
19.2 1.558429e+03 1.551055e+03 1.553992e+03 1.561366e+03
20.2 1.558330e+03 1.553062e+03 1.554810e+03 1.560077e+03
0.4 1.554605e+03 1.556030e+03 1.553996e+03 1.552572e+03
1.4 1.555751e+03 1.558125e+03 1.554243e+03 1.551869e+03
2.4 1.563710e+03 1.556979e+03 1.553616e+03 1.560347e+03
3.4 1.561031e+03 1.555278e+03 1.553683e+03 1.559436e+03
4.4 1.565278e+03 1.556338e+03 1.554680e+03 1.563620e+03
5.4 1.562028e+03 1.558567e+03 1.555682e+03 1.559143e+03
6.4 1.545236e+03 1.556056e+03 1.556303e+03 1.545482e+03
7.4 1.542679e+03 1.554342e+03 1.556595e+03 1.544933e+03
8.4 1.539867e+03 1.559910e+03 1.556686e+03 1.536643e+03
9.4 1.558274e+03 1.568223e+03 1.556666e+03 1.546717e+03
10.4 1.565811e+03 1.568946e+03 1.556596e+03 1.553461e+03
11.4 1.562445e+03 1.561690e+03 1.556516e+03 1.557272e+03
12.4 1.559652e+03 1.555555e+03 1.556449e+03 1.560546e+03
13.4 1.567953e+03 1.552709e+03 1.556393e+03 1.571637e+03
14.4 1.552704e+03 1.551306e+03 1.555614e+03 1.557013e+03
15.4 1.538355e+03 1.550333e+03 1.554136e+03 1.542158e+03
16.4 1.558429e+03 1.551055e+03 1.553992e+03 1.561366e+03
17.4 1.558330e+03 1.553062e+03 1.554810e+03 1.560077e+03
18.4 1.553810e+03 1.555267e+03 1.555629e+03 1.554171e+03
19.4 1.566311e+03 1.554719e+03 1.556152e+03 1.567744e+03
20.4 1.555723e+03 1.551956e+03 1.556429e+03 1.560195e+03
0.6 1.567953e+03 1.552709e+03 1.556393e+03 1.571637e+03
1.6 1.552704e+03 1.551306e+03 1.555614e+03 1.557013e+03
2.6 1.538355e+03 1.550333e+03 1.554136e+03 1.542158e+03
3.6 1.558429e+03 1.551055e+03 1.553992e+03 1.561366e+03
4.6 1.558330e+03 1.553062e+03 1.554810e+03 1.560077e+03
5.6 1.553810e+03 1.555267e+03 1.555629e+03 1.554171e+03
6.6 1.566311e+03 1.554719e+03 1.556152e+03 1.567744e+03
7.6 1.555723e+03 1.551956e+03 1.556429e+03 1.560195e+03
8.6 1.545330e+03 1.551584e+03 1.556545e+03 1.550291e+03
9.6 1.553539e+03 1.553411e+03 1.556561e+03 1.556690e+03
10.6 1.563581e+03 1.555430e+03 1.556525e+03 1.564675e+03
11.6 1.561083e+03 1.554183e+03 1.556471e+03 1.563371e+03
12.6 1.561198e+03 1.551662e+03 1.556423e+03 1.565958e+03
13.6 1.563163e+03 1.551717e+03 1.556387e+03 1.567834e+03
14.6 1.555557e+03 1.553127e+03 1.556366e+03 1.558795e+03
15.6 1.554679e+03 1.554356e+03 1.556353e+03 1.556677e+03
16.6 1.559020e+03 1.555280e+03 1.556347e+03 1.560088e+03
17.6 1.568766e+03 1.556212e+03 1.556276e+03 1.568829e+03
18.6 1.548940e+03 1.555461e+03 1.555124e+03 1.548602e+03
19.6 1.539297e+03 1.553976e+03 1.553922e+03 1.539243e+03
20.6 1.561286e+03 1.555021e+03 1.554175e+03 1.560440e+03
0.9 1.568766e+03 1.556212e+03 1.556276e+03 1.568829e+03
1.9 1.548940e+03 1.555461e+03 1.555124e+03 1.548602e+03
2.9 1.539297e+03 1.553976e+03 1.553922e+03 1.539243e+03
3.9 1.561286e+03 1.555021e+03 1.554175e+03 1.560440e+03
4.9 1.556344e+03 1.560646e+03 1.555066e+03 1.550765e+03
5.9 1.560014e+03 1.562184e+03 1.555808e+03 1.553639e+03
6.9 1.561929e+03 1.557822e+03 1.556252e+03 1.560359e+03
7.9 1.546317e+03 1.555601e+03 1.556475e+03 1.547191e+03
8.9 1.543059e+03 1.560142e+03 1.556558e+03 1.539474e+03
9.9 1.561551e+03 1.568030e+03 1.556551e+03 1.550073e+03
10.9 1.560591e+03 1.570347e+03 1.555917e+03 1.546160e+03
11.9 1.576896e+03 1.565314e+03 1.554354e+03 1.565935e+03
12.9 1.558949e+03 1.562141e+03 1.553999e+03 1.550807e+03
13.9 1.568860e+03 1.561901e+03 1.554739e+03 1.561698e+03
14.9 1.536449e+03 1.557842e+03 1.555568e+03 1.534174e+03
15.9 1.548196e+03 1.552763e+03 1.556115e+03 1.551549e+03
16.9 1.560306e+03 1.550403e+03 1.556410e+03 1.566314e+03
17.9 1.547969e+03 1.548109e+03 1.556539e+03 1.556399e+03
18.9 1.553593e+03 1.547767e+03 1.556564e+03 1.562390e+03
19.9 1.545221e+03 1.549949e+03 1.556531e+03 1.551803e+03
20.9 1.575156e+03 1.552480e+03 1.556477e+03 1.579153e+03
0.5 1.561551e+03 1.568030e+03 1.556551e+03 1.550073e+03
1.5 1.560591e+03 1.570347e+03 1.555917e+03 1.546160e+03
2.5 1.576896e+03 1.565314e+03 1.554354e+03 1.565935e+03
3.5 1.558949e+03 1.562141e+03 1.553999e+03 1.550807e+03
4.5 1.568860e+03 1.561901e+03 1.554739e+03 1.561698e+03
5.5 1.536449e+03 1.557842e+03 1.555568e+03 1.534174e+03
6.5 1.548196e+03 1.552763e+03 1.556115e+03 1.551549e+03
7.5 1.560306e+03 1.550403e+03 1.556410e+03 1.566314e+03
8.5 1.547969e+03 1.548109e+03 1.556539e+03 1.556399e+03
9.5 1.553593e+03 1.547767e+03 1.556564e+03 1.562390e+03
10.5 1.545221e+03 1.549949e+03 1.556531e+03 1.551803e+03
11.5 1.575156e+03 1.552480e+03 1.556477e+03 1.579153e+03
12.5 1.573409e+03 1.554059e+03 1.556428e+03 1.575777e+03
13.5 1.554496e+03 1.554432e+03 1.556391e+03 1.556455e+03
14.5 1.556367e+03 1.554164e+03 1.556368e+03 1.558571e+03
15.5 1.553499e+03 1.552151e+03 1.556354e+03 1.557702e+03
16.5 1.560528e+03 1.550291e+03 1.556348e+03 1.566585e+03
17.5 1.544469e+03 1.551805e+03 1.556344e+03 1.549008e+03
18.5 1.537496e+03 1.553818e+03 1.555863e+03 1.539540e+03
19.5 1.559765e+03 1.553610e+03 1.554342e+03 1.560498e+03
20.5 1.563613e+03 1.553501e+03 1.553898e+03 1.564010e+03
0.4 1.544469e+03 1.551805e+03 1.556344e+03 1.549008e+03
1.4 1.537496e+03 1.553818e+03 1.555863e+03 1.539540e+03
2.4 1.559765e+03 1.553610e+03 1.554342e+03 1.560498e+03
3.4 1.563613e+03 1.553501e+03 1.553898e+03 1.564010e+03
4.4 1.563201e+03 1.554201e+03 1.554621e+03 1.563621e+03
5.4 1.559597e+03 1.556287e+03 1.555486e+03 1.558796e+03
6.4 1.584092e+03 1.562692e+03 1.556070e+03 1.577470e+03
7.4 1.575183e+03 1.567957e+03 1.556388e+03 1.563615e+03
8.4 1.603473e+03 1.564007e+03 1.556531e+03 1.595997e+03
9.4 1.572444e+03 1.557801e+03 1.556564e+03 1.571207e+03
10.4 1.548420e+03 1.554750e+03 1.556534e+03 1.550205e+03
11.4 1.559293e+03 1.553908e+03 1.556482e+03 1.561868e+03
12.4 1.561100e+03 1.553840e+03 1.556431e+03 1.563692e+03
13.4 1.555092e+03 1.554045e+03 1.556393e+03 1.557440e+03
14.4 1.561853e+03 1.554810e+03 1.556369e+03 1.563412e+03
15.4 1.562171e+03 1.556557e+03 1.556297e+03 1.561911e+03
16.4 1.566665e+03 1.556352e+03 1.555176e+03 1.565489e+03
17.4 1.542733e+03 1.554629e+03 1.553938e+03 1.542041e+03
18.4 1.548867e+03 1.554141e+03 1.554154e+03 1.548881e+03
19.4 1.567511e+03 1.555100e+03 1.555041e+03 1.567452e+03
20.4 1.561316e+03 1.555781e+03 1.555791e+03 1.561327e+03
0.9 1.562171e+03 1.556557e+03 1.556297e+03 1.561911e+03
1.9 1.566665e+03 1.556352e+03 1.555176e+03 1.565489e+03
2.9 1.542733e+03 1.554629e+03 1.553938e+03 1.542041e+03
3.9 1.548867e+03 1.554141e+03 1.554154e+03 1.548881e+03
4.9 1.567511e+03 1.555100e+03 1.555041e+03 1.567452e+03
5.9 1.561316e+03 1.555781e+03 1.555791e+03 1.561327e+03
6.9 1.557533e+03 1.553151e+03 1.556242e+03 1.560625e+03
7.9 1.537856e+03 1.551087e+03 1.556471e+03 1.543240e+03
8.9 1.542960e+03 1.551726e+03 1.556557e+03 1.547790e+03
9.9 1.549081e+03 1.553235e+03 1.556555e+03 1.552402e+03
10.9 1.547086e+03 1.554395e+03 1.556511e+03 1.549202e+03
11.9 1.562583e+03 1.555070e+03 1.556458e+03 1.563971e+03
12.9 1.554850e+03 1.555575e+03 1.556412e+03 1.555686e+03
13.9 1.560569e+03 1.556248e+03 1.556381e+03 1.560702e+03
14.9 1.554805e+03 1.554508e+03 1.556362e+03 1.556659e+03
15.9 1.545811e+03 1.551603e+03 1.556351e+03 1.550560e+03
16.9 1.550605e+03 1.551402e+03 1.556346e+03 1.555550e+03
17.9 1.544683e+03 1.552853e+03 1.556344e+03 1.548174e+03
18.9 1.548263e+03 1.555163e+03 1.556343e+03 1.549442e+03
19.9 1.548589e+03 1.556680e+03 1.556342e+03 1.548252e+03
20.9 1.553828e+03 1.554129e+03 1.556342e+03 1.556042e+03
0.4 1.532107e+03 1.552230e+03 1.556342e+03 1.536218e+03
1.4 1.552124e+03 1.555217e+03 1.555930e+03 1.552837e+03
2.4 1.549468e+03 1.555079e+03 1.554416e+03 1.548805e+03
3.4 1.541423e+03 1.554416e+03 1.553882e+03 1.540889e+03
4.4 1.544731e+03 1.554601e+03 1.554569e+03 1.544699e+03
5.4 1.533749e+03 1.555023e+03 1.555443e+03 1.534169e+03
6.4 1.545772e+03 1.555276e+03 1.556044e+03 1.546541e+03
7.4 1.543507e+03 1.555367e+03 1.556375e+03 1.544516e+03
8.4 1.524045e+03 1.555381e+03 1.556527e+03 1.525190e+03
