0.1 8.137398e+03 8.117575e+03 8.092486e+03 8.112309e+03
1.1 8.083938e+03 8.113417e+03 8.093559e+03 8.064081e+03
2.1 8.109752e+03 8.113404e+03 8.102931e+03 8.099278e+03
3.1 8.139127e+03 8.111242e+03 8.109698e+03 8.137582e+03
4.1 8.124762e+03 8.102025e+03 8.106598e+03 8.129336e+03
5.1 8.088430e+03 8.092487e+03 8.100334e+03 8.096276e+03
6.1 8.091636e+03 8.085679e+03 8.095535e+03 8.101492e+03
7.1 8.067361e+03 8.079881e+03 8.092760e+03 8.080239e+03
8.1 8.078808e+03 8.076072e+03 8.091406e+03 8.094142e+03
9.1 8.121252e+03 8.088155e+03 8.090959e+03 8.124056e+03
10.1 8.163590e+03 8.108452e+03 8.091049e+03 8.146187e+03
11.1 8.145435e+03 8.110798e+03 8.091384e+03 8.126020e+03
12.1 8.099126e+03 8.100284e+03 8.091753e+03 8.090594e+03
13.1 8.097901e+03 8.089009e+03 8.092051e+03 8.100942e+03
14.1 8.116653e+03 8.095913e+03 8.092251e+03 8.112990e+03
15.1 8.137750e+03 8.111248e+03 8.092369e+03 8.118871e+03
16.1 8.098433e+03 8.109899e+03 8.092431e+03 8.080966e+03
17.1 8.097343e+03 8.097113e+03 8.092462e+03 8.092692e+03
18.1 8.079162e+03 8.083876e+03 8.092476e+03 8.087762e+03
19.1 8.084529e+03 8.082962e+03 8.092482e+03 8.094049e+03
20.1 8.106752e+03 8.102111e+03 8.092485e+03 8.097126e+03
0.8 8.129770e+03 8.102930e+03 8.092776e+03 8.119616e+03
1.8 8.149394e+03 8.099125e+03 8.099981e+03 8.150250e+03
2.8 8.111650e+03 8.102637e+03 8.109013e+03 8.118026e+03
3.8 8.091875e+03 8.099294e+03 8.108005e+03 8.100586e+03
4.8 8.086874e+03 8.090193e+03 8.101895e+03 8.098577e+03
5.8 8.074185e+03 8.081473e+03 8.096588e+03 8.089301e+03
6.8 8.098004e+03 8.082023e+03 8.097717e+03 8.113698e+03
7.8 8.101302e+03 8.094170e+03 8.106498e+03 8.113629e+03
8.8 8.098652e+03 8.102741e+03 8.107703e+03 8.103615e+03
9.8 8.093238e+03 8.105514e+03 8.102226e+03 8.089950e+03
10.8 8.120482e+03 8.111070e+03 8.096669e+03 8.106081e+03
11.8 8.137252e+03 8.123932e+03 8.093224e+03 8.106544e+03
12.8 8.125252e+03 8.121263e+03 8.091498e+03 8.095486e+03
13.8 8.069934e+03 8.107224e+03 8.090835e+03 8.053545e+03
14.8 8.071135e+03 8.093512e+03 8.090811e+03 8.068434e+03
15.8 8.092189e+03 8.084030e+03 8.091122e+03 8.099280e+03
16.8 8.123895e+03 8.082079e+03 8.094167e+03 8.135983e+03
17.8 8.114819e+03 8.092180e+03 8.105024e+03 8.127663e+03
18.8 8.087506e+03 8.097831e+03 8.109312e+03 8.098988e+03
19.8 8.084290e+03 8.096588e+03 8.104833e+03 8.092535e+03
20.8 8.122822e+03 8.096967e+03 8.098808e+03 8.124664e+03
0.5 8.074185e+03 8.081473e+03 8.096588e+03 8.089301e+03
1.5 8.098004e+03 8.082023e+03 8.097717e+03 8.113698e+03
2.5 8.101302e+03 8.094170e+03 8.106498e+03 8.113629e+03
3.5 8.098652e+03 8.102741e+03 8.107703e+03 8.103615e+03
4.5 8.093238e+03 8.105514e+03 8.102226e+03 8.089950e+03
5.5 8.120482e+03 8.111070e+03 8.096669e+03 8.106081e+03
6.5 8.137252e+03 8.123932e+03 8.093224e+03 8.106544e+03
7.5 8.125252e+03 8.121263e+03 8.091498e+03 8.095486e+03
8.5 8.069934e+03 8.107224e+03 8.090835e+03 8.053545e+03
9.5 8.071135e+03 8.093512e+03 8.090811e+03 8.068434e+03
10.5 8.092189e+03 8.084030e+03 8.091122e+03 8.099280e+03
11.5 8.123895e+03 8.082079e+03 8.094167e+03 8.135983e+03
12.5 8.114819e+03 8.092180e+03 8.105024e+03 8.127663e+03
13.5 8.087506e+03 8.097831e+03 8.109312e+03 8.098988e+03
14.5 8.084290e+03 8.096588e+03 8.104833e+03 8.092535e+03
15.5 8.122822e+03 8.096967e+03 8.098808e+03 8.124664e+03
16.5 8.131893e+03 8.099408e+03 8.094611e+03 8.127096e+03
17.5 8.158444e+03 8.110896e+03 8.092284e+03 8.139832e+03
18.5 8.089041e+03 8.122701e+03 8.091214e+03 8.057554e+03
19.5 8.072333e+03 8.116655e+03 8.090941e+03 8.046619e+03
20.5 8.073752e+03 8.102738e+03 8.091121e+03 8.062135e+03
0.3 8.092189e+03 8.084030e+03 8.091122e+03 8.099280e+03
1.3 8.123895e+03 8.082079e+03 8.094167e+03 8.135983e+03
2.3 8.114819e+03 8.092180e+03 8.105024e+03 8.127663e+03
3.3 8.087506e+03 8.097831e+03 8.109312e+03 8.098988e+03
4.3 8.084290e+03 8.096588e+03 8.104833e+03 8.092535e+03
5.3 8.122822e+03 8.096967e+03 8.098808e+03 8.124664e+03
6.3 8.131893e+03 8.099408e+03 8.094611e+03 8.127096e+03
7.3 8.158444e+03 8.110896e+03 8.092284e+03 8.139832e+03
8.3 8.089041e+03 8.122701e+03 8.091214e+03 8.057554e+03
9.3 8.072333e+03 8.116655e+03 8.090941e+03 8.046619e+03
10.3 8.073752e+03 8.102738e+03 8.091121e+03 8.062135e+03
11.3 8.066710e+03 8.090545e+03 8.091481e+03 8.067646e+03
12.3 8.070919e+03 8.084890e+03 8.093679e+03 8.079708e+03
13.3 8.051086e+03 8.092379e+03 8.104106e+03 8.062813e+03
14.3 8.060126e+03 8.097066e+03 8.109557e+03 8.072618e+03
15.3 8.040074e+03 8.092535e+03 8.105632e+03 8.053171e+03
16.3 8.091729e+03 8.088239e+03 8.101138e+03 8.104628e+03
17.3 8.125214e+03 8.095562e+03 8.106701e+03 8.136353e+03
18.3 8.112199e+03 8.100824e+03 8.109761e+03 8.121135e+03
19.3 8.087291e+03 8.097409e+03 8.104714e+03 8.094596e+03
20.3 8.092407e+03 8.091470e+03 8.098136e+03 8.099073e+03
0.2 8.066710e+03 8.090545e+03 8.091481e+03 8.067646e+03
1.2 8.070919e+03 8.084890e+03 8.093679e+03 8.079708e+03
2.2 8.051086e+03 8.092379e+03 8.104106e+03 8.062813e+03
3.2 8.060126e+03 8.097066e+03 8.109557e+03 8.072618e+03
4.2 8.040074e+03 8.092535e+03 8.105632e+03 8.053171e+03
5.2 8.091729e+03 8.088239e+03 8.101138e+03 8.104628e+03
6.2 8.125214e+03 8.095562e+03 8.106701e+03 8.136353e+03
7.2 8.112199e+03 8.100824e+03 8.109761e+03 8.121135e+03
8.2 8.087291e+03 8.097409e+03 8.104714e+03 8.094596e+03
9.2 8.092407e+03 8.091470e+03 8.098136e+03 8.099073e+03
10.2 8.104556e+03 8.084838e+03 8.093727e+03 8.113445e+03
11.2 8.098267e+03 8.079138e+03 8.091972e+03 8.111100e+03
12.2 8.101056e+03 8.085552e+03 8.099115e+03 8.114619e+03
13.2 8.100717e+03 8.094876e+03 8.107388e+03 8.113229e+03
14.2 8.090638e+03 8.093689e+03 8.106782e+03 8.103730e+03
15.2 8.112797e+03 8.097710e+03 8.109997e+03 8.125083e+03
16.2 8.119400e+03 8.102800e+03 8.112584e+03 8.129185e+03
17.2 8.124318e+03 8.099657e+03 8.107133e+03 8.131795e+03
18.2 8.126966e+03 8.093413e+03 8.099521e+03 8.133074e+03
19.2 8.117368e+03 8.088712e+03 8.094141e+03 8.122796e+03
20.2 8.110516e+03 8.088094e+03 8.091346e+03 8.113767e+03
0.2 8.040074e+03 8.092535e+03 8.105632e+03 8.053171e+03
1.2 8.091729e+03 8.088239e+03 8.101138e+03 8.104628e+03
2.2 8.125214e+03 8.095562e+03 8.106701e+03 8.136353e+03
3.2 8.112199e+03 8.100824e+03 8.109761e+03 8.121135e+03
4.2 8.087291e+03 8.097409e+03 8.104714e+03 8.094596e+03
5.2 8.092407e+03 8.091470e+03 8.098136e+03 8.099073e+03
6.2 8.104556e+03 8.084838e+03 8.093727e+03 8.113445e+03
7.2 8.098267e+03 8.079138e+03 8.091972e+03 8.111100e+03
8.2 8.101056e+03 8.085552e+03 8.099115e+03 8.114619e+03
9.2 8.100717e+03 8.094876e+03 8.107388e+03 8.113229e+03
10.2 8.090638e+03 8.093689e+03 8.106782e+03 8.103730e+03
11.2 8.112797e+03 8.097710e+03 8.109997e+03 8.125083e+03
12.2 8.119400e+03 8.102800e+03 8.112584e+03 8.129185e+03
13.2 8.124318e+03 8.099657e+03 8.107133e+03 8.131795e+03
14.2 8.126966e+03 8.093413e+03 8.099521e+03 8.133074e+03
15.2 8.117368e+03 8.088712e+03 8.094141e+03 8.122796e+03
16.2 8.110516e+03 8.088094e+03 8.091346e+03 8.113767e+03
17.2 8.097315e+03 8.091969e+03 8.090318e+03 8.095664e+03
18.2 8.076931e+03 8.099054e+03 8.095146e+03 8.073023e+03
19.2 8.115904e+03 8.106918e+03 8.105811e+03 8.114798e+03
20.2 8.077232e+03 8.102558e+03 8.107599e+03 8.082274e+03
0.9 8.098267e+03 8.079138e+03 8.091972e+03 8.111100e+03
1.9 8.101056e+03 8.085552e+03 8.099115e+03 8.114619e+03
2.9 8.100717e+03 8.094876e+03 8.107388e+03 8.113229e+03
3.9 8.090638e+03 8.093689e+03 8.106782e+03 8.103730e+03
4.9 8.112797e+03 8.097710e+03 8.109997e+03 8.125083e+03
5.9 8.119400e+03 8.102800e+03 8.112584e+03 8.129185e+03
6.9 8.124318e+03 8.099657e+03 8.107133e+03 8.131795e+03
7.9 8.126966e+03 8.093413e+03 8.099521e+03 8.133074e+03
8.9 8.117368e+03 8.088712e+03 8.094141e+03 8.122796e+03
9.9 8.110516e+03 8.088094e+03 8.091346e+03 8.113767e+03
10.9 8.097315e+03 8.091969e+03 8.090318e+03 8.095664e+03
11.9 8.076931e+03 8.099054e+03 8.095146e+03 8.073023e+03
12.9 8.115904e+03 8.106918e+03 8.105811e+03 8.114798e+03
13.9 8.077232e+03 8.102558e+03 8.107599e+03 8.082274e+03
14.9 8.063807e+03 8.093284e+03 8.103814e+03 8.074337e+03
15.9 8.122903e+03 8.096316e+03 8.108157e+03 8.134744e+03
16.9 8.126884e+03 8.100253e+03 8.110879e+03 8.137510e+03
17.9 8.077569e+03 8.095518e+03 8.105560e+03 8.087611e+03
18.9 8.064324e+03 8.089125e+03 8.099379e+03 8.074579e+03
19.9 8.123166e+03 8.094035e+03 8.103570e+03 8.132701e+03
20.9 8.116601e+03 8.099170e+03 8.108485e+03 8.125916e+03
1.0 8.090638e+03 8.093689e+03 8.106782e+03 8.103730e+03
2.0 8.112797e+03 8.097710e+03 8.109997e+03 8.125083e+03
3.0 8.119400e+03 8.102800e+03 8.112584e+03 8.129185e+03
4.0 8.124318e+03 8.099657e+03 8.107133e+03 8.131795e+03
5.0 8.126966e+03 8.093413e+03 8.099521e+03 8.133074e+03
6.0 8.117368e+03 8.088712e+03 8.094141e+03 8.122796e+03
7.0 8.110516e+03 8.088094e+03 8.091346e+03 8.113767e+03
8.0 8.097315e+03 8.091969e+03 8.090318e+03 8.095664e+03
9.0 8.076931e+03 8.099054e+03 8.095146e+03 8.073023e+03
10.0 8.115904e+03 8.106918e+03 8.105811e+03 8.114798e+03
11.0 8.077232e+03 8.102558e+03 8.107599e+03 8.082274e+03
12.0 8.063807e+03 8.093284e+03 8.103814e+03 8.074337e+03
13.0 8.122903e+03 8.096316e+03 8.108157e+03 8.134744e+03
14.0 8.126884e+03 8.100253e+03 8.110879e+03 8.137510e+03
15.0 8.077569e+03 8.095518e+03 8.105560e+03 8.087611e+03
16.0 8.064324e+03 8.089125e+03 8.099379e+03 8.074579e+03
17.0 8.123166e+03 8.094035e+03 8.103570e+03 8.132701e+03
18.0 8.116601e+03 8.099170e+03 8.108485e+03 8.125916e+03
19.0 8.105135e+03 8.093400e+03 8.104894e+03 8.116629e+03
20.0 8.085223e+03 8.085566e+03 8.099301e+03 8.098958e+03
21.0 8.123708e+03 8.090561e+03 8.103479e+03 8.136626e+03
0.6 8.097315e+03 8.091969e+03 8.090318e+03 8.095664e+03
1.6 8.076931e+03 8.099054e+03 8.095146e+03 8.073023e+03
2.6 8.115904e+03 8.106918e+03 8.105811e+03 8.114798e+03
3.6 8.077232e+03 8.102558e+03 8.107599e+03 8.082274e+03
4.6 8.063807e+03 8.093284e+03 8.103814e+03 8.074337e+03
5.6 8.122903e+03 8.096316e+03 8.108157e+03 8.134744e+03
6.6 8.126884e+03 8.100253e+03 8.110879e+03 8.137510e+03
7.6 8.077569e+03 8.095518e+03 8.105560e+03 8.087611e+03
8.6 8.064324e+03 8.089125e+03 8.099379e+03 8.074579e+03
9.6 8.123166e+03 8.094035e+03 8.103570e+03 8.132701e+03
10.6 8.116601e+03 8.099170e+03 8.108485e+03 8.125916e+03
11.6 8.105135e+03 8.093400e+03 8.104894e+03 8.116629e+03
12.6 8.085223e+03 8.085566e+03 8.099301e+03 8.098958e+03
13.6 8.123708e+03 8.090561e+03 8.103479e+03 8.136626e+03
14.6 8.118878e+03 8.098492e+03 8.108696e+03 8.129081e+03
15.6 8.106030e+03 8.098123e+03 8.105270e+03 8.113177e+03
16.6 8.101525e+03 8.096882e+03 8.098951e+03 8.103594e+03
17.6 8.144057e+03 8.101062e+03 8.099750e+03 8.142745e+03
18.6 8.134930e+03 8.107715e+03 8.107324e+03 8.134539e+03
19.6 8.108198e+03 8.104539e+03 8.106959e+03 8.110618e+03
20.6 8.078752e+03 8.094290e+03 8.100995e+03 8.085457e+03
0.1 8.077232e+03 8.102558e+03 8.107599e+03 8.082274e+03
1.1 8.063807e+03 8.093284e+03 8.103814e+03 8.074337e+03
2.1 8.122903e+03 8.096316e+03 8.108157e+03 8.134744e+03
3.1 8.126884e+03 8.100253e+03 8.110879e+03 8.137510e+03
4.1 8.077569e+03 8.095518e+03 8.105560e+03 8.087611e+03
5.1 8.064324e+03 8.089125e+03 8.099379e+03 8.074579e+03
6.1 8.123166e+03 8.094035e+03 8.103570e+03 8.132701e+03
7.1 8.116601e+03 8.099170e+03 8.108485e+03 8.125916e+03
8.1 8.105135e+03 8.093400e+03 8.104894e+03 8.116629e+03
9.1 8.085223e+03 8.085566e+03 8.099301e+03 8.098958e+03
10.1 8.123708e+03 8.090561e+03 8.103479e+03 8.136626e+03
11.1 8.118878e+03 8.098492e+03 8.108696e+03 8.129081e+03
12.1 8.106030e+03 8.098123e+03 8.105270e+03 8.113177e+03
13.1 8.101525e+03 8.096882e+03 8.098951e+03 8.103594e+03
14.1 8.144057e+03 8.101062e+03 8.099750e+03 8.142745e+03
15.1 8.134930e+03 8.107715e+03 8.107324e+03 8.134539e+03
16.1 8.108198e+03 8.104539e+03 8.106959e+03 8.110618e+03
17.1 8.078752e+03 8.094290e+03 8.100995e+03 8.085457e+03
18.1 8.062562e+03 8.085414e+03 8.095611e+03 8.072758e+03
19.1 8.090750e+03 8.096186e+03 8.092476e+03 8.087041e+03
20.1 8.112098e+03 8.111156e+03 8.091029e+03 8.091970e+03
1.0 8.064324e+03 8.089125e+03 8.099379e+03 8.074579e+03
2.0 8.123166e+03 8.094035e+03 8.103570e+03 8.132701e+03
3.0 8.116601e+03 8.099170e+03 8.108485e+03 8.125916e+03
4.0 8.105135e+03 8.093400e+03 8.104894e+03 8.116629e+03
5.0 8.085223e+03 8.085566e+03 8.099301e+03 8.098958e+03
6.0 8.123708e+03 8.090561e+03 8.103479e+03 8.136626e+03
7.0 8.118878e+03 8.098492e+03 8.108696e+03 8.129081e+03
8.0 8.106030e+03 8.098123e+03 8.105270e+03 8.113177e+03
9.0 8.101525e+03 8.096882e+03 8.098951e+03 8.103594e+03
10.0 8.144057e+03 8.101062e+03 8.099750e+03 8.142745e+03
11.0 8.134930e+03 8.107715e+03 8.107324e+03 8.134539e+03
12.0 8.108198e+03 8.104539e+03 8.106959e+03 8.110618e+03
13.0 8.078752e+03 8.094290e+03 8.100995e+03 8.085457e+03
14.0 8.062562e+03 8.085414e+03 8.095611e+03 8.072758e+03
15.0 8.090750e+03 8.096186e+03 8.092476e+03 8.087041e+03
16.0 8.112098e+03 8.111156e+03 8.091029e+03 8.091970e+03
17.0 8.088481e+03 8.109114e+03 8.090583e+03 8.069950e+03
18.0 8.079531e+03 8.099574e+03 8.090706e+03 8.070663e+03
19.0 8.066887e+03 8.094331e+03 8.091097e+03 8.063653e+03
20.0 8.034080e+03 8.095522e+03 8.091539e+03 8.030097e+03
21.0 8.055499e+03 8.098732e+03 8.093575e+03 8.050342e+03
1.0 8.085223e+03 8.085566e+03 8.099301e+03 8.098958e+03
2.0 8.123708e+03 8.090561e+03 8.103479e+03 8.136626e+03
3.0 8.118878e+03 8.098492e+03 8.108696e+03 8.129081e+03
4.0 8.106030e+03 8.098123e+03 8.105270e+03 8.113177e+03
5.0 8.101525e+03 8.096882e+03 8.098951e+03 8.103594e+03
6.0 8.144057e+03 8.101062e+03 8.099750e+03 8.142745e+03
7.0 8.134930e+03 8.107715e+03 8.107324e+03 8.134539e+03
8.0 8.108198e+03 8.104539e+03 8.106959e+03 8.110618e+03
9.0 8.078752e+03 8.094290e+03 8.100995e+03 8.085457e+03
10.0 8.062562e+03 8.085414e+03 8.095611e+03 8.072758e+03
11.0 8.090750e+03 8.096186e+03 8.092476e+03 8.087041e+03
12.0 8.112098e+03 8.111156e+03 8.091029e+03 8.091970e+03
13.0 8.088481e+03 8.109114e+03 8.090583e+03 8.069950e+03
14.0 8.079531e+03 8.099574e+03 8.090706e+03 8.070663e+03
15.0 8.066887e+03 8.094331e+03 8.091097e+03 8.063653e+03
16.0 8.034080e+03 8.095522e+03 8.091539e+03 8.030097e+03
17.0 8.055499e+03 8.098732e+03 8.093575e+03 8.050342e+03
18.0 8.106653e+03 8.106050e+03 8.103860e+03 8.104463e+03
19.0 8.132457e+03 8.107251e+03 8.109597e+03 8.134803e+03
20.0 8.099870e+03 8.099386e+03 8.105828e+03 8.106312e+03
21.0 8.094596e+03 8.087899e+03 8.099642e+03 8.106339e+03
0.7 8.101525e+03 8.096882e+03 8.098951e+03 8.103594e+03
1.7 8.144057e+03 8.101062e+03 8.099750e+03 8.142745e+03
2.7 8.134930e+03 8.107715e+03 8.107324e+03 8.134539e+03
3.7 8.108198e+03 8.104539e+03 8.106959e+03 8.110618e+03
4.7 8.078752e+03 8.094290e+03 8.100995e+03 8.085457e+03
5.7 8.062562e+03 8.085414e+03 8.095611e+03 8.072758e+03
6.7 8.090750e+03 8.096186e+03 8.092476e+03 8.087041e+03
7.7 8.112098e+03 8.111156e+03 8.091029e+03 8.091970e+03
8.7 8.088481e+03 8.109114e+03 8.090583e+03 8.069950e+03
9.7 8.079531e+03 8.099574e+03 8.090706e+03 8.070663e+03
10.7 8.066887e+03 8.094331e+03 8.091097e+03 8.063653e+03
11.7 8.034080e+03 8.095522e+03 8.091539e+03 8.030097e+03
12.7 8.055499e+03 8.098732e+03 8.093575e+03 8.050342e+03
13.7 8.106653e+03 8.106050e+03 8.103860e+03 8.104463e+03
14.7 8.132457e+03 8.107251e+03 8.109597e+03 8.134803e+03
15.7 8.099870e+03 8.099386e+03 8.105828e+03 8.106312e+03
16.7 8.094596e+03 8.087899e+03 8.099642e+03 8.106339e+03
17.7 8.084037e+03 8.078395e+03 8.095217e+03 8.100859e+03
18.7 8.114422e+03 8.080827e+03 8.098430e+03 8.132025e+03
19.7 8.104413e+03 8.092739e+03 8.107121e+03 8.118796e+03
20.7 8.099923e+03 8.096732e+03 8.107117e+03 8.110308e+03
0.2 8.034080e+03 8.095522e+03 8.091539e+03 8.030097e+03
1.2 8.055499e+03 8.098732e+03 8.093575e+03 8.050342e+03
2.2 8.106653e+03 8.106050e+03 8.103860e+03 8.104463e+03
3.2 8.132457e+03 8.107251e+03 8.109597e+03 8.134803e+03
4.2 8.099870e+03 8.099386e+03 8.105828e+03 8.106312e+03
5.2 8.094596e+03 8.087899e+03 8.099642e+03 8.106339e+03
6.2 8.084037e+03 8.078395e+03 8.095217e+03 8.100859e+03
7.2 8.114422e+03 8.080827e+03 8.098430e+03 8.132025e+03
8.2 8.104413e+03 8.092739e+03 8.107121e+03 8.118796e+03
9.2 8.099923e+03 8.096732e+03 8.107117e+03 8.110308e+03
10.2 8.088584e+03 8.096375e+03 8.101394e+03 8.093603e+03
11.2 8.083907e+03 8.098216e+03 8.096131e+03 8.081822e+03
12.2 8.075145e+03 8.101068e+03 8.094635e+03 8.068712e+03
13.2 8.098223e+03 8.108011e+03 8.103101e+03 8.093313e+03
14.2 8.070389e+03 8.110881e+03 8.108111e+03 8.067619e+03
15.2 8.074891e+03 8.108875e+03 8.105948e+03 8.071964e+03
16.2 8.106852e+03 8.111135e+03 8.110071e+03 8.105788e+03
17.2 8.112841e+03 8.109124e+03 8.111502e+03 8.115218e+03
18.2 8.111979e+03 8.100053e+03 8.105413e+03 8.117340e+03
19.2 8.127706e+03 8.088943e+03 8.098200e+03 8.136963e+03
20.2 8.106795e+03 8.079710e+03 8.093719e+03 8.120803e+03
0.7 8.084037e+03 8.078395e+03 8.095217e+03 8.100859e+03
1.7 8.114422e+03 8.080827e+03 8.098430e+03 8.132025e+03
2.7 8.104413e+03 8.092739e+03 8.107121e+03 8.118796e+03
3.7 8.099923e+03 8.096732e+03 8.107117e+03 8.110308e+03
4.7 8.088584e+03 8.096375e+03 8.101394e+03 8.093603e+03
5.7 8.083907e+03 8.098216e+03 8.096131e+03 8.081822e+03
6.7 8.075145e+03 8.101068e+03 8.094635e+03 8.068712e+03
7.7 8.098223e+03 8.108011e+03 8.103101e+03 8.093313e+03
8.7 8.070389e+03 8.110881e+03 8.108111e+03 8.067619e+03
9.7 8.074891e+03 8.108875e+03 8.105948e+03 8.071964e+03
10.7 8.106852e+03 8.111135e+03 8.110071e+03 8.105788e+03
11.7 8.112841e+03 8.109124e+03 8.111502e+03 8.115218e+03
12.7 8.111979e+03 8.100053e+03 8.105413e+03 8.117340e+03
13.7 8.127706e+03 8.088943e+03 8.098200e+03 8.136963e+03
14.7 8.106795e+03 8.079710e+03 8.093719e+03 8.120803e+03
15.7 8.116600e+03 8.083418e+03 8.098559e+03 8.131741e+03
16.7 8.124948e+03 8.094054e+03 8.106751e+03 8.137644e+03
17.7 8.070675e+03 8.095912e+03 8.105759e+03 8.080522e+03
18.7 8.067224e+03 8.091380e+03 8.100076e+03 8.075920e+03
19.7 8.078430e+03 8.095365e+03 8.095279e+03 8.078344e+03
20.7 8.074515e+03 8.112364e+03 8.092509e+03 8.054659e+03
0.2 8.083907e+03 8.098216e+03 8.096131e+03 8.081822e+03
1.2 8.075145e+03 8.101068e+03 8.094635e+03 8.068712e+03
2.2 8.098223e+03 8.108011e+03 8.103101e+03 8.093313e+03
3.2 8.070389e+03 8.110881e+03 8.108111e+03 8.067619e+03
4.2 8.074891e+03 8.108875e+03 8.105948e+03 8.071964e+03
5.2 8.106852e+03 8.111135e+03 8.110071e+03 8.105788e+03
6.2 8.112841e+03 8.109124e+03 8.111502e+03 8.115218e+03
7.2 8.111979e+03 8.100053e+03 8.105413e+03 8.117340e+03
8.2 8.127706e+03 8.088943e+03 8.098200e+03 8.136963e+03
9.2 8.106795e+03 8.079710e+03 8.093719e+03 8.120803e+03
10.2 8.116600e+03 8.083418e+03 8.098559e+03 8.131741e+03
11.2 8.124948e+03 8.094054e+03 8.106751e+03 8.137644e+03
12.2 8.070675e+03 8.095912e+03 8.105759e+03 8.080522e+03
13.2 8.067224e+03 8.091380e+03 8.100076e+03 8.075920e+03
14.2 8.078430e+03 8.095365e+03 8.095279e+03 8.078344e+03
15.2 8.074515e+03 8.112364e+03 8.092509e+03 8.054659e+03
16.2 8.093748e+03 8.114810e+03 8.091193e+03 8.070131e+03
17.2 8.098760e+03 8.104559e+03 8.090769e+03 8.084970e+03
18.2 8.093183e+03 8.093310e+03 8.091076e+03 8.090949e+03
19.2 8.103788e+03 8.092792e+03 8.098078e+03 8.109074e+03
20.2 8.090997e+03 8.099359e+03 8.107907e+03 8.099546e+03
0.2 8.070389e+03 8.110881e+03 8.108111e+03 8.067619e+03
1.2 8.074891e+03 8.108875e+03 8.105948e+03 8.071964e+03
2.2 8.106852e+03 8.111135e+03 8.110071e+03 8.105788e+03
3.2 8.112841e+03 8.109124e+03 8.111502e+03 8.115218e+03
4.2 8.111979e+03 8.100053e+03 8.105413e+03 8.117340e+03
5.2 8.127706e+03 8.088943e+03 8.098200e+03 8.136963e+03
6.2 8.106795e+03 8.079710e+03 8.093719e+03 8.120803e+03
7.2 8.116600e+03 8.083418e+03 8.098559e+03 8.131741e+03
8.2 8.124948e+03 8.094054e+03 8.106751e+03 8.137644e+03
9.2 8.070675e+03 8.095912e+03 8.105759e+03 8.080522e+03
10.2 8.067224e+03 8.091380e+03 8.100076e+03 8.075920e+03
11.2 8.078430e+03 8.095365e+03 8.095279e+03 8.078344e+03
12.2 8.074515e+03 8.112364e+03 8.092509e+03 8.054659e+03
13.2 8.093748e+03 8.114810e+03 8.091193e+03 8.070131e+03
14.2 8.098760e+03 8.104559e+03 8.090769e+03 8.084970e+03
15.2 8.093183e+03 8.093310e+03 8.091076e+03 8.090949e+03
16.2 8.103788e+03 8.092792e+03 8.098078e+03 8.109074e+03
17.2 8.090997e+03 8.099359e+03 8.107907e+03 8.099546e+03
18.2 8.086465e+03 8.098345e+03 8.107768e+03 8.095887e+03
19.2 8.113435e+03 8.092785e+03 8.101973e+03 8.122623e+03
20.2 8.145428e+03 8.088180e+03 8.096663e+03 8.153911e+03
0.8 8.106795e+03 8.079710e+03 8.093719e+03 8.120803e+03
1.8 8.116600e+03 8.083418e+03 8.098559e+03 8.131741e+03
2.8 8.124948e+03 8.094054e+03 8.106751e+03 8.137644e+03
3.8 8.070675e+03 8.095912e+03 8.105759e+03 8.080522e+03
4.8 8.067224e+03 8.091380e+03 8.100076e+03 8.075920e+03
5.8 8.078430e+03 8.095365e+03 8.095279e+03 8.078344e+03
6.8 8.074515e+03 8.112364e+03 8.092509e+03 8.054659e+03
7.8 8.093748e+03 8.114810e+03 8.091193e+03 8.070131e+03
8.8 8.098760e+03 8.104559e+03 8.090769e+03 8.084970e+03
9.8 8.093183e+03 8.093310e+03 8.091076e+03 8.090949e+03
10.8 8.103788e+03 8.092792e+03 8.098078e+03 8.109074e+03
11.8 8.090997e+03 8.099359e+03 8.107907e+03 8.099546e+03
12.8 8.086465e+03 8.098345e+03 8.107768e+03 8.095887e+03
13.8 8.113435e+03 8.092785e+03 8.101973e+03 8.122623e+03
14.8 8.145428e+03 8.088180e+03 8.096663e+03 8.153911e+03
15.8 8.130626e+03 8.085685e+03 8.093381e+03 8.138322e+03
16.8 8.070040e+03 8.085028e+03 8.091684e+03 8.076696e+03
17.8 8.075872e+03 8.088243e+03 8.091013e+03 8.078642e+03
18.8 8.120176e+03 8.094563e+03 8.090977e+03 8.116590e+03
19.8 8.128301e+03 8.110731e+03 8.091265e+03 8.108835e+03
20.8 8.114071e+03 8.123064e+03 8.091641e+03 8.082647e+03
0.8 8.093183e+03 8.093310e+03 8.091076e+03 8.090949e+03
1.8 8.103788e+03 8.092792e+03 8.098078e+03 8.109074e+03
2.8 8.090997e+03 8.099359e+03 8.107907e+03 8.099546e+03
3.8 8.086465e+03 8.098345e+03 8.107768e+03 8.095887e+03
4.8 8.113435e+03 8.092785e+03 8.101973e+03 8.122623e+03
5.8 8.145428e+03 8.088180e+03 8.096663e+03 8.153911e+03
6.8 8.130626e+03 8.085685e+03 8.093381e+03 8.138322e+03
7.8 8.070040e+03 8.085028e+03 8.091684e+03 8.076696e+03
8.8 8.075872e+03 8.088243e+03 8.091013e+03 8.078642e+03
9.8 8.120176e+03 8.094563e+03 8.090977e+03 8.116590e+03
10.8 8.128301e+03 8.110731e+03 8.091265e+03 8.108835e+03
11.8 8.114071e+03 8.123064e+03 8.091641e+03 8.082647e+03
12.8 8.123399e+03 8.119221e+03 8.091968e+03 8.096146e+03
13.8 8.135445e+03 8.111462e+03 8.092198e+03 8.116181e+03
14.8 8.151296e+03 8.107873e+03 8.092339e+03 8.135762e+03
15.8 8.156800e+03 8.118236e+03 8.092416e+03 8.130980e+03
16.8 8.139668e+03 8.118533e+03 8.092455e+03 8.113590e+03
17.8 8.114927e+03 8.109212e+03 8.092473e+03 8.098188e+03
18.8 8.087345e+03 8.115441e+03 8.092481e+03 8.064384e+03
19.8 8.063574e+03 8.115579e+03 8.092484e+03 8.040479e+03
20.8 8.061790e+03 8.102589e+03 8.092486e+03 8.051686e+03
0.2 8.061790e+03 8.102589e+03 8.092486e+03 8.051686e+03
1.2 8.057024e+03 8.089877e+03 8.094326e+03 8.061474e+03
2.2 8.054171e+03 8.092769e+03 8.104480e+03 8.065883e+03
3.2 8.058953e+03 8.096113e+03 8.109755e+03 8.072595e+03
4.2 8.088100e+03 8.090265e+03 8.105729e+03 8.103564e+03
5.2 8.058599e+03 8.082122e+03 8.099601e+03 8.076078e+03
6.2 8.065767e+03 8.083918e+03 8.100609e+03 8.082458e+03
7.2 8.081286e+03 8.095868e+03 8.108127e+03 8.093545e+03
8.2 8.124516e+03 8.103380e+03 8.107582e+03 8.128719e+03
9.2 8.125557e+03 8.105496e+03 8.101443e+03 8.121505e+03
10.2 8.120461e+03 8.112000e+03 8.095924e+03 8.104385e+03
11.2 8.176866e+03 8.124214e+03 8.092689e+03 8.145341e+03
12.2 8.131506e+03 8.120230e+03 8.091165e+03 8.102441e+03
13.2 8.092377e+03 8.108531e+03 8.090664e+03 8.074510e+03
14.2 8.068163e+03 8.101494e+03 8.090885e+03 8.057554e+03
15.2 8.050548e+03 8.102235e+03 8.097326e+03 8.045639e+03
16.2 8.054204e+03 8.106173e+03 8.107521e+03 8.055552e+03
17.2 8.046973e+03 8.102198e+03 8.107963e+03 8.052738e+03
18.2 8.028594e+03 8.097338e+03 8.102299e+03 8.033555e+03
19.2 8.044344e+03 8.096673e+03 8.097303e+03 8.044974e+03
20.2 8.072806e+03 8.102203e+03 8.101665e+03 8.072269e+03
0.7 8.058599e+03 8.082122e+03 8.099601e+03 8.076078e+03
1.7 8.065767e+03 8.083918e+03 8.100609e+03 8.082458e+03
2.7 8.081286e+03 8.095868e+03 8.108127e+03 8.093545e+03
3.7 8.124516e+03 8.103380e+03 8.107582e+03 8.128719e+03
4.7 8.125557e+03 8.105496e+03 8.101443e+03 8.121505e+03
5.7 8.120461e+03 8.112000e+03 8.095924e+03 8.104385e+03
6.7 8.176866e+03 8.124214e+03 8.092689e+03 8.145341e+03
7.7 8.131506e+03 8.120230e+03 8.091165e+03 8.102441e+03
8.7 8.092377e+03 8.108531e+03 8.090664e+03 8.074510e+03
9.7 8.068163e+03 8.101494e+03 8.090885e+03 8.057554e+03
10.7 8.050548e+03 8.102235e+03 8.097326e+03 8.045639e+03
11.7 8.054204e+03 8.106173e+03 8.107521e+03 8.055552e+03
12.7 8.046973e+03 8.102198e+03 8.107963e+03 8.052738e+03
13.7 8.028594e+03 8.097338e+03 8.102299e+03 8.033555e+03
14.7 8.044344e+03 8.096673e+03 8.097303e+03 8.044974e+03
15.7 8.072806e+03 8.102203e+03 8.101665e+03 8.072269e+03
16.7 8.097969e+03 8.106693e+03 8.108492e+03 8.099768e+03
17.7 8.077995e+03 8.101771e+03 8.106259e+03 8.082483e+03
18.7 8.057719e+03 8.093818e+03 8.100021e+03 8.063922e+03
19.7 8.070769e+03 8.088053e+03 8.095077e+03 8.077792e+03
20.7 8.099142e+03 8.086224e+03 8.092314e+03 8.105233e+03
0.7 8.068163e+03 8.101494e+03 8.090885e+03 8.057554e+03
1.7 8.050548e+03 8.102235e+03 8.097326e+03 8.045639e+03
2.7 8.054204e+03 8.106173e+03 8.107521e+03 8.055552e+03
3.7 8.046973e+03 8.102198e+03 8.107963e+03 8.052738e+03
4.7 8.028594e+03 8.097338e+03 8.102299e+03 8.033555e+03
5.7 8.044344e+03 8.096673e+03 8.097303e+03 8.044974e+03
6.7 8.072806e+03 8.102203e+03 8.101665e+03 8.072269e+03
7.7 8.097969e+03 8.106693e+03 8.108492e+03 8.099768e+03
8.7 8.077995e+03 8.101771e+03 8.106259e+03 8.082483e+03
9.7 8.057719e+03 8.093818e+03 8.100021e+03 8.063922e+03
10.7 8.070769e+03 8.088053e+03 8.095077e+03 8.077792e+03
11.7 8.099142e+03 8.086224e+03 8.092314e+03 8.105233e+03
12.7 8.098896e+03 8.089685e+03 8.091056e+03 8.100267e+03
13.7 8.102866e+03 8.105714e+03 8.090696e+03 8.087848e+03
14.7 8.135564e+03 8.119668e+03 8.090850e+03 8.106746e+03
15.7 8.168265e+03 8.114107e+03 8.091236e+03 8.145393e+03
16.7 8.126044e+03 8.099471e+03 8.091851e+03 8.118424e+03
17.7 8.094409e+03 8.094823e+03 8.098829e+03 8.098415e+03
18.7 8.073130e+03 8.099402e+03 8.108480e+03 8.082208e+03
19.7 8.083853e+03 8.097325e+03 8.108141e+03 8.094669e+03
20.7 8.073953e+03 8.089117e+03 8.102190e+03 8.087026e+03
0.9 8.044344e+03 8.096673e+03 8.097303e+03 8.044974e+03
1.9 8.072806e+03 8.102203e+03 8.101665e+03 8.072269e+03
2.9 8.097969e+03 8.106693e+03 8.108492e+03 8.099768e+03
3.9 8.077995e+03 8.101771e+03 8.106259e+03 8.082483e+03
4.9 8.057719e+03 8.093818e+03 8.100021e+03 8.063922e+03
5.9 8.070769e+03 8.088053e+03 8.095077e+03 8.077792e+03
6.9 8.099142e+03 8.086224e+03 8.092314e+03 8.105233e+03
7.9 8.098896e+03 8.089685e+03 8.091056e+03 8.100267e+03
8.9 8.102866e+03 8.105714e+03 8.090696e+03 8.087848e+03
9.9 8.135564e+03 8.119668e+03 8.090850e+03 8.106746e+03
10.9 8.168265e+03 8.114107e+03 8.091236e+03 8.145393e+03
11.9 8.126044e+03 8.099471e+03 8.091851e+03 8.118424e+03
12.9 8.094409e+03 8.094823e+03 8.098829e+03 8.098415e+03
13.9 8.073130e+03 8.099402e+03 8.108480e+03 8.082208e+03
14.9 8.083853e+03 8.097325e+03 8.108141e+03 8.094669e+03
15.9 8.073953e+03 8.089117e+03 8.102190e+03 8.087026e+03
16.9 8.038791e+03 8.080960e+03 8.096777e+03 8.054608e+03
17.9 8.078105e+03 8.084890e+03 8.093436e+03 8.086652e+03
18.9 8.111795e+03 8.104673e+03 8.091709e+03 8.098832e+03
19.9 8.091724e+03 8.108114e+03 8.091024e+03 8.074634e+03
20.9 8.062302e+03 8.097749e+03 8.091932e+03 8.056485e+03
0.8 8.126044e+03 8.099471e+03 8.091851e+03 8.118424e+03
1.8 8.094409e+03 8.094823e+03 8.098829e+03 8.098415e+03
2.8 8.073130e+03 8.099402e+03 8.108480e+03 8.082208e+03
3.8 8.083853e+03 8.097325e+03 8.108141e+03 8.094669e+03
4.8 8.073953e+03 8.089117e+03 8.102190e+03 8.087026e+03
5.8 8.038791e+03 8.080960e+03 8.096777e+03 8.054608e+03
6.8 8.078105e+03 8.084890e+03 8.093436e+03 8.086652e+03
7.8 8.111795e+03 8.104673e+03 8.091709e+03 8.098832e+03
8.8 8.091724e+03 8.108114e+03 8.091024e+03 8.074634e+03
9.8 8.062302e+03 8.097749e+03 8.091932e+03 8.056485e+03
10.8 8.070482e+03 8.097817e+03 8.101390e+03 8.074055e+03
11.8 8.084137e+03 8.103606e+03 8.108815e+03 8.089346e+03
12.8 8.120044e+03 8.105574e+03 8.107914e+03 8.122384e+03
13.8 8.123671e+03 8.109977e+03 8.111908e+03 8.125602e+03
14.8 8.184933e+03 8.108986e+03 8.112769e+03 8.188716e+03
15.8 8.183120e+03 8.100650e+03 8.106167e+03 8.188637e+03
16.8 8.109757e+03 8.092167e+03 8.098590e+03 8.116180e+03
17.8 8.075625e+03 8.088412e+03 8.093588e+03 8.080801e+03
18.8 8.055915e+03 8.091045e+03 8.091095e+03 8.055965e+03
19.8 8.057056e+03 8.095778e+03 8.090546e+03 8.051823e+03
20.8 8.065749e+03 8.103305e+03 8.098028e+03 8.060471e+03
0.1 8.091724e+03 8.108114e+03 8.091024e+03 8.074634e+03
1.1 8.062302e+03 8.097749e+03 8.091932e+03 8.056485e+03
2.1 8.070482e+03 8.097817e+03 8.101390e+03 8.074055e+03
3.1 8.084137e+03 8.103606e+03 8.108815e+03 8.089346e+03
4.1 8.120044e+03 8.105574e+03 8.107914e+03 8.122384e+03
5.1 8.123671e+03 8.109977e+03 8.111908e+03 8.125602e+03
6.1 8.184933e+03 8.108986e+03 8.112769e+03 8.188716e+03
7.1 8.183120e+03 8.100650e+03 8.106167e+03 8.188637e+03
8.1 8.109757e+03 8.092167e+03 8.098590e+03 8.116180e+03
9.1 8.075625e+03 8.088412e+03 8.093588e+03 8.080801e+03
10.1 8.055915e+03 8.091045e+03 8.091095e+03 8.055965e+03
11.1 8.057056e+03 8.095778e+03 8.090546e+03 8.051823e+03
12.1 8.065749e+03 8.103305e+03 8.098028e+03 8.060471e+03
13.1 8.076859e+03 8.110027e+03 8.107279e+03 8.074111e+03
14.1 8.116716e+03 8.109997e+03 8.106563e+03 8.113282e+03
15.1 8.125032e+03 8.111037e+03 8.100902e+03 8.114897e+03
16.1 8.117073e+03 8.122465e+03 8.095974e+03 8.090582e+03
17.1 8.112757e+03 8.121163e+03 8.093003e+03 8.084596e+03
18.1 8.122432e+03 8.107701e+03 8.091502e+03 8.106233e+03
19.1 8.106118e+03 8.094134e+03 8.090948e+03 8.102932e+03
20.1 8.091650e+03 8.083445e+03 8.090974e+03 8.099179e+03
0.2 8.084137e+03 8.103606e+03 8.108815e+03 8.089346e+03
1.2 8.120044e+03 8.105574e+03 8.107914e+03 8.122384e+03
2.2 8.123671e+03 8.109977e+03 8.111908e+03 8.125602e+03
3.2 8.184933e+03 8.108986e+03 8.112769e+03 8.188716e+03
4.2 8.183120e+03 8.100650e+03 8.106167e+03 8.188637e+03
5.2 8.109757e+03 8.092167e+03 8.098590e+03 8.116180e+03
6.2 8.075625e+03 8.088412e+03 8.093588e+03 8.080801e+03
7.2 8.055915e+03 8.091045e+03 8.091095e+03 8.055965e+03
8.2 8.057056e+03 8.095778e+03 8.090546e+03 8.051823e+03
9.2 8.065749e+03 8.103305e+03 8.098028e+03 8.060471e+03
10.2 8.076859e+03 8.110027e+03 8.107279e+03 8.074111e+03
11.2 8.116716e+03 8.109997e+03 8.106563e+03 8.113282e+03
12.2 8.125032e+03 8.111037e+03 8.100902e+03 8.114897e+03
13.2 8.117073e+03 8.122465e+03 8.095974e+03 8.090582e+03
14.2 8.112757e+03 8.121163e+03 8.093003e+03 8.084596e+03
15.2 8.122432e+03 8.107701e+03 8.091502e+03 8.106233e+03
16.2 8.106118e+03 8.094134e+03 8.090948e+03 8.102932e+03
17.2 8.091650e+03 8.083445e+03 8.090974e+03 8.099179e+03
18.2 8.090073e+03 8.078912e+03 8.093130e+03 8.104290e+03
19.2 8.087268e+03 8.088370e+03 8.103663e+03 8.102561e+03
20.2 8.117257e+03 8.096044e+03 8.109259e+03 8.130472e+03
0.9 8.057056e+03 8.095778e+03 8.090546e+03 8.051823e+03
1.9 8.065749e+03 8.103305e+03 8.098028e+03 8.060471e+03
2.9 8.076859e+03 8.110027e+03 8.107279e+03 8.074111e+03
3.9 8.116716e+03 8.109997e+03 8.106563e+03 8.113282e+03
4.9 8.125032e+03 8.111037e+03 8.100902e+03 8.114897e+03
5.9 8.117073e+03 8.122465e+03 8.095974e+03 8.090582e+03
6.9 8.112757e+03 8.121163e+03 8.093003e+03 8.084596e+03
7.9 8.122432e+03 8.107701e+03 8.091502e+03 8.106233e+03
8.9 8.106118e+03 8.094134e+03 8.090948e+03 8.102932e+03
9.9 8.091650e+03 8.083445e+03 8.090974e+03 8.099179e+03
10.9 8.090073e+03 8.078912e+03 8.093130e+03 8.104290e+03
11.9 8.087268e+03 8.088370e+03 8.103663e+03 8.102561e+03
12.9 8.117257e+03 8.096044e+03 8.109259e+03 8.130472e+03
13.9 8.080334e+03 8.094827e+03 8.105456e+03 8.090963e+03
14.9 8.100897e+03 8.090813e+03 8.099378e+03 8.109462e+03
15.9 8.118379e+03 8.087777e+03 8.094961e+03 8.125563e+03
16.9 8.097696e+03 8.086062e+03 8.092465e+03 8.104098e+03
17.9 8.096752e+03 8.084858e+03 8.091284e+03 8.103178e+03
18.9 8.084709e+03 8.084102e+03 8.090941e+03 8.091549e+03
19.9 8.082182e+03 8.097786e+03 8.091086e+03 8.075482e+03
20.9 8.058072e+03 8.114277e+03 8.091437e+03 8.035232e+03
0.2 8.091650e+03 8.083445e+03 8.090974e+03 8.099179e+03
1.2 8.090073e+03 8.078912e+03 8.093130e+03 8.104290e+03
2.2 8.087268e+03 8.088370e+03 8.103663e+03 8.102561e+03
3.2 8.117257e+03 8.096044e+03 8.109259e+03 8.130472e+03
4.2 8.080334e+03 8.094827e+03 8.105456e+03 8.090963e+03
5.2 8.100897e+03 8.090813e+03 8.099378e+03 8.109462e+03
6.2 8.118379e+03 8.087777e+03 8.094961e+03 8.125563e+03
7.2 8.097696e+03 8.086062e+03 8.092465e+03 8.104098e+03
8.2 8.096752e+03 8.084858e+03 8.091284e+03 8.103178e+03
9.2 8.084709e+03 8.084102e+03 8.090941e+03 8.091549e+03
10.2 8.082182e+03 8.097786e+03 8.091086e+03 8.075482e+03
11.2 8.058072e+03 8.114277e+03 8.091437e+03 8.035232e+03
12.2 8.058214e+03 8.113434e+03 8.091801e+03 8.036581e+03
13.2 8.058202e+03 8.107140e+03 8.092085e+03 8.043147e+03
14.2 8.092588e+03 8.103878e+03 8.093774e+03 8.082485e+03
15.2 8.096450e+03 8.107764e+03 8.103769e+03 8.092454e+03
16.2 8.095698e+03 8.107508e+03 8.109710e+03 8.097899e+03
17.2 8.093797e+03 8.099693e+03 8.106061e+03 8.100165e+03
18.2 8.079143e+03 8.091523e+03 8.099830e+03 8.087449e+03
19.2 8.076459e+03 8.086445e+03 8.095221e+03 8.085236e+03
20.2 8.072682e+03 8.084094e+03 8.092595e+03 8.081183e+03
0.2 8.058202e+03 8.107140e+03 8.092085e+03 8.043147e+03
1.2 8.092588e+03 8.103878e+03 8.093774e+03 8.082485e+03
2.2 8.096450e+03 8.107764e+03 8.103769e+03 8.092454e+03
3.2 8.095698e+03 8.107508e+03 8.109710e+03 8.097899e+03
4.2 8.093797e+03 8.099693e+03 8.106061e+03 8.100165e+03
5.2 8.079143e+03 8.091523e+03 8.099830e+03 8.087449e+03
6.2 8.076459e+03 8.086445e+03 8.095221e+03 8.085236e+03
7.2 8.072682e+03 8.084094e+03 8.092595e+03 8.081183e+03
8.2 8.106229e+03 8.084365e+03 8.091338e+03 8.113201e+03
9.2 8.121479e+03 8.088550e+03 8.091240e+03 8.124169e+03
10.2 8.113127e+03 8.098237e+03 8.098567e+03 8.113457e+03
11.2 8.091371e+03 8.106412e+03 8.107943e+03 8.092901e+03
12.2 8.091228e+03 8.103587e+03 8.107301e+03 8.094942e+03
13.2 8.105530e+03 8.096071e+03 8.101481e+03 8.110939e+03
14.2 8.096572e+03 8.089156e+03 8.096337e+03 8.103753e+03
15.2 8.106802e+03 8.086842e+03 8.095627e+03 8.115586e+03
16.2 8.116157e+03 8.095562e+03 8.104460e+03 8.125055e+03
17.2 8.099715e+03 8.100202e+03 8.108189e+03 8.107701e+03
18.2 8.097373e+03 8.098798e+03 8.103687e+03 8.102262e+03
19.2 8.104388e+03 8.099172e+03 8.097844e+03 8.103060e+03
20.2 8.112682e+03 8.101036e+03 8.094865e+03 8.106511e+03
0.8 8.121479e+03 8.088550e+03 8.091240e+03 8.124169e+03
1.8 8.113127e+03 8.098237e+03 8.098567e+03 8.113457e+03
2.8 8.091371e+03 8.106412e+03 8.107943e+03 8.092901e+03
3.8 8.091228e+03 8.103587e+03 8.107301e+03 8.094942e+03
4.8 8.105530e+03 8.096071e+03 8.101481e+03 8.110939e+03
5.8 8.096572e+03 8.089156e+03 8.096337e+03 8.103753e+03
6.8 8.106802e+03 8.086842e+03 8.095627e+03 8.115586e+03
7.8 8.116157e+03 8.095562e+03 8.104460e+03 8.125055e+03
8.8 8.099715e+03 8.100202e+03 8.108189e+03 8.107701e+03
9.8 8.097373e+03 8.098798e+03 8.103687e+03 8.102262e+03
10.8 8.104388e+03 8.099172e+03 8.097844e+03 8.103060e+03
11.8 8.112682e+03 8.101036e+03 8.094865e+03 8.106511e+03
12.8 8.131647e+03 8.107117e+03 8.101967e+03 8.126498e+03
13.8 8.103457e+03 8.108874e+03 8.108134e+03 8.102718e+03
14.8 8.072346e+03 8.100977e+03 8.105082e+03 8.076451e+03
15.8 8.097993e+03 8.096573e+03 8.099062e+03 8.100483e+03
16.8 8.156430e+03 8.110133e+03 8.094596e+03 8.140893e+03
17.8 8.106522e+03 8.114746e+03 8.092147e+03 8.083922e+03
18.8 8.107696e+03 8.105624e+03 8.091044e+03 8.093116e+03
19.8 8.101337e+03 8.094903e+03 8.090758e+03 8.097192e+03
20.8 8.096300e+03 8.087967e+03 8.090942e+03 8.099275e+03
0.3 8.096572e+03 8.089156e+03 8.096337e+03 8.103753e+03
1.3 8.106802e+03 8.086842e+03 8.095627e+03 8.115586e+03
2.3 8.116157e+03 8.095562e+03 8.104460e+03 8.125055e+03
3.3 8.099715e+03 8.100202e+03 8.108189e+03 8.107701e+03
4.3 8.097373e+03 8.098798e+03 8.103687e+03 8.102262e+03
5.3 8.104388e+03 8.099172e+03 8.097844e+03 8.103060e+03
6.3 8.112682e+03 8.101036e+03 8.094865e+03 8.106511e+03
7.3 8.131647e+03 8.107117e+03 8.101967e+03 8.126498e+03
8.3 8.103457e+03 8.108874e+03 8.108134e+03 8.102718e+03
9.3 8.072346e+03 8.100977e+03 8.105082e+03 8.076451e+03
10.3 8.097993e+03 8.096573e+03 8.099062e+03 8.100483e+03
11.3 8.156430e+03 8.110133e+03 8.094596e+03 8.140893e+03
12.3 8.106522e+03 8.114746e+03 8.092147e+03 8.083922e+03
13.3 8.107696e+03 8.105624e+03 8.091044e+03 8.093116e+03
14.3 8.101337e+03 8.094903e+03 8.090758e+03 8.097192e+03
15.3 8.096300e+03 8.087967e+03 8.090942e+03 8.099275e+03
16.3 8.084231e+03 8.084479e+03 8.091327e+03 8.091079e+03
17.3 8.086230e+03 8.083133e+03 8.091723e+03 8.094820e+03
0.1 8.104388e+03 8.099172e+03 8.097844e+03 8.103060e+03
1.1 8.112682e+03 8.101036e+03 8.094865e+03 8.106511e+03
2.1 8.131647e+03 8.107117e+03 8.101967e+03 8.126498e+03
3.1 8.103457e+03 8.108874e+03 8.108134e+03 8.102718e+03
4.1 8.072346e+03 8.100977e+03 8.105082e+03 8.076451e+03
5.1 8.097993e+03 8.096573e+03 8.099062e+03 8.100483e+03
6.1 8.156430e+03 8.110133e+03 8.094596e+03 8.140893e+03
7.1 8.106522e+03 8.114746e+03 8.092147e+03 8.083922e+03
8.1 8.107696e+03 8.105624e+03 8.091044e+03 8.093116e+03
9.1 8.101337e+03 8.094903e+03 8.090758e+03 8.097192e+03
10.1 8.096300e+03 8.087967e+03 8.090942e+03 8.099275e+03
11.1 8.084231e+03 8.084479e+03 8.091327e+03 8.091079e+03
12.1 8.086230e+03 8.083133e+03 8.091723e+03 8.094820e+03
