0.5 4.435881e+03 4.446310e+03 4.449715e+03 4.439287e+03
1.5 4.450208e+03 4.445568e+03 4.448971e+03 4.453611e+03
2.5 4.430475e+03 4.443827e+03 4.447194e+03 4.433841e+03
3.5 4.436853e+03 4.444674e+03 4.446880e+03 4.439059e+03
4.5 4.459176e+03 4.448727e+03 4.447809e+03 4.458258e+03
5.5 4.463142e+03 4.455920e+03 4.448804e+03 4.456026e+03
6.5 4.475419e+03 4.459341e+03 4.449454e+03 4.465533e+03
7.5 4.485208e+03 4.456331e+03 4.449803e+03 4.478679e+03
8.5 4.471885e+03 4.451704e+03 4.449954e+03 4.470134e+03
9.5 4.433003e+03 4.447822e+03 4.449981e+03 4.435163e+03
10.5 4.457419e+03 4.444048e+03 4.449941e+03 4.463313e+03
11.5 4.416050e+03 4.441041e+03 4.449844e+03 4.424853e+03
12.5 4.450248e+03 4.439468e+03 4.448655e+03 4.459435e+03
13.5 4.467295e+03 4.439434e+03 4.447009e+03 4.474869e+03
14.5 4.437325e+03 4.441262e+03 4.447062e+03 4.443125e+03
15.5 4.443414e+03 4.442463e+03 4.448072e+03 4.449023e+03
16.5 4.437821e+03 4.442153e+03 4.448942e+03 4.444610e+03
17.5 4.451139e+03 4.441402e+03 4.448284e+03 4.458021e+03
18.5 4.451949e+03 4.441375e+03 4.447041e+03 4.457615e+03
19.5 4.458520e+03 4.442747e+03 4.447328e+03 4.463101e+03
20.5 4.453238e+03 4.443095e+03 4.448375e+03 4.458518e+03
0.8 4.416050e+03 4.441041e+03 4.449844e+03 4.424853e+03
1.8 4.450248e+03 4.439468e+03 4.448655e+03 4.459435e+03
2.8 4.467295e+03 4.439434e+03 4.447009e+03 4.474869e+03
3.8 4.437325e+03 4.441262e+03 4.447062e+03 4.443125e+03
4.8 4.443414e+03 4.442463e+03 4.448072e+03 4.449023e+03
5.8 4.437821e+03 4.442153e+03 4.448942e+03 4.444610e+03
6.8 4.451139e+03 4.441402e+03 4.448284e+03 4.458021e+03
7.8 4.451949e+03 4.441375e+03 4.447041e+03 4.457615e+03
8.8 4.458520e+03 4.442747e+03 4.447328e+03 4.463101e+03
9.8 4.453238e+03 4.443095e+03 4.448375e+03 4.458518e+03
10.8 4.443455e+03 4.441911e+03 4.449233e+03 4.450777e+03
11.8 4.469482e+03 4.440938e+03 4.449154e+03 4.477699e+03
12.8 4.469159e+03 4.440560e+03 4.447582e+03 4.476181e+03
13.8 4.442271e+03 4.441878e+03 4.447127e+03 4.447521e+03
14.8 4.447735e+03 4.444010e+03 4.447962e+03 4.451688e+03
15.8 4.464944e+03 4.445683e+03 4.448923e+03 4.468184e+03
16.8 4.431103e+03 4.446610e+03 4.449543e+03 4.434036e+03
17.8 4.459740e+03 4.446984e+03 4.449862e+03 4.462619e+03
18.8 4.469000e+03 4.446481e+03 4.449992e+03 4.472511e+03
19.8 4.439814e+03 4.444372e+03 4.450006e+03 4.445449e+03
20.8 4.455565e+03 4.442194e+03 4.449472e+03 4.462842e+03
0.8 4.437821e+03 4.442153e+03 4.448942e+03 4.444610e+03
1.8 4.451139e+03 4.441402e+03 4.448284e+03 4.458021e+03
2.8 4.451949e+03 4.441375e+03 4.447041e+03 4.457615e+03
3.8 4.458520e+03 4.442747e+03 4.447328e+03 4.463101e+03
4.8 4.453238e+03 4.443095e+03 4.448375e+03 4.458518e+03
5.8 4.443455e+03 4.441911e+03 4.449233e+03 4.450777e+03
6.8 4.469482e+03 4.440938e+03 4.449154e+03 4.477699e+03
7.8 4.469159e+03 4.440560e+03 4.447582e+03 4.476181e+03
8.8 4.442271e+03 4.441878e+03 4.447127e+03 4.447521e+03
9.8 4.447735e+03 4.444010e+03 4.447962e+03 4.451688e+03
10.8 4.464944e+03 4.445683e+03 4.448923e+03 4.468184e+03
11.8 4.431103e+03 4.446610e+03 4.449543e+03 4.434036e+03
12.8 4.459740e+03 4.446984e+03 4.449862e+03 4.462619e+03
13.8 4.469000e+03 4.446481e+03 4.449992e+03 4.472511e+03
14.8 4.439814e+03 4.444372e+03 4.450006e+03 4.445449e+03
15.8 4.455565e+03 4.442194e+03 4.449472e+03 4.462842e+03
16.8 4.449012e+03 4.440811e+03 4.447610e+03 4.455811e+03
17.8 4.416936e+03 4.441099e+03 4.446915e+03 4.422752e+03
18.8 4.399373e+03 4.441609e+03 4.447682e+03 4.405446e+03
19.8 4.394552e+03 4.446842e+03 4.448688e+03 4.396398e+03
20.8 4.427442e+03 4.453985e+03 4.449383e+03 4.422840e+03
0.4 4.443455e+03 4.441911e+03 4.449233e+03 4.450777e+03
1.4 4.469482e+03 4.440938e+03 4.449154e+03 4.477699e+03
2.4 4.469159e+03 4.440560e+03 4.447582e+03 4.476181e+03
3.4 4.442271e+03 4.441878e+03 4.447127e+03 4.447521e+03
4.4 4.447735e+03 4.444010e+03 4.447962e+03 4.451688e+03
5.4 4.464944e+03 4.445683e+03 4.448923e+03 4.468184e+03
6.4 4.431103e+03 4.446610e+03 4.449543e+03 4.434036e+03
7.4 4.459740e+03 4.446984e+03 4.449862e+03 4.462619e+03
8.4 4.469000e+03 4.446481e+03 4.449992e+03 4.472511e+03
9.4 4.439814e+03 4.444372e+03 4.450006e+03 4.445449e+03
10.4 4.455565e+03 4.442194e+03 4.449472e+03 4.462842e+03
11.4 4.449012e+03 4.440811e+03 4.447610e+03 4.455811e+03
12.4 4.416936e+03 4.441099e+03 4.446915e+03 4.422752e+03
13.4 4.399373e+03 4.441609e+03 4.447682e+03 4.405446e+03
14.4 4.394552e+03 4.446842e+03 4.448688e+03 4.396398e+03
15.4 4.427442e+03 4.453985e+03 4.449383e+03 4.422840e+03
16.4 4.445608e+03 4.454648e+03 4.449767e+03 4.440727e+03
17.4 4.448716e+03 4.450341e+03 4.449941e+03 4.448316e+03
18.4 4.444735e+03 4.445335e+03 4.449984e+03 4.449383e+03
19.4 4.429222e+03 4.445403e+03 4.449951e+03 4.433770e+03
20.4 4.428840e+03 4.452277e+03 4.449889e+03 4.426453e+03
0.4 4.439814e+03 4.444372e+03 4.450006e+03 4.445449e+03
1.4 4.455565e+03 4.442194e+03 4.449472e+03 4.462842e+03
2.4 4.449012e+03 4.440811e+03 4.447610e+03 4.455811e+03
3.4 4.416936e+03 4.441099e+03 4.446915e+03 4.422752e+03
4.4 4.399373e+03 4.441609e+03 4.447682e+03 4.405446e+03
5.4 4.394552e+03 4.446842e+03 4.448688e+03 4.396398e+03
6.4 4.427442e+03 4.453985e+03 4.449383e+03 4.422840e+03
7.4 4.445608e+03 4.454648e+03 4.449767e+03 4.440727e+03
8.4 4.448716e+03 4.450341e+03 4.449941e+03 4.448316e+03
9.4 4.444735e+03 4.445335e+03 4.449984e+03 4.449383e+03
10.4 4.429222e+03 4.445403e+03 4.449951e+03 4.433770e+03
11.4 4.428840e+03 4.452277e+03 4.449889e+03 4.426453e+03
12.4 4.456455e+03 4.457027e+03 4.449829e+03 4.449256e+03
13.4 4.441713e+03 4.458363e+03 4.449778e+03 4.433128e+03
14.4 4.434305e+03 4.455959e+03 4.449004e+03 4.427350e+03
15.4 4.449856e+03 4.450323e+03 4.447210e+03 4.446743e+03
16.4 4.457228e+03 4.446292e+03 4.446887e+03 4.457823e+03
17.4 4.424271e+03 4.444788e+03 4.447812e+03 4.427295e+03
18.4 4.429709e+03 4.444562e+03 4.448806e+03 4.433953e+03
19.4 4.439140e+03 4.444806e+03 4.449455e+03 4.443788e+03
20.4 4.433626e+03 4.446798e+03 4.449803e+03 4.436632e+03
0.5 4.441713e+03 4.458363e+03 4.449778e+03 4.433128e+03
1.5 4.434305e+03 4.455959e+03 4.449004e+03 4.427350e+03
2.5 4.449856e+03 4.450323e+03 4.447210e+03 4.446743e+03
3.5 4.457228e+03 4.446292e+03 4.446887e+03 4.457823e+03
4.5 4.424271e+03 4.444788e+03 4.447812e+03 4.427295e+03
5.5 4.429709e+03 4.444562e+03 4.448806e+03 4.433953e+03
6.5 4.439140e+03 4.444806e+03 4.449455e+03 4.443788e+03
7.5 4.433626e+03 4.446798e+03 4.449803e+03 4.436632e+03
8.5 4.449497e+03 4.453531e+03 4.449954e+03 4.445920e+03
9.5 4.456082e+03 4.456284e+03 4.449981e+03 4.449779e+03
10.5 4.468518e+03 4.453909e+03 4.449941e+03 4.464550e+03
11.5 4.437796e+03 4.451059e+03 4.449878e+03 4.436615e+03
12.5 4.440158e+03 4.449249e+03 4.449770e+03 4.440680e+03
13.5 4.410642e+03 4.446630e+03 4.448501e+03 4.412514e+03
14.5 4.423957e+03 4.443867e+03 4.446938e+03 4.427027e+03
15.5 4.431759e+03 4.443271e+03 4.447094e+03 4.435581e+03
16.5 4.439610e+03 4.444024e+03 4.448126e+03 4.443712e+03
17.5 4.418152e+03 4.444943e+03 4.449030e+03 4.422239e+03
18.5 4.456847e+03 4.446739e+03 4.449581e+03 4.459689e+03
19.5 4.465300e+03 4.453298e+03 4.449863e+03 4.461864e+03
20.5 4.443772e+03 4.456722e+03 4.449972e+03 4.437022e+03
0.8 4.440158e+03 4.449249e+03 4.449770e+03 4.440680e+03
1.8 4.410642e+03 4.446630e+03 4.448501e+03 4.412514e+03
2.8 4.423957e+03 4.443867e+03 4.446938e+03 4.427027e+03
3.8 4.431759e+03 4.443271e+03 4.447094e+03 4.435581e+03
4.8 4.439610e+03 4.444024e+03 4.448126e+03 4.443712e+03
5.8 4.418152e+03 4.444943e+03 4.449030e+03 4.422239e+03
6.8 4.456847e+03 4.446739e+03 4.449581e+03 4.459689e+03
7.8 4.465300e+03 4.453298e+03 4.449863e+03 4.461864e+03
8.8 4.443772e+03 4.456722e+03 4.449972e+03 4.437022e+03
9.8 4.423973e+03 4.454402e+03 4.449974e+03 4.419545e+03
10.8 4.444089e+03 4.451681e+03 4.449924e+03 4.442332e+03
11.8 4.440072e+03 4.454995e+03 4.449860e+03 4.434937e+03
12.8 4.473430e+03 4.456798e+03 4.449806e+03 4.466438e+03
13.8 4.463900e+03 4.453723e+03 4.449767e+03 4.459944e+03
14.8 4.459893e+03 4.449590e+03 4.449744e+03 4.460047e+03
15.8 4.454455e+03 4.445545e+03 4.449732e+03 4.458641e+03
16.8 4.451002e+03 4.442363e+03 4.449725e+03 4.458364e+03
17.8 4.441854e+03 4.446302e+03 4.449722e+03 4.445274e+03
18.8 4.448849e+03 4.451881e+03 4.449721e+03 4.446688e+03
19.8 4.434765e+03 4.451264e+03 4.449720e+03 4.433222e+03
20.8 4.479660e+03 4.453661e+03 4.449720e+03 4.475719e+03
1.0 4.449749e+03 4.445082e+03 4.449626e+03 4.454293e+03
2.0 4.420647e+03 4.441087e+03 4.448221e+03 4.427781e+03
3.0 4.418777e+03 4.439817e+03 4.446840e+03 4.425800e+03
4.0 4.436248e+03 4.441135e+03 4.447181e+03 4.442294e+03
5.0 4.451242e+03 4.443290e+03 4.448239e+03 4.456191e+03
6.0 4.453344e+03 4.446623e+03 4.449108e+03 4.455828e+03
7.0 4.477290e+03 4.451216e+03 4.449623e+03 4.475697e+03
8.0 4.454085e+03 4.455097e+03 4.449882e+03 4.448870e+03
9.0 4.460536e+03 4.460203e+03 4.449976e+03 4.450309e+03
10.0 4.443745e+03 4.460866e+03 4.449970e+03 4.432849e+03
11.0 4.466042e+03 4.455778e+03 4.449917e+03 4.460182e+03
12.0 4.443624e+03 4.448671e+03 4.449853e+03 4.444806e+03
13.0 4.433120e+03 4.442914e+03 4.449800e+03 4.440007e+03
14.0 4.442293e+03 4.444171e+03 4.449764e+03 4.447887e+03
15.0 4.450538e+03 4.450946e+03 4.449742e+03 4.449334e+03
16.0 4.444308e+03 4.452896e+03 4.449731e+03 4.441142e+03
17.0 4.460021e+03 4.451237e+03 4.449725e+03 4.458509e+03
18.0 4.461351e+03 4.449697e+03 4.449722e+03 4.461376e+03
19.0 4.472343e+03 4.449715e+03 4.449721e+03 4.472349e+03
20.0 4.466184e+03 4.454718e+03 4.449720e+03 4.461186e+03
21.0 4.456008e+03 4.458402e+03 4.449720e+03 4.447326e+03
0.6 4.457458e+03 4.450197e+03 4.449713e+03 4.456975e+03
1.6 4.462599e+03 4.447147e+03 4.448922e+03 4.464374e+03
2.6 4.457210e+03 4.444015e+03 4.447158e+03 4.460353e+03
3.6 4.467620e+03 4.443048e+03 4.446896e+03 4.471468e+03
4.6 4.452425e+03 4.443706e+03 4.447840e+03 4.456560e+03
5.6 4.472817e+03 4.444802e+03 4.448828e+03 4.476843e+03
6.6 4.447978e+03 4.449584e+03 4.449468e+03 4.447861e+03
7.6 4.481844e+03 4.455788e+03 4.449809e+03 4.475866e+03
8.6 4.468952e+03 4.455808e+03 4.449956e+03 4.463100e+03
9.6 4.479625e+03 4.452315e+03 4.449981e+03 4.477291e+03
10.6 4.459236e+03 4.449060e+03 4.449940e+03 4.460116e+03
11.6 4.457905e+03 4.447012e+03 4.449876e+03 4.460769e+03
12.6 4.466315e+03 4.446170e+03 4.449818e+03 4.469964e+03
13.6 4.470553e+03 4.447824e+03 4.449776e+03 4.472505e+03
14.6 4.470376e+03 4.450785e+03 4.449655e+03 4.469246e+03
15.6 4.453214e+03 4.449965e+03 4.448234e+03 4.451483e+03
16.6 4.453659e+03 4.446941e+03 4.446846e+03 4.453564e+03
17.6 4.476010e+03 4.445838e+03 4.447183e+03 4.477355e+03
18.6 4.473638e+03 4.446496e+03 4.448241e+03 4.475383e+03
19.6 4.462943e+03 4.446909e+03 4.448795e+03 4.464829e+03
20.6 4.478601e+03 4.445039e+03 4.447583e+03 4.481145e+03
1.0 4.470376e+03 4.450785e+03 4.449655e+03 4.469246e+03
2.0 4.453214e+03 4.449965e+03 4.448234e+03 4.451483e+03
3.0 4.453659e+03 4.446941e+03 4.446846e+03 4.453564e+03
4.0 4.476010e+03 4.445838e+03 4.447183e+03 4.477355e+03
5.0 4.473638e+03 4.446496e+03 4.448241e+03 4.475383e+03
6.0 4.462943e+03 4.446909e+03 4.448795e+03 4.464829e+03
7.0 4.478601e+03 4.445039e+03 4.447583e+03 4.481145e+03
8.0 4.446109e+03 4.442587e+03 4.446943e+03 4.450466e+03
9.0 4.448741e+03 4.440986e+03 4.447235e+03 4.454991e+03
10.0 4.452048e+03 4.440151e+03 4.446493e+03 4.458391e+03
11.0 4.436389e+03 4.441138e+03 4.446572e+03 4.441823e+03
12.0 4.472051e+03 4.442280e+03 4.447753e+03 4.477524e+03
13.0 4.456678e+03 4.443602e+03 4.448939e+03 4.462014e+03
14.0 4.464853e+03 4.450691e+03 4.449673e+03 4.463835e+03
15.0 4.476658e+03 4.454992e+03 4.450020e+03 4.471685e+03
16.0 4.479172e+03 4.452005e+03 4.450127e+03 4.477295e+03
17.0 4.475514e+03 4.446751e+03 4.450104e+03 4.478867e+03
18.0 4.449066e+03 4.447130e+03 4.450021e+03 4.451957e+03
19.0 4.465965e+03 4.453605e+03 4.449926e+03 4.462287e+03
20.0 4.471971e+03 4.457559e+03 4.449847e+03 4.464259e+03
21.0 4.496142e+03 4.458368e+03 4.449780e+03 4.487554e+03
0.2 4.473638e+03 4.446496e+03 4.448241e+03 4.475383e+03
1.2 4.462943e+03 4.446909e+03 4.448795e+03 4.464829e+03
2.2 4.478601e+03 4.445039e+03 4.447583e+03 4.481145e+03
3.2 4.446109e+03 4.442587e+03 4.446943e+03 4.450466e+03
4.2 4.448741e+03 4.440986e+03 4.447235e+03 4.454991e+03
5.2 4.452048e+03 4.440151e+03 4.446493e+03 4.458391e+03
6.2 4.436389e+03 4.441138e+03 4.446572e+03 4.441823e+03
7.2 4.472051e+03 4.442280e+03 4.447753e+03 4.477524e+03
8.2 4.456678e+03 4.443602e+03 4.448939e+03 4.462014e+03
9.2 4.464853e+03 4.450691e+03 4.449673e+03 4.463835e+03
10.2 4.476658e+03 4.454992e+03 4.450020e+03 4.471685e+03
11.2 4.479172e+03 4.452005e+03 4.450127e+03 4.477295e+03
12.2 4.475514e+03 4.446751e+03 4.450104e+03 4.478867e+03
13.2 4.449066e+03 4.447130e+03 4.450021e+03 4.451957e+03
14.2 4.465965e+03 4.453605e+03 4.449926e+03 4.462287e+03
15.2 4.471971e+03 4.457559e+03 4.449847e+03 4.464259e+03
16.2 4.496142e+03 4.458368e+03 4.449780e+03 4.487554e+03
17.2 4.458372e+03 4.455432e+03 4.448859e+03 4.451798e+03
18.2 4.458803e+03 4.449733e+03 4.447109e+03 4.456179e+03
19.2 4.435409e+03 4.445981e+03 4.446938e+03 4.436366e+03
20.2 4.438062e+03 4.445033e+03 4.447906e+03 4.440935e+03
0.4 4.446109e+03 4.442587e+03 4.446943e+03 4.450466e+03
1.4 4.448741e+03 4.440986e+03 4.447235e+03 4.454991e+03
2.4 4.452048e+03 4.440151e+03 4.446493e+03 4.458391e+03
3.4 4.436389e+03 4.441138e+03 4.446572e+03 4.441823e+03
4.4 4.472051e+03 4.442280e+03 4.447753e+03 4.477524e+03
5.4 4.456678e+03 4.443602e+03 4.448939e+03 4.462014e+03
6.4 4.464853e+03 4.450691e+03 4.449673e+03 4.463835e+03
7.4 4.476658e+03 4.454992e+03 4.450020e+03 4.471685e+03
8.4 4.479172e+03 4.452005e+03 4.450127e+03 4.477295e+03
9.4 4.475514e+03 4.446751e+03 4.450104e+03 4.478867e+03
10.4 4.449066e+03 4.447130e+03 4.450021e+03 4.451957e+03
11.4 4.465965e+03 4.453605e+03 4.449926e+03 4.462287e+03
12.4 4.471971e+03 4.457559e+03 4.449847e+03 4.464259e+03
13.4 4.496142e+03 4.458368e+03 4.449780e+03 4.487554e+03
14.4 4.458372e+03 4.455432e+03 4.448859e+03 4.451798e+03
15.4 4.458803e+03 4.449733e+03 4.447109e+03 4.456179e+03
16.4 4.435409e+03 4.445981e+03 4.446938e+03 4.436366e+03
17.4 4.438062e+03 4.445033e+03 4.447906e+03 4.440935e+03
18.4 4.442178e+03 4.445729e+03 4.448876e+03 4.445325e+03
19.4 4.460356e+03 4.449949e+03 4.449495e+03 4.459902e+03
20.4 4.479741e+03 4.455888e+03 4.449822e+03 4.473675e+03
0.6 4.496142e+03 4.458368e+03 4.449780e+03 4.487554e+03
1.6 4.458372e+03 4.455432e+03 4.448859e+03 4.451798e+03
2.6 4.458803e+03 4.449733e+03 4.447109e+03 4.456179e+03
3.6 4.435409e+03 4.445981e+03 4.446938e+03 4.436366e+03
4.6 4.438062e+03 4.445033e+03 4.447906e+03 4.440935e+03
5.6 4.442178e+03 4.445729e+03 4.448876e+03 4.445325e+03
6.6 4.460356e+03 4.449949e+03 4.449495e+03 4.459902e+03
7.6 4.479741e+03 4.455888e+03 4.449822e+03 4.473675e+03
8.6 4.471466e+03 4.455898e+03 4.449960e+03 4.465529e+03
9.6 4.456723e+03 4.452763e+03 4.449980e+03 4.453939e+03
10.6 4.470142e+03 4.450396e+03 4.449936e+03 4.469682e+03
11.6 4.477817e+03 4.453123e+03 4.449873e+03 4.474567e+03
12.6 4.462728e+03 4.456801e+03 4.449815e+03 4.455743e+03
13.6 4.473535e+03 4.454981e+03 4.449774e+03 4.468328e+03
14.6 4.470164e+03 4.450916e+03 4.449748e+03 4.468996e+03
15.6 4.443752e+03 4.447785e+03 4.449733e+03 4.445701e+03
16.6 4.460495e+03 4.446242e+03 4.449726e+03 4.463978e+03
17.6 4.466889e+03 4.445968e+03 4.449642e+03 4.470563e+03
18.6 4.458918e+03 4.444649e+03 4.448278e+03 4.462547e+03
19.6 4.427320e+03 4.443103e+03 4.446855e+03 4.431072e+03
20.6 4.451889e+03 4.442958e+03 4.447155e+03 4.456086e+03
0.9 4.466889e+03 4.445968e+03 4.449642e+03 4.470563e+03
1.9 4.458918e+03 4.444649e+03 4.448278e+03 4.462547e+03
2.9 4.427320e+03 4.443103e+03 4.446855e+03 4.431072e+03
3.9 4.451889e+03 4.442958e+03 4.447155e+03 4.456086e+03
4.9 4.412125e+03 4.442691e+03 4.448210e+03 4.417643e+03
5.9 4.446677e+03 4.446821e+03 4.449088e+03 4.448944e+03
6.9 4.468939e+03 4.453673e+03 4.449613e+03 4.464880e+03
7.9 4.441908e+03 4.454438e+03 4.449877e+03 4.437348e+03
8.9 4.449320e+03 4.450178e+03 4.449975e+03 4.449117e+03
9.9 4.458906e+03 4.445133e+03 4.449968e+03 4.463740e+03
10.9 4.433730e+03 4.441827e+03 4.449216e+03 4.441119e+03
11.9 4.451313e+03 4.439945e+03 4.447366e+03 4.458735e+03
12.9 4.454174e+03 4.439124e+03 4.446946e+03 4.461996e+03
13.9 4.449513e+03 4.439716e+03 4.447822e+03 4.457620e+03
14.9 4.443014e+03 4.447074e+03 4.448803e+03 4.444743e+03
15.9 4.455896e+03 4.455186e+03 4.449451e+03 4.450162e+03
16.9 4.480281e+03 4.458776e+03 4.449801e+03 4.471305e+03
17.9 4.458421e+03 4.462431e+03 4.449953e+03 4.445944e+03
18.9 4.437854e+03 4.461965e+03 4.449982e+03 4.425871e+03
19.9 4.428625e+03 4.456608e+03 4.449943e+03 4.421959e+03
20.9 4.437296e+03 4.451015e+03 4.449880e+03 4.436162e+03
0.5 4.458906e+03 4.445133e+03 4.449968e+03 4.463740e+03
1.5 4.433730e+03 4.441827e+03 4.449216e+03 4.441119e+03
2.5 4.451313e+03 4.439945e+03 4.447366e+03 4.458735e+03
3.5 4.454174e+03 4.439124e+03 4.446946e+03 4.461996e+03
4.5 4.449513e+03 4.439716e+03 4.447822e+03 4.457620e+03
5.5 4.443014e+03 4.447074e+03 4.448803e+03 4.444743e+03
6.5 4.455896e+03 4.455186e+03 4.449451e+03 4.450162e+03
7.5 4.480281e+03 4.458776e+03 4.449801e+03 4.471305e+03
8.5 4.458421e+03 4.462431e+03 4.449953e+03 4.445944e+03
9.5 4.437854e+03 4.461965e+03 4.449982e+03 4.425871e+03
10.5 4.428625e+03 4.456608e+03 4.449943e+03 4.421959e+03
11.5 4.437296e+03 4.451015e+03 4.449880e+03 4.436162e+03
12.5 4.446426e+03 4.448325e+03 4.449821e+03 4.447922e+03
13.5 4.477450e+03 4.449622e+03 4.449778e+03 4.477605e+03
14.5 4.470787e+03 4.452304e+03 4.449750e+03 4.468232e+03
15.5 4.463402e+03 4.456724e+03 4.449735e+03 4.456413e+03
16.5 4.476436e+03 4.460040e+03 4.449727e+03 4.466123e+03
17.5 4.461577e+03 4.457813e+03 4.449722e+03 4.453485e+03
18.5 4.470492e+03 4.452695e+03 4.449152e+03 4.466949e+03
19.5 4.467159e+03 4.446850e+03 4.447352e+03 4.467661e+03
20.5 4.455396e+03 4.443695e+03 4.446827e+03 4.458529e+03
0.4 4.461577e+03 4.457813e+03 4.449722e+03 4.453485e+03
1.4 4.470492e+03 4.452695e+03 4.449152e+03 4.466949e+03
2.4 4.467159e+03 4.446850e+03 4.447352e+03 4.467661e+03
3.4 4.455396e+03 4.443695e+03 4.446827e+03 4.458529e+03
4.4 4.469128e+03 4.443215e+03 4.447683e+03 4.473596e+03
5.4 4.473017e+03 4.443411e+03 4.448707e+03 4.478313e+03
6.4 4.469772e+03 4.442476e+03 4.449398e+03 4.476694e+03
7.4 4.447612e+03 4.442671e+03 4.449775e+03 4.454716e+03
8.4 4.448822e+03 4.449617e+03 4.449944e+03 4.449149e+03
9.4 4.447328e+03 4.454451e+03 4.449982e+03 4.442859e+03
10.4 4.466531e+03 4.453369e+03 4.449948e+03 4.463110e+03
11.4 4.438079e+03 4.450412e+03 4.449886e+03 4.437553e+03
12.4 4.448388e+03 4.448083e+03 4.449826e+03 4.450130e+03
13.4 4.475502e+03 4.446685e+03 4.449781e+03 4.478597e+03
14.4 4.453837e+03 4.445952e+03 4.449752e+03 4.457637e+03
15.4 4.447612e+03 4.445598e+03 4.449667e+03 4.451681e+03
16.4 4.445031e+03 4.444277e+03 4.448340e+03 4.449094e+03
17.4 4.468903e+03 4.442950e+03 4.446874e+03 4.472826e+03
18.4 4.431569e+03 4.443500e+03 4.447130e+03 4.435199e+03
19.4 4.435627e+03 4.445309e+03 4.448180e+03 4.438498e+03
20.4 4.420495e+03 4.447834e+03 4.449068e+03 4.421729e+03
0.9 4.447612e+03 4.445598e+03 4.449667e+03 4.451681e+03
1.9 4.445031e+03 4.444277e+03 4.448340e+03 4.449094e+03
2.9 4.468903e+03 4.442950e+03 4.446874e+03 4.472826e+03
3.9 4.431569e+03 4.443500e+03 4.447130e+03 4.435199e+03
4.9 4.435627e+03 4.445309e+03 4.448180e+03 4.438498e+03
5.9 4.420495e+03 4.447834e+03 4.449068e+03 4.421729e+03
6.9 4.432730e+03 4.454308e+03 4.449602e+03 4.428025e+03
7.9 4.434761e+03 4.457662e+03 4.449872e+03 4.426972e+03
8.9 4.438169e+03 4.455108e+03 4.449974e+03 4.433035e+03
9.9 4.464702e+03 4.451066e+03 4.449972e+03 4.463608e+03
10.9 4.438639e+03 4.448090e+03 4.449920e+03 4.440469e+03
11.9 4.449617e+03 4.446388e+03 4.449857e+03 4.453086e+03
12.9 4.436834e+03 4.445721e+03 4.449803e+03 4.440916e+03
13.9 4.444539e+03 4.446203e+03 4.449766e+03 4.448102e+03
14.9 4.418385e+03 4.450913e+03 4.449743e+03 4.417215e+03
15.9 4.430570e+03 4.456356e+03 4.449731e+03 4.423944e+03
16.9 4.436930e+03 4.455630e+03 4.449725e+03 4.431025e+03
17.9 4.427164e+03 4.451871e+03 4.449722e+03 4.425015e+03
18.9 4.427940e+03 4.448632e+03 4.449721e+03 4.429029e+03
19.9 4.422687e+03 4.448140e+03 4.449720e+03 4.424267e+03
20.9 4.459084e+03 4.453446e+03 4.449720e+03 4.455358e+03
0.4 4.467452e+03 4.455703e+03 4.449720e+03 4.461469e+03
1.4 4.445272e+03 4.450106e+03 4.449233e+03 4.444399e+03
2.4 4.410422e+03 4.444871e+03 4.447439e+03 4.412991e+03
3.4 4.431964e+03 4.442488e+03 4.446808e+03 4.436284e+03
4.4 4.419540e+03 4.442644e+03 4.447621e+03 4.424517e+03
5.4 4.424459e+03 4.443650e+03 4.448656e+03 4.429465e+03
6.4 4.422205e+03 4.444647e+03 4.449368e+03 4.426925e+03
7.4 4.433395e+03 4.445420e+03 4.449760e+03 4.437735e+03
8.4 4.435227e+03 4.445941e+03 4.449938e+03 4.439225e+03
