0.8 8.142503e+03 8.111516e+03 8.097105e+03 8.128092e+03
1.8 8.137398e+03 8.117575e+03 8.099021e+03 8.118844e+03
2.8 8.083938e+03 8.113417e+03 8.103105e+03 8.073627e+03
3.8 8.109752e+03 8.113404e+03 8.104009e+03 8.100357e+03
4.8 8.139127e+03 8.111242e+03 8.101853e+03 8.129737e+03
5.8 8.124762e+03 8.102025e+03 8.099400e+03 8.122137e+03
6.8 8.088430e+03 8.092487e+03 8.097758e+03 8.093700e+03
7.8 8.091636e+03 8.085679e+03 8.096868e+03 8.102825e+03
8.8 8.067361e+03 8.079881e+03 8.096478e+03 8.083957e+03
9.8 8.078808e+03 8.076072e+03 8.096400e+03 8.099136e+03
10.8 8.121252e+03 8.088155e+03 8.096493e+03 8.129591e+03
11.8 8.163590e+03 8.108452e+03 8.096647e+03 8.151785e+03
12.8 8.145435e+03 8.110798e+03 8.096792e+03 8.131429e+03
13.8 8.099126e+03 8.100284e+03 8.096900e+03 8.095741e+03
14.8 8.097901e+03 8.089009e+03 8.096969e+03 8.105860e+03
15.8 8.116653e+03 8.095913e+03 8.097008e+03 8.117747e+03
16.8 8.137750e+03 8.111248e+03 8.097028e+03 8.123530e+03
17.8 8.098433e+03 8.109899e+03 8.097037e+03 8.085572e+03
18.8 8.097343e+03 8.097113e+03 8.097041e+03 8.097272e+03
19.8 8.079162e+03 8.083876e+03 8.097043e+03 8.092329e+03
20.8 8.084529e+03 8.082962e+03 8.097044e+03 8.098611e+03
21.8 8.106752e+03 8.102111e+03 8.097044e+03 8.101686e+03
0.4 8.098004e+03 8.082023e+03 8.097045e+03 8.113026e+03
1.4 8.101302e+03 8.094170e+03 8.097746e+03 8.104878e+03
2.4 8.098652e+03 8.102741e+03 8.101868e+03 8.097780e+03
3.4 8.093238e+03 8.105514e+03 8.107766e+03 8.095490e+03
4.4 8.120482e+03 8.111070e+03 8.109623e+03 8.119034e+03
5.4 8.137252e+03 8.123932e+03 8.106311e+03 8.119631e+03
6.4 8.125252e+03 8.121263e+03 8.101858e+03 8.105846e+03
7.4 8.069934e+03 8.107224e+03 8.098638e+03 8.061348e+03
8.4 8.071135e+03 8.093512e+03 8.096837e+03 8.074460e+03
9.4 8.092189e+03 8.084030e+03 8.096030e+03 8.104188e+03
10.4 8.123895e+03 8.082079e+03 8.095841e+03 8.137657e+03
11.4 8.114819e+03 8.092180e+03 8.095991e+03 8.118630e+03
12.4 8.087506e+03 8.097831e+03 8.096270e+03 8.085945e+03
13.4 8.084290e+03 8.096588e+03 8.096544e+03 8.084246e+03
14.4 8.122822e+03 8.096967e+03 8.096753e+03 8.122609e+03
15.4 8.131893e+03 8.099408e+03 8.096889e+03 8.129375e+03
16.4 8.158444e+03 8.110896e+03 8.096968e+03 8.144516e+03
17.4 8.089041e+03 8.122701e+03 8.097009e+03 8.063349e+03
18.4 8.072333e+03 8.116655e+03 8.097029e+03 8.052707e+03
19.4 8.073752e+03 8.102738e+03 8.097038e+03 8.068052e+03
20.4 8.066710e+03 8.090545e+03 8.097042e+03 8.073207e+03
21.4 8.070919e+03 8.084890e+03 8.097044e+03 8.083073e+03
0.4 8.118878e+03 8.098492e+03 8.097045e+03 8.117430e+03
1.4 8.106030e+03 8.098123e+03 8.097688e+03 8.105595e+03
2.4 8.101525e+03 8.096882e+03 8.101305e+03 8.105948e+03
3.4 8.144057e+03 8.101062e+03 8.103986e+03 8.146981e+03
4.4 8.134930e+03 8.107715e+03 8.102842e+03 8.130058e+03
5.4 8.108198e+03 8.104539e+03 8.100325e+03 8.103984e+03
6.4 8.078752e+03 8.094290e+03 8.098342e+03 8.082805e+03
7.4 8.062562e+03 8.085414e+03 8.097181e+03 8.074329e+03
8.4 8.090750e+03 8.096186e+03 8.096612e+03 8.091177e+03
9.4 8.112098e+03 8.111156e+03 8.096421e+03 8.097362e+03
10.4 8.088481e+03 8.109114e+03 8.096453e+03 8.075820e+03
11.4 8.079531e+03 8.099574e+03 8.096788e+03 8.076745e+03
12.4 8.066887e+03 8.094331e+03 8.099734e+03 8.072290e+03
13.4 8.034080e+03 8.095522e+03 8.105705e+03 8.044262e+03
14.4 8.055499e+03 8.098732e+03 8.109603e+03 8.066370e+03
15.4 8.106653e+03 8.106050e+03 8.107735e+03 8.108338e+03
16.4 8.132457e+03 8.107251e+03 8.103280e+03 8.128486e+03
17.4 8.099870e+03 8.099386e+03 8.099556e+03 8.100040e+03
18.4 8.094596e+03 8.087899e+03 8.097316e+03 8.104013e+03
19.4 8.084037e+03 8.078395e+03 8.096219e+03 8.101861e+03
20.4 8.114422e+03 8.080827e+03 8.095854e+03 8.129449e+03
21.4 8.104413e+03 8.092739e+03 8.095915e+03 8.107590e+03
0.1 8.088481e+03 8.109114e+03 8.096453e+03 8.075820e+03
1.1 8.079531e+03 8.099574e+03 8.096788e+03 8.076745e+03
2.1 8.066887e+03 8.094331e+03 8.099734e+03 8.072290e+03
3.1 8.034080e+03 8.095522e+03 8.105705e+03 8.044262e+03
4.1 8.055499e+03 8.098732e+03 8.109603e+03 8.066370e+03
5.1 8.106653e+03 8.106050e+03 8.107735e+03 8.108338e+03
6.1 8.132457e+03 8.107251e+03 8.103280e+03 8.128486e+03
7.1 8.099870e+03 8.099386e+03 8.099556e+03 8.100040e+03
8.1 8.094596e+03 8.087899e+03 8.097316e+03 8.104013e+03
9.1 8.084037e+03 8.078395e+03 8.096219e+03 8.101861e+03
10.1 8.114422e+03 8.080827e+03 8.095854e+03 8.129449e+03
11.1 8.104413e+03 8.092739e+03 8.095915e+03 8.107590e+03
12.1 8.099923e+03 8.096732e+03 8.096169e+03 8.099360e+03
13.1 8.088584e+03 8.096375e+03 8.096456e+03 8.088664e+03
14.1 8.083907e+03 8.098216e+03 8.096690e+03 8.082381e+03
15.1 8.075145e+03 8.101068e+03 8.096850e+03 8.070927e+03
16.1 8.098223e+03 8.108011e+03 8.097045e+03 8.087257e+03
17.1 8.070389e+03 8.110881e+03 8.099302e+03 8.058810e+03
18.1 8.074891e+03 8.108875e+03 8.103232e+03 8.069249e+03
19.1 8.106852e+03 8.111135e+03 8.103713e+03 8.099430e+03
20.1 8.112841e+03 8.109124e+03 8.101473e+03 8.105189e+03
21.1 8.111979e+03 8.100053e+03 8.099139e+03 8.111066e+03
0.9 8.098223e+03 8.108011e+03 8.097045e+03 8.087257e+03
1.9 8.070389e+03 8.110881e+03 8.099302e+03 8.058810e+03
2.9 8.074891e+03 8.108875e+03 8.103232e+03 8.069249e+03
3.9 8.106852e+03 8.111135e+03 8.103713e+03 8.099430e+03
4.9 8.112841e+03 8.109124e+03 8.101473e+03 8.105189e+03
5.9 8.111979e+03 8.100053e+03 8.099139e+03 8.111066e+03
6.9 8.127706e+03 8.088943e+03 8.097623e+03 8.136386e+03
7.9 8.106795e+03 8.079710e+03 8.096815e+03 8.123899e+03
8.9 8.116600e+03 8.083418e+03 8.096472e+03 8.129654e+03
9.9 8.124948e+03 8.094054e+03 8.096419e+03 8.127312e+03
10.9 8.070675e+03 8.095912e+03 8.096520e+03 8.071284e+03
11.9 8.067224e+03 8.091380e+03 8.096672e+03 8.072516e+03
12.9 8.078430e+03 8.095365e+03 8.096811e+03 8.079876e+03
13.9 8.074515e+03 8.112364e+03 8.096912e+03 8.059063e+03
14.9 8.093748e+03 8.114810e+03 8.096976e+03 8.075913e+03
15.9 8.098760e+03 8.104559e+03 8.097011e+03 8.091212e+03
16.9 8.093183e+03 8.093310e+03 8.097029e+03 8.096902e+03
17.9 8.103788e+03 8.092792e+03 8.097038e+03 8.108034e+03
18.9 8.090997e+03 8.099359e+03 8.097042e+03 8.088680e+03
19.9 8.086465e+03 8.098345e+03 8.097043e+03 8.085163e+03
20.9 8.113435e+03 8.092785e+03 8.097044e+03 8.117694e+03
21.9 8.145428e+03 8.088180e+03 8.097044e+03 8.154292e+03
0.2 8.130626e+03 8.085685e+03 8.097044e+03 8.141985e+03
1.2 8.070040e+03 8.085028e+03 8.097443e+03 8.082455e+03
2.2 8.075872e+03 8.088243e+03 8.100907e+03 8.088535e+03
3.2 8.120176e+03 8.094563e+03 8.106021e+03 8.131635e+03
4.2 8.128301e+03 8.110731e+03 8.106724e+03 8.124294e+03
5.2 8.114071e+03 8.123064e+03 8.103597e+03 8.094603e+03
6.2 8.123399e+03 8.119221e+03 8.100197e+03 8.104376e+03
7.2 8.135445e+03 8.111462e+03 8.097936e+03 8.121919e+03
8.2 8.151296e+03 8.107873e+03 8.096723e+03 8.140146e+03
9.2 8.156800e+03 8.118236e+03 8.096208e+03 8.134772e+03
10.2 8.139668e+03 8.118533e+03 8.096124e+03 8.117258e+03
11.2 8.114927e+03 8.109212e+03 8.096269e+03 8.101984e+03
12.2 8.087345e+03 8.115441e+03 8.096491e+03 8.068394e+03
13.2 8.063574e+03 8.115579e+03 8.096695e+03 8.044690e+03
14.2 8.061790e+03 8.102589e+03 8.096846e+03 8.056046e+03
15.2 8.057024e+03 8.089877e+03 8.096941e+03 8.064088e+03
16.2 8.054171e+03 8.092769e+03 8.096994e+03 8.058396e+03
17.2 8.058953e+03 8.096113e+03 8.097022e+03 8.059862e+03
18.2 8.088100e+03 8.090265e+03 8.097035e+03 8.094870e+03
19.2 8.058599e+03 8.082122e+03 8.097040e+03 8.073517e+03
20.2 8.065767e+03 8.083918e+03 8.097047e+03 8.078896e+03
21.2 8.081286e+03 8.095868e+03 8.098014e+03 8.083432e+03
0.5 8.065767e+03 8.083918e+03 8.097047e+03 8.078896e+03
1.5 8.081286e+03 8.095868e+03 8.098014e+03 8.083432e+03
2.5 8.124516e+03 8.103380e+03 8.102543e+03 8.123679e+03
3.5 8.125557e+03 8.105496e+03 8.108326e+03 8.128387e+03
4.5 8.120461e+03 8.112000e+03 8.109594e+03 8.118055e+03
5.5 8.176866e+03 8.124214e+03 8.105964e+03 8.158616e+03
6.5 8.131506e+03 8.120230e+03 8.101530e+03 8.112806e+03
7.5 8.092377e+03 8.108531e+03 8.098425e+03 8.082272e+03
8.5 8.068163e+03 8.101494e+03 8.096720e+03 8.063390e+03
9.5 8.050548e+03 8.102235e+03 8.095978e+03 8.044292e+03
10.5 8.054204e+03 8.106173e+03 8.095831e+03 8.043862e+03
11.5 8.046973e+03 8.102198e+03 8.096003e+03 8.040778e+03
12.5 8.028594e+03 8.097338e+03 8.096289e+03 8.027545e+03
13.5 8.044344e+03 8.096673e+03 8.096562e+03 8.044232e+03
14.5 8.072806e+03 8.102203e+03 8.096766e+03 8.067370e+03
15.5 8.097969e+03 8.106693e+03 8.096897e+03 8.088173e+03
16.5 8.077995e+03 8.101771e+03 8.096972e+03 8.073197e+03
17.5 8.057719e+03 8.093818e+03 8.097011e+03 8.060912e+03
18.5 8.070769e+03 8.088053e+03 8.097030e+03 8.079745e+03
19.5 8.099142e+03 8.086224e+03 8.097038e+03 8.109957e+03
20.5 8.098896e+03 8.089685e+03 8.097042e+03 8.106253e+03
21.5 8.102866e+03 8.105714e+03 8.097044e+03 8.094196e+03
0.9 8.070482e+03 8.097817e+03 8.097143e+03 8.069809e+03
1.9 8.084137e+03 8.103606e+03 8.099348e+03 8.079880e+03
2.9 8.120044e+03 8.105574e+03 8.103253e+03 8.117723e+03
3.9 8.123671e+03 8.109977e+03 8.103722e+03 8.117416e+03
4.9 8.184933e+03 8.108986e+03 8.101476e+03 8.177423e+03
5.9 8.183120e+03 8.100650e+03 8.099140e+03 8.181611e+03
6.9 8.109757e+03 8.092167e+03 8.097657e+03 8.115247e+03
7.9 8.075625e+03 8.088412e+03 8.098487e+03 8.085701e+03
8.9 8.055915e+03 8.091045e+03 8.103375e+03 8.068245e+03
9.9 8.057056e+03 8.095778e+03 8.108548e+03 8.069825e+03
10.9 8.065749e+03 8.103305e+03 8.108528e+03 8.070972e+03
11.9 8.076859e+03 8.110027e+03 8.104523e+03 8.071356e+03
12.9 8.116716e+03 8.109997e+03 8.100448e+03 8.107167e+03
13.9 8.125032e+03 8.111037e+03 8.097795e+03 8.111790e+03
14.9 8.117073e+03 8.122465e+03 8.096412e+03 8.091020e+03
15.9 8.112757e+03 8.121163e+03 8.095870e+03 8.087464e+03
16.9 8.122432e+03 8.107701e+03 8.095836e+03 8.110567e+03
17.9 8.106118e+03 8.094134e+03 8.096058e+03 8.108042e+03
18.9 8.091650e+03 8.083445e+03 8.096353e+03 8.104558e+03
19.9 8.090073e+03 8.078912e+03 8.096614e+03 8.107775e+03
20.9 8.087268e+03 8.088370e+03 8.096802e+03 8.095699e+03
21.9 8.117257e+03 8.096044e+03 8.096919e+03 8.118132e+03
0.7 8.109757e+03 8.092167e+03 8.097657e+03 8.115247e+03
1.7 8.075625e+03 8.088412e+03 8.098487e+03 8.085701e+03
2.7 8.055915e+03 8.091045e+03 8.103375e+03 8.068245e+03
3.7 8.057056e+03 8.095778e+03 8.108548e+03 8.069825e+03
4.7 8.065749e+03 8.103305e+03 8.108528e+03 8.070972e+03
5.7 8.076859e+03 8.110027e+03 8.104523e+03 8.071356e+03
6.7 8.116716e+03 8.109997e+03 8.100448e+03 8.107167e+03
7.7 8.125032e+03 8.111037e+03 8.097795e+03 8.111790e+03
8.7 8.117073e+03 8.122465e+03 8.096412e+03 8.091020e+03
9.7 8.112757e+03 8.121163e+03 8.095870e+03 8.087464e+03
10.7 8.122432e+03 8.107701e+03 8.095836e+03 8.110567e+03
11.7 8.106118e+03 8.094134e+03 8.096058e+03 8.108042e+03
12.7 8.091650e+03 8.083445e+03 8.096353e+03 8.104558e+03
13.7 8.090073e+03 8.078912e+03 8.096614e+03 8.107775e+03
14.7 8.087268e+03 8.088370e+03 8.096802e+03 8.095699e+03
15.7 8.117257e+03 8.096044e+03 8.096919e+03 8.118132e+03
16.7 8.080334e+03 8.094827e+03 8.096984e+03 8.082490e+03
17.7 8.100897e+03 8.090813e+03 8.097017e+03 8.107101e+03
18.7 8.118379e+03 8.087777e+03 8.097033e+03 8.127634e+03
19.7 8.097696e+03 8.086062e+03 8.097040e+03 8.108673e+03
20.7 8.096752e+03 8.084858e+03 8.097043e+03 8.108936e+03
21.7 8.084709e+03 8.084102e+03 8.097044e+03 8.097651e+03
0.9 8.099715e+03 8.100202e+03 8.097143e+03 8.096656e+03
1.9 8.097373e+03 8.098798e+03 8.099390e+03 8.097965e+03
2.9 8.104388e+03 8.099172e+03 8.105015e+03 8.110231e+03
3.9 8.112682e+03 8.101036e+03 8.109512e+03 8.121159e+03
4.9 8.131647e+03 8.107117e+03 8.108324e+03 8.132855e+03
5.9 8.103457e+03 8.108874e+03 8.103943e+03 8.098526e+03
6.9 8.072346e+03 8.100977e+03 8.100007e+03 8.071375e+03
7.9 8.097993e+03 8.096573e+03 8.097560e+03 8.098981e+03
8.9 8.156430e+03 8.110133e+03 8.096324e+03 8.142622e+03
9.9 8.106522e+03 8.114746e+03 8.095875e+03 8.087650e+03
10.9 8.107696e+03 8.105624e+03 8.095890e+03 8.097962e+03
11.9 8.101337e+03 8.094903e+03 8.096128e+03 8.102562e+03
12.9 8.096300e+03 8.087967e+03 8.096417e+03 8.104750e+03
13.9 8.084231e+03 8.084479e+03 8.096661e+03 8.096413e+03
14.9 8.086230e+03 8.083133e+03 8.096832e+03 8.099928e+03
