0.1 6.546674e+03 6.498744e+03 6.507768e+03 6.555698e+03
1.1 6.522558e+03 6.488020e+03 6.507099e+03 6.541638e+03
2.1 6.541757e+03 6.480178e+03 6.501259e+03 6.562838e+03
3.1 6.550334e+03 6.479826e+03 6.497043e+03 6.567551e+03
4.1 6.505497e+03 6.486331e+03 6.498974e+03 6.518140e+03
5.1 6.484556e+03 6.493564e+03 6.502878e+03 6.493870e+03
6.1 6.516571e+03 6.502392e+03 6.505868e+03 6.520047e+03
7.1 6.494704e+03 6.519929e+03 6.507597e+03 6.482372e+03
8.1 6.511149e+03 6.537601e+03 6.508441e+03 6.481988e+03
9.1 6.547447e+03 6.535491e+03 6.508720e+03 6.520675e+03
10.1 6.539332e+03 6.518056e+03 6.508663e+03 6.529939e+03
11.1 6.547613e+03 6.505800e+03 6.508455e+03 6.550268e+03
12.1 6.580622e+03 6.509519e+03 6.508225e+03 6.579327e+03
13.1 6.588435e+03 6.523466e+03 6.508039e+03 6.573009e+03
14.1 6.547883e+03 6.523063e+03 6.507914e+03 6.532735e+03
15.1 6.510792e+03 6.509695e+03 6.507841e+03 6.508938e+03
16.1 6.451085e+03 6.501883e+03 6.507802e+03 6.457005e+03
17.1 6.518042e+03 6.509282e+03 6.507783e+03 6.516542e+03
18.1 6.499862e+03 6.525779e+03 6.507774e+03 6.481857e+03
19.1 6.492168e+03 6.531553e+03 6.507770e+03 6.468386e+03
20.1 6.493316e+03 6.518174e+03 6.507769e+03 6.482910e+03
0.8 6.528613e+03 6.513450e+03 6.507587e+03 6.522750e+03
1.8 6.561078e+03 6.513057e+03 6.503097e+03 6.551118e+03
2.8 6.535635e+03 6.502757e+03 6.497470e+03 6.530348e+03
3.8 6.511429e+03 6.498822e+03 6.498097e+03 6.510704e+03
4.8 6.500417e+03 6.510578e+03 6.501905e+03 6.491744e+03
5.8 6.489093e+03 6.529469e+03 6.505212e+03 6.464836e+03
6.8 6.507701e+03 6.533513e+03 6.504508e+03 6.478697e+03
7.8 6.514431e+03 6.516760e+03 6.499036e+03 6.496708e+03
8.8 6.532212e+03 6.495942e+03 6.498285e+03 6.534555e+03
9.8 6.492037e+03 6.480174e+03 6.501699e+03 6.513561e+03
10.8 6.495416e+03 6.473082e+03 6.505161e+03 6.527494e+03
11.8 6.492350e+03 6.472871e+03 6.507308e+03 6.526787e+03
12.8 6.490388e+03 6.480034e+03 6.508384e+03 6.518737e+03
13.8 6.462476e+03 6.490535e+03 6.508796e+03 6.480737e+03
14.8 6.498532e+03 6.507801e+03 6.508811e+03 6.499542e+03
15.8 6.516780e+03 6.529822e+03 6.508618e+03 6.495576e+03
16.8 6.525688e+03 6.539151e+03 6.506720e+03 6.493257e+03
17.8 6.542419e+03 6.525354e+03 6.499955e+03 6.517020e+03
18.8 6.489260e+03 6.509033e+03 6.497283e+03 6.477510e+03
19.8 6.422066e+03 6.502355e+03 6.500074e+03 6.419785e+03
20.8 6.453967e+03 6.504690e+03 6.503828e+03 6.453105e+03
0.5 6.489093e+03 6.529469e+03 6.505212e+03 6.464836e+03
1.5 6.507701e+03 6.533513e+03 6.504508e+03 6.478697e+03
2.5 6.514431e+03 6.516760e+03 6.499036e+03 6.496708e+03
3.5 6.532212e+03 6.495942e+03 6.498285e+03 6.534555e+03
4.5 6.492037e+03 6.480174e+03 6.501699e+03 6.513561e+03
5.5 6.495416e+03 6.473082e+03 6.505161e+03 6.527494e+03
6.5 6.492350e+03 6.472871e+03 6.507308e+03 6.526787e+03
7.5 6.490388e+03 6.480034e+03 6.508384e+03 6.518737e+03
8.5 6.462476e+03 6.490535e+03 6.508796e+03 6.480737e+03
9.5 6.498532e+03 6.507801e+03 6.508811e+03 6.499542e+03
10.5 6.516780e+03 6.529822e+03 6.508618e+03 6.495576e+03
11.5 6.525688e+03 6.539151e+03 6.506720e+03 6.493257e+03
12.5 6.542419e+03 6.525354e+03 6.499955e+03 6.517020e+03
13.5 6.489260e+03 6.509033e+03 6.497283e+03 6.477510e+03
14.5 6.422066e+03 6.502355e+03 6.500074e+03 6.419785e+03
15.5 6.453967e+03 6.504690e+03 6.503828e+03 6.453105e+03
16.5 6.492006e+03 6.509240e+03 6.506444e+03 6.489210e+03
17.5 6.551957e+03 6.505613e+03 6.507894e+03 6.554238e+03
18.5 6.532522e+03 6.497240e+03 6.508560e+03 6.543843e+03
19.5 6.479967e+03 6.494383e+03 6.508731e+03 6.494315e+03
20.5 6.477826e+03 6.498523e+03 6.508618e+03 6.487922e+03
0.3 6.516780e+03 6.529822e+03 6.508618e+03 6.495576e+03
1.3 6.525688e+03 6.539151e+03 6.506720e+03 6.493257e+03
2.3 6.542419e+03 6.525354e+03 6.499955e+03 6.517020e+03
3.3 6.489260e+03 6.509033e+03 6.497283e+03 6.477510e+03
4.3 6.422066e+03 6.502355e+03 6.500074e+03 6.419785e+03
5.3 6.453967e+03 6.504690e+03 6.503828e+03 6.453105e+03
6.3 6.492006e+03 6.509240e+03 6.506444e+03 6.489210e+03
7.3 6.551957e+03 6.505613e+03 6.507894e+03 6.554238e+03
8.3 6.532522e+03 6.497240e+03 6.508560e+03 6.543843e+03
9.3 6.479967e+03 6.494383e+03 6.508731e+03 6.494315e+03
10.3 6.477826e+03 6.498523e+03 6.508618e+03 6.487922e+03
11.3 6.532598e+03 6.513850e+03 6.508394e+03 6.527142e+03
12.3 6.534765e+03 6.527047e+03 6.507025e+03 6.514742e+03
13.3 6.501029e+03 6.520001e+03 6.500527e+03 6.481555e+03
14.3 6.531050e+03 6.515198e+03 6.497130e+03 6.512982e+03
15.3 6.499803e+03 6.526203e+03 6.499576e+03 6.473175e+03
16.3 6.523446e+03 6.534804e+03 6.502376e+03 6.491018e+03
17.3 6.524933e+03 6.522639e+03 6.498910e+03 6.501204e+03
18.3 6.539021e+03 6.506127e+03 6.497003e+03 6.529898e+03
19.3 6.495206e+03 6.498006e+03 6.500148e+03 6.497348e+03
20.3 6.512798e+03 6.496885e+03 6.504247e+03 6.520161e+03
0.2 6.532598e+03 6.513850e+03 6.508394e+03 6.527142e+03
1.2 6.534765e+03 6.527047e+03 6.507025e+03 6.514742e+03
2.2 6.501029e+03 6.520001e+03 6.500527e+03 6.481555e+03
3.2 6.531050e+03 6.515198e+03 6.497130e+03 6.512982e+03
4.2 6.499803e+03 6.526203e+03 6.499576e+03 6.473175e+03
5.2 6.523446e+03 6.534804e+03 6.502376e+03 6.491018e+03
6.2 6.524933e+03 6.522639e+03 6.498910e+03 6.501204e+03
7.2 6.539021e+03 6.506127e+03 6.497003e+03 6.529898e+03
8.2 6.495206e+03 6.498006e+03 6.500148e+03 6.497348e+03
9.2 6.512798e+03 6.496885e+03 6.504247e+03 6.520161e+03
10.2 6.536248e+03 6.506491e+03 6.506995e+03 6.536751e+03
11.2 6.530870e+03 6.521694e+03 6.508088e+03 6.517265e+03
12.2 6.522035e+03 6.520350e+03 6.503637e+03 6.505322e+03
13.2 6.509668e+03 6.512098e+03 6.498482e+03 6.496052e+03
14.2 6.524933e+03 6.515206e+03 6.498860e+03 6.508587e+03
15.2 6.538954e+03 6.510799e+03 6.496856e+03 6.525011e+03
16.2 6.495768e+03 6.500514e+03 6.495244e+03 6.490498e+03
17.2 6.449288e+03 6.495802e+03 6.498640e+03 6.452126e+03
18.2 6.477169e+03 6.495726e+03 6.503384e+03 6.484828e+03
19.2 6.524264e+03 6.497059e+03 6.506737e+03 6.533942e+03
20.2 6.548006e+03 6.500483e+03 6.508478e+03 6.556001e+03
0.2 6.499803e+03 6.526203e+03 6.499576e+03 6.473175e+03
1.2 6.523446e+03 6.534804e+03 6.502376e+03 6.491018e+03
2.2 6.524933e+03 6.522639e+03 6.498910e+03 6.501204e+03
3.2 6.539021e+03 6.506127e+03 6.497003e+03 6.529898e+03
4.2 6.495206e+03 6.498006e+03 6.500148e+03 6.497348e+03
5.2 6.512798e+03 6.496885e+03 6.504247e+03 6.520161e+03
6.2 6.536248e+03 6.506491e+03 6.506995e+03 6.536751e+03
7.2 6.530870e+03 6.521694e+03 6.508088e+03 6.517265e+03
8.2 6.522035e+03 6.520350e+03 6.503637e+03 6.505322e+03
9.2 6.509668e+03 6.512098e+03 6.498482e+03 6.496052e+03
10.2 6.524933e+03 6.515206e+03 6.498860e+03 6.508587e+03
11.2 6.538954e+03 6.510799e+03 6.496856e+03 6.525011e+03
12.2 6.495768e+03 6.500514e+03 6.495244e+03 6.490498e+03
13.2 6.449288e+03 6.495802e+03 6.498640e+03 6.452126e+03
14.2 6.477169e+03 6.495726e+03 6.503384e+03 6.484828e+03
15.2 6.524264e+03 6.497059e+03 6.506737e+03 6.533942e+03
16.2 6.548006e+03 6.500483e+03 6.508478e+03 6.556001e+03
17.2 6.559438e+03 6.506809e+03 6.509119e+03 6.561748e+03
18.2 6.544745e+03 6.507097e+03 6.506111e+03 6.543759e+03
19.2 6.551581e+03 6.501166e+03 6.499464e+03 6.549880e+03
20.2 6.501533e+03 6.509665e+03 6.498350e+03 6.490218e+03
0.9 6.530870e+03 6.521694e+03 6.508088e+03 6.517265e+03
1.9 6.522035e+03 6.520350e+03 6.503637e+03 6.505322e+03
2.9 6.509668e+03 6.512098e+03 6.498482e+03 6.496052e+03
3.9 6.524933e+03 6.515206e+03 6.498860e+03 6.508587e+03
4.9 6.538954e+03 6.510799e+03 6.496856e+03 6.525011e+03
5.9 6.495768e+03 6.500514e+03 6.495244e+03 6.490498e+03
6.9 6.449288e+03 6.495802e+03 6.498640e+03 6.452126e+03
7.9 6.477169e+03 6.495726e+03 6.503384e+03 6.484828e+03
8.9 6.524264e+03 6.497059e+03 6.506737e+03 6.533942e+03
9.9 6.548006e+03 6.500483e+03 6.508478e+03 6.556001e+03
10.9 6.559438e+03 6.506809e+03 6.509119e+03 6.561748e+03
11.9 6.544745e+03 6.507097e+03 6.506111e+03 6.543759e+03
12.9 6.551581e+03 6.501166e+03 6.499464e+03 6.549880e+03
13.9 6.501533e+03 6.509665e+03 6.498350e+03 6.490218e+03
14.9 6.491104e+03 6.523632e+03 6.500709e+03 6.468181e+03
15.9 6.516452e+03 6.518574e+03 6.498003e+03 6.495881e+03
16.9 6.511408e+03 6.507539e+03 6.496307e+03 6.500176e+03
17.9 6.486233e+03 6.512360e+03 6.499621e+03 6.473494e+03
18.9 6.523982e+03 6.525012e+03 6.503473e+03 6.502443e+03
19.9 6.560504e+03 6.520409e+03 6.500861e+03 6.540955e+03
20.9 6.543373e+03 6.512677e+03 6.497798e+03 6.528494e+03
1.0 6.524933e+03 6.515206e+03 6.498860e+03 6.508587e+03
2.0 6.538954e+03 6.510799e+03 6.496856e+03 6.525011e+03
3.0 6.495768e+03 6.500514e+03 6.495244e+03 6.490498e+03
4.0 6.449288e+03 6.495802e+03 6.498640e+03 6.452126e+03
5.0 6.477169e+03 6.495726e+03 6.503384e+03 6.484828e+03
6.0 6.524264e+03 6.497059e+03 6.506737e+03 6.533942e+03
7.0 6.548006e+03 6.500483e+03 6.508478e+03 6.556001e+03
8.0 6.559438e+03 6.506809e+03 6.509119e+03 6.561748e+03
9.0 6.544745e+03 6.507097e+03 6.506111e+03 6.543759e+03
10.0 6.551581e+03 6.501166e+03 6.499464e+03 6.549880e+03
11.0 6.501533e+03 6.509665e+03 6.498350e+03 6.490218e+03
12.0 6.491104e+03 6.523632e+03 6.500709e+03 6.468181e+03
13.0 6.516452e+03 6.518574e+03 6.498003e+03 6.495881e+03
14.0 6.511408e+03 6.507539e+03 6.496307e+03 6.500176e+03
15.0 6.486233e+03 6.512360e+03 6.499621e+03 6.473494e+03
16.0 6.523982e+03 6.525012e+03 6.503473e+03 6.502443e+03
17.0 6.560504e+03 6.520409e+03 6.500861e+03 6.540955e+03
18.0 6.543373e+03 6.512677e+03 6.497798e+03 6.528494e+03
19.0 6.546705e+03 6.521710e+03 6.500036e+03 6.525031e+03
20.0 6.527689e+03 6.533691e+03 6.503521e+03 6.497519e+03
21.0 6.544895e+03 6.525758e+03 6.500918e+03 6.520055e+03
0.6 6.559438e+03 6.506809e+03 6.509119e+03 6.561748e+03
1.6 6.544745e+03 6.507097e+03 6.506111e+03 6.543759e+03
2.6 6.551581e+03 6.501166e+03 6.499464e+03 6.549880e+03
3.6 6.501533e+03 6.509665e+03 6.498350e+03 6.490218e+03
4.6 6.491104e+03 6.523632e+03 6.500709e+03 6.468181e+03
5.6 6.516452e+03 6.518574e+03 6.498003e+03 6.495881e+03
6.6 6.511408e+03 6.507539e+03 6.496307e+03 6.500176e+03
7.6 6.486233e+03 6.512360e+03 6.499621e+03 6.473494e+03
8.6 6.523982e+03 6.525012e+03 6.503473e+03 6.502443e+03
9.6 6.560504e+03 6.520409e+03 6.500861e+03 6.540955e+03
10.6 6.543373e+03 6.512677e+03 6.497798e+03 6.528494e+03
11.6 6.546705e+03 6.521710e+03 6.500036e+03 6.525031e+03
12.6 6.527689e+03 6.533691e+03 6.503521e+03 6.497519e+03
13.6 6.544895e+03 6.525758e+03 6.500918e+03 6.520055e+03
14.6 6.493141e+03 6.508656e+03 6.497667e+03 6.482152e+03
15.6 6.455469e+03 6.497841e+03 6.499802e+03 6.457430e+03
16.6 6.491961e+03 6.488798e+03 6.503739e+03 6.506903e+03
17.6 6.537393e+03 6.480706e+03 6.503241e+03 6.559929e+03
18.6 6.562774e+03 6.477113e+03 6.498522e+03 6.584183e+03
19.6 6.537711e+03 6.483228e+03 6.498749e+03 6.553232e+03
20.6 6.514763e+03 6.501735e+03 6.502466e+03 6.515493e+03
0.1 6.501533e+03 6.509665e+03 6.498350e+03 6.490218e+03
1.1 6.491104e+03 6.523632e+03 6.500709e+03 6.468181e+03
2.1 6.516452e+03 6.518574e+03 6.498003e+03 6.495881e+03
3.1 6.511408e+03 6.507539e+03 6.496307e+03 6.500176e+03
4.1 6.486233e+03 6.512360e+03 6.499621e+03 6.473494e+03
5.1 6.523982e+03 6.525012e+03 6.503473e+03 6.502443e+03
6.1 6.560504e+03 6.520409e+03 6.500861e+03 6.540955e+03
7.1 6.543373e+03 6.512677e+03 6.497798e+03 6.528494e+03
8.1 6.546705e+03 6.521710e+03 6.500036e+03 6.525031e+03
9.1 6.527689e+03 6.533691e+03 6.503521e+03 6.497519e+03
10.1 6.544895e+03 6.525758e+03 6.500918e+03 6.520055e+03
11.1 6.493141e+03 6.508656e+03 6.497667e+03 6.482152e+03
12.1 6.455469e+03 6.497841e+03 6.499802e+03 6.457430e+03
13.1 6.491961e+03 6.488798e+03 6.503739e+03 6.506903e+03
14.1 6.537393e+03 6.480706e+03 6.503241e+03 6.559929e+03
15.1 6.562774e+03 6.477113e+03 6.498522e+03 6.584183e+03
16.1 6.537711e+03 6.483228e+03 6.498749e+03 6.553232e+03
17.1 6.514763e+03 6.501735e+03 6.502466e+03 6.515493e+03
18.1 6.494143e+03 6.523237e+03 6.505821e+03 6.476727e+03
19.1 6.519051e+03 6.524514e+03 6.507774e+03 6.502311e+03
20.1 6.499208e+03 6.512335e+03 6.508676e+03 6.495548e+03
1.0 6.523982e+03 6.525012e+03 6.503473e+03 6.502443e+03
2.0 6.560504e+03 6.520409e+03 6.500861e+03 6.540955e+03
3.0 6.543373e+03 6.512677e+03 6.497798e+03 6.528494e+03
4.0 6.546705e+03 6.521710e+03 6.500036e+03 6.525031e+03
5.0 6.527689e+03 6.533691e+03 6.503521e+03 6.497519e+03
6.0 6.544895e+03 6.525758e+03 6.500918e+03 6.520055e+03
7.0 6.493141e+03 6.508656e+03 6.497667e+03 6.482152e+03
8.0 6.455469e+03 6.497841e+03 6.499802e+03 6.457430e+03
9.0 6.491961e+03 6.488798e+03 6.503739e+03 6.506903e+03
10.0 6.537393e+03 6.480706e+03 6.503241e+03 6.559929e+03
11.0 6.562774e+03 6.477113e+03 6.498522e+03 6.584183e+03
12.0 6.537711e+03 6.483228e+03 6.498749e+03 6.553232e+03
13.0 6.514763e+03 6.501735e+03 6.502466e+03 6.515493e+03
14.0 6.494143e+03 6.523237e+03 6.505821e+03 6.476727e+03
15.0 6.519051e+03 6.524514e+03 6.507774e+03 6.502311e+03
16.0 6.499208e+03 6.512335e+03 6.508676e+03 6.495548e+03
17.0 6.455071e+03 6.503725e+03 6.508954e+03 6.460300e+03
18.0 6.484335e+03 6.499889e+03 6.508877e+03 6.493323e+03
19.0 6.478761e+03 6.493961e+03 6.508633e+03 6.493433e+03
20.0 6.476967e+03 6.483838e+03 6.508358e+03 6.501487e+03
21.0 6.463838e+03 6.476639e+03 6.507089e+03 6.494288e+03
1.0 6.527689e+03 6.533691e+03 6.503521e+03 6.497519e+03
2.0 6.544895e+03 6.525758e+03 6.500918e+03 6.520055e+03
3.0 6.493141e+03 6.508656e+03 6.497667e+03 6.482152e+03
4.0 6.455469e+03 6.497841e+03 6.499802e+03 6.457430e+03
5.0 6.491961e+03 6.488798e+03 6.503739e+03 6.506903e+03
6.0 6.537393e+03 6.480706e+03 6.503241e+03 6.559929e+03
7.0 6.562774e+03 6.477113e+03 6.498522e+03 6.584183e+03
8.0 6.537711e+03 6.483228e+03 6.498749e+03 6.553232e+03
9.0 6.514763e+03 6.501735e+03 6.502466e+03 6.515493e+03
10.0 6.494143e+03 6.523237e+03 6.505821e+03 6.476727e+03
11.0 6.519051e+03 6.524514e+03 6.507774e+03 6.502311e+03
12.0 6.499208e+03 6.512335e+03 6.508676e+03 6.495548e+03
13.0 6.455071e+03 6.503725e+03 6.508954e+03 6.460300e+03
14.0 6.484335e+03 6.499889e+03 6.508877e+03 6.493323e+03
15.0 6.478761e+03 6.493961e+03 6.508633e+03 6.493433e+03
16.0 6.476967e+03 6.483838e+03 6.508358e+03 6.501487e+03
17.0 6.463838e+03 6.476639e+03 6.507089e+03 6.494288e+03
18.0 6.465179e+03 6.474118e+03 6.500680e+03 6.491742e+03
19.0 6.492826e+03 6.478689e+03 6.497105e+03 6.511242e+03
20.0 6.512023e+03 6.490678e+03 6.499454e+03 6.520799e+03
21.0 6.547426e+03 6.511661e+03 6.503309e+03 6.539074e+03
0.7 6.491961e+03 6.488798e+03 6.503739e+03 6.506903e+03
1.7 6.537393e+03 6.480706e+03 6.503241e+03 6.559929e+03
2.7 6.562774e+03 6.477113e+03 6.498522e+03 6.584183e+03
3.7 6.537711e+03 6.483228e+03 6.498749e+03 6.553232e+03
4.7 6.514763e+03 6.501735e+03 6.502466e+03 6.515493e+03
5.7 6.494143e+03 6.523237e+03 6.505821e+03 6.476727e+03
6.7 6.519051e+03 6.524514e+03 6.507774e+03 6.502311e+03
7.7 6.499208e+03 6.512335e+03 6.508676e+03 6.495548e+03
8.7 6.455071e+03 6.503725e+03 6.508954e+03 6.460300e+03
9.7 6.484335e+03 6.499889e+03 6.508877e+03 6.493323e+03
10.7 6.478761e+03 6.493961e+03 6.508633e+03 6.493433e+03
11.7 6.476967e+03 6.483838e+03 6.508358e+03 6.501487e+03
12.7 6.463838e+03 6.476639e+03 6.507089e+03 6.494288e+03
13.7 6.465179e+03 6.474118e+03 6.500680e+03 6.491742e+03
14.7 6.492826e+03 6.478689e+03 6.497105e+03 6.511242e+03
15.7 6.512023e+03 6.490678e+03 6.499454e+03 6.520799e+03
16.7 6.547426e+03 6.511661e+03 6.503309e+03 6.539074e+03
17.7 6.542071e+03 6.532519e+03 6.506066e+03 6.515618e+03
18.7 6.519458e+03 6.533955e+03 6.504064e+03 6.489567e+03
19.7 6.482992e+03 6.517866e+03 6.498648e+03 6.463774e+03
20.7 6.448469e+03 6.505293e+03 6.498651e+03 6.441826e+03
0.2 6.476967e+03 6.483838e+03 6.508358e+03 6.501487e+03
1.2 6.463838e+03 6.476639e+03 6.507089e+03 6.494288e+03
2.2 6.465179e+03 6.474118e+03 6.500680e+03 6.491742e+03
3.2 6.492826e+03 6.478689e+03 6.497105e+03 6.511242e+03
4.2 6.512023e+03 6.490678e+03 6.499454e+03 6.520799e+03
5.2 6.547426e+03 6.511661e+03 6.503309e+03 6.539074e+03
6.2 6.542071e+03 6.532519e+03 6.506066e+03 6.515618e+03
7.2 6.519458e+03 6.533955e+03 6.504064e+03 6.489567e+03
8.2 6.482992e+03 6.517866e+03 6.498648e+03 6.463774e+03
9.2 6.448469e+03 6.505293e+03 6.498651e+03 6.441826e+03
10.2 6.511345e+03 6.502710e+03 6.502217e+03 6.510853e+03
11.2 6.517202e+03 6.506912e+03 6.505496e+03 6.515786e+03
12.2 6.500620e+03 6.509472e+03 6.506429e+03 6.497576e+03
13.2 6.507957e+03 6.501564e+03 6.501153e+03 6.507546e+03
14.2 6.484371e+03 6.490608e+03 6.498031e+03 6.491795e+03
15.2 6.490749e+03 6.482371e+03 6.499379e+03 6.507758e+03
16.2 6.482521e+03 6.477468e+03 6.496810e+03 6.501863e+03
17.2 6.446787e+03 6.479779e+03 6.495919e+03 6.462927e+03
18.2 6.442626e+03 6.488200e+03 6.499712e+03 6.454138e+03
19.2 6.462580e+03 6.504067e+03 6.504207e+03 6.462720e+03
20.2 6.499635e+03 6.523519e+03 6.507000e+03 6.483115e+03
0.7 6.542071e+03 6.532519e+03 6.506066e+03 6.515618e+03
1.7 6.519458e+03 6.533955e+03 6.504064e+03 6.489567e+03
2.7 6.482992e+03 6.517866e+03 6.498648e+03 6.463774e+03
3.7 6.448469e+03 6.505293e+03 6.498651e+03 6.441826e+03
4.7 6.511345e+03 6.502710e+03 6.502217e+03 6.510853e+03
5.7 6.517202e+03 6.506912e+03 6.505496e+03 6.515786e+03
6.7 6.500620e+03 6.509472e+03 6.506429e+03 6.497576e+03
7.7 6.507957e+03 6.501564e+03 6.501153e+03 6.507546e+03
8.7 6.484371e+03 6.490608e+03 6.498031e+03 6.491795e+03
9.7 6.490749e+03 6.482371e+03 6.499379e+03 6.507758e+03
10.7 6.482521e+03 6.477468e+03 6.496810e+03 6.501863e+03
11.7 6.446787e+03 6.479779e+03 6.495919e+03 6.462927e+03
12.7 6.442626e+03 6.488200e+03 6.499712e+03 6.454138e+03
13.7 6.462580e+03 6.504067e+03 6.504207e+03 6.462720e+03
14.7 6.499635e+03 6.523519e+03 6.507000e+03 6.483115e+03
15.7 6.557422e+03 6.525185e+03 6.503984e+03 6.536220e+03
16.7 6.574690e+03 6.512230e+03 6.498879e+03 6.561339e+03
17.7 6.517745e+03 6.504424e+03 6.499497e+03 6.512819e+03
18.7 6.502363e+03 6.511191e+03 6.503039e+03 6.494210e+03
19.7 6.509116e+03 6.516648e+03 6.506027e+03 6.498496e+03
20.7 6.478698e+03 6.508173e+03 6.507754e+03 6.478279e+03
0.2 6.517202e+03 6.506912e+03 6.505496e+03 6.515786e+03
1.2 6.500620e+03 6.509472e+03 6.506429e+03 6.497576e+03
2.2 6.507957e+03 6.501564e+03 6.501153e+03 6.507546e+03
3.2 6.484371e+03 6.490608e+03 6.498031e+03 6.491795e+03
4.2 6.490749e+03 6.482371e+03 6.499379e+03 6.507758e+03
5.2 6.482521e+03 6.477468e+03 6.496810e+03 6.501863e+03
6.2 6.446787e+03 6.479779e+03 6.495919e+03 6.462927e+03
7.2 6.442626e+03 6.488200e+03 6.499712e+03 6.454138e+03
8.2 6.462580e+03 6.504067e+03 6.504207e+03 6.462720e+03
9.2 6.499635e+03 6.523519e+03 6.507000e+03 6.483115e+03
10.2 6.557422e+03 6.525185e+03 6.503984e+03 6.536220e+03
11.2 6.574690e+03 6.512230e+03 6.498879e+03 6.561339e+03
12.2 6.517745e+03 6.504424e+03 6.499497e+03 6.512819e+03
13.2 6.502363e+03 6.511191e+03 6.503039e+03 6.494210e+03
14.2 6.509116e+03 6.516648e+03 6.506027e+03 6.498496e+03
15.2 6.478698e+03 6.508173e+03 6.507754e+03 6.478279e+03
16.2 6.412831e+03 6.500193e+03 6.508573e+03 6.421211e+03
17.2 6.483707e+03 6.500366e+03 6.508838e+03 6.492178e+03
18.2 6.520306e+03 6.511848e+03 6.508647e+03 6.517105e+03
19.2 6.548025e+03 6.515046e+03 6.504283e+03 6.537262e+03
20.2 6.521863e+03 6.505461e+03 6.498158e+03 6.514560e+03
0.2 6.484371e+03 6.490608e+03 6.498031e+03 6.491795e+03
1.2 6.490749e+03 6.482371e+03 6.499379e+03 6.507758e+03
2.2 6.482521e+03 6.477468e+03 6.496810e+03 6.501863e+03
3.2 6.446787e+03 6.479779e+03 6.495919e+03 6.462927e+03
4.2 6.442626e+03 6.488200e+03 6.499712e+03 6.454138e+03
5.2 6.462580e+03 6.504067e+03 6.504207e+03 6.462720e+03
6.2 6.499635e+03 6.523519e+03 6.507000e+03 6.483115e+03
7.2 6.557422e+03 6.525185e+03 6.503984e+03 6.536220e+03
8.2 6.574690e+03 6.512230e+03 6.498879e+03 6.561339e+03
9.2 6.517745e+03 6.504424e+03 6.499497e+03 6.512819e+03
10.2 6.502363e+03 6.511191e+03 6.503039e+03 6.494210e+03
11.2 6.509116e+03 6.516648e+03 6.506027e+03 6.498496e+03
12.2 6.478698e+03 6.508173e+03 6.507754e+03 6.478279e+03
13.2 6.412831e+03 6.500193e+03 6.508573e+03 6.421211e+03
14.2 6.483707e+03 6.500366e+03 6.508838e+03 6.492178e+03
15.2 6.520306e+03 6.511848e+03 6.508647e+03 6.517105e+03
16.2 6.548025e+03 6.515046e+03 6.504283e+03 6.537262e+03
17.2 6.521863e+03 6.505461e+03 6.498158e+03 6.514560e+03
18.2 6.437357e+03 6.498822e+03 6.498245e+03 6.436781e+03
19.2 6.427658e+03 6.497410e+03 6.501856e+03 6.432104e+03
20.2 6.472285e+03 6.497884e+03 6.505165e+03 6.479566e+03
0.8 6.499635e+03 6.523519e+03 6.507000e+03 6.483115e+03
1.8 6.557422e+03 6.525185e+03 6.503984e+03 6.536220e+03
2.8 6.574690e+03 6.512230e+03 6.498879e+03 6.561339e+03
3.8 6.517745e+03 6.504424e+03 6.499497e+03 6.512819e+03
4.8 6.502363e+03 6.511191e+03 6.503039e+03 6.494210e+03
5.8 6.509116e+03 6.516648e+03 6.506027e+03 6.498496e+03
6.8 6.478698e+03 6.508173e+03 6.507754e+03 6.478279e+03
7.8 6.412831e+03 6.500193e+03 6.508573e+03 6.421211e+03
8.8 6.483707e+03 6.500366e+03 6.508838e+03 6.492178e+03
9.8 6.520306e+03 6.511848e+03 6.508647e+03 6.517105e+03
10.8 6.548025e+03 6.515046e+03 6.504283e+03 6.537262e+03
11.8 6.521863e+03 6.505461e+03 6.498158e+03 6.514560e+03
12.8 6.437357e+03 6.498822e+03 6.498245e+03 6.436781e+03
13.8 6.427658e+03 6.497410e+03 6.501856e+03 6.432104e+03
14.8 6.472285e+03 6.497884e+03 6.505165e+03 6.479566e+03
15.8 6.518564e+03 6.498592e+03 6.507210e+03 6.527182e+03
16.8 6.515738e+03 6.498592e+03 6.508268e+03 6.525414e+03
17.8 6.482901e+03 6.493374e+03 6.508686e+03 6.498213e+03
18.8 6.415556e+03 6.484931e+03 6.508708e+03 6.439333e+03
19.8 6.445143e+03 6.479427e+03 6.508529e+03 6.474245e+03
20.8 6.509217e+03 6.480542e+03 6.508294e+03 6.536970e+03
0.8 6.520306e+03 6.511848e+03 6.508647e+03 6.517105e+03
1.8 6.548025e+03 6.515046e+03 6.504283e+03 6.537262e+03
2.8 6.521863e+03 6.505461e+03 6.498158e+03 6.514560e+03
3.8 6.437357e+03 6.498822e+03 6.498245e+03 6.436781e+03
4.8 6.427658e+03 6.497410e+03 6.501856e+03 6.432104e+03
5.8 6.472285e+03 6.497884e+03 6.505165e+03 6.479566e+03
6.8 6.518564e+03 6.498592e+03 6.507210e+03 6.527182e+03
7.8 6.515738e+03 6.498592e+03 6.508268e+03 6.525414e+03
8.8 6.482901e+03 6.493374e+03 6.508686e+03 6.498213e+03
9.8 6.415556e+03 6.484931e+03 6.508708e+03 6.439333e+03
10.8 6.445143e+03 6.479427e+03 6.508529e+03 6.474245e+03
11.8 6.509217e+03 6.480542e+03 6.508294e+03 6.536970e+03
12.8 6.461132e+03 6.490456e+03 6.508091e+03 6.478767e+03
13.8 6.394160e+03 6.503715e+03 6.507947e+03 6.398392e+03
14.8 6.433875e+03 6.511224e+03 6.507860e+03 6.430510e+03
15.8 6.461141e+03 6.506610e+03 6.507811e+03 6.462343e+03
16.8 6.453006e+03 6.507961e+03 6.507787e+03 6.452832e+03
17.8 6.520544e+03 6.515031e+03 6.507776e+03 6.513288e+03
18.8 6.550580e+03 6.509424e+03 6.507771e+03 6.548927e+03
19.8 6.545762e+03 6.501788e+03 6.507769e+03 6.551743e+03
20.8 6.512517e+03 6.505595e+03 6.507768e+03 6.514690e+03
0.2 6.512517e+03 6.505595e+03 6.507768e+03 6.514690e+03
1.2 6.518518e+03 6.515437e+03 6.506621e+03 6.509702e+03
2.2 6.522057e+03 6.510556e+03 6.500294e+03 6.511795e+03
3.2 6.455446e+03 6.504119e+03 6.497007e+03 6.448334e+03
4.2 6.458414e+03 6.514140e+03 6.499516e+03 6.443789e+03
5.2 6.482393e+03 6.531428e+03 6.503334e+03 6.454299e+03
6.2 6.522792e+03 6.532265e+03 6.502706e+03 6.493234e+03
7.2 6.498711e+03 6.514075e+03 6.498021e+03 6.482656e+03
8.2 6.397233e+03 6.493481e+03 6.498361e+03 6.402113e+03
9.2 6.424419e+03 6.478660e+03 6.502186e+03 6.447945e+03
10.2 6.430519e+03 6.472465e+03 6.505625e+03 6.463680e+03
11.2 6.442506e+03 6.473126e+03 6.507641e+03 6.477021e+03
12.2 6.473214e+03 6.481007e+03 6.508591e+03 6.500798e+03
13.2 6.527799e+03 6.493020e+03 6.508903e+03 6.543682e+03
14.2 6.569319e+03 6.505275e+03 6.508766e+03 6.572809e+03
15.2 6.538105e+03 6.507381e+03 6.504752e+03 6.535475e+03
16.2 6.520199e+03 6.500333e+03 6.498399e+03 6.518265e+03
17.2 6.493858e+03 6.497371e+03 6.498124e+03 6.494610e+03
18.2 6.502173e+03 6.501538e+03 6.501653e+03 6.502288e+03
19.2 6.537561e+03 6.508044e+03 6.504766e+03 6.534283e+03
20.2 6.564464e+03 6.505148e+03 6.502048e+03 6.561364e+03
0.7 6.482393e+03 6.531428e+03 6.503334e+03 6.454299e+03
1.7 6.522792e+03 6.532265e+03 6.502706e+03 6.493234e+03
2.7 6.498711e+03 6.514075e+03 6.498021e+03 6.482656e+03
3.7 6.397233e+03 6.493481e+03 6.498361e+03 6.402113e+03
4.7 6.424419e+03 6.478660e+03 6.502186e+03 6.447945e+03
5.7 6.430519e+03 6.472465e+03 6.505625e+03 6.463680e+03
6.7 6.442506e+03 6.473126e+03 6.507641e+03 6.477021e+03
7.7 6.473214e+03 6.481007e+03 6.508591e+03 6.500798e+03
8.7 6.527799e+03 6.493020e+03 6.508903e+03 6.543682e+03
9.7 6.569319e+03 6.505275e+03 6.508766e+03 6.572809e+03
10.7 6.538105e+03 6.507381e+03 6.504752e+03 6.535475e+03
11.7 6.520199e+03 6.500333e+03 6.498399e+03 6.518265e+03
12.7 6.493858e+03 6.497371e+03 6.498124e+03 6.494610e+03
13.7 6.502173e+03 6.501538e+03 6.501653e+03 6.502288e+03
14.7 6.537561e+03 6.508044e+03 6.504766e+03 6.534283e+03
15.7 6.564464e+03 6.505148e+03 6.502048e+03 6.561364e+03
16.7 6.550983e+03 6.497215e+03 6.497794e+03 6.551561e+03
17.7 6.516882e+03 6.494920e+03 6.499185e+03 6.521147e+03
18.7 6.471407e+03 6.496488e+03 6.503073e+03 6.477991e+03
19.7 6.485144e+03 6.498429e+03 6.506153e+03 6.492868e+03
20.7 6.535358e+03 6.501018e+03 6.507875e+03 6.542215e+03
0.7 6.569319e+03 6.505275e+03 6.508766e+03 6.572809e+03
1.7 6.538105e+03 6.507381e+03 6.504752e+03 6.535475e+03
2.7 6.520199e+03 6.500333e+03 6.498399e+03 6.518265e+03
3.7 6.493858e+03 6.497371e+03 6.498124e+03 6.494610e+03
4.7 6.502173e+03 6.501538e+03 6.501653e+03 6.502288e+03
5.7 6.537561e+03 6.508044e+03 6.504766e+03 6.534283e+03
6.7 6.564464e+03 6.505148e+03 6.502048e+03 6.561364e+03
7.7 6.550983e+03 6.497215e+03 6.497794e+03 6.551561e+03
8.7 6.516882e+03 6.494920e+03 6.499185e+03 6.521147e+03
9.7 6.471407e+03 6.496488e+03 6.503073e+03 6.477991e+03
10.7 6.485144e+03 6.498429e+03 6.506153e+03 6.492868e+03
11.7 6.535358e+03 6.501018e+03 6.507875e+03 6.542215e+03
12.7 6.520828e+03 6.505602e+03 6.508659e+03 6.523885e+03
13.7 6.485079e+03 6.503261e+03 6.508883e+03 6.490702e+03
14.7 6.451263e+03 6.496979e+03 6.508787e+03 6.463070e+03
15.7 6.495438e+03 6.498344e+03 6.508547e+03 6.505641e+03
16.7 6.535734e+03 6.511701e+03 6.508164e+03 6.532197e+03
17.7 6.587193e+03 6.516080e+03 6.503815e+03 6.574928e+03
18.7 6.548902e+03 6.506785e+03 6.497801e+03 6.539918e+03
19.7 6.482674e+03 6.501936e+03 6.498012e+03 6.478750e+03
20.7 6.505961e+03 6.512391e+03 6.501721e+03 6.495291e+03
0.9 6.537561e+03 6.508044e+03 6.504766e+03 6.534283e+03
1.9 6.564464e+03 6.505148e+03 6.502048e+03 6.561364e+03
2.9 6.550983e+03 6.497215e+03 6.497794e+03 6.551561e+03
3.9 6.516882e+03 6.494920e+03 6.499185e+03 6.521147e+03
4.9 6.471407e+03 6.496488e+03 6.503073e+03 6.477991e+03
5.9 6.485144e+03 6.498429e+03 6.506153e+03 6.492868e+03
6.9 6.535358e+03 6.501018e+03 6.507875e+03 6.542215e+03
7.9 6.520828e+03 6.505602e+03 6.508659e+03 6.523885e+03
8.9 6.485079e+03 6.503261e+03 6.508883e+03 6.490702e+03
9.9 6.451263e+03 6.496979e+03 6.508787e+03 6.463070e+03
10.9 6.495438e+03 6.498344e+03 6.508547e+03 6.505641e+03
11.9 6.535734e+03 6.511701e+03 6.508164e+03 6.532197e+03
12.9 6.587193e+03 6.516080e+03 6.503815e+03 6.574928e+03
13.9 6.548902e+03 6.506785e+03 6.497801e+03 6.539918e+03
14.9 6.482674e+03 6.501936e+03 6.498012e+03 6.478750e+03
15.9 6.505961e+03 6.512391e+03 6.501721e+03 6.495291e+03
16.9 6.500094e+03 6.530492e+03 6.505094e+03 6.474696e+03
17.9 6.520979e+03 6.534832e+03 6.507176e+03 6.493322e+03
18.9 6.558723e+03 6.521598e+03 6.508252e+03 6.545377e+03
19.9 6.583355e+03 6.518725e+03 6.508679e+03 6.573309e+03
20.9 6.542259e+03 6.525443e+03 6.508113e+03 6.524929e+03
0.8 6.535734e+03 6.511701e+03 6.508164e+03 6.532197e+03
1.8 6.587193e+03 6.516080e+03 6.503815e+03 6.574928e+03
2.8 6.548902e+03 6.506785e+03 6.497801e+03 6.539918e+03
3.8 6.482674e+03 6.501936e+03 6.498012e+03 6.478750e+03
4.8 6.505961e+03 6.512391e+03 6.501721e+03 6.495291e+03
5.8 6.500094e+03 6.530492e+03 6.505094e+03 6.474696e+03
6.8 6.520979e+03 6.534832e+03 6.507176e+03 6.493322e+03
7.8 6.558723e+03 6.521598e+03 6.508252e+03 6.545377e+03
8.8 6.583355e+03 6.518725e+03 6.508679e+03 6.573309e+03
9.8 6.542259e+03 6.525443e+03 6.508113e+03 6.524929e+03
10.8 6.525214e+03 6.517616e+03 6.502219e+03 6.509817e+03
11.8 6.431639e+03 6.499705e+03 6.497593e+03 6.429526e+03
12.8 6.401108e+03 6.485032e+03 6.498154e+03 6.414231e+03
13.8 6.432904e+03 6.476749e+03 6.495665e+03 6.451820e+03
14.8 6.475475e+03 6.477797e+03 6.495129e+03 6.492807e+03
15.8 6.498468e+03 6.485280e+03 6.499243e+03 6.512431e+03
16.8 6.548712e+03 6.492811e+03 6.503964e+03 6.559866e+03
17.8 6.565436e+03 6.495234e+03 6.507081e+03 6.577283e+03
18.8 6.522266e+03 6.489334e+03 6.508634e+03 6.541566e+03
19.8 6.488998e+03 6.481612e+03 6.508977e+03 6.516363e+03
20.8 6.489184e+03 6.477434e+03 6.504315e+03 6.516064e+03
0.1 6.583355e+03 6.518725e+03 6.508679e+03 6.573309e+03
1.1 6.542259e+03 6.525443e+03 6.508113e+03 6.524929e+03
2.1 6.525214e+03 6.517616e+03 6.502219e+03 6.509817e+03
3.1 6.431639e+03 6.499705e+03 6.497593e+03 6.429526e+03
4.1 6.401108e+03 6.485032e+03 6.498154e+03 6.414231e+03
5.1 6.432904e+03 6.476749e+03 6.495665e+03 6.451820e+03
6.1 6.475475e+03 6.477797e+03 6.495129e+03 6.492807e+03
7.1 6.498468e+03 6.485280e+03 6.499243e+03 6.512431e+03
8.1 6.548712e+03 6.492811e+03 6.503964e+03 6.559866e+03
9.1 6.565436e+03 6.495234e+03 6.507081e+03 6.577283e+03
10.1 6.522266e+03 6.489334e+03 6.508634e+03 6.541566e+03
11.1 6.488998e+03 6.481612e+03 6.508977e+03 6.516363e+03
12.1 6.489184e+03 6.477434e+03 6.504315e+03 6.516064e+03
13.1 6.462975e+03 6.480217e+03 6.498550e+03 6.481308e+03
14.1 6.390673e+03 6.492722e+03 6.498996e+03 6.396946e+03
15.1 6.418092e+03 6.502422e+03 6.502523e+03 6.418193e+03
16.1 6.461277e+03 6.500315e+03 6.505594e+03 6.466555e+03
17.1 6.513806e+03 6.497719e+03 6.507446e+03 6.523533e+03
18.1 6.517758e+03 6.498593e+03 6.508381e+03 6.527546e+03
19.1 6.515389e+03 6.503317e+03 6.508726e+03 6.520799e+03
20.1 6.519825e+03 6.518054e+03 6.508710e+03 6.510482e+03
0.2 6.431639e+03 6.499705e+03 6.497593e+03 6.429526e+03
1.2 6.401108e+03 6.485032e+03 6.498154e+03 6.414231e+03
2.2 6.432904e+03 6.476749e+03 6.495665e+03 6.451820e+03
3.2 6.475475e+03 6.477797e+03 6.495129e+03 6.492807e+03
4.2 6.498468e+03 6.485280e+03 6.499243e+03 6.512431e+03
5.2 6.548712e+03 6.492811e+03 6.503964e+03 6.559866e+03
6.2 6.565436e+03 6.495234e+03 6.507081e+03 6.577283e+03
7.2 6.522266e+03 6.489334e+03 6.508634e+03 6.541566e+03
8.2 6.488998e+03 6.481612e+03 6.508977e+03 6.516363e+03
9.2 6.489184e+03 6.477434e+03 6.504315e+03 6.516064e+03
10.2 6.462975e+03 6.480217e+03 6.498550e+03 6.481308e+03
11.2 6.390673e+03 6.492722e+03 6.498996e+03 6.396946e+03
12.2 6.418092e+03 6.502422e+03 6.502523e+03 6.418193e+03
13.2 6.461277e+03 6.500315e+03 6.505594e+03 6.466555e+03
14.2 6.513806e+03 6.497719e+03 6.507446e+03 6.523533e+03
15.2 6.517758e+03 6.498593e+03 6.508381e+03 6.527546e+03
16.2 6.515389e+03 6.503317e+03 6.508726e+03 6.520799e+03
17.2 6.519825e+03 6.518054e+03 6.508710e+03 6.510482e+03
18.2 6.581196e+03 6.530228e+03 6.507367e+03 6.558336e+03
19.2 6.581383e+03 6.521471e+03 6.500803e+03 6.560715e+03
20.2 6.515774e+03 6.507359e+03 6.497316e+03 6.505731e+03
0.9 6.488998e+03 6.481612e+03 6.508977e+03 6.516363e+03
1.9 6.489184e+03 6.477434e+03 6.504315e+03 6.516064e+03
2.9 6.462975e+03 6.480217e+03 6.498550e+03 6.481308e+03
3.9 6.390673e+03 6.492722e+03 6.498996e+03 6.396946e+03
4.9 6.418092e+03 6.502422e+03 6.502523e+03 6.418193e+03
5.9 6.461277e+03 6.500315e+03 6.505594e+03 6.466555e+03
6.9 6.513806e+03 6.497719e+03 6.507446e+03 6.523533e+03
7.9 6.517758e+03 6.498593e+03 6.508381e+03 6.527546e+03
8.9 6.515389e+03 6.503317e+03 6.508726e+03 6.520799e+03
9.9 6.519825e+03 6.518054e+03 6.508710e+03 6.510482e+03
10.9 6.581196e+03 6.530228e+03 6.507367e+03 6.558336e+03
11.9 6.581383e+03 6.521471e+03 6.500803e+03 6.560715e+03
12.9 6.515774e+03 6.507359e+03 6.497316e+03 6.505731e+03
13.9 6.430077e+03 6.500189e+03 6.499686e+03 6.429574e+03
14.9 6.476338e+03 6.498021e+03 6.503473e+03 6.481791e+03
15.9 6.479694e+03 6.497687e+03 6.506226e+03 6.488233e+03
16.9 6.497091e+03 6.498074e+03 6.507781e+03 6.506798e+03
17.9 6.500919e+03 6.502343e+03 6.508517e+03 6.507093e+03
18.9 6.543211e+03 6.514808e+03 6.508730e+03 6.537134e+03
19.9 6.537199e+03 6.516407e+03 6.508640e+03 6.529432e+03
20.9 6.512586e+03 6.506826e+03 6.508421e+03 6.514181e+03
0.2 6.519825e+03 6.518054e+03 6.508710e+03 6.510482e+03
1.2 6.581196e+03 6.530228e+03 6.507367e+03 6.558336e+03
2.2 6.581383e+03 6.521471e+03 6.500803e+03 6.560715e+03
3.2 6.515774e+03 6.507359e+03 6.497316e+03 6.505731e+03
4.2 6.430077e+03 6.500189e+03 6.499686e+03 6.429574e+03
5.2 6.476338e+03 6.498021e+03 6.503473e+03 6.481791e+03
6.2 6.479694e+03 6.497687e+03 6.506226e+03 6.488233e+03
7.2 6.497091e+03 6.498074e+03 6.507781e+03 6.506798e+03
8.2 6.500919e+03 6.502343e+03 6.508517e+03 6.507093e+03
9.2 6.543211e+03 6.514808e+03 6.508730e+03 6.537134e+03
10.2 6.537199e+03 6.516407e+03 6.508640e+03 6.529432e+03
11.2 6.512586e+03 6.506826e+03 6.508421e+03 6.514181e+03
12.2 6.479728e+03 6.501287e+03 6.508195e+03 6.486635e+03
13.2 6.495489e+03 6.503900e+03 6.508018e+03 6.499607e+03
14.2 6.548287e+03 6.507462e+03 6.506965e+03 6.547790e+03
15.2 6.536016e+03 6.501090e+03 6.500737e+03 6.535663e+03
16.2 6.493010e+03 6.494353e+03 6.497035e+03 6.495692e+03
17.2 6.484330e+03 6.493897e+03 6.499309e+03 6.489742e+03
18.2 6.489459e+03 6.496171e+03 6.503192e+03 6.496480e+03
19.2 6.486862e+03 6.498268e+03 6.506063e+03 6.494658e+03
20.2 6.483025e+03 6.499642e+03 6.507700e+03 6.491083e+03
0.2 6.495489e+03 6.503900e+03 6.508018e+03 6.499607e+03
1.2 6.548287e+03 6.507462e+03 6.506965e+03 6.547790e+03
2.2 6.536016e+03 6.501090e+03 6.500737e+03 6.535663e+03
3.2 6.493010e+03 6.494353e+03 6.497035e+03 6.495692e+03
4.2 6.484330e+03 6.493897e+03 6.499309e+03 6.489742e+03
5.2 6.489459e+03 6.496171e+03 6.503192e+03 6.496480e+03
6.2 6.486862e+03 6.498268e+03 6.506063e+03 6.494658e+03
7.2 6.483025e+03 6.499642e+03 6.507700e+03 6.491083e+03
8.2 6.505751e+03 6.501516e+03 6.508483e+03 6.512717e+03
9.2 6.550765e+03 6.505757e+03 6.508544e+03 6.553552e+03
10.2 6.547958e+03 6.503461e+03 6.503978e+03 6.548475e+03
11.2 6.512500e+03 6.496191e+03 6.498136e+03 6.514445e+03
12.2 6.461471e+03 6.494180e+03 6.498536e+03 6.465827e+03
13.2 6.467976e+03 6.496623e+03 6.502163e+03 6.473516e+03
14.2 6.507527e+03 6.506947e+03 6.505368e+03 6.505948e+03
15.2 6.535354e+03 6.518163e+03 6.505811e+03 6.523002e+03
16.2 6.514660e+03 6.512435e+03 6.500306e+03 6.502531e+03
17.2 6.470690e+03 6.502728e+03 6.497983e+03 6.465945e+03
18.2 6.465041e+03 6.495008e+03 6.500788e+03 6.470821e+03
19.2 6.488568e+03 6.485019e+03 6.504429e+03 6.507979e+03
20.2 6.520516e+03 6.477183e+03 6.506285e+03 6.549618e+03
0.8 6.550765e+03 6.505757e+03 6.508544e+03 6.553552e+03
1.8 6.547958e+03 6.503461e+03 6.503978e+03 6.548475e+03
2.8 6.512500e+03 6.496191e+03 6.498136e+03 6.514445e+03
3.8 6.461471e+03 6.494180e+03 6.498536e+03 6.465827e+03
4.8 6.467976e+03 6.496623e+03 6.502163e+03 6.473516e+03
5.8 6.507527e+03 6.506947e+03 6.505368e+03 6.505948e+03
6.8 6.535354e+03 6.518163e+03 6.505811e+03 6.523002e+03
7.8 6.514660e+03 6.512435e+03 6.500306e+03 6.502531e+03
8.8 6.470690e+03 6.502728e+03 6.497983e+03 6.465945e+03
9.8 6.465041e+03 6.495008e+03 6.500788e+03 6.470821e+03
10.8 6.488568e+03 6.485019e+03 6.504429e+03 6.507979e+03
11.8 6.520516e+03 6.477183e+03 6.506285e+03 6.549618e+03
12.8 6.542563e+03 6.473916e+03 6.501860e+03 6.570507e+03
13.8 6.520289e+03 6.478153e+03 6.498017e+03 6.540152e+03
14.8 6.500401e+03 6.495737e+03 6.499919e+03 6.504582e+03
15.8 6.499390e+03 6.513323e+03 6.503670e+03 6.489737e+03
16.8 6.513736e+03 6.512003e+03 6.506453e+03 6.508186e+03
17.8 6.460051e+03 6.505104e+03 6.507979e+03 6.462927e+03
18.8 6.445417e+03 6.501828e+03 6.508666e+03 6.452255e+03
19.8 6.471339e+03 6.500883e+03 6.508844e+03 6.479300e+03
20.8 6.480643e+03 6.500487e+03 6.508730e+03 6.488886e+03
0.3 6.507527e+03 6.506947e+03 6.505368e+03 6.505948e+03
1.3 6.535354e+03 6.518163e+03 6.505811e+03 6.523002e+03
2.3 6.514660e+03 6.512435e+03 6.500306e+03 6.502531e+03
3.3 6.470690e+03 6.502728e+03 6.497983e+03 6.465945e+03
4.3 6.465041e+03 6.495008e+03 6.500788e+03 6.470821e+03
5.3 6.488568e+03 6.485019e+03 6.504429e+03 6.507979e+03
6.3 6.520516e+03 6.477183e+03 6.506285e+03 6.549618e+03
7.3 6.542563e+03 6.473916e+03 6.501860e+03 6.570507e+03
8.3 6.520289e+03 6.478153e+03 6.498017e+03 6.540152e+03
9.3 6.500401e+03 6.495737e+03 6.499919e+03 6.504582e+03
10.3 6.499390e+03 6.513323e+03 6.503670e+03 6.489737e+03
11.3 6.513736e+03 6.512003e+03 6.506453e+03 6.508186e+03
12.3 6.460051e+03 6.505104e+03 6.507979e+03 6.462927e+03
13.3 6.445417e+03 6.501828e+03 6.508666e+03 6.452255e+03
14.3 6.471339e+03 6.500883e+03 6.508844e+03 6.479300e+03
15.3 6.480643e+03 6.500487e+03 6.508730e+03 6.488886e+03
16.3 6.503710e+03 6.500287e+03 6.508490e+03 6.511912e+03
17.3 6.497231e+03 6.500301e+03 6.508243e+03 6.505172e+03
0.1 6.488568e+03 6.485019e+03 6.504429e+03 6.507979e+03
1.1 6.520516e+03 6.477183e+03 6.506285e+03 6.549618e+03
2.1 6.542563e+03 6.473916e+03 6.501860e+03 6.570507e+03
3.1 6.520289e+03 6.478153e+03 6.498017e+03 6.540152e+03
4.1 6.500401e+03 6.495737e+03 6.499919e+03 6.504582e+03
5.1 6.499390e+03 6.513323e+03 6.503670e+03 6.489737e+03
6.1 6.513736e+03 6.512003e+03 6.506453e+03 6.508186e+03
7.1 6.460051e+03 6.505104e+03 6.507979e+03 6.462927e+03
8.1 6.445417e+03 6.501828e+03 6.508666e+03 6.452255e+03
9.1 6.471339e+03 6.500883e+03 6.508844e+03 6.479300e+03
10.1 6.480643e+03 6.500487e+03 6.508730e+03 6.488886e+03
11.1 6.503710e+03 6.500287e+03 6.508490e+03 6.511912e+03
12.1 6.497231e+03 6.500301e+03 6.508243e+03 6.505172e+03
