0.3 8.928640e+03 8.886698e+03 8.872818e+03 8.914759e+03
1.3 8.857920e+03 8.877118e+03 8.873963e+03 8.854765e+03
2.3 8.864206e+03 8.874612e+03 8.882635e+03 8.872229e+03
3.3 8.939076e+03 8.881386e+03 8.896652e+03 8.954343e+03
4.3 8.909874e+03 8.886668e+03 8.902631e+03 8.925837e+03
5.3 8.927870e+03 8.887674e+03 8.895799e+03 8.935996e+03
6.3 8.931511e+03 8.879924e+03 8.885223e+03 8.936810e+03
7.3 8.886853e+03 8.868505e+03 8.877245e+03 8.895593e+03
8.3 8.874812e+03 8.859794e+03 8.872677e+03 8.887695e+03
9.3 8.868064e+03 8.855052e+03 8.870562e+03 8.883575e+03
10.3 8.845030e+03 8.853221e+03 8.870030e+03 8.861839e+03
11.3 8.848071e+03 8.856238e+03 8.873527e+03 8.865360e+03
12.3 8.857555e+03 8.868346e+03 8.885620e+03 8.874829e+03
13.3 8.878078e+03 8.880428e+03 8.894998e+03 8.892648e+03
14.3 8.882940e+03 8.886970e+03 8.892246e+03 8.888217e+03
15.3 8.914964e+03 8.884803e+03 8.886610e+03 8.916771e+03
16.3 8.889572e+03 8.883382e+03 8.889080e+03 8.895270e+03
17.3 8.939215e+03 8.877233e+03 8.889751e+03 8.951734e+03
18.3 8.858503e+03 8.865752e+03 8.884000e+03 8.876750e+03
19.3 8.847444e+03 8.859481e+03 8.877426e+03 8.865389e+03
20.3 8.857479e+03 8.867452e+03 8.873208e+03 8.863235e+03
21.3 8.899955e+03 8.883077e+03 8.871221e+03 8.888098e+03
0.7 8.845030e+03 8.853221e+03 8.870030e+03 8.861839e+03
1.7 8.848071e+03 8.856238e+03 8.873527e+03 8.865360e+03
2.7 8.857555e+03 8.868346e+03 8.885620e+03 8.874829e+03
3.7 8.878078e+03 8.880428e+03 8.894998e+03 8.892648e+03
4.7 8.882940e+03 8.886970e+03 8.892246e+03 8.888217e+03
5.7 8.914964e+03 8.884803e+03 8.886610e+03 8.916771e+03
6.7 8.889572e+03 8.883382e+03 8.889080e+03 8.895270e+03
7.7 8.939215e+03 8.877233e+03 8.889751e+03 8.951734e+03
8.7 8.858503e+03 8.865752e+03 8.884000e+03 8.876750e+03
9.7 8.847444e+03 8.859481e+03 8.877426e+03 8.865389e+03
10.7 8.857479e+03 8.867452e+03 8.873208e+03 8.863235e+03
11.7 8.899955e+03 8.883077e+03 8.871221e+03 8.888098e+03
12.7 8.922018e+03 8.887520e+03 8.870590e+03 8.905087e+03
13.7 8.868579e+03 8.879372e+03 8.870685e+03 8.859892e+03
14.7 8.867271e+03 8.884475e+03 8.871116e+03 8.853912e+03
15.7 8.868338e+03 8.902122e+03 8.871628e+03 8.837844e+03
16.7 8.890472e+03 8.910497e+03 8.872072e+03 8.852047e+03
17.7 8.887573e+03 8.904604e+03 8.872392e+03 8.855361e+03
18.7 8.845970e+03 8.887815e+03 8.872594e+03 8.830749e+03
19.7 8.836469e+03 8.871419e+03 8.872709e+03 8.837758e+03
20.7 8.890695e+03 8.868141e+03 8.872768e+03 8.895322e+03
21.7 8.900336e+03 8.877024e+03 8.872797e+03 8.896109e+03
0.5 8.882940e+03 8.886970e+03 8.892246e+03 8.888217e+03
1.5 8.914964e+03 8.884803e+03 8.886610e+03 8.916771e+03
2.5 8.889572e+03 8.883382e+03 8.889080e+03 8.895270e+03
3.5 8.939215e+03 8.877233e+03 8.889751e+03 8.951734e+03
4.5 8.858503e+03 8.865752e+03 8.884000e+03 8.876750e+03
5.5 8.847444e+03 8.859481e+03 8.877426e+03 8.865389e+03
6.5 8.857479e+03 8.867452e+03 8.873208e+03 8.863235e+03
7.5 8.899955e+03 8.883077e+03 8.871221e+03 8.888098e+03
8.5 8.922018e+03 8.887520e+03 8.870590e+03 8.905087e+03
9.5 8.868579e+03 8.879372e+03 8.870685e+03 8.859892e+03
10.5 8.867271e+03 8.884475e+03 8.871116e+03 8.853912e+03
11.5 8.868338e+03 8.902122e+03 8.871628e+03 8.837844e+03
12.5 8.890472e+03 8.910497e+03 8.872072e+03 8.852047e+03
13.5 8.887573e+03 8.904604e+03 8.872392e+03 8.855361e+03
14.5 8.845970e+03 8.887815e+03 8.872594e+03 8.830749e+03
15.5 8.836469e+03 8.871419e+03 8.872709e+03 8.837758e+03
16.5 8.890695e+03 8.868141e+03 8.872768e+03 8.895322e+03
17.5 8.900336e+03 8.877024e+03 8.872797e+03 8.896109e+03
18.5 8.883920e+03 8.881868e+03 8.872809e+03 8.874861e+03
19.5 8.850858e+03 8.873050e+03 8.872814e+03 8.850622e+03
20.5 8.822473e+03 8.862134e+03 8.872816e+03 8.833155e+03
21.5 8.883609e+03 8.861039e+03 8.872818e+03 8.895388e+03
0.2 8.890887e+03 8.857558e+03 8.872818e+03 8.906146e+03
1.2 8.861932e+03 8.855166e+03 8.873661e+03 8.880427e+03
2.2 8.867031e+03 8.862099e+03 8.881541e+03 8.886474e+03
3.2 8.890743e+03 8.874294e+03 8.893673e+03 8.910123e+03
4.2 8.835397e+03 8.875101e+03 8.895769e+03 8.856065e+03
5.2 8.883493e+03 8.870468e+03 8.892373e+03 8.905398e+03
6.2 8.885148e+03 8.872884e+03 8.893813e+03 8.906078e+03
7.2 8.870663e+03 8.870085e+03 8.891185e+03 8.891763e+03
8.2 8.882111e+03 8.862251e+03 8.883578e+03 8.903438e+03
9.2 8.911289e+03 8.856903e+03 8.876612e+03 8.930997e+03
10.2 8.861055e+03 8.854822e+03 8.872485e+03 8.878718e+03
11.2 8.889978e+03 8.854706e+03 8.870675e+03 8.905947e+03
12.2 8.872030e+03 8.862003e+03 8.870236e+03 8.880263e+03
13.2 8.924477e+03 8.879746e+03 8.870503e+03 8.915234e+03
14.2 8.892739e+03 8.887516e+03 8.871056e+03 8.876279e+03
15.2 8.860746e+03 8.880177e+03 8.871632e+03 8.852201e+03
16.2 8.889636e+03 8.880184e+03 8.872098e+03 8.881550e+03
17.2 8.901061e+03 8.885572e+03 8.872418e+03 8.887907e+03
18.2 8.910995e+03 8.878712e+03 8.872613e+03 8.904896e+03
19.2 8.884098e+03 8.867547e+03 8.872720e+03 8.889270e+03
20.2 8.867026e+03 8.868665e+03 8.872774e+03 8.871135e+03
21.2 8.907893e+03 8.877087e+03 8.872799e+03 8.903604e+03
0.8 8.835397e+03 8.875101e+03 8.895769e+03 8.856065e+03
1.8 8.883493e+03 8.870468e+03 8.892373e+03 8.905398e+03
2.8 8.885148e+03 8.872884e+03 8.893813e+03 8.906078e+03
3.8 8.870663e+03 8.870085e+03 8.891185e+03 8.891763e+03
4.8 8.882111e+03 8.862251e+03 8.883578e+03 8.903438e+03
5.8 8.911289e+03 8.856903e+03 8.876612e+03 8.930997e+03
6.8 8.861055e+03 8.854822e+03 8.872485e+03 8.878718e+03
7.8 8.889978e+03 8.854706e+03 8.870675e+03 8.905947e+03
8.8 8.872030e+03 8.862003e+03 8.870236e+03 8.880263e+03
9.8 8.924477e+03 8.879746e+03 8.870503e+03 8.915234e+03
10.8 8.892739e+03 8.887516e+03 8.871056e+03 8.876279e+03
11.8 8.860746e+03 8.880177e+03 8.871632e+03 8.852201e+03
12.8 8.889636e+03 8.880184e+03 8.872098e+03 8.881550e+03
13.8 8.901061e+03 8.885572e+03 8.872418e+03 8.887907e+03
14.8 8.910995e+03 8.878712e+03 8.872613e+03 8.904896e+03
15.8 8.884098e+03 8.867547e+03 8.872720e+03 8.889270e+03
16.8 8.867026e+03 8.868665e+03 8.872774e+03 8.871135e+03
17.8 8.907893e+03 8.877087e+03 8.872799e+03 8.903604e+03
18.8 8.920310e+03 8.874608e+03 8.872811e+03 8.918512e+03
19.8 8.864998e+03 8.870534e+03 8.872815e+03 8.867279e+03
20.8 8.882622e+03 8.879098e+03 8.872817e+03 8.876341e+03
21.8 8.857658e+03 8.889257e+03 8.872818e+03 8.841219e+03
0.5 8.857275e+03 8.875867e+03 8.872832e+03 8.854241e+03
1.5 8.853815e+03 8.864626e+03 8.875275e+03 8.864464e+03
2.5 8.896813e+03 8.868479e+03 8.886144e+03 8.914479e+03
3.5 8.910104e+03 8.878933e+03 8.899518e+03 8.930688e+03
4.5 8.865354e+03 8.879246e+03 8.901823e+03 8.887930e+03
5.5 8.849935e+03 8.868738e+03 8.893058e+03 8.874254e+03
6.5 8.835321e+03 8.860312e+03 8.882826e+03 8.857835e+03
7.5 8.825276e+03 8.865077e+03 8.875776e+03 8.835975e+03
8.5 8.821017e+03 8.882696e+03 8.871941e+03 8.810262e+03
9.5 8.848021e+03 8.894588e+03 8.870298e+03 8.823732e+03
10.5 8.868229e+03 8.886706e+03 8.870003e+03 8.851526e+03
11.5 8.809895e+03 8.880581e+03 8.870426e+03 8.799739e+03
12.5 8.876425e+03 8.885898e+03 8.871095e+03 8.861622e+03
13.5 8.860396e+03 8.880139e+03 8.871723e+03 8.851979e+03
14.5 8.867236e+03 8.867338e+03 8.872189e+03 8.872088e+03
15.5 8.900048e+03 8.858874e+03 8.873088e+03 8.914262e+03
16.5 8.865938e+03 8.861845e+03 8.880350e+03 8.884442e+03
17.5 8.882469e+03 8.872906e+03 8.892812e+03 8.902374e+03
18.5 8.884457e+03 8.874365e+03 8.895973e+03 8.906065e+03
19.5 8.827103e+03 8.866080e+03 8.889199e+03 8.850221e+03
20.5 8.841532e+03 8.860298e+03 8.881016e+03 8.862250e+03
21.5 8.864595e+03 8.865493e+03 8.875379e+03 8.874481e+03
0.1 8.867236e+03 8.867338e+03 8.872189e+03 8.872088e+03
1.1 8.900048e+03 8.858874e+03 8.873088e+03 8.914262e+03
2.1 8.865938e+03 8.861845e+03 8.880350e+03 8.884442e+03
3.1 8.882469e+03 8.872906e+03 8.892812e+03 8.902374e+03
4.1 8.884457e+03 8.874365e+03 8.895973e+03 8.906065e+03
5.1 8.827103e+03 8.866080e+03 8.889199e+03 8.850221e+03
6.1 8.841532e+03 8.860298e+03 8.881016e+03 8.862250e+03
7.1 8.864595e+03 8.865493e+03 8.875379e+03 8.874481e+03
8.1 8.850743e+03 8.875695e+03 8.872291e+03 8.847339e+03
9.1 8.861264e+03 8.882134e+03 8.870928e+03 8.850057e+03
10.1 8.858131e+03 8.877597e+03 8.870641e+03 8.851175e+03
11.1 8.882311e+03 8.870586e+03 8.870941e+03 8.882666e+03
12.1 8.879613e+03 8.872667e+03 8.871456e+03 8.878402e+03
13.1 8.843906e+03 8.872289e+03 8.871948e+03 8.843566e+03
14.1 8.830985e+03 8.864365e+03 8.872318e+03 8.838938e+03
15.1 8.869961e+03 8.857733e+03 8.872554e+03 8.884782e+03
16.1 8.908178e+03 8.854857e+03 8.872689e+03 8.926009e+03
17.1 8.904328e+03 8.854169e+03 8.872759e+03 8.922918e+03
18.1 8.833088e+03 8.854374e+03 8.872792e+03 8.851506e+03
19.1 8.790095e+03 8.856583e+03 8.872807e+03 8.806319e+03
20.1 8.853665e+03 8.871613e+03 8.872814e+03 8.854866e+03
21.1 8.904573e+03 8.893895e+03 8.872816e+03 8.883495e+03
0.1 8.913771e+03 8.902205e+03 8.872818e+03 8.884383e+03
1.1 8.925729e+03 8.899720e+03 8.873350e+03 8.899360e+03
2.1 8.930961e+03 8.894277e+03 8.879910e+03 8.916595e+03
3.1 8.928327e+03 8.889663e+03 8.888315e+03 8.926979e+03
4.1 8.858743e+03 8.886564e+03 8.887854e+03 8.860033e+03
5.1 8.824040e+03 8.878156e+03 8.882508e+03 8.828393e+03
6.1 8.814983e+03 8.872224e+03 8.882972e+03 8.825732e+03
7.1 8.851731e+03 8.872450e+03 8.888937e+03 8.868218e+03
8.1 8.807864e+03 8.866380e+03 8.887992e+03 8.829476e+03
9.1 8.815951e+03 8.860917e+03 8.881823e+03 8.836856e+03
10.1 8.864809e+03 8.869280e+03 8.876227e+03 8.871756e+03
11.1 8.842454e+03 8.884240e+03 8.872929e+03 8.831143e+03
12.1 8.891944e+03 8.886441e+03 8.871398e+03 8.876901e+03
13.1 8.884342e+03 8.878515e+03 8.870923e+03 8.876749e+03
14.1 8.977044e+03 8.885825e+03 8.871038e+03 8.962258e+03
15.1 8.955109e+03 8.903649e+03 8.871427e+03 8.922888e+03
16.1 8.917484e+03 8.910696e+03 8.871868e+03 8.878656e+03
17.1 8.998718e+03 8.903508e+03 8.872237e+03 8.967447e+03
18.1 8.889914e+03 8.886697e+03 8.872495e+03 8.875712e+03
19.1 8.869221e+03 8.878160e+03 8.872652e+03 8.863713e+03
20.1 8.851384e+03 8.884450e+03 8.872739e+03 8.839672e+03
21.1 8.838284e+03 8.883860e+03 8.872782e+03 8.827207e+03
1.0 8.824040e+03 8.878156e+03 8.882508e+03 8.828393e+03
2.0 8.814983e+03 8.872224e+03 8.882972e+03 8.825732e+03
3.0 8.851731e+03 8.872450e+03 8.888937e+03 8.868218e+03
4.0 8.807864e+03 8.866380e+03 8.887992e+03 8.829476e+03
5.0 8.815951e+03 8.860917e+03 8.881823e+03 8.836856e+03
6.0 8.864809e+03 8.869280e+03 8.876227e+03 8.871756e+03
7.0 8.842454e+03 8.884240e+03 8.872929e+03 8.831143e+03
8.0 8.891944e+03 8.886441e+03 8.871398e+03 8.876901e+03
9.0 8.884342e+03 8.878515e+03 8.870923e+03 8.876749e+03
10.0 8.977044e+03 8.885825e+03 8.871038e+03 8.962258e+03
11.0 8.955109e+03 8.903649e+03 8.871427e+03 8.922888e+03
12.0 8.917484e+03 8.910696e+03 8.871868e+03 8.878656e+03
13.0 8.998718e+03 8.903508e+03 8.872237e+03 8.967447e+03
14.0 8.889914e+03 8.886697e+03 8.872495e+03 8.875712e+03
15.0 8.869221e+03 8.878160e+03 8.872652e+03 8.863713e+03
16.0 8.851384e+03 8.884450e+03 8.872739e+03 8.839672e+03
17.0 8.838284e+03 8.883860e+03 8.872782e+03 8.827207e+03
18.0 8.840372e+03 8.871133e+03 8.872803e+03 8.842042e+03
19.0 8.816387e+03 8.860976e+03 8.872812e+03 8.828222e+03
20.0 8.806096e+03 8.866362e+03 8.872815e+03 8.812550e+03
21.0 8.848658e+03 8.881536e+03 8.872817e+03 8.839939e+03
22.0 8.880022e+03 8.882673e+03 8.872818e+03 8.870167e+03
0.4 8.859969e+03 8.892332e+03 8.872819e+03 8.840456e+03
1.4 8.864482e+03 8.894433e+03 8.874330e+03 8.844380e+03
2.4 8.836082e+03 8.893998e+03 8.883736e+03 8.825820e+03
3.4 8.832601e+03 8.892270e+03 8.895181e+03 8.835512e+03
4.4 8.851222e+03 8.880866e+03 8.895265e+03 8.865621e+03
5.4 8.890684e+03 8.875060e+03 8.887341e+03 8.902964e+03
6.4 8.914238e+03 8.881605e+03 8.879504e+03 8.912137e+03
7.4 8.975521e+03 8.877291e+03 8.874465e+03 8.972695e+03
8.4 8.973035e+03 8.865803e+03 8.871820e+03 8.979052e+03
9.4 8.923261e+03 8.857688e+03 8.870750e+03 8.936322e+03
10.4 8.848318e+03 8.854241e+03 8.870642e+03 8.864720e+03
11.4 8.854140e+03 8.860020e+03 8.871029e+03 8.865149e+03
12.4 8.829531e+03 8.881933e+03 8.871562e+03 8.819161e+03
13.4 8.857818e+03 8.904295e+03 8.872037e+03 8.825560e+03
14.4 8.838768e+03 8.902900e+03 8.872379e+03 8.808246e+03
15.4 8.891148e+03 8.889268e+03 8.872591e+03 8.874472e+03
16.4 8.950953e+03 8.889030e+03 8.872709e+03 8.934632e+03
17.4 8.934458e+03 8.893600e+03 8.872769e+03 8.913626e+03
18.4 8.883974e+03 8.892761e+03 8.872797e+03 8.864010e+03
19.4 8.897734e+03 8.882119e+03 8.872809e+03 8.888425e+03
20.4 8.877017e+03 8.868654e+03 8.872814e+03 8.881177e+03
21.4 8.861302e+03 8.861937e+03 8.872817e+03 8.872181e+03
