0.5 1.151835e+03 1.148540e+03 1.148091e+03 1.151386e+03
1.5 1.147206e+03 1.152672e+03 1.148520e+03 1.143054e+03
2.5 1.152286e+03 1.152717e+03 1.149543e+03 1.149113e+03
3.5 1.154544e+03 1.149078e+03 1.149724e+03 1.155191e+03
4.5 1.137082e+03 1.144454e+03 1.149189e+03 1.141817e+03
5.5 1.148267e+03 1.143409e+03 1.148616e+03 1.153473e+03
6.5 1.147855e+03 1.144230e+03 1.148241e+03 1.151867e+03
7.5 1.154831e+03 1.144343e+03 1.148041e+03 1.158529e+03
8.5 1.164419e+03 1.144049e+03 1.147954e+03 1.168324e+03
9.5 1.139991e+03 1.145359e+03 1.147938e+03 1.142570e+03
10.5 1.137715e+03 1.151110e+03 1.147961e+03 1.134566e+03
11.5 1.136832e+03 1.157651e+03 1.148017e+03 1.127198e+03
12.5 1.157097e+03 1.158875e+03 1.148702e+03 1.146924e+03
13.5 1.158337e+03 1.155181e+03 1.149650e+03 1.152806e+03
14.5 1.166050e+03 1.150456e+03 1.149619e+03 1.165213e+03
15.5 1.156417e+03 1.150210e+03 1.149037e+03 1.155245e+03
16.5 1.175444e+03 1.154184e+03 1.148536e+03 1.169796e+03
17.5 1.157944e+03 1.155333e+03 1.148916e+03 1.151526e+03
18.5 1.151339e+03 1.152461e+03 1.149632e+03 1.148509e+03
19.5 1.124824e+03 1.148735e+03 1.149466e+03 1.125555e+03
20.5 1.134855e+03 1.148443e+03 1.148863e+03 1.135275e+03
0.8 1.136832e+03 1.157651e+03 1.148017e+03 1.127198e+03
1.8 1.157097e+03 1.158875e+03 1.148702e+03 1.146924e+03
2.8 1.158337e+03 1.155181e+03 1.149650e+03 1.152806e+03
3.8 1.166050e+03 1.150456e+03 1.149619e+03 1.165213e+03
4.8 1.156417e+03 1.150210e+03 1.149037e+03 1.155245e+03
5.8 1.175444e+03 1.154184e+03 1.148536e+03 1.169796e+03
6.8 1.157944e+03 1.155333e+03 1.148916e+03 1.151526e+03
7.8 1.151339e+03 1.152461e+03 1.149632e+03 1.148509e+03
8.8 1.124824e+03 1.148735e+03 1.149466e+03 1.125555e+03
9.8 1.134855e+03 1.148443e+03 1.148863e+03 1.135275e+03
10.8 1.139705e+03 1.151275e+03 1.148369e+03 1.136799e+03
11.8 1.146858e+03 1.152813e+03 1.148414e+03 1.142459e+03
12.8 1.147726e+03 1.151487e+03 1.149320e+03 1.145558e+03
13.8 1.154000e+03 1.148529e+03 1.149582e+03 1.155052e+03
14.8 1.136302e+03 1.145745e+03 1.149101e+03 1.139658e+03
15.8 1.127450e+03 1.143970e+03 1.148548e+03 1.132028e+03
16.8 1.130843e+03 1.143118e+03 1.148190e+03 1.135915e+03
17.8 1.134558e+03 1.142884e+03 1.148007e+03 1.139681e+03
18.8 1.124795e+03 1.144023e+03 1.147932e+03 1.128704e+03
19.8 1.144462e+03 1.148003e+03 1.147924e+03 1.144382e+03
20.8 1.151845e+03 1.151394e+03 1.148232e+03 1.148683e+03
0.8 1.175444e+03 1.154184e+03 1.148536e+03 1.169796e+03
1.8 1.157944e+03 1.155333e+03 1.148916e+03 1.151526e+03
2.8 1.151339e+03 1.152461e+03 1.149632e+03 1.148509e+03
3.8 1.124824e+03 1.148735e+03 1.149466e+03 1.125555e+03
4.8 1.134855e+03 1.148443e+03 1.148863e+03 1.135275e+03
5.8 1.139705e+03 1.151275e+03 1.148369e+03 1.136799e+03
6.8 1.146858e+03 1.152813e+03 1.148414e+03 1.142459e+03
7.8 1.147726e+03 1.151487e+03 1.149320e+03 1.145558e+03
8.8 1.154000e+03 1.148529e+03 1.149582e+03 1.155052e+03
9.8 1.136302e+03 1.145745e+03 1.149101e+03 1.139658e+03
10.8 1.127450e+03 1.143970e+03 1.148548e+03 1.132028e+03
11.8 1.130843e+03 1.143118e+03 1.148190e+03 1.135915e+03
12.8 1.134558e+03 1.142884e+03 1.148007e+03 1.139681e+03
13.8 1.124795e+03 1.144023e+03 1.147932e+03 1.128704e+03
14.8 1.144462e+03 1.148003e+03 1.147924e+03 1.144382e+03
15.8 1.151845e+03 1.151394e+03 1.148232e+03 1.148683e+03
16.8 1.144736e+03 1.151574e+03 1.149304e+03 1.142466e+03
17.8 1.160012e+03 1.150135e+03 1.149704e+03 1.159581e+03
18.8 1.157718e+03 1.150546e+03 1.149262e+03 1.156435e+03
19.8 1.165340e+03 1.151272e+03 1.148683e+03 1.162750e+03
20.8 1.160180e+03 1.150355e+03 1.148283e+03 1.158108e+03
0.4 1.139705e+03 1.151275e+03 1.148369e+03 1.136799e+03
1.4 1.146858e+03 1.152813e+03 1.148414e+03 1.142459e+03
2.4 1.147726e+03 1.151487e+03 1.149320e+03 1.145558e+03
3.4 1.154000e+03 1.148529e+03 1.149582e+03 1.155052e+03
4.4 1.136302e+03 1.145745e+03 1.149101e+03 1.139658e+03
5.4 1.127450e+03 1.143970e+03 1.148548e+03 1.132028e+03
6.4 1.130843e+03 1.143118e+03 1.148190e+03 1.135915e+03
7.4 1.134558e+03 1.142884e+03 1.148007e+03 1.139681e+03
8.4 1.124795e+03 1.144023e+03 1.147932e+03 1.128704e+03
9.4 1.144462e+03 1.148003e+03 1.147924e+03 1.144382e+03
10.4 1.151845e+03 1.151394e+03 1.148232e+03 1.148683e+03
11.4 1.144736e+03 1.151574e+03 1.149304e+03 1.142466e+03
12.4 1.160012e+03 1.150135e+03 1.149704e+03 1.159581e+03
13.4 1.157718e+03 1.150546e+03 1.149262e+03 1.156435e+03
14.4 1.165340e+03 1.151272e+03 1.148683e+03 1.162750e+03
15.4 1.160180e+03 1.150355e+03 1.148283e+03 1.158108e+03
16.4 1.150249e+03 1.148663e+03 1.148062e+03 1.149648e+03
17.4 1.144109e+03 1.151137e+03 1.147961e+03 1.140933e+03
18.4 1.146184e+03 1.156640e+03 1.147937e+03 1.137481e+03
19.4 1.159937e+03 1.158818e+03 1.147955e+03 1.149075e+03
20.4 1.151107e+03 1.155991e+03 1.147991e+03 1.143108e+03
0.4 1.144462e+03 1.148003e+03 1.147924e+03 1.144382e+03
1.4 1.151845e+03 1.151394e+03 1.148232e+03 1.148683e+03
2.4 1.144736e+03 1.151574e+03 1.149304e+03 1.142466e+03
3.4 1.160012e+03 1.150135e+03 1.149704e+03 1.159581e+03
4.4 1.157718e+03 1.150546e+03 1.149262e+03 1.156435e+03
5.4 1.165340e+03 1.151272e+03 1.148683e+03 1.162750e+03
6.4 1.160180e+03 1.150355e+03 1.148283e+03 1.158108e+03
7.4 1.150249e+03 1.148663e+03 1.148062e+03 1.149648e+03
8.4 1.144109e+03 1.151137e+03 1.147961e+03 1.140933e+03
9.4 1.146184e+03 1.156640e+03 1.147937e+03 1.137481e+03
10.4 1.159937e+03 1.158818e+03 1.147955e+03 1.149075e+03
11.4 1.151107e+03 1.155991e+03 1.147991e+03 1.143108e+03
12.4 1.157630e+03 1.149312e+03 1.148026e+03 1.156344e+03
13.4 1.136472e+03 1.142344e+03 1.148055e+03 1.142183e+03
14.4 1.157415e+03 1.139171e+03 1.148501e+03 1.166745e+03
15.4 1.151564e+03 1.140255e+03 1.149534e+03 1.160843e+03
16.4 1.153328e+03 1.141934e+03 1.149720e+03 1.161114e+03
17.4 1.146240e+03 1.143329e+03 1.149187e+03 1.152099e+03
18.4 1.134127e+03 1.147907e+03 1.148615e+03 1.134835e+03
19.4 1.152301e+03 1.155419e+03 1.148241e+03 1.145123e+03
20.4 1.156296e+03 1.159664e+03 1.148041e+03 1.144672e+03
0.5 1.136472e+03 1.142344e+03 1.148055e+03 1.142183e+03
1.5 1.157415e+03 1.139171e+03 1.148501e+03 1.166745e+03
2.5 1.151564e+03 1.140255e+03 1.149534e+03 1.160843e+03
3.5 1.153328e+03 1.141934e+03 1.149720e+03 1.161114e+03
4.5 1.146240e+03 1.143329e+03 1.149187e+03 1.152099e+03
5.5 1.134127e+03 1.147907e+03 1.148615e+03 1.134835e+03
6.5 1.152301e+03 1.155419e+03 1.148241e+03 1.145123e+03
7.5 1.156296e+03 1.159664e+03 1.148041e+03 1.144672e+03
8.5 1.160255e+03 1.158232e+03 1.147954e+03 1.149977e+03
9.5 1.148369e+03 1.153422e+03 1.147938e+03 1.142886e+03
10.5 1.108095e+03 1.148809e+03 1.147961e+03 1.107246e+03
11.5 1.150670e+03 1.146550e+03 1.147997e+03 1.152118e+03
12.5 1.139582e+03 1.145945e+03 1.148060e+03 1.141697e+03
13.5 1.159581e+03 1.145961e+03 1.148790e+03 1.162411e+03
14.5 1.168934e+03 1.145893e+03 1.149691e+03 1.172732e+03
15.5 1.155254e+03 1.145135e+03 1.149601e+03 1.159720e+03
16.5 1.132178e+03 1.145441e+03 1.149007e+03 1.135743e+03
17.5 1.141495e+03 1.150294e+03 1.148486e+03 1.139687e+03
18.5 1.160118e+03 1.155532e+03 1.148169e+03 1.152755e+03
19.5 1.162795e+03 1.156365e+03 1.148006e+03 1.154437e+03
20.5 1.158408e+03 1.156380e+03 1.147944e+03 1.149973e+03
0.8 1.139582e+03 1.145945e+03 1.148060e+03 1.141697e+03
1.8 1.159581e+03 1.145961e+03 1.148790e+03 1.162411e+03
2.8 1.168934e+03 1.145893e+03 1.149691e+03 1.172732e+03
3.8 1.155254e+03 1.145135e+03 1.149601e+03 1.159720e+03
4.8 1.132178e+03 1.145441e+03 1.149007e+03 1.135743e+03
5.8 1.141495e+03 1.150294e+03 1.148486e+03 1.139687e+03
6.8 1.160118e+03 1.155532e+03 1.148169e+03 1.152755e+03
7.8 1.162795e+03 1.156365e+03 1.148006e+03 1.154437e+03
8.8 1.158408e+03 1.156380e+03 1.147944e+03 1.149973e+03
9.8 1.161550e+03 1.159157e+03 1.147942e+03 1.150335e+03
10.8 1.157799e+03 1.160849e+03 1.147971e+03 1.144922e+03
11.8 1.150970e+03 1.158289e+03 1.148008e+03 1.140689e+03
12.8 1.167154e+03 1.152982e+03 1.148039e+03 1.162211e+03
13.8 1.153831e+03 1.147770e+03 1.148061e+03 1.154122e+03
14.8 1.146866e+03 1.144594e+03 1.148075e+03 1.150347e+03
15.8 1.144894e+03 1.145463e+03 1.148082e+03 1.147513e+03
16.8 1.153630e+03 1.148959e+03 1.148086e+03 1.152757e+03
17.8 1.158054e+03 1.150957e+03 1.148087e+03 1.155185e+03
18.8 1.144610e+03 1.151498e+03 1.148088e+03 1.141201e+03
19.8 1.150939e+03 1.152275e+03 1.148088e+03 1.146753e+03
20.8 1.162412e+03 1.152209e+03 1.148088e+03 1.158291e+03
1.0 1.157081e+03 1.154279e+03 1.148143e+03 1.150945e+03
2.0 1.151230e+03 1.156017e+03 1.148952e+03 1.144165e+03
3.0 1.152601e+03 1.153199e+03 1.149747e+03 1.149149e+03
4.0 1.150132e+03 1.149034e+03 1.149551e+03 1.150649e+03
5.0 1.142495e+03 1.145697e+03 1.148941e+03 1.145739e+03
6.0 1.138842e+03 1.142594e+03 1.148441e+03 1.144689e+03
7.0 1.131570e+03 1.139209e+03 1.148144e+03 1.140505e+03
8.0 1.141821e+03 1.137602e+03 1.147995e+03 1.152214e+03
9.0 1.150473e+03 1.140074e+03 1.147941e+03 1.158340e+03
10.0 1.133562e+03 1.143122e+03 1.147944e+03 1.138385e+03
11.0 1.151809e+03 1.145224e+03 1.147975e+03 1.154561e+03
12.0 1.150678e+03 1.149020e+03 1.148012e+03 1.149670e+03
13.0 1.167413e+03 1.153338e+03 1.148042e+03 1.162117e+03
14.0 1.166028e+03 1.154816e+03 1.148063e+03 1.159275e+03
15.0 1.155220e+03 1.153280e+03 1.148076e+03 1.150016e+03
16.0 1.133081e+03 1.149892e+03 1.148082e+03 1.131271e+03
17.0 1.144475e+03 1.147234e+03 1.148086e+03 1.145326e+03
18.0 1.134224e+03 1.146392e+03 1.148087e+03 1.135919e+03
19.0 1.143625e+03 1.146412e+03 1.148088e+03 1.145301e+03
20.0 1.145877e+03 1.147082e+03 1.148088e+03 1.146883e+03
21.0 1.142161e+03 1.146010e+03 1.148088e+03 1.144239e+03
0.6 1.147670e+03 1.150810e+03 1.148092e+03 1.144952e+03
1.6 1.149320e+03 1.153073e+03 1.148548e+03 1.144795e+03
2.6 1.138186e+03 1.152126e+03 1.149564e+03 1.135623e+03
3.6 1.119012e+03 1.148957e+03 1.149715e+03 1.119770e+03
4.6 1.142792e+03 1.147038e+03 1.149171e+03 1.144925e+03
5.6 1.152275e+03 1.149821e+03 1.148602e+03 1.151056e+03
6.6 1.164922e+03 1.152625e+03 1.148234e+03 1.160531e+03
7.6 1.164382e+03 1.152021e+03 1.148037e+03 1.160399e+03
8.6 1.150661e+03 1.148994e+03 1.147953e+03 1.149620e+03
9.6 1.121471e+03 1.146042e+03 1.147938e+03 1.123367e+03
10.6 1.151466e+03 1.144173e+03 1.147962e+03 1.155256e+03
11.6 1.155289e+03 1.143256e+03 1.147998e+03 1.160031e+03
12.6 1.149565e+03 1.142781e+03 1.148032e+03 1.154816e+03
13.6 1.146633e+03 1.141342e+03 1.148056e+03 1.153347e+03
14.6 1.120504e+03 1.139415e+03 1.148126e+03 1.129215e+03
15.6 1.120442e+03 1.140171e+03 1.148944e+03 1.129214e+03
16.6 1.144455e+03 1.142576e+03 1.149743e+03 1.151623e+03
17.6 1.144549e+03 1.144659e+03 1.149549e+03 1.149439e+03
18.6 1.128876e+03 1.146428e+03 1.148941e+03 1.131389e+03
19.6 1.121811e+03 1.147485e+03 1.148621e+03 1.122947e+03
20.6 1.130249e+03 1.148134e+03 1.149319e+03 1.131434e+03
1.0 1.120504e+03 1.139415e+03 1.148126e+03 1.129215e+03
2.0 1.120442e+03 1.140171e+03 1.148944e+03 1.129214e+03
3.0 1.144455e+03 1.142576e+03 1.149743e+03 1.151623e+03
4.0 1.144549e+03 1.144659e+03 1.149549e+03 1.149439e+03
5.0 1.128876e+03 1.146428e+03 1.148941e+03 1.131389e+03
6.0 1.121811e+03 1.147485e+03 1.148621e+03 1.122947e+03
7.0 1.130249e+03 1.148134e+03 1.149319e+03 1.131434e+03
8.0 1.150365e+03 1.149686e+03 1.149688e+03 1.150367e+03
9.0 1.137581e+03 1.151380e+03 1.149519e+03 1.135720e+03
10.0 1.156624e+03 1.151071e+03 1.149947e+03 1.155500e+03
11.0 1.159751e+03 1.148952e+03 1.149901e+03 1.160700e+03
12.0 1.166905e+03 1.148282e+03 1.149222e+03 1.167844e+03
13.0 1.159596e+03 1.149802e+03 1.148538e+03 1.158333e+03
14.0 1.140321e+03 1.150641e+03 1.148115e+03 1.137796e+03
15.0 1.139237e+03 1.150414e+03 1.147916e+03 1.136739e+03
16.0 1.110189e+03 1.153319e+03 1.147854e+03 1.104724e+03
17.0 1.134864e+03 1.158157e+03 1.147868e+03 1.124575e+03
18.0 1.154854e+03 1.159242e+03 1.147915e+03 1.143527e+03
19.0 1.159580e+03 1.155549e+03 1.147970e+03 1.152001e+03
20.0 1.131317e+03 1.148436e+03 1.148015e+03 1.130896e+03
21.0 1.146391e+03 1.141598e+03 1.148054e+03 1.152848e+03
0.2 1.128876e+03 1.146428e+03 1.148941e+03 1.131389e+03
1.2 1.121811e+03 1.147485e+03 1.148621e+03 1.122947e+03
2.2 1.130249e+03 1.148134e+03 1.149319e+03 1.131434e+03
3.2 1.150365e+03 1.149686e+03 1.149688e+03 1.150367e+03
4.2 1.137581e+03 1.151380e+03 1.149519e+03 1.135720e+03
5.2 1.156624e+03 1.151071e+03 1.149947e+03 1.155500e+03
6.2 1.159751e+03 1.148952e+03 1.149901e+03 1.160700e+03
7.2 1.166905e+03 1.148282e+03 1.149222e+03 1.167844e+03
8.2 1.159596e+03 1.149802e+03 1.148538e+03 1.158333e+03
9.2 1.140321e+03 1.150641e+03 1.148115e+03 1.137796e+03
10.2 1.139237e+03 1.150414e+03 1.147916e+03 1.136739e+03
11.2 1.110189e+03 1.153319e+03 1.147854e+03 1.104724e+03
12.2 1.134864e+03 1.158157e+03 1.147868e+03 1.124575e+03
13.2 1.154854e+03 1.159242e+03 1.147915e+03 1.143527e+03
14.2 1.159580e+03 1.155549e+03 1.147970e+03 1.152001e+03
15.2 1.131317e+03 1.148436e+03 1.148015e+03 1.130896e+03
16.2 1.146391e+03 1.141598e+03 1.148054e+03 1.152848e+03
17.2 1.134664e+03 1.138928e+03 1.148585e+03 1.144320e+03
18.2 1.127415e+03 1.140275e+03 1.149592e+03 1.136732e+03
19.2 1.153943e+03 1.142002e+03 1.149691e+03 1.161632e+03
20.2 1.151291e+03 1.143530e+03 1.149133e+03 1.156894e+03
0.4 1.150365e+03 1.149686e+03 1.149688e+03 1.150367e+03
1.4 1.137581e+03 1.151380e+03 1.149519e+03 1.135720e+03
2.4 1.156624e+03 1.151071e+03 1.149947e+03 1.155500e+03
3.4 1.159751e+03 1.148952e+03 1.149901e+03 1.160700e+03
4.4 1.166905e+03 1.148282e+03 1.149222e+03 1.167844e+03
5.4 1.159596e+03 1.149802e+03 1.148538e+03 1.158333e+03
6.4 1.140321e+03 1.150641e+03 1.148115e+03 1.137796e+03
7.4 1.139237e+03 1.150414e+03 1.147916e+03 1.136739e+03
8.4 1.110189e+03 1.153319e+03 1.147854e+03 1.104724e+03
9.4 1.134864e+03 1.158157e+03 1.147868e+03 1.124575e+03
10.4 1.154854e+03 1.159242e+03 1.147915e+03 1.143527e+03
11.4 1.159580e+03 1.155549e+03 1.147970e+03 1.152001e+03
12.4 1.131317e+03 1.148436e+03 1.148015e+03 1.130896e+03
13.4 1.146391e+03 1.141598e+03 1.148054e+03 1.152848e+03
14.4 1.134664e+03 1.138928e+03 1.148585e+03 1.144320e+03
15.4 1.127415e+03 1.140275e+03 1.149592e+03 1.136732e+03
16.4 1.153943e+03 1.142002e+03 1.149691e+03 1.161632e+03
17.4 1.151291e+03 1.143530e+03 1.149133e+03 1.156894e+03
18.4 1.168287e+03 1.145283e+03 1.148575e+03 1.171579e+03
19.4 1.165706e+03 1.146982e+03 1.148218e+03 1.166942e+03
20.4 1.185174e+03 1.148060e+03 1.148030e+03 1.185144e+03
0.6 1.146391e+03 1.141598e+03 1.148054e+03 1.152848e+03
1.6 1.134664e+03 1.138928e+03 1.148585e+03 1.144320e+03
2.6 1.127415e+03 1.140275e+03 1.149592e+03 1.136732e+03
3.6 1.153943e+03 1.142002e+03 1.149691e+03 1.161632e+03
4.6 1.151291e+03 1.143530e+03 1.149133e+03 1.156894e+03
5.6 1.168287e+03 1.145283e+03 1.148575e+03 1.171579e+03
6.6 1.165706e+03 1.146982e+03 1.148218e+03 1.166942e+03
7.6 1.185174e+03 1.148060e+03 1.148030e+03 1.185144e+03
8.6 1.145550e+03 1.147418e+03 1.147950e+03 1.146082e+03
9.6 1.148105e+03 1.146699e+03 1.147939e+03 1.149345e+03
10.6 1.150576e+03 1.146747e+03 1.147964e+03 1.151793e+03
11.6 1.175511e+03 1.147444e+03 1.148000e+03 1.176067e+03
12.6 1.173402e+03 1.147739e+03 1.148034e+03 1.173697e+03
13.6 1.176028e+03 1.146647e+03 1.148058e+03 1.177439e+03
14.6 1.156158e+03 1.145231e+03 1.148072e+03 1.159000e+03
15.6 1.137796e+03 1.144254e+03 1.148081e+03 1.141623e+03
16.6 1.149536e+03 1.144037e+03 1.148085e+03 1.153585e+03
17.6 1.132108e+03 1.144787e+03 1.148134e+03 1.135455e+03
18.6 1.123296e+03 1.145931e+03 1.148919e+03 1.126285e+03
19.6 1.119333e+03 1.146439e+03 1.149738e+03 1.122633e+03
20.6 1.150672e+03 1.146964e+03 1.149566e+03 1.153274e+03
0.9 1.132108e+03 1.144787e+03 1.148134e+03 1.135455e+03
1.9 1.123296e+03 1.145931e+03 1.148919e+03 1.126285e+03
2.9 1.119333e+03 1.146439e+03 1.149738e+03 1.122633e+03
3.9 1.150672e+03 1.146964e+03 1.149566e+03 1.153274e+03
4.9 1.155943e+03 1.150754e+03 1.148958e+03 1.154147e+03
5.9 1.183656e+03 1.153746e+03 1.148452e+03 1.178362e+03
6.9 1.173248e+03 1.153016e+03 1.148150e+03 1.168383e+03
7.9 1.133426e+03 1.150512e+03 1.147998e+03 1.130911e+03
8.9 1.130809e+03 1.152057e+03 1.147942e+03 1.126693e+03
9.9 1.147599e+03 1.156986e+03 1.147946e+03 1.138559e+03
10.9 1.162003e+03 1.158731e+03 1.148379e+03 1.151651e+03
11.9 1.149097e+03 1.156063e+03 1.149444e+03 1.142478e+03
12.9 1.165013e+03 1.154070e+03 1.149686e+03 1.160629e+03
13.9 1.154317e+03 1.153764e+03 1.149182e+03 1.149735e+03
14.9 1.159958e+03 1.152623e+03 1.148617e+03 1.155951e+03
15.9 1.131358e+03 1.148996e+03 1.148243e+03 1.130605e+03
16.9 1.116486e+03 1.144279e+03 1.148042e+03 1.120249e+03
17.9 1.121170e+03 1.143170e+03 1.147954e+03 1.125954e+03
18.9 1.137280e+03 1.143740e+03 1.147937e+03 1.141477e+03
19.9 1.149364e+03 1.143760e+03 1.147960e+03 1.153563e+03
20.9 1.159033e+03 1.143513e+03 1.147996e+03 1.163516e+03
0.5 1.147599e+03 1.156986e+03 1.147946e+03 1.138559e+03
1.5 1.162003e+03 1.158731e+03 1.148379e+03 1.151651e+03
2.5 1.149097e+03 1.156063e+03 1.149444e+03 1.142478e+03
3.5 1.165013e+03 1.154070e+03 1.149686e+03 1.160629e+03
4.5 1.154317e+03 1.153764e+03 1.149182e+03 1.149735e+03
5.5 1.159958e+03 1.152623e+03 1.148617e+03 1.155951e+03
6.5 1.131358e+03 1.148996e+03 1.148243e+03 1.130605e+03
7.5 1.116486e+03 1.144279e+03 1.148042e+03 1.120249e+03
8.5 1.121170e+03 1.143170e+03 1.147954e+03 1.125954e+03
9.5 1.137280e+03 1.143740e+03 1.147937e+03 1.141477e+03
10.5 1.149364e+03 1.143760e+03 1.147960e+03 1.153563e+03
11.5 1.159033e+03 1.143513e+03 1.147996e+03 1.163516e+03
12.5 1.166632e+03 1.142729e+03 1.148030e+03 1.171933e+03
13.5 1.150688e+03 1.140551e+03 1.148055e+03 1.158192e+03
14.5 1.152297e+03 1.138470e+03 1.148071e+03 1.161899e+03
15.5 1.141603e+03 1.139757e+03 1.148080e+03 1.149926e+03
16.5 1.147923e+03 1.143298e+03 1.148085e+03 1.152710e+03
17.5 1.121701e+03 1.146097e+03 1.148088e+03 1.123691e+03
18.5 1.114778e+03 1.147498e+03 1.148415e+03 1.115695e+03
19.5 1.126808e+03 1.148033e+03 1.149452e+03 1.128227e+03
20.5 1.139594e+03 1.147325e+03 1.149755e+03 1.142024e+03
0.4 1.121701e+03 1.146097e+03 1.148088e+03 1.123691e+03
1.4 1.114778e+03 1.147498e+03 1.148415e+03 1.115695e+03
2.4 1.126808e+03 1.148033e+03 1.149452e+03 1.128227e+03
3.4 1.139594e+03 1.147325e+03 1.149755e+03 1.142024e+03
4.4 1.152688e+03 1.145986e+03 1.149262e+03 1.155963e+03
5.4 1.164895e+03 1.146068e+03 1.148672e+03 1.167500e+03
6.4 1.151303e+03 1.150773e+03 1.148274e+03 1.148804e+03
7.4 1.175933e+03 1.155792e+03 1.148057e+03 1.168199e+03
8.4 1.183261e+03 1.156242e+03 1.147960e+03 1.174978e+03
9.4 1.160556e+03 1.152853e+03 1.147937e+03 1.155641e+03
10.4 1.148663e+03 1.148590e+03 1.147957e+03 1.148030e+03
11.4 1.153101e+03 1.145436e+03 1.147993e+03 1.155658e+03
12.4 1.164303e+03 1.143657e+03 1.148028e+03 1.168674e+03
13.4 1.152901e+03 1.142897e+03 1.148054e+03 1.158058e+03
14.4 1.160487e+03 1.144181e+03 1.148070e+03 1.164376e+03
15.4 1.155168e+03 1.149188e+03 1.148119e+03 1.154099e+03
16.4 1.161925e+03 1.152376e+03 1.148883e+03 1.158432e+03
17.4 1.151304e+03 1.151434e+03 1.149728e+03 1.149597e+03
18.4 1.163769e+03 1.148710e+03 1.149580e+03 1.164639e+03
19.4 1.147191e+03 1.147078e+03 1.148975e+03 1.149089e+03
20.4 1.154409e+03 1.146672e+03 1.148464e+03 1.156200e+03
0.9 1.155168e+03 1.149188e+03 1.148119e+03 1.154099e+03
1.9 1.161925e+03 1.152376e+03 1.148883e+03 1.158432e+03
2.9 1.151304e+03 1.151434e+03 1.149728e+03 1.149597e+03
3.9 1.163769e+03 1.148710e+03 1.149580e+03 1.164639e+03
4.9 1.147191e+03 1.147078e+03 1.148975e+03 1.149089e+03
5.9 1.154409e+03 1.146672e+03 1.148464e+03 1.156200e+03
6.9 1.160921e+03 1.147216e+03 1.148156e+03 1.161861e+03
7.9 1.144571e+03 1.147034e+03 1.148001e+03 1.145537e+03
8.9 1.147933e+03 1.145795e+03 1.147942e+03 1.150080e+03
9.9 1.153942e+03 1.144585e+03 1.147943e+03 1.157299e+03
10.9 1.135565e+03 1.143869e+03 1.147973e+03 1.139669e+03
11.9 1.151206e+03 1.143560e+03 1.148010e+03 1.155656e+03
12.9 1.141203e+03 1.143720e+03 1.148041e+03 1.145525e+03
13.9 1.158738e+03 1.144691e+03 1.148062e+03 1.162109e+03
14.9 1.140318e+03 1.146333e+03 1.148075e+03 1.142060e+03
15.9 1.165057e+03 1.147455e+03 1.148082e+03 1.165684e+03
16.9 1.140166e+03 1.146842e+03 1.148086e+03 1.141410e+03
17.9 1.126176e+03 1.145819e+03 1.148087e+03 1.128444e+03
18.9 1.146098e+03 1.148081e+03 1.148088e+03 1.146106e+03
19.9 1.152103e+03 1.152375e+03 1.148088e+03 1.147817e+03
20.9 1.150972e+03 1.153642e+03 1.148088e+03 1.145418e+03
0.4 1.143957e+03 1.147810e+03 1.148089e+03 1.144235e+03
1.4 1.159063e+03 1.152764e+03 1.148369e+03 1.154668e+03
2.4 1.155576e+03 1.153524e+03 1.149402e+03 1.151454e+03
3.4 1.152289e+03 1.150861e+03 1.149766e+03 1.151194e+03
4.4 1.143490e+03 1.147581e+03 1.149298e+03 1.145207e+03
5.4 1.141810e+03 1.145196e+03 1.148701e+03 1.145315e+03
6.4 1.140623e+03 1.143841e+03 1.148291e+03 1.145073e+03
7.4 1.146850e+03 1.143236e+03 1.148066e+03 1.151679e+03
8.4 1.138557e+03 1.143105e+03 1.147963e+03 1.143415e+03
