0.3 1.283777e+03 1.279674e+03 1.281270e+03 1.285373e+03
1.3 1.271533e+03 1.280012e+03 1.281607e+03 1.273128e+03
2.3 1.289786e+03 1.282541e+03 1.284147e+03 1.291392e+03
3.3 1.276873e+03 1.283324e+03 1.286502e+03 1.280051e+03
4.3 1.288225e+03 1.278982e+03 1.285896e+03 1.295138e+03
5.3 1.285366e+03 1.276932e+03 1.283989e+03 1.292423e+03
6.3 1.284396e+03 1.278128e+03 1.282401e+03 1.288668e+03
7.3 1.285442e+03 1.277025e+03 1.281449e+03 1.289865e+03
8.3 1.294806e+03 1.275530e+03 1.280972e+03 1.300247e+03
9.3 1.270825e+03 1.276254e+03 1.280799e+03 1.275370e+03
10.3 1.279229e+03 1.277823e+03 1.280809e+03 1.282216e+03
11.3 1.281100e+03 1.280435e+03 1.280908e+03 1.281573e+03
12.3 1.267857e+03 1.286530e+03 1.281024e+03 1.262351e+03
13.3 1.295428e+03 1.292853e+03 1.281121e+03 1.283696e+03
14.3 1.290823e+03 1.291061e+03 1.281188e+03 1.280950e+03
15.3 1.260244e+03 1.283284e+03 1.281228e+03 1.258189e+03
16.3 1.284176e+03 1.278952e+03 1.281250e+03 1.286475e+03
17.3 1.291767e+03 1.281315e+03 1.281261e+03 1.291713e+03
18.3 1.305913e+03 1.287266e+03 1.281266e+03 1.299912e+03
19.3 1.274633e+03 1.286541e+03 1.281268e+03 1.269360e+03
20.3 1.275923e+03 1.280520e+03 1.281269e+03 1.276672e+03
0.2 1.273523e+03 1.273778e+03 1.281270e+03 1.281015e+03
1.2 1.280367e+03 1.275551e+03 1.281544e+03 1.286360e+03
2.2 1.297187e+03 1.280081e+03 1.284108e+03 1.301214e+03
3.2 1.286886e+03 1.286025e+03 1.288661e+03 1.289522e+03
4.2 1.288254e+03 1.288461e+03 1.290985e+03 1.290778e+03
5.2 1.288149e+03 1.284120e+03 1.289026e+03 1.293055e+03
6.2 1.270775e+03 1.279773e+03 1.285578e+03 1.276580e+03
7.2 1.258066e+03 1.279546e+03 1.282885e+03 1.261404e+03
8.2 1.283237e+03 1.283650e+03 1.281315e+03 1.280902e+03
9.2 1.283484e+03 1.288097e+03 1.280572e+03 1.275959e+03
10.2 1.297666e+03 1.285882e+03 1.280352e+03 1.292135e+03
11.2 1.273301e+03 1.279673e+03 1.280429e+03 1.274057e+03
12.2 1.272873e+03 1.276893e+03 1.280636e+03 1.276616e+03
13.2 1.277461e+03 1.277742e+03 1.281589e+03 1.281308e+03
14.2 1.287010e+03 1.281968e+03 1.285183e+03 1.290225e+03
15.2 1.282353e+03 1.285475e+03 1.288590e+03 1.285468e+03
16.2 1.282367e+03 1.282882e+03 1.288232e+03 1.287717e+03
17.2 1.307134e+03 1.281323e+03 1.287730e+03 1.313541e+03
18.2 1.278063e+03 1.284710e+03 1.289832e+03 1.283185e+03
19.2 1.294282e+03 1.287463e+03 1.291283e+03 1.298103e+03
20.2 1.273378e+03 1.283784e+03 1.289072e+03 1.278665e+03
0.5 1.272873e+03 1.276893e+03 1.280636e+03 1.276616e+03
1.5 1.277461e+03 1.277742e+03 1.281589e+03 1.281308e+03
2.5 1.287010e+03 1.281968e+03 1.285183e+03 1.290225e+03
3.5 1.282353e+03 1.285475e+03 1.288590e+03 1.285468e+03
4.5 1.282367e+03 1.282882e+03 1.288232e+03 1.287717e+03
5.5 1.307134e+03 1.281323e+03 1.287730e+03 1.313541e+03
6.5 1.278063e+03 1.284710e+03 1.289832e+03 1.283185e+03
7.5 1.294282e+03 1.287463e+03 1.291283e+03 1.298103e+03
8.5 1.273378e+03 1.283784e+03 1.289072e+03 1.278665e+03
9.5 1.282764e+03 1.279243e+03 1.285367e+03 1.288888e+03
10.5 1.277484e+03 1.277707e+03 1.282513e+03 1.282290e+03
11.5 1.286064e+03 1.278429e+03 1.280934e+03 1.288569e+03
12.5 1.306568e+03 1.284234e+03 1.280265e+03 1.302599e+03
13.5 1.296665e+03 1.292740e+03 1.280131e+03 1.284057e+03
14.5 1.284716e+03 1.292392e+03 1.280280e+03 1.272603e+03
15.5 1.298875e+03 1.288151e+03 1.280536e+03 1.291260e+03
16.5 1.292364e+03 1.289536e+03 1.280789e+03 1.283617e+03
17.5 1.290005e+03 1.287102e+03 1.280985e+03 1.283888e+03
18.5 1.285620e+03 1.281414e+03 1.281115e+03 1.285321e+03
19.5 1.278658e+03 1.278248e+03 1.281192e+03 1.281602e+03
20.5 1.287319e+03 1.277538e+03 1.281233e+03 1.291015e+03
0.1 1.282353e+03 1.285475e+03 1.288590e+03 1.285468e+03
1.1 1.282367e+03 1.282882e+03 1.288232e+03 1.287717e+03
2.1 1.307134e+03 1.281323e+03 1.287730e+03 1.313541e+03
3.1 1.278063e+03 1.284710e+03 1.289832e+03 1.283185e+03
4.1 1.294282e+03 1.287463e+03 1.291283e+03 1.298103e+03
5.1 1.273378e+03 1.283784e+03 1.289072e+03 1.278665e+03
6.1 1.282764e+03 1.279243e+03 1.285367e+03 1.288888e+03
7.1 1.277484e+03 1.277707e+03 1.282513e+03 1.282290e+03
8.1 1.286064e+03 1.278429e+03 1.280934e+03 1.288569e+03
9.1 1.306568e+03 1.284234e+03 1.280265e+03 1.302599e+03
10.1 1.296665e+03 1.292740e+03 1.280131e+03 1.284057e+03
11.1 1.284716e+03 1.292392e+03 1.280280e+03 1.272603e+03
12.1 1.298875e+03 1.288151e+03 1.280536e+03 1.291260e+03
13.1 1.292364e+03 1.289536e+03 1.280789e+03 1.283617e+03
14.1 1.290005e+03 1.287102e+03 1.280985e+03 1.283888e+03
15.1 1.285620e+03 1.281414e+03 1.281115e+03 1.285321e+03
16.1 1.278658e+03 1.278248e+03 1.281192e+03 1.281602e+03
17.1 1.287319e+03 1.277538e+03 1.281233e+03 1.291015e+03
18.1 1.282138e+03 1.277840e+03 1.281254e+03 1.285552e+03
19.1 1.280733e+03 1.280010e+03 1.281263e+03 1.281986e+03
20.1 1.293515e+03 1.284674e+03 1.281267e+03 1.290108e+03
0.3 1.303635e+03 1.285585e+03 1.281270e+03 1.299320e+03
1.3 1.280412e+03 1.280977e+03 1.281679e+03 1.281114e+03
2.3 1.278372e+03 1.281604e+03 1.284575e+03 1.281343e+03
3.3 1.296746e+03 1.284867e+03 1.288346e+03 1.300225e+03
4.3 1.290247e+03 1.283030e+03 1.288533e+03 1.295750e+03
5.3 1.295363e+03 1.281197e+03 1.286034e+03 1.300199e+03
6.3 1.292413e+03 1.285829e+03 1.283493e+03 1.290078e+03
7.3 1.298785e+03 1.291201e+03 1.281844e+03 1.289428e+03
8.3 1.292719e+03 1.288545e+03 1.280973e+03 1.285146e+03
9.3 1.285096e+03 1.282255e+03 1.280614e+03 1.283455e+03
10.3 1.267088e+03 1.279022e+03 1.280570e+03 1.268636e+03
11.3 1.297533e+03 1.279109e+03 1.280690e+03 1.299115e+03
12.3 1.298703e+03 1.278416e+03 1.280861e+03 1.301147e+03
13.3 1.293149e+03 1.275730e+03 1.281014e+03 1.298434e+03
14.3 1.285017e+03 1.275705e+03 1.281126e+03 1.290437e+03
15.3 1.292681e+03 1.280925e+03 1.281195e+03 1.292951e+03
16.3 1.282067e+03 1.287874e+03 1.281234e+03 1.275426e+03
17.3 1.288050e+03 1.286662e+03 1.281253e+03 1.282642e+03
18.3 1.279029e+03 1.280820e+03 1.281263e+03 1.279472e+03
19.3 1.280851e+03 1.278023e+03 1.281267e+03 1.284094e+03
20.3 1.284712e+03 1.277880e+03 1.281268e+03 1.288101e+03
0.3 1.292414e+03 1.286460e+03 1.281270e+03 1.287224e+03
1.3 1.267027e+03 1.281736e+03 1.281642e+03 1.266932e+03
2.3 1.278480e+03 1.282156e+03 1.284242e+03 1.280566e+03
3.3 1.276010e+03 1.282043e+03 1.286524e+03 1.280491e+03
4.3 1.272382e+03 1.277511e+03 1.285848e+03 1.280720e+03
5.3 1.257076e+03 1.275230e+03 1.283938e+03 1.265784e+03
6.3 1.272030e+03 1.276667e+03 1.283051e+03 1.278414e+03
7.3 1.264652e+03 1.281025e+03 1.285051e+03 1.268678e+03
8.3 1.276639e+03 1.282089e+03 1.286297e+03 1.280847e+03
9.3 1.283545e+03 1.279162e+03 1.285020e+03 1.289402e+03
10.3 1.268309e+03 1.277762e+03 1.283113e+03 1.273660e+03
11.3 1.273574e+03 1.278110e+03 1.281772e+03 1.277236e+03
12.3 1.269560e+03 1.278777e+03 1.281063e+03 1.271846e+03
13.3 1.274806e+03 1.279243e+03 1.280764e+03 1.276327e+03
14.3 1.266585e+03 1.279636e+03 1.280709e+03 1.267659e+03
15.3 1.261078e+03 1.280747e+03 1.280787e+03 1.261118e+03
16.3 1.262400e+03 1.282021e+03 1.280915e+03 1.261295e+03
17.3 1.277060e+03 1.279261e+03 1.281040e+03 1.278839e+03
18.3 1.267719e+03 1.275681e+03 1.281136e+03 1.273174e+03
19.3 1.259101e+03 1.277859e+03 1.281198e+03 1.262440e+03
20.3 1.271578e+03 1.284184e+03 1.281234e+03 1.268628e+03
0.5 1.257076e+03 1.275230e+03 1.283938e+03 1.265784e+03
1.5 1.272030e+03 1.276667e+03 1.283051e+03 1.278414e+03
2.5 1.264652e+03 1.281025e+03 1.285051e+03 1.268678e+03
3.5 1.276639e+03 1.282089e+03 1.286297e+03 1.280847e+03
4.5 1.283545e+03 1.279162e+03 1.285020e+03 1.289402e+03
5.5 1.268309e+03 1.277762e+03 1.283113e+03 1.273660e+03
6.5 1.273574e+03 1.278110e+03 1.281772e+03 1.277236e+03
7.5 1.269560e+03 1.278777e+03 1.281063e+03 1.271846e+03
8.5 1.274806e+03 1.279243e+03 1.280764e+03 1.276327e+03
9.5 1.266585e+03 1.279636e+03 1.280709e+03 1.267659e+03
10.5 1.261078e+03 1.280747e+03 1.280787e+03 1.261118e+03
11.5 1.262400e+03 1.282021e+03 1.280915e+03 1.261295e+03
12.5 1.277060e+03 1.279261e+03 1.281040e+03 1.278839e+03
13.5 1.267719e+03 1.275681e+03 1.281136e+03 1.273174e+03
14.5 1.259101e+03 1.277859e+03 1.281198e+03 1.262440e+03
15.5 1.271578e+03 1.284184e+03 1.281234e+03 1.268628e+03
16.5 1.272409e+03 1.287899e+03 1.281253e+03 1.265764e+03
17.5 1.265364e+03 1.283854e+03 1.281262e+03 1.262773e+03
18.5 1.273152e+03 1.283269e+03 1.281267e+03 1.271150e+03
19.5 1.298341e+03 1.286614e+03 1.281268e+03 1.292995e+03
20.5 1.300080e+03 1.283023e+03 1.281269e+03 1.298327e+03
0.6 1.296969e+03 1.278747e+03 1.281278e+03 1.299499e+03
1.6 1.279555e+03 1.279949e+03 1.282190e+03 1.281796e+03
2.6 1.290828e+03 1.283125e+03 1.285235e+03 1.292938e+03
3.6 1.288190e+03 1.281900e+03 1.286591e+03 1.292881e+03
4.6 1.280417e+03 1.277614e+03 1.285275e+03 1.288078e+03
5.6 1.287830e+03 1.277022e+03 1.283373e+03 1.294180e+03
6.6 1.292122e+03 1.281407e+03 1.282008e+03 1.292724e+03
7.6 1.295585e+03 1.285722e+03 1.281242e+03 1.291105e+03
8.6 1.282637e+03 1.283417e+03 1.280885e+03 1.280106e+03
9.6 1.274647e+03 1.279514e+03 1.280787e+03 1.275920e+03
10.6 1.272047e+03 1.278183e+03 1.280837e+03 1.274700e+03
11.6 1.268994e+03 1.278347e+03 1.280948e+03 1.271595e+03
12.6 1.275389e+03 1.278755e+03 1.281060e+03 1.277695e+03
13.6 1.302580e+03 1.279095e+03 1.281148e+03 1.304632e+03
14.6 1.282183e+03 1.280194e+03 1.281205e+03 1.283193e+03
15.6 1.298087e+03 1.283456e+03 1.281237e+03 1.295869e+03
16.6 1.289829e+03 1.283261e+03 1.281255e+03 1.287823e+03
17.6 1.275614e+03 1.279626e+03 1.281263e+03 1.277251e+03
18.6 1.281968e+03 1.277896e+03 1.281267e+03 1.285340e+03
19.6 1.278674e+03 1.278196e+03 1.281421e+03 1.281899e+03
20.6 1.276380e+03 1.280841e+03 1.283493e+03 1.279031e+03
0.1 1.281968e+03 1.277896e+03 1.281267e+03 1.285340e+03
1.1 1.278674e+03 1.278196e+03 1.281421e+03 1.281899e+03
2.1 1.276380e+03 1.280841e+03 1.283493e+03 1.279031e+03
3.1 1.294630e+03 1.283521e+03 1.286358e+03 1.297467e+03
4.1 1.273586e+03 1.281037e+03 1.286336e+03 1.278885e+03
5.1 1.275066e+03 1.278265e+03 1.284481e+03 1.281283e+03
6.1 1.267637e+03 1.278432e+03 1.282723e+03 1.271927e+03
7.1 1.270305e+03 1.280530e+03 1.281616e+03 1.271391e+03
8.1 1.279279e+03 1.282062e+03 1.281039e+03 1.278256e+03
9.1 1.291924e+03 1.279674e+03 1.280806e+03 1.293056e+03
10.1 1.273890e+03 1.277050e+03 1.280981e+03 1.277821e+03
11.1 1.267155e+03 1.279120e+03 1.283288e+03 1.271322e+03
12.1 1.266236e+03 1.281922e+03 1.286168e+03 1.270481e+03
13.1 1.261238e+03 1.278912e+03 1.286085e+03 1.268410e+03
14.1 1.264026e+03 1.276298e+03 1.284271e+03 1.271999e+03
15.1 1.259915e+03 1.276635e+03 1.282593e+03 1.265873e+03
16.1 1.279709e+03 1.277917e+03 1.281547e+03 1.283340e+03
17.1 1.264065e+03 1.278909e+03 1.281007e+03 1.266164e+03
18.1 1.274869e+03 1.279489e+03 1.280796e+03 1.276176e+03
19.1 1.267991e+03 1.279798e+03 1.280787e+03 1.268980e+03
0.1 1.291924e+03 1.279674e+03 1.280806e+03 1.293056e+03
1.1 1.273890e+03 1.277050e+03 1.280981e+03 1.277821e+03
2.1 1.267155e+03 1.279120e+03 1.283288e+03 1.271322e+03
3.1 1.266236e+03 1.281922e+03 1.286168e+03 1.270481e+03
4.1 1.261238e+03 1.278912e+03 1.286085e+03 1.268410e+03
5.1 1.264026e+03 1.276298e+03 1.284271e+03 1.271999e+03
6.1 1.259915e+03 1.276635e+03 1.282593e+03 1.265873e+03
7.1 1.279709e+03 1.277917e+03 1.281547e+03 1.283340e+03
8.1 1.264065e+03 1.278909e+03 1.281007e+03 1.266164e+03
9.1 1.274869e+03 1.279489e+03 1.280796e+03 1.276176e+03
10.1 1.267991e+03 1.279798e+03 1.280787e+03 1.268980e+03
