0.8 4.054273e+03 4.011344e+03 3.998714e+03 4.041643e+03
1.8 4.024762e+03 4.005558e+03 3.999330e+03 4.018534e+03
2.8 4.018728e+03 4.000160e+03 4.000643e+03 4.019212e+03
3.8 4.039385e+03 3.993639e+03 4.000934e+03 4.046681e+03
4.8 4.025830e+03 3.988827e+03 4.000241e+03 4.037244e+03
5.8 3.985553e+03 3.987964e+03 3.999452e+03 3.997041e+03
6.8 3.981426e+03 3.989067e+03 3.998924e+03 3.991283e+03
7.8 4.010648e+03 3.991882e+03 3.998638e+03 4.017404e+03
8.8 3.994852e+03 3.998585e+03 3.998512e+03 3.994779e+03
9.8 4.012404e+03 4.005669e+03 3.998487e+03 4.005222e+03
10.8 4.034477e+03 4.007664e+03 3.998517e+03 4.025330e+03
11.8 4.014627e+03 4.004814e+03 3.998567e+03 4.008380e+03
12.8 4.006159e+03 4.000221e+03 3.998614e+03 4.004552e+03
13.8 4.034985e+03 3.999573e+03 3.998648e+03 4.034060e+03
14.8 4.011496e+03 4.003058e+03 3.998670e+03 4.007108e+03
15.8 4.013695e+03 4.004354e+03 3.998683e+03 4.008024e+03
16.8 4.023038e+03 4.001971e+03 3.998689e+03 4.019756e+03
17.8 3.991229e+03 3.998749e+03 3.998692e+03 3.991173e+03
18.8 4.027288e+03 4.001974e+03 3.998694e+03 4.024008e+03
19.8 4.031609e+03 4.010694e+03 3.998694e+03 4.019610e+03
20.8 4.018159e+03 4.014891e+03 3.998694e+03 4.001963e+03
21.8 4.011721e+03 4.011096e+03 3.998695e+03 3.999320e+03
0.4 4.008258e+03 4.003884e+03 3.998695e+03 4.003068e+03
1.4 4.014729e+03 3.998034e+03 3.998920e+03 4.015616e+03
2.4 4.003168e+03 3.994303e+03 4.000246e+03 4.009111e+03
3.4 3.989024e+03 3.994443e+03 4.002142e+03 3.996723e+03
4.4 3.994892e+03 3.995540e+03 4.002739e+03 4.002091e+03
5.4 3.985325e+03 3.996370e+03 4.001674e+03 3.990629e+03
6.4 3.979263e+03 3.995642e+03 4.000242e+03 3.983863e+03
7.4 3.964364e+03 3.995168e+03 3.999207e+03 3.968403e+03
8.4 4.008645e+03 4.003052e+03 3.998628e+03 4.004221e+03
9.4 4.020851e+03 4.018422e+03 3.998368e+03 4.000797e+03
10.4 4.039019e+03 4.025611e+03 3.998308e+03 4.011716e+03
11.4 4.005169e+03 4.015838e+03 3.998356e+03 3.987686e+03
12.4 3.972111e+03 4.002752e+03 3.998446e+03 3.967804e+03
13.4 3.958179e+03 3.996117e+03 3.998534e+03 3.960596e+03
14.4 3.971937e+03 3.997123e+03 3.998601e+03 3.973415e+03
15.4 4.013806e+03 4.000681e+03 3.998645e+03 4.011769e+03
16.4 3.996116e+03 4.001776e+03 3.998670e+03 3.993010e+03
17.4 4.013926e+03 4.000024e+03 3.998683e+03 4.012585e+03
18.4 3.963917e+03 3.996805e+03 3.998690e+03 3.965801e+03
19.4 3.985473e+03 3.996604e+03 3.998693e+03 3.987561e+03
20.4 4.013953e+03 4.006936e+03 3.998694e+03 4.005711e+03
21.4 4.016116e+03 4.017238e+03 3.998694e+03 3.997573e+03
0.4 3.976499e+03 3.993885e+03 3.998695e+03 3.981309e+03
1.4 3.974971e+03 3.990449e+03 3.998901e+03 3.983424e+03
2.4 3.993256e+03 3.990967e+03 4.000064e+03 4.002354e+03
3.4 4.006058e+03 3.990781e+03 4.000927e+03 4.016203e+03
4.4 4.012422e+03 3.988349e+03 4.000559e+03 4.024631e+03
5.4 4.014656e+03 3.988496e+03 3.999750e+03 4.025909e+03
6.4 4.014280e+03 3.993981e+03 3.999112e+03 4.019411e+03
7.4 3.998897e+03 4.001507e+03 3.998739e+03 3.996129e+03
8.4 4.011083e+03 4.004623e+03 3.998556e+03 4.005016e+03
9.4 3.996696e+03 4.002860e+03 3.998494e+03 3.992331e+03
10.4 3.977103e+03 3.998918e+03 3.998505e+03 3.976689e+03
11.4 3.984175e+03 3.995508e+03 3.998612e+03 3.987279e+03
12.4 3.974252e+03 3.994202e+03 3.999559e+03 3.979610e+03
13.4 3.983185e+03 3.994957e+03 4.001479e+03 3.989707e+03
14.4 3.985426e+03 3.995328e+03 4.002733e+03 3.992831e+03
15.4 3.999617e+03 3.991995e+03 4.002132e+03 4.009754e+03
16.4 3.991776e+03 3.989262e+03 4.000699e+03 4.003213e+03
17.4 4.000458e+03 3.991250e+03 3.999502e+03 4.008710e+03
18.4 4.008317e+03 4.000771e+03 3.998782e+03 4.006328e+03
19.4 3.999818e+03 4.012020e+03 3.998429e+03 3.986228e+03
20.4 4.002671e+03 4.012881e+03 3.998312e+03 3.988102e+03
21.4 3.983643e+03 4.003865e+03 3.998332e+03 3.978110e+03
0.1 3.977103e+03 3.998918e+03 3.998505e+03 3.976689e+03
1.1 3.984175e+03 3.995508e+03 3.998612e+03 3.987279e+03
2.1 3.974252e+03 3.994202e+03 3.999559e+03 3.979610e+03
3.1 3.983185e+03 3.994957e+03 4.001479e+03 3.989707e+03
4.1 3.985426e+03 3.995328e+03 4.002733e+03 3.992831e+03
5.1 3.999617e+03 3.991995e+03 4.002132e+03 4.009754e+03
6.1 3.991776e+03 3.989262e+03 4.000699e+03 4.003213e+03
7.1 4.000458e+03 3.991250e+03 3.999502e+03 4.008710e+03
8.1 4.008317e+03 4.000771e+03 3.998782e+03 4.006328e+03
9.1 3.999818e+03 4.012020e+03 3.998429e+03 3.986228e+03
10.1 4.002671e+03 4.012881e+03 3.998312e+03 3.988102e+03
11.1 3.983643e+03 4.003865e+03 3.998332e+03 3.978110e+03
12.1 3.973490e+03 3.996327e+03 3.998413e+03 3.975576e+03
13.1 3.998149e+03 3.995162e+03 3.998505e+03 4.001493e+03
14.1 3.984088e+03 3.999100e+03 3.998581e+03 3.983568e+03
15.1 3.977338e+03 4.001798e+03 3.998632e+03 3.974173e+03
16.1 4.000467e+03 3.997563e+03 3.998695e+03 4.001598e+03
17.1 3.979587e+03 3.993139e+03 3.999420e+03 3.985869e+03
18.1 3.980217e+03 3.992089e+03 4.000684e+03 3.988813e+03
19.1 3.988653e+03 3.989539e+03 4.000839e+03 3.999952e+03
20.1 3.950936e+03 3.987778e+03 4.000118e+03 3.963277e+03
21.1 3.942268e+03 3.989048e+03 3.999368e+03 3.952588e+03
0.9 4.000467e+03 3.997563e+03 3.998695e+03 4.001598e+03
1.9 3.979587e+03 3.993139e+03 3.999420e+03 3.985869e+03
2.9 3.980217e+03 3.992089e+03 4.000684e+03 3.988813e+03
3.9 3.988653e+03 3.989539e+03 4.000839e+03 3.999952e+03
4.9 3.950936e+03 3.987778e+03 4.000118e+03 3.963277e+03
5.9 3.942268e+03 3.989048e+03 3.999368e+03 3.952588e+03
6.9 3.972930e+03 3.996148e+03 3.998881e+03 3.975662e+03
7.9 4.006253e+03 4.006883e+03 3.998621e+03 3.997991e+03
8.9 4.014109e+03 4.008127e+03 3.998511e+03 4.004492e+03
9.9 4.034577e+03 4.000898e+03 3.998494e+03 4.032172e+03
10.9 3.996797e+03 3.996394e+03 3.998526e+03 3.998929e+03
11.9 3.993888e+03 4.002901e+03 3.998575e+03 3.989561e+03
12.9 4.005109e+03 4.010669e+03 3.998620e+03 3.993060e+03
13.9 3.991755e+03 4.009677e+03 3.998652e+03 3.980730e+03
14.9 3.982828e+03 4.003387e+03 3.998673e+03 3.978114e+03
15.9 3.981732e+03 3.999777e+03 3.998684e+03 3.980639e+03
16.9 4.009447e+03 4.006212e+03 3.998690e+03 4.001925e+03
17.9 4.021316e+03 4.008462e+03 3.998693e+03 4.011546e+03
18.9 4.018090e+03 4.001263e+03 3.998694e+03 4.015520e+03
19.9 3.979566e+03 3.994661e+03 3.998694e+03 3.983599e+03
20.9 3.978132e+03 3.991626e+03 3.998694e+03 3.985200e+03
21.9 4.005806e+03 3.990684e+03 3.998695e+03 4.013817e+03
0.2 4.008093e+03 3.990619e+03 3.998695e+03 4.016169e+03
1.2 3.981643e+03 3.991083e+03 3.998823e+03 3.989383e+03
2.2 3.991819e+03 3.992696e+03 3.999936e+03 3.999060e+03
3.2 3.962579e+03 3.994913e+03 4.001581e+03 3.969247e+03
4.2 3.956807e+03 3.996792e+03 4.001807e+03 3.961822e+03
5.2 3.983423e+03 3.997516e+03 4.000801e+03 3.986708e+03
6.2 4.011716e+03 3.999007e+03 3.999708e+03 4.012417e+03
7.2 3.964255e+03 4.002795e+03 3.998981e+03 3.960442e+03
8.2 3.996020e+03 4.005236e+03 3.998591e+03 3.989375e+03
9.2 3.981403e+03 4.004656e+03 3.998426e+03 3.975172e+03
10.2 4.003530e+03 4.006084e+03 3.998399e+03 3.995845e+03
11.2 4.021434e+03 4.008894e+03 3.998445e+03 4.010986e+03
12.2 4.021283e+03 4.007260e+03 3.998517e+03 4.012540e+03
13.2 4.004769e+03 4.002179e+03 3.998582e+03 4.001172e+03
14.2 3.996523e+03 4.001189e+03 3.998631e+03 3.993964e+03
15.2 4.006942e+03 4.004267e+03 3.998661e+03 4.001337e+03
16.2 3.993651e+03 4.000354e+03 3.998678e+03 3.991975e+03
17.2 3.976644e+03 3.995255e+03 3.998687e+03 3.980077e+03
18.2 3.989148e+03 3.997393e+03 3.998691e+03 3.990446e+03
19.2 3.975854e+03 4.003307e+03 3.998693e+03 3.971240e+03
20.2 3.998732e+03 4.003352e+03 3.998696e+03 3.994076e+03
21.2 3.992891e+03 3.997180e+03 3.999006e+03 3.994717e+03
0.5 3.998732e+03 4.003352e+03 3.998696e+03 3.994076e+03
1.5 3.992891e+03 3.997180e+03 3.999006e+03 3.994717e+03
2.5 3.978999e+03 3.993946e+03 4.000462e+03 3.985516e+03
3.5 3.989875e+03 3.994364e+03 4.002322e+03 3.997833e+03
4.5 3.989510e+03 3.995553e+03 4.002730e+03 3.996687e+03
5.5 3.978506e+03 3.996323e+03 4.001562e+03 3.983745e+03
6.5 3.982862e+03 3.995650e+03 4.000137e+03 3.987348e+03
7.5 3.977031e+03 3.996582e+03 3.999139e+03 3.979588e+03
8.5 3.972010e+03 4.000343e+03 3.998590e+03 3.970258e+03
9.5 4.020903e+03 3.999907e+03 3.998352e+03 4.019348e+03
10.5 3.997858e+03 3.994638e+03 3.998304e+03 4.001525e+03
11.5 3.995435e+03 3.991681e+03 3.998360e+03 4.002114e+03
12.5 3.989288e+03 3.994138e+03 3.998452e+03 3.993602e+03
13.5 4.005246e+03 3.999163e+03 3.998539e+03 4.004622e+03
14.5 4.024664e+03 3.998397e+03 3.998605e+03 4.024872e+03
15.5 3.992445e+03 3.993666e+03 3.998647e+03 3.997426e+03
16.5 3.981502e+03 3.991253e+03 3.998671e+03 3.988920e+03
17.5 3.957800e+03 3.991045e+03 3.998684e+03 3.965439e+03
18.5 3.999479e+03 3.991462e+03 3.998690e+03 4.006708e+03
19.5 3.996773e+03 3.993043e+03 3.998693e+03 4.002423e+03
20.5 4.003720e+03 3.997137e+03 3.998694e+03 4.005277e+03
21.5 3.998515e+03 4.000177e+03 3.998694e+03 3.997032e+03
0.9 4.002391e+03 4.007847e+03 3.998726e+03 3.993270e+03
1.9 3.966614e+03 3.999066e+03 3.999435e+03 3.966984e+03
2.9 3.982122e+03 3.994118e+03 4.000691e+03 3.988695e+03
3.9 4.026870e+03 3.989401e+03 4.000842e+03 4.038311e+03
4.9 4.017107e+03 3.986741e+03 4.000120e+03 4.030486e+03
5.9 4.030345e+03 3.987346e+03 3.999369e+03 4.042368e+03
6.9 4.007894e+03 3.989168e+03 3.998892e+03 4.017617e+03
7.9 4.007617e+03 3.991316e+03 3.999159e+03 4.015459e+03
8.9 3.998303e+03 3.994111e+03 4.000730e+03 4.004922e+03
9.9 3.991812e+03 3.996362e+03 4.002394e+03 3.997844e+03
10.9 4.001842e+03 3.994630e+03 4.002387e+03 4.009599e+03
11.9 3.998405e+03 3.992402e+03 4.001099e+03 4.007102e+03
12.9 3.972099e+03 3.995962e+03 3.999789e+03 3.975927e+03
13.9 3.993347e+03 4.000376e+03 3.998936e+03 3.991906e+03
14.9 3.996942e+03 4.001452e+03 3.998491e+03 3.993981e+03
15.9 4.028851e+03 3.999289e+03 3.998317e+03 4.027879e+03
16.9 3.996726e+03 3.996277e+03 3.998306e+03 3.998755e+03
17.9 4.017443e+03 3.995201e+03 3.998377e+03 4.020619e+03
18.9 4.000887e+03 3.999146e+03 3.998472e+03 4.000214e+03
19.9 3.995672e+03 4.002976e+03 3.998556e+03 3.991253e+03
20.9 4.028781e+03 3.999101e+03 3.998617e+03 4.028296e+03
21.9 4.001680e+03 3.993673e+03 3.998654e+03 4.006662e+03
0.7 4.007894e+03 3.989168e+03 3.998892e+03 4.017617e+03
1.7 4.007617e+03 3.991316e+03 3.999159e+03 4.015459e+03
2.7 3.998303e+03 3.994111e+03 4.000730e+03 4.004922e+03
3.7 3.991812e+03 3.996362e+03 4.002394e+03 3.997844e+03
4.7 4.001842e+03 3.994630e+03 4.002387e+03 4.009599e+03
5.7 3.998405e+03 3.992402e+03 4.001099e+03 4.007102e+03
6.7 3.972099e+03 3.995962e+03 3.999789e+03 3.975927e+03
7.7 3.993347e+03 4.000376e+03 3.998936e+03 3.991906e+03
8.7 3.996942e+03 4.001452e+03 3.998491e+03 3.993981e+03
9.7 4.028851e+03 3.999289e+03 3.998317e+03 4.027879e+03
10.7 3.996726e+03 3.996277e+03 3.998306e+03 3.998755e+03
11.7 4.017443e+03 3.995201e+03 3.998377e+03 4.020619e+03
12.7 4.000887e+03 3.999146e+03 3.998472e+03 4.000214e+03
13.7 3.995672e+03 4.002976e+03 3.998556e+03 3.991253e+03
14.7 4.028781e+03 3.999101e+03 3.998617e+03 4.028296e+03
15.7 4.001680e+03 3.993673e+03 3.998654e+03 4.006662e+03
16.7 3.964803e+03 3.991350e+03 3.998675e+03 3.972128e+03
17.7 3.994617e+03 3.991016e+03 3.998686e+03 4.002286e+03
18.7 3.987557e+03 3.991264e+03 3.998691e+03 3.994984e+03
19.7 4.005442e+03 3.991663e+03 3.998693e+03 4.012473e+03
20.7 3.988524e+03 3.995253e+03 3.998694e+03 3.991965e+03
21.7 4.007030e+03 4.006334e+03 3.998694e+03 3.999390e+03
0.9 4.013362e+03 3.999267e+03 3.998726e+03 4.012821e+03
1.9 4.033325e+03 3.995186e+03 3.999449e+03 4.037587e+03
2.9 4.002067e+03 3.994850e+03 4.001257e+03 4.008474e+03
3.9 4.019658e+03 3.995195e+03 4.002704e+03 4.027167e+03
4.9 4.007402e+03 3.992121e+03 4.002322e+03 4.017602e+03
5.9 3.983787e+03 3.989677e+03 4.000913e+03 3.995023e+03
6.9 3.980768e+03 3.997361e+03 3.999647e+03 3.983054e+03
7.9 3.995522e+03 4.008780e+03 3.998860e+03 3.985603e+03
8.9 4.024831e+03 4.010950e+03 3.998463e+03 4.012344e+03
9.9 3.979912e+03 4.005694e+03 3.998318e+03 3.972537e+03
10.9 3.991284e+03 3.999373e+03 3.998323e+03 3.990235e+03
11.9 3.975649e+03 3.994919e+03 3.998400e+03 3.979131e+03
12.9 3.996327e+03 3.992419e+03 3.998493e+03 4.002401e+03
13.9 3.993347e+03 3.991295e+03 3.998571e+03 4.000624e+03
14.9 3.977126e+03 3.991045e+03 3.998626e+03 3.984707e+03
