0.7 9.332120e+03 9.363801e+03 9.362146e+03 9.330465e+03
1.7 9.356943e+03 9.360383e+03 9.367511e+03 9.364070e+03
2.7 9.386445e+03 9.373781e+03 9.385404e+03 9.398067e+03
3.7 9.401471e+03 9.390562e+03 9.403862e+03 9.414772e+03
4.7 9.423476e+03 9.393702e+03 9.404031e+03 9.433806e+03
5.7 9.360261e+03 9.384071e+03 9.389779e+03 9.365969e+03
6.7 9.337166e+03 9.369772e+03 9.375034e+03 9.342428e+03
7.7 9.344674e+03 9.360925e+03 9.365319e+03 9.349067e+03
8.7 9.348108e+03 9.366879e+03 9.360188e+03 9.341416e+03
9.7 9.365202e+03 9.375891e+03 9.358114e+03 9.347426e+03
10.7 9.365475e+03 9.372314e+03 9.357894e+03 9.351055e+03
11.7 9.369093e+03 9.370199e+03 9.358620e+03 9.357514e+03
12.7 9.329495e+03 9.379578e+03 9.359631e+03 9.309548e+03
13.7 9.377513e+03 9.386618e+03 9.360537e+03 9.351432e+03
14.7 9.391103e+03 9.378456e+03 9.361194e+03 9.373841e+03
15.7 9.350465e+03 9.364722e+03 9.361605e+03 9.347348e+03
16.7 9.339789e+03 9.354949e+03 9.361835e+03 9.346675e+03
17.7 9.350021e+03 9.350525e+03 9.361952e+03 9.361449e+03
18.7 9.358546e+03 9.353501e+03 9.362008e+03 9.367054e+03
19.7 9.365744e+03 9.360742e+03 9.362033e+03 9.367035e+03
20.7 9.354598e+03 9.361738e+03 9.362043e+03 9.354903e+03
21.7 9.348386e+03 9.359601e+03 9.362048e+03 9.350832e+03
0.9 9.365042e+03 9.350823e+03 9.362343e+03 9.376561e+03
1.9 9.363331e+03 9.358362e+03 9.369776e+03 9.374745e+03
2.9 9.386358e+03 9.376925e+03 9.388033e+03 9.397466e+03
3.9 9.380250e+03 9.385621e+03 9.396970e+03 9.391598e+03
4.9 9.378977e+03 9.378291e+03 9.389149e+03 9.389835e+03
5.9 9.350154e+03 9.373802e+03 9.376679e+03 9.353031e+03
6.9 9.362707e+03 9.373839e+03 9.367369e+03 9.356236e+03
7.9 9.387614e+03 9.367468e+03 9.362049e+03 9.382195e+03
8.9 9.373047e+03 9.359797e+03 9.359548e+03 9.372799e+03
9.9 9.346930e+03 9.364585e+03 9.358831e+03 9.341176e+03
10.9 9.374867e+03 9.376005e+03 9.359131e+03 9.357993e+03
11.9 9.425486e+03 9.375091e+03 9.359858e+03 9.410252e+03
12.9 9.375304e+03 9.368923e+03 9.360612e+03 9.366993e+03
13.9 9.351025e+03 9.370750e+03 9.361204e+03 9.341479e+03
14.9 9.357774e+03 9.374884e+03 9.361596e+03 9.344487e+03
15.9 9.389530e+03 9.370098e+03 9.361825e+03 9.381256e+03
16.9 9.354401e+03 9.360465e+03 9.361945e+03 9.355881e+03
17.9 9.338407e+03 9.354897e+03 9.362004e+03 9.345514e+03
18.9 9.351125e+03 9.359503e+03 9.362031e+03 9.353653e+03
19.9 9.418837e+03 9.363611e+03 9.362042e+03 9.417269e+03
20.9 9.377315e+03 9.359880e+03 9.362047e+03 9.379483e+03
21.9 9.359335e+03 9.355569e+03 9.362049e+03 9.365815e+03
0.1 9.358015e+03 9.360230e+03 9.362050e+03 9.359835e+03
1.1 9.350026e+03 9.355224e+03 9.362744e+03 9.357545e+03
2.1 9.357521e+03 9.361933e+03 9.372448e+03 9.368036e+03
3.1 9.358944e+03 9.381046e+03 9.392756e+03 9.370654e+03
4.1 9.367947e+03 9.393822e+03 9.406006e+03 9.380130e+03
5.1 9.392392e+03 9.386378e+03 9.399348e+03 9.405361e+03
6.1 9.351609e+03 9.375429e+03 9.383783e+03 9.359963e+03
7.1 9.367330e+03 9.371782e+03 9.370808e+03 9.366357e+03
8.1 9.378533e+03 9.364924e+03 9.363009e+03 9.376618e+03
9.1 9.368552e+03 9.356286e+03 9.359189e+03 9.371454e+03
10.1 9.388820e+03 9.351180e+03 9.357918e+03 9.395559e+03
11.1 9.402311e+03 9.353416e+03 9.358130e+03 9.407025e+03
12.1 9.396009e+03 9.360758e+03 9.359012e+03 9.394263e+03
13.1 9.413599e+03 9.362357e+03 9.360005e+03 9.411247e+03
14.1 9.378885e+03 9.357873e+03 9.360819e+03 9.381832e+03
15.1 9.335035e+03 9.355122e+03 9.361376e+03 9.341289e+03
16.1 9.345429e+03 9.362788e+03 9.361709e+03 9.344350e+03
17.1 9.360584e+03 9.372603e+03 9.361889e+03 9.349870e+03
18.1 9.353573e+03 9.374509e+03 9.361979e+03 9.341043e+03
19.1 9.359839e+03 9.368188e+03 9.362020e+03 9.353671e+03
20.1 9.376711e+03 9.362709e+03 9.362038e+03 9.376040e+03
21.1 9.370819e+03 9.367954e+03 9.362046e+03 9.364911e+03
0.1 9.380065e+03 9.376608e+03 9.362050e+03 9.365507e+03
1.1 9.355657e+03 9.374571e+03 9.362938e+03 9.344024e+03
2.1 9.369481e+03 9.376881e+03 9.373421e+03 9.366021e+03
3.1 9.388543e+03 9.389782e+03 9.393966e+03 9.392727e+03
4.1 9.413774e+03 9.398266e+03 9.406522e+03 9.422030e+03
5.1 9.414000e+03 9.393318e+03 9.399171e+03 9.419853e+03
6.1 9.404608e+03 9.383119e+03 9.383419e+03 9.404908e+03
7.1 9.411130e+03 9.374950e+03 9.370506e+03 9.406686e+03
8.1 9.359451e+03 9.369403e+03 9.362805e+03 9.352853e+03
9.1 9.318043e+03 9.362611e+03 9.359067e+03 9.314500e+03
10.1 9.296944e+03 9.358920e+03 9.357860e+03 9.295884e+03
11.1 9.336690e+03 9.359724e+03 9.358113e+03 9.335080e+03
12.1 9.327013e+03 9.357000e+03 9.359018e+03 9.329030e+03
13.1 9.300079e+03 9.354520e+03 9.360019e+03 9.305578e+03
14.1 9.355737e+03 9.360651e+03 9.360832e+03 9.355917e+03
15.1 9.340996e+03 9.370813e+03 9.361385e+03 9.331568e+03
16.1 9.344076e+03 9.372486e+03 9.361714e+03 9.333303e+03
17.1 9.342991e+03 9.366943e+03 9.361892e+03 9.337940e+03
18.1 9.391553e+03 9.369096e+03 9.361980e+03 9.384437e+03
19.1 9.401777e+03 9.377297e+03 9.362021e+03 9.386501e+03
20.1 9.406594e+03 9.380335e+03 9.362038e+03 9.388298e+03
21.1 9.436147e+03 9.376215e+03 9.362046e+03 9.421978e+03
1.0 9.392664e+03 9.367527e+03 9.362581e+03 9.387719e+03
2.0 9.359394e+03 9.367570e+03 9.371514e+03 9.363338e+03
3.0 9.354787e+03 9.380280e+03 9.389962e+03 9.364469e+03
4.0 9.338588e+03 9.383558e+03 9.396753e+03 9.351783e+03
5.0 9.330096e+03 9.372494e+03 9.387728e+03 9.345330e+03
6.0 9.322020e+03 9.361622e+03 9.376645e+03 9.337043e+03
7.0 9.304438e+03 9.365858e+03 9.379470e+03 9.318050e+03
8.0 9.335834e+03 9.380483e+03 9.392697e+03 9.348049e+03
9.0 9.375529e+03 9.381678e+03 9.393775e+03 9.387626e+03
10.0 9.351700e+03 9.370045e+03 9.382522e+03 9.364176e+03
11.0 9.328106e+03 9.358869e+03 9.370792e+03 9.340029e+03
12.0 9.317732e+03 9.352366e+03 9.363370e+03 9.328736e+03
13.0 9.338010e+03 9.349420e+03 9.359738e+03 9.348329e+03
14.0 9.361827e+03 9.352888e+03 9.362832e+03 9.371770e+03
15.0 9.375695e+03 9.367206e+03 9.376766e+03 9.385255e+03
16.0 9.373616e+03 9.377288e+03 9.383218e+03 9.379546e+03
17.0 9.417091e+03 9.375713e+03 9.377916e+03 9.419294e+03
18.0 9.443172e+03 9.368869e+03 9.370087e+03 9.444390e+03
19.0 9.398218e+03 9.367896e+03 9.364536e+03 9.394857e+03
20.0 9.363619e+03 9.365881e+03 9.361472e+03 9.359210e+03
21.0 9.322994e+03 9.359084e+03 9.360091e+03 9.324002e+03
22.0 9.339978e+03 9.354482e+03 9.359774e+03 9.345270e+03
0.2 9.330096e+03 9.372494e+03 9.387728e+03 9.345330e+03
1.2 9.322020e+03 9.361622e+03 9.376645e+03 9.337043e+03
2.2 9.304438e+03 9.365858e+03 9.379470e+03 9.318050e+03
3.2 9.335834e+03 9.380483e+03 9.392697e+03 9.348049e+03
4.2 9.375529e+03 9.381678e+03 9.393775e+03 9.387626e+03
5.2 9.351700e+03 9.370045e+03 9.382522e+03 9.364176e+03
6.2 9.328106e+03 9.358869e+03 9.370792e+03 9.340029e+03
7.2 9.317732e+03 9.352366e+03 9.363370e+03 9.328736e+03
8.2 9.338010e+03 9.349420e+03 9.359738e+03 9.348329e+03
9.2 9.361827e+03 9.352888e+03 9.362832e+03 9.371770e+03
10.2 9.375695e+03 9.367206e+03 9.376766e+03 9.385255e+03
11.2 9.373616e+03 9.377288e+03 9.383218e+03 9.379546e+03
12.2 9.417091e+03 9.375713e+03 9.377916e+03 9.419294e+03
13.2 9.443172e+03 9.368869e+03 9.370087e+03 9.444390e+03
14.2 9.398218e+03 9.367896e+03 9.364536e+03 9.394857e+03
15.2 9.363619e+03 9.365881e+03 9.361472e+03 9.359210e+03
16.2 9.322994e+03 9.359084e+03 9.360091e+03 9.324002e+03
17.2 9.339978e+03 9.354482e+03 9.359774e+03 9.345270e+03
18.2 9.315293e+03 9.359192e+03 9.360062e+03 9.316164e+03
19.2 9.303519e+03 9.369491e+03 9.360589e+03 9.294617e+03
20.2 9.372015e+03 9.375230e+03 9.361107e+03 9.357893e+03
21.2 9.377244e+03 9.375269e+03 9.361503e+03 9.363478e+03
0.6 9.338010e+03 9.349420e+03 9.359738e+03 9.348329e+03
1.6 9.361827e+03 9.352888e+03 9.362832e+03 9.371770e+03
2.6 9.375695e+03 9.367206e+03 9.376766e+03 9.385255e+03
3.6 9.373616e+03 9.377288e+03 9.383218e+03 9.379546e+03
4.6 9.417091e+03 9.375713e+03 9.377916e+03 9.419294e+03
5.6 9.443172e+03 9.368869e+03 9.370087e+03 9.444390e+03
6.6 9.398218e+03 9.367896e+03 9.364536e+03 9.394857e+03
7.6 9.363619e+03 9.365881e+03 9.361472e+03 9.359210e+03
8.6 9.322994e+03 9.359084e+03 9.360091e+03 9.324002e+03
9.6 9.339978e+03 9.354482e+03 9.359774e+03 9.345270e+03
10.6 9.315293e+03 9.359192e+03 9.360062e+03 9.316164e+03
11.6 9.303519e+03 9.369491e+03 9.360589e+03 9.294617e+03
12.6 9.372015e+03 9.375230e+03 9.361107e+03 9.357893e+03
13.6 9.377244e+03 9.375269e+03 9.361503e+03 9.363478e+03
14.6 9.335923e+03 9.374196e+03 9.361760e+03 9.323487e+03
15.6 9.335305e+03 9.373119e+03 9.361908e+03 9.324093e+03
16.6 9.355690e+03 9.366560e+03 9.361984e+03 9.351114e+03
17.6 9.358238e+03 9.362614e+03 9.362022e+03 9.357646e+03
18.6 9.383810e+03 9.365349e+03 9.362038e+03 9.380499e+03
19.6 9.395420e+03 9.362749e+03 9.362045e+03 9.394716e+03
20.6 9.457530e+03 9.356567e+03 9.362048e+03 9.463012e+03
21.6 9.442897e+03 9.352219e+03 9.362050e+03 9.452727e+03
0.7 9.354057e+03 9.376469e+03 9.362146e+03 9.339734e+03
1.7 9.356053e+03 9.372058e+03 9.367511e+03 9.351506e+03
2.7 9.406477e+03 9.380633e+03 9.384875e+03 9.410718e+03
3.7 9.413520e+03 9.388982e+03 9.396835e+03 9.421373e+03
4.7 9.379879e+03 9.385630e+03 9.391178e+03 9.385427e+03
5.7 9.371783e+03 9.373701e+03 9.378691e+03 9.376773e+03
6.7 9.360000e+03 9.361541e+03 9.368657e+03 9.367117e+03
7.7 9.340775e+03 9.355439e+03 9.362726e+03 9.348062e+03
8.7 9.339161e+03 9.359992e+03 9.359826e+03 9.338996e+03
9.7 9.365792e+03 9.366449e+03 9.358862e+03 9.358206e+03
10.7 9.367546e+03 9.363756e+03 9.359035e+03 9.362824e+03
11.7 9.374115e+03 9.357217e+03 9.359723e+03 9.376620e+03
12.7 9.361722e+03 9.352743e+03 9.360491e+03 9.369471e+03
13.7 9.384853e+03 9.350685e+03 9.361117e+03 9.395285e+03
14.7 9.387324e+03 9.349980e+03 9.361542e+03 9.398886e+03
15.7 9.355212e+03 9.350007e+03 9.361794e+03 9.367000e+03
16.7 9.368685e+03 9.353802e+03 9.361930e+03 9.376813e+03
17.7 9.384427e+03 9.365920e+03 9.361997e+03 9.380504e+03
18.7 9.377142e+03 9.374939e+03 9.362028e+03 9.364231e+03
19.7 9.338513e+03 9.374192e+03 9.362052e+03 9.326373e+03
20.7 9.342215e+03 9.369697e+03 9.365164e+03 9.337682e+03
21.7 9.370711e+03 9.377202e+03 9.380431e+03 9.373940e+03
0.5 9.338513e+03 9.374192e+03 9.362052e+03 9.326373e+03
1.5 9.342215e+03 9.369697e+03 9.365164e+03 9.337682e+03
2.5 9.370711e+03 9.377202e+03 9.380431e+03 9.373940e+03
3.5 9.391261e+03 9.387535e+03 9.396096e+03 9.399822e+03
4.5 9.384481e+03 9.381723e+03 9.394205e+03 9.396963e+03
5.5 9.348756e+03 9.367765e+03 9.382032e+03 9.363023e+03
6.5 9.353055e+03 9.356971e+03 9.370861e+03 9.366945e+03
7.5 9.339490e+03 9.351177e+03 9.363882e+03 9.352195e+03
8.5 9.336841e+03 9.348715e+03 9.360297e+03 9.348423e+03
9.5 9.338630e+03 9.348174e+03 9.358940e+03 9.349396e+03
10.5 9.365580e+03 9.352246e+03 9.362502e+03 9.375836e+03
11.5 9.397163e+03 9.366724e+03 9.376747e+03 9.407186e+03
12.5 9.394527e+03 9.373722e+03 9.384517e+03 9.405322e+03
13.5 9.357090e+03 9.367787e+03 9.379665e+03 9.368968e+03
14.5 9.370100e+03 9.359681e+03 9.371450e+03 9.381869e+03
15.5 9.365706e+03 9.354900e+03 9.365371e+03 9.376176e+03
16.5 9.358191e+03 9.359859e+03 9.361918e+03 9.360250e+03
17.5 9.381139e+03 9.369083e+03 9.360293e+03 9.372348e+03
18.5 9.368530e+03 9.367461e+03 9.359833e+03 9.360902e+03
19.5 9.344415e+03 9.360476e+03 9.360051e+03 9.343990e+03
20.5 9.352670e+03 9.359868e+03 9.360553e+03 9.353355e+03
21.5 9.356006e+03 9.369325e+03 9.361072e+03 9.347753e+03
0.5 9.338630e+03 9.348174e+03 9.358940e+03 9.349396e+03
1.5 9.365580e+03 9.352246e+03 9.362502e+03 9.375836e+03
2.5 9.397163e+03 9.366724e+03 9.376747e+03 9.407186e+03
3.5 9.394527e+03 9.373722e+03 9.384517e+03 9.405322e+03
4.5 9.357090e+03 9.367787e+03 9.379665e+03 9.368968e+03
5.5 9.370100e+03 9.359681e+03 9.371450e+03 9.381869e+03
6.5 9.365706e+03 9.354900e+03 9.365371e+03 9.376176e+03
7.5 9.358191e+03 9.359859e+03 9.361918e+03 9.360250e+03
8.5 9.381139e+03 9.369083e+03 9.360293e+03 9.372348e+03
9.5 9.368530e+03 9.367461e+03 9.359833e+03 9.360902e+03
10.5 9.344415e+03 9.360476e+03 9.360051e+03 9.343990e+03
11.5 9.352670e+03 9.359868e+03 9.360553e+03 9.353355e+03
12.5 9.356006e+03 9.369325e+03 9.361072e+03 9.347753e+03
13.5 9.363841e+03 9.377825e+03 9.361477e+03 9.347493e+03
14.5 9.380511e+03 9.373734e+03 9.361743e+03 9.368520e+03
15.5 9.362126e+03 9.364148e+03 9.361898e+03 9.359876e+03
16.5 9.327145e+03 9.364605e+03 9.361980e+03 9.324520e+03
17.5 9.355835e+03 9.372093e+03 9.362019e+03 9.345762e+03
18.5 9.397805e+03 9.374333e+03 9.362037e+03 9.385510e+03
19.5 9.334490e+03 9.368500e+03 9.362045e+03 9.328035e+03
20.5 9.332236e+03 9.360232e+03 9.362048e+03 9.334052e+03
21.5 9.333818e+03 9.354147e+03 9.362050e+03 9.341720e+03
