0.7 1.051947e+04 1.054552e+04 1.053911e+04 1.051305e+04
1.7 1.057865e+04 1.053855e+04 1.054480e+04 1.058491e+04
2.7 1.057231e+04 1.055008e+04 1.056379e+04 1.058601e+04
3.7 1.052559e+04 1.056622e+04 1.058337e+04 1.054274e+04
4.7 1.056446e+04 1.056650e+04 1.058355e+04 1.058151e+04
5.7 1.054405e+04 1.055317e+04 1.056843e+04 1.055931e+04
6.7 1.053645e+04 1.053844e+04 1.055278e+04 1.055079e+04
7.7 1.053435e+04 1.053194e+04 1.054247e+04 1.054489e+04
8.7 1.050775e+04 1.054338e+04 1.053703e+04 1.050140e+04
9.7 1.054476e+04 1.055758e+04 1.053483e+04 1.052201e+04
10.7 1.053926e+04 1.055600e+04 1.053459e+04 1.051785e+04
11.7 1.056425e+04 1.055456e+04 1.053536e+04 1.054506e+04
12.7 1.049272e+04 1.056570e+04 1.053644e+04 1.046345e+04
13.7 1.054862e+04 1.057355e+04 1.053740e+04 1.051247e+04
14.7 1.055930e+04 1.056380e+04 1.053810e+04 1.053360e+04
15.7 1.052906e+04 1.054628e+04 1.053853e+04 1.052131e+04
16.7 1.052206e+04 1.053222e+04 1.053878e+04 1.052862e+04
17.7 1.049225e+04 1.052513e+04 1.053890e+04 1.050602e+04
18.7 1.051760e+04 1.053046e+04 1.053896e+04 1.052610e+04
19.7 1.052762e+04 1.054331e+04 1.053899e+04 1.052329e+04
20.7 1.050968e+04 1.054686e+04 1.053900e+04 1.050182e+04
21.7 1.051335e+04 1.054485e+04 1.053900e+04 1.050751e+04
0.9 1.049329e+04 1.052354e+04 1.053932e+04 1.050907e+04
1.9 1.048123e+04 1.053080e+04 1.054720e+04 1.049763e+04
2.9 1.052695e+04 1.055043e+04 1.056658e+04 1.054310e+04
3.9 1.054872e+04 1.056085e+04 1.057606e+04 1.056393e+04
4.9 1.055001e+04 1.055584e+04 1.056776e+04 1.056193e+04
5.9 1.053286e+04 1.055402e+04 1.055453e+04 1.053337e+04
6.9 1.057005e+04 1.055610e+04 1.054465e+04 1.055860e+04
7.9 1.055465e+04 1.055008e+04 1.053900e+04 1.054357e+04
8.9 1.051946e+04 1.054095e+04 1.053635e+04 1.051486e+04
9.9 1.053796e+04 1.054588e+04 1.053559e+04 1.052766e+04
10.9 1.054715e+04 1.055916e+04 1.053591e+04 1.052389e+04
11.9 1.058778e+04 1.055863e+04 1.053668e+04 1.056583e+04
12.9 1.050787e+04 1.055164e+04 1.053748e+04 1.049370e+04
13.9 1.053796e+04 1.055365e+04 1.053811e+04 1.052242e+04
14.9 1.051927e+04 1.055822e+04 1.053852e+04 1.049958e+04
15.9 1.058711e+04 1.055277e+04 1.053877e+04 1.057311e+04
16.9 1.050656e+04 1.054088e+04 1.053889e+04 1.050457e+04
17.9 1.050330e+04 1.053222e+04 1.053896e+04 1.051004e+04
18.9 1.057031e+04 1.053544e+04 1.053898e+04 1.057385e+04
19.9 1.058803e+04 1.054003e+04 1.053900e+04 1.058700e+04
20.9 1.051644e+04 1.053715e+04 1.053900e+04 1.051829e+04
21.9 1.055205e+04 1.053226e+04 1.053900e+04 1.055880e+04
0.1 1.051208e+04 1.054622e+04 1.053900e+04 1.050485e+04
1.1 1.051942e+04 1.053620e+04 1.053974e+04 1.052296e+04
2.1 1.052607e+04 1.053899e+04 1.055004e+04 1.053712e+04
3.1 1.053588e+04 1.055652e+04 1.057159e+04 1.055095e+04
4.1 1.059200e+04 1.056906e+04 1.058565e+04 1.060859e+04
5.1 1.060568e+04 1.056270e+04 1.057858e+04 1.062156e+04
6.1 1.055323e+04 1.055277e+04 1.056207e+04 1.056253e+04
7.1 1.053067e+04 1.054971e+04 1.054830e+04 1.052926e+04
8.1 1.059788e+04 1.054363e+04 1.054002e+04 1.059427e+04
9.1 1.055215e+04 1.053444e+04 1.053597e+04 1.055368e+04
10.1 1.057758e+04 1.052772e+04 1.053462e+04 1.058448e+04
11.1 1.058798e+04 1.053172e+04 1.053484e+04 1.059110e+04
12.1 1.056547e+04 1.054426e+04 1.053578e+04 1.055700e+04
13.1 1.059254e+04 1.054828e+04 1.053683e+04 1.058110e+04
14.1 1.059283e+04 1.054195e+04 1.053770e+04 1.058858e+04
15.1 1.055761e+04 1.053540e+04 1.053829e+04 1.056050e+04
16.1 1.055098e+04 1.054224e+04 1.053864e+04 1.054738e+04
17.1 1.056940e+04 1.055093e+04 1.053883e+04 1.055731e+04
18.1 1.057059e+04 1.054781e+04 1.053893e+04 1.056170e+04
19.1 1.054643e+04 1.053846e+04 1.053897e+04 1.054694e+04
20.1 1.055460e+04 1.053369e+04 1.053899e+04 1.055990e+04
21.1 1.048968e+04 1.054330e+04 1.053900e+04 1.048538e+04
0.1 1.052606e+04 1.055055e+04 1.053900e+04 1.051451e+04
1.1 1.047665e+04 1.054518e+04 1.053995e+04 1.047142e+04
2.1 1.054111e+04 1.054761e+04 1.055107e+04 1.054457e+04
3.1 1.056751e+04 1.056287e+04 1.057287e+04 1.057752e+04
4.1 1.055882e+04 1.057269e+04 1.058619e+04 1.057232e+04
5.1 1.059845e+04 1.056528e+04 1.057839e+04 1.061157e+04
6.1 1.055355e+04 1.055628e+04 1.056168e+04 1.055894e+04
7.1 1.054876e+04 1.055212e+04 1.054798e+04 1.054462e+04
8.1 1.052275e+04 1.054466e+04 1.053981e+04 1.051790e+04
9.1 1.053890e+04 1.053516e+04 1.053584e+04 1.053957e+04
10.1 1.048154e+04 1.053375e+04 1.053456e+04 1.048236e+04
11.1 1.053487e+04 1.054001e+04 1.053483e+04 1.052968e+04
12.1 1.056518e+04 1.054007e+04 1.053579e+04 1.056090e+04
13.1 1.049194e+04 1.053680e+04 1.053685e+04 1.049199e+04
14.1 1.053091e+04 1.054271e+04 1.053771e+04 1.052591e+04
15.1 1.053508e+04 1.055399e+04 1.053830e+04 1.051939e+04
16.1 1.051517e+04 1.055575e+04 1.053865e+04 1.049807e+04
17.1 1.053639e+04 1.054907e+04 1.053884e+04 1.052616e+04
18.1 1.055189e+04 1.054971e+04 1.053893e+04 1.054111e+04
19.1 1.055796e+04 1.055689e+04 1.053897e+04 1.054004e+04
20.1 1.054601e+04 1.055684e+04 1.053899e+04 1.052816e+04
21.1 1.056016e+04 1.054743e+04 1.053900e+04 1.055173e+04
1.0 1.051680e+04 1.053660e+04 1.053957e+04 1.051977e+04
2.0 1.051743e+04 1.053785e+04 1.054905e+04 1.052862e+04
3.0 1.055046e+04 1.055303e+04 1.056862e+04 1.056605e+04
4.0 1.054819e+04 1.055894e+04 1.057583e+04 1.056508e+04
5.0 1.052280e+04 1.054989e+04 1.056625e+04 1.053917e+04
6.0 1.053924e+04 1.053882e+04 1.055449e+04 1.055491e+04
7.0 1.049859e+04 1.054236e+04 1.055749e+04 1.051372e+04
8.0 1.049522e+04 1.055692e+04 1.057152e+04 1.050983e+04
9.0 1.058043e+04 1.055897e+04 1.057267e+04 1.059413e+04
10.0 1.050372e+04 1.054787e+04 1.056073e+04 1.051657e+04
11.0 1.050681e+04 1.053552e+04 1.054828e+04 1.051957e+04
12.0 1.050592e+04 1.052737e+04 1.054041e+04 1.051895e+04
13.0 1.053163e+04 1.052326e+04 1.053655e+04 1.054492e+04
14.0 1.052877e+04 1.052640e+04 1.053983e+04 1.054221e+04
15.0 1.053399e+04 1.054119e+04 1.055462e+04 1.054742e+04
16.0 1.057686e+04 1.054921e+04 1.056147e+04 1.058911e+04
17.0 1.061850e+04 1.054486e+04 1.055584e+04 1.062947e+04
18.0 1.054903e+04 1.053880e+04 1.054753e+04 1.055777e+04
19.0 1.052694e+04 1.054213e+04 1.054164e+04 1.052645e+04
20.0 1.055553e+04 1.054429e+04 1.053839e+04 1.054963e+04
21.0 1.051409e+04 1.053908e+04 1.053693e+04 1.051194e+04
22.0 1.051596e+04 1.053354e+04 1.053659e+04 1.051901e+04
0.2 1.052280e+04 1.054989e+04 1.056625e+04 1.053917e+04
1.2 1.053924e+04 1.053882e+04 1.055449e+04 1.055491e+04
2.2 1.049859e+04 1.054236e+04 1.055749e+04 1.051372e+04
3.2 1.049522e+04 1.055692e+04 1.057152e+04 1.050983e+04
4.2 1.058043e+04 1.055897e+04 1.057267e+04 1.059413e+04
5.2 1.050372e+04 1.054787e+04 1.056073e+04 1.051657e+04
6.2 1.050681e+04 1.053552e+04 1.054828e+04 1.051957e+04
7.2 1.050592e+04 1.052737e+04 1.054041e+04 1.051895e+04
8.2 1.053163e+04 1.052326e+04 1.053655e+04 1.054492e+04
9.2 1.052877e+04 1.052640e+04 1.053983e+04 1.054221e+04
10.2 1.053399e+04 1.054119e+04 1.055462e+04 1.054742e+04
11.2 1.057686e+04 1.054921e+04 1.056147e+04 1.058911e+04
12.2 1.061850e+04 1.054486e+04 1.055584e+04 1.062947e+04
13.2 1.054903e+04 1.053880e+04 1.054753e+04 1.055777e+04
14.2 1.052694e+04 1.054213e+04 1.054164e+04 1.052645e+04
15.2 1.055553e+04 1.054429e+04 1.053839e+04 1.054963e+04
16.2 1.051409e+04 1.053908e+04 1.053693e+04 1.051194e+04
17.2 1.051596e+04 1.053354e+04 1.053659e+04 1.051901e+04
18.2 1.050076e+04 1.053877e+04 1.053690e+04 1.049889e+04
19.2 1.051102e+04 1.055138e+04 1.053745e+04 1.049710e+04
20.2 1.055540e+04 1.055624e+04 1.053800e+04 1.053716e+04
21.2 1.056556e+04 1.055121e+04 1.053842e+04 1.055277e+04
0.6 1.053163e+04 1.052326e+04 1.053655e+04 1.054492e+04
1.6 1.052877e+04 1.052640e+04 1.053983e+04 1.054221e+04
2.6 1.053399e+04 1.054119e+04 1.055462e+04 1.054742e+04
3.6 1.057686e+04 1.054921e+04 1.056147e+04 1.058911e+04
4.6 1.061850e+04 1.054486e+04 1.055584e+04 1.062947e+04
5.6 1.054903e+04 1.053880e+04 1.054753e+04 1.055777e+04
6.6 1.052694e+04 1.054213e+04 1.054164e+04 1.052645e+04
7.6 1.055553e+04 1.054429e+04 1.053839e+04 1.054963e+04
8.6 1.051409e+04 1.053908e+04 1.053693e+04 1.051194e+04
9.6 1.051596e+04 1.053354e+04 1.053659e+04 1.051901e+04
10.6 1.050076e+04 1.053877e+04 1.053690e+04 1.049889e+04
11.6 1.051102e+04 1.055138e+04 1.053745e+04 1.049710e+04
12.6 1.055540e+04 1.055624e+04 1.053800e+04 1.053716e+04
13.6 1.056556e+04 1.055121e+04 1.053842e+04 1.055277e+04
14.6 1.052367e+04 1.055100e+04 1.053870e+04 1.051136e+04
15.6 1.056067e+04 1.055525e+04 1.053885e+04 1.054426e+04
16.6 1.054735e+04 1.055110e+04 1.053893e+04 1.053518e+04
17.6 1.056603e+04 1.054601e+04 1.053897e+04 1.055900e+04
18.6 1.056030e+04 1.054659e+04 1.053899e+04 1.055270e+04
19.6 1.056907e+04 1.054277e+04 1.053900e+04 1.056530e+04
20.6 1.058658e+04 1.053486e+04 1.053900e+04 1.059072e+04
21.6 1.053065e+04 1.052801e+04 1.053900e+04 1.054164e+04
0.7 1.055265e+04 1.055499e+04 1.053911e+04 1.053677e+04
1.7 1.053517e+04 1.055126e+04 1.054480e+04 1.052871e+04
2.7 1.058449e+04 1.055933e+04 1.056322e+04 1.058839e+04
3.7 1.058268e+04 1.056542e+04 1.057592e+04 1.059318e+04
4.7 1.054085e+04 1.055717e+04 1.056991e+04 1.055359e+04
5.7 1.054046e+04 1.054281e+04 1.055666e+04 1.055431e+04
6.7 1.050328e+04 1.053125e+04 1.054602e+04 1.051805e+04
7.7 1.052976e+04 1.052726e+04 1.053972e+04 1.054222e+04
8.7 1.050498e+04 1.053608e+04 1.053664e+04 1.050554e+04
9.7 1.052403e+04 1.054657e+04 1.053562e+04 1.051308e+04
10.7 1.059199e+04 1.054566e+04 1.053581e+04 1.058214e+04
11.7 1.054955e+04 1.053788e+04 1.053653e+04 1.054821e+04
12.7 1.057982e+04 1.053055e+04 1.053735e+04 1.058662e+04
13.7 1.056509e+04 1.052598e+04 1.053801e+04 1.057713e+04
14.7 1.055937e+04 1.052370e+04 1.053847e+04 1.057413e+04
15.7 1.050859e+04 1.052296e+04 1.053873e+04 1.052436e+04
16.7 1.056966e+04 1.052756e+04 1.053888e+04 1.058098e+04
17.7 1.058740e+04 1.054311e+04 1.053895e+04 1.058324e+04
18.7 1.058799e+04 1.055157e+04 1.053898e+04 1.057541e+04
19.7 1.055964e+04 1.054694e+04 1.053901e+04 1.055171e+04
20.7 1.053015e+04 1.054104e+04 1.054231e+04 1.053142e+04
21.7 1.053850e+04 1.054984e+04 1.055851e+04 1.054716e+04
0.5 1.055964e+04 1.054694e+04 1.053901e+04 1.055171e+04
1.5 1.053015e+04 1.054104e+04 1.054231e+04 1.053142e+04
2.5 1.053850e+04 1.054984e+04 1.055851e+04 1.054716e+04
3.5 1.053999e+04 1.056214e+04 1.057513e+04 1.055298e+04
4.5 1.057364e+04 1.055861e+04 1.057312e+04 1.058815e+04
5.5 1.048794e+04 1.054538e+04 1.056021e+04 1.050277e+04
6.5 1.053006e+04 1.053346e+04 1.054835e+04 1.054495e+04
7.5 1.053724e+04 1.052621e+04 1.054095e+04 1.055198e+04
8.5 1.052765e+04 1.052271e+04 1.053714e+04 1.054208e+04
9.5 1.051371e+04 1.052159e+04 1.053570e+04 1.052783e+04
10.5 1.053521e+04 1.052561e+04 1.053948e+04 1.054908e+04
11.5 1.055054e+04 1.054092e+04 1.055460e+04 1.056422e+04
12.5 1.058391e+04 1.054974e+04 1.056284e+04 1.059702e+04
13.5 1.051667e+04 1.054524e+04 1.055770e+04 1.052913e+04
14.5 1.052607e+04 1.053650e+04 1.054898e+04 1.053855e+04
15.5 1.053670e+04 1.053044e+04 1.054253e+04 1.054879e+04
16.5 1.052301e+04 1.053662e+04 1.053886e+04 1.052525e+04
17.5 1.055597e+04 1.054893e+04 1.053714e+04 1.054418e+04
18.5 1.054516e+04 1.054890e+04 1.053665e+04 1.053291e+04
19.5 1.051546e+04 1.054051e+04 1.053688e+04 1.051183e+04
20.5 1.052876e+04 1.053788e+04 1.053742e+04 1.052830e+04
21.5 1.054966e+04 1.054707e+04 1.053797e+04 1.054056e+04
0.5 1.051371e+04 1.052159e+04 1.053570e+04 1.052783e+04
1.5 1.053521e+04 1.052561e+04 1.053948e+04 1.054908e+04
2.5 1.055054e+04 1.054092e+04 1.055460e+04 1.056422e+04
3.5 1.058391e+04 1.054974e+04 1.056284e+04 1.059702e+04
4.5 1.051667e+04 1.054524e+04 1.055770e+04 1.052913e+04
5.5 1.052607e+04 1.053650e+04 1.054898e+04 1.053855e+04
6.5 1.053670e+04 1.053044e+04 1.054253e+04 1.054879e+04
7.5 1.052301e+04 1.053662e+04 1.053886e+04 1.052525e+04
8.5 1.055597e+04 1.054893e+04 1.053714e+04 1.054418e+04
9.5 1.054516e+04 1.054890e+04 1.053665e+04 1.053291e+04
10.5 1.051546e+04 1.054051e+04 1.053688e+04 1.051183e+04
11.5 1.052876e+04 1.053788e+04 1.053742e+04 1.052830e+04
12.5 1.054966e+04 1.054707e+04 1.053797e+04 1.054056e+04
13.5 1.054805e+04 1.055602e+04 1.053840e+04 1.053043e+04
14.5 1.056748e+04 1.055256e+04 1.053868e+04 1.055360e+04
15.5 1.054305e+04 1.054273e+04 1.053884e+04 1.053916e+04
16.5 1.051497e+04 1.054385e+04 1.053893e+04 1.051006e+04
17.5 1.052873e+04 1.055180e+04 1.053897e+04 1.051590e+04
18.5 1.053237e+04 1.054953e+04 1.053899e+04 1.052183e+04
19.5 1.054639e+04 1.053988e+04 1.053900e+04 1.054551e+04
20.5 1.055167e+04 1.053089e+04 1.053900e+04 1.055979e+04
21.5 1.052778e+04 1.052544e+04 1.053900e+04 1.054135e+04
