0.5 7.631928e+03 7.631184e+03 7.626955e+03 7.627700e+03
1.5 7.654830e+03 7.639603e+03 7.627131e+03 7.642358e+03
2.5 7.647806e+03 7.637803e+03 7.627552e+03 7.637554e+03
3.5 7.669374e+03 7.628001e+03 7.627627e+03 7.669000e+03
4.5 7.640615e+03 7.615191e+03 7.627406e+03 7.652830e+03
5.5 7.660808e+03 7.608349e+03 7.627171e+03 7.679629e+03
6.5 7.666275e+03 7.608855e+03 7.627017e+03 7.684436e+03
7.5 7.632569e+03 7.612851e+03 7.626934e+03 7.646651e+03
8.5 7.604103e+03 7.616810e+03 7.626898e+03 7.614191e+03
9.5 7.632195e+03 7.622717e+03 7.626892e+03 7.636370e+03
10.5 7.619832e+03 7.636485e+03 7.626901e+03 7.610249e+03
11.5 7.624576e+03 7.650893e+03 7.626924e+03 7.600608e+03
12.5 7.676139e+03 7.652475e+03 7.627206e+03 7.650870e+03
13.5 7.682684e+03 7.642956e+03 7.627596e+03 7.667324e+03
14.5 7.679575e+03 7.632806e+03 7.627583e+03 7.674352e+03
15.5 7.702392e+03 7.633004e+03 7.627344e+03 7.696732e+03
16.5 7.701822e+03 7.641997e+03 7.627138e+03 7.686963e+03
17.5 7.679720e+03 7.643641e+03 7.627294e+03 7.663373e+03
18.5 7.641865e+03 7.636323e+03 7.627588e+03 7.633131e+03
19.5 7.568816e+03 7.629016e+03 7.627520e+03 7.567320e+03
20.5 7.629026e+03 7.631527e+03 7.627272e+03 7.624771e+03
0.8 7.624576e+03 7.650893e+03 7.626924e+03 7.600608e+03
1.8 7.676139e+03 7.652475e+03 7.627206e+03 7.650870e+03
2.8 7.682684e+03 7.642956e+03 7.627596e+03 7.667324e+03
3.8 7.679575e+03 7.632806e+03 7.627583e+03 7.674352e+03
4.8 7.702392e+03 7.633004e+03 7.627344e+03 7.696732e+03
5.8 7.701822e+03 7.641997e+03 7.627138e+03 7.686963e+03
6.8 7.679720e+03 7.643641e+03 7.627294e+03 7.663373e+03
7.8 7.641865e+03 7.636323e+03 7.627588e+03 7.633131e+03
8.8 7.568816e+03 7.629016e+03 7.627520e+03 7.567320e+03
9.8 7.629026e+03 7.631527e+03 7.627272e+03 7.624771e+03
10.8 7.607677e+03 7.641736e+03 7.627069e+03 7.593011e+03
11.8 7.602345e+03 7.646351e+03 7.627088e+03 7.583082e+03
12.8 7.612127e+03 7.640362e+03 7.627460e+03 7.599225e+03
13.8 7.640062e+03 7.631113e+03 7.627568e+03 7.636517e+03
14.8 7.622486e+03 7.624123e+03 7.627370e+03 7.625733e+03
15.8 7.591785e+03 7.620210e+03 7.627143e+03 7.598718e+03
16.8 7.627688e+03 7.618506e+03 7.626996e+03 7.636178e+03
17.8 7.614045e+03 7.618195e+03 7.626920e+03 7.622771e+03
18.8 7.608493e+03 7.621570e+03 7.626889e+03 7.613812e+03
19.8 7.655240e+03 7.632907e+03 7.626886e+03 7.649219e+03
20.8 7.603276e+03 7.641806e+03 7.627013e+03 7.588483e+03
0.8 7.701822e+03 7.641997e+03 7.627138e+03 7.686963e+03
1.8 7.679720e+03 7.643641e+03 7.627294e+03 7.663373e+03
2.8 7.641865e+03 7.636323e+03 7.627588e+03 7.633131e+03
3.8 7.568816e+03 7.629016e+03 7.627520e+03 7.567320e+03
4.8 7.629026e+03 7.631527e+03 7.627272e+03 7.624771e+03
5.8 7.607677e+03 7.641736e+03 7.627069e+03 7.593011e+03
6.8 7.602345e+03 7.646351e+03 7.627088e+03 7.583082e+03
7.8 7.612127e+03 7.640362e+03 7.627460e+03 7.599225e+03
8.8 7.640062e+03 7.631113e+03 7.627568e+03 7.636517e+03
9.8 7.622486e+03 7.624123e+03 7.627370e+03 7.625733e+03
10.8 7.591785e+03 7.620210e+03 7.627143e+03 7.598718e+03
11.8 7.627688e+03 7.618506e+03 7.626996e+03 7.636178e+03
12.8 7.614045e+03 7.618195e+03 7.626920e+03 7.622771e+03
13.8 7.608493e+03 7.621570e+03 7.626889e+03 7.613812e+03
14.8 7.655240e+03 7.632907e+03 7.626886e+03 7.649219e+03
15.8 7.603276e+03 7.641806e+03 7.627013e+03 7.588483e+03
16.8 7.604826e+03 7.639700e+03 7.627454e+03 7.592580e+03
17.8 7.622100e+03 7.634620e+03 7.627618e+03 7.615098e+03
18.8 7.652521e+03 7.636687e+03 7.627436e+03 7.643270e+03
19.8 7.682327e+03 7.635720e+03 7.627198e+03 7.673805e+03
20.8 7.662091e+03 7.628499e+03 7.627034e+03 7.660625e+03
0.4 7.607677e+03 7.641736e+03 7.627069e+03 7.593011e+03
1.4 7.602345e+03 7.646351e+03 7.627088e+03 7.583082e+03
2.4 7.612127e+03 7.640362e+03 7.627460e+03 7.599225e+03
3.4 7.640062e+03 7.631113e+03 7.627568e+03 7.636517e+03
4.4 7.622486e+03 7.624123e+03 7.627370e+03 7.625733e+03
5.4 7.591785e+03 7.620210e+03 7.627143e+03 7.598718e+03
6.4 7.627688e+03 7.618506e+03 7.626996e+03 7.636178e+03
7.4 7.614045e+03 7.618195e+03 7.626920e+03 7.622771e+03
8.4 7.608493e+03 7.621570e+03 7.626889e+03 7.613812e+03
9.4 7.655240e+03 7.632907e+03 7.626886e+03 7.649219e+03
10.4 7.603276e+03 7.641806e+03 7.627013e+03 7.588483e+03
11.4 7.604826e+03 7.639700e+03 7.627454e+03 7.592580e+03
12.4 7.622100e+03 7.634620e+03 7.627618e+03 7.615098e+03
13.4 7.652521e+03 7.636687e+03 7.627436e+03 7.643270e+03
14.4 7.682327e+03 7.635720e+03 7.627198e+03 7.673805e+03
15.4 7.662091e+03 7.628499e+03 7.627034e+03 7.660625e+03
16.4 7.616486e+03 7.624217e+03 7.626943e+03 7.619212e+03
17.4 7.605288e+03 7.631637e+03 7.626901e+03 7.600552e+03
18.4 7.596295e+03 7.645430e+03 7.626891e+03 7.577756e+03
19.4 7.630071e+03 7.649249e+03 7.626899e+03 7.607722e+03
20.4 7.644130e+03 7.638300e+03 7.626914e+03 7.632744e+03
0.4 7.655240e+03 7.632907e+03 7.626886e+03 7.649219e+03
1.4 7.603276e+03 7.641806e+03 7.627013e+03 7.588483e+03
2.4 7.604826e+03 7.639700e+03 7.627454e+03 7.592580e+03
3.4 7.622100e+03 7.634620e+03 7.627618e+03 7.615098e+03
4.4 7.652521e+03 7.636687e+03 7.627436e+03 7.643270e+03
5.4 7.682327e+03 7.635720e+03 7.627198e+03 7.673805e+03
6.4 7.662091e+03 7.628499e+03 7.627034e+03 7.660625e+03
7.4 7.616486e+03 7.624217e+03 7.626943e+03 7.619212e+03
8.4 7.605288e+03 7.631637e+03 7.626901e+03 7.600552e+03
9.4 7.596295e+03 7.645430e+03 7.626891e+03 7.577756e+03
10.4 7.630071e+03 7.649249e+03 7.626899e+03 7.607722e+03
11.4 7.644130e+03 7.638300e+03 7.626914e+03 7.632744e+03
12.4 7.649013e+03 7.620533e+03 7.626928e+03 7.655409e+03
13.4 7.597776e+03 7.604195e+03 7.626940e+03 7.620521e+03
14.4 7.613132e+03 7.598260e+03 7.627123e+03 7.641996e+03
15.4 7.628539e+03 7.603160e+03 7.627548e+03 7.652927e+03
16.4 7.618342e+03 7.610724e+03 7.627625e+03 7.635243e+03
17.4 7.574297e+03 7.617450e+03 7.627406e+03 7.584253e+03
18.4 7.609364e+03 7.629955e+03 7.627170e+03 7.606580e+03
19.4 7.642358e+03 7.647737e+03 7.627017e+03 7.621638e+03
20.4 7.656444e+03 7.656062e+03 7.626934e+03 7.627316e+03
0.5 7.597776e+03 7.604195e+03 7.626940e+03 7.620521e+03
1.5 7.613132e+03 7.598260e+03 7.627123e+03 7.641996e+03
2.5 7.628539e+03 7.603160e+03 7.627548e+03 7.652927e+03
3.5 7.618342e+03 7.610724e+03 7.627625e+03 7.635243e+03
4.5 7.574297e+03 7.617450e+03 7.627406e+03 7.584253e+03
5.5 7.609364e+03 7.629955e+03 7.627170e+03 7.606580e+03
6.5 7.642358e+03 7.647737e+03 7.627017e+03 7.621638e+03
7.5 7.656444e+03 7.656062e+03 7.626934e+03 7.627316e+03
8.5 7.679101e+03 7.647220e+03 7.626898e+03 7.658780e+03
9.5 7.622608e+03 7.634088e+03 7.626892e+03 7.615412e+03
10.5 7.558843e+03 7.626292e+03 7.626901e+03 7.559452e+03
11.5 7.590729e+03 7.625429e+03 7.626916e+03 7.592217e+03
12.5 7.623268e+03 7.627340e+03 7.626942e+03 7.622870e+03
13.5 7.682399e+03 7.627223e+03 7.627242e+03 7.682419e+03
14.5 7.660830e+03 7.624987e+03 7.627613e+03 7.663456e+03
15.5 7.599647e+03 7.622578e+03 7.627576e+03 7.604645e+03
16.5 7.586454e+03 7.623568e+03 7.627331e+03 7.590218e+03
17.5 7.634369e+03 7.634772e+03 7.627117e+03 7.626713e+03
18.5 7.635912e+03 7.645713e+03 7.626987e+03 7.617185e+03
19.5 7.619102e+03 7.642385e+03 7.626920e+03 7.603637e+03
20.5 7.645524e+03 7.639726e+03 7.626894e+03 7.632692e+03
0.8 7.623268e+03 7.627340e+03 7.626942e+03 7.622870e+03
1.8 7.682399e+03 7.627223e+03 7.627242e+03 7.682419e+03
2.8 7.660830e+03 7.624987e+03 7.627613e+03 7.663456e+03
3.8 7.599647e+03 7.622578e+03 7.627576e+03 7.604645e+03
4.8 7.586454e+03 7.623568e+03 7.627331e+03 7.590218e+03
5.8 7.634369e+03 7.634772e+03 7.627117e+03 7.626713e+03
6.8 7.635912e+03 7.645713e+03 7.626987e+03 7.617185e+03
7.8 7.619102e+03 7.642385e+03 7.626920e+03 7.603637e+03
8.8 7.645524e+03 7.639726e+03 7.626894e+03 7.632692e+03
9.8 7.614997e+03 7.648037e+03 7.626894e+03 7.593854e+03
10.8 7.636616e+03 7.654167e+03 7.626905e+03 7.609355e+03
11.8 7.656475e+03 7.645533e+03 7.626921e+03 7.637863e+03
12.8 7.666806e+03 7.632088e+03 7.626933e+03 7.661652e+03
13.8 7.614639e+03 7.623104e+03 7.626943e+03 7.618478e+03
14.8 7.623295e+03 7.619634e+03 7.626948e+03 7.630609e+03
15.8 7.650554e+03 7.625476e+03 7.626951e+03 7.652029e+03
16.8 7.648969e+03 7.636647e+03 7.626953e+03 7.639274e+03
17.8 7.641318e+03 7.637778e+03 7.626953e+03 7.630493e+03
18.8 7.629757e+03 7.633955e+03 7.626954e+03 7.622755e+03
19.8 7.645800e+03 7.636296e+03 7.626954e+03 7.636457e+03
20.8 7.666107e+03 7.633930e+03 7.626954e+03 7.659131e+03
1.0 7.601761e+03 7.640894e+03 7.626976e+03 7.587843e+03
2.0 7.643088e+03 7.645203e+03 7.627309e+03 7.625195e+03
3.0 7.642300e+03 7.638819e+03 7.627636e+03 7.631117e+03
4.0 7.576468e+03 7.630602e+03 7.627555e+03 7.573421e+03
5.0 7.597116e+03 7.624304e+03 7.627304e+03 7.600117e+03
6.0 7.589494e+03 7.616163e+03 7.627099e+03 7.600430e+03
7.0 7.579526e+03 7.604732e+03 7.626977e+03 7.601771e+03
8.0 7.576561e+03 7.597578e+03 7.626915e+03 7.605898e+03
9.0 7.594785e+03 7.599109e+03 7.626893e+03 7.622569e+03
10.0 7.616075e+03 7.606045e+03 7.626894e+03 7.636925e+03
11.0 7.639368e+03 7.615776e+03 7.626907e+03 7.650499e+03
12.0 7.659110e+03 7.631200e+03 7.626922e+03 7.654832e+03
13.0 7.653482e+03 7.646574e+03 7.626935e+03 7.633843e+03
14.0 7.652682e+03 7.648868e+03 7.626943e+03 7.630758e+03
15.0 7.617546e+03 7.639037e+03 7.626949e+03 7.605457e+03
16.0 7.576585e+03 7.629263e+03 7.626951e+03 7.574274e+03
17.0 7.630043e+03 7.625362e+03 7.626953e+03 7.631634e+03
18.0 7.624124e+03 7.626688e+03 7.626953e+03 7.624390e+03
19.0 7.615267e+03 7.627975e+03 7.626954e+03 7.614246e+03
20.0 7.642157e+03 7.624375e+03 7.626954e+03 7.644736e+03
21.0 7.618690e+03 7.616763e+03 7.626954e+03 7.628881e+03
0.6 7.617294e+03 7.633026e+03 7.626955e+03 7.611224e+03
1.6 7.638158e+03 7.639032e+03 7.627143e+03 7.626269e+03
2.6 7.608138e+03 7.636187e+03 7.627561e+03 7.599512e+03
3.6 7.544118e+03 7.629445e+03 7.627623e+03 7.542296e+03
4.6 7.607782e+03 7.626420e+03 7.627399e+03 7.608761e+03
5.6 7.660155e+03 7.633580e+03 7.627165e+03 7.653740e+03
6.6 7.688266e+03 7.636917e+03 7.627013e+03 7.678363e+03
7.6 7.652391e+03 7.630853e+03 7.626933e+03 7.648471e+03
8.6 7.564750e+03 7.624388e+03 7.626898e+03 7.567260e+03
9.6 7.544558e+03 7.620903e+03 7.626892e+03 7.550547e+03
10.6 7.620832e+03 7.619495e+03 7.626902e+03 7.628239e+03
11.6 7.656139e+03 7.619114e+03 7.626917e+03 7.663941e+03
12.6 7.642350e+03 7.618602e+03 7.626931e+03 7.650679e+03
13.6 7.602407e+03 7.613227e+03 7.626941e+03 7.616121e+03
14.6 7.542528e+03 7.605165e+03 7.626969e+03 7.564331e+03
15.6 7.573601e+03 7.604711e+03 7.627306e+03 7.596196e+03
16.6 7.646133e+03 7.610718e+03 7.627634e+03 7.663049e+03
17.6 7.596048e+03 7.618694e+03 7.627555e+03 7.604909e+03
18.6 7.517119e+03 7.626649e+03 7.627304e+03 7.517775e+03
19.6 7.567148e+03 7.631240e+03 7.627173e+03 7.563080e+03
20.6 7.607629e+03 7.631349e+03 7.627460e+03 7.603740e+03
1.0 7.542528e+03 7.605165e+03 7.626969e+03 7.564331e+03
2.0 7.573601e+03 7.604711e+03 7.627306e+03 7.596196e+03
3.0 7.646133e+03 7.610718e+03 7.627634e+03 7.663049e+03
4.0 7.596048e+03 7.618694e+03 7.627555e+03 7.604909e+03
5.0 7.517119e+03 7.626649e+03 7.627304e+03 7.517775e+03
6.0 7.567148e+03 7.631240e+03 7.627173e+03 7.563080e+03
7.0 7.607629e+03 7.631349e+03 7.627460e+03 7.603740e+03
8.0 7.593668e+03 7.634429e+03 7.627611e+03 7.586850e+03
9.0 7.655626e+03 7.639219e+03 7.627542e+03 7.643949e+03
10.0 7.667210e+03 7.636968e+03 7.627718e+03 7.657960e+03
11.0 7.657361e+03 7.630837e+03 7.627699e+03 7.654223e+03
12.0 7.643069e+03 7.630483e+03 7.627420e+03 7.640006e+03
13.0 7.644063e+03 7.635308e+03 7.627139e+03 7.635895e+03
14.0 7.644348e+03 7.632455e+03 7.626965e+03 7.638858e+03
15.0 7.588011e+03 7.628197e+03 7.626883e+03 7.586696e+03
16.0 7.567698e+03 7.635119e+03 7.626857e+03 7.559437e+03
17.0 7.600332e+03 7.647582e+03 7.626863e+03 7.579613e+03
18.0 7.650521e+03 7.648917e+03 7.626883e+03 7.628487e+03
19.0 7.608227e+03 7.636426e+03 7.626905e+03 7.598706e+03
20.0 7.520817e+03 7.618227e+03 7.626924e+03 7.529514e+03
21.0 7.546115e+03 7.602541e+03 7.626940e+03 7.570514e+03
0.2 7.517119e+03 7.626649e+03 7.627304e+03 7.517775e+03
1.2 7.567148e+03 7.631240e+03 7.627173e+03 7.563080e+03
2.2 7.607629e+03 7.631349e+03 7.627460e+03 7.603740e+03
3.2 7.593668e+03 7.634429e+03 7.627611e+03 7.586850e+03
4.2 7.655626e+03 7.639219e+03 7.627542e+03 7.643949e+03
5.2 7.667210e+03 7.636968e+03 7.627718e+03 7.657960e+03
6.2 7.657361e+03 7.630837e+03 7.627699e+03 7.654223e+03
7.2 7.643069e+03 7.630483e+03 7.627420e+03 7.640006e+03
8.2 7.644063e+03 7.635308e+03 7.627139e+03 7.635895e+03
9.2 7.644348e+03 7.632455e+03 7.626965e+03 7.638858e+03
10.2 7.588011e+03 7.628197e+03 7.626883e+03 7.586696e+03
11.2 7.567698e+03 7.635119e+03 7.626857e+03 7.559437e+03
12.2 7.600332e+03 7.647582e+03 7.626863e+03 7.579613e+03
13.2 7.650521e+03 7.648917e+03 7.626883e+03 7.628487e+03
14.2 7.608227e+03 7.636426e+03 7.626905e+03 7.598706e+03
15.2 7.520817e+03 7.618227e+03 7.626924e+03 7.529514e+03
16.2 7.546115e+03 7.602541e+03 7.626940e+03 7.570514e+03
17.2 7.556418e+03 7.597957e+03 7.627158e+03 7.585620e+03
18.2 7.583234e+03 7.603604e+03 7.627572e+03 7.607202e+03
19.2 7.622260e+03 7.611352e+03 7.627613e+03 7.638520e+03
20.2 7.657076e+03 7.618875e+03 7.627383e+03 7.665585e+03
0.4 7.593668e+03 7.634429e+03 7.627611e+03 7.586850e+03
1.4 7.655626e+03 7.639219e+03 7.627542e+03 7.643949e+03
2.4 7.667210e+03 7.636968e+03 7.627718e+03 7.657960e+03
3.4 7.657361e+03 7.630837e+03 7.627699e+03 7.654223e+03
4.4 7.643069e+03 7.630483e+03 7.627420e+03 7.640006e+03
5.4 7.644063e+03 7.635308e+03 7.627139e+03 7.635895e+03
6.4 7.644348e+03 7.632455e+03 7.626965e+03 7.638858e+03
7.4 7.588011e+03 7.628197e+03 7.626883e+03 7.586696e+03
8.4 7.567698e+03 7.635119e+03 7.626857e+03 7.559437e+03
9.4 7.600332e+03 7.647582e+03 7.626863e+03 7.579613e+03
10.4 7.650521e+03 7.648917e+03 7.626883e+03 7.628487e+03
11.4 7.608227e+03 7.636426e+03 7.626905e+03 7.598706e+03
12.4 7.520817e+03 7.618227e+03 7.626924e+03 7.529514e+03
13.4 7.546115e+03 7.602541e+03 7.626940e+03 7.570514e+03
14.4 7.556418e+03 7.597957e+03 7.627158e+03 7.585620e+03
15.4 7.583234e+03 7.603604e+03 7.627572e+03 7.607202e+03
16.4 7.622260e+03 7.611352e+03 7.627613e+03 7.638520e+03
17.4 7.657076e+03 7.618875e+03 7.627383e+03 7.665585e+03
18.4 7.672717e+03 7.626140e+03 7.627154e+03 7.673731e+03
19.4 7.638889e+03 7.628165e+03 7.627007e+03 7.637731e+03
20.4 7.642597e+03 7.625024e+03 7.626930e+03 7.644503e+03
0.6 7.546115e+03 7.602541e+03 7.626940e+03 7.570514e+03
1.6 7.556418e+03 7.597957e+03 7.627158e+03 7.585620e+03
2.6 7.583234e+03 7.603604e+03 7.627572e+03 7.607202e+03
3.6 7.622260e+03 7.611352e+03 7.627613e+03 7.638520e+03
4.6 7.657076e+03 7.618875e+03 7.627383e+03 7.665585e+03
5.6 7.672717e+03 7.626140e+03 7.627154e+03 7.673731e+03
6.6 7.638889e+03 7.628165e+03 7.627007e+03 7.637731e+03
7.6 7.642597e+03 7.625024e+03 7.626930e+03 7.644503e+03
8.6 7.622939e+03 7.622605e+03 7.626897e+03 7.627231e+03
9.6 7.626118e+03 7.623971e+03 7.626892e+03 7.629040e+03
10.6 7.648169e+03 7.627358e+03 7.626903e+03 7.647713e+03
11.6 7.684771e+03 7.626485e+03 7.626918e+03 7.685204e+03
12.6 7.671023e+03 7.622635e+03 7.626931e+03 7.675319e+03
13.6 7.631307e+03 7.620469e+03 7.626941e+03 7.637779e+03
14.6 7.586554e+03 7.620019e+03 7.626947e+03 7.593482e+03
15.6 7.602939e+03 7.620156e+03 7.626951e+03 7.609734e+03
16.6 7.655977e+03 7.621317e+03 7.626952e+03 7.661612e+03
17.6 7.649949e+03 7.624514e+03 7.626972e+03 7.652407e+03
18.6 7.606629e+03 7.626266e+03 7.627295e+03 7.607658e+03
19.6 7.571361e+03 7.625464e+03 7.627632e+03 7.573530e+03
20.6 7.641043e+03 7.626062e+03 7.627561e+03 7.642542e+03
0.9 7.649949e+03 7.624514e+03 7.626972e+03 7.652407e+03
1.9 7.606629e+03 7.626266e+03 7.627295e+03 7.607658e+03
2.9 7.571361e+03 7.625464e+03 7.627632e+03 7.573530e+03
3.9 7.641043e+03 7.626062e+03 7.627561e+03 7.642542e+03
4.9 7.677726e+03 7.634314e+03 7.627312e+03 7.670723e+03
5.9 7.717927e+03 7.637695e+03 7.627103e+03 7.707336e+03
6.9 7.670592e+03 7.631692e+03 7.626979e+03 7.665879e+03
7.9 7.599201e+03 7.626837e+03 7.626917e+03 7.599280e+03
8.9 7.625473e+03 7.633205e+03 7.626893e+03 7.619162e+03
9.9 7.620402e+03 7.646325e+03 7.626895e+03 7.600972e+03
10.9 7.652517e+03 7.650986e+03 7.627073e+03 7.628603e+03
11.9 7.691138e+03 7.644855e+03 7.627511e+03 7.673794e+03
12.9 7.707957e+03 7.642928e+03 7.627611e+03 7.692640e+03
13.9 7.665849e+03 7.645494e+03 7.627403e+03 7.647758e+03
14.9 7.642932e+03 7.639227e+03 7.627171e+03 7.630876e+03
15.9 7.550839e+03 7.624854e+03 7.627017e+03 7.553002e+03
16.9 7.535240e+03 7.610813e+03 7.626935e+03 7.551361e+03
17.9 7.559641e+03 7.605022e+03 7.626899e+03 7.581518e+03
18.9 7.619087e+03 7.606895e+03 7.626892e+03 7.639083e+03
19.9 7.644696e+03 7.611769e+03 7.626901e+03 7.659828e+03
20.9 7.684871e+03 7.616129e+03 7.626916e+03 7.695658e+03
0.5 7.620402e+03 7.646325e+03 7.626895e+03 7.600972e+03
1.5 7.652517e+03 7.650986e+03 7.627073e+03 7.628603e+03
2.5 7.691138e+03 7.644855e+03 7.627511e+03 7.673794e+03
3.5 7.707957e+03 7.642928e+03 7.627611e+03 7.692640e+03
4.5 7.665849e+03 7.645494e+03 7.627403e+03 7.647758e+03
5.5 7.642932e+03 7.639227e+03 7.627171e+03 7.630876e+03
6.5 7.550839e+03 7.624854e+03 7.627017e+03 7.553002e+03
7.5 7.535240e+03 7.610813e+03 7.626935e+03 7.551361e+03
8.5 7.559641e+03 7.605022e+03 7.626899e+03 7.581518e+03
9.5 7.619087e+03 7.606895e+03 7.626892e+03 7.639083e+03
10.5 7.644696e+03 7.611769e+03 7.626901e+03 7.659828e+03
11.5 7.684871e+03 7.616129e+03 7.626916e+03 7.695658e+03
12.5 7.677156e+03 7.616406e+03 7.626930e+03 7.687680e+03
13.5 7.635902e+03 7.609413e+03 7.626940e+03 7.653429e+03
14.5 7.615412e+03 7.601424e+03 7.626947e+03 7.640934e+03
15.5 7.621165e+03 7.600442e+03 7.626950e+03 7.647674e+03
16.5 7.588934e+03 7.606751e+03 7.626952e+03 7.609135e+03
17.5 7.519033e+03 7.617489e+03 7.626953e+03 7.528497e+03
18.5 7.547056e+03 7.625713e+03 7.627088e+03 7.548431e+03
19.5 7.577656e+03 7.628210e+03 7.627515e+03 7.576960e+03
20.5 7.635761e+03 7.627172e+03 7.627639e+03 7.636227e+03
0.4 7.519033e+03 7.617489e+03 7.626953e+03 7.528497e+03
1.4 7.547056e+03 7.625713e+03 7.627088e+03 7.548431e+03
2.4 7.577656e+03 7.628210e+03 7.627515e+03 7.576960e+03
3.4 7.635761e+03 7.627172e+03 7.627639e+03 7.636227e+03
4.4 7.645481e+03 7.625208e+03 7.627436e+03 7.647709e+03
5.4 7.640530e+03 7.626029e+03 7.627194e+03 7.641694e+03
6.4 7.637940e+03 7.636122e+03 7.627030e+03 7.628848e+03
7.4 7.683260e+03 7.645668e+03 7.626941e+03 7.664532e+03
8.4 7.677095e+03 7.641331e+03 7.626901e+03 7.662665e+03
9.4 7.636833e+03 7.631385e+03 7.626892e+03 7.632340e+03
10.4 7.550108e+03 7.624326e+03 7.626900e+03 7.552682e+03
11.4 7.603387e+03 7.620732e+03 7.626915e+03 7.609570e+03
12.4 7.617913e+03 7.619186e+03 7.626929e+03 7.625655e+03
13.4 7.630757e+03 7.618821e+03 7.626939e+03 7.638876e+03
14.4 7.630989e+03 7.622276e+03 7.626946e+03 7.635659e+03
15.4 7.665456e+03 7.633488e+03 7.626966e+03 7.658935e+03
16.4 7.662421e+03 7.639092e+03 7.627281e+03 7.650610e+03
17.4 7.626673e+03 7.635251e+03 7.627628e+03 7.619050e+03
18.4 7.601551e+03 7.629458e+03 7.627567e+03 7.599661e+03
19.4 7.611691e+03 7.627811e+03 7.627318e+03 7.611199e+03
20.4 7.664958e+03 7.628023e+03 7.627108e+03 7.664044e+03
0.9 7.665456e+03 7.633488e+03 7.626966e+03 7.658935e+03
1.9 7.662421e+03 7.639092e+03 7.627281e+03 7.650610e+03
2.9 7.626673e+03 7.635251e+03 7.627628e+03 7.619050e+03
3.9 7.601551e+03 7.629458e+03 7.627567e+03 7.599661e+03
4.9 7.611691e+03 7.627811e+03 7.627318e+03 7.611199e+03
5.9 7.664958e+03 7.628023e+03 7.627108e+03 7.664044e+03
6.9 7.657074e+03 7.624423e+03 7.626982e+03 7.659633e+03
7.9 7.622680e+03 7.620350e+03 7.626918e+03 7.629247e+03
8.9 7.601552e+03 7.618838e+03 7.626894e+03 7.609608e+03
9.9 7.617493e+03 7.618928e+03 7.626894e+03 7.625458e+03
10.9 7.604378e+03 7.619446e+03 7.626906e+03 7.611838e+03
11.9 7.607902e+03 7.619974e+03 7.626921e+03 7.614849e+03
12.9 7.620926e+03 7.621176e+03 7.626934e+03 7.626684e+03
13.9 7.669464e+03 7.624330e+03 7.626943e+03 7.672076e+03
14.9 7.666939e+03 7.624659e+03 7.626948e+03 7.669228e+03
15.9 7.639513e+03 7.621901e+03 7.626951e+03 7.644563e+03
16.9 7.574848e+03 7.620299e+03 7.626953e+03 7.581501e+03
17.9 7.589828e+03 7.620651e+03 7.626953e+03 7.596131e+03
18.9 7.625330e+03 7.628140e+03 7.626954e+03 7.624143e+03
19.9 7.658666e+03 7.637960e+03 7.626954e+03 7.647659e+03
20.9 7.643190e+03 7.636122e+03 7.626954e+03 7.634021e+03
0.4 7.616676e+03 7.620839e+03 7.626954e+03 7.622791e+03
1.4 7.636647e+03 7.636266e+03 7.627069e+03 7.627450e+03
2.4 7.656668e+03 7.639310e+03 7.627494e+03 7.644852e+03
3.4 7.597837e+03 7.634327e+03 7.627644e+03 7.591153e+03
4.4 7.574668e+03 7.628440e+03 7.627451e+03 7.573679e+03
5.4 7.588842e+03 7.624192e+03 7.627206e+03 7.591856e+03
6.4 7.600702e+03 7.621617e+03 7.627037e+03 7.606123e+03
7.4 7.622390e+03 7.620304e+03 7.626944e+03 7.629031e+03
8.4 7.618977e+03 7.619869e+03 7.626902e+03 7.626010e+03
