0.3 8.340688e+03 8.305983e+03 8.315585e+03 8.350291e+03
1.3 8.327075e+03 8.307317e+03 8.316920e+03 8.336678e+03
2.3 8.355025e+03 8.317368e+03 8.326966e+03 8.364623e+03
3.3 8.359659e+03 8.327318e+03 8.336281e+03 8.368622e+03
4.3 8.389714e+03 8.326514e+03 8.333886e+03 8.397086e+03
5.3 8.370202e+03 8.321653e+03 8.326343e+03 8.374892e+03
6.3 8.340694e+03 8.319447e+03 8.320059e+03 8.341307e+03
7.3 8.359061e+03 8.313561e+03 8.316295e+03 8.361796e+03
8.3 8.371200e+03 8.306661e+03 8.314408e+03 8.378947e+03
9.3 8.321691e+03 8.303387e+03 8.313724e+03 8.332028e+03
10.3 8.333815e+03 8.302886e+03 8.313765e+03 8.344695e+03
11.3 8.359326e+03 8.307351e+03 8.314153e+03 8.366128e+03
12.3 8.334867e+03 8.323338e+03 8.314614e+03 8.326142e+03
13.3 8.354400e+03 8.341187e+03 8.314998e+03 8.328212e+03
14.3 8.375081e+03 8.344125e+03 8.315263e+03 8.346220e+03
15.3 8.370997e+03 8.333600e+03 8.315422e+03 8.352819e+03
16.3 8.346323e+03 8.321312e+03 8.315508e+03 8.340519e+03
17.3 8.349314e+03 8.321349e+03 8.315551e+03 8.343516e+03
18.3 8.378427e+03 8.332365e+03 8.315571e+03 8.361634e+03
19.3 8.383842e+03 8.334917e+03 8.315579e+03 8.364504e+03
20.3 8.338207e+03 8.326495e+03 8.315583e+03 8.327295e+03
0.2 8.291806e+03 8.310743e+03 8.315585e+03 8.296648e+03
1.2 8.268105e+03 8.307735e+03 8.316670e+03 8.277040e+03
2.2 8.311464e+03 8.315698e+03 8.326814e+03 8.322581e+03
3.2 8.324875e+03 8.332939e+03 8.344823e+03 8.336759e+03
4.2 8.357225e+03 8.341477e+03 8.354015e+03 8.369764e+03
5.2 8.326725e+03 8.331426e+03 8.346267e+03 8.341567e+03
6.2 8.290682e+03 8.317326e+03 8.332629e+03 8.305985e+03
7.2 8.286331e+03 8.312056e+03 8.321974e+03 8.296249e+03
8.2 8.315700e+03 8.320198e+03 8.315765e+03 8.311267e+03
9.2 8.331417e+03 8.331443e+03 8.312826e+03 8.312800e+03
10.2 8.360772e+03 8.332482e+03 8.311955e+03 8.340245e+03
11.2 8.319195e+03 8.324561e+03 8.312261e+03 8.306895e+03
12.2 8.293871e+03 8.315108e+03 8.313080e+03 8.291843e+03
13.2 8.295551e+03 8.311220e+03 8.316851e+03 8.301181e+03
14.2 8.315290e+03 8.321014e+03 8.331065e+03 8.325341e+03
15.2 8.333214e+03 8.332018e+03 8.344542e+03 8.345738e+03
16.2 8.328812e+03 8.327529e+03 8.343128e+03 8.344411e+03
17.2 8.340423e+03 8.324549e+03 8.341139e+03 8.357014e+03
18.2 8.295185e+03 8.334574e+03 8.349455e+03 8.310066e+03
19.2 8.334552e+03 8.342144e+03 8.355197e+03 8.347605e+03
20.2 8.339504e+03 8.332475e+03 8.346449e+03 8.353478e+03
0.5 8.293871e+03 8.315108e+03 8.313080e+03 8.291843e+03
1.5 8.295551e+03 8.311220e+03 8.316851e+03 8.301181e+03
2.5 8.315290e+03 8.321014e+03 8.331065e+03 8.325341e+03
3.5 8.333214e+03 8.332018e+03 8.344542e+03 8.345738e+03
4.5 8.328812e+03 8.327529e+03 8.343128e+03 8.344411e+03
5.5 8.340423e+03 8.324549e+03 8.341139e+03 8.357014e+03
6.5 8.295185e+03 8.334574e+03 8.349455e+03 8.310066e+03
7.5 8.334552e+03 8.342144e+03 8.355197e+03 8.347605e+03
8.5 8.339504e+03 8.332475e+03 8.346449e+03 8.353478e+03
9.5 8.318491e+03 8.317364e+03 8.331794e+03 8.332920e+03
10.5 8.298600e+03 8.307564e+03 8.320502e+03 8.311538e+03
11.5 8.313051e+03 8.303959e+03 8.314259e+03 8.323351e+03
12.5 8.318794e+03 8.310387e+03 8.311611e+03 8.320018e+03
13.5 8.326000e+03 8.322483e+03 8.311082e+03 8.314598e+03
14.5 8.320845e+03 8.323342e+03 8.311670e+03 8.309173e+03
15.5 8.307009e+03 8.318830e+03 8.312684e+03 8.300863e+03
16.5 8.320572e+03 8.321430e+03 8.313683e+03 8.312825e+03
17.5 8.338966e+03 8.318747e+03 8.314460e+03 8.334678e+03
18.5 8.326175e+03 8.310978e+03 8.314975e+03 8.330172e+03
19.5 8.320089e+03 8.305707e+03 8.315279e+03 8.329661e+03
20.5 8.321932e+03 8.303696e+03 8.315442e+03 8.333678e+03
0.1 8.333214e+03 8.332018e+03 8.344542e+03 8.345738e+03
1.1 8.328812e+03 8.327529e+03 8.343128e+03 8.344411e+03
2.1 8.340423e+03 8.324549e+03 8.341139e+03 8.357014e+03
3.1 8.295185e+03 8.334574e+03 8.349455e+03 8.310066e+03
4.1 8.334552e+03 8.342144e+03 8.355197e+03 8.347605e+03
5.1 8.339504e+03 8.332475e+03 8.346449e+03 8.353478e+03
6.1 8.318491e+03 8.317364e+03 8.331794e+03 8.332920e+03
7.1 8.298600e+03 8.307564e+03 8.320502e+03 8.311538e+03
8.1 8.313051e+03 8.303959e+03 8.314259e+03 8.323351e+03
9.1 8.318794e+03 8.310387e+03 8.311611e+03 8.320018e+03
10.1 8.326000e+03 8.322483e+03 8.311082e+03 8.314598e+03
11.1 8.320845e+03 8.323342e+03 8.311670e+03 8.309173e+03
12.1 8.307009e+03 8.318830e+03 8.312684e+03 8.300863e+03
13.1 8.320572e+03 8.321430e+03 8.313683e+03 8.312825e+03
14.1 8.338966e+03 8.318747e+03 8.314460e+03 8.334678e+03
15.1 8.326175e+03 8.310978e+03 8.314975e+03 8.330172e+03
16.1 8.320089e+03 8.305707e+03 8.315279e+03 8.329661e+03
17.1 8.321932e+03 8.303696e+03 8.315442e+03 8.333678e+03
18.1 8.332133e+03 8.303551e+03 8.315522e+03 8.344104e+03
19.1 8.333674e+03 8.309027e+03 8.315559e+03 8.340206e+03
20.1 8.345167e+03 8.322249e+03 8.315575e+03 8.338493e+03
0.3 8.347281e+03 8.330514e+03 8.315586e+03 8.332353e+03
1.3 8.324730e+03 8.319151e+03 8.317206e+03 8.322785e+03
2.3 8.311117e+03 8.321521e+03 8.328659e+03 8.318255e+03
3.3 8.340243e+03 8.331954e+03 8.343576e+03 8.351865e+03
4.3 8.381592e+03 8.329091e+03 8.344318e+03 8.396819e+03
5.3 8.338265e+03 8.323533e+03 8.334431e+03 8.349163e+03
6.3 8.334430e+03 8.331912e+03 8.324382e+03 8.326900e+03
7.3 8.323992e+03 8.342400e+03 8.317859e+03 8.299451e+03
8.3 8.341909e+03 8.336002e+03 8.314411e+03 8.320317e+03
9.3 8.313207e+03 8.320476e+03 8.312992e+03 8.305724e+03
10.3 8.291356e+03 8.309968e+03 8.312820e+03 8.294208e+03
11.3 8.303805e+03 8.309029e+03 8.313294e+03 8.308070e+03
12.3 8.367062e+03 8.309002e+03 8.313969e+03 8.372028e+03
13.3 8.345758e+03 8.304786e+03 8.314576e+03 8.355548e+03
14.3 8.329065e+03 8.303415e+03 8.315015e+03 8.340665e+03
15.3 8.308336e+03 8.314253e+03 8.315290e+03 8.309372e+03
16.3 8.309755e+03 8.331253e+03 8.315443e+03 8.293945e+03
17.3 8.339527e+03 8.335585e+03 8.315521e+03 8.319463e+03
18.3 8.316780e+03 8.327732e+03 8.315558e+03 8.304606e+03
19.3 8.282366e+03 8.317354e+03 8.315574e+03 8.280586e+03
20.3 8.291697e+03 8.309987e+03 8.315581e+03 8.297290e+03
0.3 8.338279e+03 8.317077e+03 8.315585e+03 8.336787e+03
1.3 8.300997e+03 8.311123e+03 8.317058e+03 8.306933e+03
2.3 8.302950e+03 8.317653e+03 8.327343e+03 8.312640e+03
3.3 8.315422e+03 8.325796e+03 8.336370e+03 8.325996e+03
4.3 8.302727e+03 8.324166e+03 8.333698e+03 8.312258e+03
5.3 8.277103e+03 8.316992e+03 8.326140e+03 8.286251e+03
6.3 8.313853e+03 8.313145e+03 8.322631e+03 8.323340e+03
7.3 8.315192e+03 8.320679e+03 8.330544e+03 8.325056e+03
8.3 8.328866e+03 8.323766e+03 8.335472e+03 8.340572e+03
9.3 8.298849e+03 8.316269e+03 8.330420e+03 8.313000e+03
10.3 8.276308e+03 8.308876e+03 8.322877e+03 8.290309e+03
11.3 8.298122e+03 8.305178e+03 8.317573e+03 8.310517e+03
12.3 8.322897e+03 8.303844e+03 8.314768e+03 8.333821e+03
13.3 8.321134e+03 8.303596e+03 8.313587e+03 8.331126e+03
14.3 8.292413e+03 8.304381e+03 8.313369e+03 8.301401e+03
15.3 8.284744e+03 8.309267e+03 8.313676e+03 8.289153e+03
16.3 8.288594e+03 8.316334e+03 8.314185e+03 8.286444e+03
17.3 8.298050e+03 8.318852e+03 8.314678e+03 8.293877e+03
18.3 8.306941e+03 8.316994e+03 8.315056e+03 8.305003e+03
19.3 8.310350e+03 8.319863e+03 8.315302e+03 8.305790e+03
20.3 8.294966e+03 8.330458e+03 8.315445e+03 8.279953e+03
0.5 8.277103e+03 8.316992e+03 8.326140e+03 8.286251e+03
1.5 8.313853e+03 8.313145e+03 8.322631e+03 8.323340e+03
2.5 8.315192e+03 8.320679e+03 8.330544e+03 8.325056e+03
3.5 8.328866e+03 8.323766e+03 8.335472e+03 8.340572e+03
4.5 8.298849e+03 8.316269e+03 8.330420e+03 8.313000e+03
5.5 8.276308e+03 8.308876e+03 8.322877e+03 8.290309e+03
6.5 8.298122e+03 8.305178e+03 8.317573e+03 8.310517e+03
7.5 8.322897e+03 8.303844e+03 8.314768e+03 8.333821e+03
8.5 8.321134e+03 8.303596e+03 8.313587e+03 8.331126e+03
9.5 8.292413e+03 8.304381e+03 8.313369e+03 8.301401e+03
10.5 8.284744e+03 8.309267e+03 8.313676e+03 8.289153e+03
11.5 8.288594e+03 8.316334e+03 8.314185e+03 8.286444e+03
12.5 8.298050e+03 8.318852e+03 8.314678e+03 8.293877e+03
13.5 8.306941e+03 8.316994e+03 8.315056e+03 8.305003e+03
14.5 8.310350e+03 8.319863e+03 8.315302e+03 8.305790e+03
15.5 8.294966e+03 8.330458e+03 8.315445e+03 8.279953e+03
16.5 8.306621e+03 8.337212e+03 8.315521e+03 8.284930e+03
17.5 8.327293e+03 8.333044e+03 8.315557e+03 8.309807e+03
18.5 8.327341e+03 8.329125e+03 8.315574e+03 8.313789e+03
19.5 8.350696e+03 8.328515e+03 8.315581e+03 8.337762e+03
20.5 8.330428e+03 8.323621e+03 8.315583e+03 8.322390e+03
0.6 8.307676e+03 8.302948e+03 8.315617e+03 8.320346e+03
1.6 8.320102e+03 8.306993e+03 8.319227e+03 8.332335e+03
2.6 8.333095e+03 8.319820e+03 8.331271e+03 8.344546e+03
3.6 8.338421e+03 8.327009e+03 8.336636e+03 8.348048e+03
4.6 8.299028e+03 8.323582e+03 8.331429e+03 8.306875e+03
5.6 8.296870e+03 8.318327e+03 8.323905e+03 8.302448e+03
6.6 8.311556e+03 8.322814e+03 8.318507e+03 8.307249e+03
7.6 8.337560e+03 8.329605e+03 8.315476e+03 8.323431e+03
8.6 8.339655e+03 8.323924e+03 8.314065e+03 8.329796e+03
9.6 8.291465e+03 8.313360e+03 8.313678e+03 8.291783e+03
10.6 8.297935e+03 8.306670e+03 8.313876e+03 8.305140e+03
11.6 8.287633e+03 8.303874e+03 8.314313e+03 8.298072e+03
12.6 8.292037e+03 8.303063e+03 8.314758e+03 8.303733e+03
13.6 8.291330e+03 8.303196e+03 8.315103e+03 8.303236e+03
14.6 8.315888e+03 8.306264e+03 8.315328e+03 8.324953e+03
15.6 8.345154e+03 8.316340e+03 8.315458e+03 8.344272e+03
16.6 8.342984e+03 8.319936e+03 8.315527e+03 8.338574e+03
17.6 8.317321e+03 8.314199e+03 8.315560e+03 8.318683e+03
18.6 8.307089e+03 8.308681e+03 8.315575e+03 8.313982e+03
19.6 8.297291e+03 8.306572e+03 8.316185e+03 8.306904e+03
20.6 8.307683e+03 8.313693e+03 8.324379e+03 8.318369e+03
0.1 8.307089e+03 8.308681e+03 8.315575e+03 8.313982e+03
1.1 8.297291e+03 8.306572e+03 8.316185e+03 8.306904e+03
2.1 8.307683e+03 8.313693e+03 8.324379e+03 8.318369e+03
3.1 8.320142e+03 8.324083e+03 8.335714e+03 8.331773e+03
4.1 8.313848e+03 8.321403e+03 8.335625e+03 8.328070e+03
5.1 8.282233e+03 8.313384e+03 8.328290e+03 8.297139e+03
6.1 8.285488e+03 8.310765e+03 8.321334e+03 8.296057e+03
7.1 8.291028e+03 8.315337e+03 8.316956e+03 8.292647e+03
8.1 8.317154e+03 8.319768e+03 8.314673e+03 8.312059e+03
9.1 8.331725e+03 8.315708e+03 8.313753e+03 8.329770e+03
10.1 8.299699e+03 8.309400e+03 8.314443e+03 8.304742e+03
11.1 8.275131e+03 8.314409e+03 8.323569e+03 8.284291e+03
12.1 8.296587e+03 8.324711e+03 8.334962e+03 8.306838e+03
13.1 8.336989e+03 8.325516e+03 8.334632e+03 8.346105e+03
14.1 8.272760e+03 8.318952e+03 8.327460e+03 8.281268e+03
15.1 8.273492e+03 8.311923e+03 8.320819e+03 8.282388e+03
16.1 8.272761e+03 8.307279e+03 8.316684e+03 8.282166e+03
17.1 8.280913e+03 8.304852e+03 8.314548e+03 8.290609e+03
18.1 8.293404e+03 8.303891e+03 8.313712e+03 8.303225e+03
19.1 8.284114e+03 8.303814e+03 8.313675e+03 8.293974e+03
0.1 8.331725e+03 8.315708e+03 8.313753e+03 8.329770e+03
1.1 8.299699e+03 8.309400e+03 8.314443e+03 8.304742e+03
2.1 8.275131e+03 8.314409e+03 8.323569e+03 8.284291e+03
3.1 8.296587e+03 8.324711e+03 8.334962e+03 8.306838e+03
4.1 8.336989e+03 8.325516e+03 8.334632e+03 8.346105e+03
5.1 8.272760e+03 8.318952e+03 8.327460e+03 8.281268e+03
6.1 8.273492e+03 8.311923e+03 8.320819e+03 8.282388e+03
7.1 8.272761e+03 8.307279e+03 8.316684e+03 8.282166e+03
8.1 8.280913e+03 8.304852e+03 8.314548e+03 8.290609e+03
9.1 8.293404e+03 8.303891e+03 8.313712e+03 8.303225e+03
10.1 8.284114e+03 8.303814e+03 8.313675e+03 8.293974e+03
