0.5 4.029751e+03 4.002894e+03 3.998570e+03 4.025427e+03
1.5 4.002295e+03 4.011832e+03 3.999247e+03 3.989710e+03
2.5 4.054273e+03 4.011344e+03 4.000865e+03 4.043794e+03
3.5 4.024762e+03 4.005558e+03 4.001151e+03 4.020355e+03
4.5 4.018728e+03 4.000160e+03 4.000305e+03 4.018874e+03
5.5 4.039385e+03 3.993639e+03 3.999399e+03 4.045145e+03
6.5 4.025830e+03 3.988827e+03 3.998807e+03 4.035810e+03
7.5 3.985553e+03 3.987964e+03 3.998490e+03 3.996079e+03
8.5 3.981426e+03 3.989067e+03 3.998353e+03 3.990711e+03
9.5 4.010648e+03 3.991882e+03 3.998328e+03 4.017094e+03
10.5 3.994852e+03 3.998585e+03 3.998364e+03 3.994631e+03
11.5 4.012404e+03 4.005669e+03 3.998452e+03 4.005187e+03
12.5 4.034477e+03 4.007664e+03 3.999535e+03 4.026348e+03
13.5 4.014627e+03 4.004814e+03 4.001033e+03 4.010846e+03
14.5 4.006159e+03 4.000221e+03 4.000984e+03 4.006923e+03
15.5 4.034985e+03 3.999573e+03 4.000065e+03 4.035477e+03
16.5 4.011496e+03 4.003058e+03 3.999273e+03 4.007711e+03
17.5 4.013695e+03 4.004354e+03 3.999873e+03 4.009214e+03
18.5 4.023038e+03 4.001971e+03 4.001004e+03 4.022071e+03
19.5 3.991229e+03 3.998749e+03 4.000742e+03 3.993223e+03
20.5 4.027288e+03 4.001974e+03 3.999789e+03 4.025104e+03
0.8 4.012404e+03 4.005669e+03 3.998452e+03 4.005187e+03
1.8 4.034477e+03 4.007664e+03 3.999535e+03 4.026348e+03
2.8 4.014627e+03 4.004814e+03 4.001033e+03 4.010846e+03
3.8 4.006159e+03 4.000221e+03 4.000984e+03 4.006923e+03
4.8 4.034985e+03 3.999573e+03 4.000065e+03 4.035477e+03
5.8 4.011496e+03 4.003058e+03 3.999273e+03 4.007711e+03
6.8 4.013695e+03 4.004354e+03 3.999873e+03 4.009214e+03
7.8 4.023038e+03 4.001971e+03 4.001004e+03 4.022071e+03
8.8 3.991229e+03 3.998749e+03 4.000742e+03 3.993223e+03
9.8 4.027288e+03 4.001974e+03 3.999789e+03 4.025104e+03
10.8 4.031609e+03 4.010694e+03 3.999008e+03 4.019924e+03
11.8 4.018159e+03 4.014891e+03 3.999080e+03 4.002348e+03
12.8 4.011721e+03 4.011096e+03 4.000511e+03 4.001137e+03
13.8 4.027864e+03 4.003647e+03 4.000925e+03 4.025142e+03
14.8 4.003632e+03 3.997078e+03 4.000165e+03 4.006719e+03
15.8 4.000871e+03 3.992973e+03 3.999291e+03 4.007189e+03
16.8 4.001426e+03 3.990980e+03 3.998726e+03 4.009172e+03
17.8 3.975921e+03 3.990403e+03 3.998436e+03 3.983955e+03
18.8 3.982704e+03 3.993029e+03 3.998318e+03 3.987993e+03
19.8 4.015209e+03 4.002303e+03 3.998305e+03 4.011211e+03
20.8 4.000114e+03 4.009981e+03 3.998791e+03 3.988924e+03
0.8 4.011496e+03 4.003058e+03 3.999273e+03 4.007711e+03
1.8 4.013695e+03 4.004354e+03 3.999873e+03 4.009214e+03
2.8 4.023038e+03 4.001971e+03 4.001004e+03 4.022071e+03
3.8 3.991229e+03 3.998749e+03 4.000742e+03 3.993223e+03
4.8 4.027288e+03 4.001974e+03 3.999789e+03 4.025104e+03
5.8 4.031609e+03 4.010694e+03 3.999008e+03 4.019924e+03
6.8 4.018159e+03 4.014891e+03 3.999080e+03 4.002348e+03
7.8 4.011721e+03 4.011096e+03 4.000511e+03 4.001137e+03
8.8 4.027864e+03 4.003647e+03 4.000925e+03 4.025142e+03
9.8 4.003632e+03 3.997078e+03 4.000165e+03 4.006719e+03
10.8 4.000871e+03 3.992973e+03 3.999291e+03 4.007189e+03
11.8 4.001426e+03 3.990980e+03 3.998726e+03 4.009172e+03
12.8 3.975921e+03 3.990403e+03 3.998436e+03 3.983955e+03
13.8 3.982704e+03 3.993029e+03 3.998318e+03 3.987993e+03
14.8 4.015209e+03 4.002303e+03 3.998305e+03 4.011211e+03
15.8 4.000114e+03 4.009981e+03 3.998791e+03 3.988924e+03
16.8 3.999157e+03 4.009578e+03 4.000486e+03 3.990066e+03
17.8 4.015438e+03 4.005901e+03 4.001118e+03 4.010656e+03
18.8 4.018373e+03 4.007014e+03 4.000420e+03 4.011779e+03
19.8 4.003008e+03 4.004640e+03 3.999505e+03 3.997873e+03
20.8 3.999564e+03 3.997134e+03 3.998872e+03 4.001303e+03
0.4 4.031609e+03 4.010694e+03 3.999008e+03 4.019924e+03
1.4 4.018159e+03 4.014891e+03 3.999080e+03 4.002348e+03
2.4 4.011721e+03 4.011096e+03 4.000511e+03 4.001137e+03
3.4 4.027864e+03 4.003647e+03 4.000925e+03 4.025142e+03
4.4 4.003632e+03 3.997078e+03 4.000165e+03 4.006719e+03
5.4 4.000871e+03 3.992973e+03 3.999291e+03 4.007189e+03
6.4 4.001426e+03 3.990980e+03 3.998726e+03 4.009172e+03
7.4 3.975921e+03 3.990403e+03 3.998436e+03 3.983955e+03
8.4 3.982704e+03 3.993029e+03 3.998318e+03 3.987993e+03
9.4 4.015209e+03 4.002303e+03 3.998305e+03 4.011211e+03
10.4 4.000114e+03 4.009981e+03 3.998791e+03 3.988924e+03
11.4 3.999157e+03 4.009578e+03 4.000486e+03 3.990066e+03
12.4 4.015438e+03 4.005901e+03 4.001118e+03 4.010656e+03
13.4 4.018373e+03 4.007014e+03 4.000420e+03 4.011779e+03
14.4 4.003008e+03 4.004640e+03 3.999505e+03 3.997873e+03
15.4 3.999564e+03 3.997134e+03 3.998872e+03 4.001303e+03
16.4 3.977846e+03 3.992836e+03 3.998523e+03 3.983534e+03
17.4 3.989705e+03 3.995853e+03 3.998364e+03 3.992216e+03
18.4 3.983927e+03 4.002516e+03 3.998325e+03 3.979737e+03
19.4 4.008258e+03 4.003884e+03 3.998355e+03 4.002728e+03
20.4 4.014729e+03 3.998034e+03 3.998411e+03 4.015107e+03
0.4 4.015209e+03 4.002303e+03 3.998305e+03 4.011211e+03
1.4 4.000114e+03 4.009981e+03 3.998791e+03 3.988924e+03
2.4 3.999157e+03 4.009578e+03 4.000486e+03 3.990066e+03
3.4 4.015438e+03 4.005901e+03 4.001118e+03 4.010656e+03
4.4 4.018373e+03 4.007014e+03 4.000420e+03 4.011779e+03
5.4 4.003008e+03 4.004640e+03 3.999505e+03 3.997873e+03
6.4 3.999564e+03 3.997134e+03 3.998872e+03 4.001303e+03
7.4 3.977846e+03 3.992836e+03 3.998523e+03 3.983534e+03
8.4 3.989705e+03 3.995853e+03 3.998364e+03 3.992216e+03
9.4 3.983927e+03 4.002516e+03 3.998325e+03 3.979737e+03
10.4 4.008258e+03 4.003884e+03 3.998355e+03 4.002728e+03
11.4 4.014729e+03 3.998034e+03 3.998411e+03 4.015107e+03
12.4 4.003168e+03 3.994303e+03 3.998466e+03 4.007332e+03
13.4 3.989024e+03 3.994443e+03 3.998513e+03 3.993094e+03
14.4 3.994892e+03 3.995540e+03 3.999217e+03 3.998569e+03
15.4 3.985325e+03 3.996370e+03 4.000850e+03 3.989805e+03
16.4 3.979263e+03 3.995642e+03 4.001144e+03 3.984765e+03
17.4 3.964364e+03 3.995168e+03 4.000302e+03 3.969498e+03
18.4 4.008645e+03 4.003052e+03 3.999397e+03 4.004990e+03
19.4 4.020851e+03 4.018422e+03 3.998807e+03 4.001236e+03
20.4 4.039019e+03 4.025611e+03 3.998490e+03 4.011898e+03
0.5 3.989024e+03 3.994443e+03 3.998513e+03 3.993094e+03
1.5 3.994892e+03 3.995540e+03 3.999217e+03 3.998569e+03
2.5 3.985325e+03 3.996370e+03 4.000850e+03 3.989805e+03
3.5 3.979263e+03 3.995642e+03 4.001144e+03 3.984765e+03
4.5 3.964364e+03 3.995168e+03 4.000302e+03 3.969498e+03
5.5 4.008645e+03 4.003052e+03 3.999397e+03 4.004990e+03
6.5 4.020851e+03 4.018422e+03 3.998807e+03 4.001236e+03
7.5 4.039019e+03 4.025611e+03 3.998490e+03 4.011898e+03
8.5 4.005169e+03 4.015838e+03 3.998353e+03 3.987683e+03
9.5 3.972111e+03 4.002752e+03 3.998328e+03 3.967686e+03
10.5 3.958179e+03 3.996117e+03 3.998364e+03 3.960427e+03
11.5 3.971937e+03 3.997123e+03 3.998421e+03 3.973235e+03
12.5 4.013806e+03 4.000681e+03 3.998519e+03 4.011644e+03
13.5 3.996116e+03 4.001776e+03 3.999675e+03 3.994014e+03
14.5 4.013926e+03 4.000024e+03 4.001098e+03 4.015000e+03
15.5 3.963917e+03 3.996805e+03 4.000956e+03 3.968067e+03
16.5 3.985473e+03 3.996604e+03 4.000017e+03 3.988885e+03
17.5 4.013953e+03 4.006936e+03 3.999193e+03 4.006211e+03
18.5 4.016116e+03 4.017238e+03 3.998692e+03 3.997570e+03
19.5 3.985584e+03 4.012813e+03 3.998435e+03 3.971206e+03
20.5 4.007624e+03 4.009649e+03 3.998336e+03 3.996312e+03
0.8 4.013806e+03 4.000681e+03 3.998519e+03 4.011644e+03
1.8 3.996116e+03 4.001776e+03 3.999675e+03 3.994014e+03
2.8 4.013926e+03 4.000024e+03 4.001098e+03 4.015000e+03
3.8 3.963917e+03 3.996805e+03 4.000956e+03 3.968067e+03
4.8 3.985473e+03 3.996604e+03 4.000017e+03 3.988885e+03
5.8 4.013953e+03 4.006936e+03 3.999193e+03 4.006211e+03
6.8 4.016116e+03 4.017238e+03 3.998692e+03 3.997570e+03
7.8 3.985584e+03 4.012813e+03 3.998435e+03 3.971206e+03
8.8 4.007624e+03 4.009649e+03 3.998336e+03 3.996312e+03
9.8 4.003079e+03 4.018362e+03 3.998334e+03 3.983051e+03
10.8 4.002224e+03 4.024969e+03 3.998380e+03 3.975635e+03
11.8 4.007675e+03 4.015919e+03 3.998438e+03 3.990193e+03
12.8 4.001640e+03 4.002243e+03 3.998487e+03 3.997884e+03
13.8 4.001293e+03 3.993709e+03 3.998522e+03 4.006107e+03
14.8 4.012948e+03 3.990672e+03 3.998543e+03 4.020819e+03
15.8 4.012053e+03 3.995586e+03 3.998555e+03 4.015022e+03
16.8 3.987892e+03 4.004893e+03 3.998561e+03 3.981560e+03
17.8 4.004560e+03 4.005066e+03 3.998563e+03 3.998057e+03
18.8 3.991292e+03 4.001103e+03 3.998564e+03 3.988753e+03
19.8 4.014512e+03 4.003258e+03 3.998565e+03 4.009819e+03
20.8 4.003745e+03 4.001056e+03 3.998565e+03 4.001255e+03
1.0 3.998897e+03 4.001507e+03 3.998651e+03 3.996041e+03
2.0 4.011083e+03 4.004623e+03 3.999930e+03 4.006391e+03
3.0 3.996696e+03 4.002860e+03 4.001187e+03 3.995023e+03
4.0 3.977103e+03 3.998918e+03 4.000877e+03 3.979062e+03
5.0 3.984175e+03 3.995508e+03 3.999913e+03 3.988580e+03
6.0 3.974252e+03 3.994202e+03 3.999123e+03 3.979173e+03
7.0 3.983185e+03 3.994957e+03 3.998653e+03 3.986881e+03
8.0 3.985426e+03 3.995328e+03 3.998418e+03 3.988516e+03
9.0 3.999617e+03 3.991995e+03 3.998332e+03 4.005955e+03
10.0 3.991776e+03 3.989262e+03 3.998337e+03 4.000851e+03
11.0 4.000458e+03 3.991250e+03 3.998386e+03 4.007594e+03
12.0 4.008317e+03 4.000771e+03 3.998444e+03 4.005990e+03
13.0 3.999818e+03 4.012020e+03 3.998492e+03 3.986291e+03
14.0 4.002671e+03 4.012881e+03 3.998525e+03 3.988316e+03
15.0 3.983643e+03 4.003865e+03 3.998545e+03 3.978323e+03
16.0 3.973490e+03 3.996327e+03 3.998556e+03 3.975718e+03
17.0 3.998149e+03 3.995162e+03 3.998561e+03 4.001548e+03
18.0 3.984088e+03 3.999100e+03 3.998563e+03 3.983551e+03
19.0 3.977338e+03 4.001798e+03 3.998564e+03 3.974105e+03
20.0 4.000467e+03 3.997563e+03 3.998565e+03 4.001469e+03
21.0 3.979587e+03 3.993139e+03 3.998565e+03 3.985013e+03
0.6 3.993888e+03 4.002901e+03 3.998571e+03 3.989558e+03
1.6 4.005109e+03 4.010669e+03 3.999291e+03 3.993732e+03
2.6 3.991755e+03 4.009677e+03 4.000897e+03 3.982975e+03
3.6 3.982828e+03 4.003387e+03 4.001136e+03 3.980578e+03
4.6 3.981732e+03 3.999777e+03 4.000276e+03 3.982231e+03
5.6 4.009447e+03 4.006212e+03 3.999377e+03 4.002612e+03
6.6 4.021316e+03 4.008462e+03 3.998795e+03 4.011648e+03
7.6 4.018090e+03 4.001263e+03 3.998484e+03 4.015311e+03
8.6 3.979566e+03 3.994661e+03 3.998351e+03 3.983256e+03
9.6 3.978132e+03 3.991626e+03 3.998328e+03 3.984834e+03
10.6 4.005806e+03 3.990684e+03 3.998365e+03 4.013488e+03
11.6 4.008093e+03 3.990619e+03 3.998423e+03 4.015897e+03
12.6 3.981643e+03 3.991083e+03 3.998476e+03 3.989036e+03
13.6 3.991819e+03 3.992696e+03 3.998515e+03 3.997638e+03
14.6 3.962579e+03 3.994913e+03 3.998625e+03 3.966290e+03
15.6 3.956807e+03 3.996792e+03 3.999918e+03 3.959933e+03
16.6 3.983423e+03 3.997516e+03 4.001181e+03 3.987088e+03
17.6 4.011716e+03 3.999007e+03 4.000874e+03 4.013583e+03
18.6 3.964255e+03 4.002795e+03 3.999912e+03 3.961373e+03
19.6 3.996020e+03 4.005236e+03 3.999407e+03 3.990191e+03
20.6 3.981403e+03 4.004656e+03 4.000511e+03 3.977258e+03
1.0 3.962579e+03 3.994913e+03 3.998625e+03 3.966290e+03
2.0 3.956807e+03 3.996792e+03 3.999918e+03 3.959933e+03
3.0 3.983423e+03 3.997516e+03 4.001181e+03 3.987088e+03
4.0 4.011716e+03 3.999007e+03 4.000874e+03 4.013583e+03
5.0 3.964255e+03 4.002795e+03 3.999912e+03 3.961373e+03
6.0 3.996020e+03 4.005236e+03 3.999407e+03 3.990191e+03
7.0 3.981403e+03 4.004656e+03 4.000511e+03 3.977258e+03
8.0 4.003530e+03 4.006084e+03 4.001093e+03 3.998540e+03
9.0 4.021434e+03 4.008894e+03 4.000827e+03 4.013367e+03
10.0 4.021283e+03 4.007260e+03 4.001502e+03 4.015525e+03
11.0 4.004769e+03 4.002179e+03 4.001431e+03 4.004021e+03
12.0 3.996523e+03 4.001189e+03 4.000356e+03 3.995690e+03
13.0 4.006942e+03 4.004267e+03 3.999276e+03 4.001952e+03
14.0 3.993651e+03 4.000354e+03 3.998608e+03 3.991904e+03
15.0 3.976644e+03 3.995255e+03 3.998293e+03 3.979682e+03
16.0 3.989148e+03 3.997393e+03 3.998195e+03 3.989949e+03
17.0 3.975854e+03 4.003307e+03 3.998216e+03 3.970762e+03
18.0 3.998732e+03 4.003352e+03 3.998291e+03 3.993672e+03
19.0 3.992891e+03 3.997180e+03 3.998377e+03 3.994088e+03
20.0 3.978999e+03 3.993946e+03 3.998450e+03 3.983503e+03
21.0 3.989875e+03 3.994364e+03 3.998511e+03 3.994022e+03
0.2 3.964255e+03 4.002795e+03 3.999912e+03 3.961373e+03
1.2 3.996020e+03 4.005236e+03 3.999407e+03 3.990191e+03
2.2 3.981403e+03 4.004656e+03 4.000511e+03 3.977258e+03
3.2 4.003530e+03 4.006084e+03 4.001093e+03 3.998540e+03
4.2 4.021434e+03 4.008894e+03 4.000827e+03 4.013367e+03
5.2 4.021283e+03 4.007260e+03 4.001502e+03 4.015525e+03
6.2 4.004769e+03 4.002179e+03 4.001431e+03 4.004021e+03
7.2 3.996523e+03 4.001189e+03 4.000356e+03 3.995690e+03
8.2 4.006942e+03 4.004267e+03 3.999276e+03 4.001952e+03
9.2 3.993651e+03 4.000354e+03 3.998608e+03 3.991904e+03
10.2 3.976644e+03 3.995255e+03 3.998293e+03 3.979682e+03
11.2 3.989148e+03 3.997393e+03 3.998195e+03 3.989949e+03
12.2 3.975854e+03 4.003307e+03 3.998216e+03 3.970762e+03
13.2 3.998732e+03 4.003352e+03 3.998291e+03 3.993672e+03
14.2 3.992891e+03 3.997180e+03 3.998377e+03 3.994088e+03
15.2 3.978999e+03 3.993946e+03 3.998450e+03 3.983503e+03
16.2 3.989875e+03 3.994364e+03 3.998511e+03 3.994022e+03
17.2 3.989510e+03 3.995553e+03 3.999349e+03 3.993307e+03
18.2 3.978506e+03 3.996323e+03 4.000942e+03 3.983125e+03
19.2 3.982862e+03 3.995650e+03 4.001097e+03 3.988309e+03
20.2 3.977031e+03 3.996582e+03 4.000216e+03 3.980666e+03
0.4 4.003530e+03 4.006084e+03 4.001093e+03 3.998540e+03
1.4 4.021434e+03 4.008894e+03 4.000827e+03 4.013367e+03
2.4 4.021283e+03 4.007260e+03 4.001502e+03 4.015525e+03
3.4 4.004769e+03 4.002179e+03 4.001431e+03 4.004021e+03
4.4 3.996523e+03 4.001189e+03 4.000356e+03 3.995690e+03
5.4 4.006942e+03 4.004267e+03 3.999276e+03 4.001952e+03
6.4 3.993651e+03 4.000354e+03 3.998608e+03 3.991904e+03
7.4 3.976644e+03 3.995255e+03 3.998293e+03 3.979682e+03
8.4 3.989148e+03 3.997393e+03 3.998195e+03 3.989949e+03
9.4 3.975854e+03 4.003307e+03 3.998216e+03 3.970762e+03
10.4 3.998732e+03 4.003352e+03 3.998291e+03 3.993672e+03
11.4 3.992891e+03 3.997180e+03 3.998377e+03 3.994088e+03
12.4 3.978999e+03 3.993946e+03 3.998450e+03 3.983503e+03
13.4 3.989875e+03 3.994364e+03 3.998511e+03 3.994022e+03
14.4 3.989510e+03 3.995553e+03 3.999349e+03 3.993307e+03
15.4 3.978506e+03 3.996323e+03 4.000942e+03 3.983125e+03
16.4 3.982862e+03 3.995650e+03 4.001097e+03 3.988309e+03
17.4 3.977031e+03 3.996582e+03 4.000216e+03 3.980666e+03
18.4 3.972010e+03 4.000343e+03 3.999334e+03 3.971001e+03
19.4 4.020903e+03 3.999907e+03 3.998770e+03 4.019766e+03
20.4 3.997858e+03 3.994638e+03 3.998472e+03 4.001693e+03
0.6 3.989875e+03 3.994364e+03 3.998511e+03 3.994022e+03
1.6 3.989510e+03 3.995553e+03 3.999349e+03 3.993307e+03
2.6 3.978506e+03 3.996323e+03 4.000942e+03 3.983125e+03
3.6 3.982862e+03 3.995650e+03 4.001097e+03 3.988309e+03
4.6 3.977031e+03 3.996582e+03 4.000216e+03 3.980666e+03
5.6 3.972010e+03 4.000343e+03 3.999334e+03 3.971001e+03
6.6 4.020903e+03 3.999907e+03 3.998770e+03 4.019766e+03
7.6 3.997858e+03 3.994638e+03 3.998472e+03 4.001693e+03
8.6 3.995435e+03 3.991681e+03 3.998347e+03 4.002101e+03
9.6 3.989288e+03 3.994138e+03 3.998329e+03 3.993480e+03
10.6 4.005246e+03 3.999163e+03 3.998368e+03 4.004451e+03
11.6 4.024664e+03 3.998397e+03 3.998426e+03 4.024693e+03
12.6 3.992445e+03 3.993666e+03 3.998478e+03 3.997257e+03
13.6 3.981502e+03 3.991253e+03 3.998516e+03 3.988765e+03
14.6 3.957800e+03 3.991045e+03 3.998540e+03 3.965295e+03
15.6 3.999479e+03 3.991462e+03 3.998553e+03 4.006571e+03
16.6 3.996773e+03 3.993043e+03 3.998560e+03 4.002290e+03
17.6 4.003720e+03 3.997137e+03 3.998636e+03 4.005220e+03
18.6 3.998515e+03 4.000177e+03 3.999878e+03 3.998216e+03
19.6 4.005367e+03 4.000039e+03 4.001173e+03 4.006501e+03
20.6 3.990736e+03 3.998705e+03 4.000900e+03 3.992931e+03
0.9 4.003720e+03 3.997137e+03 3.998636e+03 4.005220e+03
1.9 3.998515e+03 4.000177e+03 3.999878e+03 3.998216e+03
2.9 4.005367e+03 4.000039e+03 4.001173e+03 4.006501e+03
3.9 3.990736e+03 3.998705e+03 4.000900e+03 3.992931e+03
4.9 3.983417e+03 4.000636e+03 3.999940e+03 3.982722e+03
5.9 4.016727e+03 3.999680e+03 3.999141e+03 4.016187e+03
6.9 3.996039e+03 3.994454e+03 3.998663e+03 4.000248e+03
7.9 3.979921e+03 3.992011e+03 3.998422e+03 3.986332e+03
8.9 3.998395e+03 3.996034e+03 3.998333e+03 4.000694e+03
9.9 3.999658e+03 4.003199e+03 3.998340e+03 3.994799e+03
10.9 4.001190e+03 4.006665e+03 3.999024e+03 3.993550e+03
11.9 4.012235e+03 4.006209e+03 4.000708e+03 4.006734e+03
12.9 4.017920e+03 4.008976e+03 4.001090e+03 4.010034e+03
13.9 3.993062e+03 4.013147e+03 4.000293e+03 3.980208e+03
14.9 4.002391e+03 4.007847e+03 3.999400e+03 3.993943e+03
15.9 3.966614e+03 3.999066e+03 3.998810e+03 3.966358e+03
16.9 3.982122e+03 3.994118e+03 3.998492e+03 3.986496e+03
17.9 4.026870e+03 3.989401e+03 3.998353e+03 4.035822e+03
18.9 4.017107e+03 3.986741e+03 3.998327e+03 4.028693e+03
19.9 4.030345e+03 3.987346e+03 3.998362e+03 4.041361e+03
20.9 4.007894e+03 3.989168e+03 3.998420e+03 4.017145e+03
0.5 3.999658e+03 4.003199e+03 3.998340e+03 3.994799e+03
1.5 4.001190e+03 4.006665e+03 3.999024e+03 3.993550e+03
2.5 4.012235e+03 4.006209e+03 4.000708e+03 4.006734e+03
3.5 4.017920e+03 4.008976e+03 4.001090e+03 4.010034e+03
4.5 3.993062e+03 4.013147e+03 4.000293e+03 3.980208e+03
5.5 4.002391e+03 4.007847e+03 3.999400e+03 3.993943e+03
6.5 3.966614e+03 3.999066e+03 3.998810e+03 3.966358e+03
7.5 3.982122e+03 3.994118e+03 3.998492e+03 3.986496e+03
8.5 4.026870e+03 3.989401e+03 3.998353e+03 4.035822e+03
9.5 4.017107e+03 3.986741e+03 3.998327e+03 4.028693e+03
10.5 4.030345e+03 3.987346e+03 3.998362e+03 4.041361e+03
11.5 4.007894e+03 3.989168e+03 3.998420e+03 4.017145e+03
12.5 4.007617e+03 3.991316e+03 3.998473e+03 4.014774e+03
13.5 3.998303e+03 3.994111e+03 3.998513e+03 4.002705e+03
14.5 3.991812e+03 3.996362e+03 3.998538e+03 3.993988e+03
15.5 4.001842e+03 3.994630e+03 3.998552e+03 4.005764e+03
16.5 3.998405e+03 3.992402e+03 3.998559e+03 4.004562e+03
17.5 3.972099e+03 3.995962e+03 3.998564e+03 3.974702e+03
18.5 3.993347e+03 4.000376e+03 3.999082e+03 3.992052e+03
19.5 3.996942e+03 4.001452e+03 4.000720e+03 3.996210e+03
20.5 4.028851e+03 3.999289e+03 4.001199e+03 4.030760e+03
0.4 3.972099e+03 3.995962e+03 3.998564e+03 3.974702e+03
1.4 3.993347e+03 4.000376e+03 3.999082e+03 3.992052e+03
2.4 3.996942e+03 4.001452e+03 4.000720e+03 3.996210e+03
3.4 4.028851e+03 3.999289e+03 4.001199e+03 4.030760e+03
4.4 3.996726e+03 3.996277e+03 4.000419e+03 4.000868e+03
5.4 4.017443e+03 3.995201e+03 3.999488e+03 4.021729e+03
6.4 4.000887e+03 3.999146e+03 3.998859e+03 4.000600e+03
7.4 3.995672e+03 4.002976e+03 3.998516e+03 3.991212e+03
8.4 4.028781e+03 3.999101e+03 3.998361e+03 4.028041e+03
9.4 4.001680e+03 3.993673e+03 3.998327e+03 4.006334e+03
10.4 3.964803e+03 3.991350e+03 3.998358e+03 3.971811e+03
11.4 3.994617e+03 3.991016e+03 3.998415e+03 4.002015e+03
12.4 3.987557e+03 3.991264e+03 3.998469e+03 3.994762e+03
13.4 4.005442e+03 3.991663e+03 3.998510e+03 4.012289e+03
14.4 3.988524e+03 3.995253e+03 3.998536e+03 3.991807e+03
15.4 4.007030e+03 4.006334e+03 3.998614e+03 3.999309e+03
16.4 4.011208e+03 4.012528e+03 3.999821e+03 3.998502e+03
17.4 4.027211e+03 4.009378e+03 4.001156e+03 4.018989e+03
18.4 4.003229e+03 4.003348e+03 4.000923e+03 4.000803e+03
19.4 4.010017e+03 4.001644e+03 3.999967e+03 4.008339e+03
20.4 4.028445e+03 4.001864e+03 3.999159e+03 4.025739e+03
0.9 4.007030e+03 4.006334e+03 3.998614e+03 3.999309e+03
1.9 4.011208e+03 4.012528e+03 3.999821e+03 3.998502e+03
2.9 4.027211e+03 4.009378e+03 4.001156e+03 4.018989e+03
3.9 4.003229e+03 4.003348e+03 4.000923e+03 4.000803e+03
4.9 4.010017e+03 4.001644e+03 3.999967e+03 4.008339e+03
5.9 4.028445e+03 4.001864e+03 3.999159e+03 4.025739e+03
6.9 4.019051e+03 3.996917e+03 3.998673e+03 4.020806e+03
7.9 3.989386e+03 3.991505e+03 3.998427e+03 3.996308e+03
8.9 3.988569e+03 3.989650e+03 3.998334e+03 3.997253e+03
9.9 3.979976e+03 3.989909e+03 3.998336e+03 3.988402e+03
10.9 3.970068e+03 3.990670e+03 3.998383e+03 3.977780e+03
11.9 3.994851e+03 3.991396e+03 3.998441e+03 4.001896e+03
12.9 3.997071e+03 3.992928e+03 3.998490e+03 4.002633e+03
13.9 4.019359e+03 3.996857e+03 3.998524e+03 4.021026e+03
14.9 4.011372e+03 3.996978e+03 3.998544e+03 4.012938e+03
15.9 4.003628e+03 3.993172e+03 3.998555e+03 4.009011e+03
16.9 3.988788e+03 3.991202e+03 3.998561e+03 3.996146e+03
17.9 3.981218e+03 3.991739e+03 3.998563e+03 3.988042e+03
18.9 4.014702e+03 3.999505e+03 3.998564e+03 4.013762e+03
19.9 4.008903e+03 4.009322e+03 3.998565e+03 3.998145e+03
20.9 4.026595e+03 4.006704e+03 3.998565e+03 4.018456e+03
0.4 3.980768e+03 3.997361e+03 3.998566e+03 3.981973e+03
1.4 3.995522e+03 4.008780e+03 3.999009e+03 3.985751e+03
2.4 4.024831e+03 4.010950e+03 4.000641e+03 4.014522e+03
3.4 3.979912e+03 4.005694e+03 4.001216e+03 3.975435e+03
4.4 3.991284e+03 3.999373e+03 4.000476e+03 3.992388e+03
5.4 3.975649e+03 3.994919e+03 3.999534e+03 3.980264e+03
6.4 3.996327e+03 3.992419e+03 3.998886e+03 4.002794e+03
7.4 3.993347e+03 3.991295e+03 3.998529e+03 4.000582e+03
8.4 3.977126e+03 3.991045e+03 3.998367e+03 3.984447e+03
