8.925611e+03 8.870475e+03 8.857040e+03 8.939046e+03
8.936404e+03 8.870475e+03 8.857040e+03 8.949839e+03
8.952057e+03 8.870475e+03 8.857040e+03 8.965491e+03
8.907119e+03 8.870475e+03 8.858133e+03 8.919460e+03
8.956510e+03 8.870475e+03 8.866389e+03 8.960595e+03
8.939938e+03 8.870475e+03 8.877731e+03 8.932681e+03
9.018842e+03 8.870724e+03 8.884872e+03 9.004695e+03
8.966397e+03 8.878686e+03 8.888219e+03 8.956864e+03
8.962795e+03 8.895657e+03 8.895143e+03 8.963309e+03
8.941245e+03 8.899413e+03 8.888499e+03 8.952159e+03
8.981537e+03 8.890454e+03 8.873055e+03 8.998936e+03
8.864792e+03 8.880262e+03 8.861346e+03 8.883708e+03
8.861402e+03 8.873439e+03 8.855417e+03 8.879425e+03
8.912450e+03 8.869742e+03 8.856683e+03 8.925508e+03
8.882251e+03 8.868121e+03 8.870038e+03 8.880334e+03
8.947273e+03 8.867798e+03 8.886225e+03 8.928846e+03
8.948198e+03 8.868184e+03 8.894146e+03 8.922237e+03
8.980118e+03 8.868823e+03 8.892096e+03 8.956846e+03
8.910354e+03 8.869427e+03 8.881270e+03 8.898512e+03
8.917604e+03 8.869876e+03 8.877360e+03 8.910121e+03
8.949187e+03 8.870161e+03 8.883775e+03 8.935572e+03
8.941478e+03 8.870322e+03 8.888955e+03 8.922845e+03
8.928640e+03 8.870405e+03 8.886698e+03 8.912347e+03
8.857920e+03 8.870445e+03 8.877118e+03 8.851247e+03
8.864206e+03 8.870463e+03 8.874612e+03 8.860056e+03
8.939076e+03 8.870470e+03 8.881386e+03 8.928160e+03
8.909874e+03 8.870473e+03 8.886668e+03 8.893679e+03
8.927870e+03 8.870475e+03 8.887674e+03 8.910671e+03
8.931511e+03 8.870475e+03 8.879924e+03 8.922061e+03
8.886853e+03 8.870475e+03 8.868505e+03 8.888823e+03
8.874812e+03 8.870475e+03 8.859794e+03 8.885493e+03
8.868064e+03 8.870475e+03 8.855052e+03 8.883487e+03
8.845030e+03 8.870475e+03 8.853221e+03 8.862284e+03
8.848071e+03 8.870475e+03 8.856238e+03 8.862307e+03
8.857555e+03 8.870475e+03 8.868346e+03 8.859683e+03
8.878078e+03 8.870475e+03 8.880428e+03 8.868125e+03
8.882940e+03 8.870475e+03 8.886970e+03 8.866445e+03
8.914964e+03 8.870475e+03 8.884803e+03 8.900635e+03
8.889572e+03 8.870475e+03 8.883382e+03 8.876665e+03
8.939215e+03 8.870475e+03 8.877233e+03 8.932457e+03
8.858503e+03 8.870475e+03 8.865752e+03 8.863225e+03
8.847444e+03 8.870475e+03 8.859481e+03 8.858438e+03
8.857479e+03 8.870475e+03 8.867452e+03 8.860501e+03
8.899955e+03 8.870475e+03 8.883077e+03 8.887352e+03
8.922018e+03 8.870479e+03 8.887520e+03 8.904976e+03
8.868579e+03 8.873392e+03 8.879372e+03 8.862599e+03
8.867271e+03 8.890518e+03 8.884475e+03 8.873314e+03
8.868338e+03 8.915024e+03 8.902122e+03 8.881240e+03
8.890472e+03 8.922738e+03 8.910497e+03 8.902713e+03
8.887573e+03 8.908980e+03 8.904604e+03 8.891949e+03
8.845970e+03 8.890474e+03 8.887815e+03 8.848629e+03
8.836469e+03 8.877098e+03 8.871419e+03 8.842148e+03
8.890695e+03 8.869614e+03 8.868141e+03 8.892169e+03
8.900336e+03 8.866259e+03 8.877024e+03 8.889571e+03
8.883920e+03 8.865473e+03 8.881868e+03 8.867525e+03
8.850858e+03 8.866096e+03 8.873050e+03 8.843904e+03
8.822473e+03 8.867256e+03 8.862134e+03 8.827594e+03
8.883609e+03 8.868395e+03 8.861039e+03 8.890966e+03
8.909947e+03 8.869265e+03 8.875565e+03 8.903647e+03
8.876143e+03 8.869831e+03 8.892732e+03 8.853241e+03
8.886987e+03 8.870157e+03 8.899423e+03 8.857721e+03
8.866683e+03 8.870328e+03 8.894481e+03 8.842530e+03
8.838245e+03 8.870411e+03 8.880632e+03 8.828024e+03
8.873660e+03 8.870448e+03 8.869418e+03 8.874690e+03
8.840481e+03 8.870464e+03 8.871649e+03 8.839297e+03
8.883900e+03 8.870471e+03 8.877448e+03 8.876923e+03
8.906212e+03 8.870474e+03 8.872060e+03 8.904625e+03
8.897513e+03 8.870475e+03 8.869204e+03 8.898784e+03
8.826380e+03 8.870475e+03 8.877942e+03 8.818912e+03
8.867763e+03 8.870475e+03 8.884880e+03 8.853357e+03
8.864379e+03 8.870475e+03 8.877252e+03 8.857602e+03
8.871256e+03 8.870475e+03 8.865135e+03 8.876596e+03
8.890887e+03 8.870475e+03 8.857558e+03 8.903803e+03
8.861932e+03 8.870475e+03 8.855166e+03 8.877241e+03
8.867031e+03 8.870475e+03 8.862099e+03 8.875407e+03
8.890743e+03 8.870475e+03 8.874294e+03 8.886924e+03
8.835397e+03 8.870475e+03 8.875101e+03 8.830771e+03
8.883493e+03 8.870475e+03 8.870468e+03 8.883500e+03
8.885148e+03 8.870475e+03 8.872884e+03 8.882739e+03
8.870663e+03 8.870475e+03 8.870085e+03 8.871052e+03
8.882111e+03 8.870475e+03 8.862251e+03 8.890335e+03
8.911289e+03 8.870475e+03 8.856903e+03 8.924860e+03
8.861055e+03 8.870475e+03 8.854822e+03 8.876707e+03
8.889978e+03 8.870475e+03 8.854706e+03 8.905746e+03
8.872030e+03 8.870475e+03 8.862003e+03 8.880502e+03
8.924477e+03 8.870475e+03 8.879746e+03 8.915206e+03
8.892739e+03 8.870475e+03 8.887516e+03 8.875698e+03
8.860746e+03 8.870475e+03 8.880177e+03 8.851043e+03
8.889636e+03 8.870475e+03 8.880184e+03 8.879926e+03
8.901061e+03 8.870475e+03 8.885572e+03 8.885963e+03
8.910995e+03 8.870475e+03 8.878712e+03 8.902758e+03
8.884098e+03 8.870475e+03 8.867547e+03 8.887025e+03
8.867026e+03 8.870475e+03 8.868665e+03 8.868836e+03
8.907893e+03 8.870475e+03 8.877087e+03 8.901280e+03
8.920310e+03 8.870475e+03 8.874608e+03 8.916176e+03
8.864998e+03 8.870475e+03 8.870534e+03 8.864939e+03
8.882622e+03 8.870475e+03 8.879098e+03 8.873999e+03
8.857658e+03 8.870475e+03 8.889257e+03 8.838876e+03
8.873223e+03 8.870475e+03 8.883773e+03 8.859924e+03
8.844362e+03 8.870477e+03 8.869886e+03 8.844954e+03
8.855057e+03 8.873148e+03 8.862503e+03 8.865702e+03
8.861226e+03 8.888177e+03 8.872701e+03 8.876701e+03
8.931588e+03 8.899318e+03 8.880722e+03 8.950184e+03
8.878060e+03 8.894566e+03 8.873279e+03 8.899347e+03
8.850664e+03 8.884107e+03 8.864409e+03 8.870362e+03
8.855130e+03 8.875868e+03 8.868237e+03 8.862761e+03
8.865429e+03 8.871044e+03 8.880474e+03 8.855999e+03
8.893448e+03 8.868679e+03 8.888625e+03 8.873502e+03
8.866817e+03 8.867884e+03 8.886847e+03 8.847853e+03
8.864630e+03 8.868019e+03 8.876205e+03 8.856443e+03
8.880963e+03 8.869410e+03 8.866139e+03 8.884233e+03
8.841420e+03 8.881648e+03 8.870647e+03 8.852422e+03
8.826175e+03 8.906458e+03 8.891375e+03 8.841259e+03
8.862659e+03 8.922657e+03 8.905555e+03 8.879761e+03
8.898043e+03 8.914895e+03 8.895155e+03 8.917783e+03
8.857275e+03 8.896382e+03 8.875867e+03 8.877791e+03
8.853815e+03 8.880911e+03 8.864626e+03 8.870101e+03
8.896813e+03 8.871604e+03 8.868479e+03 8.899939e+03
8.910104e+03 8.867044e+03 8.878933e+03 8.898215e+03
8.865354e+03 8.865529e+03 8.879246e+03 8.851636e+03
8.849935e+03 8.865784e+03 8.868738e+03 8.846980e+03
8.835321e+03 8.866839e+03 8.860312e+03 8.841849e+03
8.825276e+03 8.868028e+03 8.865077e+03 8.828227e+03
8.821017e+03 8.869002e+03 8.882696e+03 8.807323e+03
8.848021e+03 8.869668e+03 8.894588e+03 8.823102e+03
8.868229e+03 8.870477e+03 8.886706e+03 8.852000e+03
8.809895e+03 8.879854e+03 8.880581e+03 8.809168e+03
8.876425e+03 8.896184e+03 8.885898e+03 8.886711e+03
8.860396e+03 8.898183e+03 8.880139e+03 8.878440e+03
8.867236e+03 8.888874e+03 8.867338e+03 8.888773e+03
8.900048e+03 8.879179e+03 8.858874e+03 8.920353e+03
8.865938e+03 8.872877e+03 8.861845e+03 8.876970e+03
8.882469e+03 8.869520e+03 8.872906e+03 8.879082e+03
8.884457e+03 8.868097e+03 8.874365e+03 8.878189e+03
8.827103e+03 8.867876e+03 8.866080e+03 8.828899e+03
8.841532e+03 8.868297e+03 8.860298e+03 8.849532e+03
8.864595e+03 8.868927e+03 8.865493e+03 8.868029e+03
8.850743e+03 8.869505e+03 8.875695e+03 8.844553e+03
8.861264e+03 8.869926e+03 8.882134e+03 8.849055e+03
8.858131e+03 8.870190e+03 8.877597e+03 8.850723e+03
8.882311e+03 8.870337e+03 8.870586e+03 8.882061e+03
8.879613e+03 8.870413e+03 8.872667e+03 8.877359e+03
8.843906e+03 8.870448e+03 8.872289e+03 8.842065e+03
8.830985e+03 8.870464e+03 8.864365e+03 8.837084e+03
8.869961e+03 8.870470e+03 8.857733e+03 8.882698e+03
8.908178e+03 8.870473e+03 8.854857e+03 8.923794e+03
8.904328e+03 8.870475e+03 8.854169e+03 8.920634e+03
8.833088e+03 8.870475e+03 8.854374e+03 8.849189e+03
8.790095e+03 8.872132e+03 8.856583e+03 8.805643e+03
8.853665e+03 8.886523e+03 8.871613e+03 8.868575e+03
8.904573e+03 8.907775e+03 8.893895e+03 8.918453e+03
8.895760e+03 8.910695e+03 8.904226e+03 8.902228e+03
8.850538e+03 8.897700e+03 8.899200e+03 8.849038e+03
8.922437e+03 8.883575e+03 8.893394e+03 8.912618e+03
8.927250e+03 8.874181e+03 8.898152e+03 8.903280e+03
8.913771e+03 8.869139e+03 8.902205e+03 8.880705e+03
8.925729e+03 8.866998e+03 8.899720e+03 8.893007e+03
8.930961e+03 8.866649e+03 8.894277e+03 8.903333e+03
8.928327e+03 8.867252e+03 8.889663e+03 8.905916e+03
8.858743e+03 8.868174e+03 8.886564e+03 8.840352e+03
8.824040e+03 8.869024e+03 8.878156e+03 8.814909e+03
8.814983e+03 8.869649e+03 8.872224e+03 8.812409e+03
8.851731e+03 8.870044e+03 8.872450e+03 8.849325e+03
8.807864e+03 8.870266e+03 8.866380e+03 8.811750e+03
8.815951e+03 8.870380e+03 8.860917e+03 8.825414e+03
8.864809e+03 8.870434e+03 8.869280e+03 8.865963e+03
8.842454e+03 8.870458e+03 8.884240e+03 8.828672e+03
8.891944e+03 8.870487e+03 8.886441e+03 8.875990e+03
8.884342e+03 8.874502e+03 8.878515e+03 8.880329e+03
8.977044e+03 8.893320e+03 8.885825e+03 8.984539e+03
8.955109e+03 8.917349e+03 8.903649e+03 8.968810e+03
8.917484e+03 8.922618e+03 8.910696e+03 8.929406e+03
8.998718e+03 8.907535e+03 8.903508e+03 9.002745e+03
8.889914e+03 8.889114e+03 8.886697e+03 8.892331e+03
8.869221e+03 8.876213e+03 8.878160e+03 8.867274e+03
8.851384e+03 8.869127e+03 8.884450e+03 8.836060e+03
8.838284e+03 8.866044e+03 8.883860e+03 8.820469e+03
8.840372e+03 8.865433e+03 8.871133e+03 8.834672e+03
8.816387e+03 8.866149e+03 8.860976e+03 8.821559e+03
8.806096e+03 8.867338e+03 8.866362e+03 8.807072e+03
8.848658e+03 8.868470e+03 8.881536e+03 8.835591e+03
8.880022e+03 8.869319e+03 8.882673e+03 8.866668e+03
8.901902e+03 8.869864e+03 8.871208e+03 8.900558e+03
8.851031e+03 8.870175e+03 8.861245e+03 8.859962e+03
8.830113e+03 8.870337e+03 8.856113e+03 8.844337e+03
8.827049e+03 8.870415e+03 8.854085e+03 8.843379e+03
8.863307e+03 8.870450e+03 8.857765e+03 8.875992e+03
8.889604e+03 8.870465e+03 8.871646e+03 8.888423e+03
8.905026e+03 8.870472e+03 8.884620e+03 8.890878e+03
8.936907e+03 8.870474e+03 8.886690e+03 8.920692e+03
8.896825e+03 8.870475e+03 8.880421e+03 8.886879e+03
8.871954e+03 8.870475e+03 8.880796e+03 8.861632e+03
8.841406e+03 8.870475e+03 8.878025e+03 8.833856e+03
8.811896e+03 8.870475e+03 8.867442e+03 8.814929e+03
8.826084e+03 8.870475e+03 8.860522e+03 8.836037e+03
8.816012e+03 8.870475e+03 8.867664e+03 8.818822e+03
8.807442e+03 8.870475e+03 8.883047e+03 8.794870e+03
8.859969e+03 8.870475e+03 8.892332e+03 8.838111e+03
8.864482e+03 8.870475e+03 8.894433e+03 8.840524e+03
8.836082e+03 8.870475e+03 8.893998e+03 8.812559e+03
8.832601e+03 8.870475e+03 8.892270e+03 8.810806e+03
8.851222e+03 8.870885e+03 8.880866e+03 8.841241e+03
8.890684e+03 8.880046e+03 8.875060e+03 8.895670e+03
8.914238e+03 8.896270e+03 8.881605e+03 8.928903e+03
8.975521e+03 8.898219e+03 8.877291e+03 8.996450e+03
8.973035e+03 8.888888e+03 8.865803e+03 8.996120e+03
8.923261e+03 8.879184e+03 8.857688e+03 8.944757e+03
8.848318e+03 8.873020e+03 8.854241e+03 8.867098e+03
8.854140e+03 8.876470e+03 8.860020e+03 8.870589e+03
8.829531e+03 8.896780e+03 8.881933e+03 8.844379e+03
8.857818e+03 8.918274e+03 8.904295e+03 8.871797e+03
8.838768e+03 8.918192e+03 8.902900e+03 8.854060e+03
8.891148e+03 8.901551e+03 8.889268e+03 8.903431e+03
8.950953e+03 8.884618e+03 8.889030e+03 8.946540e+03
8.934458e+03 8.873594e+03 8.893600e+03 8.914452e+03
8.883974e+03 8.867848e+03 8.892761e+03 8.859061e+03
8.897734e+03 8.865596e+03 8.882119e+03 8.881211e+03
8.877017e+03 8.865453e+03 8.868654e+03 8.873815e+03
8.861302e+03 8.866377e+03 8.861937e+03 8.865741e+03
8.844779e+03 8.867603e+03 8.869775e+03 8.842608e+03
8.847428e+03 8.868688e+03 8.879550e+03 8.836565e+03
8.853121e+03 8.869467e+03 8.874709e+03 8.847879e+03
8.877315e+03 8.869952e+03 8.864306e+03 8.882962e+03
8.924497e+03 8.870223e+03 8.857610e+03 8.937110e+03
8.921399e+03 8.870361e+03 8.854738e+03 8.937022e+03
8.912633e+03 8.870426e+03 8.853849e+03 8.929209e+03
8.859854e+03 8.870455e+03 8.853963e+03 8.876345e+03
8.839713e+03 8.870467e+03 8.857509e+03 8.852671e+03
8.863310e+03 8.870472e+03 8.868473e+03 8.865309e+03
8.826796e+03 8.870474e+03 8.880108e+03 8.817163e+03
8.793781e+03 8.870475e+03 8.883622e+03 8.780633e+03
8.801466e+03 8.870475e+03 8.879399e+03 8.792541e+03
8.855580e+03 8.870475e+03 8.884289e+03 8.841766e+03
8.857729e+03 8.870475e+03 8.891843e+03 8.836361e+03
8.856490e+03 8.870475e+03 8.883798e+03 8.843167e+03
8.804123e+03 8.870475e+03 8.869199e+03 8.805399e+03
8.836479e+03 8.870475e+03 8.859259e+03 8.847695e+03
8.810490e+03 8.870475e+03 8.854619e+03 8.826346e+03
8.829183e+03 8.870475e+03 8.853024e+03 8.846633e+03
8.842134e+03 8.870475e+03 8.853005e+03 8.859603e+03
8.837410e+03 8.870475e+03 8.857131e+03 8.850754e+03
8.874697e+03 8.870475e+03 8.870871e+03 8.874301e+03
8.882829e+03 8.870475e+03 8.876520e+03 8.876783e+03
8.859175e+03 8.870475e+03 8.869681e+03 8.859969e+03
8.861295e+03 8.870475e+03 8.862143e+03 8.869627e+03
8.811559e+03 8.870475e+03 8.858391e+03 8.823642e+03
8.864874e+03 8.870475e+03 8.863149e+03 8.872200e+03
8.876628e+03 8.870475e+03 8.871085e+03 8.876017e+03
8.840042e+03 8.870475e+03 8.868363e+03 8.842154e+03
8.858276e+03 8.870885e+03 8.862032e+03 8.867130e+03
8.848369e+03 8.880219e+03 8.867270e+03 8.861318e+03
8.865811e+03 8.903593e+03 8.889014e+03 8.880390e+03
8.879020e+03 8.922280e+03 8.906960e+03 8.894339e+03
8.890179e+03 8.917343e+03 8.899736e+03 8.907786e+03
8.824952e+03 8.899138e+03 8.880694e+03 8.843396e+03
8.828397e+03 8.882783e+03 8.872662e+03 8.838519e+03
8.860606e+03 8.872618e+03 8.875808e+03 8.857417e+03
8.895786e+03 8.867483e+03 8.880476e+03 8.882793e+03
8.796223e+03 8.865614e+03 8.876501e+03 8.785335e+03
8.856090e+03 8.865679e+03 8.867354e+03 8.854415e+03
8.857478e+03 8.866668e+03 8.859870e+03 8.864276e+03
8.828101e+03 8.867867e+03 8.855726e+03 8.840241e+03
8.837345e+03 8.868882e+03 8.854007e+03 8.852220e+03
8.814564e+03 8.869591e+03 8.853695e+03 8.830460e+03
8.835763e+03 8.870023e+03 8.854129e+03 8.851656e+03
