1.002057e+04 1.011486e+04 1.011381e+04 1.002162e+04
1.013936e+04 1.011486e+04 1.011381e+04 1.014041e+04
1.012201e+04 1.011486e+04 1.011380e+04 1.012306e+04
1.013649e+04 1.011518e+04 1.011277e+04 1.013889e+04
1.010831e+04 1.011763e+04 1.010502e+04 1.012092e+04
1.012813e+04 1.011991e+04 1.009864e+04 1.014940e+04
1.009380e+04 1.011932e+04 1.010256e+04 1.011056e+04
1.012058e+04 1.011748e+04 1.011335e+04 1.012472e+04
1.018635e+04 1.011595e+04 1.012709e+04 1.017521e+04
1.008405e+04 1.011503e+04 1.013161e+04 1.006747e+04
1.017543e+04 1.011457e+04 1.012755e+04 1.016245e+04
1.007265e+04 1.011440e+04 1.012162e+04 1.006544e+04
1.010705e+04 1.011442e+04 1.011709e+04 1.010438e+04
1.013645e+04 1.011565e+04 1.011256e+04 1.013954e+04
1.011785e+04 1.012011e+04 1.010428e+04 1.013367e+04
1.007140e+04 1.012508e+04 1.009612e+04 1.010035e+04
1.020713e+04 1.012555e+04 1.009677e+04 1.023592e+04
1.015274e+04 1.012210e+04 1.010432e+04 1.017051e+04
1.012115e+04 1.011859e+04 1.011016e+04 1.012958e+04
1.012928e+04 1.011883e+04 1.010894e+04 1.013917e+04
1.009104e+04 1.012217e+04 1.010289e+04 1.011032e+04
1.015027e+04 1.012274e+04 1.010281e+04 1.017020e+04
1.007402e+04 1.012004e+04 1.010848e+04 1.008558e+04
1.002316e+04 1.011806e+04 1.011440e+04 1.002682e+04
1.008138e+04 1.012353e+04 1.012791e+04 1.007700e+04
1.012480e+04 1.013449e+04 1.014729e+04 1.011200e+04
1.015425e+04 1.013922e+04 1.015596e+04 1.013751e+04
1.006859e+04 1.013342e+04 1.014849e+04 1.005352e+04
1.010535e+04 1.012462e+04 1.013451e+04 1.009546e+04
1.018678e+04 1.011807e+04 1.012252e+04 1.018233e+04
1.015400e+04 1.011439e+04 1.011503e+04 1.015337e+04
9.967273e+03 1.011274e+04 1.011128e+04 9.968741e+03
1.011475e+04 1.011239e+04 1.011007e+04 1.011707e+04
1.012996e+04 1.011541e+04 1.011454e+04 1.013082e+04
1.004411e+04 1.012571e+04 1.013072e+04 1.003909e+04
1.016210e+04 1.013368e+04 1.014387e+04 1.015191e+04
1.007460e+04 1.013135e+04 1.014219e+04 1.006376e+04
1.012576e+04 1.012657e+04 1.013538e+04 1.011695e+04
1.014624e+04 1.012867e+04 1.013787e+04 1.013703e+04
1.009917e+04 1.012924e+04 1.013808e+04 1.009032e+04
1.006187e+04 1.012435e+04 1.013011e+04 1.005612e+04
1.008494e+04 1.011939e+04 1.011983e+04 1.008450e+04
1.009942e+04 1.011946e+04 1.010785e+04 1.011104e+04
1.011783e+04 1.012301e+04 1.009657e+04 1.014427e+04
1.016503e+04 1.012412e+04 1.009322e+04 1.019593e+04
1.014897e+04 1.012126e+04 1.010024e+04 1.016999e+04
1.017551e+04 1.011768e+04 1.011712e+04 1.017606e+04
1.014952e+04 1.011526e+04 1.013628e+04 1.012850e+04
1.012699e+04 1.011404e+04 1.014441e+04 1.009663e+04
1.014612e+04 1.011359e+04 1.013975e+04 1.011997e+04
1.020017e+04 1.011360e+04 1.012981e+04 1.018395e+04
1.012981e+04 1.011409e+04 1.012012e+04 1.012379e+04
1.009706e+04 1.011687e+04 1.010655e+04 1.010738e+04
1.003101e+04 1.012153e+04 1.008967e+04 1.006287e+04
1.009383e+04 1.012398e+04 1.008163e+04 1.013618e+04
1.012019e+04 1.012221e+04 1.008823e+04 1.015416e+04
1.004457e+04 1.011897e+04 1.009961e+04 1.006393e+04
1.016935e+04 1.011766e+04 1.011219e+04 1.017482e+04
1.014595e+04 1.012033e+04 1.013038e+04 1.013590e+04
1.007415e+04 1.012392e+04 1.014645e+04 1.005162e+04
1.017766e+04 1.012375e+04 1.014868e+04 1.015273e+04
1.000191e+04 1.012050e+04 1.013968e+04 9.982735e+03
1.006821e+04 1.011727e+04 1.012804e+04 1.005743e+04
1.010895e+04 1.011593e+04 1.011688e+04 1.010799e+04
1.006106e+04 1.011820e+04 1.010117e+04 1.007809e+04
1.016164e+04 1.012101e+04 1.008876e+04 1.019389e+04
1.011079e+04 1.012061e+04 1.008997e+04 1.014143e+04
1.013429e+04 1.012030e+04 1.009222e+04 1.016236e+04
1.009908e+04 1.012256e+04 1.008632e+04 1.013532e+04
1.007364e+04 1.012418e+04 1.008236e+04 1.011546e+04
1.009191e+04 1.012219e+04 1.008998e+04 1.012412e+04
1.011397e+04 1.011871e+04 1.010183e+04 1.013085e+04
1.016416e+04 1.011601e+04 1.011048e+04 1.016968e+04
1.010802e+04 1.011523e+04 1.011618e+04 1.010707e+04
1.006838e+04 1.012128e+04 1.012861e+04 1.006105e+04
1.008544e+04 1.013146e+04 1.014524e+04 1.007167e+04
1.015179e+04 1.013339e+04 1.014801e+04 1.013717e+04
1.015721e+04 1.013075e+04 1.014313e+04 1.014483e+04
1.009221e+04 1.013222e+04 1.014426e+04 1.008017e+04
1.018344e+04 1.013018e+04 1.014032e+04 1.017330e+04
1.019736e+04 1.012384e+04 1.012985e+04 1.019136e+04
1.006043e+04 1.011800e+04 1.011995e+04 1.005848e+04
1.021065e+04 1.011454e+04 1.011386e+04 1.021133e+04
1.016797e+04 1.011309e+04 1.011129e+04 1.016977e+04
1.006970e+04 1.011446e+04 1.011599e+04 1.006817e+04
1.008066e+04 1.011894e+04 1.012973e+04 1.006987e+04
1.012803e+04 1.012150e+04 1.013732e+04 1.011220e+04
1.009515e+04 1.012084e+04 1.013186e+04 1.008413e+04
1.006190e+04 1.012205e+04 1.011751e+04 1.006645e+04
1.005546e+04 1.012424e+04 1.010440e+04 1.007530e+04
1.001535e+04 1.012287e+04 1.010146e+04 1.003676e+04
1.016521e+04 1.011974e+04 1.010346e+04 1.018149e+04
1.000037e+04 1.011957e+04 1.009836e+04 1.002158e+04
1.011810e+04 1.012151e+04 1.008959e+04 1.015002e+04
9.990530e+03 1.012100e+04 1.009117e+04 1.002036e+04
1.007480e+04 1.012021e+04 1.009736e+04 1.009765e+04
1.008783e+04 1.012276e+04 1.009767e+04 1.011291e+04
1.008361e+04 1.012561e+04 1.009580e+04 1.011341e+04
1.007754e+04 1.012424e+04 1.009978e+04 1.010200e+04
1.009961e+04 1.012027e+04 1.010704e+04 1.011284e+04
1.010276e+04 1.011680e+04 1.011401e+04 1.010556e+04
1.010336e+04 1.011476e+04 1.012544e+04 1.009267e+04
1.018989e+04 1.011382e+04 1.013318e+04 1.017053e+04
1.005390e+04 1.011356e+04 1.013103e+04 1.003643e+04
1.017328e+04 1.011403e+04 1.012404e+04 1.016327e+04
1.007699e+04 1.011738e+04 1.011353e+04 1.008084e+04
1.008378e+04 1.012221e+04 1.010284e+04 1.010315e+04
1.011255e+04 1.012307e+04 1.010143e+04 1.013419e+04
1.002929e+04 1.012046e+04 1.010650e+04 1.004326e+04
1.007583e+04 1.011755e+04 1.011078e+04 1.008259e+04
1.006847e+04 1.011560e+04 1.011353e+04 1.007054e+04
1.011412e+04 1.011455e+04 1.012136e+04 1.010732e+04
1.006769e+04 1.011410e+04 1.013591e+04 1.004589e+04
1.011921e+04 1.011404e+04 1.014524e+04 1.008801e+04
1.009013e+04 1.011417e+04 1.014100e+04 1.006330e+04
1.012369e+04 1.011438e+04 1.013031e+04 1.010776e+04
1.010459e+04 1.011663e+04 1.012418e+04 1.009704e+04
1.017550e+04 1.012600e+04 1.013289e+04 1.016861e+04
1.020861e+04 1.013744e+04 1.014788e+04 1.019817e+04
1.018136e+04 1.013944e+04 1.015024e+04 1.017056e+04
1.011142e+04 1.013202e+04 1.013909e+04 1.010435e+04
1.022267e+04 1.012351e+04 1.012647e+04 1.021970e+04
1.015687e+04 1.011979e+04 1.012452e+04 1.015214e+04
1.017060e+04 1.012126e+04 1.013461e+04 1.015726e+04
1.018863e+04 1.012296e+04 1.014247e+04 1.016913e+04
1.015241e+04 1.012116e+04 1.013811e+04 1.013546e+04
1.013221e+04 1.011789e+04 1.013292e+04 1.011718e+04
1.008565e+04 1.011543e+04 1.013360e+04 1.006748e+04
1.014789e+04 1.011415e+04 1.013009e+04 1.013196e+04
1.009263e+04 1.011365e+04 1.012258e+04 1.008371e+04
1.021434e+04 1.011412e+04 1.011689e+04 1.021157e+04
1.022107e+04 1.012034e+04 1.012274e+04 1.021867e+04
1.018846e+04 1.013113e+04 1.013793e+04 1.018166e+04
1.016880e+04 1.013404e+04 1.014235e+04 1.016049e+04
1.019162e+04 1.012848e+04 1.013419e+04 1.018591e+04
1.016308e+04 1.012202e+04 1.012266e+04 1.016245e+04
1.017730e+04 1.011982e+04 1.010745e+04 1.018968e+04
1.015395e+04 1.011945e+04 1.009739e+04 1.017601e+04
1.017573e+04 1.011766e+04 1.009970e+04 1.019369e+04
1.013976e+04 1.011558e+04 1.010554e+04 1.014980e+04
1.021629e+04 1.011498e+04 1.010770e+04 1.022356e+04
1.013503e+04 1.011735e+04 1.010128e+04 1.015110e+04
1.003982e+04 1.011897e+04 1.009785e+04 1.006095e+04
1.004359e+04 1.011805e+04 1.010244e+04 1.005921e+04
1.015264e+04 1.011641e+04 1.010842e+04 1.016063e+04
1.012176e+04 1.011523e+04 1.011234e+04 1.012465e+04
1.012078e+04 1.011461e+04 1.011435e+04 1.012103e+04
1.023088e+04 1.011435e+04 1.011519e+04 1.023004e+04
1.006799e+04 1.011431e+04 1.011631e+04 1.006599e+04
1.016716e+04 1.011439e+04 1.012443e+04 1.015711e+04
1.011528e+04 1.011451e+04 1.013650e+04 1.009330e+04
1.003859e+04 1.011463e+04 1.013937e+04 1.001385e+04
1.010914e+04 1.011493e+04 1.013373e+04 1.009034e+04
1.015390e+04 1.011744e+04 1.013273e+04 1.013861e+04
1.016795e+04 1.012226e+04 1.014117e+04 1.014903e+04
1.016288e+04 1.012520e+04 1.014685e+04 1.014123e+04
1.008326e+04 1.012395e+04 1.014220e+04 1.006501e+04
1.019998e+04 1.012586e+04 1.013989e+04 1.018595e+04
1.020888e+04 1.012999e+04 1.014168e+04 1.019718e+04
1.015586e+04 1.012780e+04 1.013673e+04 1.014693e+04
1.011064e+04 1.012239e+04 1.012720e+04 1.010583e+04
1.004310e+04 1.012250e+04 1.012601e+04 1.003959e+04
1.018205e+04 1.012763e+04 1.013325e+04 1.017643e+04
1.023084e+04 1.012704e+04 1.013254e+04 1.022534e+04
1.007779e+04 1.012289e+04 1.012362e+04 1.007706e+04
1.024430e+04 1.012234e+04 1.011005e+04 1.025659e+04
1.012799e+04 1.012476e+04 1.009767e+04 1.015508e+04
1.009795e+04 1.012456e+04 1.009440e+04 1.012811e+04
1.011485e+04 1.012096e+04 1.010187e+04 1.013394e+04
1.010531e+04 1.011720e+04 1.011919e+04 1.010332e+04
1.013620e+04 1.011484e+04 1.013767e+04 1.011337e+04
1.020420e+04 1.011374e+04 1.014436e+04 1.017358e+04
1.016939e+04 1.011342e+04 1.013885e+04 1.014397e+04
1.016867e+04 1.011364e+04 1.012920e+04 1.015311e+04
1.010117e+04 1.011601e+04 1.012719e+04 1.008999e+04
1.012756e+04 1.012064e+04 1.013535e+04 1.011284e+04
1.011604e+04 1.012249e+04 1.013794e+04 1.010059e+04
1.011208e+04 1.012059e+04 1.013090e+04 1.010177e+04
1.011940e+04 1.011812e+04 1.012285e+04 1.011467e+04
1.009053e+04 1.011885e+04 1.012519e+04 1.008419e+04
1.006393e+04 1.012197e+04 1.013531e+04 1.005059e+04
1.022901e+04 1.012224e+04 1.013688e+04 1.021437e+04
1.005618e+04 1.011962e+04 1.012934e+04 1.004647e+04
1.001532e+04 1.011689e+04 1.012079e+04 1.001142e+04
1.013070e+04 1.011516e+04 1.011509e+04 1.013077e+04
1.003380e+04 1.011432e+04 1.011220e+04 1.003592e+04
1.011909e+04 1.011504e+04 1.011435e+04 1.011978e+04
1.014250e+04 1.011828e+04 1.012465e+04 1.013614e+04
1.016913e+04 1.011979e+04 1.013087e+04 1.015805e+04
1.015587e+04 1.011856e+04 1.012852e+04 1.014591e+04
1.012563e+04 1.011759e+04 1.012109e+04 1.012213e+04
1.004748e+04 1.011979e+04 1.011036e+04 1.005691e+04
1.006484e+04 1.012105e+04 1.010441e+04 1.008149e+04
1.007207e+04 1.011939e+04 1.010548e+04 1.008597e+04
1.012533e+04 1.011760e+04 1.010765e+04 1.013529e+04
1.015431e+04 1.011953e+04 1.010448e+04 1.016936e+04
1.005229e+04 1.012393e+04 1.009781e+04 1.007841e+04
1.012230e+04 1.012539e+04 1.009671e+04 1.015097e+04
1.019743e+04 1.012377e+04 1.010568e+04 1.021553e+04
1.016046e+04 1.012790e+04 1.012511e+04 1.016326e+04
1.010051e+04 1.013489e+04 1.014406e+04 1.009135e+04
1.007107e+04 1.013349e+04 1.014628e+04 1.005828e+04
1.018888e+04 1.012614e+04 1.014169e+04 1.017333e+04
1.019454e+04 1.011938e+04 1.014032e+04 1.017360e+04
1.013926e+04 1.011527e+04 1.013448e+04 1.012005e+04
1.028354e+04 1.011329e+04 1.012512e+04 1.027172e+04
1.014088e+04 1.011264e+04 1.011732e+04 1.013620e+04
1.008387e+04 1.011274e+04 1.011295e+04 1.008367e+04
1.006987e+04 1.011320e+04 1.011505e+04 1.006801e+04
1.006964e+04 1.011372e+04 1.012734e+04 1.005602e+04
1.011432e+04 1.011416e+04 1.014038e+04 1.008810e+04
1.013800e+04 1.011449e+04 1.014127e+04 1.011122e+04
1.010579e+04 1.011593e+04 1.013637e+04 1.008535e+04
1.018019e+04 1.012008e+04 1.013947e+04 1.016080e+04
1.022418e+04 1.012292e+04 1.014227e+04 1.020483e+04
1.022636e+04 1.012163e+04 1.013649e+04 1.021149e+04
1.014530e+04 1.011873e+04 1.012640e+04 1.013762e+04
1.019165e+04 1.011640e+04 1.011791e+04 1.019013e+04
9.988855e+03 1.011594e+04 1.011148e+04 9.993318e+03
1.004344e+04 1.011932e+04 1.010289e+04 1.005987e+04
1.003112e+04 1.012291e+04 1.009649e+04 1.005754e+04
9.951355e+03 1.012222e+04 1.009862e+04 9.974952e+03
1.007201e+04 1.011923e+04 1.010467e+04 1.008657e+04
1.004879e+04 1.011661e+04 1.010964e+04 1.005577e+04
1.016784e+04 1.011503e+04 1.011263e+04 1.017024e+04
1.020000e+04 1.011426e+04 1.011419e+04 1.020007e+04
1.007178e+04 1.011400e+04 1.011479e+04 1.007099e+04
1.015561e+04 1.011491e+04 1.011207e+04 1.015845e+04
1.011729e+04 1.011803e+04 1.010264e+04 1.013269e+04
9.941192e+03 1.011955e+04 1.009965e+04 9.961093e+03
1.005770e+04 1.011846e+04 1.010503e+04 1.007112e+04
1.002904e+04 1.011746e+04 1.011269e+04 1.003382e+04
9.984625e+03 1.011978e+04 1.012687e+04 9.977535e+03
1.018381e+04 1.012273e+04 1.013982e+04 1.016672e+04
1.015268e+04 1.012196e+04 1.013946e+04 1.013518e+04
1.004263e+04 1.011904e+04 1.013081e+04 1.003086e+04
1.007528e+04 1.011649e+04 1.012211e+04 1.006966e+04
1.010933e+04 1.011497e+04 1.011628e+04 1.010802e+04
1.011885e+04 1.011424e+04 1.011309e+04 1.012001e+04
1.010253e+04 1.011401e+04 1.011174e+04 1.010480e+04
1.016359e+04 1.011490e+04 1.011418e+04 1.016430e+04
1.013237e+04 1.011825e+04 1.012461e+04 1.012601e+04
1.018943e+04 1.012008e+04 1.013072e+04 1.017878e+04
1.009799e+04 1.011895e+04 1.012766e+04 1.008929e+04
1.006683e+04 1.011704e+04 1.012156e+04 1.006231e+04
1.006044e+04 1.011578e+04 1.011629e+04 1.005992e+04
1.014852e+04 1.011697e+04 1.010713e+04 1.015836e+04
1.003656e+04 1.011936e+04 1.009714e+04 1.005878e+04
1.012823e+04 1.011923e+04 1.009736e+04 1.015010e+04
1.009896e+04 1.011749e+04 1.010364e+04 1.011282e+04
1.012915e+04 1.011591e+04 1.011454e+04 1.013052e+04
1.012710e+04 1.011496e+04 1.013153e+04 1.011053e+04
1.021630e+04 1.011450e+04 1.014425e+04 1.018654e+04
1.013510e+04 1.011434e+04 1.014270e+04 1.010675e+04
1.016058e+04 1.011454e+04 1.013207e+04 1.014305e+04
1.013638e+04 1.011679e+04 1.011543e+04 1.013774e+04
1.011288e+04 1.011958e+04 1.010096e+04 1.013150e+04
1.022045e+04 1.011950e+04 1.009995e+04 1.024000e+04
1.015103e+04 1.011775e+04 1.010496e+04 1.016382e+04
1.009981e+04 1.011613e+04 1.010918e+04 1.010675e+04
1.011998e+04 1.011512e+04 1.011181e+04 1.012330e+04
1.017048e+04 1.011460e+04 1.011339e+04 1.017169e+04
1.014638e+04 1.011440e+04 1.011422e+04 1.014656e+04
1.015994e+04 1.011439e+04 1.011449e+04 1.015984e+04
1.013231e+04 1.011448e+04 1.011442e+04 1.013237e+04
