1.460842e+03 1.463642e+03 1.462428e+03 1.462056e+03
1.472748e+03 1.463642e+03 1.462428e+03 1.473962e+03
1.471952e+03 1.463642e+03 1.462428e+03 1.473166e+03
1.455976e+03 1.463527e+03 1.462861e+03 1.456641e+03
1.470865e+03 1.462657e+03 1.466101e+03 1.467421e+03
1.479992e+03 1.461850e+03 1.466910e+03 1.474932e+03
1.472889e+03 1.462060e+03 1.460856e+03 1.474093e+03
1.478789e+03 1.462796e+03 1.457324e+03 1.484261e+03
1.471559e+03 1.463518e+03 1.457488e+03 1.477589e+03
1.474278e+03 1.463883e+03 1.457180e+03 1.480981e+03
1.483315e+03 1.463953e+03 1.457249e+03 1.490019e+03
1.475984e+03 1.463906e+03 1.458912e+03 1.480977e+03
1.488094e+03 1.463843e+03 1.460847e+03 1.491090e+03
1.454257e+03 1.464916e+03 1.464278e+03 1.454895e+03
1.444310e+03 1.469246e+03 1.473131e+03 1.440426e+03
1.469156e+03 1.474131e+03 1.482465e+03 1.460822e+03
1.474818e+03 1.474522e+03 1.479876e+03 1.469463e+03
1.445626e+03 1.470993e+03 1.468421e+03 1.448197e+03
1.458740e+03 1.467422e+03 1.461848e+03 1.464313e+03
1.487329e+03 1.467657e+03 1.465210e+03 1.489776e+03
1.500734e+03 1.471028e+03 1.474034e+03 1.497728e+03
1.463814e+03 1.471599e+03 1.473104e+03 1.462308e+03
1.452209e+03 1.468876e+03 1.464295e+03 1.456791e+03
1.450151e+03 1.466421e+03 1.460543e+03 1.456030e+03
1.462365e+03 1.468507e+03 1.467545e+03 1.463328e+03
1.472572e+03 1.474018e+03 1.480397e+03 1.466193e+03
1.484750e+03 1.476425e+03 1.484664e+03 1.476511e+03
1.480154e+03 1.473276e+03 1.474108e+03 1.479322e+03
1.462061e+03 1.468580e+03 1.463971e+03 1.466670e+03
1.464496e+03 1.465132e+03 1.460000e+03 1.469628e+03
1.463601e+03 1.463232e+03 1.459293e+03 1.467539e+03
1.459735e+03 1.462406e+03 1.459589e+03 1.462552e+03
1.444326e+03 1.462254e+03 1.460253e+03 1.446327e+03
1.445466e+03 1.463919e+03 1.463754e+03 1.445632e+03
1.475841e+03 1.469522e+03 1.474276e+03 1.471086e+03
1.473519e+03 1.473858e+03 1.480802e+03 1.466574e+03
1.473120e+03 1.472595e+03 1.472915e+03 1.472799e+03
1.468558e+03 1.469999e+03 1.465997e+03 1.472560e+03
1.478268e+03 1.471138e+03 1.470344e+03 1.479062e+03
1.492425e+03 1.471449e+03 1.472394e+03 1.491479e+03
1.475252e+03 1.468798e+03 1.467599e+03 1.476451e+03
1.477695e+03 1.466395e+03 1.464454e+03 1.479636e+03
1.457349e+03 1.468140e+03 1.469522e+03 1.455968e+03
1.473137e+03 1.472504e+03 1.478927e+03 1.466714e+03
1.475778e+03 1.473875e+03 1.481158e+03 1.468495e+03
1.464661e+03 1.470985e+03 1.473608e+03 1.462038e+03
1.463298e+03 1.467376e+03 1.465753e+03 1.464921e+03
1.472454e+03 1.464986e+03 1.461324e+03 1.476116e+03
1.468457e+03 1.463659e+03 1.457411e+03 1.474704e+03
1.461326e+03 1.462940e+03 1.452006e+03 1.472260e+03
1.456960e+03 1.462671e+03 1.451629e+03 1.468001e+03
1.462448e+03 1.462624e+03 1.455476e+03 1.469596e+03
1.473677e+03 1.461944e+03 1.462382e+03 1.473239e+03
1.465265e+03 1.460609e+03 1.470627e+03 1.455247e+03
1.467261e+03 1.459998e+03 1.474375e+03 1.452884e+03
1.466531e+03 1.460799e+03 1.470250e+03 1.457081e+03
1.441471e+03 1.462058e+03 1.465140e+03 1.438389e+03
1.426348e+03 1.462741e+03 1.463641e+03 1.425448e+03
1.450856e+03 1.462342e+03 1.466334e+03 1.446863e+03
1.454993e+03 1.461615e+03 1.469670e+03 1.446939e+03
1.472192e+03 1.461688e+03 1.466146e+03 1.467735e+03
1.460722e+03 1.462433e+03 1.458954e+03 1.464200e+03
1.456787e+03 1.463159e+03 1.456767e+03 1.463179e+03
1.464401e+03 1.463356e+03 1.459053e+03 1.468704e+03
1.466815e+03 1.462402e+03 1.465231e+03 1.463986e+03
1.470718e+03 1.461347e+03 1.470352e+03 1.461712e+03
1.475856e+03 1.461481e+03 1.468494e+03 1.468843e+03
1.484742e+03 1.461614e+03 1.467174e+03 1.479182e+03
1.467416e+03 1.460840e+03 1.470905e+03 1.457350e+03
1.480866e+03 1.460294e+03 1.473744e+03 1.467416e+03
1.464857e+03 1.461016e+03 1.469683e+03 1.456190e+03
1.474873e+03 1.462263e+03 1.464212e+03 1.472924e+03
1.460484e+03 1.463228e+03 1.461548e+03 1.462164e+03
1.471680e+03 1.464151e+03 1.461590e+03 1.474241e+03
1.483067e+03 1.468010e+03 1.468429e+03 1.482649e+03
1.481696e+03 1.473647e+03 1.479076e+03 1.476268e+03
1.469087e+03 1.474562e+03 1.479565e+03 1.464084e+03
1.466723e+03 1.472908e+03 1.475222e+03 1.464409e+03
1.472997e+03 1.473486e+03 1.476915e+03 1.469568e+03
1.480556e+03 1.472207e+03 1.474223e+03 1.478540e+03
1.451019e+03 1.468655e+03 1.467285e+03 1.452389e+03
1.447215e+03 1.465418e+03 1.462522e+03 1.450111e+03
1.462180e+03 1.463501e+03 1.460616e+03 1.465065e+03
1.465770e+03 1.462644e+03 1.460271e+03 1.468143e+03
1.473934e+03 1.462038e+03 1.461991e+03 1.473981e+03
1.480823e+03 1.461176e+03 1.466124e+03 1.475874e+03
1.478640e+03 1.460950e+03 1.467393e+03 1.472197e+03
1.471756e+03 1.462319e+03 1.465348e+03 1.468727e+03
1.463203e+03 1.466964e+03 1.469891e+03 1.460276e+03
1.479549e+03 1.471741e+03 1.476806e+03 1.474483e+03
1.489017e+03 1.471812e+03 1.474418e+03 1.486411e+03
1.466090e+03 1.468795e+03 1.468233e+03 1.466652e+03
1.464006e+03 1.464992e+03 1.467586e+03 1.461412e+03
1.486687e+03 1.461884e+03 1.470411e+03 1.478160e+03
1.486732e+03 1.460912e+03 1.468291e+03 1.479353e+03
1.473877e+03 1.463185e+03 1.466933e+03 1.470129e+03
1.486401e+03 1.468933e+03 1.473738e+03 1.481596e+03
1.488993e+03 1.473873e+03 1.481103e+03 1.481763e+03
1.489700e+03 1.473575e+03 1.478061e+03 1.485214e+03
1.484566e+03 1.470000e+03 1.469622e+03 1.484944e+03
1.455069e+03 1.466572e+03 1.463760e+03 1.457881e+03
1.472360e+03 1.464500e+03 1.460862e+03 1.475998e+03
1.489327e+03 1.463442e+03 1.458611e+03 1.494158e+03
1.492194e+03 1.462926e+03 1.456537e+03 1.498584e+03
1.476345e+03 1.463143e+03 1.457641e+03 1.481847e+03
1.475274e+03 1.466344e+03 1.465340e+03 1.476278e+03
1.463384e+03 1.471119e+03 1.475389e+03 1.459114e+03
1.466288e+03 1.471940e+03 1.473543e+03 1.464685e+03
1.464117e+03 1.469286e+03 1.464834e+03 1.468569e+03
1.456454e+03 1.466338e+03 1.460427e+03 1.462365e+03
1.461095e+03 1.464382e+03 1.459831e+03 1.465645e+03
1.457198e+03 1.463450e+03 1.460105e+03 1.460543e+03
1.463602e+03 1.463260e+03 1.460218e+03 1.466644e+03
1.476856e+03 1.463359e+03 1.460111e+03 1.480104e+03
1.455718e+03 1.463411e+03 1.458627e+03 1.460502e+03
1.467801e+03 1.463423e+03 1.458151e+03 1.473074e+03
1.477389e+03 1.464571e+03 1.461537e+03 1.480423e+03
1.488500e+03 1.469620e+03 1.472458e+03 1.485662e+03
1.486627e+03 1.475822e+03 1.485013e+03 1.477436e+03
1.476442e+03 1.476917e+03 1.486337e+03 1.467022e+03
1.459760e+03 1.472904e+03 1.476927e+03 1.455737e+03
1.453401e+03 1.468172e+03 1.468209e+03 1.453363e+03
1.468181e+03 1.464416e+03 1.465258e+03 1.467339e+03
1.482155e+03 1.461566e+03 1.467130e+03 1.476592e+03
1.467721e+03 1.460103e+03 1.468684e+03 1.459139e+03
1.467513e+03 1.460335e+03 1.465291e+03 1.462556e+03
1.464173e+03 1.461466e+03 1.461280e+03 1.464359e+03
1.450295e+03 1.462645e+03 1.459376e+03 1.453563e+03
1.439405e+03 1.463375e+03 1.457438e+03 1.445342e+03
1.448643e+03 1.463699e+03 1.456952e+03 1.455390e+03
1.441568e+03 1.464080e+03 1.458940e+03 1.446708e+03
1.440985e+03 1.467351e+03 1.466885e+03 1.441450e+03
1.461221e+03 1.473013e+03 1.478819e+03 1.455415e+03
1.469983e+03 1.474402e+03 1.480756e+03 1.463629e+03
1.479981e+03 1.471233e+03 1.473360e+03 1.477854e+03
1.467766e+03 1.467308e+03 1.467092e+03 1.467982e+03
1.467466e+03 1.463807e+03 1.466793e+03 1.464479e+03
1.459074e+03 1.461598e+03 1.465740e+03 1.454932e+03
1.454168e+03 1.461201e+03 1.459056e+03 1.456313e+03
1.424043e+03 1.461723e+03 1.455860e+03 1.429906e+03
1.453587e+03 1.462166e+03 1.457875e+03 1.457878e+03
1.442108e+03 1.461719e+03 1.463750e+03 1.440076e+03
1.465598e+03 1.461519e+03 1.466198e+03 1.460919e+03
1.473407e+03 1.462127e+03 1.463826e+03 1.471707e+03
1.448153e+03 1.462889e+03 1.462050e+03 1.448991e+03
1.439335e+03 1.463411e+03 1.461740e+03 1.441006e+03
1.430751e+03 1.463686e+03 1.461886e+03 1.432551e+03
1.455516e+03 1.463804e+03 1.462035e+03 1.457285e+03
1.449277e+03 1.463847e+03 1.462129e+03 1.450995e+03
1.455853e+03 1.463973e+03 1.461967e+03 1.457859e+03
1.421059e+03 1.464153e+03 1.461368e+03 1.423844e+03
1.437699e+03 1.464141e+03 1.457196e+03 1.444644e+03
1.456984e+03 1.463925e+03 1.453553e+03 1.467356e+03
1.436466e+03 1.463191e+03 1.456955e+03 1.442702e+03
1.446661e+03 1.461973e+03 1.464416e+03 1.444217e+03
1.431940e+03 1.461237e+03 1.468687e+03 1.424490e+03
1.433567e+03 1.461853e+03 1.464104e+03 1.431316e+03
1.451683e+03 1.465721e+03 1.464692e+03 1.452713e+03
1.478979e+03 1.470297e+03 1.470189e+03 1.479087e+03
1.486318e+03 1.470510e+03 1.466019e+03 1.490808e+03
1.475808e+03 1.468255e+03 1.460871e+03 1.483192e+03
1.450351e+03 1.468540e+03 1.464518e+03 1.454374e+03
1.473074e+03 1.471281e+03 1.472839e+03 1.471516e+03
1.484334e+03 1.470803e+03 1.472255e+03 1.482881e+03
1.447951e+03 1.468770e+03 1.468669e+03 1.448052e+03
1.446846e+03 1.470201e+03 1.472755e+03 1.444292e+03
1.461697e+03 1.473792e+03 1.480858e+03 1.454631e+03
1.477490e+03 1.474104e+03 1.481083e+03 1.470512e+03
1.496871e+03 1.470647e+03 1.472651e+03 1.494867e+03
1.436242e+03 1.466973e+03 1.464949e+03 1.438267e+03
1.449353e+03 1.464677e+03 1.460817e+03 1.453213e+03
1.446916e+03 1.463444e+03 1.456736e+03 1.453624e+03
1.445198e+03 1.462812e+03 1.451633e+03 1.456378e+03
1.445866e+03 1.462586e+03 1.451907e+03 1.456545e+03
1.483200e+03 1.462198e+03 1.457365e+03 1.488033e+03
1.492075e+03 1.461424e+03 1.464605e+03 1.488894e+03
1.480583e+03 1.461286e+03 1.467005e+03 1.474864e+03
1.471275e+03 1.461955e+03 1.464379e+03 1.468851e+03
1.473045e+03 1.462679e+03 1.462668e+03 1.473055e+03
1.465969e+03 1.462607e+03 1.464590e+03 1.463987e+03
1.482543e+03 1.461940e+03 1.468222e+03 1.476262e+03
1.499555e+03 1.461908e+03 1.467348e+03 1.494115e+03
1.495154e+03 1.462527e+03 1.463476e+03 1.494205e+03
1.471497e+03 1.463166e+03 1.461457e+03 1.473206e+03
1.465723e+03 1.463569e+03 1.461194e+03 1.468098e+03
1.474005e+03 1.463766e+03 1.461458e+03 1.476313e+03
1.482615e+03 1.463600e+03 1.462640e+03 1.483575e+03
1.466033e+03 1.462849e+03 1.465464e+03 1.463418e+03
1.447813e+03 1.462501e+03 1.462793e+03 1.447522e+03
1.447330e+03 1.462791e+03 1.457477e+03 1.452644e+03
1.447292e+03 1.464077e+03 1.458322e+03 1.453046e+03
1.466156e+03 1.467903e+03 1.466803e+03 1.467256e+03
1.492310e+03 1.470068e+03 1.471065e+03 1.491313e+03
1.471777e+03 1.468784e+03 1.467775e+03 1.472787e+03
1.457185e+03 1.467076e+03 1.465339e+03 1.458922e+03
1.453582e+03 1.468937e+03 1.470450e+03 1.452070e+03
1.472229e+03 1.473228e+03 1.479753e+03 1.465705e+03
1.470350e+03 1.474549e+03 1.480854e+03 1.464045e+03
1.459138e+03 1.472203e+03 1.471457e+03 1.459884e+03
1.491574e+03 1.472573e+03 1.471124e+03 1.493022e+03
1.474459e+03 1.475049e+03 1.478210e+03 1.471299e+03
1.482094e+03 1.473581e+03 1.476393e+03 1.479282e+03
1.461206e+03 1.469387e+03 1.468562e+03 1.462032e+03
1.416641e+03 1.465833e+03 1.462511e+03 1.419964e+03
1.454680e+03 1.463701e+03 1.458060e+03 1.460321e+03
1.459226e+03 1.462655e+03 1.456374e+03 1.465507e+03
1.466115e+03 1.462317e+03 1.457395e+03 1.471038e+03
1.465823e+03 1.462398e+03 1.459192e+03 1.469029e+03
1.481239e+03 1.462738e+03 1.460570e+03 1.483407e+03
1.473182e+03 1.463268e+03 1.461163e+03 1.475287e+03
1.471829e+03 1.463749e+03 1.461257e+03 1.474322e+03
1.450246e+03 1.463919e+03 1.459988e+03 1.454177e+03
1.454310e+03 1.463562e+03 1.459625e+03 1.458248e+03
1.435772e+03 1.462507e+03 1.463701e+03 1.434578e+03
1.446682e+03 1.461777e+03 1.465884e+03 1.442575e+03
1.468017e+03 1.462035e+03 1.460576e+03 1.469476e+03
1.477593e+03 1.462690e+03 1.457178e+03 1.483105e+03
1.471184e+03 1.463238e+03 1.458028e+03 1.476394e+03
1.467835e+03 1.464498e+03 1.461711e+03 1.470623e+03
1.484826e+03 1.468763e+03 1.470808e+03 1.482781e+03
1.518208e+03 1.472674e+03 1.478458e+03 1.512425e+03
1.543866e+03 1.471939e+03 1.475392e+03 1.540413e+03
1.475881e+03 1.468725e+03 1.468505e+03 1.476101e+03
1.469973e+03 1.465863e+03 1.464069e+03 1.471766e+03
1.463353e+03 1.464091e+03 1.462031e+03 1.465412e+03
1.458251e+03 1.463184e+03 1.461212e+03 1.460223e+03
1.477995e+03 1.462838e+03 1.461047e+03 1.479786e+03
1.467269e+03 1.462521e+03 1.462412e+03 1.467378e+03
1.488904e+03 1.461639e+03 1.466454e+03 1.484089e+03
1.471315e+03 1.461376e+03 1.464612e+03 1.468079e+03
1.469955e+03 1.461999e+03 1.458829e+03 1.473125e+03
1.469547e+03 1.462604e+03 1.457929e+03 1.474222e+03
1.475098e+03 1.462322e+03 1.462453e+03 1.474967e+03
1.483858e+03 1.461780e+03 1.466985e+03 1.478653e+03
1.464707e+03 1.462025e+03 1.465667e+03 1.461065e+03
1.451457e+03 1.462724e+03 1.462658e+03 1.451523e+03
1.468318e+03 1.463313e+03 1.461545e+03 1.470085e+03
1.449161e+03 1.463653e+03 1.461588e+03 1.451225e+03
1.471065e+03 1.463808e+03 1.461826e+03 1.473047e+03
1.469305e+03 1.463852e+03 1.462027e+03 1.471130e+03
1.478616e+03 1.463640e+03 1.462924e+03 1.479333e+03
1.478568e+03 1.462861e+03 1.465748e+03 1.475681e+03
1.481292e+03 1.462436e+03 1.465730e+03 1.477998e+03
1.457611e+03 1.462695e+03 1.462755e+03 1.457551e+03
1.462459e+03 1.463137e+03 1.461220e+03 1.464376e+03
1.456688e+03 1.463411e+03 1.461407e+03 1.458692e+03
1.472164e+03 1.462888e+03 1.464444e+03 1.470608e+03
1.465978e+03 1.461994e+03 1.467936e+03 1.460036e+03
1.462171e+03 1.462026e+03 1.465957e+03 1.458240e+03
1.451204e+03 1.462654e+03 1.462832e+03 1.451026e+03
1.443692e+03 1.463327e+03 1.461444e+03 1.445575e+03
1.441462e+03 1.463922e+03 1.460901e+03 1.444482e+03
1.455689e+03 1.464293e+03 1.460504e+03 1.459478e+03
1.474721e+03 1.464307e+03 1.458863e+03 1.480165e+03
1.457139e+03 1.464049e+03 1.458178e+03 1.463010e+03
1.447829e+03 1.463083e+03 1.462110e+03 1.448801e+03
1.434857e+03 1.461988e+03 1.465829e+03 1.431017e+03
1.430729e+03 1.461962e+03 1.461444e+03 1.431248e+03
1.433589e+03 1.462563e+03 1.457798e+03 1.438354e+03
1.426609e+03 1.463139e+03 1.458290e+03 1.431458e+03
1.450624e+03 1.463507e+03 1.460064e+03 1.454067e+03
1.426383e+03 1.463705e+03 1.461421e+03 1.428666e+03
1.454322e+03 1.463788e+03 1.462213e+03 1.455896e+03
1.430192e+03 1.463798e+03 1.462635e+03 1.431356e+03
1.472402e+03 1.463771e+03 1.462811e+03 1.473363e+03
