6.522013e+03 6.500952e+03 6.500653e+03 6.522312e+03
6.543272e+03 6.500952e+03 6.500653e+03 6.543571e+03
6.521243e+03 6.500952e+03 6.500653e+03 6.521542e+03
6.503739e+03 6.500952e+03 6.501978e+03 6.502713e+03
6.527390e+03 6.500952e+03 6.511934e+03 6.516408e+03
6.538442e+03 6.500952e+03 6.518750e+03 6.520644e+03
6.525362e+03 6.501035e+03 6.510471e+03 6.515926e+03
6.546674e+03 6.503659e+03 6.498744e+03 6.551589e+03
6.522558e+03 6.509253e+03 6.488020e+03 6.543792e+03
6.541757e+03 6.510491e+03 6.480178e+03 6.572070e+03
6.550334e+03 6.507538e+03 6.479826e+03 6.578046e+03
6.505497e+03 6.504178e+03 6.486331e+03 6.523345e+03
6.484556e+03 6.501930e+03 6.493564e+03 6.492922e+03
6.516571e+03 6.500711e+03 6.502392e+03 6.514889e+03
6.494704e+03 6.500177e+03 6.519929e+03 6.474952e+03
6.511149e+03 6.500070e+03 6.537601e+03 6.473618e+03
6.547447e+03 6.500198e+03 6.535491e+03 6.512153e+03
6.539332e+03 6.500408e+03 6.518056e+03 6.521684e+03
6.547613e+03 6.500607e+03 6.505800e+03 6.542420e+03
6.580622e+03 6.500755e+03 6.509519e+03 6.571858e+03
6.588435e+03 6.500849e+03 6.523466e+03 6.565819e+03
6.547883e+03 6.500902e+03 6.523063e+03 6.525723e+03
6.510792e+03 6.500930e+03 6.509695e+03 6.502027e+03
6.451085e+03 6.501507e+03 6.501883e+03 6.450710e+03
6.518042e+03 6.505787e+03 6.509282e+03 6.514547e+03
6.499862e+03 6.512698e+03 6.525779e+03 6.486782e+03
6.492168e+03 6.515646e+03 6.531553e+03 6.476261e+03
6.493316e+03 6.512279e+03 6.518174e+03 6.487421e+03
6.516007e+03 6.507067e+03 6.504524e+03 6.518550e+03
6.506020e+03 6.503134e+03 6.498398e+03 6.510757e+03
6.479106e+03 6.500883e+03 6.496711e+03 6.483278e+03
6.503503e+03 6.499841e+03 6.496686e+03 6.506658e+03
6.482748e+03 6.499578e+03 6.497403e+03 6.484923e+03
6.482552e+03 6.501302e+03 6.502229e+03 6.481626e+03
6.543049e+03 6.507262e+03 6.516967e+03 6.533345e+03
6.503011e+03 6.511884e+03 6.526587e+03 6.488309e+03
6.492857e+03 6.510528e+03 6.517206e+03 6.486179e+03
6.504346e+03 6.507750e+03 6.508142e+03 6.503954e+03
6.528613e+03 6.508967e+03 6.513450e+03 6.524131e+03
6.561078e+03 6.509299e+03 6.513057e+03 6.557319e+03
6.535635e+03 6.506464e+03 6.502757e+03 6.539342e+03
6.511429e+03 6.503224e+03 6.498822e+03 6.515830e+03
6.500417e+03 6.501145e+03 6.510578e+03 6.490984e+03
6.489093e+03 6.500165e+03 6.529469e+03 6.459789e+03
6.507701e+03 6.499856e+03 6.533513e+03 6.474044e+03
6.514431e+03 6.500863e+03 6.516760e+03 6.498534e+03
6.532212e+03 6.506720e+03 6.495942e+03 6.542989e+03
6.492037e+03 6.515050e+03 6.480174e+03 6.526913e+03
6.495416e+03 6.517812e+03 6.473082e+03 6.540145e+03
6.492350e+03 6.513435e+03 6.472871e+03 6.532914e+03
6.490388e+03 6.507435e+03 6.480034e+03 6.517788e+03
6.462476e+03 6.503082e+03 6.490535e+03 6.475022e+03
6.498532e+03 6.500644e+03 6.507801e+03 6.491375e+03
6.516780e+03 6.499552e+03 6.529822e+03 6.486510e+03
6.525688e+03 6.499300e+03 6.539151e+03 6.485837e+03
6.542419e+03 6.499508e+03 6.525354e+03 6.516573e+03
6.489260e+03 6.499902e+03 6.509033e+03 6.480130e+03
6.422066e+03 6.500920e+03 6.502355e+03 6.420631e+03
6.453967e+03 6.503346e+03 6.504690e+03 6.452623e+03
6.492006e+03 6.505739e+03 6.509240e+03 6.488506e+03
6.551957e+03 6.505867e+03 6.505613e+03 6.552212e+03
6.532522e+03 6.504220e+03 6.497240e+03 6.539502e+03
6.479967e+03 6.502484e+03 6.494383e+03 6.488068e+03
6.477826e+03 6.501335e+03 6.498523e+03 6.480638e+03
6.532598e+03 6.500726e+03 6.513850e+03 6.519474e+03
6.534765e+03 6.500481e+03 6.527047e+03 6.508199e+03
6.501029e+03 6.500455e+03 6.520001e+03 6.481483e+03
6.531050e+03 6.500542e+03 6.515198e+03 6.516394e+03
6.499803e+03 6.500663e+03 6.526203e+03 6.474262e+03
6.523446e+03 6.500772e+03 6.534804e+03 6.489414e+03
6.524933e+03 6.500850e+03 6.522639e+03 6.503144e+03
6.539021e+03 6.500899e+03 6.506127e+03 6.533794e+03
6.495206e+03 6.500927e+03 6.498006e+03 6.498127e+03
6.512798e+03 6.501356e+03 6.496885e+03 6.517270e+03
6.536248e+03 6.505247e+03 6.506491e+03 6.535004e+03
6.530870e+03 6.511229e+03 6.521694e+03 6.520406e+03
6.522035e+03 6.512264e+03 6.520350e+03 6.513948e+03
6.509668e+03 6.510590e+03 6.512098e+03 6.508160e+03
6.524933e+03 6.511300e+03 6.515206e+03 6.521028e+03
6.538954e+03 6.510005e+03 6.510799e+03 6.538160e+03
6.495768e+03 6.506256e+03 6.500514e+03 6.501510e+03
6.449288e+03 6.502822e+03 6.495802e+03 6.456308e+03
6.477169e+03 6.500789e+03 6.495726e+03 6.482232e+03
6.524264e+03 6.499932e+03 6.497059e+03 6.527137e+03
6.548006e+03 6.500604e+03 6.500483e+03 6.548126e+03
6.559438e+03 6.502919e+03 6.506809e+03 6.555547e+03
6.544745e+03 6.504259e+03 6.507097e+03 6.541908e+03
6.551581e+03 6.503608e+03 6.501166e+03 6.554024e+03
6.501533e+03 6.502347e+03 6.509665e+03 6.494215e+03
6.491104e+03 6.501392e+03 6.523632e+03 6.468863e+03
6.516452e+03 6.500851e+03 6.518574e+03 6.498730e+03
6.511408e+03 6.500605e+03 6.507539e+03 6.504474e+03
6.486233e+03 6.500546e+03 6.512360e+03 6.474419e+03
6.523982e+03 6.500594e+03 6.525012e+03 6.499565e+03
6.560504e+03 6.500687e+03 6.520409e+03 6.540781e+03
6.543373e+03 6.500779e+03 6.512677e+03 6.531475e+03
6.546705e+03 6.500851e+03 6.521710e+03 6.525846e+03
6.527689e+03 6.500898e+03 6.533691e+03 6.494897e+03
6.544895e+03 6.500925e+03 6.525758e+03 6.520063e+03
6.493141e+03 6.500941e+03 6.508656e+03 6.485426e+03
6.455469e+03 6.501828e+03 6.497841e+03 6.459456e+03
6.491961e+03 6.506785e+03 6.488798e+03 6.509949e+03
6.537393e+03 6.510459e+03 6.480706e+03 6.567146e+03
6.562774e+03 6.508893e+03 6.477113e+03 6.594554e+03
6.537711e+03 6.505446e+03 6.483228e+03 6.559928e+03
6.514763e+03 6.502730e+03 6.501735e+03 6.515757e+03
6.494143e+03 6.501140e+03 6.523237e+03 6.472046e+03
6.519051e+03 6.500361e+03 6.524514e+03 6.494898e+03
6.499208e+03 6.500098e+03 6.512335e+03 6.486971e+03
6.455071e+03 6.500143e+03 6.503725e+03 6.451489e+03
6.484335e+03 6.500601e+03 6.499889e+03 6.485047e+03
6.478761e+03 6.504636e+03 6.493961e+03 6.489435e+03
6.476967e+03 6.512813e+03 6.483838e+03 6.505943e+03
6.463838e+03 6.518153e+03 6.476639e+03 6.505352e+03
6.465179e+03 6.515594e+03 6.474118e+03 6.506655e+03
6.492826e+03 6.509499e+03 6.478689e+03 6.523636e+03
6.512023e+03 6.505604e+03 6.490678e+03 6.526948e+03
6.547426e+03 6.507893e+03 6.511661e+03 6.543658e+03
6.542071e+03 6.512981e+03 6.532519e+03 6.522533e+03
6.519458e+03 6.513618e+03 6.533955e+03 6.499121e+03
6.482992e+03 6.509382e+03 6.517866e+03 6.474508e+03
6.448469e+03 6.504770e+03 6.505293e+03 6.447945e+03
6.511345e+03 6.502847e+03 6.502710e+03 6.511483e+03
6.517202e+03 6.503706e+03 6.506912e+03 6.513996e+03
6.500620e+03 6.504700e+03 6.509472e+03 6.495848e+03
6.507957e+03 6.504026e+03 6.501564e+03 6.510419e+03
6.484371e+03 6.505464e+03 6.490608e+03 6.499227e+03
6.490749e+03 6.509625e+03 6.482371e+03 6.518003e+03
6.482521e+03 6.509661e+03 6.477468e+03 6.514714e+03
6.446787e+03 6.506365e+03 6.479779e+03 6.473373e+03
6.442626e+03 6.503461e+03 6.488200e+03 6.457887e+03
6.462580e+03 6.504988e+03 6.504067e+03 6.463501e+03
6.499635e+03 6.510129e+03 6.523519e+03 6.486244e+03
6.557422e+03 6.511337e+03 6.525185e+03 6.543574e+03
6.574690e+03 6.508023e+03 6.512230e+03 6.570483e+03
6.517745e+03 6.504195e+03 6.504424e+03 6.517516e+03
6.502363e+03 6.501664e+03 6.511191e+03 6.492836e+03
6.509116e+03 6.500354e+03 6.516648e+03 6.492822e+03
6.478698e+03 6.499832e+03 6.508173e+03 6.470357e+03
6.412831e+03 6.499782e+03 6.500193e+03 6.412420e+03
6.483707e+03 6.499981e+03 6.500366e+03 6.483322e+03
6.520306e+03 6.500260e+03 6.511848e+03 6.508719e+03
6.548025e+03 6.500515e+03 6.515046e+03 6.533494e+03
6.521863e+03 6.500702e+03 6.505461e+03 6.517104e+03
6.437357e+03 6.500821e+03 6.498822e+03 6.439356e+03
6.427658e+03 6.500889e+03 6.497410e+03 6.431136e+03
6.472285e+03 6.500923e+03 6.497884e+03 6.475324e+03
6.518564e+03 6.500940e+03 6.498592e+03 6.520913e+03
6.515738e+03 6.501493e+03 6.498592e+03 6.518640e+03
6.482901e+03 6.506240e+03 6.493374e+03 6.495768e+03
6.415556e+03 6.513247e+03 6.484931e+03 6.443871e+03
6.445143e+03 6.514210e+03 6.479427e+03 6.479926e+03
6.509217e+03 6.510033e+03 6.480542e+03 6.538709e+03
6.461132e+03 6.506630e+03 6.490456e+03 6.477306e+03
6.394160e+03 6.505990e+03 6.503715e+03 6.396435e+03
6.433875e+03 6.505830e+03 6.511224e+03 6.428480e+03
6.461141e+03 6.504507e+03 6.506610e+03 6.459039e+03
6.453006e+03 6.505742e+03 6.507961e+03 6.450787e+03
6.520544e+03 6.508539e+03 6.515031e+03 6.514052e+03
6.550580e+03 6.507695e+03 6.509424e+03 6.548851e+03
6.545762e+03 6.504894e+03 6.501788e+03 6.548868e+03
6.512517e+03 6.505184e+03 6.505595e+03 6.512106e+03
6.518518e+03 6.508285e+03 6.515437e+03 6.511366e+03
6.522057e+03 6.508000e+03 6.510556e+03 6.519502e+03
6.455446e+03 6.505117e+03 6.504119e+03 6.456444e+03
6.458414e+03 6.502474e+03 6.514140e+03 6.446747e+03
6.482393e+03 6.500922e+03 6.531428e+03 6.451888e+03
6.522792e+03 6.500216e+03 6.532265e+03 6.490744e+03
6.498711e+03 6.501327e+03 6.514075e+03 6.485962e+03
6.397233e+03 6.507597e+03 6.493481e+03 6.411349e+03
6.424419e+03 6.515714e+03 6.478660e+03 6.461473e+03
6.430519e+03 6.517670e+03 6.472465e+03 6.475724e+03
6.442506e+03 6.512881e+03 6.473126e+03 6.482261e+03
6.473214e+03 6.507001e+03 6.481007e+03 6.499208e+03
6.527799e+03 6.503894e+03 6.493020e+03 6.538673e+03
6.569319e+03 6.503807e+03 6.505275e+03 6.567850e+03
6.538105e+03 6.503624e+03 6.507381e+03 6.534347e+03
6.520199e+03 6.502354e+03 6.500333e+03 6.522220e+03
6.493858e+03 6.501269e+03 6.497371e+03 6.497755e+03
6.502173e+03 6.502000e+03 6.501538e+03 6.502636e+03
6.537561e+03 6.503956e+03 6.508044e+03 6.533473e+03
6.564464e+03 6.504365e+03 6.505148e+03 6.563681e+03
6.550983e+03 6.503199e+03 6.497215e+03 6.556966e+03
6.516882e+03 6.501899e+03 6.494920e+03 6.523861e+03
6.471407e+03 6.501065e+03 6.496488e+03 6.475983e+03
6.485144e+03 6.500656e+03 6.498429e+03 6.487372e+03
6.535358e+03 6.501038e+03 6.501018e+03 6.535378e+03
6.520828e+03 6.502709e+03 6.505602e+03 6.517935e+03
6.485079e+03 6.503482e+03 6.503261e+03 6.485301e+03
6.451263e+03 6.502849e+03 6.496979e+03 6.457133e+03
6.495438e+03 6.501913e+03 6.498344e+03 6.499007e+03
6.535734e+03 6.501250e+03 6.511701e+03 6.525283e+03
6.587193e+03 6.500883e+03 6.516080e+03 6.571996e+03
6.548902e+03 6.500718e+03 6.506785e+03 6.542835e+03
6.482674e+03 6.500680e+03 6.501936e+03 6.481418e+03
6.505961e+03 6.500715e+03 6.512391e+03 6.494285e+03
6.500094e+03 6.500778e+03 6.530492e+03 6.470380e+03
6.520979e+03 6.500840e+03 6.534832e+03 6.486987e+03
6.558723e+03 6.501633e+03 6.521598e+03 6.538757e+03
6.583355e+03 6.506299e+03 6.518725e+03 6.570929e+03
6.542259e+03 6.511958e+03 6.525443e+03 6.528774e+03
6.525214e+03 6.512143e+03 6.517616e+03 6.519741e+03
6.431639e+03 6.511262e+03 6.499705e+03 6.443195e+03
6.401108e+03 6.512749e+03 6.485032e+03 6.428825e+03
6.432904e+03 6.510909e+03 6.476749e+03 6.467063e+03
6.475475e+03 6.506530e+03 6.477797e+03 6.504208e+03
6.498468e+03 6.502804e+03 6.485280e+03 6.515992e+03
6.548712e+03 6.500719e+03 6.492811e+03 6.556621e+03
6.565436e+03 6.502047e+03 6.495234e+03 6.572249e+03
6.522266e+03 6.509004e+03 6.489334e+03 6.541936e+03
6.488998e+03 6.516323e+03 6.481612e+03 6.523710e+03
6.489184e+03 6.516476e+03 6.477434e+03 6.528225e+03
6.462975e+03 6.511737e+03 6.480217e+03 6.494495e+03
6.390673e+03 6.508290e+03 6.492722e+03 6.406240e+03
6.418092e+03 6.506116e+03 6.502422e+03 6.421786e+03
6.461277e+03 6.503559e+03 6.500315e+03 6.464520e+03
6.513806e+03 6.501330e+03 6.497719e+03 6.517417e+03
6.517758e+03 6.500086e+03 6.498593e+03 6.519251e+03
6.515389e+03 6.499682e+03 6.503317e+03 6.511754e+03
6.519825e+03 6.499740e+03 6.518054e+03 6.501512e+03
6.581196e+03 6.499982e+03 6.530228e+03 6.550951e+03
6.581383e+03 6.500260e+03 6.521471e+03 6.560172e+03
6.515774e+03 6.500502e+03 6.507359e+03 6.508917e+03
6.430077e+03 6.500683e+03 6.500189e+03 6.430571e+03
6.476338e+03 6.500803e+03 6.498021e+03 6.479121e+03
6.479694e+03 6.500876e+03 6.497687e+03 6.482883e+03
6.497091e+03 6.500915e+03 6.498074e+03 6.499932e+03
6.500919e+03 6.500936e+03 6.502343e+03 6.499512e+03
6.543211e+03 6.500945e+03 6.514808e+03 6.529349e+03
6.537199e+03 6.500950e+03 6.516407e+03 6.521741e+03
6.512586e+03 6.500953e+03 6.506826e+03 6.506713e+03
6.479728e+03 6.501325e+03 6.501287e+03 6.479765e+03
6.495489e+03 6.503150e+03 6.503900e+03 6.494739e+03
6.548287e+03 6.505023e+03 6.507462e+03 6.545849e+03
6.536016e+03 6.504797e+03 6.501090e+03 6.539723e+03
6.493010e+03 6.503342e+03 6.494353e+03 6.501998e+03
6.484330e+03 6.502006e+03 6.493897e+03 6.492439e+03
6.489459e+03 6.501172e+03 6.496171e+03 6.494460e+03
6.486862e+03 6.500743e+03 6.498268e+03 6.489338e+03
6.483025e+03 6.500581e+03 6.499642e+03 6.483964e+03
6.505751e+03 6.501007e+03 6.501516e+03 6.505241e+03
6.550765e+03 6.502710e+03 6.505757e+03 6.547718e+03
6.547958e+03 6.503639e+03 6.503461e+03 6.548136e+03
6.512500e+03 6.503059e+03 6.496191e+03 6.519367e+03
6.461471e+03 6.502076e+03 6.494180e+03 6.469368e+03
6.467976e+03 6.501350e+03 6.496623e+03 6.472702e+03
6.507527e+03 6.500937e+03 6.506947e+03 6.501517e+03
6.535354e+03 6.500742e+03 6.518163e+03 6.517934e+03
6.514660e+03 6.500687e+03 6.512435e+03 6.502912e+03
6.470690e+03 6.500849e+03 6.502728e+03 6.468811e+03
6.465041e+03 6.503985e+03 6.495008e+03 6.474018e+03
6.488568e+03 6.511752e+03 6.485019e+03 6.515301e+03
6.520516e+03 6.517960e+03 6.477183e+03 6.561292e+03
6.542563e+03 6.516364e+03 6.473916e+03 6.585012e+03
6.520289e+03 6.510382e+03 6.478153e+03 6.552518e+03
6.500401e+03 6.505001e+03 6.495737e+03 6.509664e+03
6.499390e+03 6.501655e+03 6.513323e+03 6.487722e+03
6.513736e+03 6.499965e+03 6.512003e+03 6.501698e+03
6.460051e+03 6.499350e+03 6.505104e+03 6.454297e+03
6.445417e+03 6.499372e+03 6.501828e+03 6.442960e+03
6.471339e+03 6.499698e+03 6.500883e+03 6.470154e+03
6.480643e+03 6.500093e+03 6.500487e+03 6.480249e+03
6.503710e+03 6.500427e+03 6.500287e+03 6.503850e+03
6.497231e+03 6.500661e+03 6.500301e+03 6.497591e+03
6.495138e+03 6.500804e+03 6.500441e+03 6.495501e+03
