0.9 9.246121e+03 9.241525e+03 9.252547e+03 9.257144e+03
1.9 9.263200e+03 9.241511e+03 9.255916e+03 9.277606e+03
2.9 9.264239e+03 9.248073e+03 9.263836e+03 9.280002e+03
3.9 9.268304e+03 9.255611e+03 9.267466e+03 9.280159e+03
4.9 9.265569e+03 9.260590e+03 9.263951e+03 9.268929e+03
5.9 9.256061e+03 9.256597e+03 9.258577e+03 9.258041e+03
6.9 9.242187e+03 9.248278e+03 9.254609e+03 9.248517e+03
7.9 9.243256e+03 9.241558e+03 9.252353e+03 9.254051e+03
8.9 9.257475e+03 9.249358e+03 9.251301e+03 9.259418e+03
9.9 9.297651e+03 9.263700e+03 9.251008e+03 9.284959e+03
10.9 9.303862e+03 9.262576e+03 9.251146e+03 9.292431e+03
11.9 9.277372e+03 9.252814e+03 9.251462e+03 9.276020e+03
12.9 9.244504e+03 9.243741e+03 9.251787e+03 9.252549e+03
13.9 9.243568e+03 9.238186e+03 9.252040e+03 9.257422e+03
14.9 9.268429e+03 9.245895e+03 9.252207e+03 9.274740e+03
15.9 9.291993e+03 9.262092e+03 9.252304e+03 9.282204e+03
16.9 9.282115e+03 9.262988e+03 9.252355e+03 9.271481e+03
17.9 9.257146e+03 9.254031e+03 9.252380e+03 9.255495e+03
18.9 9.243339e+03 9.245693e+03 9.252391e+03 9.250037e+03
19.9 9.256781e+03 9.242295e+03 9.252396e+03 9.266882e+03
20.9 9.266027e+03 9.244123e+03 9.252398e+03 9.274302e+03
21.9 9.289741e+03 9.251380e+03 9.252399e+03 9.290759e+03
0.3 9.258333e+03 9.237501e+03 9.252399e+03 9.273231e+03
1.3 9.244396e+03 9.237897e+03 9.253130e+03 9.259630e+03
2.3 9.232680e+03 9.243630e+03 9.258652e+03 9.247702e+03
3.3 9.238615e+03 9.252807e+03 9.266152e+03 9.251960e+03
4.3 9.263668e+03 9.268575e+03 9.266747e+03 9.261840e+03
5.3 9.283645e+03 9.276728e+03 9.261908e+03 9.268825e+03
6.3 9.275486e+03 9.269478e+03 9.256884e+03 9.262891e+03
7.3 9.276038e+03 9.271834e+03 9.253596e+03 9.257800e+03
8.3 9.280057e+03 9.272773e+03 9.251849e+03 9.259134e+03
9.3 9.278724e+03 9.261182e+03 9.251123e+03 9.268665e+03
10.3 9.261848e+03 9.247392e+03 9.251024e+03 9.265480e+03
11.3 9.259405e+03 9.245953e+03 9.251254e+03 9.264706e+03
12.3 9.285559e+03 9.259890e+03 9.251588e+03 9.277257e+03
13.3 9.289916e+03 9.261994e+03 9.251891e+03 9.279814e+03
14.3 9.249731e+03 9.252880e+03 9.252112e+03 9.248962e+03
15.3 9.236789e+03 9.249079e+03 9.252250e+03 9.239959e+03
16.3 9.228638e+03 9.261730e+03 9.252327e+03 9.219235e+03
17.3 9.239996e+03 9.264558e+03 9.252367e+03 9.227804e+03
18.3 9.250044e+03 9.260453e+03 9.252385e+03 9.241977e+03
19.3 9.275598e+03 9.268432e+03 9.252393e+03 9.259559e+03
20.3 9.267212e+03 9.267971e+03 9.252397e+03 9.251638e+03
21.3 9.250762e+03 9.256973e+03 9.252399e+03 9.246188e+03
0.4 9.219515e+03 9.237836e+03 9.252401e+03 9.234080e+03
1.4 9.260069e+03 9.236925e+03 9.253452e+03 9.276596e+03
2.4 9.291056e+03 9.242172e+03 9.258971e+03 9.307855e+03
3.4 9.278738e+03 9.251125e+03 9.262832e+03 9.290445e+03
4.4 9.252073e+03 9.257990e+03 9.260995e+03 9.255078e+03
5.4 9.229507e+03 9.255320e+03 9.257218e+03 9.231405e+03
6.4 9.212993e+03 9.248347e+03 9.254280e+03 9.218926e+03
7.4 9.224592e+03 9.242059e+03 9.252570e+03 9.235103e+03
8.4 9.226458e+03 9.237418e+03 9.251736e+03 9.240776e+03
9.4 9.241657e+03 9.243452e+03 9.251462e+03 9.249667e+03
10.4 9.272829e+03 9.260852e+03 9.251517e+03 9.263494e+03
11.4 9.264305e+03 9.264025e+03 9.251722e+03 9.252001e+03
12.4 9.236707e+03 9.255667e+03 9.251948e+03 9.232988e+03
13.4 9.222984e+03 9.246842e+03 9.252131e+03 9.228273e+03
14.4 9.209464e+03 9.241182e+03 9.252254e+03 9.220535e+03
15.4 9.212196e+03 9.238186e+03 9.252326e+03 9.226336e+03
16.4 9.225593e+03 9.237249e+03 9.252365e+03 9.240710e+03
17.4 9.252424e+03 9.239602e+03 9.252384e+03 9.265206e+03
18.4 9.244114e+03 9.244136e+03 9.252393e+03 9.252371e+03
19.4 9.244963e+03 9.251777e+03 9.252397e+03 9.245583e+03
20.4 9.249477e+03 9.268110e+03 9.252398e+03 9.233765e+03
21.4 9.234086e+03 9.270623e+03 9.252399e+03 9.215862e+03
0.8 9.270643e+03 9.261803e+03 9.252461e+03 9.261301e+03
1.8 9.258771e+03 9.253348e+03 9.255063e+03 9.260486e+03
2.8 9.245898e+03 9.252564e+03 9.262760e+03 9.256094e+03
3.8 9.241298e+03 9.259006e+03 9.267673e+03 9.249964e+03
4.8 9.256974e+03 9.272292e+03 9.264963e+03 9.249645e+03
5.8 9.262739e+03 9.272081e+03 9.259488e+03 9.250145e+03
6.8 9.263637e+03 9.262730e+03 9.255161e+03 9.256069e+03
7.8 9.255799e+03 9.258434e+03 9.252623e+03 9.249989e+03
8.8 9.247765e+03 9.256914e+03 9.251393e+03 9.242245e+03
9.8 9.249336e+03 9.252567e+03 9.250997e+03 9.247766e+03
10.8 9.250346e+03 9.250472e+03 9.251086e+03 9.250960e+03
11.8 9.255508e+03 9.253894e+03 9.251392e+03 9.253006e+03
12.8 9.251684e+03 9.252417e+03 9.251728e+03 9.250994e+03
13.8 9.249916e+03 9.246458e+03 9.251999e+03 9.255457e+03
14.8 9.255023e+03 9.241191e+03 9.252182e+03 9.266013e+03
15.8 9.261355e+03 9.238229e+03 9.252290e+03 9.275416e+03
16.8 9.259980e+03 9.237019e+03 9.252348e+03 9.275309e+03
17.8 9.252275e+03 9.236816e+03 9.252377e+03 9.267836e+03
18.8 9.242519e+03 9.237125e+03 9.252390e+03 9.257784e+03
19.8 9.240268e+03 9.237451e+03 9.252395e+03 9.255213e+03
20.8 9.223041e+03 9.237465e+03 9.252398e+03 9.237974e+03
21.8 9.227534e+03 9.238866e+03 9.252399e+03 9.241066e+03
0.3 9.240208e+03 9.250651e+03 9.252399e+03 9.241956e+03
1.3 9.227590e+03 9.243484e+03 9.253203e+03 9.237309e+03
2.3 9.242761e+03 9.244463e+03 9.258419e+03 9.256718e+03
3.3 9.271188e+03 9.250869e+03 9.262750e+03 9.283068e+03
4.3 9.283660e+03 9.257256e+03 9.261398e+03 9.287802e+03
5.3 9.251831e+03 9.257854e+03 9.260646e+03 9.254623e+03
6.3 9.237385e+03 9.259246e+03 9.263556e+03 9.241695e+03
7.3 9.239956e+03 9.271000e+03 9.262805e+03 9.231761e+03
8.3 9.237880e+03 9.274863e+03 9.258651e+03 9.221668e+03
9.3 9.221424e+03 9.263916e+03 9.254783e+03 9.212291e+03
10.3 9.233017e+03 9.251584e+03 9.253435e+03 9.234867e+03
11.3 9.244502e+03 9.248222e+03 9.257794e+03 9.254074e+03
12.3 9.239416e+03 9.256929e+03 9.261498e+03 9.243984e+03
13.3 9.238162e+03 9.270378e+03 9.259872e+03 9.227655e+03
14.3 9.234953e+03 9.267530e+03 9.256368e+03 9.223791e+03
15.3 9.237602e+03 9.255184e+03 9.253697e+03 9.236115e+03
16.3 9.254932e+03 9.245326e+03 9.252208e+03 9.261814e+03
17.3 9.286824e+03 9.253146e+03 9.251530e+03 9.285209e+03
18.3 9.287096e+03 9.264263e+03 9.251350e+03 9.274183e+03
19.3 9.231669e+03 9.260329e+03 9.251458e+03 9.222799e+03
20.3 9.208048e+03 9.250169e+03 9.251690e+03 9.209570e+03
21.3 9.204158e+03 9.241996e+03 9.251932e+03 9.214094e+03
0.9 9.283660e+03 9.257256e+03 9.261398e+03 9.287802e+03
1.9 9.251831e+03 9.257854e+03 9.260646e+03 9.254623e+03
2.9 9.237385e+03 9.259246e+03 9.263556e+03 9.241695e+03
3.9 9.239956e+03 9.271000e+03 9.262805e+03 9.231761e+03
4.9 9.237880e+03 9.274863e+03 9.258651e+03 9.221668e+03
5.9 9.221424e+03 9.263916e+03 9.254783e+03 9.212291e+03
6.9 9.233017e+03 9.251584e+03 9.253435e+03 9.234867e+03
7.9 9.244502e+03 9.248222e+03 9.257794e+03 9.254074e+03
8.9 9.239416e+03 9.256929e+03 9.261498e+03 9.243984e+03
9.9 9.238162e+03 9.270378e+03 9.259872e+03 9.227655e+03
10.9 9.234953e+03 9.267530e+03 9.256368e+03 9.223791e+03
11.9 9.237602e+03 9.255184e+03 9.253697e+03 9.236115e+03
12.9 9.254932e+03 9.245326e+03 9.252208e+03 9.261814e+03
13.9 9.286824e+03 9.253146e+03 9.251530e+03 9.285209e+03
14.9 9.287096e+03 9.264263e+03 9.251350e+03 9.274183e+03
15.9 9.231669e+03 9.260329e+03 9.251458e+03 9.222799e+03
16.9 9.208048e+03 9.250169e+03 9.251690e+03 9.209570e+03
17.9 9.204158e+03 9.241996e+03 9.251932e+03 9.214094e+03
18.9 9.242461e+03 9.237660e+03 9.252122e+03 9.256923e+03
19.9 9.259259e+03 9.242009e+03 9.252249e+03 9.269499e+03
20.9 9.291366e+03 9.249818e+03 9.252324e+03 9.293873e+03
21.9 9.271978e+03 9.252873e+03 9.252364e+03 9.271470e+03
0.4 9.221424e+03 9.263916e+03 9.254783e+03 9.212291e+03
1.4 9.233017e+03 9.251584e+03 9.253435e+03 9.234867e+03
2.4 9.244502e+03 9.248222e+03 9.257794e+03 9.254074e+03
3.4 9.239416e+03 9.256929e+03 9.261498e+03 9.243984e+03
4.4 9.238162e+03 9.270378e+03 9.259872e+03 9.227655e+03
5.4 9.234953e+03 9.267530e+03 9.256368e+03 9.223791e+03
6.4 9.237602e+03 9.255184e+03 9.253697e+03 9.236115e+03
7.4 9.254932e+03 9.245326e+03 9.252208e+03 9.261814e+03
8.4 9.286824e+03 9.253146e+03 9.251530e+03 9.285209e+03
9.4 9.287096e+03 9.264263e+03 9.251350e+03 9.274183e+03
10.4 9.231669e+03 9.260329e+03 9.251458e+03 9.222799e+03
11.4 9.208048e+03 9.250169e+03 9.251690e+03 9.209570e+03
12.4 9.204158e+03 9.241996e+03 9.251932e+03 9.214094e+03
13.4 9.242461e+03 9.237660e+03 9.252122e+03 9.256923e+03
14.4 9.259259e+03 9.242009e+03 9.252249e+03 9.269499e+03
15.4 9.291366e+03 9.249818e+03 9.252324e+03 9.293873e+03
16.4 9.271978e+03 9.252873e+03 9.252364e+03 9.271470e+03
17.4 9.236553e+03 9.253090e+03 9.252384e+03 9.235846e+03
18.4 9.231325e+03 9.262328e+03 9.252393e+03 9.221391e+03
19.4 9.239090e+03 9.272463e+03 9.252397e+03 9.219024e+03
20.4 9.254149e+03 9.266564e+03 9.252398e+03 9.239984e+03
21.4 9.251022e+03 9.254055e+03 9.252399e+03 9.249366e+03
0.5 9.238787e+03 9.244738e+03 9.252404e+03 9.246453e+03
1.5 9.235764e+03 9.250609e+03 9.253746e+03 9.238901e+03
2.5 9.243734e+03 9.254945e+03 9.260338e+03 9.249127e+03
3.5 9.277783e+03 9.259081e+03 9.267103e+03 9.285805e+03
4.5 9.283715e+03 9.263395e+03 9.266286e+03 9.286607e+03
5.5 9.273872e+03 9.261301e+03 9.261029e+03 9.273600e+03
6.5 9.241898e+03 9.252734e+03 9.256204e+03 9.245369e+03
7.5 9.231157e+03 9.244127e+03 9.253191e+03 9.240221e+03
8.5 9.228789e+03 9.238957e+03 9.251642e+03 9.241474e+03
9.5 9.246184e+03 9.248172e+03 9.251047e+03 9.249059e+03
10.5 9.277614e+03 9.263318e+03 9.251028e+03 9.265324e+03
11.5 9.270041e+03 9.262298e+03 9.251295e+03 9.259038e+03
12.5 9.252196e+03 9.252139e+03 9.251636e+03 9.251693e+03
13.5 9.227318e+03 9.250767e+03 9.251931e+03 9.228482e+03
14.5 9.244050e+03 9.263757e+03 9.252180e+03 9.232473e+03
15.5 9.271111e+03 9.267262e+03 9.254612e+03 9.258461e+03
16.5 9.261442e+03 9.264879e+03 9.260736e+03 9.257300e+03
17.5 9.266519e+03 9.271984e+03 9.262717e+03 9.257252e+03
18.5 9.259782e+03 9.276734e+03 9.260473e+03 9.243520e+03
19.5 9.263282e+03 9.271512e+03 9.262171e+03 9.253940e+03
20.5 9.273687e+03 9.265592e+03 9.267234e+03 9.275329e+03
21.5 9.281208e+03 9.263459e+03 9.266665e+03 9.284414e+03
0.7 9.244050e+03 9.263757e+03 9.252180e+03 9.232473e+03
1.7 9.271111e+03 9.267262e+03 9.254612e+03 9.258461e+03
2.7 9.261442e+03 9.264879e+03 9.260736e+03 9.257300e+03
3.7 9.266519e+03 9.271984e+03 9.262717e+03 9.257252e+03
4.7 9.259782e+03 9.276734e+03 9.260473e+03 9.243520e+03
5.7 9.263282e+03 9.271512e+03 9.262171e+03 9.253940e+03
6.7 9.273687e+03 9.265592e+03 9.267234e+03 9.275329e+03
7.7 9.281208e+03 9.263459e+03 9.266665e+03 9.284414e+03
8.7 9.259488e+03 9.259962e+03 9.261270e+03 9.260795e+03
9.7 9.232224e+03 9.251256e+03 9.256059e+03 9.237027e+03
10.7 9.209604e+03 9.242817e+03 9.252839e+03 9.219626e+03
11.7 9.217825e+03 9.237346e+03 9.251278e+03 9.231758e+03
12.7 9.221995e+03 9.234358e+03 9.250745e+03 9.238382e+03
13.7 9.259596e+03 9.236542e+03 9.250797e+03 9.273851e+03
14.7 9.287770e+03 9.254411e+03 9.251127e+03 9.284486e+03
15.7 9.296312e+03 9.264122e+03 9.251520e+03 9.283710e+03
16.7 9.280097e+03 9.262243e+03 9.251857e+03 9.269711e+03
17.7 9.271248e+03 9.270472e+03 9.252095e+03 9.252871e+03
18.7 9.256052e+03 9.270918e+03 9.252242e+03 9.237376e+03
19.7 9.257013e+03 9.259736e+03 9.252324e+03 9.249601e+03
20.7 9.249951e+03 9.247906e+03 9.252365e+03 9.254410e+03
21.7 9.249472e+03 9.240063e+03 9.252385e+03 9.261795e+03
0.3 9.266519e+03 9.271984e+03 9.262717e+03 9.257252e+03
1.3 9.259782e+03 9.276734e+03 9.260473e+03 9.243520e+03
2.3 9.263282e+03 9.271512e+03 9.262171e+03 9.253940e+03
3.3 9.273687e+03 9.265592e+03 9.267234e+03 9.275329e+03
4.3 9.281208e+03 9.263459e+03 9.266665e+03 9.284414e+03
5.3 9.259488e+03 9.259962e+03 9.261270e+03 9.260795e+03
6.3 9.232224e+03 9.251256e+03 9.256059e+03 9.237027e+03
7.3 9.209604e+03 9.242817e+03 9.252839e+03 9.219626e+03
8.3 9.217825e+03 9.237346e+03 9.251278e+03 9.231758e+03
9.3 9.221995e+03 9.234358e+03 9.250745e+03 9.238382e+03
10.3 9.259596e+03 9.236542e+03 9.250797e+03 9.273851e+03
11.3 9.287770e+03 9.254411e+03 9.251127e+03 9.284486e+03
12.3 9.296312e+03 9.264122e+03 9.251520e+03 9.283710e+03
13.3 9.280097e+03 9.262243e+03 9.251857e+03 9.269711e+03
14.3 9.271248e+03 9.270472e+03 9.252095e+03 9.252871e+03
15.3 9.256052e+03 9.270918e+03 9.252242e+03 9.237376e+03
16.3 9.257013e+03 9.259736e+03 9.252324e+03 9.249601e+03
17.3 9.249951e+03 9.247906e+03 9.252365e+03 9.254410e+03
18.3 9.249472e+03 9.240063e+03 9.252385e+03 9.261795e+03
19.3 9.249063e+03 9.235551e+03 9.252393e+03 9.265905e+03
20.3 9.245838e+03 9.235002e+03 9.252397e+03 9.263233e+03
21.3 9.248885e+03 9.250353e+03 9.252398e+03 9.250931e+03
