0.3 1.021731e+04 1.024693e+04 1.025104e+04 1.022142e+04
1.3 1.025044e+04 1.025858e+04 1.025090e+04 1.024276e+04
2.3 1.025349e+04 1.025526e+04 1.025018e+04 1.024841e+04
3.3 1.025117e+04 1.024711e+04 1.024983e+04 1.025389e+04
4.3 1.024299e+04 1.025979e+04 1.025012e+04 1.023332e+04
5.3 1.026740e+04 1.027585e+04 1.025056e+04 1.024212e+04
6.3 1.028177e+04 1.026992e+04 1.025087e+04 1.026271e+04
7.3 1.025399e+04 1.025980e+04 1.025105e+04 1.024524e+04
8.3 1.023563e+04 1.026127e+04 1.025113e+04 1.022548e+04
9.3 1.025956e+04 1.026290e+04 1.025115e+04 1.024781e+04
10.3 1.024899e+04 1.025370e+04 1.025114e+04 1.024644e+04
11.3 1.020574e+04 1.025036e+04 1.025112e+04 1.020650e+04
12.3 1.024797e+04 1.026500e+04 1.025109e+04 1.023405e+04
13.3 1.028772e+04 1.027817e+04 1.025107e+04 1.026062e+04
14.3 1.031124e+04 1.027006e+04 1.025106e+04 1.029224e+04
15.3 1.025672e+04 1.025215e+04 1.025105e+04 1.025562e+04
16.3 1.024380e+04 1.025095e+04 1.025105e+04 1.024390e+04
17.3 1.024432e+04 1.027008e+04 1.025104e+04 1.022528e+04
18.3 1.030465e+04 1.028213e+04 1.025104e+04 1.027357e+04
19.3 1.029924e+04 1.027035e+04 1.025104e+04 1.027994e+04
20.3 1.026535e+04 1.024936e+04 1.025104e+04 1.026703e+04
0.6 1.024160e+04 1.025969e+04 1.025104e+04 1.023295e+04
1.6 1.026590e+04 1.027360e+04 1.025067e+04 1.024298e+04
2.6 1.026817e+04 1.026205e+04 1.024995e+04 1.025608e+04
3.6 1.020417e+04 1.024539e+04 1.024989e+04 1.020867e+04
4.6 1.024110e+04 1.024676e+04 1.025029e+04 1.024463e+04
5.6 1.028817e+04 1.026542e+04 1.025069e+04 1.027344e+04
6.6 1.029661e+04 1.026987e+04 1.025095e+04 1.027769e+04
7.6 1.027968e+04 1.025597e+04 1.025108e+04 1.027480e+04
8.6 1.023189e+04 1.023955e+04 1.025114e+04 1.024348e+04
9.6 1.023732e+04 1.023430e+04 1.025115e+04 1.025417e+04
10.6 1.022486e+04 1.025196e+04 1.025113e+04 1.022403e+04
11.6 1.024940e+04 1.027702e+04 1.025111e+04 1.022349e+04
12.6 1.027333e+04 1.028081e+04 1.025108e+04 1.024360e+04
13.6 1.026894e+04 1.026357e+04 1.025106e+04 1.025644e+04
14.6 1.021823e+04 1.024361e+04 1.025105e+04 1.022567e+04
15.6 1.018943e+04 1.022992e+04 1.025105e+04 1.021056e+04
16.6 1.020860e+04 1.022352e+04 1.025104e+04 1.023612e+04
17.6 1.024414e+04 1.023421e+04 1.025104e+04 1.026097e+04
18.6 1.025987e+04 1.025319e+04 1.025087e+04 1.025755e+04
19.6 1.025974e+04 1.025359e+04 1.025014e+04 1.025629e+04
20.6 1.026323e+04 1.024285e+04 1.024983e+04 1.027021e+04
0.3 1.024414e+04 1.023421e+04 1.025104e+04 1.026097e+04
1.3 1.025987e+04 1.025319e+04 1.025087e+04 1.025755e+04
2.3 1.025974e+04 1.025359e+04 1.025014e+04 1.025629e+04
3.3 1.026323e+04 1.024285e+04 1.024983e+04 1.027021e+04
4.3 1.026060e+04 1.024446e+04 1.025015e+04 1.026629e+04
5.3 1.024941e+04 1.026637e+04 1.025058e+04 1.023361e+04
6.3 1.026034e+04 1.027638e+04 1.025053e+04 1.023450e+04
7.3 1.025256e+04 1.026241e+04 1.024998e+04 1.024013e+04
8.3 1.020064e+04 1.024330e+04 1.024997e+04 1.020731e+04
9.3 1.023316e+04 1.023015e+04 1.025039e+04 1.025340e+04
10.3 1.025520e+04 1.022326e+04 1.025078e+04 1.028272e+04
11.3 1.023697e+04 1.022041e+04 1.025102e+04 1.026757e+04
12.3 1.022636e+04 1.021996e+04 1.025113e+04 1.025753e+04
13.3 1.024010e+04 1.022336e+04 1.025117e+04 1.026790e+04
14.3 1.024693e+04 1.024406e+04 1.025116e+04 1.025403e+04
15.3 1.023560e+04 1.027169e+04 1.025114e+04 1.021505e+04
16.3 1.030735e+04 1.027542e+04 1.025111e+04 1.028304e+04
17.3 1.025654e+04 1.026516e+04 1.025108e+04 1.024246e+04
18.3 1.024039e+04 1.025964e+04 1.025107e+04 1.023181e+04
19.3 1.023627e+04 1.025091e+04 1.025105e+04 1.023641e+04
20.3 1.024661e+04 1.024202e+04 1.025105e+04 1.025564e+04
0.6 1.024941e+04 1.026637e+04 1.025058e+04 1.023361e+04
1.6 1.026034e+04 1.027638e+04 1.025053e+04 1.023450e+04
2.6 1.025256e+04 1.026241e+04 1.024998e+04 1.024013e+04
3.6 1.020064e+04 1.024330e+04 1.024997e+04 1.020731e+04
4.6 1.023316e+04 1.023015e+04 1.025039e+04 1.025340e+04
5.6 1.025520e+04 1.022326e+04 1.025078e+04 1.028272e+04
6.6 1.023697e+04 1.022041e+04 1.025102e+04 1.026757e+04
7.6 1.022636e+04 1.021996e+04 1.025113e+04 1.025753e+04
8.6 1.024010e+04 1.022336e+04 1.025117e+04 1.026790e+04
9.6 1.024693e+04 1.024406e+04 1.025116e+04 1.025403e+04
10.6 1.023560e+04 1.027169e+04 1.025114e+04 1.021505e+04
11.6 1.030735e+04 1.027542e+04 1.025111e+04 1.028304e+04
12.6 1.025654e+04 1.026516e+04 1.025108e+04 1.024246e+04
13.6 1.024039e+04 1.025964e+04 1.025107e+04 1.023181e+04
14.6 1.023627e+04 1.025091e+04 1.025105e+04 1.023641e+04
15.6 1.024661e+04 1.024202e+04 1.025105e+04 1.025564e+04
16.6 1.025903e+04 1.025205e+04 1.025104e+04 1.025803e+04
17.6 1.025973e+04 1.027517e+04 1.025104e+04 1.023560e+04
18.6 1.029179e+04 1.028240e+04 1.025104e+04 1.026043e+04
19.6 1.029633e+04 1.026817e+04 1.025104e+04 1.027921e+04
20.6 1.023056e+04 1.025807e+04 1.025104e+04 1.022353e+04
0.7 1.031805e+04 1.024514e+04 1.025103e+04 1.032395e+04
1.7 1.030272e+04 1.025926e+04 1.025063e+04 1.029408e+04
2.7 1.027873e+04 1.025300e+04 1.024993e+04 1.027566e+04
3.7 1.023685e+04 1.024036e+04 1.024990e+04 1.024639e+04
4.7 1.020833e+04 1.023126e+04 1.025032e+04 1.022739e+04
5.7 1.023927e+04 1.023537e+04 1.025071e+04 1.025462e+04
6.7 1.025050e+04 1.025611e+04 1.025096e+04 1.024535e+04
7.7 1.026926e+04 1.026705e+04 1.025109e+04 1.025330e+04
8.7 1.025414e+04 1.025799e+04 1.025114e+04 1.024729e+04
9.7 1.019354e+04 1.024290e+04 1.025115e+04 1.020179e+04
10.7 1.022064e+04 1.023145e+04 1.025113e+04 1.024033e+04
11.7 1.021220e+04 1.022492e+04 1.025110e+04 1.023839e+04
12.7 1.022202e+04 1.022190e+04 1.025108e+04 1.025120e+04
13.7 1.026699e+04 1.022110e+04 1.025106e+04 1.029695e+04
14.7 1.029456e+04 1.022413e+04 1.025105e+04 1.032149e+04
15.7 1.025620e+04 1.024452e+04 1.025105e+04 1.026273e+04
16.7 1.025526e+04 1.027700e+04 1.025104e+04 1.022930e+04
17.7 1.027190e+04 1.029195e+04 1.025104e+04 1.023100e+04
18.7 1.030497e+04 1.027950e+04 1.025104e+04 1.027650e+04
19.7 1.026682e+04 1.027133e+04 1.025104e+04 1.024653e+04
20.7 1.026174e+04 1.028180e+04 1.025104e+04 1.023098e+04
0.9 1.022601e+04 1.026139e+04 1.025101e+04 1.021562e+04
1.9 1.025289e+04 1.026112e+04 1.025045e+04 1.024221e+04
2.9 1.019108e+04 1.024911e+04 1.024986e+04 1.019183e+04
3.9 1.022604e+04 1.025179e+04 1.024998e+04 1.022424e+04
4.9 1.026120e+04 1.026094e+04 1.025016e+04 1.025042e+04
5.9 1.026516e+04 1.025362e+04 1.024978e+04 1.026132e+04
6.9 1.025935e+04 1.023923e+04 1.024981e+04 1.026993e+04
7.9 1.022337e+04 1.022855e+04 1.025028e+04 1.024510e+04
8.9 1.022775e+04 1.022304e+04 1.025074e+04 1.025544e+04
9.9 1.026577e+04 1.022092e+04 1.025102e+04 1.029586e+04
10.9 1.024622e+04 1.022070e+04 1.025115e+04 1.027667e+04
11.9 1.021498e+04 1.022144e+04 1.025119e+04 1.024473e+04
12.9 1.023999e+04 1.022279e+04 1.025118e+04 1.026839e+04
13.9 1.023780e+04 1.023019e+04 1.025115e+04 1.025877e+04
14.9 1.025039e+04 1.024753e+04 1.025112e+04 1.025398e+04
15.9 1.024547e+04 1.026183e+04 1.025109e+04 1.023473e+04
16.9 1.025613e+04 1.025994e+04 1.025107e+04 1.024726e+04
17.9 1.027393e+04 1.025664e+04 1.025106e+04 1.026835e+04
18.9 1.027601e+04 1.026914e+04 1.025105e+04 1.025792e+04
19.9 1.027709e+04 1.028243e+04 1.025105e+04 1.024570e+04
20.9 1.027493e+04 1.027505e+04 1.025104e+04 1.025092e+04
0.5 1.022604e+04 1.025179e+04 1.024998e+04 1.022424e+04
1.5 1.026120e+04 1.026094e+04 1.025016e+04 1.025042e+04
2.5 1.026516e+04 1.025362e+04 1.024978e+04 1.026132e+04
3.5 1.025935e+04 1.023923e+04 1.024981e+04 1.026993e+04
4.5 1.022337e+04 1.022855e+04 1.025028e+04 1.024510e+04
5.5 1.022775e+04 1.022304e+04 1.025074e+04 1.025544e+04
6.5 1.026577e+04 1.022092e+04 1.025102e+04 1.029586e+04
7.5 1.024622e+04 1.022070e+04 1.025115e+04 1.027667e+04
8.5 1.021498e+04 1.022144e+04 1.025119e+04 1.024473e+04
9.5 1.023999e+04 1.022279e+04 1.025118e+04 1.026839e+04
10.5 1.023780e+04 1.023019e+04 1.025115e+04 1.025877e+04
11.5 1.025039e+04 1.024753e+04 1.025112e+04 1.025398e+04
12.5 1.024547e+04 1.026183e+04 1.025109e+04 1.023473e+04
13.5 1.025613e+04 1.025994e+04 1.025107e+04 1.024726e+04
14.5 1.027393e+04 1.025664e+04 1.025106e+04 1.026835e+04
15.5 1.027601e+04 1.026914e+04 1.025105e+04 1.025792e+04
16.5 1.027709e+04 1.028243e+04 1.025105e+04 1.024570e+04
17.5 1.027493e+04 1.027505e+04 1.025104e+04 1.025092e+04
18.5 1.029309e+04 1.025483e+04 1.025104e+04 1.028931e+04
19.5 1.030111e+04 1.023683e+04 1.025104e+04 1.031532e+04
20.5 1.021956e+04 1.022590e+04 1.025104e+04 1.024470e+04
0.6 1.024161e+04 1.024030e+04 1.025104e+04 1.025234e+04
1.6 1.028236e+04 1.025560e+04 1.025069e+04 1.027745e+04
2.6 1.027277e+04 1.025145e+04 1.024997e+04 1.027129e+04
3.6 1.025811e+04 1.025019e+04 1.024988e+04 1.025780e+04
4.6 1.026689e+04 1.026211e+04 1.025028e+04 1.025506e+04
5.6 1.025477e+04 1.026133e+04 1.025068e+04 1.024412e+04
6.6 1.022218e+04 1.024789e+04 1.025094e+04 1.022524e+04
7.6 1.019758e+04 1.023450e+04 1.025108e+04 1.021416e+04
8.6 1.021667e+04 1.022957e+04 1.025114e+04 1.023824e+04
9.6 1.026424e+04 1.024468e+04 1.025115e+04 1.027071e+04
10.6 1.023758e+04 1.025789e+04 1.025113e+04 1.023082e+04
11.6 1.024079e+04 1.025271e+04 1.025111e+04 1.023919e+04
12.6 1.021152e+04 1.024158e+04 1.025108e+04 1.022103e+04
13.6 1.022683e+04 1.024211e+04 1.025107e+04 1.023578e+04
14.6 1.027883e+04 1.025177e+04 1.025105e+04 1.027812e+04
15.6 1.032458e+04 1.025178e+04 1.025105e+04 1.032385e+04
16.6 1.025309e+04 1.024226e+04 1.025104e+04 1.026187e+04
17.6 1.020560e+04 1.023248e+04 1.025104e+04 1.022416e+04
18.6 1.021428e+04 1.023106e+04 1.025104e+04 1.023426e+04
19.6 1.020867e+04 1.024354e+04 1.025104e+04 1.021618e+04
20.6 1.027872e+04 1.025782e+04 1.025101e+04 1.027191e+04
0.9 1.027872e+04 1.025782e+04 1.025101e+04 1.027191e+04
1.9 1.030818e+04 1.025688e+04 1.025047e+04 1.030177e+04
2.9 1.029085e+04 1.025273e+04 1.024986e+04 1.028798e+04
3.9 1.029069e+04 1.026842e+04 1.024997e+04 1.027224e+04
4.9 1.026324e+04 1.028920e+04 1.025041e+04 1.022445e+04
5.9 1.029146e+04 1.028605e+04 1.025077e+04 1.025618e+04
6.9 1.027230e+04 1.026388e+04 1.025099e+04 1.025941e+04
7.9 1.025957e+04 1.024195e+04 1.025111e+04 1.026873e+04
8.9 1.025023e+04 1.022792e+04 1.025115e+04 1.027346e+04
9.9 1.021739e+04 1.022092e+04 1.025115e+04 1.024762e+04
10.9 1.018861e+04 1.022240e+04 1.025113e+04 1.021734e+04
11.9 1.024244e+04 1.024201e+04 1.025110e+04 1.025153e+04
12.9 1.026807e+04 1.026347e+04 1.025108e+04 1.025567e+04
13.9 1.029581e+04 1.026337e+04 1.025106e+04 1.028350e+04
14.9 1.023277e+04 1.024967e+04 1.025105e+04 1.023416e+04
15.9 1.021464e+04 1.023623e+04 1.025105e+04 1.022946e+04
16.9 1.021493e+04 1.022763e+04 1.025104e+04 1.023835e+04
17.9 1.022141e+04 1.022842e+04 1.025104e+04 1.024403e+04
18.9 1.022898e+04 1.024763e+04 1.025104e+04 1.023239e+04
19.9 1.026534e+04 1.026497e+04 1.025087e+04 1.025125e+04
20.9 1.026977e+04 1.025997e+04 1.025014e+04 1.025994e+04
0.3 1.022898e+04 1.024763e+04 1.025104e+04 1.023239e+04
1.3 1.026534e+04 1.026497e+04 1.025087e+04 1.025125e+04
2.3 1.026977e+04 1.025997e+04 1.025014e+04 1.025994e+04
3.3 1.022962e+04 1.024966e+04 1.024983e+04 1.022979e+04
4.3 1.026084e+04 1.026064e+04 1.025015e+04 1.025034e+04
5.3 1.030246e+04 1.027727e+04 1.025047e+04 1.027566e+04
6.3 1.030490e+04 1.027034e+04 1.025008e+04 1.028464e+04
7.3 1.027235e+04 1.025044e+04 1.024984e+04 1.027175e+04
8.3 1.025047e+04 1.023809e+04 1.025017e+04 1.026256e+04
9.3 1.020571e+04 1.024366e+04 1.025063e+04 1.021268e+04
10.3 1.023127e+04 1.025567e+04 1.025095e+04 1.022655e+04
11.3 1.026570e+04 1.025586e+04 1.025111e+04 1.026095e+04
12.3 1.025233e+04 1.024549e+04 1.025117e+04 1.025802e+04
13.3 1.022623e+04 1.024401e+04 1.025118e+04 1.023340e+04
14.3 1.022963e+04 1.026215e+04 1.025116e+04 1.021863e+04
15.3 1.025150e+04 1.027250e+04 1.025112e+04 1.023012e+04
16.3 1.025094e+04 1.026169e+04 1.025110e+04 1.024035e+04
17.3 1.024697e+04 1.025228e+04 1.025107e+04 1.024577e+04
18.3 1.023672e+04 1.026055e+04 1.025106e+04 1.022723e+04
19.3 1.028075e+04 1.026075e+04 1.025105e+04 1.027106e+04
20.3 1.025636e+04 1.025019e+04 1.025105e+04 1.025721e+04
0.2 1.026084e+04 1.026064e+04 1.025015e+04 1.025034e+04
1.2 1.030246e+04 1.027727e+04 1.025047e+04 1.027566e+04
2.2 1.030490e+04 1.027034e+04 1.025008e+04 1.028464e+04
3.2 1.027235e+04 1.025044e+04 1.024984e+04 1.027175e+04
4.2 1.025047e+04 1.023809e+04 1.025017e+04 1.026256e+04
5.2 1.020571e+04 1.024366e+04 1.025063e+04 1.021268e+04
6.2 1.023127e+04 1.025567e+04 1.025095e+04 1.022655e+04
7.2 1.026570e+04 1.025586e+04 1.025111e+04 1.026095e+04
8.2 1.025233e+04 1.024549e+04 1.025117e+04 1.025802e+04
9.2 1.022623e+04 1.024401e+04 1.025118e+04 1.023340e+04
10.2 1.022963e+04 1.026215e+04 1.025116e+04 1.021863e+04
11.2 1.025150e+04 1.027250e+04 1.025112e+04 1.023012e+04
12.2 1.025094e+04 1.026169e+04 1.025110e+04 1.024035e+04
13.2 1.024697e+04 1.025228e+04 1.025107e+04 1.024577e+04
14.2 1.023672e+04 1.026055e+04 1.025106e+04 1.022723e+04
15.2 1.028075e+04 1.026075e+04 1.025105e+04 1.027106e+04
16.2 1.025636e+04 1.025019e+04 1.025105e+04 1.025721e+04
17.2 1.024227e+04 1.025535e+04 1.025104e+04 1.023797e+04
18.2 1.027773e+04 1.027340e+04 1.025100e+04 1.025532e+04
19.2 1.027137e+04 1.027172e+04 1.025040e+04 1.025005e+04
20.2 1.023970e+04 1.025322e+04 1.024985e+04 1.023632e+04
1.0 1.027773e+04 1.027340e+04 1.025100e+04 1.025532e+04
2.0 1.027137e+04 1.027172e+04 1.025040e+04 1.025005e+04
3.0 1.023970e+04 1.025322e+04 1.024985e+04 1.023632e+04
4.0 1.019473e+04 1.023591e+04 1.025000e+04 1.020882e+04
5.0 1.019050e+04 1.022671e+04 1.025044e+04 1.021423e+04
6.0 1.021835e+04 1.023607e+04 1.025080e+04 1.023308e+04
7.0 1.026675e+04 1.026319e+04 1.025101e+04 1.025457e+04
8.0 1.028951e+04 1.028153e+04 1.025111e+04 1.025910e+04
9.0 1.028917e+04 1.027433e+04 1.025115e+04 1.026599e+04
10.0 1.026970e+04 1.026618e+04 1.025115e+04 1.025467e+04
11.0 1.029251e+04 1.026545e+04 1.025112e+04 1.027818e+04
12.0 1.024179e+04 1.025542e+04 1.025110e+04 1.023746e+04
13.0 1.018917e+04 1.024010e+04 1.025108e+04 1.020015e+04
14.0 1.020355e+04 1.022832e+04 1.025106e+04 1.022630e+04
15.0 1.020965e+04 1.022253e+04 1.025105e+04 1.023817e+04
16.0 1.020584e+04 1.023073e+04 1.025105e+04 1.022615e+04
17.0 1.020783e+04 1.025778e+04 1.025104e+04 1.020110e+04
18.0 1.022641e+04 1.028127e+04 1.025104e+04 1.019618e+04
19.0 1.026896e+04 1.027810e+04 1.025104e+04 1.024190e+04
20.0 1.029818e+04 1.025857e+04 1.025104e+04 1.029065e+04
