0.7 9.261240e+03 9.266346e+03 9.253898e+03 9.248791e+03
1.7 9.247707e+03 9.257302e+03 9.253749e+03 9.244154e+03
2.7 9.237706e+03 9.246679e+03 9.253289e+03 9.244316e+03
3.7 9.247544e+03 9.245902e+03 9.252988e+03 9.254630e+03
4.7 9.290303e+03 9.260620e+03 9.253145e+03 9.282828e+03
5.7 9.286527e+03 9.264277e+03 9.253356e+03 9.275606e+03
6.7 9.252631e+03 9.256109e+03 9.253246e+03 9.249768e+03
7.7 9.241610e+03 9.259606e+03 9.253238e+03 9.235243e+03
8.7 9.245704e+03 9.268291e+03 9.253475e+03 9.230888e+03
9.7 9.252520e+03 9.263011e+03 9.253731e+03 9.243239e+03
10.7 9.259117e+03 9.252876e+03 9.253891e+03 9.260132e+03
11.7 9.281466e+03 9.247692e+03 9.253966e+03 9.287740e+03
12.7 9.289124e+03 9.251950e+03 9.253988e+03 9.291163e+03
13.7 9.284668e+03 9.266309e+03 9.253984e+03 9.272343e+03
14.7 9.272951e+03 9.267156e+03 9.253967e+03 9.259761e+03
15.7 9.246102e+03 9.258313e+03 9.253947e+03 9.241735e+03
16.7 9.237348e+03 9.252290e+03 9.253929e+03 9.238988e+03
17.7 9.243237e+03 9.254316e+03 9.253917e+03 9.242838e+03
18.7 9.251901e+03 9.254306e+03 9.253909e+03 9.251505e+03
19.7 9.240140e+03 9.251456e+03 9.253905e+03 9.242589e+03
20.7 9.243762e+03 9.251912e+03 9.253903e+03 9.245753e+03
21.7 9.283767e+03 9.265177e+03 9.253881e+03 9.272471e+03
0.6 9.290303e+03 9.260620e+03 9.253145e+03 9.282828e+03
1.6 9.286527e+03 9.264277e+03 9.253356e+03 9.275606e+03
2.6 9.252631e+03 9.256109e+03 9.253246e+03 9.249768e+03
3.6 9.241610e+03 9.259606e+03 9.253238e+03 9.235243e+03
4.6 9.245704e+03 9.268291e+03 9.253475e+03 9.230888e+03
5.6 9.252520e+03 9.263011e+03 9.253731e+03 9.243239e+03
6.6 9.259117e+03 9.252876e+03 9.253891e+03 9.260132e+03
7.6 9.281466e+03 9.247692e+03 9.253966e+03 9.287740e+03
8.6 9.289124e+03 9.251950e+03 9.253988e+03 9.291163e+03
9.6 9.284668e+03 9.266309e+03 9.253984e+03 9.272343e+03
10.6 9.272951e+03 9.267156e+03 9.253967e+03 9.259761e+03
11.6 9.246102e+03 9.258313e+03 9.253947e+03 9.241735e+03
12.6 9.237348e+03 9.252290e+03 9.253929e+03 9.238988e+03
13.6 9.243237e+03 9.254316e+03 9.253917e+03 9.242838e+03
14.6 9.251901e+03 9.254306e+03 9.253909e+03 9.251505e+03
15.6 9.240140e+03 9.251456e+03 9.253905e+03 9.242589e+03
16.6 9.243762e+03 9.251912e+03 9.253903e+03 9.245753e+03
17.6 9.283767e+03 9.265177e+03 9.253881e+03 9.272471e+03
18.6 9.289427e+03 9.269460e+03 9.253616e+03 9.273583e+03
19.6 9.264173e+03 9.259480e+03 9.253081e+03 9.257774e+03
20.6 9.257701e+03 9.250812e+03 9.252747e+03 9.259636e+03
21.6 9.256271e+03 9.260475e+03 9.252934e+03 9.248730e+03
0.1 9.243762e+03 9.251912e+03 9.253903e+03 9.245753e+03
1.1 9.283767e+03 9.265177e+03 9.253881e+03 9.272471e+03
2.1 9.289427e+03 9.269460e+03 9.253616e+03 9.273583e+03
3.1 9.264173e+03 9.259480e+03 9.253081e+03 9.257774e+03
4.1 9.257701e+03 9.250812e+03 9.252747e+03 9.259636e+03
5.1 9.256271e+03 9.260475e+03 9.252934e+03 9.248730e+03
6.1 9.253566e+03 9.265250e+03 9.253343e+03 9.241658e+03
7.1 9.244634e+03 9.255826e+03 9.253679e+03 9.242487e+03
8.1 9.251656e+03 9.246388e+03 9.253880e+03 9.259148e+03
9.1 9.277452e+03 9.255995e+03 9.253978e+03 9.275435e+03
10.1 9.287601e+03 9.264583e+03 9.254009e+03 9.277027e+03
11.1 9.252645e+03 9.258257e+03 9.254003e+03 9.248391e+03
12.1 9.234656e+03 9.247340e+03 9.253980e+03 9.241296e+03
13.1 9.242068e+03 9.243444e+03 9.253954e+03 9.252578e+03
14.1 9.269794e+03 9.257529e+03 9.253933e+03 9.266197e+03
15.1 9.287241e+03 9.264532e+03 9.253918e+03 9.276628e+03
16.1 9.274504e+03 9.257506e+03 9.253910e+03 9.270908e+03
17.1 9.246748e+03 9.247875e+03 9.253905e+03 9.252778e+03
18.1 9.246121e+03 9.241525e+03 9.253903e+03 9.258499e+03
19.1 9.263200e+03 9.241511e+03 9.253902e+03 9.275591e+03
20.1 9.264239e+03 9.248073e+03 9.253901e+03 9.270067e+03
21.1 9.268304e+03 9.255611e+03 9.253901e+03 9.266594e+03
0.8 9.263668e+03 9.268575e+03 9.253895e+03 9.248988e+03
1.8 9.283645e+03 9.276728e+03 9.253722e+03 9.260638e+03
2.8 9.275486e+03 9.269478e+03 9.253358e+03 9.259365e+03
3.8 9.276038e+03 9.271834e+03 9.253283e+03 9.257488e+03
4.8 9.280057e+03 9.272773e+03 9.253477e+03 9.260762e+03
5.8 9.278724e+03 9.261182e+03 9.253695e+03 9.271237e+03
6.8 9.261848e+03 9.247392e+03 9.253839e+03 9.268295e+03
7.8 9.259405e+03 9.245953e+03 9.253918e+03 9.267370e+03
8.8 9.285559e+03 9.259890e+03 9.253911e+03 9.279581e+03
9.8 9.289916e+03 9.261994e+03 9.253592e+03 9.281515e+03
10.8 9.249731e+03 9.252880e+03 9.253041e+03 9.249891e+03
11.8 9.236789e+03 9.249079e+03 9.252780e+03 9.240490e+03
12.8 9.228638e+03 9.261730e+03 9.253022e+03 9.219930e+03
13.8 9.239996e+03 9.264558e+03 9.253422e+03 9.228860e+03
14.8 9.250044e+03 9.260453e+03 9.253729e+03 9.243321e+03
15.8 9.275598e+03 9.268432e+03 9.253906e+03 9.261072e+03
16.8 9.267212e+03 9.267971e+03 9.253988e+03 9.253230e+03
17.8 9.250762e+03 9.256973e+03 9.254011e+03 9.247800e+03
18.8 9.244244e+03 9.246063e+03 9.254000e+03 9.252181e+03
19.8 9.278640e+03 9.239406e+03 9.253975e+03 9.293210e+03
20.8 9.277070e+03 9.236308e+03 9.253942e+03 9.294704e+03
21.8 9.251094e+03 9.235183e+03 9.253727e+03 9.269639e+03
0.3 9.259405e+03 9.245953e+03 9.253918e+03 9.267370e+03
1.3 9.285559e+03 9.259890e+03 9.253911e+03 9.279581e+03
2.3 9.289916e+03 9.261994e+03 9.253592e+03 9.281515e+03
3.3 9.249731e+03 9.252880e+03 9.253041e+03 9.249891e+03
4.3 9.236789e+03 9.249079e+03 9.252780e+03 9.240490e+03
5.3 9.228638e+03 9.261730e+03 9.253022e+03 9.219930e+03
6.3 9.239996e+03 9.264558e+03 9.253422e+03 9.228860e+03
7.3 9.250044e+03 9.260453e+03 9.253729e+03 9.243321e+03
8.3 9.275598e+03 9.268432e+03 9.253906e+03 9.261072e+03
9.3 9.267212e+03 9.267971e+03 9.253988e+03 9.253230e+03
10.3 9.250762e+03 9.256973e+03 9.254011e+03 9.247800e+03
11.3 9.244244e+03 9.246063e+03 9.254000e+03 9.252181e+03
12.3 9.278640e+03 9.239406e+03 9.253975e+03 9.293210e+03
13.3 9.277070e+03 9.236308e+03 9.253942e+03 9.294704e+03
14.3 9.251094e+03 9.235183e+03 9.253727e+03 9.269639e+03
15.3 9.240467e+03 9.235041e+03 9.253236e+03 9.258662e+03
16.3 9.251495e+03 9.243890e+03 9.252994e+03 9.260599e+03
17.3 9.272488e+03 9.262275e+03 9.253194e+03 9.263408e+03
18.3 9.270990e+03 9.264994e+03 9.253519e+03 9.259516e+03
19.3 9.263915e+03 9.256835e+03 9.253762e+03 9.260842e+03
20.3 9.267119e+03 9.262772e+03 9.253901e+03 9.258248e+03
21.3 9.267009e+03 9.269185e+03 9.253967e+03 9.251791e+03
0.9 9.277070e+03 9.236308e+03 9.253942e+03 9.294704e+03
1.9 9.251094e+03 9.235183e+03 9.253727e+03 9.269639e+03
2.9 9.240467e+03 9.235041e+03 9.253236e+03 9.258662e+03
3.9 9.251495e+03 9.243890e+03 9.252994e+03 9.260599e+03
4.9 9.272488e+03 9.262275e+03 9.253194e+03 9.263408e+03
5.9 9.270990e+03 9.264994e+03 9.253519e+03 9.259516e+03
6.9 9.263915e+03 9.256835e+03 9.253762e+03 9.260842e+03
7.9 9.267119e+03 9.262772e+03 9.253901e+03 9.258248e+03
8.9 9.267009e+03 9.269185e+03 9.253967e+03 9.251791e+03
9.9 9.256602e+03 9.262604e+03 9.253985e+03 9.247983e+03
10.9 9.264452e+03 9.254660e+03 9.253977e+03 9.263769e+03
11.9 9.290379e+03 9.261111e+03 9.253958e+03 9.283227e+03
12.9 9.271708e+03 9.269707e+03 9.253939e+03 9.255940e+03
13.9 9.245086e+03 9.263332e+03 9.253923e+03 9.235677e+03
14.9 9.220244e+03 9.251429e+03 9.253913e+03 9.222728e+03
15.9 9.218162e+03 9.242564e+03 9.253907e+03 9.229504e+03
16.9 9.219515e+03 9.237836e+03 9.253904e+03 9.235583e+03
17.9 9.260069e+03 9.236925e+03 9.253902e+03 9.277046e+03
18.9 9.291056e+03 9.242172e+03 9.253901e+03 9.302785e+03
19.9 9.278738e+03 9.251125e+03 9.253901e+03 9.281514e+03
20.9 9.252073e+03 9.257990e+03 9.253901e+03 9.247984e+03
21.9 9.229507e+03 9.255320e+03 9.253901e+03 9.228088e+03
0.9 9.242519e+03 9.237125e+03 9.253893e+03 9.259288e+03
1.9 9.240268e+03 9.237451e+03 9.253699e+03 9.256516e+03
2.9 9.223041e+03 9.237465e+03 9.253192e+03 9.238768e+03
3.9 9.227534e+03 9.238866e+03 9.252771e+03 9.241439e+03
4.9 9.254278e+03 9.254315e+03 9.252865e+03 9.252829e+03
5.9 9.266047e+03 9.266701e+03 9.253261e+03 9.252608e+03
6.9 9.245679e+03 9.261236e+03 9.253623e+03 9.238066e+03
7.9 9.239235e+03 9.250992e+03 9.253849e+03 9.242092e+03
8.9 9.259857e+03 9.257781e+03 9.253964e+03 9.256040e+03
9.9 9.277509e+03 9.266885e+03 9.254007e+03 9.264631e+03
10.9 9.264421e+03 9.261377e+03 9.254006e+03 9.257050e+03
11.9 9.240208e+03 9.250651e+03 9.253985e+03 9.243542e+03
12.9 9.227590e+03 9.243484e+03 9.253959e+03 9.238064e+03
13.9 9.242761e+03 9.244463e+03 9.253936e+03 9.252235e+03
14.9 9.271188e+03 9.250869e+03 9.253921e+03 9.274239e+03
15.9 9.283660e+03 9.257256e+03 9.253911e+03 9.280315e+03
16.9 9.251831e+03 9.257854e+03 9.253906e+03 9.247883e+03
17.9 9.237385e+03 9.259246e+03 9.253903e+03 9.232042e+03
18.9 9.239956e+03 9.271000e+03 9.253902e+03 9.222858e+03
19.9 9.237880e+03 9.274863e+03 9.253901e+03 9.216919e+03
20.9 9.221424e+03 9.263916e+03 9.253901e+03 9.211409e+03
21.9 9.233017e+03 9.251584e+03 9.253901e+03 9.235334e+03
0.2 9.238162e+03 9.270378e+03 9.253901e+03 9.221685e+03
1.2 9.234953e+03 9.267530e+03 9.253865e+03 9.221288e+03
2.2 9.237602e+03 9.255184e+03 9.253550e+03 9.235968e+03
3.2 9.254932e+03 9.245326e+03 9.253084e+03 9.262690e+03
4.2 9.286824e+03 9.253146e+03 9.253020e+03 9.286699e+03
5.2 9.287096e+03 9.264263e+03 9.253305e+03 9.276138e+03
6.2 9.231669e+03 9.260329e+03 9.253611e+03 9.224952e+03
7.2 9.208048e+03 9.250169e+03 9.253668e+03 9.211547e+03
8.2 9.204158e+03 9.241996e+03 9.253302e+03 9.215465e+03
9.2 9.242461e+03 9.237660e+03 9.252879e+03 9.257681e+03
10.2 9.259259e+03 9.242009e+03 9.252907e+03 9.270157e+03
11.2 9.291366e+03 9.249818e+03 9.253272e+03 9.294821e+03
12.2 9.271978e+03 9.252873e+03 9.253630e+03 9.272735e+03
13.2 9.236553e+03 9.253090e+03 9.253857e+03 9.237319e+03
14.2 9.231325e+03 9.262328e+03 9.253971e+03 9.222969e+03
15.2 9.239090e+03 9.272463e+03 9.254014e+03 9.220641e+03
16.2 9.254149e+03 9.266564e+03 9.254013e+03 9.241598e+03
17.2 9.251022e+03 9.254055e+03 9.253991e+03 9.250958e+03
18.2 9.255467e+03 9.244270e+03 9.253963e+03 9.265160e+03
19.2 9.243819e+03 9.238545e+03 9.253940e+03 9.259213e+03
20.2 9.242609e+03 9.234955e+03 9.253923e+03 9.261576e+03
21.2 9.249558e+03 9.235690e+03 9.253912e+03 9.267780e+03
0.7 9.231669e+03 9.260329e+03 9.253611e+03 9.224952e+03
1.7 9.208048e+03 9.250169e+03 9.253668e+03 9.211547e+03
2.7 9.204158e+03 9.241996e+03 9.253302e+03 9.215465e+03
3.7 9.242461e+03 9.237660e+03 9.252879e+03 9.257681e+03
4.7 9.259259e+03 9.242009e+03 9.252907e+03 9.270157e+03
5.7 9.291366e+03 9.249818e+03 9.253272e+03 9.294821e+03
6.7 9.271978e+03 9.252873e+03 9.253630e+03 9.272735e+03
7.7 9.236553e+03 9.253090e+03 9.253857e+03 9.237319e+03
8.7 9.231325e+03 9.262328e+03 9.253971e+03 9.222969e+03
9.7 9.239090e+03 9.272463e+03 9.254014e+03 9.220641e+03
10.7 9.254149e+03 9.266564e+03 9.254013e+03 9.241598e+03
11.7 9.251022e+03 9.254055e+03 9.253991e+03 9.250958e+03
12.7 9.255467e+03 9.244270e+03 9.253963e+03 9.265160e+03
13.7 9.243819e+03 9.238545e+03 9.253940e+03 9.259213e+03
14.7 9.242609e+03 9.234955e+03 9.253923e+03 9.261576e+03
15.7 9.249558e+03 9.235690e+03 9.253912e+03 9.267780e+03
16.7 9.270684e+03 9.252842e+03 9.253906e+03 9.271749e+03
17.7 9.266378e+03 9.264432e+03 9.253903e+03 9.255850e+03
18.7 9.243016e+03 9.259875e+03 9.253902e+03 9.237043e+03
19.7 9.237113e+03 9.250515e+03 9.253901e+03 9.240500e+03
20.7 9.234834e+03 9.243134e+03 9.253901e+03 9.245601e+03
21.7 9.223518e+03 9.237860e+03 9.253901e+03 9.239559e+03
0.7 9.273872e+03 9.261301e+03 9.253899e+03 9.266470e+03
1.7 9.241898e+03 9.252734e+03 9.253775e+03 9.242939e+03
2.7 9.231157e+03 9.244127e+03 9.253321e+03 9.240351e+03
3.7 9.228789e+03 9.238957e+03 9.252828e+03 9.242660e+03
4.7 9.246184e+03 9.248172e+03 9.252802e+03 9.250814e+03
5.7 9.277614e+03 9.263318e+03 9.253166e+03 9.267461e+03
6.7 9.270041e+03 9.262298e+03 9.253552e+03 9.261294e+03
7.7 9.252196e+03 9.252139e+03 9.253809e+03 9.253866e+03
8.7 9.227318e+03 9.250767e+03 9.253946e+03 9.230497e+03
9.7 9.244050e+03 9.263757e+03 9.254002e+03 9.234295e+03
10.7 9.271111e+03 9.267262e+03 9.254009e+03 9.257858e+03
11.7 9.261442e+03 9.264879e+03 9.253991e+03 9.250555e+03
12.7 9.266519e+03 9.271984e+03 9.253965e+03 9.248500e+03
13.7 9.259782e+03 9.276734e+03 9.253941e+03 9.236988e+03
14.7 9.263282e+03 9.271512e+03 9.253924e+03 9.245693e+03
15.7 9.273687e+03 9.265592e+03 9.253913e+03 9.262008e+03
16.7 9.281208e+03 9.263459e+03 9.253907e+03 9.271655e+03
17.7 9.259488e+03 9.259962e+03 9.253904e+03 9.253429e+03
18.7 9.232224e+03 9.251256e+03 9.253902e+03 9.234871e+03
19.7 9.209604e+03 9.242817e+03 9.253901e+03 9.220689e+03
20.7 9.217825e+03 9.237346e+03 9.253901e+03 9.234381e+03
21.7 9.221995e+03 9.234358e+03 9.253901e+03 9.241537e+03
