0.9 9.905051e+03 9.893827e+03 9.913323e+03 9.924547e+03
1.9 9.909379e+03 9.899912e+03 9.921076e+03 9.930543e+03
2.9 9.907236e+03 9.918136e+03 9.939302e+03 9.928401e+03
3.9 9.931092e+03 9.927911e+03 9.947657e+03 9.950839e+03
4.9 9.927239e+03 9.922072e+03 9.939567e+03 9.944733e+03
5.9 9.903104e+03 9.911337e+03 9.927199e+03 9.918967e+03
6.9 9.904190e+03 9.909860e+03 9.918067e+03 9.912397e+03
7.9 9.931294e+03 9.918526e+03 9.912877e+03 9.925644e+03
8.9 9.953654e+03 9.924467e+03 9.910455e+03 9.939641e+03
9.9 9.954970e+03 9.922427e+03 9.909780e+03 9.942323e+03
10.9 9.928757e+03 9.913005e+03 9.910098e+03 9.925850e+03
11.9 9.908328e+03 9.906425e+03 9.910825e+03 9.912729e+03
12.9 9.894150e+03 9.912762e+03 9.911573e+03 9.892961e+03
13.9 9.909963e+03 9.924514e+03 9.912155e+03 9.897604e+03
14.9 9.942617e+03 9.929471e+03 9.912539e+03 9.925685e+03
15.9 9.940772e+03 9.925967e+03 9.912763e+03 9.927568e+03
16.9 9.905896e+03 9.915209e+03 9.912880e+03 9.903568e+03
17.9 9.886164e+03 9.904230e+03 9.912938e+03 9.894872e+03
18.9 9.898802e+03 9.897554e+03 9.912964e+03 9.914212e+03
19.9 9.903923e+03 9.902433e+03 9.912975e+03 9.914464e+03
20.9 9.921367e+03 9.913644e+03 9.912979e+03 9.920702e+03
21.9 9.932265e+03 9.915151e+03 9.912982e+03 9.930096e+03
0.3 9.906413e+03 9.892549e+03 9.912982e+03 9.926847e+03
1.3 9.898216e+03 9.894657e+03 9.914664e+03 9.918224e+03
2.3 9.898197e+03 9.908176e+03 9.927372e+03 9.917394e+03
3.3 9.910894e+03 9.926744e+03 9.944633e+03 9.928783e+03
4.3 9.950259e+03 9.934693e+03 9.946002e+03 9.961568e+03
5.3 9.934508e+03 9.932131e+03 9.934866e+03 9.937243e+03
6.3 9.914031e+03 9.926389e+03 9.923303e+03 9.910944e+03
7.3 9.922625e+03 9.922486e+03 9.915736e+03 9.915875e+03
8.3 9.917803e+03 9.917961e+03 9.911716e+03 9.911558e+03
9.3 9.927064e+03 9.919197e+03 9.910045e+03 9.917911e+03
10.3 9.914070e+03 9.926850e+03 9.909817e+03 9.897037e+03
11.3 9.936759e+03 9.930320e+03 9.910346e+03 9.916785e+03
12.3 9.947563e+03 9.927665e+03 9.911115e+03 9.931012e+03
13.3 9.922117e+03 9.922811e+03 9.911813e+03 9.911118e+03
14.3 9.907727e+03 9.920861e+03 9.912320e+03 9.899186e+03
15.3 9.920238e+03 9.919448e+03 9.912638e+03 9.913428e+03
16.3 9.917829e+03 9.918974e+03 9.912816e+03 9.911671e+03
17.3 9.910072e+03 9.921642e+03 9.912907e+03 9.901336e+03
18.3 9.922359e+03 9.925510e+03 9.912950e+03 9.909798e+03
19.3 9.939753e+03 9.925017e+03 9.912969e+03 9.927705e+03
20.3 9.915767e+03 9.916545e+03 9.912977e+03 9.912199e+03
21.3 9.896638e+03 9.905631e+03 9.912981e+03 9.903987e+03
0.4 9.896796e+03 9.893283e+03 9.912985e+03 9.916498e+03
1.4 9.924286e+03 9.894921e+03 9.915405e+03 9.944770e+03
2.4 9.965819e+03 9.907925e+03 9.928107e+03 9.986001e+03
3.4 9.963793e+03 9.918272e+03 9.936993e+03 9.982514e+03
4.4 9.922279e+03 9.916077e+03 9.932764e+03 9.938966e+03
5.4 9.889182e+03 9.908121e+03 9.924071e+03 9.905132e+03
6.4 9.867276e+03 9.901390e+03 9.917311e+03 9.883197e+03
7.4 9.892884e+03 9.903468e+03 9.913375e+03 9.902790e+03
8.4 9.900986e+03 9.917030e+03 9.911456e+03 9.895412e+03
9.4 9.933372e+03 9.927244e+03 9.910824e+03 9.916953e+03
10.4 9.937002e+03 9.927464e+03 9.910952e+03 9.920490e+03
11.4 9.899271e+03 9.918045e+03 9.911423e+03 9.892648e+03
12.4 9.881347e+03 9.906826e+03 9.911943e+03 9.886464e+03
13.4 9.879867e+03 9.898867e+03 9.912364e+03 9.893364e+03
14.4 9.886872e+03 9.894566e+03 9.912647e+03 9.904954e+03
15.4 9.892128e+03 9.892830e+03 9.912815e+03 9.912112e+03
16.4 9.909609e+03 9.894229e+03 9.912904e+03 9.928284e+03
17.4 9.913412e+03 9.906875e+03 9.912948e+03 9.919485e+03
18.4 9.909592e+03 9.927267e+03 9.912968e+03 9.895293e+03
19.4 9.926297e+03 9.938773e+03 9.912976e+03 9.900500e+03
20.4 9.940449e+03 9.937834e+03 9.912980e+03 9.915596e+03
21.4 9.901206e+03 9.933879e+03 9.912982e+03 9.880308e+03
0.8 9.906593e+03 9.910697e+03 9.913125e+03 9.909021e+03
1.8 9.896427e+03 9.907295e+03 9.919113e+03 9.908245e+03
2.8 9.901034e+03 9.919235e+03 9.936827e+03 9.918626e+03
3.8 9.914859e+03 9.930350e+03 9.948132e+03 9.932642e+03
4.8 9.915642e+03 9.930601e+03 9.941896e+03 9.926937e+03
5.8 9.910489e+03 9.924438e+03 9.929295e+03 9.915347e+03
6.8 9.911536e+03 9.925027e+03 9.919339e+03 9.905848e+03
7.8 9.927467e+03 9.922452e+03 9.913498e+03 9.918513e+03
8.8 9.901610e+03 9.914030e+03 9.910667e+03 9.898247e+03
9.8 9.899133e+03 9.914243e+03 9.909755e+03 9.894645e+03
10.8 9.917103e+03 9.919063e+03 9.909960e+03 9.908001e+03
11.8 9.927775e+03 9.915411e+03 9.910665e+03 9.923029e+03
12.8 9.913318e+03 9.906650e+03 9.911438e+03 9.918105e+03
13.8 9.896800e+03 9.899203e+03 9.912061e+03 9.909659e+03
14.8 9.905793e+03 9.894956e+03 9.912482e+03 9.923319e+03
15.8 9.912703e+03 9.893168e+03 9.912731e+03 9.932266e+03
16.8 9.910618e+03 9.892835e+03 9.912865e+03 9.930647e+03
17.8 9.902302e+03 9.893264e+03 9.912930e+03 9.921969e+03
18.8 9.907536e+03 9.894128e+03 9.912960e+03 9.926368e+03
19.8 9.907805e+03 9.898290e+03 9.912973e+03 9.922488e+03
20.8 9.914582e+03 9.907800e+03 9.912979e+03 9.919761e+03
21.8 9.913023e+03 9.916164e+03 9.912981e+03 9.909841e+03
0.3 9.883593e+03 9.901119e+03 9.912983e+03 9.895458e+03
1.3 9.880260e+03 9.896284e+03 9.914833e+03 9.898809e+03
2.3 9.895953e+03 9.905500e+03 9.926837e+03 9.917289e+03
3.3 9.932115e+03 9.915606e+03 9.936803e+03 9.953312e+03
4.3 9.940321e+03 9.914458e+03 9.933691e+03 9.959553e+03
5.3 9.904455e+03 9.914010e+03 9.931962e+03 9.922407e+03
6.3 9.908076e+03 9.922012e+03 9.938658e+03 9.924722e+03
7.3 9.911093e+03 9.926929e+03 9.936929e+03 9.921093e+03
8.3 9.893652e+03 9.921612e+03 9.927370e+03 9.899409e+03
9.3 9.866970e+03 9.910469e+03 9.918469e+03 9.874969e+03
10.3 9.884592e+03 9.903260e+03 9.915365e+03 9.896697e+03
11.3 9.899398e+03 9.910297e+03 9.925398e+03 9.914500e+03
12.3 9.914311e+03 9.920778e+03 9.933922e+03 9.927455e+03
13.3 9.911291e+03 9.922957e+03 9.930179e+03 9.918513e+03
14.3 9.882348e+03 9.915745e+03 9.922116e+03 9.888718e+03
15.3 9.887850e+03 9.911389e+03 9.915969e+03 9.892429e+03
16.3 9.914802e+03 9.912996e+03 9.912542e+03 9.914347e+03
17.3 9.958745e+03 9.915946e+03 9.910981e+03 9.953781e+03
18.3 9.937324e+03 9.914881e+03 9.910568e+03 9.933010e+03
19.3 9.877110e+03 9.908002e+03 9.910817e+03 9.879924e+03
20.3 9.867366e+03 9.903388e+03 9.911351e+03 9.875329e+03
21.3 9.877610e+03 9.907187e+03 9.911906e+03 9.882329e+03
0.9 9.940321e+03 9.914458e+03 9.933691e+03 9.959553e+03
1.9 9.904455e+03 9.914010e+03 9.931962e+03 9.922407e+03
2.9 9.908076e+03 9.922012e+03 9.938658e+03 9.924722e+03
3.9 9.911093e+03 9.926929e+03 9.936929e+03 9.921093e+03
4.9 9.893652e+03 9.921612e+03 9.927370e+03 9.899409e+03
5.9 9.866970e+03 9.910469e+03 9.918469e+03 9.874969e+03
6.9 9.884592e+03 9.903260e+03 9.915365e+03 9.896697e+03
7.9 9.899398e+03 9.910297e+03 9.925398e+03 9.914500e+03
8.9 9.914311e+03 9.920778e+03 9.933922e+03 9.927455e+03
9.9 9.911291e+03 9.922957e+03 9.930179e+03 9.918513e+03
10.9 9.882348e+03 9.915745e+03 9.922116e+03 9.888718e+03
11.9 9.887850e+03 9.911389e+03 9.915969e+03 9.892429e+03
12.9 9.914802e+03 9.912996e+03 9.912542e+03 9.914347e+03
13.9 9.958745e+03 9.915946e+03 9.910981e+03 9.953781e+03
14.9 9.937324e+03 9.914881e+03 9.910568e+03 9.933010e+03
15.9 9.877110e+03 9.908002e+03 9.910817e+03 9.879924e+03
16.9 9.867366e+03 9.903388e+03 9.911351e+03 9.875329e+03
17.9 9.877610e+03 9.907187e+03 9.911906e+03 9.882329e+03
18.9 9.914369e+03 9.913368e+03 9.912344e+03 9.913345e+03
19.9 9.929604e+03 9.913412e+03 9.912637e+03 9.928829e+03
20.9 9.944474e+03 9.913036e+03 9.912810e+03 9.944248e+03
21.9 9.939647e+03 9.923597e+03 9.912902e+03 9.928953e+03
0.4 9.866970e+03 9.910469e+03 9.918469e+03 9.874969e+03
1.4 9.884592e+03 9.903260e+03 9.915365e+03 9.896697e+03
2.4 9.899398e+03 9.910297e+03 9.925398e+03 9.914500e+03
3.4 9.914311e+03 9.920778e+03 9.933922e+03 9.927455e+03
4.4 9.911291e+03 9.922957e+03 9.930179e+03 9.918513e+03
5.4 9.882348e+03 9.915745e+03 9.922116e+03 9.888718e+03
6.4 9.887850e+03 9.911389e+03 9.915969e+03 9.892429e+03
7.4 9.914802e+03 9.912996e+03 9.912542e+03 9.914347e+03
8.4 9.958745e+03 9.915946e+03 9.910981e+03 9.953781e+03
9.4 9.937324e+03 9.914881e+03 9.910568e+03 9.933010e+03
10.4 9.877110e+03 9.908002e+03 9.910817e+03 9.879924e+03
11.4 9.867366e+03 9.903388e+03 9.911351e+03 9.875329e+03
12.4 9.877610e+03 9.907187e+03 9.911906e+03 9.882329e+03
13.4 9.914369e+03 9.913368e+03 9.912344e+03 9.913345e+03
14.4 9.929604e+03 9.913412e+03 9.912637e+03 9.928829e+03
15.4 9.944474e+03 9.913036e+03 9.912810e+03 9.944248e+03
16.4 9.939647e+03 9.923597e+03 9.912902e+03 9.928953e+03
17.4 9.920063e+03 9.936557e+03 9.912947e+03 9.896452e+03
18.4 9.936335e+03 9.939022e+03 9.912967e+03 9.910280e+03
19.4 9.921726e+03 9.930613e+03 9.912976e+03 9.904088e+03
20.4 9.918494e+03 9.916072e+03 9.912980e+03 9.915401e+03
21.4 9.920011e+03 9.903419e+03 9.912982e+03 9.929574e+03
0.5 9.911614e+03 9.920624e+03 9.912993e+03 9.903983e+03
1.5 9.886883e+03 9.914396e+03 9.916081e+03 9.888568e+03
2.5 9.908362e+03 9.920815e+03 9.931252e+03 9.918798e+03
3.5 9.949300e+03 9.931014e+03 9.946820e+03 9.965107e+03
4.5 9.954727e+03 9.927519e+03 9.944941e+03 9.972150e+03
5.5 9.927302e+03 9.915157e+03 9.932842e+03 9.944987e+03
6.5 9.893222e+03 9.905876e+03 9.921739e+03 9.909085e+03
7.5 9.862690e+03 9.906783e+03 9.914803e+03 9.870710e+03
8.5 9.884294e+03 9.912238e+03 9.911240e+03 9.883295e+03
9.5 9.916924e+03 9.916255e+03 9.909870e+03 9.910539e+03
10.5 9.924761e+03 9.916451e+03 9.909827e+03 9.918137e+03
11.5 9.906951e+03 9.915349e+03 9.910442e+03 9.902043e+03
12.5 9.889671e+03 9.921598e+03 9.911226e+03 9.879299e+03
13.5 9.901271e+03 9.926782e+03 9.911904e+03 9.886394e+03
14.5 9.917930e+03 9.925620e+03 9.912477e+03 9.904786e+03
15.5 9.916073e+03 9.921619e+03 9.918074e+03 9.912528e+03
16.5 9.923773e+03 9.925131e+03 9.932169e+03 9.930811e+03
17.5 9.938352e+03 9.927850e+03 9.936727e+03 9.947229e+03
18.5 9.914490e+03 9.923824e+03 9.931563e+03 9.922229e+03
19.5 9.904693e+03 9.924673e+03 9.935470e+03 9.915490e+03
20.5 9.933397e+03 9.932245e+03 9.947123e+03 9.948275e+03
21.5 9.944442e+03 9.929339e+03 9.945814e+03 9.960917e+03
0.7 9.917930e+03 9.925620e+03 9.912477e+03 9.904786e+03
1.7 9.916073e+03 9.921619e+03 9.918074e+03 9.912528e+03
2.7 9.923773e+03 9.925131e+03 9.932169e+03 9.930811e+03
3.7 9.938352e+03 9.927850e+03 9.936727e+03 9.947229e+03
4.7 9.914490e+03 9.923824e+03 9.931563e+03 9.922229e+03
5.7 9.904693e+03 9.924673e+03 9.935470e+03 9.915490e+03
6.7 9.933397e+03 9.932245e+03 9.947123e+03 9.948275e+03
7.7 9.944442e+03 9.929339e+03 9.945814e+03 9.960917e+03
8.7 9.902931e+03 9.916806e+03 9.933397e+03 9.919522e+03
9.7 9.877913e+03 9.904359e+03 9.921404e+03 9.894958e+03
10.7 9.865033e+03 9.897028e+03 9.913995e+03 9.882000e+03
11.7 9.886350e+03 9.900895e+03 9.910402e+03 9.895857e+03
12.7 9.904127e+03 9.915240e+03 9.909176e+03 9.898064e+03
13.7 9.953440e+03 9.926438e+03 9.909295e+03 9.936297e+03
14.7 9.957401e+03 9.929362e+03 9.910054e+03 9.938093e+03
15.7 9.957714e+03 9.930168e+03 9.910960e+03 9.938505e+03
16.7 9.946746e+03 9.931288e+03 9.911734e+03 9.927193e+03
17.7 9.938239e+03 9.928707e+03 9.912282e+03 9.921814e+03
18.7 9.900827e+03 9.918836e+03 9.912620e+03 9.894611e+03
19.7 9.893479e+03 9.906659e+03 9.912808e+03 9.899628e+03
20.7 9.897861e+03 9.898104e+03 9.912904e+03 9.912660e+03
21.7 9.903182e+03 9.899233e+03 9.912949e+03 9.916898e+03
0.3 9.938352e+03 9.927850e+03 9.936727e+03 9.947229e+03
1.3 9.914490e+03 9.923824e+03 9.931563e+03 9.922229e+03
2.3 9.904693e+03 9.924673e+03 9.935470e+03 9.915490e+03
3.3 9.933397e+03 9.932245e+03 9.947123e+03 9.948275e+03
4.3 9.944442e+03 9.929339e+03 9.945814e+03 9.960917e+03
5.3 9.902931e+03 9.916806e+03 9.933397e+03 9.919522e+03
6.3 9.877913e+03 9.904359e+03 9.921404e+03 9.894958e+03
7.3 9.865033e+03 9.897028e+03 9.913995e+03 9.882000e+03
8.3 9.886350e+03 9.900895e+03 9.910402e+03 9.895857e+03
9.3 9.904127e+03 9.915240e+03 9.909176e+03 9.898064e+03
10.3 9.953440e+03 9.926438e+03 9.909295e+03 9.936297e+03
11.3 9.957401e+03 9.929362e+03 9.910054e+03 9.938093e+03
12.3 9.957714e+03 9.930168e+03 9.910960e+03 9.938505e+03
13.3 9.946746e+03 9.931288e+03 9.911734e+03 9.927193e+03
14.3 9.938239e+03 9.928707e+03 9.912282e+03 9.921814e+03
15.3 9.900827e+03 9.918836e+03 9.912620e+03 9.894611e+03
16.3 9.893479e+03 9.906659e+03 9.912808e+03 9.899628e+03
17.3 9.897861e+03 9.898104e+03 9.912904e+03 9.912660e+03
18.3 9.903182e+03 9.899233e+03 9.912949e+03 9.916898e+03
19.3 9.900667e+03 9.912348e+03 9.912969e+03 9.901287e+03
20.3 9.904738e+03 9.925158e+03 9.912977e+03 9.892556e+03
21.3 9.932912e+03 9.929245e+03 9.912980e+03 9.916648e+03
