0.3 9.698188e+03 9.673747e+03 9.683017e+03 9.707458e+03
1.3 9.674962e+03 9.673649e+03 9.682918e+03 9.684232e+03
2.3 9.646558e+03 9.672852e+03 9.682121e+03 9.655828e+03
3.3 9.625151e+03 9.671528e+03 9.680792e+03 9.634415e+03
4.3 9.627690e+03 9.674294e+03 9.680188e+03 9.633584e+03
5.3 9.654499e+03 9.686251e+03 9.680811e+03 9.649059e+03
6.3 9.680933e+03 9.689554e+03 9.681815e+03 9.673194e+03
7.3 9.685827e+03 9.682632e+03 9.682580e+03 9.685776e+03
8.3 9.681722e+03 9.678495e+03 9.683021e+03 9.686249e+03
9.3 9.693631e+03 9.686765e+03 9.683227e+03 9.690093e+03
10.3 9.684614e+03 9.690165e+03 9.683285e+03 9.677734e+03
11.3 9.666852e+03 9.684034e+03 9.683259e+03 9.666078e+03
12.3 9.655428e+03 9.674311e+03 9.683199e+03 9.664316e+03
13.3 9.661900e+03 9.671845e+03 9.683136e+03 9.673191e+03
14.3 9.707890e+03 9.682518e+03 9.683087e+03 9.708459e+03
15.3 9.708905e+03 9.686347e+03 9.683055e+03 9.705613e+03
16.3 9.675017e+03 9.680201e+03 9.683036e+03 9.677851e+03
17.3 9.661186e+03 9.682342e+03 9.683026e+03 9.661870e+03
18.3 9.661225e+03 9.689593e+03 9.683021e+03 9.654652e+03
19.3 9.674697e+03 9.688019e+03 9.683018e+03 9.669696e+03
20.3 9.686632e+03 9.684542e+03 9.683017e+03 9.685107e+03
21.3 9.714978e+03 9.687208e+03 9.683017e+03 9.710787e+03
0.2 9.705724e+03 9.682212e+03 9.683017e+03 9.706528e+03
1.2 9.723881e+03 9.689120e+03 9.682953e+03 9.717715e+03
2.2 9.694184e+03 9.685591e+03 9.682255e+03 9.690848e+03
3.2 9.674942e+03 9.678247e+03 9.680935e+03 9.677629e+03
4.2 9.680510e+03 9.675439e+03 9.680187e+03 9.685257e+03
5.2 9.698046e+03 9.684796e+03 9.680702e+03 9.693952e+03
6.2 9.715784e+03 9.689777e+03 9.681706e+03 9.707713e+03
7.2 9.703199e+03 9.685563e+03 9.682510e+03 9.700147e+03
8.2 9.677709e+03 9.679499e+03 9.682985e+03 9.681195e+03
9.2 9.677780e+03 9.675553e+03 9.683213e+03 9.685440e+03
10.2 9.695559e+03 9.677930e+03 9.683283e+03 9.700913e+03
11.2 9.700263e+03 9.687718e+03 9.683264e+03 9.695810e+03
12.2 9.704503e+03 9.691922e+03 9.683206e+03 9.695787e+03
13.1 9.690536e+03 9.686356e+03 9.683143e+03 9.687323e+03
14.1 9.685724e+03 9.679320e+03 9.683041e+03 9.689445e+03
15.1 9.679110e+03 9.674258e+03 9.682360e+03 9.687213e+03
16.1 9.686848e+03 9.671159e+03 9.681162e+03 9.696851e+03
17.1 9.691453e+03 9.677506e+03 9.680821e+03 9.694768e+03
18.1 9.719730e+03 9.688099e+03 9.681444e+03 9.713075e+03
19.1 9.724359e+03 9.688395e+03 9.682219e+03 9.718183e+03
20.1 9.699995e+03 9.682528e+03 9.682494e+03 9.699962e+03
21.1 9.669027e+03 9.676309e+03 9.681721e+03 9.674439e+03
0.1 9.690536e+03 9.686356e+03 9.683143e+03 9.687323e+03
1.1 9.685724e+03 9.679320e+03 9.683041e+03 9.689445e+03
2.1 9.679110e+03 9.674258e+03 9.682360e+03 9.687213e+03
3.1 9.686848e+03 9.671159e+03 9.681162e+03 9.696851e+03
4.1 9.691453e+03 9.677506e+03 9.680821e+03 9.694768e+03
5.1 9.719730e+03 9.688099e+03 9.681444e+03 9.713075e+03
6.1 9.724359e+03 9.688395e+03 9.682219e+03 9.718183e+03
7.1 9.699995e+03 9.682528e+03 9.682494e+03 9.699962e+03
8.1 9.669027e+03 9.676309e+03 9.681721e+03 9.674439e+03
9.1 9.668180e+03 9.672051e+03 9.680603e+03 9.676731e+03
10.1 9.689324e+03 9.676873e+03 9.680467e+03 9.692917e+03
11.1 9.711905e+03 9.687724e+03 9.681298e+03 9.705479e+03
12.1 9.709391e+03 9.688755e+03 9.682221e+03 9.702858e+03
13.1 9.691255e+03 9.683266e+03 9.682836e+03 9.690825e+03
14.1 9.676390e+03 9.678220e+03 9.683158e+03 9.681328e+03
15.1 9.687898e+03 9.678856e+03 9.683287e+03 9.692329e+03
16.1 9.701535e+03 9.682504e+03 9.683298e+03 9.702329e+03
17.1 9.717589e+03 9.680780e+03 9.683249e+03 9.720059e+03
18.1 9.728860e+03 9.676854e+03 9.683182e+03 9.735188e+03
19.1 9.733722e+03 9.677571e+03 9.683121e+03 9.739272e+03
20.1 9.725252e+03 9.684457e+03 9.683076e+03 9.723871e+03
21.1 9.696799e+03 9.687440e+03 9.683048e+03 9.692406e+03
0.6 9.724359e+03 9.688395e+03 9.682219e+03 9.718183e+03
1.6 9.699995e+03 9.682528e+03 9.682494e+03 9.699962e+03
2.6 9.669027e+03 9.676309e+03 9.681721e+03 9.674439e+03
3.6 9.668180e+03 9.672051e+03 9.680603e+03 9.676731e+03
4.6 9.689324e+03 9.676873e+03 9.680467e+03 9.692917e+03
5.6 9.711905e+03 9.687724e+03 9.681298e+03 9.705479e+03
6.6 9.709391e+03 9.688755e+03 9.682221e+03 9.702858e+03
7.6 9.691255e+03 9.683266e+03 9.682836e+03 9.690825e+03
8.6 9.676390e+03 9.678220e+03 9.683158e+03 9.681328e+03
9.6 9.687898e+03 9.678856e+03 9.683287e+03 9.692329e+03
10.6 9.701535e+03 9.682504e+03 9.683298e+03 9.702329e+03
11.6 9.717589e+03 9.680780e+03 9.683249e+03 9.720059e+03
12.6 9.728860e+03 9.676854e+03 9.683182e+03 9.735188e+03
13.6 9.733722e+03 9.677571e+03 9.683121e+03 9.739272e+03
14.6 9.725252e+03 9.684457e+03 9.683076e+03 9.723871e+03
15.6 9.696799e+03 9.687440e+03 9.683048e+03 9.692406e+03
16.6 9.677082e+03 9.682927e+03 9.683032e+03 9.677187e+03
17.6 9.678412e+03 9.677519e+03 9.683024e+03 9.683916e+03
18.6 9.688106e+03 9.674277e+03 9.683020e+03 9.696849e+03
19.6 9.709814e+03 9.672779e+03 9.683018e+03 9.720052e+03
20.6 9.706725e+03 9.672247e+03 9.683017e+03 9.717495e+03
21.6 9.700421e+03 9.672255e+03 9.683017e+03 9.711183e+03
0.4 9.695867e+03 9.691362e+03 9.683017e+03 9.687521e+03
1.4 9.699696e+03 9.691992e+03 9.682860e+03 9.690565e+03
2.4 9.696862e+03 9.685004e+03 9.681942e+03 9.693801e+03
3.4 9.683061e+03 9.676315e+03 9.680629e+03 9.687375e+03
4.4 9.679928e+03 9.675873e+03 9.680215e+03 9.684270e+03
5.4 9.705073e+03 9.685484e+03 9.680953e+03 9.700542e+03
6.4 9.711371e+03 9.685330e+03 9.681945e+03 9.707986e+03
7.4 9.679535e+03 9.676056e+03 9.682662e+03 9.686141e+03
8.4 9.669800e+03 9.672061e+03 9.683063e+03 9.680803e+03
9.4 9.660021e+03 9.682052e+03 9.683243e+03 9.661212e+03
10.4 9.677808e+03 9.686112e+03 9.683285e+03 9.674981e+03
11.4 9.689809e+03 9.684861e+03 9.683251e+03 9.688200e+03
12.4 9.702308e+03 9.691344e+03 9.683189e+03 9.694153e+03
13.4 9.690541e+03 9.692156e+03 9.683128e+03 9.681513e+03
14.4 9.674745e+03 9.685674e+03 9.683082e+03 9.672153e+03
15.4 9.672010e+03 9.678827e+03 9.683051e+03 9.676234e+03
16.4 9.703400e+03 9.674490e+03 9.683034e+03 9.711944e+03
17.4 9.702534e+03 9.672305e+03 9.683025e+03 9.713254e+03
18.4 9.676498e+03 9.670045e+03 9.683020e+03 9.689473e+03
19.4 9.668787e+03 9.666419e+03 9.683018e+03 9.685385e+03
20.4 9.678364e+03 9.670383e+03 9.683017e+03 9.690999e+03
21.4 9.691253e+03 9.683664e+03 9.683017e+03 9.690606e+03
0.1 9.689168e+03 9.695607e+03 9.683017e+03 9.676577e+03
1.1 9.684814e+03 9.703057e+03 9.682953e+03 9.664710e+03
2.1 9.662151e+03 9.699432e+03 9.682255e+03 9.644974e+03
3.1 9.646185e+03 9.687690e+03 9.680935e+03 9.639430e+03
4.1 9.657440e+03 9.679848e+03 9.680187e+03 9.657779e+03
5.1 9.718255e+03 9.685763e+03 9.680663e+03 9.713156e+03
6.1 9.735894e+03 9.688427e+03 9.681086e+03 9.728553e+03
7.1 9.694413e+03 9.685142e+03 9.681041e+03 9.690312e+03
8.1 9.671122e+03 9.690311e+03 9.681497e+03 9.662309e+03
9.1 9.651242e+03 9.691592e+03 9.682260e+03 9.641910e+03
10.1 9.653862e+03 9.684344e+03 9.682848e+03 9.652366e+03
11.1 9.660888e+03 9.684706e+03 9.683157e+03 9.659339e+03
12.1 9.695347e+03 9.690397e+03 9.683270e+03 9.688220e+03
13.1 9.702342e+03 9.687863e+03 9.683277e+03 9.697756e+03
14.1 9.696162e+03 9.684653e+03 9.683233e+03 9.694743e+03
15.1 9.680787e+03 9.689820e+03 9.683174e+03 9.674141e+03
16.1 9.679425e+03 9.697556e+03 9.683119e+03 9.664988e+03
17.1 9.693790e+03 9.704249e+03 9.683077e+03 9.672618e+03
18.1 9.702526e+03 9.701559e+03 9.683049e+03 9.684016e+03
19.1 9.704444e+03 9.696381e+03 9.683033e+03 9.691097e+03
20.1 9.692593e+03 9.688610e+03 9.683024e+03 9.687007e+03
21.1 9.671322e+03 9.680072e+03 9.683020e+03 9.674270e+03
1.0 9.718255e+03 9.685763e+03 9.680663e+03 9.713156e+03
2.0 9.735894e+03 9.688427e+03 9.681086e+03 9.728553e+03
3.0 9.694413e+03 9.685142e+03 9.681041e+03 9.690312e+03
4.0 9.671122e+03 9.690311e+03 9.681497e+03 9.662309e+03
5.0 9.651242e+03 9.691592e+03 9.682260e+03 9.641910e+03
6.0 9.653862e+03 9.684344e+03 9.682848e+03 9.652366e+03
7.0 9.660888e+03 9.684706e+03 9.683157e+03 9.659339e+03
8.0 9.695347e+03 9.690397e+03 9.683270e+03 9.688220e+03
9.0 9.702342e+03 9.687863e+03 9.683277e+03 9.697756e+03
10.0 9.696162e+03 9.684653e+03 9.683233e+03 9.694743e+03
11.0 9.680787e+03 9.689820e+03 9.683174e+03 9.674141e+03
12.0 9.679425e+03 9.697556e+03 9.683119e+03 9.664988e+03
13.0 9.693790e+03 9.704249e+03 9.683077e+03 9.672618e+03
14.0 9.702526e+03 9.701559e+03 9.683049e+03 9.684016e+03
15.0 9.704444e+03 9.696381e+03 9.683033e+03 9.691097e+03
16.0 9.692593e+03 9.688610e+03 9.683024e+03 9.687007e+03
17.0 9.671322e+03 9.680072e+03 9.683020e+03 9.674270e+03
18.0 9.671901e+03 9.678785e+03 9.683018e+03 9.676135e+03
19.0 9.673107e+03 9.680811e+03 9.683017e+03 9.675313e+03
20.0 9.673047e+03 9.678269e+03 9.683017e+03 9.677795e+03
21.0 9.667495e+03 9.674565e+03 9.683017e+03 9.675947e+03
22.0 9.669928e+03 9.672556e+03 9.683017e+03 9.680389e+03
0.9 9.691723e+03 9.684257e+03 9.683001e+03 9.690466e+03
1.9 9.691435e+03 9.686343e+03 9.682547e+03 9.687639e+03
2.9 9.682469e+03 9.681008e+03 9.681376e+03 9.682837e+03
3.9 9.658788e+03 9.680678e+03 9.680744e+03 9.658854e+03
4.9 9.669991e+03 9.689656e+03 9.681217e+03 9.661552e+03
5.9 9.697207e+03 9.693953e+03 9.682030e+03 9.685284e+03
6.9 9.696695e+03 9.696844e+03 9.682649e+03 9.682499e+03
7.9 9.696912e+03 9.702783e+03 9.683006e+03 9.677135e+03
8.9 9.678656e+03 9.704149e+03 9.683175e+03 9.657682e+03
9.9 9.689945e+03 9.701864e+03 9.683226e+03 9.671307e+03
10.9 9.703690e+03 9.701142e+03 9.683209e+03 9.685757e+03
11.9 9.706113e+03 9.694062e+03 9.683162e+03 9.695213e+03
12.9 9.683947e+03 9.683092e+03 9.683112e+03 9.683968e+03
13.9 9.663415e+03 9.675101e+03 9.683073e+03 9.671387e+03
14.9 9.645394e+03 9.671145e+03 9.682997e+03 9.657246e+03
15.9 9.651548e+03 9.669229e+03 9.682334e+03 9.664653e+03
16.9 9.646373e+03 9.668023e+03 9.681017e+03 9.659366e+03
17.9 9.683879e+03 9.669933e+03 9.680196e+03 9.694142e+03
18.9 9.716108e+03 9.682254e+03 9.680651e+03 9.714505e+03
19.9 9.728678e+03 9.688724e+03 9.681651e+03 9.721605e+03
20.9 9.707712e+03 9.687178e+03 9.682474e+03 9.703008e+03
21.9 9.689949e+03 9.692731e+03 9.682965e+03 9.680183e+03
0.1 9.663415e+03 9.675101e+03 9.683073e+03 9.671387e+03
1.1 9.645394e+03 9.671145e+03 9.682997e+03 9.657246e+03
2.1 9.651548e+03 9.669229e+03 9.682334e+03 9.664653e+03
3.1 9.646373e+03 9.668023e+03 9.681017e+03 9.659366e+03
4.1 9.683879e+03 9.669933e+03 9.680196e+03 9.694142e+03
5.1 9.716108e+03 9.682254e+03 9.680651e+03 9.714505e+03
6.1 9.728678e+03 9.688724e+03 9.681651e+03 9.721605e+03
7.1 9.707712e+03 9.687178e+03 9.682474e+03 9.703008e+03
8.1 9.689949e+03 9.692731e+03 9.682965e+03 9.680183e+03
9.1 9.679028e+03 9.693607e+03 9.683204e+03 9.668626e+03
10.1 9.687193e+03 9.686854e+03 9.683282e+03 9.683622e+03
11.1 9.684222e+03 9.679455e+03 9.683248e+03 9.688015e+03
12.1 9.684604e+03 9.674226e+03 9.682714e+03 9.693092e+03
13.1 9.686219e+03 9.670643e+03 9.681410e+03 9.696986e+03
14.1 9.686709e+03 9.669691e+03 9.680330e+03 9.697348e+03
15.1 9.684463e+03 9.679697e+03 9.680525e+03 9.685290e+03
16.1 9.688762e+03 9.689070e+03 9.681473e+03 9.681164e+03
0.9 9.684222e+03 9.679455e+03 9.683248e+03 9.688015e+03
1.9 9.684604e+03 9.674226e+03 9.682714e+03 9.693092e+03
2.9 9.686219e+03 9.670643e+03 9.681410e+03 9.696986e+03
3.9 9.686709e+03 9.669691e+03 9.680330e+03 9.697348e+03
4.9 9.684463e+03 9.679697e+03 9.680525e+03 9.685290e+03
5.9 9.688762e+03 9.689070e+03 9.681473e+03 9.681164e+03
