0.7 2.584025e+03 2.594658e+03 2.603192e+03 2.592558e+03
1.7 2.592756e+03 2.600585e+03 2.599238e+03 2.591409e+03
2.7 2.600720e+03 2.595377e+03 2.587038e+03 2.592381e+03
3.7 2.553920e+03 2.589281e+03 2.579062e+03 2.543701e+03
4.7 2.605638e+03 2.589554e+03 2.583230e+03 2.599314e+03
5.7 2.596600e+03 2.593777e+03 2.588835e+03 2.591659e+03
6.7 2.568526e+03 2.592540e+03 2.585894e+03 2.561881e+03
7.7 2.565951e+03 2.590683e+03 2.585704e+03 2.560972e+03
8.7 2.571986e+03 2.593998e+03 2.591983e+03 2.569971e+03
9.7 2.606703e+03 2.602158e+03 2.598759e+03 2.603304e+03
10.7 2.602999e+03 2.612442e+03 2.603010e+03 2.593567e+03
11.7 2.611773e+03 2.624878e+03 2.604986e+03 2.591881e+03
12.7 2.636160e+03 2.629484e+03 2.605594e+03 2.612270e+03
13.7 2.626459e+03 2.621713e+03 2.605471e+03 2.610217e+03
14.7 2.617717e+03 2.614921e+03 2.605014e+03 2.607810e+03
15.7 2.613457e+03 2.616295e+03 2.604483e+03 2.601645e+03
16.7 2.625504e+03 2.617205e+03 2.604027e+03 2.612326e+03
17.7 2.614644e+03 2.593881e+03 2.603701e+03 2.624465e+03
18.7 2.611014e+03 2.580644e+03 2.603497e+03 2.633867e+03
19.7 2.573991e+03 2.594219e+03 2.603383e+03 2.583155e+03
20.7 2.552754e+03 2.612114e+03 2.603323e+03 2.543963e+03
21.7 2.569391e+03 2.614385e+03 2.602748e+03 2.557754e+03
0.6 2.605638e+03 2.589554e+03 2.583230e+03 2.599314e+03
1.6 2.596600e+03 2.593777e+03 2.588835e+03 2.591659e+03
2.6 2.568526e+03 2.592540e+03 2.585894e+03 2.561881e+03
3.6 2.565951e+03 2.590683e+03 2.585704e+03 2.560972e+03
4.6 2.571986e+03 2.593998e+03 2.591983e+03 2.569971e+03
5.6 2.606703e+03 2.602158e+03 2.598759e+03 2.603304e+03
6.6 2.602999e+03 2.612442e+03 2.603010e+03 2.593567e+03
7.6 2.611773e+03 2.624878e+03 2.604986e+03 2.591881e+03
8.6 2.636160e+03 2.629484e+03 2.605594e+03 2.612270e+03
9.6 2.626459e+03 2.621713e+03 2.605471e+03 2.610217e+03
10.6 2.617717e+03 2.614921e+03 2.605014e+03 2.607810e+03
11.6 2.613457e+03 2.616295e+03 2.604483e+03 2.601645e+03
12.6 2.625504e+03 2.617205e+03 2.604027e+03 2.612326e+03
13.6 2.614644e+03 2.593881e+03 2.603701e+03 2.624465e+03
14.6 2.611014e+03 2.580644e+03 2.603497e+03 2.633867e+03
15.6 2.573991e+03 2.594219e+03 2.603383e+03 2.583155e+03
16.6 2.552754e+03 2.612114e+03 2.603323e+03 2.543963e+03
17.6 2.569391e+03 2.614385e+03 2.602748e+03 2.557754e+03
18.6 2.593857e+03 2.604811e+03 2.595723e+03 2.584769e+03
19.6 2.579856e+03 2.590554e+03 2.581532e+03 2.570835e+03
20.6 2.605255e+03 2.581827e+03 2.572683e+03 2.596110e+03
21.6 2.616129e+03 2.582062e+03 2.577636e+03 2.611703e+03
0.1 2.552754e+03 2.612114e+03 2.603323e+03 2.543963e+03
1.1 2.569391e+03 2.614385e+03 2.602748e+03 2.557754e+03
2.1 2.593857e+03 2.604811e+03 2.595723e+03 2.584769e+03
3.1 2.579856e+03 2.590554e+03 2.581532e+03 2.570835e+03
4.1 2.605255e+03 2.581827e+03 2.572683e+03 2.596110e+03
5.1 2.616129e+03 2.582062e+03 2.577636e+03 2.611703e+03
6.1 2.603745e+03 2.585348e+03 2.588477e+03 2.606875e+03
7.1 2.596303e+03 2.584487e+03 2.597392e+03 2.609207e+03
8.1 2.581993e+03 2.583545e+03 2.602717e+03 2.601164e+03
9.1 2.611104e+03 2.586561e+03 2.605308e+03 2.629850e+03
10.1 2.639339e+03 2.594115e+03 2.606152e+03 2.651376e+03
11.1 2.607251e+03 2.601133e+03 2.605984e+03 2.612102e+03
12.1 2.626259e+03 2.603238e+03 2.605365e+03 2.628386e+03
13.1 2.632726e+03 2.603084e+03 2.604676e+03 2.634318e+03
14.1 2.625346e+03 2.601464e+03 2.604115e+03 2.627997e+03
15.1 2.630263e+03 2.603184e+03 2.603734e+03 2.630813e+03
16.1 2.614709e+03 2.607873e+03 2.603506e+03 2.610343e+03
17.1 2.595650e+03 2.611954e+03 2.603383e+03 2.587080e+03
18.1 2.604826e+03 2.614265e+03 2.603322e+03 2.593883e+03
19.1 2.602823e+03 2.615653e+03 2.603294e+03 2.590463e+03
20.1 2.613241e+03 2.616734e+03 2.603282e+03 2.599789e+03
21.1 2.607192e+03 2.604837e+03 2.603277e+03 2.605631e+03
0.8 2.643880e+03 2.612282e+03 2.603129e+03 2.634727e+03
1.8 2.609274e+03 2.602568e+03 2.598517e+03 2.605222e+03
2.8 2.607341e+03 2.592333e+03 2.588875e+03 2.603884e+03
3.8 2.593221e+03 2.587942e+03 2.586897e+03 2.592177e+03
4.8 2.598495e+03 2.591301e+03 2.592045e+03 2.599238e+03
5.8 2.584646e+03 2.596269e+03 2.597805e+03 2.586183e+03
6.8 2.577102e+03 2.598588e+03 2.601640e+03 2.580154e+03
7.8 2.575597e+03 2.599453e+03 2.603712e+03 2.579856e+03
8.8 2.608079e+03 2.598444e+03 2.603551e+03 2.613186e+03
9.8 2.614421e+03 2.593565e+03 2.595089e+03 2.615945e+03
10.8 2.599497e+03 2.584552e+03 2.580468e+03 2.595413e+03
11.8 2.585330e+03 2.580426e+03 2.573562e+03 2.578467e+03
12.8 2.587409e+03 2.583382e+03 2.579967e+03 2.583994e+03
13.8 2.603344e+03 2.587207e+03 2.590587e+03 2.606724e+03
14.8 2.592037e+03 2.589275e+03 2.598723e+03 2.601485e+03
15.8 2.580630e+03 2.592271e+03 2.603409e+03 2.591768e+03
16.8 2.570924e+03 2.599513e+03 2.605592e+03 2.577003e+03
17.8 2.578839e+03 2.607722e+03 2.606194e+03 2.577311e+03
18.8 2.576163e+03 2.613304e+03 2.605904e+03 2.568763e+03
19.8 2.606723e+03 2.615954e+03 2.605247e+03 2.596015e+03
20.8 2.596727e+03 2.616485e+03 2.604365e+03 2.584608e+03
21.8 2.575584e+03 2.611051e+03 2.598669e+03 2.563203e+03
0.3 2.575597e+03 2.599453e+03 2.603712e+03 2.579856e+03
1.3 2.608079e+03 2.598444e+03 2.603551e+03 2.613186e+03
2.3 2.614421e+03 2.593565e+03 2.595089e+03 2.615945e+03
3.3 2.599497e+03 2.584552e+03 2.580468e+03 2.595413e+03
4.3 2.585330e+03 2.580426e+03 2.573562e+03 2.578467e+03
5.3 2.587409e+03 2.583382e+03 2.579967e+03 2.583994e+03
6.3 2.603344e+03 2.587207e+03 2.590587e+03 2.606724e+03
7.3 2.592037e+03 2.589275e+03 2.598723e+03 2.601485e+03
8.3 2.580630e+03 2.592271e+03 2.603409e+03 2.591768e+03
9.3 2.570924e+03 2.599513e+03 2.605592e+03 2.577003e+03
10.3 2.578839e+03 2.607722e+03 2.606194e+03 2.577311e+03
11.3 2.576163e+03 2.613304e+03 2.605904e+03 2.568763e+03
12.3 2.606723e+03 2.615954e+03 2.605247e+03 2.596015e+03
13.3 2.596727e+03 2.616485e+03 2.604365e+03 2.584608e+03
14.3 2.575584e+03 2.611051e+03 2.598669e+03 2.563203e+03
15.3 2.535681e+03 2.597649e+03 2.585632e+03 2.523664e+03
16.3 2.552574e+03 2.588248e+03 2.579217e+03 2.543543e+03
17.3 2.569530e+03 2.587885e+03 2.584541e+03 2.566186e+03
18.3 2.595474e+03 2.591972e+03 2.593151e+03 2.596654e+03
19.3 2.593221e+03 2.592263e+03 2.599596e+03 2.600554e+03
20.3 2.589266e+03 2.591958e+03 2.603282e+03 2.600590e+03
21.3 2.609148e+03 2.596138e+03 2.605014e+03 2.618024e+03
0.9 2.596727e+03 2.616485e+03 2.604365e+03 2.584608e+03
1.9 2.575584e+03 2.611051e+03 2.598669e+03 2.563203e+03
2.9 2.535681e+03 2.597649e+03 2.585632e+03 2.523664e+03
3.9 2.552574e+03 2.588248e+03 2.579217e+03 2.543543e+03
4.9 2.569530e+03 2.587885e+03 2.584541e+03 2.566186e+03
5.9 2.595474e+03 2.591972e+03 2.593151e+03 2.596654e+03
6.9 2.593221e+03 2.592263e+03 2.599596e+03 2.600554e+03
7.9 2.589266e+03 2.591958e+03 2.603282e+03 2.600590e+03
8.9 2.609148e+03 2.596138e+03 2.605014e+03 2.618024e+03
9.9 2.616357e+03 2.605884e+03 2.605511e+03 2.615984e+03
10.9 2.635642e+03 2.618457e+03 2.605302e+03 2.622487e+03
11.9 2.667139e+03 2.620839e+03 2.604797e+03 2.651097e+03
12.9 2.667071e+03 2.615508e+03 2.604273e+03 2.655836e+03
13.9 2.638736e+03 2.612796e+03 2.603861e+03 2.629801e+03
14.9 2.613018e+03 2.612739e+03 2.603589e+03 2.603868e+03
15.9 2.613709e+03 2.613135e+03 2.603431e+03 2.604005e+03
16.9 2.621234e+03 2.613337e+03 2.603347e+03 2.611244e+03
17.9 2.634486e+03 2.613582e+03 2.603306e+03 2.624209e+03
18.9 2.681240e+03 2.614181e+03 2.603287e+03 2.670345e+03
19.9 2.670147e+03 2.601305e+03 2.603279e+03 2.672122e+03
20.9 2.593715e+03 2.577963e+03 2.603276e+03 2.619028e+03
21.9 2.583151e+03 2.576516e+03 2.603274e+03 2.609909e+03
0.9 2.586667e+03 2.616834e+03 2.603070e+03 2.572904e+03
1.9 2.586725e+03 2.610972e+03 2.597906e+03 2.573660e+03
2.9 2.593934e+03 2.596618e+03 2.584470e+03 2.581786e+03
3.9 2.575067e+03 2.584238e+03 2.573321e+03 2.564151e+03
4.9 2.597211e+03 2.581575e+03 2.575815e+03 2.591451e+03
5.9 2.556976e+03 2.583949e+03 2.586316e+03 2.559343e+03
6.9 2.548923e+03 2.583446e+03 2.595905e+03 2.561382e+03
7.9 2.575676e+03 2.582425e+03 2.601906e+03 2.595156e+03
8.9 2.591481e+03 2.585325e+03 2.604957e+03 2.611113e+03
9.9 2.600384e+03 2.592888e+03 2.606084e+03 2.613580e+03
10.9 2.550728e+03 2.602934e+03 2.606070e+03 2.553864e+03
11.9 2.540403e+03 2.610829e+03 2.605504e+03 2.535078e+03
12.9 2.556146e+03 2.615296e+03 2.604808e+03 2.545658e+03
13.9 2.596505e+03 2.617593e+03 2.604213e+03 2.583125e+03
14.9 2.588299e+03 2.606875e+03 2.603796e+03 2.585221e+03
15.9 2.580922e+03 2.582170e+03 2.603542e+03 2.602294e+03
16.9 2.529602e+03 2.578318e+03 2.603402e+03 2.554686e+03
17.9 2.533274e+03 2.590375e+03 2.603331e+03 2.546230e+03
18.9 2.554276e+03 2.598258e+03 2.603298e+03 2.559316e+03
19.9 2.538584e+03 2.602823e+03 2.603284e+03 2.539045e+03
20.9 2.580049e+03 2.608327e+03 2.603278e+03 2.574999e+03
21.9 2.586346e+03 2.613031e+03 2.603275e+03 2.576589e+03
0.2 2.582792e+03 2.609258e+03 2.603274e+03 2.576808e+03
1.2 2.568727e+03 2.606881e+03 2.602312e+03 2.564157e+03
2.2 2.576946e+03 2.600364e+03 2.593955e+03 2.570536e+03
3.2 2.576095e+03 2.589801e+03 2.581614e+03 2.567908e+03
4.2 2.583877e+03 2.585323e+03 2.579919e+03 2.578473e+03
5.2 2.559426e+03 2.589529e+03 2.587464e+03 2.557361e+03
6.2 2.570992e+03 2.598894e+03 2.595585e+03 2.567683e+03
7.2 2.567093e+03 2.603466e+03 2.597086e+03 2.560712e+03
8.2 2.555553e+03 2.596157e+03 2.587395e+03 2.546792e+03
9.2 2.596225e+03 2.585322e+03 2.576185e+03 2.587089e+03
10.2 2.621980e+03 2.568694e+03 2.576928e+03 2.630214e+03
11.2 2.610407e+03 2.560949e+03 2.586603e+03 2.636061e+03
12.2 2.609461e+03 2.581851e+03 2.596085e+03 2.623695e+03
13.2 2.604213e+03 2.609994e+03 2.602098e+03 2.596317e+03
14.2 2.606503e+03 2.621195e+03 2.605139e+03 2.590447e+03
15.2 2.599186e+03 2.618742e+03 2.606259e+03 2.586702e+03
16.2 2.615865e+03 2.616450e+03 2.606239e+03 2.605653e+03
17.2 2.645370e+03 2.615973e+03 2.605655e+03 2.635052e+03
18.2 2.658722e+03 2.615553e+03 2.604928e+03 2.648097e+03
19.2 2.652225e+03 2.613053e+03 2.604297e+03 2.643469e+03
20.2 2.601979e+03 2.603503e+03 2.603849e+03 2.602325e+03
21.2 2.551257e+03 2.593202e+03 2.603571e+03 2.561625e+03
0.7 2.570992e+03 2.598894e+03 2.595585e+03 2.567683e+03
1.7 2.567093e+03 2.603466e+03 2.597086e+03 2.560712e+03
2.7 2.555553e+03 2.596157e+03 2.587395e+03 2.546792e+03
3.7 2.596225e+03 2.585322e+03 2.576185e+03 2.587089e+03
4.7 2.621980e+03 2.568694e+03 2.576928e+03 2.630214e+03
5.7 2.610407e+03 2.560949e+03 2.586603e+03 2.636061e+03
6.7 2.609461e+03 2.581851e+03 2.596085e+03 2.623695e+03
7.7 2.604213e+03 2.609994e+03 2.602098e+03 2.596317e+03
8.7 2.606503e+03 2.621195e+03 2.605139e+03 2.590447e+03
9.7 2.599186e+03 2.618742e+03 2.606259e+03 2.586702e+03
10.7 2.615865e+03 2.616450e+03 2.606239e+03 2.605653e+03
11.7 2.645370e+03 2.615973e+03 2.605655e+03 2.635052e+03
12.7 2.658722e+03 2.615553e+03 2.604928e+03 2.648097e+03
13.7 2.652225e+03 2.613053e+03 2.604297e+03 2.643469e+03
14.7 2.601979e+03 2.603503e+03 2.603849e+03 2.602325e+03
15.7 2.551257e+03 2.593202e+03 2.603571e+03 2.561625e+03
16.7 2.550604e+03 2.589221e+03 2.603417e+03 2.564799e+03
17.7 2.577105e+03 2.593315e+03 2.603338e+03 2.587129e+03
18.7 2.594704e+03 2.601568e+03 2.603301e+03 2.596437e+03
19.7 2.607365e+03 2.608633e+03 2.603285e+03 2.602016e+03
20.7 2.616419e+03 2.610519e+03 2.603278e+03 2.609178e+03
21.7 2.602924e+03 2.602971e+03 2.603275e+03 2.603228e+03
0.7 2.531198e+03 2.576626e+03 2.603231e+03 2.557804e+03
1.7 2.534736e+03 2.583618e+03 2.599938e+03 2.551055e+03
2.7 2.538412e+03 2.585919e+03 2.587905e+03 2.540398e+03
3.7 2.581364e+03 2.582350e+03 2.574823e+03 2.573837e+03
4.7 2.583273e+03 2.583052e+03 2.574134e+03 2.574355e+03
5.7 2.613293e+03 2.589899e+03 2.583773e+03 2.607166e+03
6.7 2.621222e+03 2.598840e+03 2.594018e+03 2.616400e+03
7.7 2.593227e+03 2.603218e+03 2.600835e+03 2.590843e+03
8.7 2.586866e+03 2.603785e+03 2.604462e+03 2.587544e+03
9.7 2.586729e+03 2.602684e+03 2.605952e+03 2.589997e+03
10.7 2.591310e+03 2.605649e+03 2.606140e+03 2.591801e+03
11.7 2.613800e+03 2.610689e+03 2.605657e+03 2.608768e+03
12.7 2.585788e+03 2.610022e+03 2.604963e+03 2.580729e+03
13.7 2.569995e+03 2.607603e+03 2.604334e+03 2.566726e+03
14.7 2.597767e+03 2.609557e+03 2.603876e+03 2.592086e+03
15.7 2.620449e+03 2.611765e+03 2.603588e+03 2.612272e+03
16.7 2.606964e+03 2.593976e+03 2.603426e+03 2.616414e+03
17.7 2.579413e+03 2.575912e+03 2.603343e+03 2.606844e+03
18.7 2.603365e+03 2.580661e+03 2.603304e+03 2.626008e+03
19.7 2.595756e+03 2.594445e+03 2.603286e+03 2.604598e+03
20.7 2.605302e+03 2.603129e+03 2.603279e+03 2.605452e+03
21.7 2.594023e+03 2.604472e+03 2.603275e+03 2.592826e+03
