0.3 9.789384e+03 9.813894e+03 9.791204e+03 9.766695e+03
1.3 9.808138e+03 9.813340e+03 9.792681e+03 9.787478e+03
2.3 9.809027e+03 9.813468e+03 9.804655e+03 9.800213e+03
3.3 9.807966e+03 9.819734e+03 9.824677e+03 9.812909e+03
4.3 9.836520e+03 9.821018e+03 9.834112e+03 9.849613e+03
5.3 9.840427e+03 9.813015e+03 9.824937e+03 9.852350e+03
6.3 9.807584e+03 9.797976e+03 9.809716e+03 9.819323e+03
7.3 9.765156e+03 9.786400e+03 9.797997e+03 9.776754e+03
8.3 9.756146e+03 9.787078e+03 9.791219e+03 9.760287e+03
9.3 9.786235e+03 9.791441e+03 9.788042e+03 9.782836e+03
10.3 9.816084e+03 9.793026e+03 9.787136e+03 9.810194e+03
11.3 9.787896e+03 9.790297e+03 9.787513e+03 9.785112e+03
12.3 9.787315e+03 9.791047e+03 9.788424e+03 9.784692e+03
13.3 9.795100e+03 9.793641e+03 9.789373e+03 9.790833e+03
14.3 9.786154e+03 9.792186e+03 9.790122e+03 9.784089e+03
15.3 9.770256e+03 9.784953e+03 9.790620e+03 9.775923e+03
16.3 9.788801e+03 9.783993e+03 9.790912e+03 9.795720e+03
17.3 9.815315e+03 9.798080e+03 9.791068e+03 9.808302e+03
18.3 9.846691e+03 9.809529e+03 9.791144e+03 9.828305e+03
19.3 9.846072e+03 9.808358e+03 9.791179e+03 9.828893e+03
20.3 9.796529e+03 9.797245e+03 9.791194e+03 9.790478e+03
21.3 9.770563e+03 9.793106e+03 9.791200e+03 9.768657e+03
1.0 9.820689e+03 9.800490e+03 9.791649e+03 9.811848e+03
2.0 9.795174e+03 9.800462e+03 9.799887e+03 9.794599e+03
3.0 9.809806e+03 9.809135e+03 9.819046e+03 9.819717e+03
4.0 9.834814e+03 9.816309e+03 9.833221e+03 9.851727e+03
5.0 9.860090e+03 9.813354e+03 9.828239e+03 9.874976e+03
6.0 9.821535e+03 9.802180e+03 9.813417e+03 9.832773e+03
7.0 9.793933e+03 9.797062e+03 9.800511e+03 9.797382e+03
8.0 9.784687e+03 9.804417e+03 9.792599e+03 9.772869e+03
9.0 9.819079e+03 9.810282e+03 9.788650e+03 9.797447e+03
10.0 9.839090e+03 9.807366e+03 9.787260e+03 9.818984e+03
11.0 9.811405e+03 9.796222e+03 9.787375e+03 9.802558e+03
12.0 9.779008e+03 9.783242e+03 9.788194e+03 9.783960e+03
13.0 9.759974e+03 9.774016e+03 9.789156e+03 9.775114e+03
14.0 9.782553e+03 9.769621e+03 9.789961e+03 9.802892e+03
15.0 9.785335e+03 9.776609e+03 9.790517e+03 9.799243e+03
16.0 9.783521e+03 9.797079e+03 9.790854e+03 9.777296e+03
17.0 9.808883e+03 9.808318e+03 9.791038e+03 9.791602e+03
18.0 9.806284e+03 9.802328e+03 9.791130e+03 9.795086e+03
19.0 9.779959e+03 9.790409e+03 9.791172e+03 9.780723e+03
20.0 9.786416e+03 9.788904e+03 9.791191e+03 9.788702e+03
21.0 9.811274e+03 9.799079e+03 9.791199e+03 9.803395e+03
22.0 9.839460e+03 9.804932e+03 9.791202e+03 9.825730e+03
0.1 9.805011e+03 9.801443e+03 9.791204e+03 9.794772e+03
1.1 9.806014e+03 9.799125e+03 9.792165e+03 9.799054e+03
2.1 9.792351e+03 9.800549e+03 9.802127e+03 9.793929e+03
3.1 9.805657e+03 9.804147e+03 9.813594e+03 9.815104e+03
4.1 9.820259e+03 9.802507e+03 9.812245e+03 9.829997e+03
5.1 9.787837e+03 9.792872e+03 9.804065e+03 9.799031e+03
6.1 9.765758e+03 9.781429e+03 9.796803e+03 9.781132e+03
7.1 9.770429e+03 9.773455e+03 9.792344e+03 9.789319e+03
8.1 9.800163e+03 9.769447e+03 9.790060e+03 9.820776e+03
9.1 9.795853e+03 9.768294e+03 9.789181e+03 9.816741e+03
10.1 9.791604e+03 9.772936e+03 9.789158e+03 9.807826e+03
11.1 9.787680e+03 9.784826e+03 9.789561e+03 9.792416e+03
12.1 9.816309e+03 9.794329e+03 9.790073e+03 9.812053e+03
13.1 9.817637e+03 9.797100e+03 9.790651e+03 9.811188e+03
14.1 9.788655e+03 9.796761e+03 9.796716e+03 9.788611e+03
15.1 9.786944e+03 9.802082e+03 9.810380e+03 9.795242e+03
16.1 9.801916e+03 9.804793e+03 9.814020e+03 9.811143e+03
17.1 9.790975e+03 9.798721e+03 9.807227e+03 9.799482e+03
18.1 9.774901e+03 9.791886e+03 9.799161e+03 9.782176e+03
19.1 9.791645e+03 9.797161e+03 9.793691e+03 9.788175e+03
20.1 9.823875e+03 9.802602e+03 9.790706e+03 9.811980e+03
21.1 9.796878e+03 9.798823e+03 9.789381e+03 9.787436e+03
0.8 9.817637e+03 9.797100e+03 9.790651e+03 9.811188e+03
1.8 9.788655e+03 9.796761e+03 9.796716e+03 9.788611e+03
2.8 9.786944e+03 9.802082e+03 9.810380e+03 9.795242e+03
3.8 9.801916e+03 9.804793e+03 9.814020e+03 9.811143e+03
4.8 9.790975e+03 9.798721e+03 9.807227e+03 9.799482e+03
5.8 9.774901e+03 9.791886e+03 9.799161e+03 9.782176e+03
6.8 9.791645e+03 9.797161e+03 9.793691e+03 9.788175e+03
7.8 9.823875e+03 9.802602e+03 9.790706e+03 9.811980e+03
8.8 9.796878e+03 9.798823e+03 9.789381e+03 9.787436e+03
9.8 9.777165e+03 9.788041e+03 9.789096e+03 9.778220e+03
10.8 9.760705e+03 9.778118e+03 9.789385e+03 9.771972e+03
11.8 9.775626e+03 9.772099e+03 9.789885e+03 9.793411e+03
12.8 9.778739e+03 9.769349e+03 9.790363e+03 9.799753e+03
13.8 9.800728e+03 9.771312e+03 9.790722e+03 9.820138e+03
14.8 9.841629e+03 9.785874e+03 9.790950e+03 9.846706e+03
15.8 9.840647e+03 9.797701e+03 9.791080e+03 9.834026e+03
16.8 9.803140e+03 9.795709e+03 9.791147e+03 9.798579e+03
17.8 9.765632e+03 9.786792e+03 9.791179e+03 9.770018e+03
18.8 9.744411e+03 9.778936e+03 9.791476e+03 9.756951e+03
19.8 9.772063e+03 9.780963e+03 9.798642e+03 9.789742e+03
20.8 9.779248e+03 9.795953e+03 9.816233e+03 9.799528e+03
21.8 9.814123e+03 9.806699e+03 9.824843e+03 9.832266e+03
0.9 9.744411e+03 9.778936e+03 9.791476e+03 9.756951e+03
1.9 9.772063e+03 9.780963e+03 9.798642e+03 9.789742e+03
2.9 9.779248e+03 9.795953e+03 9.816233e+03 9.799528e+03
3.9 9.814123e+03 9.806699e+03 9.824843e+03 9.832266e+03
4.9 9.816216e+03 9.805673e+03 9.817309e+03 9.827852e+03
5.9 9.774012e+03 9.794969e+03 9.805296e+03 9.784339e+03
6.9 9.756478e+03 9.783093e+03 9.796327e+03 9.769712e+03
7.9 9.757969e+03 9.774888e+03 9.791202e+03 9.774283e+03
8.9 9.765665e+03 9.770530e+03 9.788794e+03 9.783929e+03
9.9 9.773863e+03 9.768834e+03 9.788102e+03 9.793131e+03
10.9 9.786406e+03 9.770514e+03 9.788392e+03 9.804284e+03
11.9 9.792588e+03 9.784749e+03 9.789092e+03 9.796931e+03
12.9 9.788289e+03 9.807642e+03 9.789819e+03 9.770465e+03
13.9 9.809415e+03 9.820152e+03 9.790389e+03 9.779652e+03
14.9 9.822958e+03 9.817796e+03 9.790766e+03 9.795929e+03
15.9 9.782559e+03 9.813336e+03 9.790986e+03 9.760209e+03
16.9 9.768261e+03 9.816156e+03 9.791103e+03 9.743208e+03
17.9 9.803032e+03 9.816979e+03 9.791160e+03 9.777212e+03
18.9 9.865525e+03 9.810917e+03 9.791185e+03 9.845793e+03
19.9 9.835993e+03 9.805622e+03 9.791196e+03 9.821568e+03
20.9 9.808314e+03 9.804709e+03 9.791201e+03 9.794806e+03
21.9 9.786533e+03 9.801877e+03 9.791230e+03 9.775886e+03
0.6 9.786533e+03 9.801877e+03 9.791230e+03 9.775886e+03
1.6 9.768428e+03 9.796326e+03 9.794960e+03 9.767062e+03
2.6 9.762532e+03 9.798358e+03 9.808198e+03 9.772372e+03
3.6 9.780992e+03 9.801258e+03 9.814530e+03 9.794264e+03
4.6 9.799433e+03 9.797213e+03 9.808979e+03 9.811200e+03
5.6 9.778696e+03 9.786969e+03 9.800625e+03 9.792352e+03
6.6 9.770544e+03 9.783991e+03 9.794568e+03 9.781122e+03
7.6 9.776537e+03 9.797970e+03 9.791150e+03 9.769717e+03
8.6 9.796550e+03 9.810318e+03 9.789547e+03 9.775779e+03
9.6 9.797879e+03 9.809510e+03 9.789094e+03 9.777462e+03
10.6 9.788719e+03 9.802368e+03 9.789300e+03 9.775652e+03
11.6 9.782602e+03 9.803726e+03 9.789781e+03 9.768657e+03
12.6 9.803244e+03 9.801951e+03 9.790276e+03 9.791569e+03
13.6 9.777412e+03 9.793354e+03 9.790661e+03 9.774718e+03
14.6 9.773478e+03 9.793733e+03 9.790914e+03 9.770659e+03
15.6 9.794349e+03 9.799106e+03 9.791060e+03 9.786303e+03
16.6 9.808805e+03 9.795275e+03 9.791138e+03 9.804668e+03
17.6 9.791848e+03 9.785368e+03 9.791175e+03 9.797655e+03
18.6 9.772533e+03 9.776605e+03 9.791192e+03 9.787120e+03
19.6 9.779285e+03 9.771452e+03 9.791199e+03 9.799031e+03
20.6 9.789605e+03 9.769208e+03 9.791202e+03 9.811599e+03
21.6 9.785379e+03 9.768719e+03 9.791203e+03 9.807864e+03
0.9 9.818213e+03 9.802472e+03 9.791443e+03 9.807184e+03
1.9 9.815260e+03 9.804933e+03 9.798254e+03 9.808581e+03
2.9 9.791849e+03 9.813428e+03 9.816680e+03 9.795101e+03
3.9 9.790904e+03 9.820633e+03 9.832534e+03 9.802804e+03
4.9 9.810436e+03 9.817471e+03 9.829602e+03 9.822567e+03
5.9 9.828939e+03 9.805019e+03 9.815152e+03 9.839072e+03
6.9 9.814305e+03 9.789175e+03 9.801733e+03 9.826862e+03
7.9 9.756171e+03 9.776968e+03 9.793273e+03 9.772476e+03
8.9 9.755833e+03 9.772223e+03 9.788948e+03 9.772559e+03
9.9 9.775934e+03 9.782897e+03 9.787325e+03 9.780362e+03
10.9 9.817128e+03 9.794616e+03 9.787313e+03 9.809825e+03
11.9 9.823728e+03 9.793917e+03 9.788085e+03 9.817896e+03
12.9 9.784350e+03 9.793469e+03 9.789051e+03 9.779931e+03
13.9 9.788759e+03 9.801918e+03 9.789881e+03 9.776722e+03
14.9 9.789798e+03 9.805924e+03 9.790466e+03 9.774340e+03
15.9 9.772784e+03 9.799031e+03 9.790825e+03 9.764578e+03
16.9 9.743511e+03 9.786871e+03 9.791023e+03 9.747663e+03
17.9 9.757780e+03 9.779498e+03 9.791122e+03 9.769404e+03
18.9 9.779202e+03 9.787884e+03 9.791169e+03 9.782488e+03
19.9 9.795342e+03 9.799267e+03 9.791190e+03 9.787265e+03
20.9 9.792295e+03 9.800686e+03 9.791198e+03 9.782808e+03
21.9 9.761736e+03 9.792739e+03 9.791202e+03 9.760199e+03
0.5 9.788352e+03 9.771266e+03 9.791214e+03 9.808300e+03
1.5 9.784700e+03 9.770753e+03 9.794207e+03 9.808154e+03
2.5 9.789789e+03 9.784699e+03 9.808911e+03 9.814001e+03
3.5 9.816661e+03 9.801419e+03 9.824001e+03 9.839243e+03
4.5 9.838229e+03 9.807050e+03 9.822179e+03 9.853358e+03
5.5 9.789960e+03 9.800252e+03 9.810453e+03 9.800161e+03
6.5 9.755400e+03 9.788141e+03 9.799691e+03 9.766951e+03
7.5 9.756626e+03 9.778173e+03 9.793004e+03 9.771458e+03
8.5 9.780252e+03 9.776205e+03 9.793553e+03 9.797600e+03
9.5 9.777760e+03 9.789248e+03 9.808039e+03 9.796551e+03
10.5 9.793909e+03 9.802228e+03 9.821255e+03 9.812936e+03
11.5 9.793259e+03 9.800743e+03 9.818010e+03 9.810526e+03
12.5 9.765088e+03 9.793965e+03 9.806876e+03 9.777999e+03
13.5 9.788871e+03 9.800839e+03 9.797417e+03 9.785449e+03
14.5 9.831695e+03 9.811935e+03 9.791755e+03 9.811515e+03
15.5 9.838212e+03 9.808275e+03 9.788971e+03 9.818908e+03
16.5 9.811862e+03 9.794627e+03 9.788029e+03 9.805264e+03
17.5 9.773455e+03 9.784418e+03 9.788182e+03 9.777219e+03
18.5 9.740732e+03 9.786602e+03 9.788849e+03 9.742980e+03
19.5 9.764226e+03 9.794081e+03 9.789611e+03 9.759756e+03
20.5 9.799926e+03 9.797723e+03 9.790242e+03 9.792445e+03
21.5 9.801881e+03 9.795608e+03 9.790676e+03 9.796948e+03
0.6 9.756626e+03 9.778173e+03 9.793004e+03 9.771458e+03
1.6 9.780252e+03 9.776205e+03 9.793553e+03 9.797600e+03
2.6 9.777760e+03 9.789248e+03 9.808039e+03 9.796551e+03
3.6 9.793909e+03 9.802228e+03 9.821255e+03 9.812936e+03
4.6 9.793259e+03 9.800743e+03 9.818010e+03 9.810526e+03
5.6 9.765088e+03 9.793965e+03 9.806876e+03 9.777999e+03
6.6 9.788871e+03 9.800839e+03 9.797417e+03 9.785449e+03
7.6 9.831695e+03 9.811935e+03 9.791755e+03 9.811515e+03
8.6 9.838212e+03 9.808275e+03 9.788971e+03 9.818908e+03
9.6 9.811862e+03 9.794627e+03 9.788029e+03 9.805264e+03
10.6 9.773455e+03 9.784418e+03 9.788182e+03 9.777219e+03
11.6 9.740732e+03 9.786602e+03 9.788849e+03 9.742980e+03
12.6 9.764226e+03 9.794081e+03 9.789611e+03 9.759756e+03
13.6 9.799926e+03 9.797723e+03 9.790242e+03 9.792445e+03
14.6 9.801881e+03 9.795608e+03 9.790676e+03 9.796948e+03
15.6 9.781360e+03 9.793495e+03 9.790936e+03 9.778801e+03
16.6 9.763933e+03 9.801176e+03 9.791077e+03 9.753834e+03
17.6 9.781426e+03 9.807101e+03 9.791148e+03 9.765473e+03
18.6 9.799280e+03 9.804462e+03 9.791180e+03 9.785998e+03
19.6 9.792093e+03 9.799392e+03 9.791194e+03 9.783896e+03
20.6 9.802443e+03 9.803582e+03 9.791200e+03 9.790061e+03
21.6 9.817977e+03 9.806122e+03 9.791203e+03 9.803058e+03
0.1 9.835942e+03 9.808161e+03 9.791204e+03 9.818984e+03
1.1 9.840277e+03 9.809841e+03 9.791872e+03 9.822309e+03
2.1 9.830291e+03 9.809409e+03 9.800889e+03 9.821771e+03
3.1 9.824882e+03 9.810271e+03 9.813077e+03 9.827688e+03
4.1 9.818886e+03 9.806546e+03 9.812779e+03 9.825119e+03
5.1 9.780672e+03 9.795397e+03 9.804795e+03 9.790071e+03
6.1 9.769741e+03 9.782576e+03 9.797315e+03 9.784480e+03
7.1 9.774679e+03 9.773900e+03 9.792628e+03 9.793407e+03
8.1 9.781409e+03 9.776078e+03 9.790192e+03 9.795523e+03
9.1 9.776914e+03 9.791910e+03 9.789216e+03 9.774220e+03
10.1 9.783184e+03 9.806972e+03 9.789138e+03 9.765350e+03
11.1 9.815886e+03 9.810334e+03 9.789519e+03 9.795071e+03
12.1 9.817644e+03 9.802534e+03 9.790030e+03 9.805140e+03
