0.4 1.032150e+04 1.035180e+04 1.032888e+04 1.029858e+04
1.4 1.034507e+04 1.036535e+04 1.032908e+04 1.030879e+04
2.4 1.036240e+04 1.035435e+04 1.032975e+04 1.033780e+04
3.4 1.035751e+04 1.034931e+04 1.032997e+04 1.033817e+04
4.4 1.034899e+04 1.036038e+04 1.032966e+04 1.031827e+04
5.4 1.036745e+04 1.036376e+04 1.032945e+04 1.033314e+04
6.4 1.037439e+04 1.034666e+04 1.032986e+04 1.035759e+04
7.4 1.034169e+04 1.032407e+04 1.032996e+04 1.034757e+04
8.4 1.029194e+04 1.031309e+04 1.032959e+04 1.030844e+04
9.4 1.027183e+04 1.032106e+04 1.032918e+04 1.027996e+04
10.4 1.030971e+04 1.032879e+04 1.032916e+04 1.031008e+04
11.4 1.035576e+04 1.032346e+04 1.032971e+04 1.036200e+04
12.4 1.031745e+04 1.031721e+04 1.032984e+04 1.033008e+04
13.4 1.030654e+04 1.032262e+04 1.032954e+04 1.031346e+04
14.4 1.031398e+04 1.032458e+04 1.032967e+04 1.031907e+04
15.4 1.030128e+04 1.031752e+04 1.033000e+04 1.031376e+04
16.4 1.028948e+04 1.030911e+04 1.032979e+04 1.031015e+04
17.4 1.031633e+04 1.031357e+04 1.032935e+04 1.033211e+04
18.4 1.035700e+04 1.033961e+04 1.032901e+04 1.034641e+04
19.4 1.039838e+04 1.035587e+04 1.032910e+04 1.037161e+04
20.4 1.043793e+04 1.034574e+04 1.032969e+04 1.042188e+04
0.4 1.034899e+04 1.036038e+04 1.032966e+04 1.031827e+04
1.4 1.036745e+04 1.036376e+04 1.032945e+04 1.033314e+04
2.4 1.037439e+04 1.034666e+04 1.032986e+04 1.035759e+04
3.4 1.034169e+04 1.032407e+04 1.032996e+04 1.034757e+04
4.4 1.029194e+04 1.031309e+04 1.032959e+04 1.030844e+04
5.4 1.027183e+04 1.032106e+04 1.032918e+04 1.027996e+04
6.4 1.030971e+04 1.032879e+04 1.032916e+04 1.031008e+04
7.4 1.035576e+04 1.032346e+04 1.032971e+04 1.036200e+04
8.4 1.031745e+04 1.031721e+04 1.032984e+04 1.033008e+04
9.4 1.030654e+04 1.032262e+04 1.032954e+04 1.031346e+04
10.4 1.031398e+04 1.032458e+04 1.032967e+04 1.031907e+04
11.4 1.030128e+04 1.031752e+04 1.033000e+04 1.031376e+04
12.4 1.028948e+04 1.030911e+04 1.032979e+04 1.031015e+04
13.4 1.031633e+04 1.031357e+04 1.032935e+04 1.033211e+04
14.4 1.035700e+04 1.033961e+04 1.032901e+04 1.034641e+04
15.4 1.039838e+04 1.035587e+04 1.032910e+04 1.037161e+04
16.4 1.043793e+04 1.034574e+04 1.032969e+04 1.042188e+04
17.4 1.034118e+04 1.032710e+04 1.032982e+04 1.034389e+04
18.4 1.029499e+04 1.032536e+04 1.032949e+04 1.029912e+04
19.4 1.033366e+04 1.033771e+04 1.032914e+04 1.032509e+04
20.4 1.032794e+04 1.033383e+04 1.032893e+04 1.032304e+04
0.5 1.027183e+04 1.032106e+04 1.032918e+04 1.027996e+04
1.5 1.030971e+04 1.032879e+04 1.032916e+04 1.031008e+04
2.5 1.035576e+04 1.032346e+04 1.032971e+04 1.036200e+04
3.5 1.031745e+04 1.031721e+04 1.032984e+04 1.033008e+04
4.5 1.030654e+04 1.032262e+04 1.032954e+04 1.031346e+04
5.5 1.031398e+04 1.032458e+04 1.032967e+04 1.031907e+04
6.5 1.030128e+04 1.031752e+04 1.033000e+04 1.031376e+04
7.5 1.028948e+04 1.030911e+04 1.032979e+04 1.031015e+04
8.5 1.031633e+04 1.031357e+04 1.032935e+04 1.033211e+04
9.5 1.035700e+04 1.033961e+04 1.032901e+04 1.034641e+04
10.5 1.039838e+04 1.035587e+04 1.032910e+04 1.037161e+04
11.5 1.043793e+04 1.034574e+04 1.032969e+04 1.042188e+04
12.5 1.034118e+04 1.032710e+04 1.032982e+04 1.034389e+04
13.5 1.029499e+04 1.032536e+04 1.032949e+04 1.029912e+04
14.5 1.033366e+04 1.033771e+04 1.032914e+04 1.032509e+04
15.5 1.032794e+04 1.033383e+04 1.032893e+04 1.032304e+04
16.5 1.032264e+04 1.032499e+04 1.032882e+04 1.032647e+04
17.5 1.032085e+04 1.033864e+04 1.032877e+04 1.031099e+04
18.5 1.034979e+04 1.035594e+04 1.032890e+04 1.032274e+04
19.5 1.036338e+04 1.034981e+04 1.032958e+04 1.034315e+04
20.5 1.033689e+04 1.033948e+04 1.032992e+04 1.032733e+04
0.9 1.030654e+04 1.032262e+04 1.032954e+04 1.031346e+04
1.9 1.031398e+04 1.032458e+04 1.032967e+04 1.031907e+04
2.9 1.030128e+04 1.031752e+04 1.033000e+04 1.031376e+04
3.9 1.028948e+04 1.030911e+04 1.032979e+04 1.031015e+04
4.9 1.031633e+04 1.031357e+04 1.032935e+04 1.033211e+04
5.9 1.035700e+04 1.033961e+04 1.032901e+04 1.034641e+04
6.9 1.039838e+04 1.035587e+04 1.032910e+04 1.037161e+04
7.9 1.043793e+04 1.034574e+04 1.032969e+04 1.042188e+04
8.9 1.034118e+04 1.032710e+04 1.032982e+04 1.034389e+04
9.9 1.029499e+04 1.032536e+04 1.032949e+04 1.029912e+04
10.9 1.033366e+04 1.033771e+04 1.032914e+04 1.032509e+04
11.9 1.032794e+04 1.033383e+04 1.032893e+04 1.032304e+04
12.9 1.032264e+04 1.032499e+04 1.032882e+04 1.032647e+04
13.9 1.032085e+04 1.033864e+04 1.032877e+04 1.031099e+04
14.9 1.034979e+04 1.035594e+04 1.032890e+04 1.032274e+04
15.9 1.036338e+04 1.034981e+04 1.032958e+04 1.034315e+04
16.9 1.033689e+04 1.033948e+04 1.032992e+04 1.032733e+04
17.9 1.031339e+04 1.034185e+04 1.032968e+04 1.030121e+04
18.9 1.033836e+04 1.034407e+04 1.032941e+04 1.032371e+04
19.9 1.032939e+04 1.033400e+04 1.032979e+04 1.032518e+04
20.9 1.028290e+04 1.032990e+04 1.032998e+04 1.028297e+04
0.5 1.035700e+04 1.033961e+04 1.032901e+04 1.034641e+04
1.5 1.039838e+04 1.035587e+04 1.032910e+04 1.037161e+04
2.5 1.043793e+04 1.034574e+04 1.032969e+04 1.042188e+04
3.5 1.034118e+04 1.032710e+04 1.032982e+04 1.034389e+04
4.5 1.029499e+04 1.032536e+04 1.032949e+04 1.029912e+04
5.5 1.033366e+04 1.033771e+04 1.032914e+04 1.032509e+04
6.5 1.032794e+04 1.033383e+04 1.032893e+04 1.032304e+04
7.5 1.032264e+04 1.032499e+04 1.032882e+04 1.032647e+04
8.5 1.032085e+04 1.033864e+04 1.032877e+04 1.031099e+04
9.5 1.034979e+04 1.035594e+04 1.032890e+04 1.032274e+04
10.5 1.036338e+04 1.034981e+04 1.032958e+04 1.034315e+04
11.5 1.033689e+04 1.033948e+04 1.032992e+04 1.032733e+04
12.5 1.031339e+04 1.034185e+04 1.032968e+04 1.030121e+04
13.5 1.033836e+04 1.034407e+04 1.032941e+04 1.032371e+04
14.5 1.032939e+04 1.033400e+04 1.032979e+04 1.032518e+04
15.5 1.028290e+04 1.032990e+04 1.032998e+04 1.028297e+04
16.5 1.032569e+04 1.034511e+04 1.032965e+04 1.031022e+04
17.5 1.037819e+04 1.035892e+04 1.032931e+04 1.034858e+04
18.5 1.039304e+04 1.035011e+04 1.032964e+04 1.037257e+04
19.5 1.034222e+04 1.033085e+04 1.032992e+04 1.034129e+04
20.5 1.032586e+04 1.032876e+04 1.032965e+04 1.032675e+04
0.3 1.032085e+04 1.033864e+04 1.032877e+04 1.031099e+04
1.3 1.034979e+04 1.035594e+04 1.032890e+04 1.032274e+04
2.3 1.036338e+04 1.034981e+04 1.032958e+04 1.034315e+04
3.3 1.033689e+04 1.033948e+04 1.032992e+04 1.032733e+04
4.3 1.031339e+04 1.034185e+04 1.032968e+04 1.030121e+04
5.3 1.033836e+04 1.034407e+04 1.032941e+04 1.032371e+04
6.3 1.032939e+04 1.033400e+04 1.032979e+04 1.032518e+04
7.3 1.028290e+04 1.032990e+04 1.032998e+04 1.028297e+04
8.3 1.032569e+04 1.034511e+04 1.032965e+04 1.031022e+04
9.3 1.037819e+04 1.035892e+04 1.032931e+04 1.034858e+04
10.3 1.039304e+04 1.035011e+04 1.032964e+04 1.037257e+04
11.3 1.034222e+04 1.033085e+04 1.032992e+04 1.034129e+04
12.3 1.032586e+04 1.032876e+04 1.032965e+04 1.032675e+04
13.3 1.031953e+04 1.034766e+04 1.032925e+04 1.030111e+04
14.3 1.038736e+04 1.035967e+04 1.032911e+04 1.035680e+04
15.3 1.038169e+04 1.034771e+04 1.032962e+04 1.036360e+04
16.3 1.034558e+04 1.032650e+04 1.032987e+04 1.034894e+04
17.3 1.030372e+04 1.030994e+04 1.032958e+04 1.032336e+04
18.3 1.027591e+04 1.030061e+04 1.032920e+04 1.030450e+04
19.3 1.030318e+04 1.029710e+04 1.032895e+04 1.033503e+04
20.3 1.033189e+04 1.030860e+04 1.032882e+04 1.035211e+04
0.2 1.031339e+04 1.034185e+04 1.032968e+04 1.030121e+04
1.2 1.033836e+04 1.034407e+04 1.032941e+04 1.032371e+04
2.2 1.032939e+04 1.033400e+04 1.032979e+04 1.032518e+04
3.2 1.028290e+04 1.032990e+04 1.032998e+04 1.028297e+04
4.2 1.032569e+04 1.034511e+04 1.032965e+04 1.031022e+04
5.2 1.037819e+04 1.035892e+04 1.032931e+04 1.034858e+04
6.2 1.039304e+04 1.035011e+04 1.032964e+04 1.037257e+04
7.2 1.034222e+04 1.033085e+04 1.032992e+04 1.034129e+04
8.2 1.032586e+04 1.032876e+04 1.032965e+04 1.032675e+04
9.2 1.031953e+04 1.034766e+04 1.032925e+04 1.030111e+04
10.2 1.038736e+04 1.035967e+04 1.032911e+04 1.035680e+04
11.2 1.038169e+04 1.034771e+04 1.032962e+04 1.036360e+04
12.2 1.034558e+04 1.032650e+04 1.032987e+04 1.034894e+04
13.2 1.030372e+04 1.030994e+04 1.032958e+04 1.032336e+04
14.2 1.027591e+04 1.030061e+04 1.032920e+04 1.030450e+04
15.2 1.030318e+04 1.029710e+04 1.032895e+04 1.033503e+04
16.2 1.033189e+04 1.030860e+04 1.032882e+04 1.035211e+04
17.2 1.032003e+04 1.033853e+04 1.032877e+04 1.031027e+04
18.2 1.034113e+04 1.035282e+04 1.032876e+04 1.031706e+04
19.2 1.034346e+04 1.034033e+04 1.032878e+04 1.033191e+04
20.2 1.028851e+04 1.032283e+04 1.032881e+04 1.029449e+04
0.1 1.032569e+04 1.034511e+04 1.032965e+04 1.031022e+04
1.1 1.037819e+04 1.035892e+04 1.032931e+04 1.034858e+04
2.1 1.039304e+04 1.035011e+04 1.032964e+04 1.037257e+04
3.1 1.034222e+04 1.033085e+04 1.032992e+04 1.034129e+04
4.1 1.032586e+04 1.032876e+04 1.032965e+04 1.032675e+04
5.1 1.031953e+04 1.034766e+04 1.032925e+04 1.030111e+04
6.1 1.038736e+04 1.035967e+04 1.032911e+04 1.035680e+04
7.1 1.038169e+04 1.034771e+04 1.032962e+04 1.036360e+04
8.1 1.034558e+04 1.032650e+04 1.032987e+04 1.034894e+04
9.1 1.030372e+04 1.030994e+04 1.032958e+04 1.032336e+04
10.1 1.027591e+04 1.030061e+04 1.032920e+04 1.030450e+04
11.1 1.030318e+04 1.029710e+04 1.032895e+04 1.033503e+04
12.1 1.033189e+04 1.030860e+04 1.032882e+04 1.035211e+04
13.1 1.032003e+04 1.033853e+04 1.032877e+04 1.031027e+04
14.1 1.034113e+04 1.035282e+04 1.032876e+04 1.031706e+04
15.1 1.034346e+04 1.034033e+04 1.032878e+04 1.033191e+04
16.1 1.028851e+04 1.032283e+04 1.032881e+04 1.029449e+04
17.1 1.032064e+04 1.032401e+04 1.032883e+04 1.032547e+04
18.1 1.036430e+04 1.034289e+04 1.032887e+04 1.035028e+04
19.1 1.037557e+04 1.034744e+04 1.032932e+04 1.035746e+04
20.1 1.035858e+04 1.033340e+04 1.032992e+04 1.035511e+04
0.3 1.031953e+04 1.034766e+04 1.032925e+04 1.030111e+04
1.3 1.038736e+04 1.035967e+04 1.032911e+04 1.035680e+04
2.3 1.038169e+04 1.034771e+04 1.032962e+04 1.036360e+04
3.3 1.034558e+04 1.032650e+04 1.032987e+04 1.034894e+04
4.3 1.030372e+04 1.030994e+04 1.032958e+04 1.032336e+04
5.3 1.027591e+04 1.030061e+04 1.032920e+04 1.030450e+04
6.3 1.030318e+04 1.029710e+04 1.032895e+04 1.033503e+04
7.3 1.033189e+04 1.030860e+04 1.032882e+04 1.035211e+04
8.3 1.032003e+04 1.033853e+04 1.032877e+04 1.031027e+04
9.3 1.034113e+04 1.035282e+04 1.032876e+04 1.031706e+04
10.3 1.034346e+04 1.034033e+04 1.032878e+04 1.033191e+04
11.3 1.028851e+04 1.032283e+04 1.032881e+04 1.029449e+04
12.3 1.032064e+04 1.032401e+04 1.032883e+04 1.032547e+04
13.3 1.036430e+04 1.034289e+04 1.032887e+04 1.035028e+04
14.3 1.037557e+04 1.034744e+04 1.032932e+04 1.035746e+04
15.3 1.035858e+04 1.033340e+04 1.032992e+04 1.035511e+04
16.3 1.030418e+04 1.031681e+04 1.032988e+04 1.031725e+04
17.3 1.031018e+04 1.031153e+04 1.032949e+04 1.032815e+04
18.3 1.030515e+04 1.032944e+04 1.032915e+04 1.030486e+04
19.3 1.032709e+04 1.035484e+04 1.032894e+04 1.030119e+04
20.3 1.034773e+04 1.035869e+04 1.032922e+04 1.031826e+04
0.8 1.036430e+04 1.034289e+04 1.032887e+04 1.035028e+04
1.8 1.037557e+04 1.034744e+04 1.032932e+04 1.035746e+04
2.8 1.035858e+04 1.033340e+04 1.032992e+04 1.035511e+04
3.8 1.030418e+04 1.031681e+04 1.032988e+04 1.031725e+04
4.8 1.031018e+04 1.031153e+04 1.032949e+04 1.032815e+04
5.8 1.030515e+04 1.032944e+04 1.032915e+04 1.030486e+04
6.8 1.032709e+04 1.035484e+04 1.032894e+04 1.030119e+04
7.8 1.034773e+04 1.035869e+04 1.032922e+04 1.031826e+04
8.8 1.034029e+04 1.034123e+04 1.032981e+04 1.032887e+04
9.8 1.029133e+04 1.032101e+04 1.032981e+04 1.030013e+04
10.8 1.026649e+04 1.030713e+04 1.032945e+04 1.028881e+04
11.8 1.027110e+04 1.030070e+04 1.032912e+04 1.029952e+04
12.8 1.031305e+04 1.031221e+04 1.032892e+04 1.032976e+04
13.8 1.033107e+04 1.033233e+04 1.032881e+04 1.032756e+04
14.8 1.034045e+04 1.033232e+04 1.032878e+04 1.033691e+04
15.8 1.034246e+04 1.032066e+04 1.032878e+04 1.035058e+04
16.8 1.033610e+04 1.032247e+04 1.032880e+04 1.034242e+04
17.8 1.033020e+04 1.034595e+04 1.032882e+04 1.031307e+04
18.8 1.034514e+04 1.035653e+04 1.032884e+04 1.031745e+04
19.8 1.032266e+04 1.034137e+04 1.032886e+04 1.031015e+04
20.8 1.027613e+04 1.032103e+04 1.032887e+04 1.028397e+04
0.7 1.032709e+04 1.035484e+04 1.032894e+04 1.030119e+04
1.7 1.034773e+04 1.035869e+04 1.032922e+04 1.031826e+04
2.7 1.034029e+04 1.034123e+04 1.032981e+04 1.032887e+04
3.7 1.029133e+04 1.032101e+04 1.032981e+04 1.030013e+04
4.7 1.026649e+04 1.030713e+04 1.032945e+04 1.028881e+04
5.7 1.027110e+04 1.030070e+04 1.032912e+04 1.029952e+04
6.7 1.031305e+04 1.031221e+04 1.032892e+04 1.032976e+04
7.7 1.033107e+04 1.033233e+04 1.032881e+04 1.032756e+04
8.7 1.034045e+04 1.033232e+04 1.032878e+04 1.033691e+04
9.7 1.034246e+04 1.032066e+04 1.032878e+04 1.035058e+04
10.7 1.033610e+04 1.032247e+04 1.032880e+04 1.034242e+04
11.7 1.033020e+04 1.034595e+04 1.032882e+04 1.031307e+04
12.7 1.034514e+04 1.035653e+04 1.032884e+04 1.031745e+04
13.7 1.032266e+04 1.034137e+04 1.032886e+04 1.031015e+04
14.7 1.027613e+04 1.032103e+04 1.032887e+04 1.028397e+04
15.7 1.030556e+04 1.030726e+04 1.032887e+04 1.032718e+04
16.7 1.033099e+04 1.030013e+04 1.032888e+04 1.035973e+04
17.7 1.030765e+04 1.029723e+04 1.032888e+04 1.033929e+04
18.7 1.030561e+04 1.029681e+04 1.032888e+04 1.033768e+04
19.7 1.031350e+04 1.030040e+04 1.032888e+04 1.034198e+04
20.7 1.032529e+04 1.032204e+04 1.032888e+04 1.033212e+04
1.0 1.031240e+04 1.035091e+04 1.032892e+04 1.029041e+04
2.0 1.038645e+04 1.035481e+04 1.032949e+04 1.036112e+04
3.0 1.033550e+04 1.034443e+04 1.032997e+04 1.032104e+04
4.0 1.032098e+04 1.033939e+04 1.032989e+04 1.031148e+04
5.0 1.031153e+04 1.033042e+04 1.033010e+04 1.031122e+04
6.0 1.032780e+04 1.032062e+04 1.033020e+04 1.033737e+04
7.0 1.033666e+04 1.033004e+04 1.032980e+04 1.033642e+04
8.0 1.033907e+04 1.035301e+04 1.032931e+04 1.031537e+04
9.0 1.037165e+04 1.036012e+04 1.032925e+04 1.034079e+04
10.0 1.037202e+04 1.034577e+04 1.032975e+04 1.035601e+04
11.0 1.030758e+04 1.033654e+04 1.032980e+04 1.030084e+04
12.0 1.033840e+04 1.034107e+04 1.032945e+04 1.032678e+04
13.0 1.034849e+04 1.034197e+04 1.032930e+04 1.033583e+04
14.0 1.035642e+04 1.033138e+04 1.032977e+04 1.035482e+04
15.0 1.031742e+04 1.033032e+04 1.032989e+04 1.031698e+04
16.0 1.036311e+04 1.033612e+04 1.032975e+04 1.035674e+04
17.0 1.034968e+04 1.032953e+04 1.033005e+04 1.035020e+04
18.0 1.032110e+04 1.031631e+04 1.033000e+04 1.033479e+04
19.0 1.029576e+04 1.030582e+04 1.032956e+04 1.031950e+04
20.0 1.029913e+04 1.030016e+04 1.032914e+04 1.032811e+04
21.0 1.031748e+04 1.029795e+04 1.032888e+04 1.034840e+04
0.1 1.033550e+04 1.034443e+04 1.032997e+04 1.032104e+04
1.1 1.032098e+04 1.033939e+04 1.032989e+04 1.031148e+04
2.1 1.031153e+04 1.033042e+04 1.033010e+04 1.031122e+04
3.1 1.032780e+04 1.032062e+04 1.033020e+04 1.033737e+04
4.1 1.033666e+04 1.033004e+04 1.032980e+04 1.033642e+04
5.1 1.033907e+04 1.035301e+04 1.032931e+04 1.031537e+04
6.1 1.037165e+04 1.036012e+04 1.032925e+04 1.034079e+04
7.1 1.037202e+04 1.034577e+04 1.032975e+04 1.035601e+04
8.1 1.030758e+04 1.033654e+04 1.032980e+04 1.030084e+04
9.1 1.033840e+04 1.034107e+04 1.032945e+04 1.032678e+04
10.1 1.034849e+04 1.034197e+04 1.032930e+04 1.033583e+04
11.1 1.035642e+04 1.033138e+04 1.032977e+04 1.035482e+04
12.1 1.031742e+04 1.033032e+04 1.032989e+04 1.031698e+04
13.1 1.036311e+04 1.033612e+04 1.032975e+04 1.035674e+04
14.1 1.034968e+04 1.032953e+04 1.033005e+04 1.035020e+04
15.1 1.032110e+04 1.031631e+04 1.033000e+04 1.033479e+04
16.1 1.029576e+04 1.030582e+04 1.032956e+04 1.031950e+04
17.1 1.029913e+04 1.030016e+04 1.032914e+04 1.032811e+04
18.1 1.031748e+04 1.029795e+04 1.032888e+04 1.034840e+04
19.1 1.030102e+04 1.029799e+04 1.032876e+04 1.033178e+04
20.1 1.031349e+04 1.030579e+04 1.032873e+04 1.033643e+04
0.5 1.033907e+04 1.035301e+04 1.032931e+04 1.031537e+04
1.5 1.037165e+04 1.036012e+04 1.032925e+04 1.034079e+04
2.5 1.037202e+04 1.034577e+04 1.032975e+04 1.035601e+04
3.5 1.030758e+04 1.033654e+04 1.032980e+04 1.030084e+04
4.5 1.033840e+04 1.034107e+04 1.032945e+04 1.032678e+04
5.5 1.034849e+04 1.034197e+04 1.032930e+04 1.033583e+04
6.5 1.035642e+04 1.033138e+04 1.032977e+04 1.035482e+04
7.5 1.031742e+04 1.033032e+04 1.032989e+04 1.031698e+04
8.5 1.036311e+04 1.033612e+04 1.032975e+04 1.035674e+04
9.5 1.034968e+04 1.032953e+04 1.033005e+04 1.035020e+04
10.5 1.032110e+04 1.031631e+04 1.033000e+04 1.033479e+04
11.5 1.029576e+04 1.030582e+04 1.032956e+04 1.031950e+04
12.5 1.029913e+04 1.030016e+04 1.032914e+04 1.032811e+04
13.5 1.031748e+04 1.029795e+04 1.032888e+04 1.034840e+04
14.5 1.030102e+04 1.029799e+04 1.032876e+04 1.033178e+04
15.5 1.031349e+04 1.030579e+04 1.032873e+04 1.033643e+04
16.5 1.033133e+04 1.032418e+04 1.032874e+04 1.033589e+04
17.5 1.038277e+04 1.033401e+04 1.032909e+04 1.037785e+04
18.5 1.035147e+04 1.032827e+04 1.032978e+04 1.035298e+04
19.5 1.029581e+04 1.032523e+04 1.032989e+04 1.030048e+04
20.5 1.030932e+04 1.033548e+04 1.032961e+04 1.030344e+04
0.4 1.033840e+04 1.034107e+04 1.032945e+04 1.032678e+04
1.4 1.034849e+04 1.034197e+04 1.032930e+04 1.033583e+04
2.4 1.035642e+04 1.033138e+04 1.032977e+04 1.035482e+04
3.4 1.031742e+04 1.033032e+04 1.032989e+04 1.031698e+04
4.4 1.036311e+04 1.033612e+04 1.032975e+04 1.035674e+04
5.4 1.034968e+04 1.032953e+04 1.033005e+04 1.035020e+04
6.4 1.032110e+04 1.031631e+04 1.033000e+04 1.033479e+04
7.4 1.029576e+04 1.030582e+04 1.032956e+04 1.031950e+04
8.4 1.029913e+04 1.030016e+04 1.032914e+04 1.032811e+04
9.4 1.031748e+04 1.029795e+04 1.032888e+04 1.034840e+04
10.4 1.030102e+04 1.029799e+04 1.032876e+04 1.033178e+04
11.4 1.031349e+04 1.030579e+04 1.032873e+04 1.033643e+04
12.4 1.033133e+04 1.032418e+04 1.032874e+04 1.033589e+04
13.4 1.038277e+04 1.033401e+04 1.032909e+04 1.037785e+04
14.4 1.035147e+04 1.032827e+04 1.032978e+04 1.035298e+04
15.4 1.029581e+04 1.032523e+04 1.032989e+04 1.030048e+04
16.4 1.030932e+04 1.033548e+04 1.032961e+04 1.030344e+04
17.4 1.032147e+04 1.033584e+04 1.032984e+04 1.031547e+04
18.4 1.029304e+04 1.032418e+04 1.033006e+04 1.029893e+04
19.4 1.030861e+04 1.031893e+04 1.032975e+04 1.031944e+04
20.4 1.031847e+04 1.033347e+04 1.032933e+04 1.031433e+04
0.4 1.031742e+04 1.033032e+04 1.032989e+04 1.031698e+04
1.4 1.036311e+04 1.033612e+04 1.032975e+04 1.035674e+04
2.4 1.034968e+04 1.032953e+04 1.033005e+04 1.035020e+04
3.4 1.032110e+04 1.031631e+04 1.033000e+04 1.033479e+04
4.4 1.029576e+04 1.030582e+04 1.032956e+04 1.031950e+04
5.4 1.029913e+04 1.030016e+04 1.032914e+04 1.032811e+04
6.4 1.031748e+04 1.029795e+04 1.032888e+04 1.034840e+04
7.4 1.030102e+04 1.029799e+04 1.032876e+04 1.033178e+04
8.4 1.031349e+04 1.030579e+04 1.032873e+04 1.033643e+04
9.4 1.033133e+04 1.032418e+04 1.032874e+04 1.033589e+04
10.4 1.038277e+04 1.033401e+04 1.032909e+04 1.037785e+04
11.4 1.035147e+04 1.032827e+04 1.032978e+04 1.035298e+04
12.4 1.029581e+04 1.032523e+04 1.032989e+04 1.030048e+04
13.4 1.030932e+04 1.033548e+04 1.032961e+04 1.030344e+04
14.4 1.032147e+04 1.033584e+04 1.032984e+04 1.031547e+04
15.4 1.029304e+04 1.032418e+04 1.033006e+04 1.029893e+04
16.4 1.030861e+04 1.031893e+04 1.032975e+04 1.031944e+04
17.4 1.031847e+04 1.033347e+04 1.032933e+04 1.031433e+04
18.4 1.037692e+04 1.033940e+04 1.032953e+04 1.036705e+04
19.4 1.035209e+04 1.032864e+04 1.032990e+04 1.035335e+04
20.4 1.030153e+04 1.031474e+04 1.032972e+04 1.031651e+04
0.6 1.033133e+04 1.032418e+04 1.032874e+04 1.033589e+04
1.6 1.038277e+04 1.033401e+04 1.032909e+04 1.037785e+04
2.6 1.035147e+04 1.032827e+04 1.032978e+04 1.035298e+04
3.6 1.029581e+04 1.032523e+04 1.032989e+04 1.030048e+04
4.6 1.030932e+04 1.033548e+04 1.032961e+04 1.030344e+04
5.6 1.032147e+04 1.033584e+04 1.032984e+04 1.031547e+04
6.6 1.029304e+04 1.032418e+04 1.033006e+04 1.029893e+04
7.6 1.030861e+04 1.031893e+04 1.032975e+04 1.031944e+04
8.6 1.031847e+04 1.033347e+04 1.032933e+04 1.031433e+04
9.6 1.037692e+04 1.033940e+04 1.032953e+04 1.036705e+04
10.6 1.035209e+04 1.032864e+04 1.032990e+04 1.035335e+04
11.6 1.030153e+04 1.031474e+04 1.032972e+04 1.031651e+04
12.6 1.030989e+04 1.030526e+04 1.032931e+04 1.033395e+04
13.6 1.030525e+04 1.030037e+04 1.032900e+04 1.033389e+04
14.6 1.031433e+04 1.029845e+04 1.032884e+04 1.034472e+04
15.6 1.034214e+04 1.030213e+04 1.032877e+04 1.036877e+04
16.6 1.040199e+04 1.032310e+04 1.032875e+04 1.040764e+04
17.6 1.038002e+04 1.033766e+04 1.032877e+04 1.037113e+04
18.6 1.035821e+04 1.033076e+04 1.032879e+04 1.035625e+04
19.6 1.032505e+04 1.031755e+04 1.032882e+04 1.033632e+04
20.6 1.028187e+04 1.030828e+04 1.032885e+04 1.030244e+04
0.1 1.029581e+04 1.032523e+04 1.032989e+04 1.030048e+04
1.1 1.030932e+04 1.033548e+04 1.032961e+04 1.030344e+04
2.1 1.032147e+04 1.033584e+04 1.032984e+04 1.031547e+04
3.1 1.029304e+04 1.032418e+04 1.033006e+04 1.029893e+04
4.1 1.030861e+04 1.031893e+04 1.032975e+04 1.031944e+04
5.1 1.031847e+04 1.033347e+04 1.032933e+04 1.031433e+04
6.1 1.037692e+04 1.033940e+04 1.032953e+04 1.036705e+04
7.1 1.035209e+04 1.032864e+04 1.032990e+04 1.035335e+04
8.1 1.030153e+04 1.031474e+04 1.032972e+04 1.031651e+04
9.1 1.030989e+04 1.030526e+04 1.032931e+04 1.033395e+04
10.1 1.030525e+04 1.030037e+04 1.032900e+04 1.033389e+04
11.1 1.031433e+04 1.029845e+04 1.032884e+04 1.034472e+04
12.1 1.034214e+04 1.030213e+04 1.032877e+04 1.036877e+04
13.1 1.040199e+04 1.032310e+04 1.032875e+04 1.040764e+04
14.1 1.038002e+04 1.033766e+04 1.032877e+04 1.037113e+04
15.1 1.035821e+04 1.033076e+04 1.032879e+04 1.035625e+04
16.1 1.032505e+04 1.031755e+04 1.032882e+04 1.033632e+04
17.1 1.028187e+04 1.030828e+04 1.032885e+04 1.030244e+04
18.1 1.031587e+04 1.031300e+04 1.032886e+04 1.033172e+04
19.1 1.033211e+04 1.033534e+04 1.032887e+04 1.032564e+04
20.1 1.034673e+04 1.034709e+04 1.032919e+04 1.032883e+04
0.9 1.031847e+04 1.033347e+04 1.032933e+04 1.031433e+04
1.9 1.037692e+04 1.033940e+04 1.032953e+04 1.036705e+04
2.9 1.035209e+04 1.032864e+04 1.032990e+04 1.035335e+04
3.9 1.030153e+04 1.031474e+04 1.032972e+04 1.031651e+04
4.9 1.030989e+04 1.030526e+04 1.032931e+04 1.033395e+04
5.9 1.030525e+04 1.030037e+04 1.032900e+04 1.033389e+04
6.9 1.031433e+04 1.029845e+04 1.032884e+04 1.034472e+04
7.9 1.034214e+04 1.030213e+04 1.032877e+04 1.036877e+04
8.9 1.040199e+04 1.032310e+04 1.032875e+04 1.040764e+04
9.9 1.038002e+04 1.033766e+04 1.032877e+04 1.037113e+04
10.9 1.035821e+04 1.033076e+04 1.032879e+04 1.035625e+04
11.9 1.032505e+04 1.031755e+04 1.032882e+04 1.033632e+04
12.9 1.028187e+04 1.030828e+04 1.032885e+04 1.030244e+04
13.9 1.031587e+04 1.031300e+04 1.032886e+04 1.033172e+04
14.9 1.033211e+04 1.033534e+04 1.032887e+04 1.032564e+04
15.9 1.034673e+04 1.034709e+04 1.032919e+04 1.032883e+04
16.9 1.033342e+04 1.033741e+04 1.032985e+04 1.032586e+04
17.9 1.026056e+04 1.032129e+04 1.032994e+04 1.026920e+04
18.9 1.029879e+04 1.030905e+04 1.032957e+04 1.031931e+04
19.9 1.028961e+04 1.030207e+04 1.032921e+04 1.031674e+04
20.9 1.030030e+04 1.029884e+04 1.032897e+04 1.033043e+04
0.6 1.033211e+04 1.033534e+04 1.032887e+04 1.032564e+04
1.6 1.034673e+04 1.034709e+04 1.032919e+04 1.032883e+04
2.6 1.033342e+04 1.033741e+04 1.032985e+04 1.032586e+04
3.6 1.026056e+04 1.032129e+04 1.032994e+04 1.026920e+04
4.6 1.029879e+04 1.030905e+04 1.032957e+04 1.031931e+04
5.6 1.028961e+04 1.030207e+04 1.032921e+04 1.031674e+04
6.6 1.030030e+04 1.029884e+04 1.032897e+04 1.033043e+04
7.6 1.034805e+04 1.029798e+04 1.032884e+04 1.037891e+04
8.6 1.036474e+04 1.030119e+04 1.032879e+04 1.039234e+04
9.6 1.034079e+04 1.032287e+04 1.032878e+04 1.034669e+04
10.6 1.033615e+04 1.035743e+04 1.032880e+04 1.030752e+04
11.6 1.035124e+04 1.037331e+04 1.032902e+04 1.030695e+04
12.6 1.039076e+04 1.035998e+04 1.032972e+04 1.036050e+04
13.6 1.034425e+04 1.035051e+04 1.032995e+04 1.032369e+04
14.6 1.033841e+04 1.036020e+04 1.032965e+04 1.030785e+04
15.6 1.037438e+04 1.036546e+04 1.032941e+04 1.033834e+04
16.6 1.041602e+04 1.035018e+04 1.032981e+04 1.039564e+04
17.6 1.035809e+04 1.033959e+04 1.032996e+04 1.034846e+04
18.6 1.034379e+04 1.034104e+04 1.032976e+04 1.033250e+04
19.6 1.032748e+04 1.033279e+04 1.033002e+04 1.032470e+04
20.6 1.031382e+04 1.032283e+04 1.033005e+04 1.032104e+04
0.4 1.033615e+04 1.035743e+04 1.032880e+04 1.030752e+04
1.4 1.035124e+04 1.037331e+04 1.032902e+04 1.030695e+04
2.4 1.039076e+04 1.035998e+04 1.032972e+04 1.036050e+04
3.4 1.034425e+04 1.035051e+04 1.032995e+04 1.032369e+04
4.4 1.033841e+04 1.036020e+04 1.032965e+04 1.030785e+04
5.4 1.037438e+04 1.036546e+04 1.032941e+04 1.033834e+04
6.4 1.041602e+04 1.035018e+04 1.032981e+04 1.039564e+04
7.4 1.035809e+04 1.033959e+04 1.032996e+04 1.034846e+04
8.4 1.034379e+04 1.034104e+04 1.032976e+04 1.033250e+04
9.4 1.032748e+04 1.033279e+04 1.033002e+04 1.032470e+04
10.4 1.031382e+04 1.032283e+04 1.033005e+04 1.032104e+04
11.4 1.030125e+04 1.032939e+04 1.032966e+04 1.030151e+04
12.4 1.032476e+04 1.033237e+04 1.032969e+04 1.032208e+04
13.4 1.032907e+04 1.032278e+04 1.032997e+04 1.033626e+04
14.4 1.030146e+04 1.031109e+04 1.032976e+04 1.032013e+04
15.4 1.029801e+04 1.031272e+04 1.032932e+04 1.031460e+04
16.4 1.029378e+04 1.033719e+04 1.032899e+04 1.028558e+04
17.4 1.033587e+04 1.035426e+04 1.032904e+04 1.031066e+04
18.4 1.033318e+04 1.034529e+04 1.032965e+04 1.031754e+04
19.4 1.032379e+04 1.033340e+04 1.032982e+04 1.032021e+04
20.4 1.030474e+04 1.034061e+04 1.032951e+04 1.029364e+04
0.3 1.033841e+04 1.036020e+04 1.032965e+04 1.030785e+04
1.3 1.037438e+04 1.036546e+04 1.032941e+04 1.033834e+04
2.3 1.041602e+04 1.035018e+04 1.032981e+04 1.039564e+04
3.3 1.035809e+04 1.033959e+04 1.032996e+04 1.034846e+04
4.3 1.034379e+04 1.034104e+04 1.032976e+04 1.033250e+04
5.3 1.032748e+04 1.033279e+04 1.033002e+04 1.032470e+04
6.3 1.031382e+04 1.032283e+04 1.033005e+04 1.032104e+04
7.3 1.030125e+04 1.032939e+04 1.032966e+04 1.030151e+04
8.3 1.032476e+04 1.033237e+04 1.032969e+04 1.032208e+04
9.3 1.032907e+04 1.032278e+04 1.032997e+04 1.033626e+04
10.3 1.030146e+04 1.031109e+04 1.032976e+04 1.032013e+04
11.3 1.029801e+04 1.031272e+04 1.032932e+04 1.031460e+04
12.3 1.029378e+04 1.033719e+04 1.032899e+04 1.028558e+04
13.3 1.033587e+04 1.035426e+04 1.032904e+04 1.031066e+04
14.3 1.033318e+04 1.034529e+04 1.032965e+04 1.031754e+04
15.3 1.032379e+04 1.033340e+04 1.032982e+04 1.032021e+04
16.3 1.030474e+04 1.034061e+04 1.032951e+04 1.029364e+04
17.3 1.033088e+04 1.034021e+04 1.032916e+04 1.031984e+04
18.3 1.027418e+04 1.032721e+04 1.032893e+04 1.027590e+04
19.3 1.030400e+04 1.033015e+04 1.032882e+04 1.030267e+04
20.3 1.033493e+04 1.033998e+04 1.032877e+04 1.032372e+04
0.3 1.035809e+04 1.033959e+04 1.032996e+04 1.034846e+04
1.3 1.034379e+04 1.034104e+04 1.032976e+04 1.033250e+04
2.3 1.032748e+04 1.033279e+04 1.033002e+04 1.032470e+04
3.3 1.031382e+04 1.032283e+04 1.033005e+04 1.032104e+04
4.3 1.030125e+04 1.032939e+04 1.032966e+04 1.030151e+04
5.3 1.032476e+04 1.033237e+04 1.032969e+04 1.032208e+04
6.3 1.032907e+04 1.032278e+04 1.032997e+04 1.033626e+04
7.3 1.030146e+04 1.031109e+04 1.032976e+04 1.032013e+04
8.3 1.029801e+04 1.031272e+04 1.032932e+04 1.031460e+04
9.3 1.029378e+04 1.033719e+04 1.032899e+04 1.028558e+04
10.3 1.033587e+04 1.035426e+04 1.032904e+04 1.031066e+04
11.3 1.033318e+04 1.034529e+04 1.032965e+04 1.031754e+04
12.3 1.032379e+04 1.033340e+04 1.032982e+04 1.032021e+04
13.3 1.030474e+04 1.034061e+04 1.032951e+04 1.029364e+04
14.3 1.033088e+04 1.034021e+04 1.032916e+04 1.031984e+04
15.3 1.027418e+04 1.032721e+04 1.032893e+04 1.027590e+04
16.3 1.030400e+04 1.033015e+04 1.032882e+04 1.030267e+04
17.3 1.033493e+04 1.033998e+04 1.032877e+04 1.032372e+04
18.3 1.034360e+04 1.033198e+04 1.032877e+04 1.034039e+04
19.3 1.033333e+04 1.031666e+04 1.032879e+04 1.034545e+04
20.3 1.029460e+04 1.030553e+04 1.032881e+04 1.031789e+04
0.9 1.030125e+04 1.032939e+04 1.032966e+04 1.030151e+04
1.9 1.032476e+04 1.033237e+04 1.032969e+04 1.032208e+04
2.9 1.032907e+04 1.032278e+04 1.032997e+04 1.033626e+04
3.9 1.030146e+04 1.031109e+04 1.032976e+04 1.032013e+04
4.9 1.029801e+04 1.031272e+04 1.032932e+04 1.031460e+04
5.9 1.029378e+04 1.033719e+04 1.032899e+04 1.028558e+04
6.9 1.033587e+04 1.035426e+04 1.032904e+04 1.031066e+04
7.9 1.033318e+04 1.034529e+04 1.032965e+04 1.031754e+04
8.9 1.032379e+04 1.033340e+04 1.032982e+04 1.032021e+04
9.9 1.030474e+04 1.034061e+04 1.032951e+04 1.029364e+04
10.9 1.033088e+04 1.034021e+04 1.032916e+04 1.031984e+04
11.9 1.027418e+04 1.032721e+04 1.032893e+04 1.027590e+04
12.9 1.030400e+04 1.033015e+04 1.032882e+04 1.030267e+04
13.9 1.033493e+04 1.033998e+04 1.032877e+04 1.032372e+04
14.9 1.034360e+04 1.033198e+04 1.032877e+04 1.034039e+04
15.9 1.033333e+04 1.031666e+04 1.032879e+04 1.034545e+04
16.9 1.029460e+04 1.030553e+04 1.032881e+04 1.031789e+04
17.9 1.030216e+04 1.029990e+04 1.032884e+04 1.033110e+04
18.9 1.034677e+04 1.029778e+04 1.032886e+04 1.037785e+04
19.9 1.031939e+04 1.029761e+04 1.032887e+04 1.035065e+04
20.9 1.029377e+04 1.029842e+04 1.032887e+04 1.032423e+04
0.5 1.029378e+04 1.033719e+04 1.032899e+04 1.028558e+04
1.5 1.033587e+04 1.035426e+04 1.032904e+04 1.031066e+04
2.5 1.033318e+04 1.034529e+04 1.032965e+04 1.031754e+04
3.5 1.032379e+04 1.033340e+04 1.032982e+04 1.032021e+04
4.5 1.030474e+04 1.034061e+04 1.032951e+04 1.029364e+04
5.5 1.033088e+04 1.034021e+04 1.032916e+04 1.031984e+04
6.5 1.027418e+04 1.032721e+04 1.032893e+04 1.027590e+04
7.5 1.030400e+04 1.033015e+04 1.032882e+04 1.030267e+04
8.5 1.033493e+04 1.033998e+04 1.032877e+04 1.032372e+04
9.5 1.034360e+04 1.033198e+04 1.032877e+04 1.034039e+04
10.5 1.033333e+04 1.031666e+04 1.032879e+04 1.034545e+04
11.5 1.029460e+04 1.030553e+04 1.032881e+04 1.031789e+04
12.5 1.030216e+04 1.029990e+04 1.032884e+04 1.033110e+04
13.5 1.034677e+04 1.029778e+04 1.032886e+04 1.037785e+04
14.5 1.031939e+04 1.029761e+04 1.032887e+04 1.035065e+04
15.5 1.029377e+04 1.029842e+04 1.032887e+04 1.032423e+04
16.5 1.031798e+04 1.029985e+04 1.032888e+04 1.034701e+04
17.5 1.031659e+04 1.030798e+04 1.032888e+04 1.033749e+04
18.5 1.033347e+04 1.032710e+04 1.032888e+04 1.033525e+04
19.5 1.032290e+04 1.034288e+04 1.032893e+04 1.030895e+04
20.5 1.033069e+04 1.034071e+04 1.032951e+04 1.031949e+04
1.0 1.032290e+04 1.034288e+04 1.032893e+04 1.030895e+04
2.0 1.033069e+04 1.034071e+04 1.032951e+04 1.031949e+04
3.0 1.036204e+04 1.033666e+04 1.032998e+04 1.035536e+04
4.0 1.035408e+04 1.034955e+04 1.032980e+04 1.033433e+04
5.0 1.035679e+04 1.036347e+04 1.032945e+04 1.032277e+04
6.0 1.035506e+04 1.035543e+04 1.032969e+04 1.032932e+04
7.0 1.037647e+04 1.033377e+04 1.033000e+04 1.037270e+04
8.0 1.038725e+04 1.031458e+04 1.032975e+04 1.040242e+04
9.0 1.029157e+04 1.030296e+04 1.032932e+04 1.031793e+04
10.0 1.028329e+04 1.030043e+04 1.032900e+04 1.031186e+04
11.0 1.032272e+04 1.031792e+04 1.032883e+04 1.033363e+04
12.0 1.036248e+04 1.033375e+04 1.032877e+04 1.035749e+04
13.0 1.035583e+04 1.032907e+04 1.032875e+04 1.035551e+04
14.0 1.034269e+04 1.032775e+04 1.032877e+04 1.034371e+04
15.0 1.035150e+04 1.034044e+04 1.032888e+04 1.033994e+04
16.0 1.032981e+04 1.033985e+04 1.032954e+04 1.031949e+04
17.0 1.030579e+04 1.032596e+04 1.032995e+04 1.030979e+04
18.0 1.027365e+04 1.031205e+04 1.032974e+04 1.029134e+04
19.0 1.029608e+04 1.030695e+04 1.032935e+04 1.031849e+04
20.0 1.033925e+04 1.032275e+04 1.032906e+04 1.034557e+04
21.0 1.032521e+04 1.033653e+04 1.032924e+04 1.031793e+04
1.0 1.035679e+04 1.036347e+04 1.032945e+04 1.032277e+04
2.0 1.035506e+04 1.035543e+04 1.032969e+04 1.032932e+04
3.0 1.037647e+04 1.033377e+04 1.033000e+04 1.037270e+04
4.0 1.038725e+04 1.031458e+04 1.032975e+04 1.040242e+04
5.0 1.029157e+04 1.030296e+04 1.032932e+04 1.031793e+04
6.0 1.028329e+04 1.030043e+04 1.032900e+04 1.031186e+04
7.0 1.032272e+04 1.031792e+04 1.032883e+04 1.033363e+04
8.0 1.036248e+04 1.033375e+04 1.032877e+04 1.035749e+04
9.0 1.035583e+04 1.032907e+04 1.032875e+04 1.035551e+04
10.0 1.034269e+04 1.032775e+04 1.032877e+04 1.034371e+04
11.0 1.035150e+04 1.034044e+04 1.032888e+04 1.033994e+04
12.0 1.032981e+04 1.033985e+04 1.032954e+04 1.031949e+04
13.0 1.030579e+04 1.032596e+04 1.032995e+04 1.030979e+04
14.0 1.027365e+04 1.031205e+04 1.032974e+04 1.029134e+04
15.0 1.029608e+04 1.030695e+04 1.032935e+04 1.031849e+04
16.0 1.033925e+04 1.032275e+04 1.032906e+04 1.034557e+04
17.0 1.032521e+04 1.033653e+04 1.032924e+04 1.031793e+04
18.0 1.032129e+04 1.033109e+04 1.032981e+04 1.032000e+04
19.0 1.028319e+04 1.031952e+04 1.032982e+04 1.029349e+04
20.0 1.031416e+04 1.032071e+04 1.032946e+04 1.032291e+04
21.0 1.035913e+04 1.033173e+04 1.032915e+04 1.035655e+04
0.1 1.034269e+04 1.032775e+04 1.032877e+04 1.034371e+04
1.1 1.035150e+04 1.034044e+04 1.032888e+04 1.033994e+04
2.1 1.032981e+04 1.033985e+04 1.032954e+04 1.031949e+04
3.1 1.030579e+04 1.032596e+04 1.032995e+04 1.030979e+04
4.1 1.027365e+04 1.031205e+04 1.032974e+04 1.029134e+04
5.1 1.029608e+04 1.030695e+04 1.032935e+04 1.031849e+04
6.1 1.033925e+04 1.032275e+04 1.032906e+04 1.034557e+04
7.1 1.032521e+04 1.033653e+04 1.032924e+04 1.031793e+04
8.1 1.032129e+04 1.033109e+04 1.032981e+04 1.032000e+04
9.1 1.028319e+04 1.031952e+04 1.032982e+04 1.029349e+04
10.1 1.031416e+04 1.032071e+04 1.032946e+04 1.032291e+04
11.1 1.035913e+04 1.033173e+04 1.032915e+04 1.035655e+04
12.1 1.040309e+04 1.033187e+04 1.032948e+04 1.040070e+04
13.1 1.034363e+04 1.032134e+04 1.032990e+04 1.035218e+04
14.1 1.028540e+04 1.031051e+04 1.032973e+04 1.030462e+04
15.1 1.029590e+04 1.030892e+04 1.032933e+04 1.031632e+04
16.1 1.029415e+04 1.032270e+04 1.032902e+04 1.030048e+04
17.1 1.035587e+04 1.033845e+04 1.032886e+04 1.034627e+04
18.1 1.038499e+04 1.033713e+04 1.032878e+04 1.037664e+04
19.1 1.037064e+04 1.033189e+04 1.032876e+04 1.036751e+04
20.1 1.036922e+04 1.034812e+04 1.032877e+04 1.034987e+04
0.7 1.033925e+04 1.032275e+04 1.032906e+04 1.034557e+04
1.7 1.032521e+04 1.033653e+04 1.032924e+04 1.031793e+04
2.7 1.032129e+04 1.033109e+04 1.032981e+04 1.032000e+04
3.7 1.028319e+04 1.031952e+04 1.032982e+04 1.029349e+04
4.7 1.031416e+04 1.032071e+04 1.032946e+04 1.032291e+04
5.7 1.035913e+04 1.033173e+04 1.032915e+04 1.035655e+04
6.7 1.040309e+04 1.033187e+04 1.032948e+04 1.040070e+04
7.7 1.034363e+04 1.032134e+04 1.032990e+04 1.035218e+04
8.7 1.028540e+04 1.031051e+04 1.032973e+04 1.030462e+04
9.7 1.029590e+04 1.030892e+04 1.032933e+04 1.031632e+04
10.7 1.029415e+04 1.032270e+04 1.032902e+04 1.030048e+04
11.7 1.035587e+04 1.033845e+04 1.032886e+04 1.034627e+04
12.7 1.038499e+04 1.033713e+04 1.032878e+04 1.037664e+04
13.7 1.037064e+04 1.033189e+04 1.032876e+04 1.036751e+04
14.7 1.036922e+04 1.034812e+04 1.032877e+04 1.034987e+04
15.7 1.034326e+04 1.037013e+04 1.032882e+04 1.030195e+04
16.7 1.037361e+04 1.036680e+04 1.032933e+04 1.033614e+04
17.7 1.035232e+04 1.034325e+04 1.032991e+04 1.033898e+04
18.7 1.033153e+04 1.031999e+04 1.032985e+04 1.034139e+04
19.7 1.032051e+04 1.030514e+04 1.032946e+04 1.034484e+04
20.7 1.029349e+04 1.029774e+04 1.032913e+04 1.032487e+04
1.0 1.035913e+04 1.033173e+04 1.032915e+04 1.035655e+04
2.0 1.040309e+04 1.033187e+04 1.032948e+04 1.040070e+04
3.0 1.034363e+04 1.032134e+04 1.032990e+04 1.035218e+04
4.0 1.028540e+04 1.031051e+04 1.032973e+04 1.030462e+04
5.0 1.029590e+04 1.030892e+04 1.032933e+04 1.031632e+04
6.0 1.029415e+04 1.032270e+04 1.032902e+04 1.030048e+04
7.0 1.035587e+04 1.033845e+04 1.032886e+04 1.034627e+04
8.0 1.038499e+04 1.033713e+04 1.032878e+04 1.037664e+04
9.0 1.037064e+04 1.033189e+04 1.032876e+04 1.036751e+04
10.0 1.036922e+04 1.034812e+04 1.032877e+04 1.034987e+04
11.0 1.034326e+04 1.037013e+04 1.032882e+04 1.030195e+04
12.0 1.037361e+04 1.036680e+04 1.032933e+04 1.033614e+04
13.0 1.035232e+04 1.034325e+04 1.032991e+04 1.033898e+04
14.0 1.033153e+04 1.031999e+04 1.032985e+04 1.034139e+04
15.0 1.032051e+04 1.030514e+04 1.032946e+04 1.034484e+04
16.0 1.029349e+04 1.029774e+04 1.032913e+04 1.032487e+04
17.0 1.026806e+04 1.029936e+04 1.032892e+04 1.029762e+04
18.0 1.031216e+04 1.032030e+04 1.032882e+04 1.032068e+04
19.0 1.034924e+04 1.034321e+04 1.032888e+04 1.033491e+04
20.0 1.037545e+04 1.034307e+04 1.032951e+04 1.036190e+04
21.0 1.031218e+04 1.032842e+04 1.032991e+04 1.031368e+04
0.9 1.034326e+04 1.037013e+04 1.032882e+04 1.030195e+04
1.9 1.037361e+04 1.036680e+04 1.032933e+04 1.033614e+04
2.9 1.035232e+04 1.034325e+04 1.032991e+04 1.033898e+04
3.9 1.033153e+04 1.031999e+04 1.032985e+04 1.034139e+04
4.9 1.032051e+04 1.030514e+04 1.032946e+04 1.034484e+04
5.9 1.029349e+04 1.029774e+04 1.032913e+04 1.032487e+04
6.9 1.026806e+04 1.029936e+04 1.032892e+04 1.029762e+04
7.9 1.031216e+04 1.032030e+04 1.032882e+04 1.032068e+04
8.9 1.034924e+04 1.034321e+04 1.032888e+04 1.033491e+04
9.9 1.037545e+04 1.034307e+04 1.032951e+04 1.036190e+04
10.9 1.031218e+04 1.032842e+04 1.032991e+04 1.031368e+04
11.9 1.028362e+04 1.031407e+04 1.032970e+04 1.029924e+04
12.9 1.028800e+04 1.030491e+04 1.032932e+04 1.031242e+04
13.9 1.029865e+04 1.030577e+04 1.032904e+04 1.032192e+04
14.9 1.031573e+04 1.032628e+04 1.032888e+04 1.031833e+04
15.9 1.034884e+04 1.034470e+04 1.032880e+04 1.033293e+04
16.9 1.034550e+04 1.033899e+04 1.032878e+04 1.033529e+04
17.9 1.030794e+04 1.032771e+04 1.032879e+04 1.030902e+04
18.9 1.033646e+04 1.033908e+04 1.032881e+04 1.032619e+04
19.9 1.037333e+04 1.035645e+04 1.032883e+04 1.034572e+04
20.9 1.038637e+04 1.034891e+04 1.032885e+04 1.036631e+04
0.2 1.031216e+04 1.032030e+04 1.032882e+04 1.032068e+04
1.2 1.034924e+04 1.034321e+04 1.032888e+04 1.033491e+04
2.2 1.037545e+04 1.034307e+04 1.032951e+04 1.036190e+04
3.2 1.031218e+04 1.032842e+04 1.032991e+04 1.031368e+04
4.2 1.028362e+04 1.031407e+04 1.032970e+04 1.029924e+04
5.2 1.028800e+04 1.030491e+04 1.032932e+04 1.031242e+04
6.2 1.029865e+04 1.030577e+04 1.032904e+04 1.032192e+04
7.2 1.031573e+04 1.032628e+04 1.032888e+04 1.031833e+04
8.2 1.034884e+04 1.034470e+04 1.032880e+04 1.033293e+04
9.2 1.034550e+04 1.033899e+04 1.032878e+04 1.033529e+04
10.2 1.030794e+04 1.032771e+04 1.032879e+04 1.030902e+04
11.2 1.033646e+04 1.033908e+04 1.032881e+04 1.032619e+04
12.2 1.037333e+04 1.035645e+04 1.032883e+04 1.034572e+04
13.2 1.038637e+04 1.034891e+04 1.032885e+04 1.036631e+04
14.2 1.035959e+04 1.032796e+04 1.032886e+04 1.036049e+04
15.2 1.033211e+04 1.031549e+04 1.032887e+04 1.034549e+04
16.2 1.028590e+04 1.032250e+04 1.032887e+04 1.029228e+04
17.2 1.030343e+04 1.033623e+04 1.032889e+04 1.029610e+04
18.2 1.034729e+04 1.033657e+04 1.032934e+04 1.034006e+04
19.2 1.034047e+04 1.032503e+04 1.032993e+04 1.034537e+04
20.2 1.030480e+04 1.032241e+04 1.032988e+04 1.031227e+04
0.8 1.030343e+04 1.033623e+04 1.032889e+04 1.029610e+04
1.8 1.034729e+04 1.033657e+04 1.032934e+04 1.034006e+04
2.8 1.034047e+04 1.032503e+04 1.032993e+04 1.034537e+04
3.8 1.030480e+04 1.032241e+04 1.032988e+04 1.031227e+04
4.8 1.031049e+04 1.034004e+04 1.032949e+04 1.029994e+04
5.8 1.032877e+04 1.035013e+04 1.032943e+04 1.030807e+04
6.8 1.033190e+04 1.033902e+04 1.032989e+04 1.032276e+04
7.8 1.031763e+04 1.032972e+04 1.032990e+04 1.031781e+04
8.8 1.031610e+04 1.033883e+04 1.032955e+04 1.030683e+04
9.8 1.035537e+04 1.033933e+04 1.032973e+04 1.034578e+04
10.8 1.033337e+04 1.032845e+04 1.032999e+04 1.033491e+04
11.8 1.031817e+04 1.033392e+04 1.032973e+04 1.031398e+04
12.8 1.035446e+04 1.035277e+04 1.032929e+04 1.033098e+04
13.8 1.034692e+04 1.035067e+04 1.032898e+04 1.032522e+04
14.8 1.031541e+04 1.033103e+04 1.032881e+04 1.031319e+04
15.8 1.026620e+04 1.031300e+04 1.032875e+04 1.028195e+04
16.8 1.026324e+04 1.030359e+04 1.032874e+04 1.028839e+04
17.8 1.029754e+04 1.031309e+04 1.032876e+04 1.031320e+04
18.8 1.034438e+04 1.034063e+04 1.032879e+04 1.033255e+04
19.8 1.037212e+04 1.035927e+04 1.032894e+04 1.034179e+04
20.8 1.036669e+04 1.035209e+04 1.032962e+04 1.034421e+04
0.5 1.031049e+04 1.034004e+04 1.032949e+04 1.029994e+04
1.5 1.032877e+04 1.035013e+04 1.032943e+04 1.030807e+04
2.5 1.033190e+04 1.033902e+04 1.032989e+04 1.032276e+04
3.5 1.031763e+04 1.032972e+04 1.032990e+04 1.031781e+04
4.5 1.031610e+04 1.033883e+04 1.032955e+04 1.030683e+04
5.5 1.035537e+04 1.033933e+04 1.032973e+04 1.034578e+04
6.5 1.033337e+04 1.032845e+04 1.032999e+04 1.033491e+04
7.5 1.031817e+04 1.033392e+04 1.032973e+04 1.031398e+04
8.5 1.035446e+04 1.035277e+04 1.032929e+04 1.033098e+04
9.5 1.034692e+04 1.035067e+04 1.032898e+04 1.032522e+04
10.5 1.031541e+04 1.033103e+04 1.032881e+04 1.031319e+04
11.5 1.026620e+04 1.031300e+04 1.032875e+04 1.028195e+04
12.5 1.026324e+04 1.030359e+04 1.032874e+04 1.028839e+04
13.5 1.029754e+04 1.031309e+04 1.032876e+04 1.031320e+04
14.5 1.034438e+04 1.034063e+04 1.032879e+04 1.033255e+04
15.5 1.037212e+04 1.035927e+04 1.032894e+04 1.034179e+04
16.5 1.036669e+04 1.035209e+04 1.032962e+04 1.034421e+04
17.5 1.034752e+04 1.034453e+04 1.032997e+04 1.033296e+04
18.5 1.036923e+04 1.034470e+04 1.032989e+04 1.035442e+04
19.5 1.031863e+04 1.033453e+04 1.033017e+04 1.031427e+04
20.5 1.027049e+04 1.031843e+04 1.033014e+04 1.028219e+04
1.0 1.031610e+04 1.033883e+04 1.032955e+04 1.030683e+04
2.0 1.035537e+04 1.033933e+04 1.032973e+04 1.034578e+04
3.0 1.033337e+04 1.032845e+04 1.032999e+04 1.033491e+04
4.0 1.031817e+04 1.033392e+04 1.032973e+04 1.031398e+04
5.0 1.035446e+04 1.035277e+04 1.032929e+04 1.033098e+04
6.0 1.034692e+04 1.035067e+04 1.032898e+04 1.032522e+04
7.0 1.031541e+04 1.033103e+04 1.032881e+04 1.031319e+04
8.0 1.026620e+04 1.031300e+04 1.032875e+04 1.028195e+04
9.0 1.026324e+04 1.030359e+04 1.032874e+04 1.028839e+04
10.0 1.029754e+04 1.031309e+04 1.032876e+04 1.031320e+04
11.0 1.034438e+04 1.034063e+04 1.032879e+04 1.033255e+04
12.0 1.037212e+04 1.035927e+04 1.032894e+04 1.034179e+04
13.0 1.036669e+04 1.035209e+04 1.032962e+04 1.034421e+04
14.0 1.034752e+04 1.034453e+04 1.032997e+04 1.033296e+04
15.0 1.036923e+04 1.034470e+04 1.032989e+04 1.035442e+04
16.0 1.031863e+04 1.033453e+04 1.033017e+04 1.031427e+04
17.0 1.027049e+04 1.031843e+04 1.033014e+04 1.028219e+04
18.0 1.028454e+04 1.030595e+04 1.032968e+04 1.030826e+04
19.0 1.028135e+04 1.029976e+04 1.032921e+04 1.031081e+04
20.0 1.027848e+04 1.030788e+04 1.032892e+04 1.029952e+04
21.0 1.028074e+04 1.033521e+04 1.032878e+04 1.027431e+04
0.2 1.034438e+04 1.034063e+04 1.032879e+04 1.033255e+04
1.2 1.037212e+04 1.035927e+04 1.032894e+04 1.034179e+04
2.2 1.036669e+04 1.035209e+04 1.032962e+04 1.034421e+04
3.2 1.034752e+04 1.034453e+04 1.032997e+04 1.033296e+04
4.2 1.036923e+04 1.034470e+04 1.032989e+04 1.035442e+04
5.2 1.031863e+04 1.033453e+04 1.033017e+04 1.031427e+04
6.2 1.027049e+04 1.031843e+04 1.033014e+04 1.028219e+04
7.2 1.028454e+04 1.030595e+04 1.032968e+04 1.030826e+04
8.2 1.028135e+04 1.029976e+04 1.032921e+04 1.031081e+04
9.2 1.027848e+04 1.030788e+04 1.032892e+04 1.029952e+04
10.2 1.028074e+04 1.033521e+04 1.032878e+04 1.027431e+04
11.2 1.029892e+04 1.035901e+04 1.032878e+04 1.026870e+04
12.2 1.034708e+04 1.035582e+04 1.032936e+04 1.032062e+04
13.2 1.038333e+04 1.033608e+04 1.032986e+04 1.037711e+04
0.4 1.034752e+04 1.034453e+04 1.032997e+04 1.033296e+04
1.4 1.036923e+04 1.034470e+04 1.032989e+04 1.035442e+04
2.4 1.031863e+04 1.033453e+04 1.033017e+04 1.031427e+04
3.4 1.027049e+04 1.031843e+04 1.033014e+04 1.028219e+04
4.4 1.028454e+04 1.030595e+04 1.032968e+04 1.030826e+04
5.4 1.028135e+04 1.029976e+04 1.032921e+04 1.031081e+04
6.4 1.027848e+04 1.030788e+04 1.032892e+04 1.029952e+04
7.4 1.028074e+04 1.033521e+04 1.032878e+04 1.027431e+04
8.4 1.029892e+04 1.035901e+04 1.032878e+04 1.026870e+04
9.4 1.034708e+04 1.035582e+04 1.032936e+04 1.032062e+04
10.4 1.038333e+04 1.033608e+04 1.032986e+04 1.037711e+04
1.0 1.029892e+04 1.035901e+04 1.032878e+04 1.026870e+04
2.0 1.034708e+04 1.035582e+04 1.032936e+04 1.032062e+04
3.0 1.038333e+04 1.033608e+04 1.032986e+04 1.037711e+04
