0.3 1.214434e+04 1.213579e+04 1.213656e+04 1.214511e+04
1.3 1.213736e+04 1.213574e+04 1.213651e+04 1.213813e+04
2.3 1.210367e+04 1.213537e+04 1.213614e+04 1.210444e+04
3.3 1.210648e+04 1.213476e+04 1.213553e+04 1.210725e+04
4.3 1.213982e+04 1.213604e+04 1.213525e+04 1.213903e+04
5.3 1.214867e+04 1.214064e+04 1.213554e+04 1.214357e+04
6.3 1.215267e+04 1.213446e+04 1.213600e+04 1.215422e+04
7.3 1.214756e+04 1.211834e+04 1.213636e+04 1.216558e+04
8.3 1.212106e+04 1.211034e+04 1.213656e+04 1.214728e+04
9.3 1.212885e+04 1.212009e+04 1.213666e+04 1.214541e+04
10.3 1.213006e+04 1.213148e+04 1.213668e+04 1.213526e+04
11.3 1.213448e+04 1.213648e+04 1.213667e+04 1.213467e+04
12.3 1.214433e+04 1.213724e+04 1.213664e+04 1.214374e+04
13.3 1.214373e+04 1.213873e+04 1.213661e+04 1.214162e+04
14.3 1.219328e+04 1.214396e+04 1.213659e+04 1.218592e+04
15.3 1.216788e+04 1.214508e+04 1.213658e+04 1.215937e+04
16.3 1.215400e+04 1.214186e+04 1.213657e+04 1.214871e+04
17.3 1.215075e+04 1.214225e+04 1.213656e+04 1.214506e+04
18.3 1.214613e+04 1.214467e+04 1.213656e+04 1.213802e+04
19.3 1.214111e+04 1.214308e+04 1.213656e+04 1.213459e+04
20.3 1.210282e+04 1.213939e+04 1.213656e+04 1.209999e+04
21.3 1.212861e+04 1.213595e+04 1.213656e+04 1.212922e+04
0.2 1.211982e+04 1.211610e+04 1.213656e+04 1.214029e+04
1.2 1.212526e+04 1.212864e+04 1.213653e+04 1.213315e+04
2.2 1.214255e+04 1.213522e+04 1.213621e+04 1.214353e+04
3.2 1.214853e+04 1.213689e+04 1.213559e+04 1.214723e+04
4.2 1.215856e+04 1.213815e+04 1.213525e+04 1.215566e+04
5.2 1.213146e+04 1.214341e+04 1.213549e+04 1.212353e+04
6.2 1.215569e+04 1.214567e+04 1.213595e+04 1.214598e+04
7.2 1.219331e+04 1.214320e+04 1.213632e+04 1.218644e+04
8.2 1.214679e+04 1.213977e+04 1.213654e+04 1.214357e+04
9.2 1.212024e+04 1.213731e+04 1.213665e+04 1.211958e+04
10.2 1.213652e+04 1.213551e+04 1.213668e+04 1.213769e+04
11.2 1.215195e+04 1.213388e+04 1.213667e+04 1.215475e+04
12.2 1.214338e+04 1.213414e+04 1.213665e+04 1.214588e+04
13.1 1.216252e+04 1.213644e+04 1.213662e+04 1.216269e+04
14.1 1.213179e+04 1.213742e+04 1.213657e+04 1.213094e+04
15.1 1.214038e+04 1.213677e+04 1.213625e+04 1.213987e+04
16.1 1.215297e+04 1.213574e+04 1.213570e+04 1.215293e+04
17.1 1.214397e+04 1.213866e+04 1.213554e+04 1.214085e+04
18.1 1.216438e+04 1.214337e+04 1.213583e+04 1.215684e+04
19.1 1.219276e+04 1.214322e+04 1.213619e+04 1.218574e+04
20.1 1.214869e+04 1.214023e+04 1.213632e+04 1.214478e+04
21.1 1.215576e+04 1.213715e+04 1.213596e+04 1.215457e+04
0.1 1.216252e+04 1.213644e+04 1.213662e+04 1.216269e+04
1.1 1.213179e+04 1.213742e+04 1.213657e+04 1.213094e+04
2.1 1.214038e+04 1.213677e+04 1.213625e+04 1.213987e+04
3.1 1.215297e+04 1.213574e+04 1.213570e+04 1.215293e+04
4.1 1.214397e+04 1.213866e+04 1.213554e+04 1.214085e+04
5.1 1.216438e+04 1.214337e+04 1.213583e+04 1.215684e+04
6.1 1.219276e+04 1.214322e+04 1.213619e+04 1.218574e+04
7.1 1.214869e+04 1.214023e+04 1.213632e+04 1.214478e+04
8.1 1.215576e+04 1.213715e+04 1.213596e+04 1.215457e+04
9.1 1.209949e+04 1.213507e+04 1.213544e+04 1.209985e+04
10.1 1.212144e+04 1.213726e+04 1.213538e+04 1.211956e+04
11.1 1.216094e+04 1.214228e+04 1.213576e+04 1.215442e+04
12.1 1.214399e+04 1.214275e+04 1.213619e+04 1.213743e+04
13.1 1.212131e+04 1.214020e+04 1.213648e+04 1.211758e+04
14.1 1.214233e+04 1.213771e+04 1.213662e+04 1.214125e+04
15.1 1.212425e+04 1.213578e+04 1.213668e+04 1.212516e+04
16.1 1.211971e+04 1.213483e+04 1.213669e+04 1.212156e+04
17.1 1.217159e+04 1.213637e+04 1.213667e+04 1.217189e+04
18.1 1.215274e+04 1.213747e+04 1.213664e+04 1.215191e+04
19.1 1.218012e+04 1.213680e+04 1.213661e+04 1.217994e+04
20.1 1.213959e+04 1.213528e+04 1.213659e+04 1.214090e+04
21.1 1.213847e+04 1.213527e+04 1.213657e+04 1.213977e+04
0.6 1.219276e+04 1.214322e+04 1.213619e+04 1.218574e+04
1.6 1.214869e+04 1.214023e+04 1.213632e+04 1.214478e+04
2.6 1.215576e+04 1.213715e+04 1.213596e+04 1.215457e+04
3.6 1.209949e+04 1.213507e+04 1.213544e+04 1.209985e+04
4.6 1.212144e+04 1.213726e+04 1.213538e+04 1.211956e+04
5.6 1.216094e+04 1.214228e+04 1.213576e+04 1.215442e+04
6.6 1.214399e+04 1.214275e+04 1.213619e+04 1.213743e+04
7.6 1.212131e+04 1.214020e+04 1.213648e+04 1.211758e+04
8.6 1.214233e+04 1.213771e+04 1.213662e+04 1.214125e+04
9.6 1.212425e+04 1.213578e+04 1.213668e+04 1.212516e+04
10.6 1.211971e+04 1.213483e+04 1.213669e+04 1.212156e+04
11.6 1.217159e+04 1.213637e+04 1.213667e+04 1.217189e+04
12.6 1.215274e+04 1.213747e+04 1.213664e+04 1.215191e+04
13.6 1.218012e+04 1.213680e+04 1.213661e+04 1.217994e+04
14.6 1.213959e+04 1.213528e+04 1.213659e+04 1.214090e+04
15.6 1.213847e+04 1.213527e+04 1.213657e+04 1.213977e+04
16.6 1.213793e+04 1.213720e+04 1.213657e+04 1.213731e+04
17.6 1.216045e+04 1.213786e+04 1.213656e+04 1.215915e+04
18.6 1.215186e+04 1.213725e+04 1.213656e+04 1.215116e+04
19.6 1.215930e+04 1.213649e+04 1.213656e+04 1.215937e+04
20.6 1.213973e+04 1.213600e+04 1.213656e+04 1.214029e+04
21.6 1.211424e+04 1.213573e+04 1.213656e+04 1.211506e+04
0.4 1.214493e+04 1.214426e+04 1.213656e+04 1.213723e+04
1.4 1.215670e+04 1.214549e+04 1.213649e+04 1.214769e+04
2.4 1.213473e+04 1.214238e+04 1.213606e+04 1.212841e+04
3.4 1.212194e+04 1.213814e+04 1.213545e+04 1.211925e+04
4.4 1.212918e+04 1.213761e+04 1.213526e+04 1.212683e+04
5.4 1.213831e+04 1.214183e+04 1.213560e+04 1.213209e+04
6.4 1.216626e+04 1.214215e+04 1.213606e+04 1.216017e+04
7.4 1.214729e+04 1.213876e+04 1.213639e+04 1.214493e+04
8.4 1.212924e+04 1.213731e+04 1.213658e+04 1.212851e+04
9.4 1.214622e+04 1.214080e+04 1.213666e+04 1.214209e+04
10.4 1.212472e+04 1.213545e+04 1.213668e+04 1.212595e+04
11.4 1.212983e+04 1.212686e+04 1.213667e+04 1.213964e+04
12.4 1.210470e+04 1.213039e+04 1.213664e+04 1.211095e+04
13.4 1.210469e+04 1.213587e+04 1.213661e+04 1.210543e+04
14.4 1.212004e+04 1.213750e+04 1.213659e+04 1.211913e+04
15.4 1.212433e+04 1.213722e+04 1.213657e+04 1.212369e+04
16.4 1.215716e+04 1.213672e+04 1.213657e+04 1.215701e+04
17.4 1.214481e+04 1.213634e+04 1.213656e+04 1.214503e+04
18.4 1.214052e+04 1.213573e+04 1.213656e+04 1.214135e+04
19.4 1.211786e+04 1.213475e+04 1.213656e+04 1.211967e+04
20.4 1.211756e+04 1.213673e+04 1.213656e+04 1.211739e+04
21.4 1.211946e+04 1.214213e+04 1.213656e+04 1.211389e+04
0.1 1.213294e+04 1.213545e+04 1.213656e+04 1.213405e+04
1.1 1.212766e+04 1.214112e+04 1.213653e+04 1.212307e+04
2.1 1.210638e+04 1.214320e+04 1.213621e+04 1.209938e+04
3.1 1.214144e+04 1.214065e+04 1.213559e+04 1.213639e+04
4.1 1.211971e+04 1.213868e+04 1.213525e+04 1.211628e+04
5.1 1.216880e+04 1.214220e+04 1.213547e+04 1.216207e+04
6.1 1.215667e+04 1.214365e+04 1.213566e+04 1.214868e+04
7.1 1.214934e+04 1.214202e+04 1.213564e+04 1.214296e+04
8.1 1.210815e+04 1.214417e+04 1.213585e+04 1.209984e+04
9.1 1.213731e+04 1.214211e+04 1.213621e+04 1.213140e+04
10.1 1.207883e+04 1.213003e+04 1.213648e+04 1.208528e+04
11.1 1.213590e+04 1.212599e+04 1.213662e+04 1.214654e+04
12.1 1.213847e+04 1.213213e+04 1.213668e+04 1.214301e+04
13.1 1.211504e+04 1.213626e+04 1.213668e+04 1.211546e+04
14.1 1.210350e+04 1.213668e+04 1.213666e+04 1.210347e+04
15.1 1.211164e+04 1.213547e+04 1.213663e+04 1.211281e+04
16.1 1.210889e+04 1.213638e+04 1.213661e+04 1.210912e+04
17.1 1.211971e+04 1.214181e+04 1.213659e+04 1.211449e+04
18.1 1.211482e+04 1.214346e+04 1.213657e+04 1.210793e+04
19.1 1.213583e+04 1.214068e+04 1.213657e+04 1.213171e+04
20.1 1.214539e+04 1.213906e+04 1.213656e+04 1.214289e+04
21.1 1.213775e+04 1.213888e+04 1.213656e+04 1.213544e+04
1.0 1.216880e+04 1.214220e+04 1.213547e+04 1.216207e+04
2.0 1.215667e+04 1.214365e+04 1.213566e+04 1.214868e+04
3.0 1.214934e+04 1.214202e+04 1.213564e+04 1.214296e+04
4.0 1.210815e+04 1.214417e+04 1.213585e+04 1.209984e+04
5.0 1.213731e+04 1.214211e+04 1.213621e+04 1.213140e+04
6.0 1.207883e+04 1.213003e+04 1.213648e+04 1.208528e+04
7.0 1.213590e+04 1.212599e+04 1.213662e+04 1.214654e+04
8.0 1.213847e+04 1.213213e+04 1.213668e+04 1.214301e+04
9.0 1.211504e+04 1.213626e+04 1.213668e+04 1.211546e+04
10.0 1.210350e+04 1.213668e+04 1.213666e+04 1.210347e+04
11.0 1.211164e+04 1.213547e+04 1.213663e+04 1.211281e+04
12.0 1.210889e+04 1.213638e+04 1.213661e+04 1.210912e+04
13.0 1.211971e+04 1.214181e+04 1.213659e+04 1.211449e+04
14.0 1.211482e+04 1.214346e+04 1.213657e+04 1.210793e+04
15.0 1.213583e+04 1.214068e+04 1.213657e+04 1.213171e+04
16.0 1.214539e+04 1.213906e+04 1.213656e+04 1.214289e+04
17.0 1.213775e+04 1.213888e+04 1.213656e+04 1.213544e+04
18.0 1.212904e+04 1.213742e+04 1.213656e+04 1.212818e+04
19.0 1.213830e+04 1.213623e+04 1.213656e+04 1.213863e+04
20.0 1.212895e+04 1.213731e+04 1.213656e+04 1.212820e+04
21.0 1.212537e+04 1.213780e+04 1.213656e+04 1.212413e+04
22.0 1.213993e+04 1.213712e+04 1.213656e+04 1.213937e+04
0.9 1.213756e+04 1.214307e+04 1.213655e+04 1.213104e+04
1.9 1.218245e+04 1.214289e+04 1.213634e+04 1.217590e+04
2.9 1.214823e+04 1.213963e+04 1.213580e+04 1.214440e+04
3.9 1.214443e+04 1.213905e+04 1.213551e+04 1.214089e+04
4.9 1.212282e+04 1.214299e+04 1.213573e+04 1.211556e+04
5.9 1.215352e+04 1.214319e+04 1.213610e+04 1.214643e+04
6.9 1.213200e+04 1.213999e+04 1.213639e+04 1.212840e+04
7.9 1.212336e+04 1.214133e+04 1.213655e+04 1.211859e+04
8.9 1.213137e+04 1.214371e+04 1.213663e+04 1.212429e+04
9.9 1.214897e+04 1.214141e+04 1.213666e+04 1.214422e+04
10.9 1.217342e+04 1.213742e+04 1.213665e+04 1.217265e+04
11.9 1.216789e+04 1.213649e+04 1.213663e+04 1.216802e+04
12.9 1.213559e+04 1.213725e+04 1.213660e+04 1.213494e+04
13.9 1.213419e+04 1.213698e+04 1.213659e+04 1.213380e+04
14.9 1.212053e+04 1.213617e+04 1.213655e+04 1.212092e+04
15.9 1.215874e+04 1.213532e+04 1.213624e+04 1.215966e+04
16.9 1.214706e+04 1.213450e+04 1.213563e+04 1.214820e+04
17.9 1.213145e+04 1.213501e+04 1.213525e+04 1.213169e+04
18.9 1.213942e+04 1.213993e+04 1.213546e+04 1.213495e+04
19.9 1.215122e+04 1.213683e+04 1.213593e+04 1.215031e+04
20.9 1.210650e+04 1.212808e+04 1.213631e+04 1.211473e+04
21.9 1.211824e+04 1.213075e+04 1.213654e+04 1.212403e+04
0.1 1.213419e+04 1.213698e+04 1.213659e+04 1.213380e+04
1.1 1.212053e+04 1.213617e+04 1.213655e+04 1.212092e+04
2.1 1.215874e+04 1.213532e+04 1.213624e+04 1.215966e+04
3.1 1.214706e+04 1.213450e+04 1.213563e+04 1.214820e+04
4.1 1.213145e+04 1.213501e+04 1.213525e+04 1.213169e+04
5.1 1.213942e+04 1.213993e+04 1.213546e+04 1.213495e+04
6.1 1.215122e+04 1.213683e+04 1.213593e+04 1.215031e+04
7.1 1.210650e+04 1.212808e+04 1.213631e+04 1.211473e+04
8.1 1.211824e+04 1.213075e+04 1.213654e+04 1.212403e+04
9.1 1.213362e+04 1.213626e+04 1.213665e+04 1.213401e+04
10.1 1.213174e+04 1.213793e+04 1.213668e+04 1.213049e+04
11.1 1.215073e+04 1.213752e+04 1.213667e+04 1.214988e+04
12.1 1.214358e+04 1.213666e+04 1.213642e+04 1.214334e+04
13.1 1.213283e+04 1.213563e+04 1.213581e+04 1.213302e+04
14.1 1.211653e+04 1.213524e+04 1.213531e+04 1.211661e+04
15.1 1.217004e+04 1.213964e+04 1.213540e+04 1.216581e+04
16.1 1.213712e+04 1.214366e+04 1.213584e+04 1.212931e+04
0.9 1.215073e+04 1.213752e+04 1.213667e+04 1.214988e+04
1.9 1.214358e+04 1.213666e+04 1.213642e+04 1.214334e+04
2.9 1.213283e+04 1.213563e+04 1.213581e+04 1.213302e+04
3.9 1.211653e+04 1.213524e+04 1.213531e+04 1.211661e+04
4.9 1.217004e+04 1.213964e+04 1.213540e+04 1.216581e+04
5.9 1.213712e+04 1.214366e+04 1.213584e+04 1.212931e+04
