0.7 1.196818e+03 1.196067e+03 1.198083e+03 1.198833e+03
1.7 1.196484e+03 1.197401e+03 1.198056e+03 1.197138e+03
2.7 1.194194e+03 1.197689e+03 1.197972e+03 1.194477e+03
3.7 1.195290e+03 1.198185e+03 1.197918e+03 1.195022e+03
4.7 1.203340e+03 1.199635e+03 1.197946e+03 1.201651e+03
5.7 1.198197e+03 1.199909e+03 1.197985e+03 1.196272e+03
6.7 1.199926e+03 1.199042e+03 1.197965e+03 1.198849e+03
7.7 1.195702e+03 1.199172e+03 1.197963e+03 1.194493e+03
8.7 1.193805e+03 1.199803e+03 1.198006e+03 1.192008e+03
9.7 1.195086e+03 1.199318e+03 1.198053e+03 1.193820e+03
10.7 1.194449e+03 1.199545e+03 1.198082e+03 1.192986e+03
11.7 1.208911e+03 1.202258e+03 1.198095e+03 1.204748e+03
12.7 1.211826e+03 1.204472e+03 1.198099e+03 1.205453e+03
13.7 1.214551e+03 1.204486e+03 1.198098e+03 1.208163e+03
14.7 1.199707e+03 1.202416e+03 1.198095e+03 1.195386e+03
15.7 1.191743e+03 1.201421e+03 1.198092e+03 1.188414e+03
16.7 1.193638e+03 1.201708e+03 1.198089e+03 1.190019e+03
17.7 1.210001e+03 1.198761e+03 1.198086e+03 1.209326e+03
18.7 1.198035e+03 1.196477e+03 1.198085e+03 1.199643e+03
19.7 1.190137e+03 1.198813e+03 1.198084e+03 1.189407e+03
20.7 1.196526e+03 1.202344e+03 1.198084e+03 1.192266e+03
21.7 1.194986e+03 1.203789e+03 1.198080e+03 1.189277e+03
0.6 1.203340e+03 1.199635e+03 1.197946e+03 1.201651e+03
1.6 1.198197e+03 1.199909e+03 1.197985e+03 1.196272e+03
2.6 1.199926e+03 1.199042e+03 1.197965e+03 1.198849e+03
3.6 1.195702e+03 1.199172e+03 1.197963e+03 1.194493e+03
4.6 1.193805e+03 1.199803e+03 1.198006e+03 1.192008e+03
5.6 1.195086e+03 1.199318e+03 1.198053e+03 1.193820e+03
6.6 1.194449e+03 1.199545e+03 1.198082e+03 1.192986e+03
7.6 1.208911e+03 1.202258e+03 1.198095e+03 1.204748e+03
8.6 1.211826e+03 1.204472e+03 1.198099e+03 1.205453e+03
9.6 1.214551e+03 1.204486e+03 1.198098e+03 1.208163e+03
10.6 1.199707e+03 1.202416e+03 1.198095e+03 1.195386e+03
11.6 1.191743e+03 1.201421e+03 1.198092e+03 1.188414e+03
12.6 1.193638e+03 1.201708e+03 1.198089e+03 1.190019e+03
13.6 1.210001e+03 1.198761e+03 1.198086e+03 1.209326e+03
14.6 1.198035e+03 1.196477e+03 1.198085e+03 1.199643e+03
15.6 1.190137e+03 1.198813e+03 1.198084e+03 1.189407e+03
16.6 1.196526e+03 1.202344e+03 1.198084e+03 1.192266e+03
17.6 1.194986e+03 1.203789e+03 1.198080e+03 1.189277e+03
18.6 1.204679e+03 1.202545e+03 1.198032e+03 1.200165e+03
19.6 1.202797e+03 1.200102e+03 1.197935e+03 1.200629e+03
20.6 1.194243e+03 1.198360e+03 1.197874e+03 1.193757e+03
21.6 1.204125e+03 1.198607e+03 1.197908e+03 1.203425e+03
0.1 1.196526e+03 1.202344e+03 1.198084e+03 1.192266e+03
1.1 1.194986e+03 1.203789e+03 1.198080e+03 1.189277e+03
2.1 1.204679e+03 1.202545e+03 1.198032e+03 1.200165e+03
3.1 1.202797e+03 1.200102e+03 1.197935e+03 1.200629e+03
4.1 1.194243e+03 1.198360e+03 1.197874e+03 1.193757e+03
5.1 1.204125e+03 1.198607e+03 1.197908e+03 1.203425e+03
6.1 1.196765e+03 1.197350e+03 1.197982e+03 1.197397e+03
7.1 1.196529e+03 1.193094e+03 1.198043e+03 1.201479e+03
8.1 1.182794e+03 1.189827e+03 1.198080e+03 1.191047e+03
9.1 1.194721e+03 1.191665e+03 1.198097e+03 1.201153e+03
10.1 1.202633e+03 1.195192e+03 1.198103e+03 1.205543e+03
11.1 1.194959e+03 1.197251e+03 1.198102e+03 1.195810e+03
12.1 1.200556e+03 1.198167e+03 1.198098e+03 1.200486e+03
13.1 1.197385e+03 1.198784e+03 1.198093e+03 1.196694e+03
14.1 1.202427e+03 1.200100e+03 1.198089e+03 1.200416e+03
15.1 1.207655e+03 1.200394e+03 1.198087e+03 1.205348e+03
16.1 1.212147e+03 1.199416e+03 1.198085e+03 1.210817e+03
17.1 1.201007e+03 1.198284e+03 1.198084e+03 1.200807e+03
18.1 1.194347e+03 1.197551e+03 1.198084e+03 1.194880e+03
19.1 1.196651e+03 1.197888e+03 1.198084e+03 1.196846e+03
20.1 1.190419e+03 1.199456e+03 1.198083e+03 1.189047e+03
21.1 1.189347e+03 1.199160e+03 1.198083e+03 1.188270e+03
0.8 1.194240e+03 1.201734e+03 1.198082e+03 1.190588e+03
1.8 1.196906e+03 1.201727e+03 1.198051e+03 1.193230e+03
2.8 1.206731e+03 1.200359e+03 1.197985e+03 1.204357e+03
3.8 1.211769e+03 1.200084e+03 1.197971e+03 1.209657e+03
4.8 1.198861e+03 1.199976e+03 1.198007e+03 1.196892e+03
5.8 1.198781e+03 1.199164e+03 1.198046e+03 1.197663e+03
6.8 1.205821e+03 1.198361e+03 1.198072e+03 1.205532e+03
7.8 1.207910e+03 1.198394e+03 1.198086e+03 1.207603e+03
8.8 1.207226e+03 1.199417e+03 1.198085e+03 1.205895e+03
9.8 1.207439e+03 1.199321e+03 1.198027e+03 1.206145e+03
10.8 1.196451e+03 1.198314e+03 1.197927e+03 1.196065e+03
11.8 1.196294e+03 1.197867e+03 1.197880e+03 1.196307e+03
12.8 1.190744e+03 1.198757e+03 1.197924e+03 1.189911e+03
13.8 1.194159e+03 1.197233e+03 1.197997e+03 1.194922e+03
14.8 1.188266e+03 1.194856e+03 1.198052e+03 1.191463e+03
15.8 1.196583e+03 1.195817e+03 1.198084e+03 1.198851e+03
16.8 1.197665e+03 1.197279e+03 1.198099e+03 1.198486e+03
17.8 1.186001e+03 1.197665e+03 1.198103e+03 1.186440e+03
18.8 1.191720e+03 1.197545e+03 1.198101e+03 1.192277e+03
19.8 1.199932e+03 1.197390e+03 1.198097e+03 1.200639e+03
20.8 1.192950e+03 1.197284e+03 1.198091e+03 1.193757e+03
21.8 1.183810e+03 1.197172e+03 1.198052e+03 1.184690e+03
0.3 1.207910e+03 1.198394e+03 1.198086e+03 1.207603e+03
1.3 1.207226e+03 1.199417e+03 1.198085e+03 1.205895e+03
2.3 1.207439e+03 1.199321e+03 1.198027e+03 1.206145e+03
3.3 1.196451e+03 1.198314e+03 1.197927e+03 1.196065e+03
4.3 1.196294e+03 1.197867e+03 1.197880e+03 1.196307e+03
5.3 1.190744e+03 1.198757e+03 1.197924e+03 1.189911e+03
6.3 1.194159e+03 1.197233e+03 1.197997e+03 1.194922e+03
7.3 1.188266e+03 1.194856e+03 1.198052e+03 1.191463e+03
8.3 1.196583e+03 1.195817e+03 1.198084e+03 1.198851e+03
9.3 1.197665e+03 1.197279e+03 1.198099e+03 1.198486e+03
10.3 1.186001e+03 1.197665e+03 1.198103e+03 1.186440e+03
11.3 1.191720e+03 1.197545e+03 1.198101e+03 1.192277e+03
12.3 1.199932e+03 1.197390e+03 1.198097e+03 1.200639e+03
13.3 1.192950e+03 1.197284e+03 1.198091e+03 1.193757e+03
14.3 1.183810e+03 1.197172e+03 1.198052e+03 1.184690e+03
15.3 1.193298e+03 1.197041e+03 1.197963e+03 1.194220e+03
16.3 1.196868e+03 1.197682e+03 1.197919e+03 1.197105e+03
17.3 1.204845e+03 1.199168e+03 1.197955e+03 1.203632e+03
18.3 1.197221e+03 1.198337e+03 1.198014e+03 1.196898e+03
19.3 1.199634e+03 1.195199e+03 1.198058e+03 1.202493e+03
20.3 1.192580e+03 1.195063e+03 1.198083e+03 1.195601e+03
21.3 1.206216e+03 1.196851e+03 1.198095e+03 1.207461e+03
0.9 1.192950e+03 1.197284e+03 1.198091e+03 1.193757e+03
1.9 1.183810e+03 1.197172e+03 1.198052e+03 1.184690e+03
2.9 1.193298e+03 1.197041e+03 1.197963e+03 1.194220e+03
3.9 1.196868e+03 1.197682e+03 1.197919e+03 1.197105e+03
4.9 1.204845e+03 1.199168e+03 1.197955e+03 1.203632e+03
5.9 1.197221e+03 1.198337e+03 1.198014e+03 1.196898e+03
6.9 1.199634e+03 1.195199e+03 1.198058e+03 1.202493e+03
7.9 1.192580e+03 1.195063e+03 1.198083e+03 1.195601e+03
8.9 1.206216e+03 1.196851e+03 1.198095e+03 1.207461e+03
9.9 1.205263e+03 1.198532e+03 1.198099e+03 1.204830e+03
10.9 1.213148e+03 1.201309e+03 1.198097e+03 1.209937e+03
11.9 1.206626e+03 1.203417e+03 1.198094e+03 1.201303e+03
12.9 1.207945e+03 1.203289e+03 1.198090e+03 1.202746e+03
13.9 1.201961e+03 1.201266e+03 1.198087e+03 1.198783e+03
14.9 1.201214e+03 1.199110e+03 1.198086e+03 1.200190e+03
15.9 1.194361e+03 1.197656e+03 1.198084e+03 1.194790e+03
16.9 1.193960e+03 1.196885e+03 1.198084e+03 1.195159e+03
17.9 1.195647e+03 1.196812e+03 1.198084e+03 1.196919e+03
18.9 1.213281e+03 1.197985e+03 1.198084e+03 1.213380e+03
19.9 1.204214e+03 1.197769e+03 1.198083e+03 1.204529e+03
20.9 1.203785e+03 1.195485e+03 1.198083e+03 1.206383e+03
21.9 1.190928e+03 1.194707e+03 1.198083e+03 1.194304e+03
0.9 1.186396e+03 1.197177e+03 1.198082e+03 1.187301e+03
1.9 1.196922e+03 1.197193e+03 1.198047e+03 1.197776e+03
2.9 1.189594e+03 1.197106e+03 1.197955e+03 1.190443e+03
3.9 1.198605e+03 1.197135e+03 1.197879e+03 1.199348e+03
4.9 1.192903e+03 1.198378e+03 1.197896e+03 1.192421e+03
5.9 1.187162e+03 1.198216e+03 1.197967e+03 1.186914e+03
6.9 1.189406e+03 1.194443e+03 1.198033e+03 1.192997e+03
7.9 1.191304e+03 1.190721e+03 1.198074e+03 1.198658e+03
8.9 1.184325e+03 1.191836e+03 1.198095e+03 1.190585e+03
9.9 1.198790e+03 1.195222e+03 1.198103e+03 1.201671e+03
10.9 1.192285e+03 1.197171e+03 1.198103e+03 1.193217e+03
11.9 1.190927e+03 1.197778e+03 1.198099e+03 1.191248e+03
12.9 1.183601e+03 1.198052e+03 1.198094e+03 1.183643e+03
13.9 1.200739e+03 1.199124e+03 1.198090e+03 1.199705e+03
14.9 1.202672e+03 1.198921e+03 1.198087e+03 1.201838e+03
15.9 1.199598e+03 1.196346e+03 1.198085e+03 1.201337e+03
16.9 1.189310e+03 1.195782e+03 1.198084e+03 1.191612e+03
17.9 1.193272e+03 1.197681e+03 1.198084e+03 1.193675e+03
18.9 1.195650e+03 1.200044e+03 1.198084e+03 1.193690e+03
19.9 1.191159e+03 1.200750e+03 1.198083e+03 1.188493e+03
20.9 1.200411e+03 1.199787e+03 1.198083e+03 1.198708e+03
21.9 1.195750e+03 1.198759e+03 1.198083e+03 1.195075e+03
0.2 1.199509e+03 1.201095e+03 1.198083e+03 1.196498e+03
1.2 1.201366e+03 1.200277e+03 1.198077e+03 1.199166e+03
2.2 1.195676e+03 1.198760e+03 1.198020e+03 1.194935e+03
3.2 1.200375e+03 1.197628e+03 1.197935e+03 1.200682e+03
4.2 1.201061e+03 1.198174e+03 1.197924e+03 1.200810e+03
5.2 1.203742e+03 1.199115e+03 1.197975e+03 1.202602e+03
6.2 1.198102e+03 1.198818e+03 1.198031e+03 1.197315e+03
7.2 1.194610e+03 1.197984e+03 1.198041e+03 1.194667e+03
8.2 1.183177e+03 1.197283e+03 1.197975e+03 1.183870e+03
9.2 1.206583e+03 1.196787e+03 1.197898e+03 1.207694e+03
10.2 1.203562e+03 1.195088e+03 1.197903e+03 1.206378e+03
11.2 1.198367e+03 1.194415e+03 1.197969e+03 1.201921e+03
12.2 1.201402e+03 1.198304e+03 1.198034e+03 1.201133e+03
13.2 1.203313e+03 1.203265e+03 1.198075e+03 1.198123e+03
14.2 1.201850e+03 1.205453e+03 1.198096e+03 1.194493e+03
15.2 1.203530e+03 1.204646e+03 1.198104e+03 1.196987e+03
16.2 1.204847e+03 1.201996e+03 1.198104e+03 1.200955e+03
17.2 1.198469e+03 1.199399e+03 1.198100e+03 1.197170e+03
18.2 1.200091e+03 1.197667e+03 1.198095e+03 1.200518e+03
19.2 1.201281e+03 1.196197e+03 1.198090e+03 1.203175e+03
20.2 1.193385e+03 1.193100e+03 1.198087e+03 1.198372e+03
21.2 1.198105e+03 1.190484e+03 1.198085e+03 1.205707e+03
0.7 1.198102e+03 1.198818e+03 1.198031e+03 1.197315e+03
1.7 1.194610e+03 1.197984e+03 1.198041e+03 1.194667e+03
2.7 1.183177e+03 1.197283e+03 1.197975e+03 1.183870e+03
3.7 1.206583e+03 1.196787e+03 1.197898e+03 1.207694e+03
4.7 1.203562e+03 1.195088e+03 1.197903e+03 1.206378e+03
5.7 1.198367e+03 1.194415e+03 1.197969e+03 1.201921e+03
6.7 1.201402e+03 1.198304e+03 1.198034e+03 1.201133e+03
7.7 1.203313e+03 1.203265e+03 1.198075e+03 1.198123e+03
8.7 1.201850e+03 1.205453e+03 1.198096e+03 1.194493e+03
9.7 1.203530e+03 1.204646e+03 1.198104e+03 1.196987e+03
10.7 1.204847e+03 1.201996e+03 1.198104e+03 1.200955e+03
11.7 1.198469e+03 1.199399e+03 1.198100e+03 1.197170e+03
12.7 1.200091e+03 1.197667e+03 1.198095e+03 1.200518e+03
13.7 1.201281e+03 1.196197e+03 1.198090e+03 1.203175e+03
14.7 1.193385e+03 1.193100e+03 1.198087e+03 1.198372e+03
15.7 1.198105e+03 1.190484e+03 1.198085e+03 1.205707e+03
16.7 1.188712e+03 1.192395e+03 1.198084e+03 1.194401e+03
17.7 1.182921e+03 1.195623e+03 1.198084e+03 1.185382e+03
18.7 1.194275e+03 1.197269e+03 1.198084e+03 1.195090e+03
19.7 1.192414e+03 1.197737e+03 1.198083e+03 1.192760e+03
20.7 1.201194e+03 1.197043e+03 1.198083e+03 1.202235e+03
21.7 1.197690e+03 1.193998e+03 1.198083e+03 1.201776e+03
0.7 1.191587e+03 1.196141e+03 1.198083e+03 1.193530e+03
1.7 1.185479e+03 1.196013e+03 1.198061e+03 1.187527e+03
2.7 1.193296e+03 1.196482e+03 1.197978e+03 1.194793e+03
3.7 1.195012e+03 1.196853e+03 1.197889e+03 1.196048e+03
4.7 1.195844e+03 1.198061e+03 1.197884e+03 1.195668e+03
5.7 1.207427e+03 1.199558e+03 1.197950e+03 1.205819e+03
6.7 1.207602e+03 1.199659e+03 1.198020e+03 1.205963e+03
7.7 1.205879e+03 1.199091e+03 1.198067e+03 1.204855e+03
8.7 1.200875e+03 1.199075e+03 1.198092e+03 1.199891e+03
9.7 1.192245e+03 1.199968e+03 1.198102e+03 1.190379e+03
10.7 1.199342e+03 1.200278e+03 1.198103e+03 1.197167e+03
11.7 1.202664e+03 1.200673e+03 1.198100e+03 1.200091e+03
12.7 1.203754e+03 1.201412e+03 1.198095e+03 1.200437e+03
13.7 1.198125e+03 1.201445e+03 1.198091e+03 1.194771e+03
14.7 1.194824e+03 1.201205e+03 1.198088e+03 1.191706e+03
15.7 1.207737e+03 1.201217e+03 1.198086e+03 1.204606e+03
16.7 1.207274e+03 1.198655e+03 1.198084e+03 1.206704e+03
17.7 1.204537e+03 1.195495e+03 1.198084e+03 1.207126e+03
18.7 1.200134e+03 1.194660e+03 1.198084e+03 1.203558e+03
19.7 1.203894e+03 1.195219e+03 1.198083e+03 1.206759e+03
20.7 1.199866e+03 1.196101e+03 1.198083e+03 1.201849e+03
21.7 1.173817e+03 1.196963e+03 1.198083e+03 1.174938e+03
