0.4 9.625151e+03 9.671528e+03 9.675352e+03 9.628975e+03
1.4 9.627690e+03 9.674294e+03 9.678723e+03 9.632119e+03
2.4 9.654499e+03 9.686251e+03 9.690229e+03 9.658478e+03
3.4 9.680933e+03 9.689554e+03 9.693932e+03 9.685311e+03
4.4 9.685827e+03 9.682632e+03 9.688589e+03 9.691784e+03
5.4 9.681722e+03 9.678495e+03 9.685116e+03 9.688343e+03
6.4 9.693631e+03 9.686765e+03 9.692106e+03 9.698971e+03
7.4 9.684614e+03 9.690165e+03 9.693689e+03 9.688138e+03
8.4 9.666852e+03 9.684034e+03 9.687371e+03 9.670189e+03
9.4 9.655428e+03 9.674311e+03 9.680491e+03 9.661609e+03
10.4 9.661900e+03 9.671845e+03 9.680055e+03 9.670109e+03
11.4 9.707890e+03 9.682518e+03 9.689449e+03 9.714820e+03
12.4 9.708905e+03 9.686347e+03 9.691711e+03 9.714269e+03
13.4 9.675017e+03 9.680201e+03 9.686553e+03 9.681369e+03
14.4 9.661186e+03 9.682342e+03 9.688870e+03 9.667715e+03
15.4 9.661225e+03 9.689593e+03 9.694373e+03 9.666005e+03
16.4 9.674697e+03 9.688019e+03 9.690797e+03 9.677475e+03
17.4 9.686632e+03 9.684542e+03 9.683337e+03 9.685427e+03
18.4 9.714978e+03 9.687208e+03 9.677648e+03 9.705418e+03
19.4 9.729394e+03 9.693342e+03 9.679046e+03 9.715098e+03
20.4 9.726486e+03 9.700505e+03 9.689208e+03 9.715188e+03
0.4 9.685827e+03 9.682632e+03 9.688589e+03 9.691784e+03
1.4 9.681722e+03 9.678495e+03 9.685116e+03 9.688343e+03
2.4 9.693631e+03 9.686765e+03 9.692106e+03 9.698971e+03
3.4 9.684614e+03 9.690165e+03 9.693689e+03 9.688138e+03
4.4 9.666852e+03 9.684034e+03 9.687371e+03 9.670189e+03
5.4 9.655428e+03 9.674311e+03 9.680491e+03 9.661609e+03
6.4 9.661900e+03 9.671845e+03 9.680055e+03 9.670109e+03
7.4 9.707890e+03 9.682518e+03 9.689449e+03 9.714820e+03
8.4 9.708905e+03 9.686347e+03 9.691711e+03 9.714269e+03
9.4 9.675017e+03 9.680201e+03 9.686553e+03 9.681369e+03
10.4 9.661186e+03 9.682342e+03 9.688870e+03 9.667715e+03
11.4 9.661225e+03 9.689593e+03 9.694373e+03 9.666005e+03
12.4 9.674697e+03 9.688019e+03 9.690797e+03 9.677475e+03
13.4 9.686632e+03 9.684542e+03 9.683337e+03 9.685427e+03
14.4 9.714978e+03 9.687208e+03 9.677648e+03 9.705418e+03
15.4 9.729394e+03 9.693342e+03 9.679046e+03 9.715098e+03
16.4 9.726486e+03 9.700505e+03 9.689208e+03 9.715188e+03
17.4 9.711527e+03 9.697229e+03 9.691313e+03 9.705611e+03
18.4 9.687055e+03 9.690957e+03 9.685778e+03 9.681876e+03
19.4 9.682259e+03 9.688039e+03 9.679876e+03 9.674095e+03
20.4 9.678912e+03 9.682393e+03 9.676164e+03 9.672683e+03
0.5 9.655428e+03 9.674311e+03 9.680491e+03 9.661609e+03
1.5 9.661900e+03 9.671845e+03 9.680055e+03 9.670109e+03
2.5 9.707890e+03 9.682518e+03 9.689449e+03 9.714820e+03
3.5 9.708905e+03 9.686347e+03 9.691711e+03 9.714269e+03
4.5 9.675017e+03 9.680201e+03 9.686553e+03 9.681369e+03
5.5 9.661186e+03 9.682342e+03 9.688870e+03 9.667715e+03
6.5 9.661225e+03 9.689593e+03 9.694373e+03 9.666005e+03
7.5 9.674697e+03 9.688019e+03 9.690797e+03 9.677475e+03
8.5 9.686632e+03 9.684542e+03 9.683337e+03 9.685427e+03
9.5 9.714978e+03 9.687208e+03 9.677648e+03 9.705418e+03
10.5 9.729394e+03 9.693342e+03 9.679046e+03 9.715098e+03
11.5 9.726486e+03 9.700505e+03 9.689208e+03 9.715188e+03
12.5 9.711527e+03 9.697229e+03 9.691313e+03 9.705611e+03
13.5 9.687055e+03 9.690957e+03 9.685778e+03 9.681876e+03
14.5 9.682259e+03 9.688039e+03 9.679876e+03 9.674095e+03
15.5 9.678912e+03 9.682393e+03 9.676164e+03 9.672683e+03
16.5 9.675924e+03 9.677669e+03 9.674287e+03 9.672541e+03
17.5 9.662196e+03 9.680862e+03 9.673556e+03 9.654891e+03
18.5 9.668919e+03 9.688073e+03 9.675725e+03 9.656570e+03
19.5 9.705665e+03 9.697674e+03 9.687233e+03 9.695224e+03
20.5 9.714698e+03 9.696170e+03 9.693083e+03 9.711610e+03
0.9 9.675017e+03 9.680201e+03 9.686553e+03 9.681369e+03
1.9 9.661186e+03 9.682342e+03 9.688870e+03 9.667715e+03
2.9 9.661225e+03 9.689593e+03 9.694373e+03 9.666005e+03
3.9 9.674697e+03 9.688019e+03 9.690797e+03 9.677475e+03
4.9 9.686632e+03 9.684542e+03 9.683337e+03 9.685427e+03
5.9 9.714978e+03 9.687208e+03 9.677648e+03 9.705418e+03
6.9 9.729394e+03 9.693342e+03 9.679046e+03 9.715098e+03
7.9 9.726486e+03 9.700505e+03 9.689208e+03 9.715188e+03
8.9 9.711527e+03 9.697229e+03 9.691313e+03 9.705611e+03
9.9 9.687055e+03 9.690957e+03 9.685778e+03 9.681876e+03
10.9 9.682259e+03 9.688039e+03 9.679876e+03 9.674095e+03
11.9 9.678912e+03 9.682393e+03 9.676164e+03 9.672683e+03
12.9 9.675924e+03 9.677669e+03 9.674287e+03 9.672541e+03
13.9 9.662196e+03 9.680862e+03 9.673556e+03 9.654891e+03
14.9 9.668919e+03 9.688073e+03 9.675725e+03 9.656570e+03
15.9 9.705665e+03 9.697674e+03 9.687233e+03 9.695224e+03
16.9 9.714698e+03 9.696170e+03 9.693083e+03 9.711610e+03
17.9 9.690798e+03 9.683405e+03 9.688916e+03 9.696309e+03
18.9 9.681968e+03 9.673791e+03 9.684462e+03 9.692639e+03
19.9 9.678476e+03 9.680426e+03 9.690877e+03 9.688927e+03
20.9 9.671823e+03 9.685441e+03 9.694015e+03 9.680397e+03
0.5 9.714978e+03 9.687208e+03 9.677648e+03 9.705418e+03
1.5 9.729394e+03 9.693342e+03 9.679046e+03 9.715098e+03
2.5 9.726486e+03 9.700505e+03 9.689208e+03 9.715188e+03
3.5 9.711527e+03 9.697229e+03 9.691313e+03 9.705611e+03
4.5 9.687055e+03 9.690957e+03 9.685778e+03 9.681876e+03
5.5 9.682259e+03 9.688039e+03 9.679876e+03 9.674095e+03
6.5 9.678912e+03 9.682393e+03 9.676164e+03 9.672683e+03
7.5 9.675924e+03 9.677669e+03 9.674287e+03 9.672541e+03
8.5 9.662196e+03 9.680862e+03 9.673556e+03 9.654891e+03
9.5 9.668919e+03 9.688073e+03 9.675725e+03 9.656570e+03
10.5 9.705665e+03 9.697674e+03 9.687233e+03 9.695224e+03
11.5 9.714698e+03 9.696170e+03 9.693083e+03 9.711610e+03
12.5 9.690798e+03 9.683405e+03 9.688916e+03 9.696309e+03
13.5 9.681968e+03 9.673791e+03 9.684462e+03 9.692639e+03
14.5 9.678476e+03 9.680426e+03 9.690877e+03 9.688927e+03
15.5 9.671823e+03 9.685441e+03 9.694015e+03 9.680397e+03
16.5 9.665856e+03 9.680343e+03 9.688411e+03 9.673923e+03
17.5 9.677471e+03 9.674802e+03 9.682621e+03 9.685290e+03
18.5 9.705724e+03 9.682212e+03 9.688315e+03 9.711827e+03
19.5 9.723881e+03 9.689120e+03 9.692999e+03 9.727761e+03
20.5 9.694184e+03 9.685591e+03 9.688499e+03 9.697092e+03
0.3 9.662196e+03 9.680862e+03 9.673556e+03 9.654891e+03
1.3 9.668919e+03 9.688073e+03 9.675725e+03 9.656570e+03
2.3 9.705665e+03 9.697674e+03 9.687233e+03 9.695224e+03
3.3 9.714698e+03 9.696170e+03 9.693083e+03 9.711610e+03
4.3 9.690798e+03 9.683405e+03 9.688916e+03 9.696309e+03
5.3 9.681968e+03 9.673791e+03 9.684462e+03 9.692639e+03
6.3 9.678476e+03 9.680426e+03 9.690877e+03 9.688927e+03
7.3 9.671823e+03 9.685441e+03 9.694015e+03 9.680397e+03
8.3 9.665856e+03 9.680343e+03 9.688411e+03 9.673923e+03
9.3 9.677471e+03 9.674802e+03 9.682621e+03 9.685290e+03
10.3 9.705724e+03 9.682212e+03 9.688315e+03 9.711827e+03
11.3 9.723881e+03 9.689120e+03 9.692999e+03 9.727761e+03
12.3 9.694184e+03 9.685591e+03 9.688499e+03 9.697092e+03
13.3 9.674942e+03 9.678247e+03 9.681607e+03 9.678301e+03
14.3 9.680510e+03 9.675439e+03 9.679219e+03 9.684290e+03
15.3 9.698046e+03 9.684796e+03 9.688029e+03 9.701279e+03
16.3 9.715784e+03 9.689777e+03 9.692115e+03 9.718122e+03
17.3 9.703199e+03 9.685563e+03 9.687253e+03 9.704890e+03
18.3 9.677709e+03 9.679499e+03 9.680861e+03 9.679071e+03
19.3 9.677780e+03 9.675553e+03 9.676597e+03 9.678824e+03
20.3 9.695559e+03 9.677930e+03 9.674405e+03 9.692035e+03
0.2 9.690798e+03 9.683405e+03 9.688916e+03 9.696309e+03
1.2 9.681968e+03 9.673791e+03 9.684462e+03 9.692639e+03
2.2 9.678476e+03 9.680426e+03 9.690877e+03 9.688927e+03
3.2 9.671823e+03 9.685441e+03 9.694015e+03 9.680397e+03
4.2 9.665856e+03 9.680343e+03 9.688411e+03 9.673923e+03
5.2 9.677471e+03 9.674802e+03 9.682621e+03 9.685290e+03
6.2 9.705724e+03 9.682212e+03 9.688315e+03 9.711827e+03
7.2 9.723881e+03 9.689120e+03 9.692999e+03 9.727761e+03
8.2 9.694184e+03 9.685591e+03 9.688499e+03 9.697092e+03
9.2 9.674942e+03 9.678247e+03 9.681607e+03 9.678301e+03
10.2 9.680510e+03 9.675439e+03 9.679219e+03 9.684290e+03
11.2 9.698046e+03 9.684796e+03 9.688029e+03 9.701279e+03
12.2 9.715784e+03 9.689777e+03 9.692115e+03 9.718122e+03
13.2 9.703199e+03 9.685563e+03 9.687253e+03 9.704890e+03
14.2 9.677709e+03 9.679499e+03 9.680861e+03 9.679071e+03
15.2 9.677780e+03 9.675553e+03 9.676597e+03 9.678824e+03
16.2 9.695559e+03 9.677930e+03 9.674405e+03 9.692035e+03
17.2 9.700263e+03 9.687718e+03 9.673519e+03 9.686065e+03
18.2 9.704503e+03 9.691922e+03 9.673407e+03 9.685988e+03
19.2 9.690536e+03 9.686356e+03 9.673714e+03 9.677894e+03
20.2 9.685724e+03 9.679320e+03 9.674169e+03 9.680573e+03
0.1 9.665856e+03 9.680343e+03 9.688411e+03 9.673923e+03
1.1 9.677471e+03 9.674802e+03 9.682621e+03 9.685290e+03
2.1 9.705724e+03 9.682212e+03 9.688315e+03 9.711827e+03
3.1 9.723881e+03 9.689120e+03 9.692999e+03 9.727761e+03
4.1 9.694184e+03 9.685591e+03 9.688499e+03 9.697092e+03
5.1 9.674942e+03 9.678247e+03 9.681607e+03 9.678301e+03
6.1 9.680510e+03 9.675439e+03 9.679219e+03 9.684290e+03
7.1 9.698046e+03 9.684796e+03 9.688029e+03 9.701279e+03
8.1 9.715784e+03 9.689777e+03 9.692115e+03 9.718122e+03
9.1 9.703199e+03 9.685563e+03 9.687253e+03 9.704890e+03
10.1 9.677709e+03 9.679499e+03 9.680861e+03 9.679071e+03
11.1 9.677780e+03 9.675553e+03 9.676597e+03 9.678824e+03
12.1 9.695559e+03 9.677930e+03 9.674405e+03 9.692035e+03
13.1 9.700263e+03 9.687718e+03 9.673519e+03 9.686065e+03
14.1 9.704503e+03 9.691922e+03 9.673407e+03 9.685988e+03
15.1 9.690536e+03 9.686356e+03 9.673714e+03 9.677894e+03
16.1 9.685724e+03 9.679320e+03 9.674169e+03 9.680573e+03
17.1 9.679110e+03 9.674258e+03 9.674596e+03 9.679449e+03
18.1 9.686848e+03 9.671159e+03 9.675178e+03 9.690867e+03
19.1 9.691453e+03 9.677506e+03 9.682926e+03 9.696873e+03
20.1 9.719730e+03 9.688099e+03 9.693099e+03 9.724730e+03
0.3 9.674942e+03 9.678247e+03 9.681607e+03 9.678301e+03
1.3 9.680510e+03 9.675439e+03 9.679219e+03 9.684290e+03
2.3 9.698046e+03 9.684796e+03 9.688029e+03 9.701279e+03
3.3 9.715784e+03 9.689777e+03 9.692115e+03 9.718122e+03
4.3 9.703199e+03 9.685563e+03 9.687253e+03 9.704890e+03
5.3 9.677709e+03 9.679499e+03 9.680861e+03 9.679071e+03
6.3 9.677780e+03 9.675553e+03 9.676597e+03 9.678824e+03
7.3 9.695559e+03 9.677930e+03 9.674405e+03 9.692035e+03
8.3 9.700263e+03 9.687718e+03 9.673519e+03 9.686065e+03
9.3 9.704503e+03 9.691922e+03 9.673407e+03 9.685988e+03
10.3 9.690536e+03 9.686356e+03 9.673714e+03 9.677894e+03
11.3 9.685724e+03 9.679320e+03 9.674169e+03 9.680573e+03
12.3 9.679110e+03 9.674258e+03 9.674596e+03 9.679449e+03
13.3 9.686848e+03 9.671159e+03 9.675178e+03 9.690867e+03
14.3 9.691453e+03 9.677506e+03 9.682926e+03 9.696873e+03
15.3 9.719730e+03 9.688099e+03 9.693099e+03 9.724730e+03
16.3 9.724359e+03 9.688395e+03 9.692350e+03 9.728313e+03
17.3 9.699995e+03 9.682528e+03 9.685768e+03 9.703235e+03
18.3 9.669027e+03 9.676309e+03 9.679907e+03 9.672626e+03
19.3 9.668180e+03 9.672051e+03 9.676462e+03 9.672591e+03
20.3 9.689324e+03 9.676873e+03 9.681228e+03 9.693678e+03
0.8 9.686848e+03 9.671159e+03 9.675178e+03 9.690867e+03
1.8 9.691453e+03 9.677506e+03 9.682926e+03 9.696873e+03
2.8 9.719730e+03 9.688099e+03 9.693099e+03 9.724730e+03
3.8 9.724359e+03 9.688395e+03 9.692350e+03 9.728313e+03
4.8 9.699995e+03 9.682528e+03 9.685768e+03 9.703235e+03
5.8 9.669027e+03 9.676309e+03 9.679907e+03 9.672626e+03
6.8 9.668180e+03 9.672051e+03 9.676462e+03 9.672591e+03
7.8 9.689324e+03 9.676873e+03 9.681228e+03 9.693678e+03
8.8 9.711905e+03 9.687724e+03 9.691140e+03 9.715321e+03
9.8 9.709391e+03 9.688755e+03 9.691194e+03 9.711830e+03
10.8 9.691255e+03 9.683266e+03 9.685065e+03 9.693054e+03
11.8 9.676390e+03 9.678220e+03 9.679420e+03 9.677590e+03
12.8 9.687898e+03 9.678856e+03 9.675993e+03 9.685036e+03
13.8 9.701535e+03 9.682504e+03 9.674270e+03 9.693301e+03
14.8 9.717589e+03 9.680780e+03 9.673620e+03 9.710429e+03
15.8 9.728860e+03 9.676854e+03 9.673625e+03 9.725630e+03
16.8 9.733722e+03 9.677571e+03 9.673964e+03 9.730115e+03
17.8 9.725252e+03 9.684457e+03 9.674390e+03 9.715186e+03
18.8 9.696799e+03 9.687440e+03 9.674759e+03 9.684118e+03
19.8 9.677082e+03 9.682927e+03 9.675020e+03 9.669175e+03
20.8 9.678412e+03 9.677519e+03 9.675180e+03 9.676072e+03
0.7 9.668180e+03 9.672051e+03 9.676462e+03 9.672591e+03
1.7 9.689324e+03 9.676873e+03 9.681228e+03 9.693678e+03
2.7 9.711905e+03 9.687724e+03 9.691140e+03 9.715321e+03
3.7 9.709391e+03 9.688755e+03 9.691194e+03 9.711830e+03
4.7 9.691255e+03 9.683266e+03 9.685065e+03 9.693054e+03
5.7 9.676390e+03 9.678220e+03 9.679420e+03 9.677590e+03
6.7 9.687898e+03 9.678856e+03 9.675993e+03 9.685036e+03
7.7 9.701535e+03 9.682504e+03 9.674270e+03 9.693301e+03
8.7 9.717589e+03 9.680780e+03 9.673620e+03 9.710429e+03
9.7 9.728860e+03 9.676854e+03 9.673625e+03 9.725630e+03
10.7 9.733722e+03 9.677571e+03 9.673964e+03 9.730115e+03
11.7 9.725252e+03 9.684457e+03 9.674390e+03 9.715186e+03
12.7 9.696799e+03 9.687440e+03 9.674759e+03 9.684118e+03
13.7 9.677082e+03 9.682927e+03 9.675020e+03 9.669175e+03
14.7 9.678412e+03 9.677519e+03 9.675180e+03 9.676072e+03
15.7 9.688106e+03 9.674277e+03 9.675267e+03 9.689096e+03
16.7 9.709814e+03 9.672779e+03 9.675311e+03 9.712346e+03
17.7 9.706725e+03 9.672247e+03 9.675332e+03 9.709810e+03
18.7 9.700421e+03 9.672255e+03 9.675341e+03 9.703507e+03
19.7 9.691669e+03 9.673533e+03 9.675345e+03 9.693481e+03
20.7 9.683831e+03 9.681392e+03 9.675346e+03 9.677785e+03
1.0 9.686657e+03 9.692689e+03 9.676145e+03 9.670113e+03
2.0 9.698872e+03 9.703200e+03 9.685663e+03 9.681335e+03
3.0 9.704173e+03 9.703698e+03 9.693937e+03 9.694411e+03
4.0 9.694145e+03 9.692765e+03 9.692570e+03 9.693950e+03
5.0 9.695867e+03 9.691362e+03 9.696170e+03 9.700674e+03
6.0 9.699696e+03 9.691992e+03 9.697799e+03 9.705503e+03
7.0 9.696862e+03 9.685004e+03 9.691018e+03 9.702877e+03
8.0 9.683061e+03 9.676315e+03 9.682650e+03 9.689396e+03
9.0 9.679928e+03 9.675873e+03 9.681700e+03 9.685755e+03
10.0 9.705073e+03 9.685484e+03 9.690167e+03 9.709757e+03
11.0 9.711371e+03 9.685330e+03 9.691091e+03 9.717132e+03
12.0 9.679535e+03 9.676056e+03 9.685089e+03 9.688568e+03
13.0 9.669800e+03 9.672061e+03 9.682529e+03 9.680269e+03
14.0 9.660021e+03 9.682052e+03 9.690471e+03 9.668440e+03
15.0 9.677808e+03 9.686112e+03 9.692487e+03 9.684183e+03
16.0 9.689809e+03 9.684861e+03 9.690202e+03 9.695150e+03
17.0 9.702308e+03 9.691344e+03 9.695204e+03 9.706167e+03
18.0 9.690541e+03 9.692156e+03 9.694474e+03 9.692859e+03
19.0 9.674745e+03 9.685674e+03 9.687009e+03 9.676081e+03
20.0 9.672010e+03 9.678827e+03 9.679755e+03 9.672938e+03
21.0 9.703400e+03 9.674490e+03 9.675361e+03 9.704271e+03
0.1 9.704173e+03 9.703698e+03 9.693937e+03 9.694411e+03
1.1 9.694145e+03 9.692765e+03 9.692570e+03 9.693950e+03
2.1 9.695867e+03 9.691362e+03 9.696170e+03 9.700674e+03
3.1 9.699696e+03 9.691992e+03 9.697799e+03 9.705503e+03
4.1 9.696862e+03 9.685004e+03 9.691018e+03 9.702877e+03
5.1 9.683061e+03 9.676315e+03 9.682650e+03 9.689396e+03
6.1 9.679928e+03 9.675873e+03 9.681700e+03 9.685755e+03
7.1 9.705073e+03 9.685484e+03 9.690167e+03 9.709757e+03
8.1 9.711371e+03 9.685330e+03 9.691091e+03 9.717132e+03
9.1 9.679535e+03 9.676056e+03 9.685089e+03 9.688568e+03
10.1 9.669800e+03 9.672061e+03 9.682529e+03 9.680269e+03
11.1 9.660021e+03 9.682052e+03 9.690471e+03 9.668440e+03
12.1 9.677808e+03 9.686112e+03 9.692487e+03 9.684183e+03
13.1 9.689809e+03 9.684861e+03 9.690202e+03 9.695150e+03
14.1 9.702308e+03 9.691344e+03 9.695204e+03 9.706167e+03
15.1 9.690541e+03 9.692156e+03 9.694474e+03 9.692859e+03
16.1 9.674745e+03 9.685674e+03 9.687009e+03 9.676081e+03
17.1 9.672010e+03 9.678827e+03 9.679755e+03 9.672938e+03
18.1 9.703400e+03 9.674490e+03 9.675361e+03 9.704271e+03
19.1 9.702534e+03 9.672305e+03 9.673340e+03 9.703569e+03
20.1 9.676498e+03 9.670045e+03 9.672752e+03 9.679205e+03
0.5 9.683061e+03 9.676315e+03 9.682650e+03 9.689396e+03
1.5 9.679928e+03 9.675873e+03 9.681700e+03 9.685755e+03
2.5 9.705073e+03 9.685484e+03 9.690167e+03 9.709757e+03
3.5 9.711371e+03 9.685330e+03 9.691091e+03 9.717132e+03
4.5 9.679535e+03 9.676056e+03 9.685089e+03 9.688568e+03
5.5 9.669800e+03 9.672061e+03 9.682529e+03 9.680269e+03
6.5 9.660021e+03 9.682052e+03 9.690471e+03 9.668440e+03
7.5 9.677808e+03 9.686112e+03 9.692487e+03 9.684183e+03
8.5 9.689809e+03 9.684861e+03 9.690202e+03 9.695150e+03
9.5 9.702308e+03 9.691344e+03 9.695204e+03 9.706167e+03
10.5 9.690541e+03 9.692156e+03 9.694474e+03 9.692859e+03
11.5 9.674745e+03 9.685674e+03 9.687009e+03 9.676081e+03
12.5 9.672010e+03 9.678827e+03 9.679755e+03 9.672938e+03
13.5 9.703400e+03 9.674490e+03 9.675361e+03 9.704271e+03
14.5 9.702534e+03 9.672305e+03 9.673340e+03 9.703569e+03
15.5 9.676498e+03 9.670045e+03 9.672752e+03 9.679205e+03
16.5 9.668787e+03 9.666419e+03 9.672999e+03 9.675366e+03
17.5 9.678364e+03 9.670383e+03 9.678904e+03 9.686885e+03
18.5 9.691253e+03 9.683664e+03 9.690692e+03 9.698281e+03
19.5 9.688269e+03 9.687325e+03 9.692539e+03 9.693483e+03
20.5 9.687901e+03 9.682855e+03 9.687779e+03 9.692825e+03
0.4 9.679535e+03 9.676056e+03 9.685089e+03 9.688568e+03
1.4 9.669800e+03 9.672061e+03 9.682529e+03 9.680269e+03
2.4 9.660021e+03 9.682052e+03 9.690471e+03 9.668440e+03
3.4 9.677808e+03 9.686112e+03 9.692487e+03 9.684183e+03
4.4 9.689809e+03 9.684861e+03 9.690202e+03 9.695150e+03
5.4 9.702308e+03 9.691344e+03 9.695204e+03 9.706167e+03
6.4 9.690541e+03 9.692156e+03 9.694474e+03 9.692859e+03
7.4 9.674745e+03 9.685674e+03 9.687009e+03 9.676081e+03
8.4 9.672010e+03 9.678827e+03 9.679755e+03 9.672938e+03
9.4 9.703400e+03 9.674490e+03 9.675361e+03 9.704271e+03
10.4 9.702534e+03 9.672305e+03 9.673340e+03 9.703569e+03
11.4 9.676498e+03 9.670045e+03 9.672752e+03 9.679205e+03
12.4 9.668787e+03 9.666419e+03 9.672999e+03 9.675366e+03
13.4 9.678364e+03 9.670383e+03 9.678904e+03 9.686885e+03
14.4 9.691253e+03 9.683664e+03 9.690692e+03 9.698281e+03
15.4 9.688269e+03 9.687325e+03 9.692539e+03 9.693483e+03
16.4 9.687901e+03 9.682855e+03 9.687779e+03 9.692825e+03
17.4 9.693888e+03 9.687438e+03 9.691708e+03 9.698158e+03
18.4 9.692233e+03 9.692527e+03 9.695472e+03 9.695179e+03
19.4 9.687567e+03 9.690313e+03 9.690238e+03 9.687492e+03
20.4 9.705168e+03 9.689764e+03 9.683052e+03 9.698455e+03
0.4 9.677808e+03 9.686112e+03 9.692487e+03 9.684183e+03
1.4 9.689809e+03 9.684861e+03 9.690202e+03 9.695150e+03
2.4 9.702308e+03 9.691344e+03 9.695204e+03 9.706167e+03
3.4 9.690541e+03 9.692156e+03 9.694474e+03 9.692859e+03
4.4 9.674745e+03 9.685674e+03 9.687009e+03 9.676081e+03
5.4 9.672010e+03 9.678827e+03 9.679755e+03 9.672938e+03
6.4 9.703400e+03 9.674490e+03 9.675361e+03 9.704271e+03
7.4 9.702534e+03 9.672305e+03 9.673340e+03 9.703569e+03
8.4 9.676498e+03 9.670045e+03 9.672752e+03 9.679205e+03
9.4 9.668787e+03 9.666419e+03 9.672999e+03 9.675366e+03
10.4 9.678364e+03 9.670383e+03 9.678904e+03 9.686885e+03
11.4 9.691253e+03 9.683664e+03 9.690692e+03 9.698281e+03
12.4 9.688269e+03 9.687325e+03 9.692539e+03 9.693483e+03
13.4 9.687901e+03 9.682855e+03 9.687779e+03 9.692825e+03
14.4 9.693888e+03 9.687438e+03 9.691708e+03 9.698158e+03
15.4 9.692233e+03 9.692527e+03 9.695472e+03 9.695179e+03
16.4 9.687567e+03 9.690313e+03 9.690238e+03 9.687492e+03
17.4 9.705168e+03 9.689764e+03 9.683052e+03 9.698455e+03
18.4 9.734507e+03 9.695769e+03 9.686351e+03 9.725088e+03
19.4 9.716157e+03 9.699375e+03 9.692652e+03 9.709434e+03
20.4 9.688245e+03 9.692516e+03 9.689630e+03 9.685359e+03
0.6 9.668787e+03 9.666419e+03 9.672999e+03 9.675366e+03
1.6 9.678364e+03 9.670383e+03 9.678904e+03 9.686885e+03
2.6 9.691253e+03 9.683664e+03 9.690692e+03 9.698281e+03
3.6 9.688269e+03 9.687325e+03 9.692539e+03 9.693483e+03
4.6 9.687901e+03 9.682855e+03 9.687779e+03 9.692825e+03
5.6 9.693888e+03 9.687438e+03 9.691708e+03 9.698158e+03
6.6 9.692233e+03 9.692527e+03 9.695472e+03 9.695179e+03
7.6 9.687567e+03 9.690313e+03 9.690238e+03 9.687492e+03
8.6 9.705168e+03 9.689764e+03 9.683052e+03 9.698455e+03
9.6 9.734507e+03 9.695769e+03 9.686351e+03 9.725088e+03
10.6 9.716157e+03 9.699375e+03 9.692652e+03 9.709434e+03
11.6 9.688245e+03 9.692516e+03 9.689630e+03 9.685359e+03
12.6 9.659062e+03 9.682847e+03 9.682737e+03 9.658953e+03
13.6 9.659552e+03 9.675988e+03 9.677472e+03 9.661036e+03
14.6 9.657691e+03 9.672390e+03 9.674641e+03 9.659941e+03
15.6 9.698004e+03 9.672384e+03 9.673445e+03 9.699064e+03
16.6 9.738394e+03 9.679683e+03 9.673194e+03 9.731906e+03
17.6 9.719756e+03 9.684805e+03 9.673461e+03 9.708412e+03
18.6 9.681678e+03 9.682000e+03 9.673939e+03 9.673617e+03
19.6 9.654792e+03 9.677486e+03 9.674420e+03 9.651726e+03
20.6 9.645822e+03 9.674548e+03 9.674797e+03 9.646071e+03
0.1 9.688269e+03 9.687325e+03 9.692539e+03 9.693483e+03
1.1 9.687901e+03 9.682855e+03 9.687779e+03 9.692825e+03
2.1 9.693888e+03 9.687438e+03 9.691708e+03 9.698158e+03
3.1 9.692233e+03 9.692527e+03 9.695472e+03 9.695179e+03
4.1 9.687567e+03 9.690313e+03 9.690238e+03 9.687492e+03
5.1 9.705168e+03 9.689764e+03 9.683052e+03 9.698455e+03
6.1 9.734507e+03 9.695769e+03 9.686351e+03 9.725088e+03
7.1 9.716157e+03 9.699375e+03 9.692652e+03 9.709434e+03
8.1 9.688245e+03 9.692516e+03 9.689630e+03 9.685359e+03
9.1 9.659062e+03 9.682847e+03 9.682737e+03 9.658953e+03
10.1 9.659552e+03 9.675988e+03 9.677472e+03 9.661036e+03
11.1 9.657691e+03 9.672390e+03 9.674641e+03 9.659941e+03
12.1 9.698004e+03 9.672384e+03 9.673445e+03 9.699064e+03
13.1 9.738394e+03 9.679683e+03 9.673194e+03 9.731906e+03
14.1 9.719756e+03 9.684805e+03 9.673461e+03 9.708412e+03
15.1 9.681678e+03 9.682000e+03 9.673939e+03 9.673617e+03
16.1 9.654792e+03 9.677486e+03 9.674420e+03 9.651726e+03
17.1 9.645822e+03 9.674548e+03 9.674797e+03 9.646071e+03
18.1 9.656205e+03 9.672272e+03 9.675049e+03 9.658983e+03
19.1 9.663640e+03 9.669676e+03 9.675254e+03 9.669218e+03
20.1 9.671063e+03 9.673946e+03 9.680702e+03 9.677819e+03
0.9 9.705168e+03 9.689764e+03 9.683052e+03 9.698455e+03
1.9 9.734507e+03 9.695769e+03 9.686351e+03 9.725088e+03
2.9 9.716157e+03 9.699375e+03 9.692652e+03 9.709434e+03
3.9 9.688245e+03 9.692516e+03 9.689630e+03 9.685359e+03
4.9 9.659062e+03 9.682847e+03 9.682737e+03 9.658953e+03
5.9 9.659552e+03 9.675988e+03 9.677472e+03 9.661036e+03
6.9 9.657691e+03 9.672390e+03 9.674641e+03 9.659941e+03
7.9 9.698004e+03 9.672384e+03 9.673445e+03 9.699064e+03
8.9 9.738394e+03 9.679683e+03 9.673194e+03 9.731906e+03
9.9 9.719756e+03 9.684805e+03 9.673461e+03 9.708412e+03
10.9 9.681678e+03 9.682000e+03 9.673939e+03 9.673617e+03
11.9 9.654792e+03 9.677486e+03 9.674420e+03 9.651726e+03
12.9 9.645822e+03 9.674548e+03 9.674797e+03 9.646071e+03
13.9 9.656205e+03 9.672272e+03 9.675049e+03 9.658983e+03
14.9 9.663640e+03 9.669676e+03 9.675254e+03 9.669218e+03
15.9 9.671063e+03 9.673946e+03 9.680702e+03 9.677819e+03
16.9 9.694778e+03 9.686221e+03 9.691935e+03 9.700493e+03
17.9 9.683925e+03 9.689288e+03 9.693306e+03 9.687943e+03
18.9 9.659822e+03 9.684488e+03 9.687175e+03 9.662509e+03
19.9 9.651073e+03 9.679029e+03 9.680905e+03 9.652948e+03
20.9 9.641481e+03 9.675415e+03 9.676876e+03 9.642941e+03
0.6 9.663640e+03 9.669676e+03 9.675254e+03 9.669218e+03
1.6 9.671063e+03 9.673946e+03 9.680702e+03 9.677819e+03
2.6 9.694778e+03 9.686221e+03 9.691935e+03 9.700493e+03
3.6 9.683925e+03 9.689288e+03 9.693306e+03 9.687943e+03
4.6 9.659822e+03 9.684488e+03 9.687175e+03 9.662509e+03
5.6 9.651073e+03 9.679029e+03 9.680905e+03 9.652948e+03
6.6 9.641481e+03 9.675415e+03 9.676876e+03 9.642941e+03
7.6 9.648445e+03 9.673430e+03 9.674734e+03 9.649750e+03
8.6 9.660902e+03 9.673261e+03 9.673825e+03 9.661465e+03
9.6 9.686320e+03 9.678635e+03 9.673683e+03 9.681369e+03
10.6 9.682542e+03 9.687883e+03 9.673959e+03 9.668618e+03
11.6 9.689168e+03 9.695607e+03 9.677734e+03 9.671295e+03
12.6 9.684814e+03 9.703057e+03 9.689611e+03 9.671368e+03
13.6 9.662151e+03 9.699432e+03 9.693583e+03 9.656301e+03
14.6 9.646185e+03 9.687690e+03 9.688405e+03 9.646901e+03
15.6 9.657440e+03 9.679848e+03 9.684326e+03 9.661918e+03
16.6 9.718255e+03 9.685763e+03 9.691167e+03 9.723659e+03
17.6 9.735894e+03 9.688427e+03 9.693798e+03 9.741265e+03
18.6 9.694413e+03 9.685142e+03 9.690376e+03 9.699647e+03
19.6 9.671122e+03 9.690311e+03 9.694677e+03 9.675489e+03
20.6 9.651242e+03 9.691592e+03 9.695205e+03 9.654855e+03
0.4 9.682542e+03 9.687883e+03 9.673959e+03 9.668618e+03
1.4 9.689168e+03 9.695607e+03 9.677734e+03 9.671295e+03
2.4 9.684814e+03 9.703057e+03 9.689611e+03 9.671368e+03
3.4 9.662151e+03 9.699432e+03 9.693583e+03 9.656301e+03
4.4 9.646185e+03 9.687690e+03 9.688405e+03 9.646901e+03
5.4 9.657440e+03 9.679848e+03 9.684326e+03 9.661918e+03
6.4 9.718255e+03 9.685763e+03 9.691167e+03 9.723659e+03
7.4 9.735894e+03 9.688427e+03 9.693798e+03 9.741265e+03
8.4 9.694413e+03 9.685142e+03 9.690376e+03 9.699647e+03
9.4 9.671122e+03 9.690311e+03 9.694677e+03 9.675489e+03
10.4 9.651242e+03 9.691592e+03 9.695205e+03 9.654855e+03
11.4 9.653862e+03 9.684344e+03 9.688585e+03 9.658103e+03
12.4 9.660888e+03 9.684706e+03 9.689157e+03 9.665340e+03
13.4 9.695347e+03 9.690397e+03 9.693955e+03 9.698904e+03
14.4 9.702342e+03 9.687863e+03 9.690282e+03 9.704761e+03
15.4 9.696162e+03 9.684653e+03 9.682843e+03 9.694352e+03
16.4 9.680787e+03 9.689820e+03 9.677212e+03 9.668179e+03
17.4 9.679425e+03 9.697556e+03 9.678145e+03 9.660013e+03
18.4 9.693790e+03 9.704249e+03 9.688479e+03 9.678019e+03
19.4 9.702526e+03 9.701559e+03 9.691337e+03 9.692304e+03
20.4 9.704444e+03 9.696381e+03 9.686090e+03 9.694153e+03
0.3 9.646185e+03 9.687690e+03 9.688405e+03 9.646901e+03
1.3 9.657440e+03 9.679848e+03 9.684326e+03 9.661918e+03
2.3 9.718255e+03 9.685763e+03 9.691167e+03 9.723659e+03
3.3 9.735894e+03 9.688427e+03 9.693798e+03 9.741265e+03
4.3 9.694413e+03 9.685142e+03 9.690376e+03 9.699647e+03
5.3 9.671122e+03 9.690311e+03 9.694677e+03 9.675489e+03
6.3 9.651242e+03 9.691592e+03 9.695205e+03 9.654855e+03
7.3 9.653862e+03 9.684344e+03 9.688585e+03 9.658103e+03
8.3 9.660888e+03 9.684706e+03 9.689157e+03 9.665340e+03
9.3 9.695347e+03 9.690397e+03 9.693955e+03 9.698904e+03
10.3 9.702342e+03 9.687863e+03 9.690282e+03 9.704761e+03
11.3 9.696162e+03 9.684653e+03 9.682843e+03 9.694352e+03
12.3 9.680787e+03 9.689820e+03 9.677212e+03 9.668179e+03
13.3 9.679425e+03 9.697556e+03 9.678145e+03 9.660013e+03
14.3 9.693790e+03 9.704249e+03 9.688479e+03 9.678019e+03
15.3 9.702526e+03 9.701559e+03 9.691337e+03 9.692304e+03
16.3 9.704444e+03 9.696381e+03 9.686090e+03 9.694153e+03
17.3 9.692593e+03 9.688610e+03 9.680134e+03 9.684117e+03
18.3 9.671322e+03 9.680072e+03 9.676313e+03 9.667563e+03
19.3 9.671901e+03 9.678785e+03 9.674359e+03 9.667475e+03
20.3 9.673107e+03 9.680811e+03 9.673578e+03 9.665874e+03
0.3 9.735894e+03 9.688427e+03 9.693798e+03 9.741265e+03
1.3 9.694413e+03 9.685142e+03 9.690376e+03 9.699647e+03
2.3 9.671122e+03 9.690311e+03 9.694677e+03 9.675489e+03
3.3 9.651242e+03 9.691592e+03 9.695205e+03 9.654855e+03
4.3 9.653862e+03 9.684344e+03 9.688585e+03 9.658103e+03
5.3 9.660888e+03 9.684706e+03 9.689157e+03 9.665340e+03
6.3 9.695347e+03 9.690397e+03 9.693955e+03 9.698904e+03
7.3 9.702342e+03 9.687863e+03 9.690282e+03 9.704761e+03
8.3 9.696162e+03 9.684653e+03 9.682843e+03 9.694352e+03
9.3 9.680787e+03 9.689820e+03 9.677212e+03 9.668179e+03
10.3 9.679425e+03 9.697556e+03 9.678145e+03 9.660013e+03
11.3 9.693790e+03 9.704249e+03 9.688479e+03 9.678019e+03
12.3 9.702526e+03 9.701559e+03 9.691337e+03 9.692304e+03
13.3 9.704444e+03 9.696381e+03 9.686090e+03 9.694153e+03
14.3 9.692593e+03 9.688610e+03 9.680134e+03 9.684117e+03
15.3 9.671322e+03 9.680072e+03 9.676313e+03 9.667563e+03
16.3 9.671901e+03 9.678785e+03 9.674359e+03 9.667475e+03
17.3 9.673107e+03 9.680811e+03 9.673578e+03 9.665874e+03
18.3 9.673047e+03 9.678269e+03 9.673511e+03 9.668289e+03
19.3 9.667495e+03 9.674565e+03 9.673826e+03 9.666756e+03
20.3 9.669928e+03 9.672556e+03 9.674267e+03 9.671639e+03
0.9 9.653862e+03 9.684344e+03 9.688585e+03 9.658103e+03
1.9 9.660888e+03 9.684706e+03 9.689157e+03 9.665340e+03
2.9 9.695347e+03 9.690397e+03 9.693955e+03 9.698904e+03
3.9 9.702342e+03 9.687863e+03 9.690282e+03 9.704761e+03
4.9 9.696162e+03 9.684653e+03 9.682843e+03 9.694352e+03
5.9 9.680787e+03 9.689820e+03 9.677212e+03 9.668179e+03
6.9 9.679425e+03 9.697556e+03 9.678145e+03 9.660013e+03
7.9 9.693790e+03 9.704249e+03 9.688479e+03 9.678019e+03
8.9 9.702526e+03 9.701559e+03 9.691337e+03 9.692304e+03
9.9 9.704444e+03 9.696381e+03 9.686090e+03 9.694153e+03
10.9 9.692593e+03 9.688610e+03 9.680134e+03 9.684117e+03
11.9 9.671322e+03 9.680072e+03 9.676313e+03 9.667563e+03
12.9 9.671901e+03 9.678785e+03 9.674359e+03 9.667475e+03
13.9 9.673107e+03 9.680811e+03 9.673578e+03 9.665874e+03
14.9 9.673047e+03 9.678269e+03 9.673511e+03 9.668289e+03
15.9 9.667495e+03 9.674565e+03 9.673826e+03 9.666756e+03
16.9 9.669928e+03 9.672556e+03 9.674267e+03 9.671639e+03
17.9 9.681893e+03 9.671956e+03 9.674668e+03 9.684605e+03
18.9 9.696276e+03 9.671993e+03 9.674961e+03 9.699244e+03
19.9 9.701065e+03 9.672280e+03 9.675145e+03 9.703930e+03
20.9 9.696135e+03 9.672655e+03 9.675250e+03 9.698730e+03
0.5 9.680787e+03 9.689820e+03 9.677212e+03 9.668179e+03
1.5 9.679425e+03 9.697556e+03 9.678145e+03 9.660013e+03
2.5 9.693790e+03 9.704249e+03 9.688479e+03 9.678019e+03
3.5 9.702526e+03 9.701559e+03 9.691337e+03 9.692304e+03
4.5 9.704444e+03 9.696381e+03 9.686090e+03 9.694153e+03
5.5 9.692593e+03 9.688610e+03 9.680134e+03 9.684117e+03
6.5 9.671322e+03 9.680072e+03 9.676313e+03 9.667563e+03
7.5 9.671901e+03 9.678785e+03 9.674359e+03 9.667475e+03
8.5 9.673107e+03 9.680811e+03 9.673578e+03 9.665874e+03
9.5 9.673047e+03 9.678269e+03 9.673511e+03 9.668289e+03
10.5 9.667495e+03 9.674565e+03 9.673826e+03 9.666756e+03
11.5 9.669928e+03 9.672556e+03 9.674267e+03 9.671639e+03
12.5 9.681893e+03 9.671956e+03 9.674668e+03 9.684605e+03
13.5 9.696276e+03 9.671993e+03 9.674961e+03 9.699244e+03
14.5 9.701065e+03 9.672280e+03 9.675145e+03 9.703930e+03
15.5 9.696135e+03 9.672655e+03 9.675250e+03 9.698730e+03
16.5 9.677629e+03 9.672958e+03 9.675303e+03 9.679974e+03
17.5 9.673609e+03 9.671734e+03 9.675328e+03 9.677204e+03
18.5 9.661100e+03 9.667993e+03 9.675339e+03 9.668446e+03
19.5 9.672594e+03 9.665755e+03 9.676255e+03 9.683094e+03
20.5 9.686257e+03 9.676283e+03 9.686017e+03 9.695991e+03
1.0 9.672594e+03 9.665755e+03 9.676255e+03 9.683094e+03
2.0 9.686257e+03 9.676283e+03 9.686017e+03 9.695991e+03
3.0 9.692379e+03 9.686577e+03 9.693999e+03 9.699801e+03
4.0 9.672495e+03 9.684325e+03 9.691079e+03 9.679250e+03
5.0 9.663885e+03 9.678215e+03 9.685060e+03 9.670730e+03
6.0 9.680515e+03 9.683612e+03 9.689217e+03 9.686120e+03
7.0 9.694779e+03 9.690778e+03 9.694359e+03 9.698360e+03
8.0 9.683031e+03 9.688121e+03 9.690134e+03 9.685045e+03
9.0 9.658766e+03 9.681605e+03 9.682793e+03 9.659954e+03
10.0 9.647968e+03 9.677647e+03 9.677442e+03 9.647763e+03
11.0 9.673500e+03 9.681901e+03 9.674610e+03 9.666208e+03
12.0 9.704560e+03 9.685979e+03 9.673432e+03 9.692013e+03
13.0 9.708603e+03 9.682715e+03 9.673208e+03 9.699095e+03
14.0 9.673457e+03 9.681702e+03 9.673493e+03 9.665248e+03
15.0 9.663225e+03 9.688054e+03 9.675447e+03 9.650618e+03
16.0 9.663860e+03 9.698612e+03 9.686519e+03 9.651767e+03
17.0 9.658227e+03 9.700407e+03 9.693621e+03 9.651441e+03
18.0 9.649251e+03 9.691775e+03 9.690061e+03 9.647537e+03
19.0 9.667538e+03 9.683348e+03 9.683392e+03 9.667583e+03
20.0 9.692249e+03 9.684345e+03 9.678468e+03 9.686371e+03
21.0 9.683846e+03 9.692452e+03 9.681577e+03 9.672972e+03
1.0 9.663885e+03 9.678215e+03 9.685060e+03 9.670730e+03
2.0 9.680515e+03 9.683612e+03 9.689217e+03 9.686120e+03
3.0 9.694779e+03 9.690778e+03 9.694359e+03 9.698360e+03
4.0 9.683031e+03 9.688121e+03 9.690134e+03 9.685045e+03
5.0 9.658766e+03 9.681605e+03 9.682793e+03 9.659954e+03
6.0 9.647968e+03 9.677647e+03 9.677442e+03 9.647763e+03
7.0 9.673500e+03 9.681901e+03 9.674610e+03 9.666208e+03
8.0 9.704560e+03 9.685979e+03 9.673432e+03 9.692013e+03
9.0 9.708603e+03 9.682715e+03 9.673208e+03 9.699095e+03
10.0 9.673457e+03 9.681702e+03 9.673493e+03 9.665248e+03
11.0 9.663225e+03 9.688054e+03 9.675447e+03 9.650618e+03
12.0 9.663860e+03 9.698612e+03 9.686519e+03 9.651767e+03
13.0 9.658227e+03 9.700407e+03 9.693621e+03 9.651441e+03
14.0 9.649251e+03 9.691775e+03 9.690061e+03 9.647537e+03
15.0 9.667538e+03 9.683348e+03 9.683392e+03 9.667583e+03
16.0 9.692249e+03 9.684345e+03 9.678468e+03 9.686371e+03
17.0 9.683846e+03 9.692452e+03 9.681577e+03 9.672972e+03
18.0 9.671110e+03 9.699765e+03 9.691136e+03 9.662480e+03
19.0 9.659532e+03 9.694969e+03 9.691409e+03 9.655973e+03
20.0 9.659518e+03 9.682689e+03 9.685229e+03 9.662057e+03
21.0 9.677066e+03 9.671845e+03 9.680038e+03 9.685260e+03
0.1 9.673457e+03 9.681702e+03 9.673493e+03 9.665248e+03
1.1 9.663225e+03 9.688054e+03 9.675447e+03 9.650618e+03
2.1 9.663860e+03 9.698612e+03 9.686519e+03 9.651767e+03
3.1 9.658227e+03 9.700407e+03 9.693621e+03 9.651441e+03
4.1 9.649251e+03 9.691775e+03 9.690061e+03 9.647537e+03
5.1 9.667538e+03 9.683348e+03 9.683392e+03 9.667583e+03
6.1 9.692249e+03 9.684345e+03 9.678468e+03 9.686371e+03
7.1 9.683846e+03 9.692452e+03 9.681577e+03 9.672972e+03
8.1 9.671110e+03 9.699765e+03 9.691136e+03 9.662480e+03
9.1 9.659532e+03 9.694969e+03 9.691409e+03 9.655973e+03
10.1 9.659518e+03 9.682689e+03 9.685229e+03 9.662057e+03
11.1 9.677066e+03 9.671845e+03 9.680038e+03 9.685260e+03
12.1 9.702908e+03 9.675912e+03 9.685531e+03 9.712527e+03
13.1 9.707777e+03 9.684975e+03 9.692630e+03 9.715432e+03
14.1 9.659495e+03 9.684678e+03 9.689808e+03 9.664625e+03
15.1 9.635915e+03 9.678670e+03 9.683046e+03 9.640290e+03
16.1 9.626405e+03 9.670949e+03 9.677839e+03 9.633296e+03
17.1 9.664023e+03 9.665016e+03 9.674976e+03 9.673983e+03
18.1 9.673988e+03 9.663388e+03 9.673700e+03 9.684299e+03
19.1 9.701029e+03 9.667462e+03 9.673368e+03 9.706935e+03
20.1 9.692215e+03 9.678443e+03 9.673570e+03 9.687342e+03
0.7 9.692249e+03 9.684345e+03 9.678468e+03 9.686371e+03
1.7 9.683846e+03 9.692452e+03 9.681577e+03 9.672972e+03
2.7 9.671110e+03 9.699765e+03 9.691136e+03 9.662480e+03
3.7 9.659532e+03 9.694969e+03 9.691409e+03 9.655973e+03
4.7 9.659518e+03 9.682689e+03 9.685229e+03 9.662057e+03
5.7 9.677066e+03 9.671845e+03 9.680038e+03 9.685260e+03
6.7 9.702908e+03 9.675912e+03 9.685531e+03 9.712527e+03
7.7 9.707777e+03 9.684975e+03 9.692630e+03 9.715432e+03
8.7 9.659495e+03 9.684678e+03 9.689808e+03 9.664625e+03
9.7 9.635915e+03 9.678670e+03 9.683046e+03 9.640290e+03
10.7 9.626405e+03 9.670949e+03 9.677839e+03 9.633296e+03
11.7 9.664023e+03 9.665016e+03 9.674976e+03 9.673983e+03
12.7 9.673988e+03 9.663388e+03 9.673700e+03 9.684299e+03
13.7 9.701029e+03 9.667462e+03 9.673368e+03 9.706935e+03
14.7 9.692215e+03 9.678443e+03 9.673570e+03 9.687342e+03
15.7 9.666484e+03 9.689613e+03 9.674380e+03 9.651251e+03
16.7 9.660624e+03 9.699558e+03 9.682977e+03 9.644044e+03
17.7 9.663347e+03 9.703964e+03 9.692941e+03 9.652324e+03
18.7 9.675003e+03 9.696658e+03 9.691805e+03 9.670150e+03
19.7 9.672892e+03 9.685856e+03 9.685256e+03 9.672292e+03
20.7 9.680183e+03 9.677789e+03 9.679583e+03 9.681978e+03
1.0 9.677066e+03 9.671845e+03 9.680038e+03 9.685260e+03
2.0 9.702908e+03 9.675912e+03 9.685531e+03 9.712527e+03
3.0 9.707777e+03 9.684975e+03 9.692630e+03 9.715432e+03
4.0 9.659495e+03 9.684678e+03 9.689808e+03 9.664625e+03
5.0 9.635915e+03 9.678670e+03 9.683046e+03 9.640290e+03
6.0 9.626405e+03 9.670949e+03 9.677839e+03 9.633296e+03
7.0 9.664023e+03 9.665016e+03 9.674976e+03 9.673983e+03
8.0 9.673988e+03 9.663388e+03 9.673700e+03 9.684299e+03
9.0 9.701029e+03 9.667462e+03 9.673368e+03 9.706935e+03
10.0 9.692215e+03 9.678443e+03 9.673570e+03 9.687342e+03
11.0 9.666484e+03 9.689613e+03 9.674380e+03 9.651251e+03
12.0 9.660624e+03 9.699558e+03 9.682977e+03 9.644044e+03
13.0 9.663347e+03 9.703964e+03 9.692941e+03 9.652324e+03
14.0 9.675003e+03 9.696658e+03 9.691805e+03 9.670150e+03
15.0 9.672892e+03 9.685856e+03 9.685256e+03 9.672292e+03
16.0 9.680183e+03 9.677789e+03 9.679583e+03 9.681978e+03
17.0 9.670026e+03 9.672909e+03 9.676145e+03 9.673262e+03
18.0 9.667711e+03 9.669181e+03 9.674392e+03 9.672923e+03
19.0 9.673754e+03 9.668587e+03 9.675362e+03 9.680529e+03
20.0 9.685290e+03 9.679934e+03 9.686127e+03 9.691483e+03
21.0 9.682291e+03 9.688397e+03 9.692864e+03 9.686758e+03
0.9 9.666484e+03 9.689613e+03 9.674380e+03 9.651251e+03
1.9 9.660624e+03 9.699558e+03 9.682977e+03 9.644044e+03
2.9 9.663347e+03 9.703964e+03 9.692941e+03 9.652324e+03
3.9 9.675003e+03 9.696658e+03 9.691805e+03 9.670150e+03
4.9 9.672892e+03 9.685856e+03 9.685256e+03 9.672292e+03
5.9 9.680183e+03 9.677789e+03 9.679583e+03 9.681978e+03
6.9 9.670026e+03 9.672909e+03 9.676145e+03 9.673262e+03
7.9 9.667711e+03 9.669181e+03 9.674392e+03 9.672923e+03
8.9 9.673754e+03 9.668587e+03 9.675362e+03 9.680529e+03
9.9 9.685290e+03 9.679934e+03 9.686127e+03 9.691483e+03
10.9 9.682291e+03 9.688397e+03 9.692864e+03 9.686758e+03
11.9 9.663186e+03 9.686324e+03 9.689268e+03 9.666130e+03
12.9 9.665376e+03 9.680822e+03 9.682816e+03 9.667370e+03
13.9 9.668716e+03 9.676068e+03 9.678032e+03 9.670680e+03
14.9 9.663105e+03 9.671704e+03 9.675317e+03 9.666717e+03
15.9 9.670813e+03 9.668643e+03 9.674026e+03 9.676196e+03
16.9 9.665538e+03 9.667601e+03 9.673643e+03 9.671579e+03
17.9 9.655037e+03 9.670442e+03 9.673794e+03 9.658389e+03
18.9 9.661541e+03 9.681332e+03 9.674176e+03 9.654385e+03
19.9 9.703213e+03 9.692044e+03 9.674578e+03 9.685747e+03
20.9 9.702963e+03 9.691015e+03 9.674895e+03 9.686843e+03
0.2 9.667711e+03 9.669181e+03 9.674392e+03 9.672923e+03
1.2 9.673754e+03 9.668587e+03 9.675362e+03 9.680529e+03
2.2 9.685290e+03 9.679934e+03 9.686127e+03 9.691483e+03
3.2 9.682291e+03 9.688397e+03 9.692864e+03 9.686758e+03
4.2 9.663186e+03 9.686324e+03 9.689268e+03 9.666130e+03
5.2 9.665376e+03 9.680822e+03 9.682816e+03 9.667370e+03
6.2 9.668716e+03 9.676068e+03 9.678032e+03 9.670680e+03
7.2 9.663105e+03 9.671704e+03 9.675317e+03 9.666717e+03
8.2 9.670813e+03 9.668643e+03 9.674026e+03 9.676196e+03
9.2 9.665538e+03 9.667601e+03 9.673643e+03 9.671579e+03
10.2 9.655037e+03 9.670442e+03 9.673794e+03 9.658389e+03
11.2 9.661541e+03 9.681332e+03 9.674176e+03 9.654385e+03
12.2 9.703213e+03 9.692044e+03 9.674578e+03 9.685747e+03
13.2 9.702963e+03 9.691015e+03 9.674895e+03 9.686843e+03
14.2 9.688748e+03 9.683838e+03 9.675105e+03 9.680015e+03
15.2 9.656344e+03 9.676916e+03 9.675227e+03 9.654656e+03
16.2 9.647806e+03 9.669946e+03 9.675292e+03 9.653151e+03
17.2 9.648512e+03 9.664665e+03 9.675587e+03 9.659433e+03
18.2 9.662596e+03 9.671369e+03 9.683144e+03 9.674371e+03
19.2 9.691723e+03 9.684257e+03 9.693207e+03 9.700672e+03
20.2 9.691435e+03 9.686343e+03 9.692399e+03 9.697491e+03
0.8 9.648512e+03 9.664665e+03 9.675587e+03 9.659433e+03
1.8 9.662596e+03 9.671369e+03 9.683144e+03 9.674371e+03
2.8 9.691723e+03 9.684257e+03 9.693207e+03 9.700672e+03
3.8 9.691435e+03 9.686343e+03 9.692399e+03 9.697491e+03
4.8 9.682469e+03 9.681008e+03 9.685821e+03 9.687282e+03
5.8 9.658788e+03 9.680678e+03 9.684713e+03 9.662824e+03
6.8 9.669991e+03 9.689656e+03 9.692490e+03 9.672825e+03
7.8 9.697207e+03 9.693953e+03 9.692653e+03 9.695907e+03
8.8 9.696695e+03 9.696844e+03 9.686780e+03 9.686631e+03
9.8 9.696912e+03 9.702783e+03 9.689891e+03 9.684020e+03
10.8 9.678656e+03 9.704149e+03 9.694322e+03 9.668829e+03
11.8 9.689945e+03 9.701864e+03 9.689819e+03 9.677901e+03
12.8 9.703690e+03 9.701142e+03 9.682397e+03 9.684946e+03
13.8 9.706113e+03 9.694062e+03 9.677044e+03 9.689095e+03
14.8 9.683947e+03 9.683092e+03 9.674262e+03 9.675117e+03
15.8 9.663415e+03 9.675101e+03 9.673166e+03 9.661479e+03
16.8 9.645394e+03 9.671145e+03 9.673027e+03 9.647276e+03
17.8 9.651548e+03 9.669229e+03 9.673384e+03 9.655702e+03
18.8 9.646373e+03 9.668023e+03 9.673918e+03 9.652267e+03
19.8 9.683879e+03 9.669933e+03 9.676428e+03 9.690374e+03
20.8 9.716108e+03 9.682254e+03 9.687871e+03 9.721725e+03
0.5 9.682469e+03 9.681008e+03 9.685821e+03 9.687282e+03
1.5 9.658788e+03 9.680678e+03 9.684713e+03 9.662824e+03
2.5 9.669991e+03 9.689656e+03 9.692490e+03 9.672825e+03
3.5 9.697207e+03 9.693953e+03 9.692653e+03 9.695907e+03
4.5 9.696695e+03 9.696844e+03 9.686780e+03 9.686631e+03
5.5 9.696912e+03 9.702783e+03 9.689891e+03 9.684020e+03
6.5 9.678656e+03 9.704149e+03 9.694322e+03 9.668829e+03
7.5 9.689945e+03 9.701864e+03 9.689819e+03 9.677901e+03
8.5 9.703690e+03 9.701142e+03 9.682397e+03 9.684946e+03
9.5 9.706113e+03 9.694062e+03 9.677044e+03 9.689095e+03
10.5 9.683947e+03 9.683092e+03 9.674262e+03 9.675117e+03
11.5 9.663415e+03 9.675101e+03 9.673166e+03 9.661479e+03
12.5 9.645394e+03 9.671145e+03 9.673027e+03 9.647276e+03
13.5 9.651548e+03 9.669229e+03 9.673384e+03 9.655702e+03
14.5 9.646373e+03 9.668023e+03 9.673918e+03 9.652267e+03
15.5 9.683879e+03 9.669933e+03 9.676428e+03 9.690374e+03
16.5 9.716108e+03 9.682254e+03 9.687871e+03 9.721725e+03
17.5 9.728678e+03 9.688724e+03 9.693868e+03 9.733822e+03
18.5 9.707712e+03 9.687178e+03 9.692502e+03 9.713036e+03
19.5 9.689949e+03 9.692731e+03 9.697243e+03 9.694461e+03
20.5 9.679028e+03 9.693607e+03 9.696777e+03 9.682198e+03
1.0 9.696695e+03 9.696844e+03 9.686780e+03 9.686631e+03
2.0 9.696912e+03 9.702783e+03 9.689891e+03 9.684020e+03
3.0 9.678656e+03 9.704149e+03 9.694322e+03 9.668829e+03
4.0 9.689945e+03 9.701864e+03 9.689819e+03 9.677901e+03
5.0 9.703690e+03 9.701142e+03 9.682397e+03 9.684946e+03
6.0 9.706113e+03 9.694062e+03 9.677044e+03 9.689095e+03
7.0 9.683947e+03 9.683092e+03 9.674262e+03 9.675117e+03
8.0 9.663415e+03 9.675101e+03 9.673166e+03 9.661479e+03
9.0 9.645394e+03 9.671145e+03 9.673027e+03 9.647276e+03
10.0 9.651548e+03 9.669229e+03 9.673384e+03 9.655702e+03
11.0 9.646373e+03 9.668023e+03 9.673918e+03 9.652267e+03
12.0 9.683879e+03 9.669933e+03 9.676428e+03 9.690374e+03
13.0 9.716108e+03 9.682254e+03 9.687871e+03 9.721725e+03
14.0 9.728678e+03 9.688724e+03 9.693868e+03 9.733822e+03
15.0 9.707712e+03 9.687178e+03 9.692502e+03 9.713036e+03
16.0 9.689949e+03 9.692731e+03 9.697243e+03 9.694461e+03
17.0 9.679028e+03 9.693607e+03 9.696777e+03 9.682198e+03
18.0 9.687193e+03 9.686854e+03 9.688981e+03 9.689320e+03
19.0 9.684222e+03 9.679455e+03 9.681024e+03 9.685791e+03
20.0 9.684604e+03 9.674226e+03 9.676024e+03 9.686401e+03
21.0 9.686219e+03 9.670643e+03 9.673622e+03 9.689198e+03
0.2 9.646373e+03 9.668023e+03 9.673918e+03 9.652267e+03
1.2 9.683879e+03 9.669933e+03 9.676428e+03 9.690374e+03
2.2 9.716108e+03 9.682254e+03 9.687871e+03 9.721725e+03
3.2 9.728678e+03 9.688724e+03 9.693868e+03 9.733822e+03
4.2 9.707712e+03 9.687178e+03 9.692502e+03 9.713036e+03
5.2 9.689949e+03 9.692731e+03 9.697243e+03 9.694461e+03
6.2 9.679028e+03 9.693607e+03 9.696777e+03 9.682198e+03
7.2 9.687193e+03 9.686854e+03 9.688981e+03 9.689320e+03
8.2 9.684222e+03 9.679455e+03 9.681024e+03 9.685791e+03
9.2 9.684604e+03 9.674226e+03 9.676024e+03 9.686401e+03
10.2 9.686219e+03 9.670643e+03 9.673622e+03 9.689198e+03
11.2 9.686709e+03 9.669691e+03 9.673739e+03 9.690757e+03
12.2 9.684463e+03 9.679697e+03 9.683593e+03 9.688358e+03
13.2 9.688762e+03 9.689070e+03 9.692077e+03 9.691768e+03
0.4 9.728678e+03 9.688724e+03 9.693868e+03 9.733822e+03
1.4 9.707712e+03 9.687178e+03 9.692502e+03 9.713036e+03
2.4 9.689949e+03 9.692731e+03 9.697243e+03 9.694461e+03
3.4 9.679028e+03 9.693607e+03 9.696777e+03 9.682198e+03
4.4 9.687193e+03 9.686854e+03 9.688981e+03 9.689320e+03
5.4 9.684222e+03 9.679455e+03 9.681024e+03 9.685791e+03
6.4 9.684604e+03 9.674226e+03 9.676024e+03 9.686401e+03
7.4 9.686219e+03 9.670643e+03 9.673622e+03 9.689198e+03
8.4 9.686709e+03 9.669691e+03 9.673739e+03 9.690757e+03
9.4 9.684463e+03 9.679697e+03 9.683593e+03 9.688358e+03
10.4 9.688762e+03 9.689070e+03 9.692077e+03 9.691768e+03
1.0 9.686709e+03 9.669691e+03 9.673739e+03 9.690757e+03
2.0 9.684463e+03 9.679697e+03 9.683593e+03 9.688358e+03
3.0 9.688762e+03 9.689070e+03 9.692077e+03 9.691768e+03
