0.3 9.160762e+03 9.134519e+03 9.152926e+03 9.179170e+03
1.3 9.138343e+03 9.135157e+03 9.153564e+03 9.156751e+03
2.3 9.126591e+03 9.140328e+03 9.158735e+03 9.144998e+03
3.3 9.106509e+03 9.148955e+03 9.167356e+03 9.124911e+03
4.3 9.114156e+03 9.156929e+03 9.171273e+03 9.128500e+03
5.3 9.140310e+03 9.167455e+03 9.167234e+03 9.140089e+03
6.3 9.161910e+03 9.171196e+03 9.160724e+03 9.151438e+03
7.3 9.170638e+03 9.169487e+03 9.155756e+03 9.156908e+03
8.3 9.175825e+03 9.167012e+03 9.152896e+03 9.161709e+03
9.3 9.182303e+03 9.169651e+03 9.151561e+03 9.164213e+03
10.3 9.163133e+03 9.163851e+03 9.151188e+03 9.150470e+03
11.3 9.140281e+03 9.152396e+03 9.151355e+03 9.139240e+03
12.3 9.130598e+03 9.146332e+03 9.151746e+03 9.136012e+03
13.3 9.143728e+03 9.148011e+03 9.152151e+03 9.147868e+03
14.3 9.181662e+03 9.157454e+03 9.152469e+03 9.176677e+03
15.3 9.174220e+03 9.158224e+03 9.152680e+03 9.168676e+03
16.3 9.153110e+03 9.153810e+03 9.152803e+03 9.152103e+03
17.3 9.150769e+03 9.157205e+03 9.152869e+03 9.146433e+03
18.3 9.149713e+03 9.161595e+03 9.152901e+03 9.141019e+03
19.3 9.147101e+03 9.154825e+03 9.152916e+03 9.145192e+03
20.3 9.153578e+03 9.148406e+03 9.152922e+03 9.158094e+03
21.3 9.179712e+03 9.152590e+03 9.152925e+03 9.180047e+03
0.2 9.191151e+03 9.165910e+03 9.152926e+03 9.178167e+03
1.2 9.183283e+03 9.164967e+03 9.153341e+03 9.171658e+03
2.2 9.154136e+03 9.158247e+03 9.157865e+03 9.153754e+03
3.2 9.139297e+03 9.155151e+03 9.166430e+03 9.150575e+03
4.2 9.156222e+03 9.155618e+03 9.171284e+03 9.171888e+03
5.2 9.174392e+03 9.162493e+03 9.167939e+03 9.179838e+03
6.2 9.177844e+03 9.161139e+03 9.161426e+03 9.178131e+03
7.2 9.161553e+03 9.150573e+03 9.156210e+03 9.167190e+03
8.2 9.136349e+03 9.140324e+03 9.153133e+03 9.149159e+03
9.2 9.145088e+03 9.134470e+03 9.151656e+03 9.162275e+03
10.2 9.159191e+03 9.139360e+03 9.151196e+03 9.171028e+03
11.2 9.162910e+03 9.156733e+03 9.151320e+03 9.157497e+03
12.2 9.172647e+03 9.168026e+03 9.151698e+03 9.156319e+03
13.1 9.168069e+03 9.165992e+03 9.152108e+03 9.154185e+03
14.1 9.152483e+03 9.155409e+03 9.152766e+03 9.149840e+03
15.1 9.145443e+03 9.148363e+03 9.157186e+03 9.154266e+03
16.1 9.159471e+03 9.148770e+03 9.164956e+03 9.175657e+03
17.1 9.177571e+03 9.156049e+03 9.167171e+03 9.188693e+03
18.1 9.196610e+03 9.162599e+03 9.163128e+03 9.197139e+03
19.1 9.189633e+03 9.156571e+03 9.158098e+03 9.191160e+03
20.1 9.163418e+03 9.147531e+03 9.156316e+03 9.172203e+03
21.1 9.140672e+03 9.146366e+03 9.161333e+03 9.155639e+03
0.1 9.168069e+03 9.165992e+03 9.152108e+03 9.154185e+03
1.1 9.152483e+03 9.155409e+03 9.152766e+03 9.149840e+03
2.1 9.145443e+03 9.148363e+03 9.157186e+03 9.154266e+03
3.1 9.159471e+03 9.148770e+03 9.164956e+03 9.175657e+03
4.1 9.177571e+03 9.156049e+03 9.167171e+03 9.188693e+03
5.1 9.196610e+03 9.162599e+03 9.163128e+03 9.197139e+03
6.1 9.189633e+03 9.156571e+03 9.158098e+03 9.191160e+03
7.1 9.163418e+03 9.147531e+03 9.156316e+03 9.172203e+03
8.1 9.140672e+03 9.146366e+03 9.161333e+03 9.155639e+03
9.1 9.143422e+03 9.150242e+03 9.168586e+03 9.161766e+03
10.1 9.173097e+03 9.157412e+03 9.169466e+03 9.185151e+03
11.1 9.187493e+03 9.164297e+03 9.164073e+03 9.187270e+03
12.1 9.169016e+03 9.158569e+03 9.158087e+03 9.168534e+03
13.1 9.146023e+03 9.147302e+03 9.154097e+03 9.152818e+03
14.1 9.140242e+03 9.138867e+03 9.152007e+03 9.153382e+03
15.1 9.149485e+03 9.139872e+03 9.151175e+03 9.160788e+03
16.1 9.163701e+03 9.147438e+03 9.151100e+03 9.167364e+03
17.1 9.181202e+03 9.152336e+03 9.151417e+03 9.180283e+03
18.1 9.196527e+03 9.149818e+03 9.151856e+03 9.198565e+03
19.1 9.196067e+03 9.148307e+03 9.152252e+03 9.200012e+03
20.1 9.176673e+03 9.154906e+03 9.152542e+03 9.174309e+03
21.1 9.163516e+03 9.159941e+03 9.152725e+03 9.156300e+03
0.6 9.189633e+03 9.156571e+03 9.158098e+03 9.191160e+03
1.6 9.163418e+03 9.147531e+03 9.156316e+03 9.172203e+03
2.6 9.140672e+03 9.146366e+03 9.161333e+03 9.155639e+03
3.6 9.143422e+03 9.150242e+03 9.168586e+03 9.161766e+03
4.6 9.173097e+03 9.157412e+03 9.169466e+03 9.185151e+03
5.6 9.187493e+03 9.164297e+03 9.164073e+03 9.187270e+03
6.6 9.169016e+03 9.158569e+03 9.158087e+03 9.168534e+03
7.6 9.146023e+03 9.147302e+03 9.154097e+03 9.152818e+03
8.6 9.140242e+03 9.138867e+03 9.152007e+03 9.153382e+03
9.6 9.149485e+03 9.139872e+03 9.151175e+03 9.160788e+03
10.6 9.163701e+03 9.147438e+03 9.151100e+03 9.167364e+03
11.6 9.181202e+03 9.152336e+03 9.151417e+03 9.180283e+03
12.6 9.196527e+03 9.149818e+03 9.151856e+03 9.198565e+03
13.6 9.196067e+03 9.148307e+03 9.152252e+03 9.200012e+03
14.6 9.176673e+03 9.154906e+03 9.152542e+03 9.174309e+03
15.6 9.163516e+03 9.159941e+03 9.152725e+03 9.156300e+03
16.6 9.147260e+03 9.158388e+03 9.152828e+03 9.141700e+03
17.6 9.135538e+03 9.150320e+03 9.152881e+03 9.138100e+03
18.6 9.147786e+03 9.141494e+03 9.152907e+03 9.159199e+03
19.6 9.163483e+03 9.135529e+03 9.152918e+03 9.180872e+03
20.6 9.159632e+03 9.132510e+03 9.152923e+03 9.180045e+03
21.6 9.149058e+03 9.131456e+03 9.152925e+03 9.170527e+03
0.4 9.172950e+03 9.169017e+03 9.152927e+03 9.156860e+03
1.4 9.173112e+03 9.165926e+03 9.153940e+03 9.161127e+03
2.4 9.168961e+03 9.159688e+03 9.159895e+03 9.169168e+03
3.4 9.153830e+03 9.156323e+03 9.168416e+03 9.165923e+03
4.4 9.165786e+03 9.157529e+03 9.171098e+03 9.179355e+03
5.4 9.184521e+03 9.163772e+03 9.166314e+03 9.187064e+03
6.4 9.181669e+03 9.162685e+03 9.159880e+03 9.178864e+03
7.4 9.148194e+03 9.157432e+03 9.155229e+03 9.145991e+03
8.4 9.147068e+03 9.154954e+03 9.152627e+03 9.144741e+03
9.4 9.136814e+03 9.161309e+03 9.151460e+03 9.126965e+03
10.4 9.142151e+03 9.163930e+03 9.151187e+03 9.129407e+03
11.4 9.159485e+03 9.163584e+03 9.151404e+03 9.147304e+03
12.4 9.175362e+03 9.167413e+03 9.151807e+03 9.159756e+03
13.4 9.162389e+03 9.162068e+03 9.152203e+03 9.152524e+03
14.4 9.142508e+03 9.149622e+03 9.152505e+03 9.145392e+03
15.4 9.135983e+03 9.139051e+03 9.152702e+03 9.149633e+03
16.4 9.168011e+03 9.133046e+03 9.152815e+03 9.187780e+03
17.4 9.165141e+03 9.130616e+03 9.152875e+03 9.187400e+03
18.4 9.150300e+03 9.132309e+03 9.152904e+03 9.170895e+03
19.4 9.147677e+03 9.138270e+03 9.152917e+03 9.162324e+03
20.4 9.169137e+03 9.148315e+03 9.152922e+03 9.173745e+03
21.4 9.175064e+03 9.160558e+03 9.152925e+03 9.167431e+03
0.1 9.156685e+03 9.166276e+03 9.152926e+03 9.143335e+03
1.1 9.164669e+03 9.174648e+03 9.153341e+03 9.143362e+03
2.1 9.141533e+03 9.173673e+03 9.157865e+03 9.125725e+03
3.1 9.124856e+03 9.168156e+03 9.166430e+03 9.123130e+03
4.1 9.144906e+03 9.163582e+03 9.171284e+03 9.152608e+03
5.1 9.205349e+03 9.166622e+03 9.168192e+03 9.206919e+03
6.1 9.208250e+03 9.166469e+03 9.165453e+03 9.207234e+03
7.1 9.171543e+03 9.162914e+03 9.165741e+03 9.174369e+03
8.1 9.152563e+03 9.165775e+03 9.162783e+03 9.149571e+03
9.1 9.132690e+03 9.163916e+03 9.157837e+03 9.126611e+03
10.1 9.130821e+03 9.159045e+03 9.154022e+03 9.125797e+03
11.1 9.138676e+03 9.161131e+03 9.152019e+03 9.129564e+03
12.1 9.167851e+03 9.163680e+03 9.151283e+03 9.155454e+03
13.1 9.160376e+03 9.155418e+03 9.151238e+03 9.156196e+03
14.1 9.152285e+03 9.149817e+03 9.151520e+03 9.153988e+03
15.1 9.149333e+03 9.159399e+03 9.151906e+03 9.141840e+03
16.1 9.151880e+03 9.171351e+03 9.152264e+03 9.132792e+03
17.1 9.157439e+03 9.177679e+03 9.152535e+03 9.132294e+03
18.1 9.159043e+03 9.171794e+03 9.152714e+03 9.139964e+03
19.1 9.159524e+03 9.165320e+03 9.152820e+03 9.147023e+03
20.1 9.158099e+03 9.160507e+03 9.152876e+03 9.150468e+03
21.1 9.142100e+03 9.154312e+03 9.152904e+03 9.140692e+03
1.0 9.205349e+03 9.166622e+03 9.168192e+03 9.206919e+03
2.0 9.208250e+03 9.166469e+03 9.165453e+03 9.207234e+03
3.0 9.171543e+03 9.162914e+03 9.165741e+03 9.174369e+03
4.0 9.152563e+03 9.165775e+03 9.162783e+03 9.149571e+03
5.0 9.132690e+03 9.163916e+03 9.157837e+03 9.126611e+03
6.0 9.130821e+03 9.159045e+03 9.154022e+03 9.125797e+03
7.0 9.138676e+03 9.161131e+03 9.152019e+03 9.129564e+03
8.0 9.167851e+03 9.163680e+03 9.151283e+03 9.155454e+03
9.0 9.160376e+03 9.155418e+03 9.151238e+03 9.156196e+03
10.0 9.152285e+03 9.149817e+03 9.151520e+03 9.153988e+03
11.0 9.149333e+03 9.159399e+03 9.151906e+03 9.141840e+03
12.0 9.151880e+03 9.171351e+03 9.152264e+03 9.132792e+03
13.0 9.157439e+03 9.177679e+03 9.152535e+03 9.132294e+03
14.0 9.159043e+03 9.171794e+03 9.152714e+03 9.139964e+03
15.0 9.159524e+03 9.165320e+03 9.152820e+03 9.147023e+03
16.0 9.158099e+03 9.160507e+03 9.152876e+03 9.150468e+03
17.0 9.142100e+03 9.154312e+03 9.152904e+03 9.140692e+03
18.0 9.140401e+03 9.151896e+03 9.152917e+03 9.141422e+03
19.0 9.149141e+03 9.153591e+03 9.152922e+03 9.148473e+03
20.0 9.156476e+03 9.153476e+03 9.152925e+03 9.155925e+03
21.0 9.148195e+03 9.147679e+03 9.152926e+03 9.153442e+03
22.0 9.140237e+03 9.140143e+03 9.152926e+03 9.153020e+03
0.9 9.165652e+03 9.159967e+03 9.153029e+03 9.158714e+03
1.9 9.158304e+03 9.158330e+03 9.155971e+03 9.155945e+03
2.9 9.145458e+03 9.156161e+03 9.163570e+03 9.152867e+03
3.9 9.139226e+03 9.158343e+03 9.167669e+03 9.148552e+03
4.9 9.152768e+03 9.164812e+03 9.164601e+03 9.152556e+03
5.9 9.172900e+03 9.165388e+03 9.159329e+03 9.166842e+03
6.9 9.170703e+03 9.168622e+03 9.155314e+03 9.157395e+03
7.9 9.180729e+03 9.174931e+03 9.152999e+03 9.158796e+03
8.9 9.162570e+03 9.174327e+03 9.151898e+03 9.140142e+03
9.9 9.160766e+03 9.172668e+03 9.151568e+03 9.139666e+03
10.9 9.176464e+03 9.175881e+03 9.151681e+03 9.152264e+03
11.9 9.184321e+03 9.172843e+03 9.151984e+03 9.163463e+03
12.9 9.156145e+03 9.161513e+03 9.152305e+03 9.146937e+03
13.9 9.124708e+03 9.147407e+03 9.152559e+03 9.129860e+03
14.9 9.103761e+03 9.137202e+03 9.153056e+03 9.119615e+03
15.9 9.117500e+03 9.135793e+03 9.157354e+03 9.139060e+03
16.9 9.132615e+03 9.142248e+03 9.165900e+03 9.156268e+03
17.9 9.173644e+03 9.149954e+03 9.171224e+03 9.194914e+03
18.9 9.193122e+03 9.161580e+03 9.168269e+03 9.199811e+03
19.9 9.192950e+03 9.167599e+03 9.161783e+03 9.187133e+03
20.9 9.181807e+03 9.167450e+03 9.156447e+03 9.170804e+03
21.9 9.172712e+03 9.170559e+03 9.153259e+03 9.155412e+03
0.1 9.124708e+03 9.147407e+03 9.152559e+03 9.129860e+03
1.1 9.103761e+03 9.137202e+03 9.153056e+03 9.119615e+03
2.1 9.117500e+03 9.135793e+03 9.157354e+03 9.139060e+03
3.1 9.132615e+03 9.142248e+03 9.165900e+03 9.156268e+03
4.1 9.173644e+03 9.149954e+03 9.171224e+03 9.194914e+03
5.1 9.193122e+03 9.161580e+03 9.168269e+03 9.199811e+03
6.1 9.192950e+03 9.167599e+03 9.161783e+03 9.187133e+03
7.1 9.181807e+03 9.167450e+03 9.156447e+03 9.170804e+03
8.1 9.172712e+03 9.170559e+03 9.153259e+03 9.155412e+03
9.1 9.148543e+03 9.165077e+03 9.151708e+03 9.135175e+03
10.1 9.146178e+03 9.151861e+03 9.151203e+03 9.145520e+03
11.1 9.145984e+03 9.140397e+03 9.151425e+03 9.157013e+03
12.1 9.149117e+03 9.136742e+03 9.154888e+03 9.167263e+03
13.1 9.147441e+03 9.141873e+03 9.163346e+03 9.168913e+03
14.1 9.149200e+03 9.149003e+03 9.170357e+03 9.170554e+03
15.1 9.163250e+03 9.159790e+03 9.169092e+03 9.172552e+03
16.1 9.162386e+03 9.164101e+03 9.162941e+03 9.161225e+03
0.9 9.145984e+03 9.140397e+03 9.151425e+03 9.157013e+03
1.9 9.149117e+03 9.136742e+03 9.154888e+03 9.167263e+03
2.9 9.147441e+03 9.141873e+03 9.163346e+03 9.168913e+03
3.9 9.149200e+03 9.149003e+03 9.170357e+03 9.170554e+03
4.9 9.163250e+03 9.159790e+03 9.169092e+03 9.172552e+03
5.9 9.162386e+03 9.164101e+03 9.162941e+03 9.161225e+03
