0.9 9.948290e+03 9.941701e+03 9.960043e+03 9.966632e+03
1.9 9.960360e+03 9.946532e+03 9.967313e+03 9.981141e+03
2.9 9.960777e+03 9.963115e+03 9.984403e+03 9.982065e+03
3.9 9.978717e+03 9.973174e+03 9.992238e+03 9.997781e+03
4.9 9.973249e+03 9.969879e+03 9.984651e+03 9.988022e+03
5.9 9.956636e+03 9.959913e+03 9.973054e+03 9.969777e+03
6.9 9.955378e+03 9.955464e+03 9.964491e+03 9.964405e+03
7.9 9.973420e+03 9.959098e+03 9.959624e+03 9.973946e+03
8.9 9.990943e+03 9.966198e+03 9.957353e+03 9.982099e+03
9.9 1.000452e+04 9.970035e+03 9.956720e+03 9.991209e+03
10.9 9.988810e+03 9.962948e+03 9.957019e+03 9.982880e+03
11.9 9.965972e+03 9.954722e+03 9.957701e+03 9.968951e+03
12.9 9.943864e+03 9.955960e+03 9.958401e+03 9.946305e+03
13.9 9.950125e+03 9.962339e+03 9.958948e+03 9.946734e+03
14.9 9.981541e+03 9.968716e+03 9.959308e+03 9.972133e+03
15.9 9.991536e+03 9.972153e+03 9.959517e+03 9.978900e+03
16.9 9.967058e+03 9.964799e+03 9.959628e+03 9.961886e+03
17.9 9.944798e+03 9.953675e+03 9.959681e+03 9.950804e+03
18.9 9.944557e+03 9.945925e+03 9.959706e+03 9.958338e+03
19.9 9.954146e+03 9.949265e+03 9.959716e+03 9.964597e+03
20.9 9.970158e+03 9.959410e+03 9.959720e+03 9.970469e+03
21.9 9.986060e+03 9.962714e+03 9.959722e+03 9.983068e+03
0.3 9.958751e+03 9.938873e+03 9.959723e+03 9.979600e+03
1.3 9.951278e+03 9.940719e+03 9.961300e+03 9.971859e+03
2.3 9.950062e+03 9.953394e+03 9.973217e+03 9.969885e+03
3.3 9.958029e+03 9.971213e+03 9.989402e+03 9.976218e+03
4.3 9.986883e+03 9.982822e+03 9.990685e+03 9.994747e+03
5.3 9.984946e+03 9.983487e+03 9.980244e+03 9.981703e+03
6.3 9.968812e+03 9.976396e+03 9.969400e+03 9.961817e+03
7.3 9.975421e+03 9.974075e+03 9.962305e+03 9.963652e+03
8.3 9.972675e+03 9.970723e+03 9.958536e+03 9.960487e+03
9.3 9.975954e+03 9.967018e+03 9.956968e+03 9.965905e+03
10.3 9.961503e+03 9.967260e+03 9.956755e+03 9.950999e+03
11.3 9.975630e+03 9.969161e+03 9.957251e+03 9.963720e+03
12.3 9.992414e+03 9.972429e+03 9.957972e+03 9.977957e+03
13.3 9.982440e+03 9.970121e+03 9.958626e+03 9.970945e+03
14.3 9.959326e+03 9.966015e+03 9.959102e+03 9.952413e+03
15.3 9.961884e+03 9.963913e+03 9.959400e+03 9.957371e+03
16.3 9.954765e+03 9.967947e+03 9.959567e+03 9.946386e+03
17.3 9.958964e+03 9.970301e+03 9.959652e+03 9.948315e+03
18.3 9.971289e+03 9.971045e+03 9.959693e+03 9.959937e+03
19.3 9.986464e+03 9.973449e+03 9.959711e+03 9.972725e+03
20.3 9.966252e+03 9.967275e+03 9.959718e+03 9.958695e+03
21.3 9.943968e+03 9.955543e+03 9.959721e+03 9.948146e+03
0.4 9.931150e+03 9.939714e+03 9.959726e+03 9.951162e+03
1.4 9.969352e+03 9.940651e+03 9.961995e+03 9.990696e+03
2.4 1.000846e+04 9.952700e+03 9.973906e+03 1.002967e+04
3.4 1.000438e+04 9.963757e+03 9.982238e+03 1.002286e+04
4.4 9.967481e+03 9.964077e+03 9.978272e+03 9.981676e+03
5.4 9.936697e+03 9.956890e+03 9.970121e+03 9.949928e+03
6.4 9.920648e+03 9.949366e+03 9.963782e+03 9.935063e+03
7.4 9.934925e+03 9.948431e+03 9.960091e+03 9.946585e+03
8.4 9.943002e+03 9.956164e+03 9.958292e+03 9.945130e+03
9.4 9.969016e+03 9.965572e+03 9.957700e+03 9.961144e+03
10.4 9.983429e+03 9.972272e+03 9.957819e+03 9.968976e+03
11.4 9.955270e+03 9.966938e+03 9.958261e+03 9.946592e+03
12.4 9.931771e+03 9.956030e+03 9.958749e+03 9.934490e+03
13.4 9.926223e+03 9.947206e+03 9.959143e+03 9.938160e+03
14.4 9.924800e+03 9.942103e+03 9.959409e+03 9.942106e+03
15.4 9.928408e+03 9.939777e+03 9.959566e+03 9.948196e+03
16.4 9.944207e+03 9.940634e+03 9.959650e+03 9.963222e+03
17.4 9.959046e+03 9.952080e+03 9.959691e+03 9.966656e+03
18.4 9.959175e+03 9.970829e+03 9.959709e+03 9.948056e+03
19.4 9.970538e+03 9.982963e+03 9.959718e+03 9.947293e+03
20.4 9.977018e+03 9.987061e+03 9.959721e+03 9.949678e+03
21.4 9.949079e+03 9.983229e+03 9.959723e+03 9.925573e+03
0.8 9.962897e+03 9.960980e+03 9.959857e+03 9.961774e+03
1.8 9.953895e+03 9.955945e+03 9.965472e+03 9.963423e+03
2.8 9.951579e+03 9.965383e+03 9.982082e+03 9.968278e+03
3.8 9.960733e+03 9.976436e+03 9.992683e+03 9.976980e+03
4.8 9.968303e+03 9.981099e+03 9.986836e+03 9.974040e+03
5.8 9.966834e+03 9.976348e+03 9.975020e+03 9.965506e+03
6.8 9.967079e+03 9.974371e+03 9.965684e+03 9.958391e+03
7.8 9.972359e+03 9.970939e+03 9.960207e+03 9.961627e+03
8.8 9.952144e+03 9.963223e+03 9.957552e+03 9.946474e+03
9.8 9.948810e+03 9.962089e+03 9.956696e+03 9.943417e+03
10.8 9.961389e+03 9.965568e+03 9.956890e+03 9.952710e+03
11.8 9.967351e+03 9.963377e+03 9.957550e+03 9.961524e+03
12.8 9.955942e+03 9.955379e+03 9.958275e+03 9.958838e+03
13.8 9.944568e+03 9.947220e+03 9.958860e+03 9.956207e+03
14.8 9.950505e+03 9.942024e+03 9.959254e+03 9.967736e+03
15.8 9.961522e+03 9.939619e+03 9.959488e+03 9.981390e+03
16.8 9.962045e+03 9.938979e+03 9.959613e+03 9.982679e+03
17.8 9.956773e+03 9.939288e+03 9.959674e+03 9.977159e+03
18.8 9.950541e+03 9.940109e+03 9.959703e+03 9.970134e+03
19.8 9.949586e+03 9.943478e+03 9.959715e+03 9.965822e+03
20.8 9.949869e+03 9.950866e+03 9.959720e+03 9.958722e+03
21.8 9.954928e+03 9.957833e+03 9.959722e+03 9.956817e+03
0.3 9.930937e+03 9.950089e+03 9.959724e+03 9.940571e+03
1.3 9.923418e+03 9.944226e+03 9.961458e+03 9.940650e+03
2.3 9.944734e+03 9.951987e+03 9.972715e+03 9.965461e+03
3.3 9.979303e+03 9.962002e+03 9.982060e+03 9.999360e+03
4.3 9.988821e+03 9.962888e+03 9.979142e+03 1.000507e+04
5.3 9.955345e+03 9.962614e+03 9.977520e+03 9.970251e+03
6.3 9.955108e+03 9.969496e+03 9.983799e+03 9.969410e+03
7.3 9.955504e+03 9.977439e+03 9.982178e+03 9.960243e+03
8.3 9.944894e+03 9.974595e+03 9.973214e+03 9.943513e+03
9.3 9.922241e+03 9.962132e+03 9.964868e+03 9.924976e+03
10.3 9.937526e+03 9.952298e+03 9.961957e+03 9.947185e+03
11.3 9.957370e+03 9.956740e+03 9.971366e+03 9.971995e+03
12.3 9.962703e+03 9.967954e+03 9.979358e+03 9.974107e+03
13.3 9.960115e+03 9.974183e+03 9.975849e+03 9.961780e+03
14.3 9.936676e+03 9.967496e+03 9.968287e+03 9.937467e+03
15.3 9.939145e+03 9.959794e+03 9.962523e+03 9.941875e+03
16.3 9.967214e+03 9.957603e+03 9.959310e+03 9.968921e+03
17.3 1.000450e+04 9.962541e+03 9.957847e+03 9.999803e+03
18.3 9.991871e+03 9.965520e+03 9.957459e+03 9.983810e+03
19.3 9.935147e+03 9.958850e+03 9.957692e+03 9.933989e+03
20.3 9.917097e+03 9.951804e+03 9.958194e+03 9.923486e+03
21.3 9.918799e+03 9.951951e+03 9.958714e+03 9.925561e+03
0.9 9.988821e+03 9.962888e+03 9.979142e+03 1.000507e+04
1.9 9.955345e+03 9.962614e+03 9.977520e+03 9.970251e+03
2.9 9.955108e+03 9.969496e+03 9.983799e+03 9.969410e+03
3.9 9.955504e+03 9.977439e+03 9.982178e+03 9.960243e+03
4.9 9.944894e+03 9.974595e+03 9.973214e+03 9.943513e+03
5.9 9.922241e+03 9.962132e+03 9.964868e+03 9.924976e+03
6.9 9.937526e+03 9.952298e+03 9.961957e+03 9.947185e+03
7.9 9.957370e+03 9.956740e+03 9.971366e+03 9.971995e+03
8.9 9.962703e+03 9.967954e+03 9.979358e+03 9.974107e+03
9.9 9.960115e+03 9.974183e+03 9.975849e+03 9.961780e+03
10.9 9.936676e+03 9.967496e+03 9.968287e+03 9.937467e+03
11.9 9.939145e+03 9.959794e+03 9.962523e+03 9.941875e+03
12.9 9.967214e+03 9.957603e+03 9.959310e+03 9.968921e+03
13.9 1.000450e+04 9.962541e+03 9.957847e+03 9.999803e+03
14.9 9.991871e+03 9.965520e+03 9.957459e+03 9.983810e+03
15.9 9.935147e+03 9.958850e+03 9.957692e+03 9.933989e+03
16.9 9.917097e+03 9.951804e+03 9.958194e+03 9.923486e+03
17.9 9.918799e+03 9.951951e+03 9.958714e+03 9.925561e+03
18.9 9.957098e+03 9.955243e+03 9.959125e+03 9.960980e+03
19.9 9.971053e+03 9.956542e+03 9.959399e+03 9.973910e+03
20.9 9.991087e+03 9.959046e+03 9.959561e+03 9.991602e+03
21.9 9.984380e+03 9.969576e+03 9.959648e+03 9.974453e+03
0.4 9.922241e+03 9.962132e+03 9.964868e+03 9.924976e+03
1.4 9.937526e+03 9.952298e+03 9.961957e+03 9.947185e+03
2.4 9.957370e+03 9.956740e+03 9.971366e+03 9.971995e+03
3.4 9.962703e+03 9.967954e+03 9.979358e+03 9.974107e+03
4.4 9.960115e+03 9.974183e+03 9.975849e+03 9.961780e+03
5.4 9.936676e+03 9.967496e+03 9.968287e+03 9.937467e+03
6.4 9.939145e+03 9.959794e+03 9.962523e+03 9.941875e+03
7.4 9.967214e+03 9.957603e+03 9.959310e+03 9.968921e+03
8.4 1.000450e+04 9.962541e+03 9.957847e+03 9.999803e+03
9.4 9.991871e+03 9.965520e+03 9.957459e+03 9.983810e+03
10.4 9.935147e+03 9.958850e+03 9.957692e+03 9.933989e+03
11.4 9.917097e+03 9.951804e+03 9.958194e+03 9.923486e+03
12.4 9.918799e+03 9.951951e+03 9.958714e+03 9.925561e+03
13.4 9.957098e+03 9.955243e+03 9.959125e+03 9.960980e+03
14.4 9.971053e+03 9.956542e+03 9.959399e+03 9.973910e+03
15.4 9.991087e+03 9.959046e+03 9.959561e+03 9.991602e+03
16.4 9.984380e+03 9.969576e+03 9.959648e+03 9.974453e+03
17.4 9.962290e+03 9.981157e+03 9.959690e+03 9.940822e+03
18.4 9.968287e+03 9.986377e+03 9.959709e+03 9.941619e+03
19.4 9.959109e+03 9.982434e+03 9.959717e+03 9.936392e+03
20.4 9.964837e+03 9.968182e+03 9.959721e+03 9.956375e+03
21.4 9.957697e+03 9.953448e+03 9.959722e+03 9.963972e+03
0.5 9.953988e+03 9.960997e+03 9.959733e+03 9.952724e+03
1.5 9.938289e+03 9.958899e+03 9.962628e+03 9.942019e+03
2.5 9.952600e+03 9.966391e+03 9.976854e+03 9.963063e+03
3.5 9.996039e+03 9.976479e+03 9.991453e+03 1.001101e+04
4.5 9.998525e+03 9.975253e+03 9.989691e+03 1.001296e+04
5.5 9.977072e+03 9.964750e+03 9.978346e+03 9.990668e+03
6.5 9.942595e+03 9.954601e+03 9.967935e+03 9.955929e+03
7.5 9.921741e+03 9.952402e+03 9.961431e+03 9.930769e+03
8.5 9.933517e+03 9.954881e+03 9.958089e+03 9.936725e+03
9.5 9.959209e+03 9.961153e+03 9.956805e+03 9.954860e+03
10.5 9.972093e+03 9.966481e+03 9.956764e+03 9.962377e+03
11.5 9.963063e+03 9.964944e+03 9.957341e+03 9.955460e+03
12.5 9.949317e+03 9.965442e+03 9.958076e+03 9.941952e+03
13.5 9.942595e+03 9.968518e+03 9.958712e+03 9.932789e+03
14.5 9.960187e+03 9.972407e+03 9.959249e+03 9.947029e+03
15.5 9.971594e+03 9.971172e+03 9.964498e+03 9.964919e+03
16.5 9.973358e+03 9.973723e+03 9.977715e+03 9.977349e+03
17.5 9.980796e+03 9.978585e+03 9.981988e+03 9.984200e+03
18.5 9.964085e+03 9.977142e+03 9.977146e+03 9.964089e+03
19.5 9.961871e+03 9.976103e+03 9.980810e+03 9.966578e+03
20.5 9.979814e+03 9.980074e+03 9.991737e+03 9.991477e+03
21.5 9.987374e+03 9.976780e+03 9.990509e+03 1.000110e+04
0.7 9.960187e+03 9.972407e+03 9.959249e+03 9.947029e+03
1.7 9.971594e+03 9.971172e+03 9.964498e+03 9.964919e+03
2.7 9.973358e+03 9.973723e+03 9.977715e+03 9.977349e+03
3.7 9.980796e+03 9.978585e+03 9.981988e+03 9.984200e+03
4.7 9.964085e+03 9.977142e+03 9.977146e+03 9.964089e+03
5.7 9.961871e+03 9.976103e+03 9.980810e+03 9.966578e+03
6.7 9.979814e+03 9.980074e+03 9.991737e+03 9.991477e+03
7.7 9.987374e+03 9.976780e+03 9.990509e+03 1.000110e+04
8.7 9.955811e+03 9.965422e+03 9.978866e+03 9.969255e+03
9.7 9.927360e+03 9.952667e+03 9.967620e+03 9.942313e+03
10.7 9.910282e+03 9.944126e+03 9.960673e+03 9.926829e+03
11.7 9.927799e+03 9.944864e+03 9.957304e+03 9.940239e+03
12.7 9.940641e+03 9.954062e+03 9.956154e+03 9.942733e+03
13.7 9.985290e+03 9.962931e+03 9.956266e+03 9.978625e+03
14.7 1.000252e+04 9.971628e+03 9.956977e+03 9.987870e+03
15.7 1.000259e+04 9.975673e+03 9.957827e+03 9.984740e+03
16.7 9.992721e+03 9.975621e+03 9.958553e+03 9.975652e+03
17.7 9.981146e+03 9.976819e+03 9.959067e+03 9.963394e+03
18.7 9.954418e+03 9.970070e+03 9.959384e+03 9.943732e+03
19.7 9.948464e+03 9.957400e+03 9.959560e+03 9.950624e+03
20.7 9.949267e+03 9.947031e+03 9.959649e+03 9.961886e+03
21.7 9.951459e+03 9.945003e+03 9.959692e+03 9.966148e+03
0.3 9.980796e+03 9.978585e+03 9.981988e+03 9.984200e+03
1.3 9.964085e+03 9.977142e+03 9.977146e+03 9.964089e+03
2.3 9.961871e+03 9.976103e+03 9.980810e+03 9.966578e+03
3.3 9.979814e+03 9.980074e+03 9.991737e+03 9.991477e+03
4.3 9.987374e+03 9.976780e+03 9.990509e+03 1.000110e+04
5.3 9.955811e+03 9.965422e+03 9.978866e+03 9.969255e+03
6.3 9.927360e+03 9.952667e+03 9.967620e+03 9.942313e+03
7.3 9.910282e+03 9.944126e+03 9.960673e+03 9.926829e+03
8.3 9.927799e+03 9.944864e+03 9.957304e+03 9.940239e+03
9.3 9.940641e+03 9.954062e+03 9.956154e+03 9.942733e+03
10.3 9.985290e+03 9.962931e+03 9.956266e+03 9.978625e+03
11.3 1.000252e+04 9.971628e+03 9.956977e+03 9.987870e+03
12.3 1.000259e+04 9.975673e+03 9.957827e+03 9.984740e+03
13.3 9.992721e+03 9.975621e+03 9.958553e+03 9.975652e+03
14.3 9.981146e+03 9.976819e+03 9.959067e+03 9.963394e+03
15.3 9.954418e+03 9.970070e+03 9.959384e+03 9.943732e+03
16.3 9.948464e+03 9.957400e+03 9.959560e+03 9.950624e+03
17.3 9.949267e+03 9.947031e+03 9.959649e+03 9.961886e+03
18.3 9.951459e+03 9.945003e+03 9.959692e+03 9.966148e+03
19.3 9.951217e+03 9.952733e+03 9.959710e+03 9.958195e+03
20.3 9.953685e+03 9.961682e+03 9.959718e+03 9.951721e+03
21.3 9.969199e+03 9.970220e+03 9.959721e+03 9.958700e+03
