0.3 1.149920e+04 1.154314e+04 1.159133e+04 1.154739e+04
1.3 1.156094e+04 1.159771e+04 1.159124e+04 1.155447e+04
2.3 1.163555e+04 1.161992e+04 1.159049e+04 1.160612e+04
3.3 1.162656e+04 1.160035e+04 1.158924e+04 1.161546e+04
4.3 1.162357e+04 1.158747e+04 1.158866e+04 1.162476e+04
5.3 1.166078e+04 1.162009e+04 1.158923e+04 1.162992e+04
6.3 1.166858e+04 1.162845e+04 1.159018e+04 1.163031e+04
7.3 1.163357e+04 1.160503e+04 1.159091e+04 1.161945e+04
8.3 1.164110e+04 1.158643e+04 1.159133e+04 1.164600e+04
9.3 1.161361e+04 1.159186e+04 1.159153e+04 1.161328e+04
10.3 1.171124e+04 1.162886e+04 1.159158e+04 1.167397e+04
11.3 1.161934e+04 1.163323e+04 1.159156e+04 1.157767e+04
12.3 1.160525e+04 1.161320e+04 1.159150e+04 1.158355e+04
13.3 1.163283e+04 1.162342e+04 1.159144e+04 1.160085e+04
14.3 1.167455e+04 1.164154e+04 1.159140e+04 1.162441e+04
15.3 1.166318e+04 1.161932e+04 1.159137e+04 1.163523e+04
16.3 1.160403e+04 1.158087e+04 1.159135e+04 1.161451e+04
17.3 1.164649e+04 1.154936e+04 1.159134e+04 1.168847e+04
18.3 1.160127e+04 1.155218e+04 1.159133e+04 1.164042e+04
19.3 1.163648e+04 1.159866e+04 1.159133e+04 1.162915e+04
20.3 1.160547e+04 1.161147e+04 1.159133e+04 1.158534e+04
21.3 1.151254e+04 1.158803e+04 1.159133e+04 1.151584e+04
1.0 1.159642e+04 1.163366e+04 1.159130e+04 1.155406e+04
2.0 1.160584e+04 1.163856e+04 1.159079e+04 1.155808e+04
3.0 1.157222e+04 1.160600e+04 1.158960e+04 1.155582e+04
4.0 1.155828e+04 1.157582e+04 1.158871e+04 1.157117e+04
5.0 1.163419e+04 1.159934e+04 1.158902e+04 1.162387e+04
6.0 1.164571e+04 1.161993e+04 1.158995e+04 1.161572e+04
7.0 1.152719e+04 1.159663e+04 1.159075e+04 1.152131e+04
8.0 1.152110e+04 1.155870e+04 1.159124e+04 1.155365e+04
9.0 1.152576e+04 1.154413e+04 1.159149e+04 1.157311e+04
10.0 1.160130e+04 1.158687e+04 1.159158e+04 1.160601e+04
11.0 1.164520e+04 1.161187e+04 1.159157e+04 1.162490e+04
12.0 1.165968e+04 1.159607e+04 1.159152e+04 1.165513e+04
13.0 1.162253e+04 1.157125e+04 1.159146e+04 1.164274e+04
14.0 1.161901e+04 1.155420e+04 1.159141e+04 1.165622e+04
15.0 1.163085e+04 1.154819e+04 1.159137e+04 1.167404e+04
16.0 1.164348e+04 1.155188e+04 1.159135e+04 1.168296e+04
17.0 1.164382e+04 1.158016e+04 1.159134e+04 1.165500e+04
18.0 1.167102e+04 1.162812e+04 1.159134e+04 1.163423e+04
19.0 1.163079e+04 1.162910e+04 1.159133e+04 1.159301e+04
20.0 1.153792e+04 1.159444e+04 1.159133e+04 1.153480e+04
21.0 1.150606e+04 1.155864e+04 1.159133e+04 1.153876e+04
22.0 1.148403e+04 1.157135e+04 1.159133e+04 1.150400e+04
0.1 1.157818e+04 1.160711e+04 1.159133e+04 1.156241e+04
1.1 1.154879e+04 1.163710e+04 1.159127e+04 1.150297e+04
2.1 1.151208e+04 1.163557e+04 1.159065e+04 1.146716e+04
3.1 1.154928e+04 1.161691e+04 1.158994e+04 1.152231e+04
4.1 1.164566e+04 1.163409e+04 1.159002e+04 1.160159e+04
5.1 1.165171e+04 1.162892e+04 1.159053e+04 1.161331e+04
6.1 1.165627e+04 1.159573e+04 1.159098e+04 1.165152e+04
7.1 1.161712e+04 1.156425e+04 1.159126e+04 1.164414e+04
8.1 1.167114e+04 1.154561e+04 1.159140e+04 1.171693e+04
9.1 1.160330e+04 1.153757e+04 1.159146e+04 1.165718e+04
10.1 1.153501e+04 1.154036e+04 1.159146e+04 1.158611e+04
11.1 1.159666e+04 1.155377e+04 1.159143e+04 1.163432e+04
12.1 1.166488e+04 1.158574e+04 1.159140e+04 1.167055e+04
13.1 1.167988e+04 1.163238e+04 1.159137e+04 1.163887e+04
14.1 1.168450e+04 1.163194e+04 1.159099e+04 1.164354e+04
15.1 1.167326e+04 1.160409e+04 1.159014e+04 1.165930e+04
16.1 1.167337e+04 1.161761e+04 1.158991e+04 1.164567e+04
17.1 1.164514e+04 1.163290e+04 1.159033e+04 1.160258e+04
18.1 1.159438e+04 1.160881e+04 1.159083e+04 1.157641e+04
19.1 1.157251e+04 1.157418e+04 1.159118e+04 1.158951e+04
20.1 1.162823e+04 1.158783e+04 1.159136e+04 1.163177e+04
21.1 1.156563e+04 1.161767e+04 1.159144e+04 1.153940e+04
0.8 1.167988e+04 1.163238e+04 1.159137e+04 1.163887e+04
1.8 1.168450e+04 1.163194e+04 1.159099e+04 1.164354e+04
2.8 1.167326e+04 1.160409e+04 1.159014e+04 1.165930e+04
3.8 1.167337e+04 1.161761e+04 1.158991e+04 1.164567e+04
4.8 1.164514e+04 1.163290e+04 1.159033e+04 1.160258e+04
5.8 1.159438e+04 1.160881e+04 1.159083e+04 1.157641e+04
6.8 1.157251e+04 1.157418e+04 1.159118e+04 1.158951e+04
7.8 1.162823e+04 1.158783e+04 1.159136e+04 1.163177e+04
8.8 1.156563e+04 1.161767e+04 1.159144e+04 1.153940e+04
9.8 1.155331e+04 1.160706e+04 1.159146e+04 1.153771e+04
10.8 1.155839e+04 1.157864e+04 1.159144e+04 1.157119e+04
11.8 1.161884e+04 1.155654e+04 1.159141e+04 1.165371e+04
12.8 1.154453e+04 1.154458e+04 1.159138e+04 1.159133e+04
13.8 1.154509e+04 1.154044e+04 1.159136e+04 1.159601e+04
14.8 1.154665e+04 1.154496e+04 1.159135e+04 1.159303e+04
15.8 1.157517e+04 1.157821e+04 1.159134e+04 1.158830e+04
16.8 1.161690e+04 1.162751e+04 1.159133e+04 1.158072e+04
17.8 1.154807e+04 1.162779e+04 1.159133e+04 1.151161e+04
18.8 1.147771e+04 1.159766e+04 1.159131e+04 1.147137e+04
19.8 1.150182e+04 1.156893e+04 1.159087e+04 1.152375e+04
20.8 1.148305e+04 1.155049e+04 1.158977e+04 1.152233e+04
21.8 1.155616e+04 1.156445e+04 1.158923e+04 1.158095e+04
0.9 1.147771e+04 1.159766e+04 1.159131e+04 1.147137e+04
1.9 1.150182e+04 1.156893e+04 1.159087e+04 1.152375e+04
2.9 1.148305e+04 1.155049e+04 1.158977e+04 1.152233e+04
3.9 1.155616e+04 1.156445e+04 1.158923e+04 1.158095e+04
4.9 1.161144e+04 1.161051e+04 1.158970e+04 1.159063e+04
5.9 1.163137e+04 1.161704e+04 1.159045e+04 1.160478e+04
6.9 1.158914e+04 1.159222e+04 1.159101e+04 1.158793e+04
7.9 1.156645e+04 1.156704e+04 1.159133e+04 1.159073e+04
8.9 1.152415e+04 1.155127e+04 1.159148e+04 1.156436e+04
9.9 1.149362e+04 1.154317e+04 1.159152e+04 1.154198e+04
10.9 1.149669e+04 1.153948e+04 1.159151e+04 1.154871e+04
11.9 1.150439e+04 1.153590e+04 1.159146e+04 1.155995e+04
12.9 1.151904e+04 1.153187e+04 1.159142e+04 1.157859e+04
13.9 1.149888e+04 1.154610e+04 1.159138e+04 1.154416e+04
14.9 1.153885e+04 1.160040e+04 1.159136e+04 1.152981e+04
15.9 1.154977e+04 1.161728e+04 1.159134e+04 1.152383e+04
16.9 1.144686e+04 1.158886e+04 1.159134e+04 1.144934e+04
17.9 1.148542e+04 1.156775e+04 1.159133e+04 1.150900e+04
18.9 1.168052e+04 1.160180e+04 1.159133e+04 1.167006e+04
19.9 1.170700e+04 1.161640e+04 1.159133e+04 1.168194e+04
20.9 1.162087e+04 1.160098e+04 1.159133e+04 1.161122e+04
21.9 1.165520e+04 1.162265e+04 1.159133e+04 1.162388e+04
0.6 1.165520e+04 1.162265e+04 1.159133e+04 1.162388e+04
1.6 1.162624e+04 1.162958e+04 1.159110e+04 1.158776e+04
2.6 1.161416e+04 1.160343e+04 1.159027e+04 1.160100e+04
3.6 1.157962e+04 1.160748e+04 1.158988e+04 1.156201e+04
4.6 1.162329e+04 1.162956e+04 1.159022e+04 1.158395e+04
5.6 1.163100e+04 1.161403e+04 1.159074e+04 1.160771e+04
6.6 1.157811e+04 1.158387e+04 1.159112e+04 1.158536e+04
7.6 1.156810e+04 1.156614e+04 1.159133e+04 1.159329e+04
8.6 1.158664e+04 1.157455e+04 1.159143e+04 1.160353e+04
9.6 1.157914e+04 1.161711e+04 1.159146e+04 1.155349e+04
10.6 1.160085e+04 1.162319e+04 1.159145e+04 1.156911e+04
11.6 1.157572e+04 1.159472e+04 1.159142e+04 1.157242e+04
12.6 1.158494e+04 1.160424e+04 1.159139e+04 1.157208e+04
13.6 1.161570e+04 1.162891e+04 1.159136e+04 1.157816e+04
14.6 1.162830e+04 1.161063e+04 1.159135e+04 1.160902e+04
15.6 1.158946e+04 1.159287e+04 1.159134e+04 1.158793e+04
16.6 1.161953e+04 1.162099e+04 1.159133e+04 1.158988e+04
17.6 1.165570e+04 1.162384e+04 1.159133e+04 1.162320e+04
18.6 1.165320e+04 1.159495e+04 1.159133e+04 1.164958e+04
19.6 1.161808e+04 1.156561e+04 1.159133e+04 1.164380e+04
20.6 1.160192e+04 1.154780e+04 1.159133e+04 1.164545e+04
21.6 1.159566e+04 1.153954e+04 1.159133e+04 1.164745e+04
0.9 1.160969e+04 1.161828e+04 1.159132e+04 1.158272e+04
1.9 1.160876e+04 1.164380e+04 1.159089e+04 1.155585e+04
2.9 1.160819e+04 1.162123e+04 1.158974e+04 1.157670e+04
3.9 1.157811e+04 1.158838e+04 1.158876e+04 1.157849e+04
4.9 1.154634e+04 1.160403e+04 1.158894e+04 1.153125e+04
5.9 1.159738e+04 1.162648e+04 1.158984e+04 1.156074e+04
6.9 1.159488e+04 1.160881e+04 1.159067e+04 1.157674e+04
7.9 1.154223e+04 1.157767e+04 1.159120e+04 1.155576e+04
8.9 1.153246e+04 1.155587e+04 1.159147e+04 1.156807e+04
9.9 1.150654e+04 1.154922e+04 1.159157e+04 1.154889e+04
10.9 1.154801e+04 1.157287e+04 1.159157e+04 1.156671e+04
11.9 1.160717e+04 1.162166e+04 1.159153e+04 1.157704e+04
12.9 1.156762e+04 1.162843e+04 1.159146e+04 1.153065e+04
13.9 1.154981e+04 1.161185e+04 1.159141e+04 1.152937e+04
14.9 1.158304e+04 1.163125e+04 1.159138e+04 1.154318e+04
15.9 1.161121e+04 1.164022e+04 1.159135e+04 1.156234e+04
16.9 1.159508e+04 1.161126e+04 1.159134e+04 1.157516e+04
17.9 1.156719e+04 1.157660e+04 1.159134e+04 1.158193e+04
18.9 1.149391e+04 1.155841e+04 1.159133e+04 1.152684e+04
19.9 1.151546e+04 1.157673e+04 1.159133e+04 1.153006e+04
20.9 1.156121e+04 1.161900e+04 1.159133e+04 1.153354e+04
21.9 1.160632e+04 1.161953e+04 1.159133e+04 1.157812e+04
0.5 1.159729e+04 1.155742e+04 1.159133e+04 1.163120e+04
1.5 1.152077e+04 1.154477e+04 1.159114e+04 1.156714e+04
2.5 1.155192e+04 1.153849e+04 1.159023e+04 1.160366e+04
3.5 1.160077e+04 1.154344e+04 1.158929e+04 1.164661e+04
4.5 1.165351e+04 1.159177e+04 1.158940e+04 1.165113e+04
5.5 1.161705e+04 1.162257e+04 1.159013e+04 1.158461e+04
6.5 1.159848e+04 1.160768e+04 1.159080e+04 1.158160e+04
7.5 1.156726e+04 1.157986e+04 1.159122e+04 1.157862e+04
8.5 1.154768e+04 1.155887e+04 1.159118e+04 1.158000e+04
9.5 1.148991e+04 1.154606e+04 1.159028e+04 1.153413e+04
10.5 1.148528e+04 1.155156e+04 1.158946e+04 1.152318e+04
11.5 1.157292e+04 1.160171e+04 1.158966e+04 1.156087e+04
12.5 1.160580e+04 1.162579e+04 1.159035e+04 1.157036e+04
13.5 1.162412e+04 1.161196e+04 1.159094e+04 1.160311e+04
14.5 1.165316e+04 1.159742e+04 1.159130e+04 1.164704e+04
15.5 1.166715e+04 1.162583e+04 1.159147e+04 1.163279e+04
16.5 1.168263e+04 1.163921e+04 1.159153e+04 1.163494e+04
17.5 1.165089e+04 1.161470e+04 1.159152e+04 1.162771e+04
18.5 1.163622e+04 1.159120e+04 1.159148e+04 1.163651e+04
19.5 1.158300e+04 1.158142e+04 1.159143e+04 1.159301e+04
20.5 1.163792e+04 1.160342e+04 1.159139e+04 1.162590e+04
21.5 1.165899e+04 1.163383e+04 1.159136e+04 1.161652e+04
0.6 1.156726e+04 1.157986e+04 1.159122e+04 1.157862e+04
1.6 1.154768e+04 1.155887e+04 1.159118e+04 1.158000e+04
2.6 1.148991e+04 1.154606e+04 1.159028e+04 1.153413e+04
3.6 1.148528e+04 1.155156e+04 1.158946e+04 1.152318e+04
4.6 1.157292e+04 1.160171e+04 1.158966e+04 1.156087e+04
5.6 1.160580e+04 1.162579e+04 1.159035e+04 1.157036e+04
6.6 1.162412e+04 1.161196e+04 1.159094e+04 1.160311e+04
7.6 1.165316e+04 1.159742e+04 1.159130e+04 1.164704e+04
8.6 1.166715e+04 1.162583e+04 1.159147e+04 1.163279e+04
9.6 1.168263e+04 1.163921e+04 1.159153e+04 1.163494e+04
10.6 1.165089e+04 1.161470e+04 1.159152e+04 1.162771e+04
11.6 1.163622e+04 1.159120e+04 1.159148e+04 1.163651e+04
12.6 1.158300e+04 1.158142e+04 1.159143e+04 1.159301e+04
13.6 1.163792e+04 1.160342e+04 1.159139e+04 1.162590e+04
14.6 1.165899e+04 1.163383e+04 1.159136e+04 1.161652e+04
15.6 1.158800e+04 1.161722e+04 1.159135e+04 1.156213e+04
16.6 1.156913e+04 1.157585e+04 1.159134e+04 1.158462e+04
17.6 1.152816e+04 1.156580e+04 1.159133e+04 1.155369e+04
18.6 1.153569e+04 1.160399e+04 1.159133e+04 1.152303e+04
19.6 1.159771e+04 1.161378e+04 1.159133e+04 1.157525e+04
20.6 1.153709e+04 1.159933e+04 1.159133e+04 1.152909e+04
21.6 1.162790e+04 1.161845e+04 1.159133e+04 1.160078e+04
0.1 1.164395e+04 1.152678e+04 1.159133e+04 1.170850e+04
1.1 1.167296e+04 1.157769e+04 1.159129e+04 1.168656e+04
2.1 1.167195e+04 1.161072e+04 1.159073e+04 1.165196e+04
3.1 1.161782e+04 1.161136e+04 1.158997e+04 1.159643e+04
4.1 1.161131e+04 1.163754e+04 1.158999e+04 1.156376e+04
5.1 1.157258e+04 1.163925e+04 1.159048e+04 1.152381e+04
6.1 1.158189e+04 1.160714e+04 1.159095e+04 1.156570e+04
7.1 1.152613e+04 1.157294e+04 1.159124e+04 1.154442e+04
8.1 1.156414e+04 1.154794e+04 1.159139e+04 1.160760e+04
9.1 1.153197e+04 1.152891e+04 1.159145e+04 1.159451e+04
10.1 1.152039e+04 1.152228e+04 1.159146e+04 1.158957e+04
11.1 1.154908e+04 1.156684e+04 1.159144e+04 1.157367e+04
12.1 1.155104e+04 1.161040e+04 1.159140e+04 1.153204e+04
