0.3 9.949296e+03 9.965154e+03 9.962007e+03 9.946149e+03
1.3 9.963102e+03 9.966742e+03 9.962685e+03 9.959046e+03
2.3 9.963195e+03 9.965021e+03 9.966124e+03 9.964298e+03
3.3 9.959403e+03 9.960354e+03 9.967788e+03 9.966837e+03
4.3 9.947834e+03 9.965303e+03 9.966384e+03 9.948915e+03
5.3 9.970363e+03 9.974260e+03 9.964309e+03 9.960412e+03
6.3 1.000100e+04 9.980283e+03 9.962825e+03 9.983546e+03
7.3 9.990990e+03 9.977819e+03 9.961992e+03 9.975163e+03
8.3 9.961374e+03 9.971293e+03 9.961601e+03 9.951683e+03
9.3 9.969897e+03 9.965971e+03 9.961490e+03 9.965417e+03
10.3 9.974737e+03 9.967933e+03 9.961541e+03 9.968345e+03
11.3 9.956994e+03 9.970057e+03 9.961659e+03 9.948596e+03
12.3 9.962493e+03 9.971792e+03 9.961780e+03 9.952481e+03
13.3 9.981814e+03 9.972558e+03 9.961875e+03 9.971131e+03
14.3 1.000574e+04 9.974867e+03 9.961936e+03 9.992809e+03
15.3 9.992391e+03 9.971540e+03 9.961972e+03 9.982822e+03
16.3 9.962729e+03 9.965600e+03 9.961991e+03 9.959120e+03
17.3 9.952514e+03 9.965375e+03 9.962000e+03 9.949138e+03
18.3 9.972429e+03 9.967255e+03 9.962004e+03 9.967179e+03
19.3 9.989259e+03 9.971407e+03 9.962006e+03 9.979858e+03
20.3 9.982002e+03 9.967571e+03 9.962006e+03 9.976437e+03
0.6 9.960777e+03 9.963115e+03 9.962029e+03 9.959691e+03
1.6 9.978717e+03 9.973174e+03 9.963775e+03 9.969319e+03
2.6 9.973249e+03 9.969879e+03 9.967184e+03 9.970554e+03
3.6 9.956636e+03 9.959913e+03 9.967501e+03 9.964223e+03
4.6 9.955378e+03 9.955464e+03 9.965585e+03 9.965499e+03
5.6 9.973420e+03 9.959098e+03 9.963672e+03 9.977994e+03
6.6 9.990943e+03 9.966198e+03 9.962451e+03 9.987197e+03
7.6 1.000452e+04 9.970035e+03 9.961806e+03 9.996295e+03
8.6 9.988810e+03 9.962948e+03 9.961534e+03 9.987396e+03
9.6 9.965972e+03 9.954722e+03 9.961496e+03 9.972746e+03
10.6 9.943864e+03 9.955960e+03 9.961581e+03 9.949485e+03
11.6 9.950125e+03 9.962339e+03 9.961706e+03 9.949492e+03
12.6 9.981541e+03 9.968716e+03 9.961819e+03 9.974645e+03
13.6 9.991536e+03 9.972153e+03 9.961901e+03 9.981284e+03
14.6 9.967058e+03 9.964799e+03 9.961952e+03 9.964211e+03
15.6 9.944798e+03 9.953675e+03 9.961980e+03 9.953104e+03
16.6 9.944557e+03 9.945925e+03 9.961995e+03 9.960627e+03
17.6 9.954146e+03 9.949265e+03 9.962002e+03 9.966883e+03
18.6 9.970158e+03 9.959410e+03 9.962817e+03 9.973566e+03
19.6 9.986060e+03 9.962714e+03 9.966315e+03 9.989660e+03
20.6 9.995702e+03 9.957916e+03 9.967770e+03 1.000556e+04
0.3 9.954146e+03 9.949265e+03 9.962002e+03 9.966883e+03
1.3 9.970158e+03 9.959410e+03 9.962817e+03 9.973566e+03
2.3 9.986060e+03 9.962714e+03 9.966315e+03 9.989660e+03
3.3 9.995702e+03 9.957916e+03 9.967770e+03 1.000556e+04
4.3 9.996276e+03 9.957219e+03 9.966263e+03 1.000532e+04
5.3 9.991761e+03 9.967689e+03 9.964222e+03 9.988294e+03
6.3 9.979051e+03 9.973885e+03 9.964431e+03 9.969597e+03
7.3 9.962271e+03 9.969039e+03 9.967073e+03 9.960305e+03
8.3 9.948925e+03 9.958276e+03 9.967118e+03 9.957767e+03
9.3 9.961569e+03 9.948595e+03 9.965130e+03 9.978104e+03
10.3 9.976683e+03 9.942592e+03 9.963257e+03 9.997348e+03
11.3 9.969865e+03 9.939727e+03 9.962137e+03 9.992275e+03
12.3 9.958751e+03 9.938873e+03 9.961598e+03 9.981475e+03
13.3 9.951278e+03 9.940719e+03 9.961411e+03 9.971970e+03
14.3 9.950062e+03 9.953394e+03 9.961427e+03 9.958095e+03
15.3 9.958029e+03 9.971213e+03 9.961545e+03 9.948361e+03
16.3 9.986883e+03 9.982822e+03 9.961687e+03 9.965748e+03
17.3 9.984946e+03 9.983487e+03 9.961810e+03 9.963269e+03
18.3 9.968812e+03 9.976396e+03 9.961896e+03 9.954313e+03
19.3 9.975421e+03 9.974075e+03 9.961950e+03 9.963296e+03
20.3 9.972675e+03 9.970723e+03 9.961980e+03 9.963931e+03
0.6 9.991761e+03 9.967689e+03 9.964222e+03 9.988294e+03
1.6 9.979051e+03 9.973885e+03 9.964431e+03 9.969597e+03
2.6 9.962271e+03 9.969039e+03 9.967073e+03 9.960305e+03
3.6 9.948925e+03 9.958276e+03 9.967118e+03 9.957767e+03
4.6 9.961569e+03 9.948595e+03 9.965130e+03 9.978104e+03
5.6 9.976683e+03 9.942592e+03 9.963257e+03 9.997348e+03
6.6 9.969865e+03 9.939727e+03 9.962137e+03 9.992275e+03
7.6 9.958751e+03 9.938873e+03 9.961598e+03 9.981475e+03
8.6 9.951278e+03 9.940719e+03 9.961411e+03 9.971970e+03
9.6 9.950062e+03 9.953394e+03 9.961427e+03 9.958095e+03
10.6 9.958029e+03 9.971213e+03 9.961545e+03 9.948361e+03
11.6 9.986883e+03 9.982822e+03 9.961687e+03 9.965748e+03
12.6 9.984946e+03 9.983487e+03 9.961810e+03 9.963269e+03
13.6 9.968812e+03 9.976396e+03 9.961896e+03 9.954313e+03
14.6 9.975421e+03 9.974075e+03 9.961950e+03 9.963296e+03
15.6 9.972675e+03 9.970723e+03 9.961980e+03 9.963931e+03
16.6 9.975954e+03 9.967018e+03 9.961995e+03 9.970931e+03
17.6 9.961503e+03 9.967260e+03 9.962002e+03 9.956245e+03
18.6 9.975630e+03 9.969161e+03 9.962005e+03 9.968473e+03
19.6 9.992414e+03 9.972429e+03 9.962006e+03 9.981991e+03
20.6 9.982440e+03 9.970121e+03 9.962006e+03 9.974326e+03
0.7 1.000846e+04 9.952700e+03 9.962043e+03 1.001780e+04
1.7 1.000438e+04 9.963757e+03 9.963981e+03 1.000460e+04
2.7 9.967481e+03 9.964077e+03 9.967303e+03 9.970706e+03
3.7 9.936697e+03 9.956890e+03 9.967425e+03 9.947232e+03
4.7 9.920648e+03 9.949366e+03 9.965463e+03 9.936744e+03
5.7 9.934925e+03 9.948431e+03 9.963583e+03 9.950077e+03
6.7 9.943002e+03 9.956164e+03 9.962401e+03 9.949239e+03
7.7 9.969016e+03 9.965572e+03 9.961782e+03 9.965226e+03
8.7 9.983429e+03 9.972272e+03 9.961527e+03 9.972684e+03
9.7 9.955270e+03 9.966938e+03 9.961498e+03 9.949830e+03
10.7 9.931771e+03 9.956030e+03 9.961588e+03 9.937329e+03
11.7 9.926223e+03 9.947206e+03 9.961713e+03 9.940730e+03
12.7 9.924800e+03 9.942103e+03 9.961825e+03 9.944522e+03
13.7 9.928408e+03 9.939777e+03 9.961905e+03 9.950535e+03
14.7 9.944207e+03 9.940634e+03 9.961954e+03 9.965527e+03
15.7 9.959046e+03 9.952080e+03 9.961982e+03 9.968947e+03
16.7 9.959175e+03 9.970829e+03 9.961995e+03 9.950342e+03
17.7 9.970538e+03 9.982963e+03 9.962002e+03 9.949578e+03
18.7 9.977018e+03 9.987061e+03 9.962005e+03 9.951962e+03
19.7 9.949079e+03 9.983229e+03 9.962006e+03 9.927857e+03
20.7 9.936014e+03 9.978514e+03 9.962006e+03 9.919507e+03
0.9 9.967079e+03 9.974371e+03 9.962166e+03 9.954874e+03
1.9 9.972359e+03 9.970939e+03 9.964849e+03 9.966269e+03
2.9 9.952144e+03 9.963223e+03 9.967650e+03 9.956571e+03
3.9 9.948810e+03 9.962089e+03 9.967063e+03 9.953784e+03
4.9 9.961389e+03 9.965568e+03 9.966186e+03 9.962007e+03
5.9 9.967351e+03 9.963377e+03 9.967997e+03 9.971971e+03
6.9 9.955942e+03 9.955379e+03 9.967893e+03 9.968456e+03
7.9 9.944568e+03 9.947220e+03 9.965647e+03 9.962995e+03
8.9 9.950505e+03 9.942024e+03 9.963451e+03 9.971933e+03
9.9 9.961522e+03 9.939619e+03 9.962118e+03 9.984021e+03
10.9 9.962045e+03 9.938979e+03 9.961494e+03 9.984560e+03
11.9 9.956773e+03 9.939288e+03 9.961295e+03 9.978780e+03
12.9 9.950541e+03 9.940109e+03 9.961330e+03 9.971762e+03
13.9 9.949586e+03 9.943478e+03 9.961474e+03 9.967581e+03
14.9 9.949869e+03 9.950866e+03 9.961640e+03 9.960642e+03
15.9 9.954928e+03 9.957833e+03 9.961781e+03 9.958876e+03
16.9 9.972916e+03 9.966821e+03 9.961880e+03 9.967975e+03
17.9 9.981317e+03 9.973781e+03 9.961941e+03 9.969478e+03
18.9 9.964298e+03 9.977058e+03 9.961975e+03 9.949216e+03
19.9 9.957733e+03 9.977448e+03 9.961993e+03 9.942278e+03
20.9 9.972248e+03 9.978375e+03 9.962001e+03 9.955874e+03
0.5 9.948810e+03 9.962089e+03 9.967063e+03 9.953784e+03
1.5 9.961389e+03 9.965568e+03 9.966186e+03 9.962007e+03
2.5 9.967351e+03 9.963377e+03 9.967997e+03 9.971971e+03
3.5 9.955942e+03 9.955379e+03 9.967893e+03 9.968456e+03
4.5 9.944568e+03 9.947220e+03 9.965647e+03 9.962995e+03
5.5 9.950505e+03 9.942024e+03 9.963451e+03 9.971933e+03
6.5 9.961522e+03 9.939619e+03 9.962118e+03 9.984021e+03
7.5 9.962045e+03 9.938979e+03 9.961494e+03 9.984560e+03
8.5 9.956773e+03 9.939288e+03 9.961295e+03 9.978780e+03
9.5 9.950541e+03 9.940109e+03 9.961330e+03 9.971762e+03
10.5 9.949586e+03 9.943478e+03 9.961474e+03 9.967581e+03
11.5 9.949869e+03 9.950866e+03 9.961640e+03 9.960642e+03
12.5 9.954928e+03 9.957833e+03 9.961781e+03 9.958876e+03
13.5 9.972916e+03 9.966821e+03 9.961880e+03 9.967975e+03
14.5 9.981317e+03 9.973781e+03 9.961941e+03 9.969478e+03
15.5 9.964298e+03 9.977058e+03 9.961975e+03 9.949216e+03
16.5 9.957733e+03 9.977448e+03 9.961993e+03 9.942278e+03
17.5 9.972248e+03 9.978375e+03 9.962001e+03 9.955874e+03
18.5 9.986871e+03 9.974408e+03 9.962004e+03 9.974468e+03
19.5 9.968913e+03 9.962205e+03 9.962006e+03 9.968714e+03
20.5 9.930937e+03 9.950089e+03 9.962006e+03 9.942854e+03
0.6 9.944734e+03 9.951987e+03 9.962024e+03 9.954770e+03
1.6 9.979303e+03 9.962002e+03 9.963676e+03 9.980976e+03
2.6 9.988821e+03 9.962888e+03 9.967119e+03 9.993052e+03
3.6 9.955345e+03 9.962614e+03 9.967536e+03 9.960267e+03
4.6 9.955108e+03 9.969496e+03 9.965647e+03 9.951259e+03
5.6 9.955504e+03 9.977439e+03 9.963717e+03 9.941782e+03
6.6 9.944894e+03 9.974595e+03 9.962477e+03 9.932776e+03
7.6 9.922241e+03 9.962132e+03 9.961818e+03 9.921927e+03
8.6 9.937526e+03 9.952298e+03 9.961538e+03 9.946766e+03
9.6 9.957370e+03 9.956740e+03 9.961495e+03 9.962124e+03
10.6 9.962703e+03 9.967954e+03 9.961578e+03 9.956327e+03
11.6 9.960115e+03 9.974183e+03 9.961702e+03 9.947634e+03
12.6 9.936676e+03 9.967496e+03 9.961816e+03 9.930996e+03
13.6 9.939145e+03 9.959794e+03 9.961899e+03 9.941250e+03
14.6 9.967214e+03 9.957603e+03 9.961951e+03 9.971562e+03
15.6 1.000450e+04 9.962541e+03 9.961980e+03 1.000394e+04
16.6 9.991871e+03 9.965520e+03 9.961995e+03 9.988345e+03
17.6 9.935147e+03 9.958850e+03 9.962002e+03 9.938299e+03
18.6 9.917097e+03 9.951804e+03 9.962005e+03 9.927297e+03
19.6 9.918799e+03 9.951951e+03 9.962006e+03 9.928854e+03
20.6 9.957098e+03 9.955243e+03 9.962142e+03 9.963998e+03
0.9 9.957098e+03 9.955243e+03 9.962142e+03 9.963998e+03
1.9 9.971053e+03 9.956542e+03 9.964739e+03 9.979249e+03
2.9 9.991087e+03 9.959046e+03 9.967618e+03 9.999659e+03
3.9 9.984380e+03 9.969576e+03 9.967110e+03 9.981914e+03
4.9 9.962290e+03 9.981157e+03 9.965040e+03 9.946173e+03
5.9 9.968287e+03 9.986377e+03 9.963291e+03 9.945200e+03
6.9 9.959109e+03 9.982434e+03 9.962239e+03 9.938914e+03
7.9 9.964837e+03 9.968182e+03 9.961707e+03 9.958361e+03
8.9 9.957697e+03 9.953448e+03 9.961507e+03 9.965756e+03
9.9 9.954965e+03 9.943783e+03 9.961510e+03 9.972692e+03
10.9 9.944091e+03 9.940782e+03 9.961612e+03 9.964922e+03
11.9 9.949529e+03 9.947930e+03 9.961737e+03 9.963336e+03
12.9 9.969538e+03 9.958739e+03 9.961843e+03 9.972642e+03
13.9 9.988230e+03 9.969499e+03 9.961917e+03 9.980648e+03
14.9 9.963720e+03 9.970168e+03 9.961961e+03 9.955514e+03
15.9 9.937156e+03 9.960766e+03 9.961985e+03 9.938375e+03
16.9 9.934441e+03 9.950679e+03 9.961997e+03 9.945760e+03
17.9 9.944352e+03 9.946399e+03 9.962003e+03 9.959956e+03
18.9 9.940787e+03 9.952372e+03 9.962005e+03 9.950421e+03
19.9 9.954832e+03 9.959780e+03 9.962819e+03 9.957870e+03
20.9 9.953988e+03 9.960997e+03 9.966316e+03 9.959306e+03
0.3 9.940787e+03 9.952372e+03 9.962005e+03 9.950421e+03
1.3 9.954832e+03 9.959780e+03 9.962819e+03 9.957870e+03
2.3 9.953988e+03 9.960997e+03 9.966316e+03 9.959306e+03
3.3 9.938289e+03 9.958899e+03 9.967770e+03 9.947161e+03
4.3 9.952600e+03 9.966391e+03 9.966263e+03 9.952472e+03
5.3 9.996039e+03 9.976479e+03 9.964708e+03 9.984268e+03
6.3 9.998525e+03 9.975253e+03 9.966578e+03 9.989850e+03
7.3 9.977072e+03 9.964750e+03 9.967747e+03 9.980070e+03
8.3 9.942595e+03 9.954601e+03 9.966144e+03 9.954139e+03
9.3 9.921741e+03 9.952402e+03 9.963953e+03 9.933292e+03
10.3 9.933517e+03 9.954881e+03 9.962464e+03 9.941100e+03
11.3 9.959209e+03 9.961153e+03 9.961703e+03 9.959759e+03
12.3 9.972093e+03 9.966481e+03 9.961402e+03 9.967015e+03
13.3 9.963063e+03 9.964944e+03 9.961364e+03 9.959484e+03
14.3 9.949317e+03 9.965442e+03 9.961465e+03 9.945341e+03
15.3 9.942595e+03 9.968518e+03 9.961615e+03 9.935692e+03
16.3 9.960187e+03 9.972407e+03 9.961756e+03 9.949535e+03
17.3 9.971594e+03 9.971172e+03 9.961861e+03 9.962283e+03
18.3 9.973358e+03 9.973723e+03 9.961929e+03 9.961564e+03
19.3 9.980796e+03 9.978585e+03 9.961969e+03 9.964180e+03
20.3 9.964085e+03 9.977142e+03 9.961989e+03 9.948931e+03
0.2 9.952600e+03 9.966391e+03 9.966263e+03 9.952472e+03
1.2 9.996039e+03 9.976479e+03 9.964708e+03 9.984268e+03
2.2 9.998525e+03 9.975253e+03 9.966578e+03 9.989850e+03
3.2 9.977072e+03 9.964750e+03 9.967747e+03 9.980070e+03
4.2 9.942595e+03 9.954601e+03 9.966144e+03 9.954139e+03
5.2 9.921741e+03 9.952402e+03 9.963953e+03 9.933292e+03
6.2 9.933517e+03 9.954881e+03 9.962464e+03 9.941100e+03
7.2 9.959209e+03 9.961153e+03 9.961703e+03 9.959759e+03
8.2 9.972093e+03 9.966481e+03 9.961402e+03 9.967015e+03
9.2 9.963063e+03 9.964944e+03 9.961364e+03 9.959484e+03
10.2 9.949317e+03 9.965442e+03 9.961465e+03 9.945341e+03
11.2 9.942595e+03 9.968518e+03 9.961615e+03 9.935692e+03
12.2 9.960187e+03 9.972407e+03 9.961756e+03 9.949535e+03
13.2 9.971594e+03 9.971172e+03 9.961861e+03 9.962283e+03
14.2 9.973358e+03 9.973723e+03 9.961929e+03 9.961564e+03
15.2 9.980796e+03 9.978585e+03 9.961969e+03 9.964180e+03
16.2 9.964085e+03 9.977142e+03 9.961989e+03 9.948931e+03
17.2 9.961871e+03 9.976103e+03 9.961999e+03 9.947767e+03
18.2 9.979814e+03 9.980074e+03 9.962217e+03 9.961958e+03
19.2 9.987374e+03 9.976780e+03 9.965069e+03 9.975662e+03
20.2 9.955811e+03 9.965422e+03 9.967703e+03 9.958093e+03
1.0 9.979814e+03 9.980074e+03 9.962217e+03 9.961958e+03
2.0 9.987374e+03 9.976780e+03 9.965069e+03 9.975662e+03
3.0 9.955811e+03 9.965422e+03 9.967703e+03 9.958093e+03
4.0 9.927360e+03 9.952667e+03 9.966955e+03 9.941648e+03
5.0 9.910282e+03 9.944126e+03 9.964864e+03 9.931021e+03
6.0 9.927799e+03 9.944864e+03 9.963175e+03 9.946110e+03
7.0 9.940641e+03 9.954062e+03 9.962177e+03 9.948755e+03
8.0 9.985290e+03 9.962931e+03 9.961679e+03 9.984038e+03
9.0 1.000252e+04 9.971628e+03 9.961501e+03 9.992394e+03
10.0 1.000259e+04 9.975673e+03 9.961516e+03 9.988429e+03
11.0 9.992721e+03 9.975621e+03 9.961623e+03 9.978722e+03
12.0 9.981146e+03 9.976819e+03 9.961748e+03 9.966075e+03
13.0 9.954418e+03 9.970070e+03 9.961851e+03 9.946199e+03
14.0 9.948464e+03 9.957400e+03 9.961922e+03 9.952986e+03
15.0 9.949267e+03 9.947031e+03 9.961964e+03 9.964200e+03
16.0 9.951459e+03 9.945003e+03 9.961987e+03 9.968443e+03
17.0 9.951217e+03 9.952733e+03 9.961998e+03 9.960482e+03
18.0 9.953685e+03 9.961682e+03 9.962003e+03 9.954006e+03
19.0 9.969199e+03 9.970220e+03 9.962005e+03 9.960984e+03
20.0 9.976129e+03 9.971277e+03 9.962006e+03 9.966858e+03
