0.8 9.426422e+03 9.444356e+03 9.435827e+03 9.417893e+03
1.8 9.446094e+03 9.442149e+03 9.437091e+03 9.441036e+03
2.8 9.466662e+03 9.442500e+03 9.440647e+03 9.464809e+03
3.8 9.479342e+03 9.445827e+03 9.442730e+03 9.476246e+03
4.8 9.483012e+03 9.451643e+03 9.441381e+03 9.472751e+03
5.8 9.471447e+03 9.450530e+03 9.438988e+03 9.459905e+03
6.8 9.447986e+03 9.446073e+03 9.438723e+03 9.440636e+03
7.8 9.437002e+03 9.441468e+03 9.440239e+03 9.435772e+03
8.8 9.428136e+03 9.429666e+03 9.439874e+03 9.438344e+03
9.8 9.424053e+03 9.423012e+03 9.438831e+03 9.439872e+03
10.8 9.410257e+03 9.427578e+03 9.440443e+03 9.423123e+03
11.8 9.413428e+03 9.436331e+03 9.442466e+03 9.419563e+03
12.8 9.443120e+03 9.446991e+03 9.441468e+03 9.437598e+03
13.8 9.458598e+03 9.447457e+03 9.438939e+03 9.450079e+03
14.8 9.437377e+03 9.436802e+03 9.436861e+03 9.437435e+03
15.8 9.440606e+03 9.428613e+03 9.435675e+03 9.447668e+03
16.8 9.439516e+03 9.434625e+03 9.435143e+03 9.440035e+03
17.8 9.430562e+03 9.437786e+03 9.435006e+03 9.427781e+03
18.8 9.413694e+03 9.429163e+03 9.435085e+03 9.419615e+03
19.8 9.419992e+03 9.421123e+03 9.435256e+03 9.434125e+03
20.8 9.455550e+03 9.428628e+03 9.435435e+03 9.462356e+03
21.8 9.475727e+03 9.438861e+03 9.435578e+03 9.472444e+03
1.0 9.471447e+03 9.450530e+03 9.438988e+03 9.459905e+03
2.0 9.447986e+03 9.446073e+03 9.438723e+03 9.440636e+03
3.0 9.437002e+03 9.441468e+03 9.440239e+03 9.435772e+03
4.0 9.428136e+03 9.429666e+03 9.439874e+03 9.438344e+03
5.0 9.424053e+03 9.423012e+03 9.438831e+03 9.439872e+03
6.0 9.410257e+03 9.427578e+03 9.440443e+03 9.423123e+03
7.0 9.413428e+03 9.436331e+03 9.442466e+03 9.419563e+03
8.0 9.443120e+03 9.446991e+03 9.441468e+03 9.437598e+03
9.0 9.458598e+03 9.447457e+03 9.438939e+03 9.450079e+03
10.0 9.437377e+03 9.436802e+03 9.436861e+03 9.437435e+03
11.0 9.440606e+03 9.428613e+03 9.435675e+03 9.447668e+03
12.0 9.439516e+03 9.434625e+03 9.435143e+03 9.440035e+03
13.0 9.430562e+03 9.437786e+03 9.435006e+03 9.427781e+03
14.0 9.413694e+03 9.429163e+03 9.435085e+03 9.419615e+03
15.0 9.419992e+03 9.421123e+03 9.435256e+03 9.434125e+03
16.0 9.455550e+03 9.428628e+03 9.435435e+03 9.462356e+03
17.0 9.475727e+03 9.438861e+03 9.435578e+03 9.472444e+03
18.0 9.452630e+03 9.439627e+03 9.435675e+03 9.448678e+03
19.0 9.435330e+03 9.434665e+03 9.435733e+03 9.436398e+03
20.0 9.443847e+03 9.432540e+03 9.435764e+03 9.447071e+03
21.0 9.456620e+03 9.440486e+03 9.435780e+03 9.451914e+03
22.0 9.474313e+03 9.445705e+03 9.435787e+03 9.464395e+03
0.5 9.428136e+03 9.429666e+03 9.439874e+03 9.438344e+03
1.5 9.424053e+03 9.423012e+03 9.438831e+03 9.439872e+03
2.5 9.410257e+03 9.427578e+03 9.440443e+03 9.423123e+03
3.5 9.413428e+03 9.436331e+03 9.442466e+03 9.419563e+03
4.5 9.443120e+03 9.446991e+03 9.441468e+03 9.437598e+03
5.5 9.458598e+03 9.447457e+03 9.438939e+03 9.450079e+03
6.5 9.437377e+03 9.436802e+03 9.436861e+03 9.437435e+03
7.5 9.440606e+03 9.428613e+03 9.435675e+03 9.447668e+03
8.5 9.439516e+03 9.434625e+03 9.435143e+03 9.440035e+03
9.5 9.430562e+03 9.437786e+03 9.435006e+03 9.427781e+03
10.5 9.413694e+03 9.429163e+03 9.435085e+03 9.419615e+03
11.5 9.419992e+03 9.421123e+03 9.435256e+03 9.434125e+03
12.5 9.455550e+03 9.428628e+03 9.435435e+03 9.462356e+03
13.5 9.475727e+03 9.438861e+03 9.435578e+03 9.472444e+03
14.5 9.452630e+03 9.439627e+03 9.435675e+03 9.448678e+03
15.5 9.435330e+03 9.434665e+03 9.435733e+03 9.436398e+03
16.5 9.443847e+03 9.432540e+03 9.435764e+03 9.447071e+03
17.5 9.456620e+03 9.440486e+03 9.435780e+03 9.451914e+03
18.5 9.474313e+03 9.445705e+03 9.435787e+03 9.464395e+03
19.5 9.466806e+03 9.443801e+03 9.435790e+03 9.458795e+03
20.5 9.438308e+03 9.439960e+03 9.435791e+03 9.434139e+03
21.5 9.436574e+03 9.437210e+03 9.435792e+03 9.435156e+03
1.0 9.427921e+03 9.438553e+03 9.435913e+03 9.425281e+03
2.0 9.435478e+03 9.438214e+03 9.437706e+03 9.434969e+03
3.0 9.448429e+03 9.437526e+03 9.440263e+03 9.451166e+03
4.0 9.458891e+03 9.428165e+03 9.440276e+03 9.471001e+03
5.0 9.465372e+03 9.422780e+03 9.438714e+03 9.481306e+03
6.0 9.474489e+03 9.426647e+03 9.438706e+03 9.486549e+03
7.0 9.469670e+03 9.434653e+03 9.441393e+03 9.476409e+03
8.0 9.438537e+03 9.435553e+03 9.442627e+03 9.445611e+03
9.0 9.425313e+03 9.427254e+03 9.440820e+03 9.438879e+03
10.0 9.429689e+03 9.424704e+03 9.438290e+03 9.443275e+03
11.0 9.446896e+03 9.427959e+03 9.436499e+03 9.455436e+03
12.0 9.466454e+03 9.431732e+03 9.435538e+03 9.470261e+03
13.0 9.469551e+03 9.434154e+03 9.435132e+03 9.470530e+03
14.0 9.458707e+03 9.435438e+03 9.435057e+03 9.458327e+03
15.0 9.449546e+03 9.436504e+03 9.435161e+03 9.448203e+03
16.0 9.438417e+03 9.440330e+03 9.435331e+03 9.433417e+03
17.0 9.440179e+03 9.445789e+03 9.435494e+03 9.429885e+03
18.0 9.455218e+03 9.452664e+03 9.435618e+03 9.438172e+03
19.0 9.457582e+03 9.452949e+03 9.435699e+03 9.440333e+03
20.0 9.452486e+03 9.443962e+03 9.435746e+03 9.444270e+03
21.0 9.452633e+03 9.443296e+03 9.435771e+03 9.445108e+03
22.0 9.460081e+03 9.445221e+03 9.435783e+03 9.450643e+03
0.9 9.465372e+03 9.422780e+03 9.438714e+03 9.481306e+03
1.9 9.474489e+03 9.426647e+03 9.438706e+03 9.486549e+03
2.9 9.469670e+03 9.434653e+03 9.441393e+03 9.476409e+03
3.9 9.438537e+03 9.435553e+03 9.442627e+03 9.445611e+03
4.9 9.425313e+03 9.427254e+03 9.440820e+03 9.438879e+03
5.9 9.429689e+03 9.424704e+03 9.438290e+03 9.443275e+03
6.9 9.446896e+03 9.427959e+03 9.436499e+03 9.455436e+03
7.9 9.466454e+03 9.431732e+03 9.435538e+03 9.470261e+03
8.9 9.469551e+03 9.434154e+03 9.435132e+03 9.470530e+03
9.9 9.458707e+03 9.435438e+03 9.435057e+03 9.458327e+03
10.9 9.449546e+03 9.436504e+03 9.435161e+03 9.448203e+03
11.9 9.438417e+03 9.440330e+03 9.435331e+03 9.433417e+03
12.9 9.440179e+03 9.445789e+03 9.435494e+03 9.429885e+03
13.9 9.455218e+03 9.452664e+03 9.435618e+03 9.438172e+03
14.9 9.457582e+03 9.452949e+03 9.435699e+03 9.440333e+03
15.9 9.452486e+03 9.443962e+03 9.435746e+03 9.444270e+03
16.9 9.452633e+03 9.443296e+03 9.435771e+03 9.445108e+03
17.9 9.460081e+03 9.445221e+03 9.435783e+03 9.450643e+03
18.9 9.463584e+03 9.440234e+03 9.435788e+03 9.459138e+03
19.9 9.441444e+03 9.432660e+03 9.435791e+03 9.444574e+03
20.9 9.439722e+03 9.432051e+03 9.435792e+03 9.443462e+03
21.9 9.463089e+03 9.440087e+03 9.435792e+03 9.458793e+03
0.6 9.441244e+03 9.443153e+03 9.435802e+03 9.433893e+03
1.6 9.438534e+03 9.444135e+03 9.436682e+03 9.431081e+03
2.6 9.462639e+03 9.444124e+03 9.439446e+03 9.457961e+03
3.6 9.491016e+03 9.448713e+03 9.440588e+03 9.482891e+03
4.6 9.474450e+03 9.452318e+03 9.439358e+03 9.461491e+03
5.6 9.452271e+03 9.448391e+03 9.437647e+03 9.441527e+03
6.6 9.431316e+03 9.442012e+03 9.436432e+03 9.425737e+03
7.6 9.435985e+03 9.437286e+03 9.435754e+03 9.434452e+03
8.6 9.436839e+03 9.434704e+03 9.435440e+03 9.437575e+03
9.6 9.467113e+03 9.434294e+03 9.435357e+03 9.468175e+03
10.6 9.496783e+03 9.437657e+03 9.435404e+03 9.494530e+03
11.6 9.465242e+03 9.435601e+03 9.435505e+03 9.465146e+03
12.6 9.424397e+03 9.426434e+03 9.435606e+03 9.433568e+03
13.6 9.405921e+03 9.424005e+03 9.435684e+03 9.417600e+03
14.6 9.409361e+03 9.427156e+03 9.435735e+03 9.417940e+03
15.6 9.430754e+03 9.427745e+03 9.435764e+03 9.438773e+03
16.6 9.427608e+03 9.422470e+03 9.435779e+03 9.440917e+03
17.6 9.431561e+03 9.423889e+03 9.435786e+03 9.443459e+03
18.6 9.442792e+03 9.435931e+03 9.435790e+03 9.442651e+03
19.6 9.429122e+03 9.442477e+03 9.435791e+03 9.422436e+03
20.6 9.405134e+03 9.442038e+03 9.435792e+03 9.398888e+03
21.6 9.404063e+03 9.439667e+03 9.435792e+03 9.400188e+03
0.3 9.410002e+03 9.436304e+03 9.435792e+03 9.409490e+03
1.3 9.423513e+03 9.435765e+03 9.436128e+03 9.423877e+03
2.3 9.445185e+03 9.437842e+03 9.438674e+03 9.446017e+03
3.3 9.442222e+03 9.441813e+03 9.442803e+03 9.443212e+03
4.3 9.441971e+03 9.446065e+03 9.444633e+03 9.440539e+03
5.3 9.433600e+03 9.452217e+03 9.442663e+03 9.424045e+03
6.3 9.409415e+03 9.450051e+03 9.439527e+03 9.398891e+03
7.3 9.400140e+03 9.440594e+03 9.437140e+03 9.396686e+03
8.3 9.415115e+03 9.434403e+03 9.435768e+03 9.416480e+03
9.3 9.476134e+03 9.439827e+03 9.435129e+03 9.471436e+03
10.3 9.489262e+03 9.442585e+03 9.434953e+03 9.481630e+03
11.3 9.442752e+03 9.440116e+03 9.435035e+03 9.437672e+03
12.3 9.416353e+03 9.444506e+03 9.435225e+03 9.407072e+03
13.3 9.403352e+03 9.445336e+03 9.435420e+03 9.393435e+03
14.3 9.408651e+03 9.436352e+03 9.435573e+03 9.407872e+03
15.3 9.417111e+03 9.434814e+03 9.435674e+03 9.417970e+03
16.3 9.446738e+03 9.441053e+03 9.435733e+03 9.441418e+03
17.3 9.449129e+03 9.442255e+03 9.435765e+03 9.442639e+03
18.3 9.439781e+03 9.441305e+03 9.435780e+03 9.434256e+03
19.3 9.426044e+03 9.443830e+03 9.435787e+03 9.418001e+03
20.3 9.429679e+03 9.448362e+03 9.435790e+03 9.417107e+03
21.3 9.447725e+03 9.454016e+03 9.435801e+03 9.429511e+03
0.6 9.447725e+03 9.454016e+03 9.435801e+03 9.429511e+03
1.6 9.461018e+03 9.453105e+03 9.436682e+03 9.444595e+03
2.6 9.462852e+03 9.448580e+03 9.439446e+03 9.453718e+03
3.6 9.443738e+03 9.436798e+03 9.440588e+03 9.447529e+03
4.6 9.418737e+03 9.425052e+03 9.439606e+03 9.433292e+03
5.6 9.420204e+03 9.425234e+03 9.440089e+03 9.435059e+03
6.6 9.418911e+03 9.427985e+03 9.441202e+03 9.432128e+03
7.6 9.417066e+03 9.422492e+03 9.440137e+03 9.434711e+03
8.6 9.415443e+03 9.421132e+03 9.438083e+03 9.432394e+03
9.6 9.423235e+03 9.425670e+03 9.436490e+03 9.434055e+03
10.6 9.442038e+03 9.430719e+03 9.435618e+03 9.446937e+03
11.6 9.458678e+03 9.433980e+03 9.435251e+03 9.459948e+03
12.6 9.464399e+03 9.435643e+03 9.435176e+03 9.463931e+03
13.6 9.452307e+03 9.436315e+03 9.435254e+03 9.451246e+03
14.6 9.433118e+03 9.436317e+03 9.435392e+03 9.432193e+03
15.6 9.424861e+03 9.433717e+03 9.435529e+03 9.426673e+03
16.6 9.418733e+03 9.427175e+03 9.435636e+03 9.427195e+03
17.6 9.424588e+03 9.422367e+03 9.435707e+03 9.437929e+03
18.6 9.440659e+03 9.430164e+03 9.435750e+03 9.446245e+03
19.6 9.438502e+03 9.437556e+03 9.435772e+03 9.436718e+03
20.6 9.416202e+03 9.431637e+03 9.435783e+03 9.420349e+03
21.6 9.415934e+03 9.423027e+03 9.435788e+03 9.428695e+03
0.2 9.443738e+03 9.436798e+03 9.440588e+03 9.447529e+03
1.2 9.418737e+03 9.425052e+03 9.439606e+03 9.433292e+03
2.2 9.420204e+03 9.425234e+03 9.440089e+03 9.435059e+03
3.2 9.418911e+03 9.427985e+03 9.441202e+03 9.432128e+03
4.2 9.417066e+03 9.422492e+03 9.440137e+03 9.434711e+03
5.2 9.415443e+03 9.421132e+03 9.438083e+03 9.432394e+03
6.2 9.423235e+03 9.425670e+03 9.436490e+03 9.434055e+03
7.2 9.442038e+03 9.430719e+03 9.435618e+03 9.446937e+03
8.2 9.458678e+03 9.433980e+03 9.435251e+03 9.459948e+03
9.2 9.464399e+03 9.435643e+03 9.435176e+03 9.463931e+03
10.2 9.452307e+03 9.436315e+03 9.435254e+03 9.451246e+03
11.2 9.433118e+03 9.436317e+03 9.435392e+03 9.432193e+03
12.2 9.424861e+03 9.433717e+03 9.435529e+03 9.426673e+03
13.2 9.418733e+03 9.427175e+03 9.435636e+03 9.427195e+03
14.2 9.424588e+03 9.422367e+03 9.435707e+03 9.437929e+03
15.2 9.440659e+03 9.430164e+03 9.435750e+03 9.446245e+03
16.2 9.438502e+03 9.437556e+03 9.435772e+03 9.436718e+03
17.2 9.416202e+03 9.431637e+03 9.435783e+03 9.420349e+03
18.2 9.415934e+03 9.423027e+03 9.435788e+03 9.428695e+03
19.2 9.433883e+03 9.428694e+03 9.435791e+03 9.440980e+03
20.2 9.444591e+03 9.439318e+03 9.435791e+03 9.441064e+03
21.2 9.427982e+03 9.442285e+03 9.435792e+03 9.421489e+03
0.7 9.440345e+03 9.414794e+03 9.435811e+03 9.461362e+03
1.7 9.458190e+03 9.412933e+03 9.436877e+03 9.482134e+03
2.7 9.442922e+03 9.422340e+03 9.440431e+03 9.461013e+03
3.7 9.413699e+03 9.434547e+03 9.444056e+03 9.423208e+03
4.7 9.412684e+03 9.446446e+03 9.444018e+03 9.410256e+03
5.7 9.419370e+03 9.453874e+03 9.441185e+03 9.406681e+03
6.7 9.441163e+03 9.451509e+03 9.438299e+03 9.427953e+03
7.7 9.445792e+03 9.445185e+03 9.436408e+03 9.437015e+03
8.7 9.448702e+03 9.439801e+03 9.435414e+03 9.444315e+03
9.7 9.438763e+03 9.435068e+03 9.435015e+03 9.438710e+03
10.7 9.422595e+03 9.426698e+03 9.434977e+03 9.430873e+03
11.7 9.415954e+03 9.420407e+03 9.435121e+03 9.430668e+03
12.7 9.423538e+03 9.428829e+03 9.435320e+03 9.430029e+03
13.7 9.430211e+03 9.438889e+03 9.435498e+03 9.426820e+03
14.7 9.425526e+03 9.441179e+03 9.435626e+03 9.419973e+03
15.7 9.428817e+03 9.439609e+03 9.435706e+03 9.424914e+03
16.7 9.429316e+03 9.435985e+03 9.435750e+03 9.429082e+03
17.7 9.415307e+03 9.427603e+03 9.435773e+03 9.423477e+03
18.7 9.421443e+03 9.418755e+03 9.435784e+03 9.438472e+03
19.7 9.407421e+03 9.411151e+03 9.435789e+03 9.432059e+03
20.7 9.394420e+03 9.413471e+03 9.435791e+03 9.416741e+03
21.7 9.403890e+03 9.426164e+03 9.435792e+03 9.413518e+03
