0.3 9.967746e+03 9.942493e+03 9.960251e+03 9.985504e+03
1.3 9.947989e+03 9.943300e+03 9.961058e+03 9.965747e+03
2.3 9.939597e+03 9.949838e+03 9.967596e+03 9.957355e+03
3.3 9.921477e+03 9.960744e+03 9.978497e+03 9.939229e+03
4.3 9.931353e+03 9.969086e+03 9.983450e+03 9.945717e+03
5.3 9.954336e+03 9.976422e+03 9.978343e+03 9.956256e+03
6.3 9.968147e+03 9.979020e+03 9.970111e+03 9.959237e+03
7.3 9.978896e+03 9.979254e+03 9.963830e+03 9.963472e+03
8.3 9.988764e+03 9.977746e+03 9.960213e+03 9.971230e+03
9.3 9.990783e+03 9.977639e+03 9.958525e+03 9.971669e+03
10.3 9.969198e+03 9.969764e+03 9.958053e+03 9.957487e+03
11.3 9.942470e+03 9.958651e+03 9.958265e+03 9.942084e+03
12.3 9.932838e+03 9.954325e+03 9.958759e+03 9.937273e+03
13.3 9.950861e+03 9.956512e+03 9.959271e+03 9.953620e+03
14.3 9.986818e+03 9.963729e+03 9.959673e+03 9.982761e+03
15.3 9.974080e+03 9.963682e+03 9.959940e+03 9.970338e+03
16.3 9.958535e+03 9.960669e+03 9.960096e+03 9.957962e+03
17.3 9.958945e+03 9.963741e+03 9.960179e+03 9.955383e+03
18.3 9.953319e+03 9.966608e+03 9.960219e+03 9.946930e+03
19.3 9.948237e+03 9.960079e+03 9.960238e+03 9.948395e+03
20.3 9.957663e+03 9.956147e+03 9.960246e+03 9.961762e+03
21.3 9.987498e+03 9.965041e+03 9.960249e+03 9.982706e+03
0.2 1.000574e+04 9.974867e+03 9.960251e+03 9.991124e+03
1.2 9.992391e+03 9.971540e+03 9.960776e+03 9.981626e+03
2.2 9.962729e+03 9.965600e+03 9.966496e+03 9.963626e+03
3.2 9.952514e+03 9.965375e+03 9.977326e+03 9.964464e+03
4.2 9.972429e+03 9.967255e+03 9.983463e+03 9.988638e+03
5.2 9.989259e+03 9.971407e+03 9.979234e+03 9.997086e+03
6.2 9.982002e+03 9.967571e+03 9.970999e+03 9.985430e+03
7.2 9.962333e+03 9.956703e+03 9.964403e+03 9.970034e+03
8.2 9.937068e+03 9.947024e+03 9.960513e+03 9.950557e+03
9.2 9.948290e+03 9.941701e+03 9.958645e+03 9.965234e+03
10.2 9.960360e+03 9.946532e+03 9.958063e+03 9.971892e+03
11.2 9.960777e+03 9.963115e+03 9.958220e+03 9.955882e+03
12.2 9.978717e+03 9.973174e+03 9.958698e+03 9.964242e+03
13.1 9.973249e+03 9.969879e+03 9.959217e+03 9.962588e+03
14.1 9.956636e+03 9.959913e+03 9.960048e+03 9.956771e+03
15.1 9.955378e+03 9.955464e+03 9.965637e+03 9.965551e+03
16.1 9.973420e+03 9.959098e+03 9.975462e+03 9.989784e+03
17.1 9.990943e+03 9.966198e+03 9.978263e+03 1.000301e+04
18.1 1.000452e+04 9.970035e+03 9.973151e+03 1.000764e+04
19.1 9.988810e+03 9.962948e+03 9.966791e+03 9.992652e+03
20.1 9.965972e+03 9.954722e+03 9.964537e+03 9.975788e+03
21.1 9.943864e+03 9.955960e+03 9.970881e+03 9.958785e+03
0.1 9.973249e+03 9.969879e+03 9.959217e+03 9.962588e+03
1.1 9.956636e+03 9.959913e+03 9.960048e+03 9.956771e+03
2.1 9.955378e+03 9.955464e+03 9.965637e+03 9.965551e+03
3.1 9.973420e+03 9.959098e+03 9.975462e+03 9.989784e+03
4.1 9.990943e+03 9.966198e+03 9.978263e+03 1.000301e+04
5.1 1.000452e+04 9.970035e+03 9.973151e+03 1.000764e+04
6.1 9.988810e+03 9.962948e+03 9.966791e+03 9.992652e+03
7.1 9.965972e+03 9.954722e+03 9.964537e+03 9.975788e+03
8.1 9.943864e+03 9.955960e+03 9.970881e+03 9.958785e+03
9.1 9.950125e+03 9.962339e+03 9.980052e+03 9.967838e+03
10.1 9.981541e+03 9.968716e+03 9.981165e+03 9.993990e+03
11.1 9.991536e+03 9.972153e+03 9.974346e+03 9.993729e+03
12.1 9.967058e+03 9.964799e+03 9.966776e+03 9.969035e+03
13.1 9.944798e+03 9.953675e+03 9.961731e+03 9.952855e+03
14.1 9.944557e+03 9.945925e+03 9.959089e+03 9.957721e+03
15.1 9.954146e+03 9.949265e+03 9.958037e+03 9.962918e+03
16.1 9.970158e+03 9.959410e+03 9.957943e+03 9.968691e+03
17.1 9.986060e+03 9.962714e+03 9.958343e+03 9.981689e+03
18.1 9.995702e+03 9.957916e+03 9.958897e+03 9.996683e+03
19.1 9.996276e+03 9.957219e+03 9.959399e+03 9.998456e+03
20.1 9.991761e+03 9.967689e+03 9.959765e+03 9.983837e+03
21.1 9.979051e+03 9.973885e+03 9.959996e+03 9.965163e+03
0.6 9.988810e+03 9.962948e+03 9.966791e+03 9.992652e+03
1.6 9.965972e+03 9.954722e+03 9.964537e+03 9.975788e+03
2.6 9.943864e+03 9.955960e+03 9.970881e+03 9.958785e+03
3.6 9.950125e+03 9.962339e+03 9.980052e+03 9.967838e+03
4.6 9.981541e+03 9.968716e+03 9.981165e+03 9.993990e+03
5.6 9.991536e+03 9.972153e+03 9.974346e+03 9.993729e+03
6.6 9.967058e+03 9.964799e+03 9.966776e+03 9.969035e+03
7.6 9.944798e+03 9.953675e+03 9.961731e+03 9.952855e+03
8.6 9.944557e+03 9.945925e+03 9.959089e+03 9.957721e+03
9.6 9.954146e+03 9.949265e+03 9.958037e+03 9.962918e+03
10.6 9.970158e+03 9.959410e+03 9.957943e+03 9.968691e+03
11.6 9.986060e+03 9.962714e+03 9.958343e+03 9.981689e+03
12.6 9.995702e+03 9.957916e+03 9.958897e+03 9.996683e+03
13.6 9.996276e+03 9.957219e+03 9.959399e+03 9.998456e+03
14.6 9.991761e+03 9.967689e+03 9.959765e+03 9.983837e+03
15.6 9.979051e+03 9.973885e+03 9.959996e+03 9.965163e+03
16.6 9.962271e+03 9.969039e+03 9.960127e+03 9.953360e+03
17.6 9.948925e+03 9.958276e+03 9.960195e+03 9.950844e+03
18.6 9.961569e+03 9.948595e+03 9.960227e+03 9.973200e+03
19.6 9.976683e+03 9.942592e+03 9.960241e+03 9.994332e+03
20.6 9.969865e+03 9.939727e+03 9.960247e+03 9.990385e+03
21.6 9.958751e+03 9.938873e+03 9.960250e+03 9.980127e+03
0.4 9.975421e+03 9.974075e+03 9.960253e+03 9.961599e+03
1.4 9.972675e+03 9.970723e+03 9.961533e+03 9.963485e+03
2.4 9.975954e+03 9.967018e+03 9.969063e+03 9.977999e+03
3.4 9.961503e+03 9.967260e+03 9.979837e+03 9.974081e+03
4.4 9.975630e+03 9.969161e+03 9.983228e+03 9.989697e+03
5.4 9.992414e+03 9.972429e+03 9.977180e+03 9.997165e+03
6.4 9.982440e+03 9.970121e+03 9.969044e+03 9.981363e+03
7.4 9.959326e+03 9.966015e+03 9.963163e+03 9.956474e+03
8.4 9.961884e+03 9.963913e+03 9.959873e+03 9.957844e+03
9.4 9.954765e+03 9.967947e+03 9.958397e+03 9.945216e+03
10.4 9.958964e+03 9.970301e+03 9.958052e+03 9.946715e+03
11.4 9.971289e+03 9.971045e+03 9.958326e+03 9.958570e+03
12.4 9.986464e+03 9.973449e+03 9.958836e+03 9.971850e+03
13.4 9.966252e+03 9.967275e+03 9.959337e+03 9.958314e+03
14.4 9.943968e+03 9.955543e+03 9.959719e+03 9.948144e+03
15.4 9.937496e+03 9.945999e+03 9.959968e+03 9.951465e+03
16.4 9.968674e+03 9.940699e+03 9.960111e+03 9.988086e+03
17.4 9.965329e+03 9.938663e+03 9.960186e+03 9.986853e+03
18.4 9.955836e+03 9.940951e+03 9.960223e+03 9.975108e+03
19.4 9.953654e+03 9.947993e+03 9.960239e+03 9.965900e+03
20.4 9.974290e+03 9.957458e+03 9.960246e+03 9.977079e+03
21.4 9.980693e+03 9.966984e+03 9.960249e+03 9.973958e+03
0.1 9.970538e+03 9.982963e+03 9.960251e+03 9.947827e+03
1.1 9.977018e+03 9.987061e+03 9.960776e+03 9.950733e+03
2.1 9.949079e+03 9.983229e+03 9.966496e+03 9.932347e+03
3.1 9.936014e+03 9.978514e+03 9.977326e+03 9.934826e+03
4.1 9.959916e+03 9.974600e+03 9.983463e+03 9.968780e+03
5.1 1.001837e+04 9.974798e+03 9.979554e+03 1.002312e+04
6.1 1.001512e+04 9.973214e+03 9.976090e+03 1.001799e+04
7.1 9.980493e+03 9.970502e+03 9.976454e+03 9.986445e+03
8.1 9.960288e+03 9.971929e+03 9.972715e+03 9.961073e+03
9.1 9.939370e+03 9.969271e+03 9.966460e+03 9.936560e+03
10.1 9.937995e+03 9.966316e+03 9.961636e+03 9.933315e+03
11.1 9.948377e+03 9.968560e+03 9.959104e+03 9.938921e+03
12.1 9.974282e+03 9.969416e+03 9.958173e+03 9.963039e+03
13.1 9.962897e+03 9.960980e+03 9.958117e+03 9.960034e+03
14.1 9.953895e+03 9.955945e+03 9.958474e+03 9.956425e+03
15.1 9.951579e+03 9.965383e+03 9.958961e+03 9.945158e+03
16.1 9.960733e+03 9.976436e+03 9.959413e+03 9.943710e+03
17.1 9.968303e+03 9.981099e+03 9.959757e+03 9.946961e+03
18.1 9.966834e+03 9.976348e+03 9.959983e+03 9.950470e+03
19.1 9.967079e+03 9.974371e+03 9.960116e+03 9.952824e+03
20.1 9.972359e+03 9.970939e+03 9.960188e+03 9.961608e+03
21.1 9.952144e+03 9.963223e+03 9.960223e+03 9.949145e+03
1.0 1.001837e+04 9.974798e+03 9.979554e+03 1.002312e+04
2.0 1.001512e+04 9.973214e+03 9.976090e+03 1.001799e+04
3.0 9.980493e+03 9.970502e+03 9.976454e+03 9.986445e+03
4.0 9.960288e+03 9.971929e+03 9.972715e+03 9.961073e+03
5.0 9.939370e+03 9.969271e+03 9.966460e+03 9.936560e+03
6.0 9.937995e+03 9.966316e+03 9.961636e+03 9.933315e+03
7.0 9.948377e+03 9.968560e+03 9.959104e+03 9.938921e+03
8.0 9.974282e+03 9.969416e+03 9.958173e+03 9.963039e+03
9.0 9.962897e+03 9.960980e+03 9.958117e+03 9.960034e+03
10.0 9.953895e+03 9.955945e+03 9.958474e+03 9.956425e+03
11.0 9.951579e+03 9.965383e+03 9.958961e+03 9.945158e+03
12.0 9.960733e+03 9.976436e+03 9.959413e+03 9.943710e+03
13.0 9.968303e+03 9.981099e+03 9.959757e+03 9.946961e+03
14.0 9.966834e+03 9.976348e+03 9.959983e+03 9.950470e+03
15.0 9.967079e+03 9.974371e+03 9.960116e+03 9.952824e+03
16.0 9.972359e+03 9.970939e+03 9.960188e+03 9.961608e+03
17.0 9.952144e+03 9.963223e+03 9.960223e+03 9.949145e+03
18.0 9.948810e+03 9.962089e+03 9.960239e+03 9.946960e+03
19.0 9.961389e+03 9.965568e+03 9.960246e+03 9.956067e+03
20.0 9.967351e+03 9.963377e+03 9.960249e+03 9.964223e+03
21.0 9.955942e+03 9.955379e+03 9.960250e+03 9.960814e+03
22.0 9.944568e+03 9.947220e+03 9.960251e+03 9.957599e+03
0.9 9.972093e+03 9.966481e+03 9.960381e+03 9.965994e+03
1.9 9.963063e+03 9.964944e+03 9.964101e+03 9.962220e+03
2.9 9.949317e+03 9.965442e+03 9.973710e+03 9.957586e+03
3.9 9.942595e+03 9.968518e+03 9.978892e+03 9.952969e+03
4.9 9.960187e+03 9.972407e+03 9.975013e+03 9.962793e+03
5.9 9.971594e+03 9.971172e+03 9.968347e+03 9.968769e+03
6.9 9.973358e+03 9.973723e+03 9.963271e+03 9.962905e+03
7.9 9.980796e+03 9.978585e+03 9.960343e+03 9.962554e+03
8.9 9.964085e+03 9.977142e+03 9.958951e+03 9.945894e+03
9.9 9.961871e+03 9.976103e+03 9.958534e+03 9.944302e+03
10.9 9.979814e+03 9.980074e+03 9.958677e+03 9.958417e+03
11.9 9.987374e+03 9.976780e+03 9.959060e+03 9.969653e+03
12.9 9.955811e+03 9.965422e+03 9.959466e+03 9.949855e+03
13.9 9.927360e+03 9.952667e+03 9.959787e+03 9.934480e+03
14.9 9.910282e+03 9.944126e+03 9.960415e+03 9.926571e+03
15.9 9.927799e+03 9.944864e+03 9.965849e+03 9.948784e+03
16.9 9.940641e+03 9.954062e+03 9.976656e+03 9.963235e+03
17.9 9.985290e+03 9.962931e+03 9.983388e+03 1.000575e+04
18.9 1.000252e+04 9.971628e+03 9.979651e+03 1.001054e+04
19.9 1.000259e+04 9.975673e+03 9.971449e+03 9.998363e+03
20.9 9.992721e+03 9.975621e+03 9.964703e+03 9.981802e+03
21.9 9.981146e+03 9.976819e+03 9.960673e+03 9.965000e+03
0.1 9.927360e+03 9.952667e+03 9.959787e+03 9.934480e+03
1.1 9.910282e+03 9.944126e+03 9.960415e+03 9.926571e+03
2.1 9.927799e+03 9.944864e+03 9.965849e+03 9.948784e+03
3.1 9.940641e+03 9.954062e+03 9.976656e+03 9.963235e+03
4.1 9.985290e+03 9.962931e+03 9.983388e+03 1.000575e+04
5.1 1.000252e+04 9.971628e+03 9.979651e+03 1.001054e+04
6.1 1.000259e+04 9.975673e+03 9.971449e+03 9.998363e+03
7.1 9.992721e+03 9.975621e+03 9.964703e+03 9.981802e+03
8.1 9.981146e+03 9.976819e+03 9.960673e+03 9.965000e+03
9.1 9.954418e+03 9.970070e+03 9.958711e+03 9.943059e+03
10.1 9.948464e+03 9.957400e+03 9.958072e+03 9.949136e+03
11.1 9.949267e+03 9.947031e+03 9.958353e+03 9.960589e+03
12.1 9.951459e+03 9.945003e+03 9.962732e+03 9.969188e+03
13.1 9.951217e+03 9.952733e+03 9.973426e+03 9.971910e+03
14.1 9.953685e+03 9.961682e+03 9.982291e+03 9.974295e+03
15.1 9.969199e+03 9.970220e+03 9.980692e+03 9.979671e+03
16.1 9.976129e+03 9.971277e+03 9.972914e+03 9.977766e+03
0.9 9.949267e+03 9.947031e+03 9.958353e+03 9.960589e+03
1.9 9.951459e+03 9.945003e+03 9.962732e+03 9.969188e+03
2.9 9.951217e+03 9.952733e+03 9.973426e+03 9.971910e+03
3.9 9.953685e+03 9.961682e+03 9.982291e+03 9.974295e+03
4.9 9.969199e+03 9.970220e+03 9.980692e+03 9.979671e+03
5.9 9.976129e+03 9.971277e+03 9.972914e+03 9.977766e+03
