0.3 1.159819e+04 1.154724e+04 1.159312e+04 1.164408e+04
1.3 1.153142e+04 1.154658e+04 1.159246e+04 1.157731e+04
2.3 1.149829e+04 1.154125e+04 1.158713e+04 1.154417e+04
3.3 1.145900e+04 1.153239e+04 1.157825e+04 1.150486e+04
4.3 1.149920e+04 1.154314e+04 1.157421e+04 1.153027e+04
5.3 1.156094e+04 1.159771e+04 1.157837e+04 1.154161e+04
6.3 1.163555e+04 1.161992e+04 1.158509e+04 1.160071e+04
7.3 1.162656e+04 1.160035e+04 1.159021e+04 1.161642e+04
8.3 1.162357e+04 1.158747e+04 1.159315e+04 1.162926e+04
9.3 1.166078e+04 1.162009e+04 1.159453e+04 1.163522e+04
10.3 1.166858e+04 1.162845e+04 1.159491e+04 1.163505e+04
11.3 1.163357e+04 1.160503e+04 1.159474e+04 1.162328e+04
12.3 1.164110e+04 1.158643e+04 1.159434e+04 1.164901e+04
13.3 1.161361e+04 1.159186e+04 1.159392e+04 1.161568e+04
14.3 1.171124e+04 1.162886e+04 1.159359e+04 1.167598e+04
15.3 1.161934e+04 1.163323e+04 1.159338e+04 1.157949e+04
16.3 1.160525e+04 1.161320e+04 1.159325e+04 1.158530e+04
17.3 1.163283e+04 1.162342e+04 1.159318e+04 1.160259e+04
18.3 1.167455e+04 1.164154e+04 1.159315e+04 1.162616e+04
19.3 1.166318e+04 1.161932e+04 1.159313e+04 1.163699e+04
20.3 1.160403e+04 1.158087e+04 1.159313e+04 1.161629e+04
21.3 1.164649e+04 1.154936e+04 1.159312e+04 1.169025e+04
0.2 1.163419e+04 1.159934e+04 1.159312e+04 1.162797e+04
1.2 1.164571e+04 1.161993e+04 1.159269e+04 1.161847e+04
2.2 1.152719e+04 1.159663e+04 1.158803e+04 1.151859e+04
3.2 1.152110e+04 1.155870e+04 1.157920e+04 1.154161e+04
4.2 1.152576e+04 1.154413e+04 1.157420e+04 1.155582e+04
5.2 1.160130e+04 1.158687e+04 1.157765e+04 1.159208e+04
6.2 1.164520e+04 1.161187e+04 1.158436e+04 1.161769e+04
7.2 1.165968e+04 1.159607e+04 1.158974e+04 1.165334e+04
8.2 1.162253e+04 1.157125e+04 1.159291e+04 1.164419e+04
9.2 1.161901e+04 1.155420e+04 1.159443e+04 1.165924e+04
10.2 1.163085e+04 1.154819e+04 1.159491e+04 1.167757e+04
11.2 1.164348e+04 1.155188e+04 1.159478e+04 1.168638e+04
12.2 1.164382e+04 1.158016e+04 1.159439e+04 1.165805e+04
13.1 1.167102e+04 1.162812e+04 1.159397e+04 1.163686e+04
14.1 1.163079e+04 1.162910e+04 1.159329e+04 1.159497e+04
15.1 1.153792e+04 1.159444e+04 1.158873e+04 1.153220e+04
16.1 1.150606e+04 1.155864e+04 1.158072e+04 1.152815e+04
17.1 1.148403e+04 1.157135e+04 1.157844e+04 1.149111e+04
18.1 1.163970e+04 1.161036e+04 1.158261e+04 1.161195e+04
19.1 1.166447e+04 1.160838e+04 1.158779e+04 1.164388e+04
20.1 1.157151e+04 1.158106e+04 1.158963e+04 1.158008e+04
21.1 1.158002e+04 1.155173e+04 1.158446e+04 1.161275e+04
0.1 1.167102e+04 1.162812e+04 1.159397e+04 1.163686e+04
1.1 1.163079e+04 1.162910e+04 1.159329e+04 1.159497e+04
2.1 1.153792e+04 1.159444e+04 1.158873e+04 1.153220e+04
3.1 1.150606e+04 1.155864e+04 1.158072e+04 1.152815e+04
4.1 1.148403e+04 1.157135e+04 1.157844e+04 1.149111e+04
5.1 1.163970e+04 1.161036e+04 1.158261e+04 1.161195e+04
6.1 1.166447e+04 1.160838e+04 1.158779e+04 1.164388e+04
7.1 1.157151e+04 1.158106e+04 1.158963e+04 1.158008e+04
8.1 1.158002e+04 1.155173e+04 1.158446e+04 1.161275e+04
9.1 1.157746e+04 1.153122e+04 1.157698e+04 1.162323e+04
10.1 1.158845e+04 1.155305e+04 1.157607e+04 1.161148e+04
11.1 1.164638e+04 1.160341e+04 1.158163e+04 1.162460e+04
12.1 1.163271e+04 1.161062e+04 1.158780e+04 1.160990e+04
13.1 1.158974e+04 1.158827e+04 1.159192e+04 1.159338e+04
14.1 1.158082e+04 1.156572e+04 1.159407e+04 1.160917e+04
15.1 1.158361e+04 1.154930e+04 1.159493e+04 1.162923e+04
16.1 1.161430e+04 1.155050e+04 1.159500e+04 1.165881e+04
17.1 1.168910e+04 1.159894e+04 1.159468e+04 1.168484e+04
18.1 1.168569e+04 1.162204e+04 1.159423e+04 1.165787e+04
19.1 1.157514e+04 1.160088e+04 1.159382e+04 1.156807e+04
20.1 1.150926e+04 1.156880e+04 1.159352e+04 1.153398e+04
21.1 1.151763e+04 1.157170e+04 1.159333e+04 1.153927e+04
0.6 1.166447e+04 1.160838e+04 1.158779e+04 1.164388e+04
1.6 1.157151e+04 1.158106e+04 1.158963e+04 1.158008e+04
2.6 1.158002e+04 1.155173e+04 1.158446e+04 1.161275e+04
3.6 1.157746e+04 1.153122e+04 1.157698e+04 1.162323e+04
4.6 1.158845e+04 1.155305e+04 1.157607e+04 1.161148e+04
5.6 1.164638e+04 1.160341e+04 1.158163e+04 1.162460e+04
6.6 1.163271e+04 1.161062e+04 1.158780e+04 1.160990e+04
7.6 1.158974e+04 1.158827e+04 1.159192e+04 1.159338e+04
8.6 1.158082e+04 1.156572e+04 1.159407e+04 1.160917e+04
9.6 1.158361e+04 1.154930e+04 1.159493e+04 1.162923e+04
10.6 1.161430e+04 1.155050e+04 1.159500e+04 1.165881e+04
11.6 1.168910e+04 1.159894e+04 1.159468e+04 1.168484e+04
12.6 1.168569e+04 1.162204e+04 1.159423e+04 1.165787e+04
13.6 1.157514e+04 1.160088e+04 1.159382e+04 1.156807e+04
14.6 1.150926e+04 1.156880e+04 1.159352e+04 1.153398e+04
15.6 1.151763e+04 1.157170e+04 1.159333e+04 1.153927e+04
16.6 1.154107e+04 1.161410e+04 1.159322e+04 1.152019e+04
17.6 1.154726e+04 1.161873e+04 1.159317e+04 1.152170e+04
18.6 1.153190e+04 1.159209e+04 1.159314e+04 1.153294e+04
19.6 1.157404e+04 1.156588e+04 1.159313e+04 1.160129e+04
20.6 1.157890e+04 1.154996e+04 1.159313e+04 1.162207e+04
21.6 1.152001e+04 1.154214e+04 1.159312e+04 1.157099e+04
0.4 1.167052e+04 1.165446e+04 1.159312e+04 1.160918e+04
1.4 1.166260e+04 1.165447e+04 1.159208e+04 1.160020e+04
2.4 1.161056e+04 1.161265e+04 1.158594e+04 1.158385e+04
3.4 1.158661e+04 1.156351e+04 1.157716e+04 1.160026e+04
4.4 1.158134e+04 1.155487e+04 1.157439e+04 1.160085e+04
5.4 1.165958e+04 1.159745e+04 1.157932e+04 1.164145e+04
6.4 1.162065e+04 1.161645e+04 1.158595e+04 1.159015e+04
7.4 1.158726e+04 1.160898e+04 1.159075e+04 1.156903e+04
8.4 1.157818e+04 1.160711e+04 1.159343e+04 1.156451e+04
9.4 1.154879e+04 1.163710e+04 1.159463e+04 1.150633e+04
10.4 1.151208e+04 1.163557e+04 1.159491e+04 1.147142e+04
11.4 1.154928e+04 1.161691e+04 1.159469e+04 1.152706e+04
12.4 1.164566e+04 1.163409e+04 1.159428e+04 1.160585e+04
13.4 1.165171e+04 1.162892e+04 1.159387e+04 1.161665e+04
14.4 1.165627e+04 1.159573e+04 1.159356e+04 1.165409e+04
15.4 1.161712e+04 1.156425e+04 1.159335e+04 1.164623e+04
16.4 1.167114e+04 1.154561e+04 1.159324e+04 1.171877e+04
17.4 1.160330e+04 1.153757e+04 1.159317e+04 1.165890e+04
18.4 1.153501e+04 1.154036e+04 1.159315e+04 1.158779e+04
19.4 1.159666e+04 1.155377e+04 1.159313e+04 1.163602e+04
20.4 1.166488e+04 1.158574e+04 1.159313e+04 1.167227e+04
21.4 1.167988e+04 1.163238e+04 1.159312e+04 1.164063e+04
0.1 1.149888e+04 1.154610e+04 1.159312e+04 1.154590e+04
1.1 1.153885e+04 1.160040e+04 1.159269e+04 1.153114e+04
2.1 1.154977e+04 1.161728e+04 1.158803e+04 1.152052e+04
3.1 1.144686e+04 1.158886e+04 1.157920e+04 1.143720e+04
4.1 1.148542e+04 1.156775e+04 1.157420e+04 1.149187e+04
5.1 1.168052e+04 1.160180e+04 1.157739e+04 1.165611e+04
6.1 1.170700e+04 1.161640e+04 1.158021e+04 1.167082e+04
7.1 1.162087e+04 1.160098e+04 1.157991e+04 1.159981e+04
8.1 1.165520e+04 1.162265e+04 1.158296e+04 1.161551e+04
9.1 1.162624e+04 1.162958e+04 1.158806e+04 1.158473e+04
10.1 1.161416e+04 1.160343e+04 1.159199e+04 1.160272e+04
11.1 1.157962e+04 1.160748e+04 1.159406e+04 1.156619e+04
12.1 1.162329e+04 1.162956e+04 1.159482e+04 1.158854e+04
13.1 1.163100e+04 1.161403e+04 1.159486e+04 1.161183e+04
14.1 1.157811e+04 1.158387e+04 1.159457e+04 1.158881e+04
15.1 1.156810e+04 1.156614e+04 1.159417e+04 1.159613e+04
16.1 1.158664e+04 1.157455e+04 1.159381e+04 1.160590e+04
17.1 1.157914e+04 1.161711e+04 1.159353e+04 1.155556e+04
18.1 1.160085e+04 1.162319e+04 1.159334e+04 1.157100e+04
19.1 1.157572e+04 1.159472e+04 1.159323e+04 1.157423e+04
20.1 1.158494e+04 1.160424e+04 1.159317e+04 1.157387e+04
21.1 1.161570e+04 1.162891e+04 1.159315e+04 1.157994e+04
1.0 1.168052e+04 1.160180e+04 1.157739e+04 1.165611e+04
2.0 1.170700e+04 1.161640e+04 1.158021e+04 1.167082e+04
3.0 1.162087e+04 1.160098e+04 1.157991e+04 1.159981e+04
4.0 1.165520e+04 1.162265e+04 1.158296e+04 1.161551e+04
5.0 1.162624e+04 1.162958e+04 1.158806e+04 1.158473e+04
6.0 1.161416e+04 1.160343e+04 1.159199e+04 1.160272e+04
7.0 1.157962e+04 1.160748e+04 1.159406e+04 1.156619e+04
8.0 1.162329e+04 1.162956e+04 1.159482e+04 1.158854e+04
9.0 1.163100e+04 1.161403e+04 1.159486e+04 1.161183e+04
10.0 1.157811e+04 1.158387e+04 1.159457e+04 1.158881e+04
11.0 1.156810e+04 1.156614e+04 1.159417e+04 1.159613e+04
12.0 1.158664e+04 1.157455e+04 1.159381e+04 1.160590e+04
13.0 1.157914e+04 1.161711e+04 1.159353e+04 1.155556e+04
14.0 1.160085e+04 1.162319e+04 1.159334e+04 1.157100e+04
15.0 1.157572e+04 1.159472e+04 1.159323e+04 1.157423e+04
16.0 1.158494e+04 1.160424e+04 1.159317e+04 1.157387e+04
17.0 1.161570e+04 1.162891e+04 1.159315e+04 1.157994e+04
18.0 1.162830e+04 1.161063e+04 1.159313e+04 1.161080e+04
19.0 1.158946e+04 1.159287e+04 1.159313e+04 1.158972e+04
20.0 1.161953e+04 1.162099e+04 1.159312e+04 1.159167e+04
21.0 1.165570e+04 1.162384e+04 1.159312e+04 1.162499e+04
22.0 1.165320e+04 1.159495e+04 1.159312e+04 1.165137e+04
0.9 1.165899e+04 1.163383e+04 1.159302e+04 1.161817e+04
1.9 1.158800e+04 1.161722e+04 1.158998e+04 1.156077e+04
2.9 1.156913e+04 1.157585e+04 1.158215e+04 1.157543e+04
3.9 1.152816e+04 1.156580e+04 1.157793e+04 1.154028e+04
4.9 1.153569e+04 1.160399e+04 1.158109e+04 1.151279e+04
5.9 1.159771e+04 1.161378e+04 1.158652e+04 1.157045e+04
6.9 1.153709e+04 1.159933e+04 1.159066e+04 1.152842e+04
7.9 1.162790e+04 1.161845e+04 1.159305e+04 1.160250e+04
8.9 1.161867e+04 1.163783e+04 1.159418e+04 1.157501e+04
9.9 1.158165e+04 1.162058e+04 1.159452e+04 1.155559e+04
10.9 1.156921e+04 1.159611e+04 1.159441e+04 1.156751e+04
11.9 1.166312e+04 1.161402e+04 1.159409e+04 1.164319e+04
12.9 1.164515e+04 1.163542e+04 1.159376e+04 1.160349e+04
13.9 1.160551e+04 1.161448e+04 1.159350e+04 1.158453e+04
14.9 1.156380e+04 1.157951e+04 1.159299e+04 1.157728e+04
15.9 1.156501e+04 1.155025e+04 1.158856e+04 1.160332e+04
16.9 1.160006e+04 1.152855e+04 1.157975e+04 1.165125e+04
17.9 1.164395e+04 1.152678e+04 1.157426e+04 1.169143e+04
18.9 1.167296e+04 1.157769e+04 1.157731e+04 1.167258e+04
19.9 1.167195e+04 1.161072e+04 1.158399e+04 1.164522e+04
20.9 1.161782e+04 1.161136e+04 1.158949e+04 1.159595e+04
21.9 1.161131e+04 1.163754e+04 1.159278e+04 1.156655e+04
0.1 1.160551e+04 1.161448e+04 1.159350e+04 1.158453e+04
1.1 1.156380e+04 1.157951e+04 1.159299e+04 1.157728e+04
2.1 1.156501e+04 1.155025e+04 1.158856e+04 1.160332e+04
3.1 1.160006e+04 1.152855e+04 1.157975e+04 1.165125e+04
4.1 1.164395e+04 1.152678e+04 1.157426e+04 1.169143e+04
5.1 1.167296e+04 1.157769e+04 1.157731e+04 1.167258e+04
6.1 1.167195e+04 1.161072e+04 1.158399e+04 1.164522e+04
7.1 1.161782e+04 1.161136e+04 1.158949e+04 1.159595e+04
8.1 1.161131e+04 1.163754e+04 1.159278e+04 1.156655e+04
9.1 1.157258e+04 1.163925e+04 1.159438e+04 1.152770e+04
10.1 1.158189e+04 1.160714e+04 1.159490e+04 1.156965e+04
11.1 1.152613e+04 1.157294e+04 1.159467e+04 1.154785e+04
12.1 1.156414e+04 1.154794e+04 1.159110e+04 1.160730e+04
13.1 1.153197e+04 1.152891e+04 1.158238e+04 1.158544e+04
14.1 1.152039e+04 1.152228e+04 1.157516e+04 1.157326e+04
15.1 1.154908e+04 1.156684e+04 1.157646e+04 1.155870e+04
16.1 1.155104e+04 1.161040e+04 1.158280e+04 1.152344e+04
0.9 1.152613e+04 1.157294e+04 1.159467e+04 1.154785e+04
1.9 1.156414e+04 1.154794e+04 1.159110e+04 1.160730e+04
2.9 1.153197e+04 1.152891e+04 1.158238e+04 1.158544e+04
3.9 1.152039e+04 1.152228e+04 1.157516e+04 1.157326e+04
4.9 1.154908e+04 1.156684e+04 1.157646e+04 1.155870e+04
5.9 1.155104e+04 1.161040e+04 1.158280e+04 1.152344e+04
