0.3 9.895771e+03 9.915655e+03 9.915924e+03 9.896040e+03
1.3 9.913990e+03 9.919759e+03 9.916169e+03 9.910400e+03
2.3 9.916650e+03 9.917210e+03 9.917410e+03 9.916850e+03
3.3 9.918185e+03 9.911859e+03 9.918011e+03 9.924337e+03
4.3 9.901874e+03 9.918611e+03 9.917504e+03 9.900767e+03
5.3 9.931256e+03 9.928810e+03 9.916755e+03 9.919201e+03
6.3 9.956980e+03 9.931000e+03 9.916219e+03 9.942199e+03
7.3 9.939162e+03 9.926982e+03 9.915918e+03 9.928099e+03
8.3 9.907796e+03 9.923875e+03 9.915777e+03 9.899698e+03
9.3 9.926482e+03 9.921368e+03 9.915737e+03 9.920851e+03
10.3 9.939766e+03 9.919915e+03 9.915755e+03 9.935606e+03
11.3 9.915689e+03 9.921382e+03 9.915798e+03 9.910104e+03
12.3 9.927601e+03 9.929545e+03 9.915842e+03 9.913898e+03
13.3 9.953666e+03 9.935955e+03 9.915876e+03 9.933587e+03
14.3 9.975906e+03 9.934150e+03 9.915898e+03 9.957654e+03
15.3 9.943012e+03 9.924678e+03 9.915911e+03 9.934245e+03
16.3 9.914097e+03 9.919222e+03 9.915918e+03 9.910793e+03
17.3 9.904945e+03 9.924246e+03 9.915921e+03 9.896620e+03
18.3 9.935979e+03 9.928721e+03 9.915923e+03 9.923180e+03
19.3 9.953372e+03 9.927230e+03 9.915923e+03 9.942065e+03
20.3 9.934704e+03 9.918242e+03 9.915923e+03 9.932385e+03
0.6 9.907236e+03 9.918136e+03 9.915932e+03 9.905031e+03
1.6 9.931092e+03 9.927911e+03 9.916562e+03 9.919744e+03
2.6 9.927239e+03 9.922072e+03 9.917793e+03 9.922959e+03
3.6 9.903104e+03 9.911337e+03 9.917907e+03 9.909675e+03
4.6 9.904190e+03 9.909860e+03 9.917216e+03 9.911546e+03
5.6 9.931294e+03 9.918526e+03 9.916525e+03 9.929293e+03
6.6 9.953654e+03 9.924467e+03 9.916084e+03 9.945270e+03
7.6 9.954970e+03 9.922427e+03 9.915851e+03 9.948395e+03
8.6 9.928757e+03 9.913005e+03 9.915753e+03 9.931505e+03
9.6 9.908328e+03 9.906425e+03 9.915739e+03 9.917643e+03
10.6 9.894150e+03 9.912762e+03 9.915770e+03 9.897159e+03
11.6 9.909963e+03 9.924514e+03 9.915815e+03 9.901264e+03
12.6 9.942617e+03 9.929471e+03 9.915856e+03 9.929001e+03
13.6 9.940772e+03 9.925967e+03 9.915885e+03 9.930691e+03
14.6 9.905896e+03 9.915209e+03 9.915904e+03 9.906591e+03
15.6 9.886164e+03 9.904230e+03 9.915914e+03 9.897848e+03
16.6 9.898802e+03 9.897554e+03 9.915919e+03 9.917168e+03
17.6 9.903923e+03 9.902433e+03 9.915922e+03 9.917411e+03
18.6 9.921367e+03 9.913644e+03 9.916216e+03 9.923939e+03
19.6 9.932265e+03 9.915151e+03 9.917479e+03 9.934593e+03
20.6 9.931415e+03 9.909084e+03 9.918005e+03 9.940335e+03
0.3 9.903923e+03 9.902433e+03 9.915922e+03 9.917411e+03
1.3 9.921367e+03 9.913644e+03 9.916216e+03 9.923939e+03
2.3 9.932265e+03 9.915151e+03 9.917479e+03 9.934593e+03
3.3 9.931415e+03 9.909084e+03 9.918005e+03 9.940335e+03
4.3 9.933267e+03 9.909437e+03 9.917460e+03 9.941291e+03
5.3 9.932008e+03 9.922209e+03 9.916723e+03 9.926522e+03
6.3 9.928266e+03 9.928690e+03 9.916799e+03 9.916374e+03
7.3 9.920853e+03 9.921438e+03 9.917753e+03 9.917168e+03
8.3 9.900768e+03 9.909670e+03 9.917769e+03 9.908867e+03
9.3 9.917983e+03 9.900570e+03 9.917051e+03 9.934464e+03
10.3 9.931443e+03 9.895395e+03 9.916375e+03 9.952423e+03
11.3 9.922713e+03 9.893089e+03 9.915971e+03 9.945595e+03
12.3 9.906413e+03 9.892549e+03 9.915776e+03 9.929640e+03
13.3 9.898216e+03 9.894657e+03 9.915708e+03 9.919268e+03
14.3 9.898197e+03 9.908176e+03 9.915714e+03 9.905736e+03
15.3 9.910894e+03 9.926744e+03 9.915757e+03 9.899906e+03
16.3 9.950259e+03 9.934693e+03 9.915808e+03 9.931374e+03
17.3 9.934508e+03 9.932131e+03 9.915852e+03 9.918229e+03
18.3 9.914031e+03 9.926389e+03 9.915884e+03 9.903525e+03
19.3 9.922625e+03 9.922486e+03 9.915903e+03 9.916042e+03
20.3 9.917803e+03 9.917961e+03 9.915914e+03 9.915755e+03
0.6 9.932008e+03 9.922209e+03 9.916723e+03 9.926522e+03
1.6 9.928266e+03 9.928690e+03 9.916799e+03 9.916374e+03
2.6 9.920853e+03 9.921438e+03 9.917753e+03 9.917168e+03
3.6 9.900768e+03 9.909670e+03 9.917769e+03 9.908867e+03
4.6 9.917983e+03 9.900570e+03 9.917051e+03 9.934464e+03
5.6 9.931443e+03 9.895395e+03 9.916375e+03 9.952423e+03
6.6 9.922713e+03 9.893089e+03 9.915971e+03 9.945595e+03
7.6 9.906413e+03 9.892549e+03 9.915776e+03 9.929640e+03
8.6 9.898216e+03 9.894657e+03 9.915708e+03 9.919268e+03
9.6 9.898197e+03 9.908176e+03 9.915714e+03 9.905736e+03
10.6 9.910894e+03 9.926744e+03 9.915757e+03 9.899906e+03
11.6 9.950259e+03 9.934693e+03 9.915808e+03 9.931374e+03
12.6 9.934508e+03 9.932131e+03 9.915852e+03 9.918229e+03
13.6 9.914031e+03 9.926389e+03 9.915884e+03 9.903525e+03
14.6 9.922625e+03 9.922486e+03 9.915903e+03 9.916042e+03
15.6 9.917803e+03 9.917961e+03 9.915914e+03 9.915755e+03
16.6 9.927064e+03 9.919197e+03 9.915919e+03 9.923785e+03
17.6 9.914070e+03 9.926850e+03 9.915922e+03 9.903142e+03
18.6 9.936759e+03 9.930320e+03 9.915923e+03 9.922362e+03
19.6 9.947563e+03 9.927665e+03 9.915923e+03 9.935821e+03
20.6 9.922117e+03 9.922811e+03 9.915923e+03 9.915229e+03
0.7 9.965819e+03 9.907925e+03 9.915937e+03 9.973830e+03
1.7 9.963793e+03 9.918272e+03 9.916636e+03 9.962158e+03
2.7 9.922279e+03 9.916077e+03 9.917836e+03 9.924038e+03
3.7 9.889182e+03 9.908121e+03 9.917880e+03 9.898941e+03
4.7 9.867276e+03 9.901390e+03 9.917171e+03 9.883057e+03
5.7 9.892884e+03 9.903468e+03 9.916493e+03 9.905908e+03
6.7 9.900986e+03 9.917030e+03 9.916066e+03 9.900022e+03
7.7 9.933372e+03 9.927244e+03 9.915842e+03 9.921971e+03
8.7 9.937002e+03 9.927464e+03 9.915750e+03 9.925288e+03
9.7 9.899271e+03 9.918045e+03 9.915740e+03 9.896966e+03
10.7 9.881347e+03 9.906826e+03 9.915772e+03 9.890293e+03
11.7 9.879867e+03 9.898867e+03 9.915818e+03 9.896817e+03
12.7 9.886872e+03 9.894566e+03 9.915858e+03 9.908164e+03
13.7 9.892128e+03 9.892830e+03 9.915887e+03 9.915184e+03
14.7 9.909609e+03 9.894229e+03 9.915905e+03 9.931285e+03
15.7 9.913412e+03 9.906875e+03 9.915915e+03 9.922452e+03
16.7 9.909592e+03 9.927267e+03 9.915920e+03 9.898245e+03
17.7 9.926297e+03 9.938773e+03 9.915922e+03 9.903446e+03
18.7 9.940449e+03 9.937834e+03 9.915923e+03 9.918539e+03
19.7 9.901206e+03 9.933879e+03 9.915923e+03 9.883249e+03
20.7 9.887029e+03 9.935138e+03 9.915923e+03 9.867814e+03
0.9 9.911536e+03 9.925027e+03 9.915981e+03 9.902491e+03
1.9 9.927467e+03 9.922452e+03 9.916950e+03 9.921964e+03
2.9 9.901610e+03 9.914030e+03 9.917961e+03 9.905541e+03
3.9 9.899133e+03 9.914243e+03 9.917749e+03 9.902640e+03
4.9 9.917103e+03 9.919063e+03 9.917433e+03 9.915473e+03
5.9 9.927775e+03 9.915411e+03 9.918087e+03 9.930451e+03
6.9 9.913318e+03 9.906650e+03 9.918049e+03 9.924717e+03
7.9 9.896800e+03 9.899203e+03 9.917238e+03 9.914835e+03
8.9 9.905793e+03 9.894956e+03 9.916445e+03 9.927283e+03
9.9 9.912703e+03 9.893168e+03 9.915964e+03 9.935499e+03
10.9 9.910618e+03 9.892835e+03 9.915738e+03 9.933521e+03
11.9 9.902302e+03 9.893264e+03 9.915667e+03 9.924705e+03
12.9 9.907536e+03 9.894128e+03 9.915679e+03 9.929087e+03
13.9 9.907805e+03 9.898290e+03 9.915731e+03 9.925246e+03
14.9 9.914582e+03 9.907800e+03 9.915791e+03 9.922573e+03
15.9 9.913023e+03 9.916164e+03 9.915842e+03 9.912701e+03
16.9 9.932535e+03 9.920949e+03 9.915878e+03 9.927464e+03
17.9 9.937640e+03 9.925082e+03 9.915900e+03 9.928458e+03
18.9 9.918042e+03 9.933437e+03 9.915912e+03 9.900518e+03
19.9 9.919754e+03 9.939941e+03 9.915918e+03 9.895732e+03
20.9 9.931370e+03 9.937861e+03 9.915921e+03 9.909431e+03
0.5 9.899133e+03 9.914243e+03 9.917749e+03 9.902640e+03
1.5 9.917103e+03 9.919063e+03 9.917433e+03 9.915473e+03
2.5 9.927775e+03 9.915411e+03 9.918087e+03 9.930451e+03
3.5 9.913318e+03 9.906650e+03 9.918049e+03 9.924717e+03
4.5 9.896800e+03 9.899203e+03 9.917238e+03 9.914835e+03
5.5 9.905793e+03 9.894956e+03 9.916445e+03 9.927283e+03
6.5 9.912703e+03 9.893168e+03 9.915964e+03 9.935499e+03
7.5 9.910618e+03 9.892835e+03 9.915738e+03 9.933521e+03
8.5 9.902302e+03 9.893264e+03 9.915667e+03 9.924705e+03
9.5 9.907536e+03 9.894128e+03 9.915679e+03 9.929087e+03
10.5 9.907805e+03 9.898290e+03 9.915731e+03 9.925246e+03
11.5 9.914582e+03 9.907800e+03 9.915791e+03 9.922573e+03
12.5 9.913023e+03 9.916164e+03 9.915842e+03 9.912701e+03
13.5 9.932535e+03 9.920949e+03 9.915878e+03 9.927464e+03
14.5 9.937640e+03 9.925082e+03 9.915900e+03 9.928458e+03
15.5 9.918042e+03 9.933437e+03 9.915912e+03 9.900518e+03
16.5 9.919754e+03 9.939941e+03 9.915918e+03 9.895732e+03
17.5 9.931370e+03 9.937861e+03 9.915921e+03 9.909431e+03
18.5 9.945864e+03 9.927369e+03 9.915923e+03 9.934418e+03
19.5 9.929318e+03 9.912803e+03 9.915923e+03 9.932438e+03
20.5 9.883593e+03 9.901119e+03 9.915923e+03 9.898398e+03
0.6 9.895953e+03 9.905500e+03 9.915930e+03 9.906382e+03
1.6 9.932115e+03 9.915606e+03 9.916526e+03 9.933035e+03
2.6 9.940321e+03 9.914458e+03 9.917770e+03 9.943632e+03
3.6 9.904455e+03 9.914010e+03 9.917920e+03 9.908365e+03
4.6 9.908076e+03 9.922012e+03 9.917238e+03 9.903302e+03
5.6 9.911093e+03 9.926929e+03 9.916541e+03 9.900705e+03
6.6 9.893652e+03 9.921612e+03 9.916093e+03 9.888132e+03
7.6 9.866970e+03 9.910469e+03 9.915856e+03 9.872356e+03
8.6 9.884592e+03 9.903260e+03 9.915754e+03 9.897087e+03
9.6 9.899398e+03 9.910297e+03 9.915739e+03 9.904840e+03
10.6 9.914311e+03 9.920778e+03 9.915769e+03 9.909302e+03
11.6 9.911291e+03 9.922957e+03 9.915814e+03 9.904148e+03
12.6 9.882348e+03 9.915745e+03 9.915855e+03 9.882458e+03
13.6 9.887850e+03 9.911389e+03 9.915885e+03 9.892346e+03
14.6 9.914802e+03 9.912996e+03 9.915903e+03 9.917709e+03
15.6 9.958745e+03 9.915946e+03 9.915914e+03 9.958713e+03
16.6 9.937324e+03 9.914881e+03 9.915919e+03 9.938362e+03
17.6 9.877110e+03 9.908002e+03 9.915922e+03 9.885029e+03
18.6 9.867366e+03 9.903388e+03 9.915923e+03 9.879900e+03
19.6 9.877610e+03 9.907187e+03 9.915923e+03 9.886346e+03
20.6 9.914369e+03 9.913368e+03 9.915973e+03 9.916974e+03
0.9 9.914369e+03 9.913368e+03 9.915973e+03 9.916974e+03
1.9 9.929604e+03 9.913412e+03 9.916910e+03 9.933102e+03
2.9 9.944474e+03 9.913036e+03 9.917950e+03 9.949388e+03
3.9 9.939647e+03 9.923597e+03 9.917766e+03 9.933817e+03
4.9 9.920063e+03 9.936557e+03 9.917019e+03 9.900524e+03
5.9 9.936335e+03 9.939022e+03 9.916387e+03 9.913700e+03
6.9 9.921726e+03 9.930613e+03 9.916008e+03 9.907120e+03
7.9 9.918494e+03 9.916072e+03 9.915815e+03 9.918237e+03
8.9 9.920011e+03 9.903419e+03 9.915743e+03 9.932336e+03
9.9 9.915440e+03 9.895722e+03 9.915744e+03 9.935462e+03
10.9 9.906178e+03 9.894851e+03 9.915781e+03 9.927109e+03
11.9 9.909457e+03 9.907067e+03 9.915826e+03 9.918217e+03
12.9 9.935781e+03 9.922047e+03 9.915865e+03 9.929599e+03
13.9 9.955456e+03 9.928101e+03 9.915891e+03 9.943246e+03
14.9 9.911596e+03 9.922673e+03 9.915907e+03 9.904830e+03
15.9 9.881598e+03 9.911494e+03 9.915916e+03 9.886019e+03
16.9 9.882665e+03 9.901954e+03 9.915920e+03 9.896631e+03
17.9 9.900985e+03 9.899725e+03 9.915922e+03 9.917182e+03
18.9 9.897102e+03 9.911105e+03 9.915923e+03 9.901919e+03
19.9 9.913830e+03 9.922461e+03 9.916217e+03 9.907586e+03
20.9 9.911614e+03 9.920624e+03 9.917479e+03 9.908469e+03
0.3 9.897102e+03 9.911105e+03 9.915923e+03 9.901919e+03
1.3 9.913830e+03 9.922461e+03 9.916217e+03 9.907586e+03
2.3 9.911614e+03 9.920624e+03 9.917479e+03 9.908469e+03
3.3 9.886883e+03 9.914396e+03 9.918005e+03 9.890492e+03
4.3 9.908362e+03 9.920815e+03 9.917460e+03 9.905007e+03
5.3 9.949300e+03 9.931014e+03 9.916899e+03 9.935185e+03
6.3 9.954727e+03 9.927519e+03 9.917574e+03 9.944783e+03
7.3 9.927302e+03 9.915157e+03 9.917996e+03 9.930142e+03
8.3 9.893222e+03 9.905876e+03 9.917418e+03 9.904764e+03
9.3 9.862690e+03 9.906783e+03 9.916627e+03 9.872533e+03
10.3 9.884294e+03 9.912238e+03 9.916089e+03 9.888145e+03
11.3 9.916924e+03 9.916255e+03 9.915814e+03 9.916483e+03
12.3 9.924761e+03 9.916451e+03 9.915705e+03 9.924016e+03
13.3 9.906951e+03 9.915349e+03 9.915692e+03 9.907293e+03
14.3 9.889671e+03 9.921598e+03 9.915728e+03 9.883801e+03
15.3 9.901271e+03 9.926782e+03 9.915782e+03 9.890272e+03
16.3 9.917930e+03 9.925620e+03 9.915833e+03 9.908142e+03
17.3 9.916073e+03 9.921619e+03 9.915871e+03 9.910325e+03
18.3 9.923773e+03 9.925131e+03 9.915896e+03 9.914538e+03
19.3 9.938352e+03 9.927850e+03 9.915910e+03 9.926413e+03
20.3 9.914490e+03 9.923824e+03 9.915917e+03 9.906583e+03
0.2 9.908362e+03 9.920815e+03 9.917460e+03 9.905007e+03
1.2 9.949300e+03 9.931014e+03 9.916899e+03 9.935185e+03
2.2 9.954727e+03 9.927519e+03 9.917574e+03 9.944783e+03
3.2 9.927302e+03 9.915157e+03 9.917996e+03 9.930142e+03
4.2 9.893222e+03 9.905876e+03 9.917418e+03 9.904764e+03
5.2 9.862690e+03 9.906783e+03 9.916627e+03 9.872533e+03
6.2 9.884294e+03 9.912238e+03 9.916089e+03 9.888145e+03
7.2 9.916924e+03 9.916255e+03 9.915814e+03 9.916483e+03
8.2 9.924761e+03 9.916451e+03 9.915705e+03 9.924016e+03
9.2 9.906951e+03 9.915349e+03 9.915692e+03 9.907293e+03
10.2 9.889671e+03 9.921598e+03 9.915728e+03 9.883801e+03
11.2 9.901271e+03 9.926782e+03 9.915782e+03 9.890272e+03
12.2 9.917930e+03 9.925620e+03 9.915833e+03 9.908142e+03
13.2 9.916073e+03 9.921619e+03 9.915871e+03 9.910325e+03
14.2 9.923773e+03 9.925131e+03 9.915896e+03 9.914538e+03
15.2 9.938352e+03 9.927850e+03 9.915910e+03 9.926413e+03
16.2 9.914490e+03 9.923824e+03 9.915917e+03 9.906583e+03
17.2 9.904693e+03 9.924673e+03 9.915921e+03 9.895941e+03
18.2 9.933397e+03 9.932245e+03 9.916000e+03 9.917151e+03
19.2 9.944442e+03 9.929339e+03 9.917029e+03 9.932132e+03
20.2 9.902931e+03 9.916806e+03 9.917980e+03 9.904106e+03
1.0 9.933397e+03 9.932245e+03 9.916000e+03 9.917151e+03
2.0 9.944442e+03 9.929339e+03 9.917029e+03 9.932132e+03
3.0 9.902931e+03 9.916806e+03 9.917980e+03 9.904106e+03
4.0 9.877913e+03 9.904359e+03 9.917710e+03 9.891264e+03
5.0 9.865033e+03 9.897028e+03 9.916955e+03 9.884960e+03
6.0 9.886350e+03 9.900895e+03 9.916345e+03 9.901800e+03
7.0 9.904127e+03 9.915240e+03 9.915985e+03 9.904872e+03
8.0 9.953440e+03 9.926438e+03 9.915805e+03 9.942807e+03
9.0 9.957401e+03 9.929362e+03 9.915741e+03 9.943780e+03
10.0 9.957714e+03 9.930168e+03 9.915746e+03 9.943291e+03
11.0 9.946746e+03 9.931288e+03 9.915785e+03 9.931243e+03
12.0 9.938239e+03 9.928707e+03 9.915830e+03 9.925362e+03
13.0 9.900827e+03 9.918836e+03 9.915867e+03 9.897858e+03
14.0 9.893479e+03 9.906659e+03 9.915893e+03 9.902713e+03
15.0 9.897861e+03 9.898104e+03 9.915908e+03 9.915665e+03
16.0 9.903182e+03 9.899233e+03 9.915916e+03 9.919865e+03
17.0 9.900667e+03 9.912348e+03 9.915920e+03 9.904239e+03
18.0 9.904738e+03 9.925158e+03 9.915922e+03 9.895502e+03
19.0 9.932912e+03 9.929245e+03 9.915923e+03 9.919590e+03
20.0 9.936092e+03 9.923684e+03 9.915923e+03 9.928331e+03
