0.3 9.803122e+03 9.772532e+03 9.790602e+03 9.821192e+03
1.3 9.785287e+03 9.773902e+03 9.791972e+03 9.803356e+03
2.3 9.789166e+03 9.785010e+03 9.803080e+03 9.807235e+03
3.3 9.767560e+03 9.803532e+03 9.821598e+03 9.785627e+03
4.3 9.789384e+03 9.813894e+03 9.830013e+03 9.805504e+03
5.3 9.808138e+03 9.813340e+03 9.821336e+03 9.816133e+03
6.3 9.809027e+03 9.813468e+03 9.807352e+03 9.802910e+03
7.3 9.807966e+03 9.819734e+03 9.796681e+03 9.784913e+03
8.3 9.836520e+03 9.821018e+03 9.790537e+03 9.806038e+03
9.3 9.840427e+03 9.813015e+03 9.787670e+03 9.815082e+03
10.3 9.807584e+03 9.797976e+03 9.786867e+03 9.796475e+03
11.3 9.765156e+03 9.786400e+03 9.787228e+03 9.765984e+03
12.3 9.756146e+03 9.787078e+03 9.788068e+03 9.757136e+03
13.3 9.786235e+03 9.791441e+03 9.788937e+03 9.783731e+03
14.3 9.816084e+03 9.793026e+03 9.789620e+03 9.812678e+03
15.3 9.787896e+03 9.790297e+03 9.790073e+03 9.787671e+03
16.3 9.787315e+03 9.791047e+03 9.790338e+03 9.786606e+03
17.3 9.795100e+03 9.793641e+03 9.790479e+03 9.791938e+03
18.3 9.786154e+03 9.792186e+03 9.790548e+03 9.784515e+03
19.3 9.770256e+03 9.784953e+03 9.790579e+03 9.775883e+03
20.3 9.788801e+03 9.783993e+03 9.790593e+03 9.795400e+03
21.3 9.815315e+03 9.798080e+03 9.790599e+03 9.807833e+03
0.2 9.860090e+03 9.813354e+03 9.790602e+03 9.837338e+03
1.2 9.821535e+03 9.802180e+03 9.791494e+03 9.810849e+03
2.2 9.793933e+03 9.797062e+03 9.801211e+03 9.798081e+03
3.2 9.784687e+03 9.804417e+03 9.819609e+03 9.799879e+03
4.2 9.819079e+03 9.810282e+03 9.830036e+03 9.838833e+03
5.2 9.839090e+03 9.807366e+03 9.822850e+03 9.854574e+03
6.2 9.811405e+03 9.796222e+03 9.808861e+03 9.824044e+03
7.2 9.779008e+03 9.783242e+03 9.797656e+03 9.793422e+03
8.2 9.759974e+03 9.774016e+03 9.791047e+03 9.777005e+03
9.2 9.782553e+03 9.769621e+03 9.787874e+03 9.800805e+03
10.2 9.785335e+03 9.776609e+03 9.786885e+03 9.795611e+03
11.2 9.783521e+03 9.797079e+03 9.787151e+03 9.773593e+03
12.2 9.808883e+03 9.808318e+03 9.787964e+03 9.788528e+03
13.1 9.806284e+03 9.802328e+03 9.788845e+03 9.792801e+03
14.1 9.779959e+03 9.790409e+03 9.790257e+03 9.779807e+03
15.1 9.786416e+03 9.788904e+03 9.799752e+03 9.797264e+03
16.1 9.811274e+03 9.799079e+03 9.816442e+03 9.828638e+03
17.1 9.839460e+03 9.804932e+03 9.821201e+03 9.855729e+03
18.1 9.838834e+03 9.801013e+03 9.812517e+03 9.850338e+03
19.1 9.800542e+03 9.789979e+03 9.801711e+03 9.812274e+03
20.1 9.778671e+03 9.783140e+03 9.797883e+03 9.793414e+03
21.1 9.766781e+03 9.791414e+03 9.808660e+03 9.784027e+03
0.1 9.806284e+03 9.802328e+03 9.788845e+03 9.792801e+03
1.1 9.779959e+03 9.790409e+03 9.790257e+03 9.779807e+03
2.1 9.786416e+03 9.788904e+03 9.799752e+03 9.797264e+03
3.1 9.811274e+03 9.799079e+03 9.816442e+03 9.828638e+03
4.1 9.839460e+03 9.804932e+03 9.821201e+03 9.855729e+03
5.1 9.838834e+03 9.801013e+03 9.812517e+03 9.850338e+03
6.1 9.800542e+03 9.789979e+03 9.801711e+03 9.812274e+03
7.1 9.778671e+03 9.783140e+03 9.797883e+03 9.793414e+03
8.1 9.766781e+03 9.791414e+03 9.808660e+03 9.784027e+03
9.1 9.786779e+03 9.805724e+03 9.824240e+03 9.805295e+03
10.1 9.824303e+03 9.810859e+03 9.826131e+03 9.839574e+03
11.1 9.822987e+03 9.805296e+03 9.814547e+03 9.832237e+03
12.1 9.781582e+03 9.792628e+03 9.801687e+03 9.790642e+03
13.1 9.758285e+03 9.780596e+03 9.793117e+03 9.770806e+03
14.1 9.776352e+03 9.773528e+03 9.788628e+03 9.791452e+03
15.1 9.781367e+03 9.779321e+03 9.786840e+03 9.788886e+03
16.1 9.799183e+03 9.792234e+03 9.786680e+03 9.793629e+03
17.1 9.813944e+03 9.794556e+03 9.787361e+03 9.806748e+03
18.1 9.806389e+03 9.787995e+03 9.788302e+03 9.806696e+03
19.1 9.808508e+03 9.788165e+03 9.789154e+03 9.809497e+03
20.1 9.810670e+03 9.802199e+03 9.789776e+03 9.798247e+03
21.1 9.811519e+03 9.809493e+03 9.790169e+03 9.792196e+03
0.6 9.800542e+03 9.789979e+03 9.801711e+03 9.812274e+03
1.6 9.778671e+03 9.783140e+03 9.797883e+03 9.793414e+03
2.6 9.766781e+03 9.791414e+03 9.808660e+03 9.784027e+03
3.6 9.786779e+03 9.805724e+03 9.824240e+03 9.805295e+03
4.6 9.824303e+03 9.810859e+03 9.826131e+03 9.839574e+03
5.6 9.822987e+03 9.805296e+03 9.814547e+03 9.832237e+03
6.6 9.781582e+03 9.792628e+03 9.801687e+03 9.790642e+03
7.6 9.758285e+03 9.780596e+03 9.793117e+03 9.770806e+03
8.6 9.776352e+03 9.773528e+03 9.788628e+03 9.791452e+03
9.6 9.781367e+03 9.779321e+03 9.786840e+03 9.788886e+03
10.6 9.799183e+03 9.792234e+03 9.786680e+03 9.793629e+03
11.6 9.813944e+03 9.794556e+03 9.787361e+03 9.806748e+03
12.6 9.806389e+03 9.787995e+03 9.788302e+03 9.806696e+03
13.6 9.808508e+03 9.788165e+03 9.789154e+03 9.809497e+03
14.6 9.810670e+03 9.802199e+03 9.789776e+03 9.798247e+03
15.6 9.811519e+03 9.809493e+03 9.790169e+03 9.792196e+03
16.6 9.803971e+03 9.801716e+03 9.790392e+03 9.792647e+03
17.6 9.779811e+03 9.788479e+03 9.790506e+03 9.781838e+03
18.6 9.796184e+03 9.777943e+03 9.790560e+03 9.808801e+03
19.6 9.808294e+03 9.771840e+03 9.790585e+03 9.827038e+03
20.6 9.796758e+03 9.769078e+03 9.790595e+03 9.818275e+03
21.6 9.780771e+03 9.768389e+03 9.790600e+03 9.802981e+03
0.4 9.800031e+03 9.801710e+03 9.790605e+03 9.788926e+03
1.4 9.792314e+03 9.795949e+03 9.792780e+03 9.789145e+03
2.4 9.804725e+03 9.797993e+03 9.805571e+03 9.812303e+03
3.4 9.790713e+03 9.807895e+03 9.823875e+03 9.806692e+03
4.4 9.818147e+03 9.811907e+03 9.829636e+03 9.835876e+03
5.4 9.828966e+03 9.807524e+03 9.819360e+03 9.840802e+03
6.4 9.799346e+03 9.802362e+03 9.805539e+03 9.802524e+03
7.4 9.788169e+03 9.802162e+03 9.795548e+03 9.781556e+03
8.4 9.805011e+03 9.801443e+03 9.789959e+03 9.793528e+03
9.4 9.806014e+03 9.799125e+03 9.787453e+03 9.794341e+03
10.4 9.792351e+03 9.800549e+03 9.786866e+03 9.778668e+03
11.4 9.805657e+03 9.804147e+03 9.787331e+03 9.788841e+03
12.4 9.820259e+03 9.802507e+03 9.788198e+03 9.805950e+03
13.4 9.787837e+03 9.792872e+03 9.789049e+03 9.784014e+03
14.4 9.765758e+03 9.781429e+03 9.789698e+03 9.774027e+03
15.4 9.770429e+03 9.773455e+03 9.790121e+03 9.787095e+03
16.4 9.800163e+03 9.769447e+03 9.790364e+03 9.821080e+03
17.4 9.795853e+03 9.768294e+03 9.790492e+03 9.818051e+03
18.4 9.791604e+03 9.772936e+03 9.790554e+03 9.809222e+03
19.4 9.787680e+03 9.784826e+03 9.790582e+03 9.793436e+03
20.4 9.816309e+03 9.794329e+03 9.790594e+03 9.812574e+03
21.4 9.817637e+03 9.797100e+03 9.790599e+03 9.811136e+03
0.1 9.809415e+03 9.820152e+03 9.790602e+03 9.779865e+03
1.1 9.822958e+03 9.817796e+03 9.791494e+03 9.796656e+03
2.1 9.782559e+03 9.813336e+03 9.801211e+03 9.770433e+03
3.1 9.768261e+03 9.816156e+03 9.819609e+03 9.771714e+03
4.1 9.803032e+03 9.816979e+03 9.830036e+03 9.816088e+03
5.1 9.865525e+03 9.810917e+03 9.823395e+03 9.878002e+03
6.1 9.835993e+03 9.805622e+03 9.817509e+03 9.847881e+03
7.1 9.808314e+03 9.804709e+03 9.818129e+03 9.821733e+03
8.1 9.786533e+03 9.801877e+03 9.811775e+03 9.796431e+03
9.1 9.768428e+03 9.796326e+03 9.801151e+03 9.773252e+03
10.1 9.762532e+03 9.798358e+03 9.792955e+03 9.757130e+03
11.1 9.780992e+03 9.801258e+03 9.788653e+03 9.768387e+03
12.1 9.799433e+03 9.797213e+03 9.787072e+03 9.789293e+03
13.1 9.778696e+03 9.786969e+03 9.786977e+03 9.778703e+03
14.1 9.770544e+03 9.783991e+03 9.787582e+03 9.774136e+03
15.1 9.776537e+03 9.797970e+03 9.788410e+03 9.766977e+03
16.1 9.796550e+03 9.810318e+03 9.789179e+03 9.775410e+03
17.1 9.797879e+03 9.809510e+03 9.789762e+03 9.778131e+03
18.1 9.788719e+03 9.802368e+03 9.790147e+03 9.776499e+03
19.1 9.782602e+03 9.803726e+03 9.790373e+03 9.769249e+03
20.1 9.803244e+03 9.801951e+03 9.790494e+03 9.791787e+03
21.1 9.777412e+03 9.793354e+03 9.790554e+03 9.774612e+03
1.0 9.865525e+03 9.810917e+03 9.823395e+03 9.878002e+03
2.0 9.835993e+03 9.805622e+03 9.817509e+03 9.847881e+03
3.0 9.808314e+03 9.804709e+03 9.818129e+03 9.821733e+03
4.0 9.786533e+03 9.801877e+03 9.811775e+03 9.796431e+03
5.0 9.768428e+03 9.796326e+03 9.801151e+03 9.773252e+03
6.0 9.762532e+03 9.798358e+03 9.792955e+03 9.757130e+03
7.0 9.780992e+03 9.801258e+03 9.788653e+03 9.768387e+03
8.0 9.799433e+03 9.797213e+03 9.787072e+03 9.789293e+03
9.0 9.778696e+03 9.786969e+03 9.786977e+03 9.778703e+03
10.0 9.770544e+03 9.783991e+03 9.787582e+03 9.774136e+03
11.0 9.776537e+03 9.797970e+03 9.788410e+03 9.766977e+03
12.0 9.796550e+03 9.810318e+03 9.789179e+03 9.775410e+03
13.0 9.797879e+03 9.809510e+03 9.789762e+03 9.778131e+03
14.0 9.788719e+03 9.802368e+03 9.790147e+03 9.776499e+03
15.0 9.782602e+03 9.803726e+03 9.790373e+03 9.769249e+03
16.0 9.803244e+03 9.801951e+03 9.790494e+03 9.791787e+03
17.0 9.777412e+03 9.793354e+03 9.790554e+03 9.774612e+03
18.0 9.773478e+03 9.793733e+03 9.790582e+03 9.770328e+03
19.0 9.794349e+03 9.799106e+03 9.790594e+03 9.785837e+03
20.0 9.808805e+03 9.795275e+03 9.790599e+03 9.804129e+03
21.0 9.791848e+03 9.785368e+03 9.790601e+03 9.797081e+03
22.0 9.772533e+03 9.776605e+03 9.790602e+03 9.786530e+03
0.9 9.801881e+03 9.795608e+03 9.790823e+03 9.797096e+03
1.9 9.781360e+03 9.793495e+03 9.797142e+03 9.785007e+03
2.9 9.763933e+03 9.801176e+03 9.813467e+03 9.776224e+03
3.9 9.781426e+03 9.807101e+03 9.822270e+03 9.796595e+03
4.9 9.799280e+03 9.804462e+03 9.815681e+03 9.810499e+03
5.9 9.792093e+03 9.799392e+03 9.804356e+03 9.797057e+03
6.9 9.802443e+03 9.803582e+03 9.795732e+03 9.794593e+03
7.9 9.817977e+03 9.806122e+03 9.790758e+03 9.802613e+03
8.9 9.796191e+03 9.801108e+03 9.788394e+03 9.783477e+03
9.9 9.781013e+03 9.802566e+03 9.787685e+03 9.766131e+03
10.9 9.810463e+03 9.811908e+03 9.787928e+03 9.786483e+03
11.9 9.823023e+03 9.809730e+03 9.788579e+03 9.801872e+03
12.9 9.781224e+03 9.796479e+03 9.789268e+03 9.774013e+03
13.9 9.752332e+03 9.782615e+03 9.789813e+03 9.759531e+03
14.9 9.742308e+03 9.774179e+03 9.790880e+03 9.759009e+03
15.9 9.765662e+03 9.778672e+03 9.800112e+03 9.787102e+03
16.9 9.787055e+03 9.795419e+03 9.818472e+03 9.810108e+03
17.9 9.835942e+03 9.808161e+03 9.829907e+03 9.857687e+03
18.9 9.840277e+03 9.809841e+03 9.823559e+03 9.853996e+03
19.9 9.830291e+03 9.809409e+03 9.809626e+03 9.830508e+03
20.9 9.824882e+03 9.810271e+03 9.798164e+03 9.812775e+03
21.9 9.818886e+03 9.806546e+03 9.791318e+03 9.803658e+03
0.1 9.752332e+03 9.782615e+03 9.789813e+03 9.759531e+03
1.1 9.742308e+03 9.774179e+03 9.790880e+03 9.759009e+03
2.1 9.765662e+03 9.778672e+03 9.800112e+03 9.787102e+03
3.1 9.787055e+03 9.795419e+03 9.818472e+03 9.810108e+03
4.1 9.835942e+03 9.808161e+03 9.829907e+03 9.857687e+03
5.1 9.840277e+03 9.809841e+03 9.823559e+03 9.853996e+03
6.1 9.830291e+03 9.809409e+03 9.809626e+03 9.830508e+03
7.1 9.824882e+03 9.810271e+03 9.798164e+03 9.812775e+03
8.1 9.818886e+03 9.806546e+03 9.791318e+03 9.803658e+03
9.1 9.780672e+03 9.795397e+03 9.787986e+03 9.773262e+03
10.1 9.769741e+03 9.782576e+03 9.786900e+03 9.774066e+03
11.1 9.774679e+03 9.773900e+03 9.787377e+03 9.788156e+03
12.1 9.781409e+03 9.776078e+03 9.794816e+03 9.800147e+03
13.1 9.776914e+03 9.791910e+03 9.812983e+03 9.797987e+03
14.1 9.783184e+03 9.806972e+03 9.828044e+03 9.804256e+03
15.1 9.815886e+03 9.810334e+03 9.825327e+03 9.830880e+03
16.1 9.817644e+03 9.802534e+03 9.812114e+03 9.827224e+03
0.9 9.774679e+03 9.773900e+03 9.787377e+03 9.788156e+03
1.9 9.781409e+03 9.776078e+03 9.794816e+03 9.800147e+03
2.9 9.776914e+03 9.791910e+03 9.812983e+03 9.797987e+03
3.9 9.783184e+03 9.806972e+03 9.828044e+03 9.804256e+03
4.9 9.815886e+03 9.810334e+03 9.825327e+03 9.830880e+03
5.9 9.817644e+03 9.802534e+03 9.812114e+03 9.827224e+03
