0.4 9.189192e+03 9.226497e+03 9.222128e+03 9.184823e+03
1.4 9.184715e+03 9.226404e+03 9.223024e+03 9.181335e+03
2.4 9.211089e+03 9.228646e+03 9.226080e+03 9.208522e+03
3.4 9.224413e+03 9.216408e+03 9.227063e+03 9.235069e+03
4.4 9.189330e+03 9.191386e+03 9.225644e+03 9.223588e+03
5.4 9.163885e+03 9.179474e+03 9.224722e+03 9.209133e+03
6.4 9.177571e+03 9.193056e+03 9.226578e+03 9.211093e+03
7.4 9.183416e+03 9.212439e+03 9.226999e+03 9.197976e+03
8.4 9.176216e+03 9.223891e+03 9.225320e+03 9.177646e+03
9.4 9.199451e+03 9.226136e+03 9.223493e+03 9.196809e+03
10.4 9.231357e+03 9.227087e+03 9.223377e+03 9.227646e+03
11.4 9.265659e+03 9.232077e+03 9.225872e+03 9.259455e+03
12.4 9.260578e+03 9.234106e+03 9.226473e+03 9.252945e+03
13.4 9.209728e+03 9.230551e+03 9.225103e+03 9.204279e+03
14.4 9.163673e+03 9.229906e+03 9.225719e+03 9.159486e+03
15.4 9.174711e+03 9.232614e+03 9.227180e+03 9.169277e+03
16.4 9.193689e+03 9.233430e+03 9.226230e+03 9.186490e+03
17.4 9.212312e+03 9.233691e+03 9.224249e+03 9.202871e+03
18.4 9.239839e+03 9.235845e+03 9.222738e+03 9.226732e+03
19.4 9.265536e+03 9.238192e+03 9.223109e+03 9.250453e+03
20.4 9.284932e+03 9.239601e+03 9.225808e+03 9.271139e+03
0.4 9.189330e+03 9.191386e+03 9.225644e+03 9.223588e+03
1.4 9.163885e+03 9.179474e+03 9.224722e+03 9.209133e+03
2.4 9.177571e+03 9.193056e+03 9.226578e+03 9.211093e+03
3.4 9.183416e+03 9.212439e+03 9.226999e+03 9.197976e+03
4.4 9.176216e+03 9.223891e+03 9.225320e+03 9.177646e+03
5.4 9.199451e+03 9.226136e+03 9.223493e+03 9.196809e+03
6.4 9.231357e+03 9.227087e+03 9.223377e+03 9.227646e+03
7.4 9.265659e+03 9.232077e+03 9.225872e+03 9.259455e+03
8.4 9.260578e+03 9.234106e+03 9.226473e+03 9.252945e+03
9.4 9.209728e+03 9.230551e+03 9.225103e+03 9.204279e+03
10.4 9.163673e+03 9.229906e+03 9.225719e+03 9.159486e+03
11.4 9.174711e+03 9.232614e+03 9.227180e+03 9.169277e+03
12.4 9.193689e+03 9.233430e+03 9.226230e+03 9.186490e+03
13.4 9.212312e+03 9.233691e+03 9.224249e+03 9.202871e+03
14.4 9.239839e+03 9.235845e+03 9.222738e+03 9.226732e+03
15.4 9.265536e+03 9.238192e+03 9.223109e+03 9.250453e+03
16.4 9.284932e+03 9.239601e+03 9.225808e+03 9.271139e+03
17.4 9.262254e+03 9.237847e+03 9.226368e+03 9.250774e+03
18.4 9.229322e+03 9.235948e+03 9.224898e+03 9.218272e+03
19.4 9.212000e+03 9.232874e+03 9.223330e+03 9.202457e+03
20.4 9.213260e+03 9.217773e+03 9.222344e+03 9.217831e+03
0.5 9.199451e+03 9.226136e+03 9.223493e+03 9.196809e+03
1.5 9.231357e+03 9.227087e+03 9.223377e+03 9.227646e+03
2.5 9.265659e+03 9.232077e+03 9.225872e+03 9.259455e+03
3.5 9.260578e+03 9.234106e+03 9.226473e+03 9.252945e+03
4.5 9.209728e+03 9.230551e+03 9.225103e+03 9.204279e+03
5.5 9.163673e+03 9.229906e+03 9.225719e+03 9.159486e+03
6.5 9.174711e+03 9.232614e+03 9.227180e+03 9.169277e+03
7.5 9.193689e+03 9.233430e+03 9.226230e+03 9.186490e+03
8.5 9.212312e+03 9.233691e+03 9.224249e+03 9.202871e+03
9.5 9.239839e+03 9.235845e+03 9.222738e+03 9.226732e+03
10.5 9.265536e+03 9.238192e+03 9.223109e+03 9.250453e+03
11.5 9.284932e+03 9.239601e+03 9.225808e+03 9.271139e+03
12.5 9.262254e+03 9.237847e+03 9.226368e+03 9.250774e+03
13.5 9.229322e+03 9.235948e+03 9.224898e+03 9.218272e+03
14.5 9.212000e+03 9.232874e+03 9.223330e+03 9.202457e+03
15.5 9.213260e+03 9.217773e+03 9.222344e+03 9.217831e+03
16.5 9.211826e+03 9.209658e+03 9.221845e+03 9.224013e+03
17.5 9.189642e+03 9.216445e+03 9.221651e+03 9.194848e+03
18.5 9.187949e+03 9.227055e+03 9.222227e+03 9.183121e+03
19.5 9.194587e+03 9.234922e+03 9.225284e+03 9.184950e+03
20.5 9.217129e+03 9.235087e+03 9.226838e+03 9.208880e+03
0.9 9.209728e+03 9.230551e+03 9.225103e+03 9.204279e+03
1.9 9.163673e+03 9.229906e+03 9.225719e+03 9.159486e+03
2.9 9.174711e+03 9.232614e+03 9.227180e+03 9.169277e+03
3.9 9.193689e+03 9.233430e+03 9.226230e+03 9.186490e+03
4.9 9.212312e+03 9.233691e+03 9.224249e+03 9.202871e+03
5.9 9.239839e+03 9.235845e+03 9.222738e+03 9.226732e+03
6.9 9.265536e+03 9.238192e+03 9.223109e+03 9.250453e+03
7.9 9.284932e+03 9.239601e+03 9.225808e+03 9.271139e+03
8.9 9.262254e+03 9.237847e+03 9.226368e+03 9.250774e+03
9.9 9.229322e+03 9.235948e+03 9.224898e+03 9.218272e+03
10.9 9.212000e+03 9.232874e+03 9.223330e+03 9.202457e+03
11.9 9.213260e+03 9.217773e+03 9.222344e+03 9.217831e+03
12.9 9.211826e+03 9.209658e+03 9.221845e+03 9.224013e+03
13.9 9.189642e+03 9.216445e+03 9.221651e+03 9.194848e+03
14.9 9.187949e+03 9.227055e+03 9.222227e+03 9.183121e+03
15.9 9.194587e+03 9.234922e+03 9.225284e+03 9.184950e+03
16.9 9.217129e+03 9.235087e+03 9.226838e+03 9.208880e+03
17.9 9.205812e+03 9.228745e+03 9.225731e+03 9.202797e+03
18.9 9.221489e+03 9.223868e+03 9.224548e+03 9.222170e+03
19.9 9.219442e+03 9.226065e+03 9.226252e+03 9.219628e+03
20.9 9.210747e+03 9.219851e+03 9.227085e+03 9.217981e+03
0.5 9.239839e+03 9.235845e+03 9.222738e+03 9.226732e+03
1.5 9.265536e+03 9.238192e+03 9.223109e+03 9.250453e+03
2.5 9.284932e+03 9.239601e+03 9.225808e+03 9.271139e+03
3.5 9.262254e+03 9.237847e+03 9.226368e+03 9.250774e+03
4.5 9.229322e+03 9.235948e+03 9.224898e+03 9.218272e+03
5.5 9.212000e+03 9.232874e+03 9.223330e+03 9.202457e+03
6.5 9.213260e+03 9.217773e+03 9.222344e+03 9.217831e+03
7.5 9.211826e+03 9.209658e+03 9.221845e+03 9.224013e+03
8.5 9.189642e+03 9.216445e+03 9.221651e+03 9.194848e+03
9.5 9.187949e+03 9.227055e+03 9.222227e+03 9.183121e+03
10.5 9.194587e+03 9.234922e+03 9.225284e+03 9.184950e+03
11.5 9.217129e+03 9.235087e+03 9.226838e+03 9.208880e+03
12.5 9.205812e+03 9.228745e+03 9.225731e+03 9.202797e+03
13.5 9.221489e+03 9.223868e+03 9.224548e+03 9.222170e+03
14.5 9.219442e+03 9.226065e+03 9.226252e+03 9.219628e+03
15.5 9.210747e+03 9.219851e+03 9.227085e+03 9.217981e+03
16.5 9.162106e+03 9.197268e+03 9.225597e+03 9.190435e+03
17.5 9.154785e+03 9.179763e+03 9.224059e+03 9.199081e+03
18.5 9.207889e+03 9.188275e+03 9.225571e+03 9.245185e+03
19.5 9.254710e+03 9.208093e+03 9.226816e+03 9.273432e+03
20.5 9.243734e+03 9.221732e+03 9.225620e+03 9.247622e+03
0.3 9.189642e+03 9.216445e+03 9.221651e+03 9.194848e+03
1.3 9.187949e+03 9.227055e+03 9.222227e+03 9.183121e+03
2.3 9.194587e+03 9.234922e+03 9.225284e+03 9.184950e+03
3.3 9.217129e+03 9.235087e+03 9.226838e+03 9.208880e+03
4.3 9.205812e+03 9.228745e+03 9.225731e+03 9.202797e+03
5.3 9.221489e+03 9.223868e+03 9.224548e+03 9.222170e+03
6.3 9.219442e+03 9.226065e+03 9.226252e+03 9.219628e+03
7.3 9.210747e+03 9.219851e+03 9.227085e+03 9.217981e+03
8.3 9.162106e+03 9.197268e+03 9.225597e+03 9.190435e+03
9.3 9.154785e+03 9.179763e+03 9.224059e+03 9.199081e+03
10.3 9.207889e+03 9.188275e+03 9.225571e+03 9.245185e+03
11.3 9.254710e+03 9.208093e+03 9.226816e+03 9.273432e+03
12.3 9.243734e+03 9.221732e+03 9.225620e+03 9.247622e+03
13.3 9.251603e+03 9.227362e+03 9.223790e+03 9.248030e+03
14.3 9.278445e+03 9.230178e+03 9.223155e+03 9.271422e+03
15.3 9.278486e+03 9.234899e+03 9.225495e+03 9.269082e+03
16.3 9.279329e+03 9.237356e+03 9.226581e+03 9.268553e+03
17.3 9.274907e+03 9.236287e+03 9.225289e+03 9.263910e+03
18.3 9.231877e+03 9.234129e+03 9.223591e+03 9.221340e+03
19.3 9.215384e+03 9.232372e+03 9.222459e+03 9.205471e+03
20.3 9.235252e+03 9.231714e+03 9.221877e+03 9.225415e+03
0.2 9.205812e+03 9.228745e+03 9.225731e+03 9.202797e+03
1.2 9.221489e+03 9.223868e+03 9.224548e+03 9.222170e+03
2.2 9.219442e+03 9.226065e+03 9.226252e+03 9.219628e+03
3.2 9.210747e+03 9.219851e+03 9.227085e+03 9.217981e+03
4.2 9.162106e+03 9.197268e+03 9.225597e+03 9.190435e+03
5.2 9.154785e+03 9.179763e+03 9.224059e+03 9.199081e+03
6.2 9.207889e+03 9.188275e+03 9.225571e+03 9.245185e+03
7.2 9.254710e+03 9.208093e+03 9.226816e+03 9.273432e+03
8.2 9.243734e+03 9.221732e+03 9.225620e+03 9.247622e+03
9.2 9.251603e+03 9.227362e+03 9.223790e+03 9.248030e+03
10.2 9.278445e+03 9.230178e+03 9.223155e+03 9.271422e+03
11.2 9.278486e+03 9.234899e+03 9.225495e+03 9.269082e+03
12.2 9.279329e+03 9.237356e+03 9.226581e+03 9.268553e+03
13.2 9.274907e+03 9.236287e+03 9.225289e+03 9.263910e+03
14.2 9.231877e+03 9.234129e+03 9.223591e+03 9.221340e+03
15.2 9.215384e+03 9.232372e+03 9.222459e+03 9.205471e+03
16.2 9.235252e+03 9.231714e+03 9.221877e+03 9.225415e+03
17.2 9.236474e+03 9.232132e+03 9.221641e+03 9.225984e+03
18.2 9.228862e+03 9.225381e+03 9.221611e+03 9.225092e+03
19.2 9.235577e+03 9.211162e+03 9.221693e+03 9.246108e+03
20.2 9.221672e+03 9.208993e+03 9.221814e+03 9.234494e+03
0.1 9.162106e+03 9.197268e+03 9.225597e+03 9.190435e+03
1.1 9.154785e+03 9.179763e+03 9.224059e+03 9.199081e+03
2.1 9.207889e+03 9.188275e+03 9.225571e+03 9.245185e+03
3.1 9.254710e+03 9.208093e+03 9.226816e+03 9.273432e+03
4.1 9.243734e+03 9.221732e+03 9.225620e+03 9.247622e+03
5.1 9.251603e+03 9.227362e+03 9.223790e+03 9.248030e+03
6.1 9.278445e+03 9.230178e+03 9.223155e+03 9.271422e+03
7.1 9.278486e+03 9.234899e+03 9.225495e+03 9.269082e+03
8.1 9.279329e+03 9.237356e+03 9.226581e+03 9.268553e+03
9.1 9.274907e+03 9.236287e+03 9.225289e+03 9.263910e+03
10.1 9.231877e+03 9.234129e+03 9.223591e+03 9.221340e+03
11.1 9.215384e+03 9.232372e+03 9.222459e+03 9.205471e+03
12.1 9.235252e+03 9.231714e+03 9.221877e+03 9.225415e+03
13.1 9.236474e+03 9.232132e+03 9.221641e+03 9.225984e+03
14.1 9.228862e+03 9.225381e+03 9.221611e+03 9.225092e+03
15.1 9.235577e+03 9.211162e+03 9.221693e+03 9.246108e+03
16.1 9.221672e+03 9.208993e+03 9.221814e+03 9.234494e+03
17.1 9.206502e+03 9.214983e+03 9.221927e+03 9.213447e+03
18.1 9.203339e+03 9.220435e+03 9.222082e+03 9.204986e+03
19.1 9.224510e+03 9.226624e+03 9.224140e+03 9.222026e+03
20.1 9.245815e+03 9.232867e+03 9.226842e+03 9.239790e+03
0.3 9.251603e+03 9.227362e+03 9.223790e+03 9.248030e+03
1.3 9.278445e+03 9.230178e+03 9.223155e+03 9.271422e+03
2.3 9.278486e+03 9.234899e+03 9.225495e+03 9.269082e+03
3.3 9.279329e+03 9.237356e+03 9.226581e+03 9.268553e+03
4.3 9.274907e+03 9.236287e+03 9.225289e+03 9.263910e+03
5.3 9.231877e+03 9.234129e+03 9.223591e+03 9.221340e+03
6.3 9.215384e+03 9.232372e+03 9.222459e+03 9.205471e+03
7.3 9.235252e+03 9.231714e+03 9.221877e+03 9.225415e+03
8.3 9.236474e+03 9.232132e+03 9.221641e+03 9.225984e+03
9.3 9.228862e+03 9.225381e+03 9.221611e+03 9.225092e+03
10.3 9.235577e+03 9.211162e+03 9.221693e+03 9.246108e+03
11.3 9.221672e+03 9.208993e+03 9.221814e+03 9.234494e+03
12.3 9.206502e+03 9.214983e+03 9.221927e+03 9.213447e+03
13.3 9.203339e+03 9.220435e+03 9.222082e+03 9.204986e+03
14.3 9.224510e+03 9.226624e+03 9.224140e+03 9.222026e+03
15.3 9.245815e+03 9.232867e+03 9.226842e+03 9.239790e+03
16.3 9.260552e+03 9.235038e+03 9.226643e+03 9.252158e+03
17.3 9.247287e+03 9.233940e+03 9.224895e+03 9.238241e+03
18.3 9.214981e+03 9.230827e+03 9.223338e+03 9.207492e+03
19.3 9.211763e+03 9.227623e+03 9.222423e+03 9.206563e+03
20.3 9.218763e+03 9.228242e+03 9.223689e+03 9.214210e+03
0.8 9.203339e+03 9.220435e+03 9.222082e+03 9.204986e+03
1.8 9.224510e+03 9.226624e+03 9.224140e+03 9.222026e+03
2.8 9.245815e+03 9.232867e+03 9.226842e+03 9.239790e+03
3.8 9.260552e+03 9.235038e+03 9.226643e+03 9.252158e+03
4.8 9.247287e+03 9.233940e+03 9.224895e+03 9.238241e+03
5.8 9.214981e+03 9.230827e+03 9.223338e+03 9.207492e+03
6.8 9.211763e+03 9.227623e+03 9.222423e+03 9.206563e+03
7.8 9.218763e+03 9.228242e+03 9.223689e+03 9.214210e+03
8.8 9.235045e+03 9.231925e+03 9.226322e+03 9.229442e+03
9.8 9.222016e+03 9.233255e+03 9.226336e+03 9.215097e+03
10.8 9.202413e+03 9.232525e+03 9.224708e+03 9.194596e+03
11.8 9.171776e+03 9.231605e+03 9.223209e+03 9.163379e+03
12.8 9.165182e+03 9.232477e+03 9.222299e+03 9.155003e+03
13.8 9.185088e+03 9.231079e+03 9.221841e+03 9.175850e+03
14.8 9.202150e+03 9.216930e+03 9.221668e+03 9.206888e+03
15.8 9.219817e+03 9.209641e+03 9.221669e+03 9.231845e+03
16.8 9.264309e+03 9.215617e+03 9.221759e+03 9.270452e+03
17.8 9.295916e+03 9.226170e+03 9.221873e+03 9.291618e+03
18.8 9.263963e+03 9.226491e+03 9.221971e+03 9.259442e+03
19.8 9.241611e+03 9.214418e+03 9.222040e+03 9.249233e+03
20.8 9.251267e+03 9.212011e+03 9.222082e+03 9.261338e+03
0.7 9.211763e+03 9.227623e+03 9.222423e+03 9.206563e+03
1.7 9.218763e+03 9.228242e+03 9.223689e+03 9.214210e+03
2.7 9.235045e+03 9.231925e+03 9.226322e+03 9.229442e+03
3.7 9.222016e+03 9.233255e+03 9.226336e+03 9.215097e+03
4.7 9.202413e+03 9.232525e+03 9.224708e+03 9.194596e+03
5.7 9.171776e+03 9.231605e+03 9.223209e+03 9.163379e+03
6.7 9.165182e+03 9.232477e+03 9.222299e+03 9.155003e+03
7.7 9.185088e+03 9.231079e+03 9.221841e+03 9.175850e+03
8.7 9.202150e+03 9.216930e+03 9.221668e+03 9.206888e+03
9.7 9.219817e+03 9.209641e+03 9.221669e+03 9.231845e+03
10.7 9.264309e+03 9.215617e+03 9.221759e+03 9.270452e+03
11.7 9.295916e+03 9.226170e+03 9.221873e+03 9.291618e+03
12.7 9.263963e+03 9.226491e+03 9.221971e+03 9.259442e+03
13.7 9.241611e+03 9.214418e+03 9.222040e+03 9.249233e+03
14.7 9.251267e+03 9.212011e+03 9.222082e+03 9.261338e+03
15.7 9.269729e+03 9.218333e+03 9.222106e+03 9.273502e+03
16.7 9.287708e+03 9.224932e+03 9.222117e+03 9.284893e+03
17.7 9.280925e+03 9.229029e+03 9.222123e+03 9.274019e+03
18.7 9.246249e+03 9.231106e+03 9.222125e+03 9.237268e+03
19.7 9.250563e+03 9.232055e+03 9.222126e+03 9.240635e+03
20.7 9.247681e+03 9.232975e+03 9.222127e+03 9.236833e+03
1.0 9.246701e+03 9.233998e+03 9.222339e+03 9.235043e+03
2.0 9.244780e+03 9.236109e+03 9.224867e+03 9.233538e+03
3.0 9.252917e+03 9.235557e+03 9.227064e+03 9.244424e+03
4.0 9.258493e+03 9.230779e+03 9.226701e+03 9.254415e+03
5.0 9.249728e+03 9.230360e+03 9.227658e+03 9.247026e+03
6.0 9.255232e+03 9.231957e+03 9.228090e+03 9.251366e+03
7.0 9.257584e+03 9.230491e+03 9.226289e+03 9.253382e+03
8.0 9.230978e+03 9.227412e+03 9.224066e+03 9.227633e+03
9.0 9.226302e+03 9.227227e+03 9.223814e+03 9.222890e+03
10.0 9.245539e+03 9.230672e+03 9.226063e+03 9.240930e+03
11.0 9.250402e+03 9.229642e+03 9.226309e+03 9.247068e+03
12.0 9.231728e+03 9.224169e+03 9.224714e+03 9.232274e+03
13.0 9.251965e+03 9.221765e+03 9.224035e+03 9.254235e+03
14.0 9.243619e+03 9.225214e+03 9.226144e+03 9.244549e+03
15.0 9.247774e+03 9.217151e+03 9.226679e+03 9.257302e+03
16.0 9.253242e+03 9.205087e+03 9.226072e+03 9.274227e+03
17.0 9.242533e+03 9.209620e+03 9.227401e+03 9.260314e+03
18.0 9.212519e+03 9.220240e+03 9.227207e+03 9.219487e+03
19.0 9.181862e+03 9.227406e+03 9.225225e+03 9.179681e+03
20.0 9.199997e+03 9.230864e+03 9.223298e+03 9.192430e+03
21.0 9.245236e+03 9.232275e+03 9.222130e+03 9.235092e+03
0.1 9.252917e+03 9.235557e+03 9.227064e+03 9.244424e+03
1.1 9.258493e+03 9.230779e+03 9.226701e+03 9.254415e+03
2.1 9.249728e+03 9.230360e+03 9.227658e+03 9.247026e+03
3.1 9.255232e+03 9.231957e+03 9.228090e+03 9.251366e+03
4.1 9.257584e+03 9.230491e+03 9.226289e+03 9.253382e+03
5.1 9.230978e+03 9.227412e+03 9.224066e+03 9.227633e+03
6.1 9.226302e+03 9.227227e+03 9.223814e+03 9.222890e+03
7.1 9.245539e+03 9.230672e+03 9.226063e+03 9.240930e+03
8.1 9.250402e+03 9.229642e+03 9.226309e+03 9.247068e+03
9.1 9.231728e+03 9.224169e+03 9.224714e+03 9.232274e+03
10.1 9.251965e+03 9.221765e+03 9.224035e+03 9.254235e+03
11.1 9.243619e+03 9.225214e+03 9.226144e+03 9.244549e+03
12.1 9.247774e+03 9.217151e+03 9.226679e+03 9.257302e+03
13.1 9.253242e+03 9.205087e+03 9.226072e+03 9.274227e+03
14.1 9.242533e+03 9.209620e+03 9.227401e+03 9.260314e+03
15.1 9.212519e+03 9.220240e+03 9.227207e+03 9.219487e+03
16.1 9.181862e+03 9.227406e+03 9.225225e+03 9.179681e+03
17.1 9.199997e+03 9.230864e+03 9.223298e+03 9.192430e+03
18.1 9.245236e+03 9.232275e+03 9.222130e+03 9.235092e+03
19.1 9.248388e+03 9.232508e+03 9.221594e+03 9.237474e+03
20.1 9.188049e+03 9.230392e+03 9.221438e+03 9.179094e+03
0.5 9.230978e+03 9.227412e+03 9.224066e+03 9.227633e+03
1.5 9.226302e+03 9.227227e+03 9.223814e+03 9.222890e+03
2.5 9.245539e+03 9.230672e+03 9.226063e+03 9.240930e+03
3.5 9.250402e+03 9.229642e+03 9.226309e+03 9.247068e+03
4.5 9.231728e+03 9.224169e+03 9.224714e+03 9.232274e+03
5.5 9.251965e+03 9.221765e+03 9.224035e+03 9.254235e+03
6.5 9.243619e+03 9.225214e+03 9.226144e+03 9.244549e+03
7.5 9.247774e+03 9.217151e+03 9.226679e+03 9.257302e+03
8.5 9.253242e+03 9.205087e+03 9.226072e+03 9.274227e+03
9.5 9.242533e+03 9.209620e+03 9.227401e+03 9.260314e+03
10.5 9.212519e+03 9.220240e+03 9.227207e+03 9.219487e+03
11.5 9.181862e+03 9.227406e+03 9.225225e+03 9.179681e+03
12.5 9.199997e+03 9.230864e+03 9.223298e+03 9.192430e+03
13.5 9.245236e+03 9.232275e+03 9.222130e+03 9.235092e+03
14.5 9.248388e+03 9.232508e+03 9.221594e+03 9.237474e+03
15.5 9.188049e+03 9.230392e+03 9.221438e+03 9.179094e+03
16.5 9.141466e+03 9.225419e+03 9.221503e+03 9.137550e+03
17.5 9.137353e+03 9.224120e+03 9.223072e+03 9.136304e+03
18.5 9.173594e+03 9.228384e+03 9.226203e+03 9.171412e+03
19.5 9.183884e+03 9.224340e+03 9.226693e+03 9.186237e+03
20.5 9.186059e+03 9.208355e+03 9.225429e+03 9.203133e+03
0.4 9.231728e+03 9.224169e+03 9.224714e+03 9.232274e+03
1.4 9.251965e+03 9.221765e+03 9.224035e+03 9.254235e+03
2.4 9.243619e+03 9.225214e+03 9.226144e+03 9.244549e+03
3.4 9.247774e+03 9.217151e+03 9.226679e+03 9.257302e+03
4.4 9.253242e+03 9.205087e+03 9.226072e+03 9.274227e+03
5.4 9.242533e+03 9.209620e+03 9.227401e+03 9.260314e+03
6.4 9.212519e+03 9.220240e+03 9.227207e+03 9.219487e+03
7.4 9.181862e+03 9.227406e+03 9.225225e+03 9.179681e+03
8.4 9.199997e+03 9.230864e+03 9.223298e+03 9.192430e+03
9.4 9.245236e+03 9.232275e+03 9.222130e+03 9.235092e+03
10.4 9.248388e+03 9.232508e+03 9.221594e+03 9.237474e+03
11.4 9.188049e+03 9.230392e+03 9.221438e+03 9.179094e+03
12.4 9.141466e+03 9.225419e+03 9.221503e+03 9.137550e+03
13.4 9.137353e+03 9.224120e+03 9.223072e+03 9.136304e+03
14.4 9.173594e+03 9.228384e+03 9.226203e+03 9.171412e+03
15.4 9.183884e+03 9.224340e+03 9.226693e+03 9.186237e+03
16.4 9.186059e+03 9.208355e+03 9.225429e+03 9.203133e+03
17.4 9.193801e+03 9.206162e+03 9.226473e+03 9.214112e+03
18.4 9.206153e+03 9.216205e+03 9.227472e+03 9.217420e+03
19.4 9.230858e+03 9.225788e+03 9.226082e+03 9.231152e+03
20.4 9.264609e+03 9.233062e+03 9.224173e+03 9.255721e+03
0.4 9.247774e+03 9.217151e+03 9.226679e+03 9.257302e+03
1.4 9.253242e+03 9.205087e+03 9.226072e+03 9.274227e+03
2.4 9.242533e+03 9.209620e+03 9.227401e+03 9.260314e+03
3.4 9.212519e+03 9.220240e+03 9.227207e+03 9.219487e+03
4.4 9.181862e+03 9.227406e+03 9.225225e+03 9.179681e+03
5.4 9.199997e+03 9.230864e+03 9.223298e+03 9.192430e+03
6.4 9.245236e+03 9.232275e+03 9.222130e+03 9.235092e+03
7.4 9.248388e+03 9.232508e+03 9.221594e+03 9.237474e+03
8.4 9.188049e+03 9.230392e+03 9.221438e+03 9.179094e+03
9.4 9.141466e+03 9.225419e+03 9.221503e+03 9.137550e+03
10.4 9.137353e+03 9.224120e+03 9.223072e+03 9.136304e+03
11.4 9.173594e+03 9.228384e+03 9.226203e+03 9.171412e+03
12.4 9.183884e+03 9.224340e+03 9.226693e+03 9.186237e+03
13.4 9.186059e+03 9.208355e+03 9.225429e+03 9.203133e+03
14.4 9.193801e+03 9.206162e+03 9.226473e+03 9.214112e+03
15.4 9.206153e+03 9.216205e+03 9.227472e+03 9.217420e+03
16.4 9.230858e+03 9.225788e+03 9.226082e+03 9.231152e+03
17.4 9.264609e+03 9.233062e+03 9.224173e+03 9.255721e+03
18.4 9.305192e+03 9.238487e+03 9.225050e+03 9.291754e+03
19.4 9.286233e+03 9.240526e+03 9.226723e+03 9.272430e+03
20.4 9.251418e+03 9.238408e+03 9.225920e+03 9.238931e+03
0.6 9.141466e+03 9.225419e+03 9.221503e+03 9.137550e+03
1.6 9.137353e+03 9.224120e+03 9.223072e+03 9.136304e+03
2.6 9.173594e+03 9.228384e+03 9.226203e+03 9.171412e+03
3.6 9.183884e+03 9.224340e+03 9.226693e+03 9.186237e+03
4.6 9.186059e+03 9.208355e+03 9.225429e+03 9.203133e+03
5.6 9.193801e+03 9.206162e+03 9.226473e+03 9.214112e+03
6.6 9.206153e+03 9.216205e+03 9.227472e+03 9.217420e+03
7.6 9.230858e+03 9.225788e+03 9.226082e+03 9.231152e+03
8.6 9.264609e+03 9.233062e+03 9.224173e+03 9.255721e+03
9.6 9.305192e+03 9.238487e+03 9.225050e+03 9.291754e+03
10.6 9.286233e+03 9.240526e+03 9.226723e+03 9.272430e+03
11.6 9.251418e+03 9.238408e+03 9.225920e+03 9.238931e+03
12.6 9.254941e+03 9.235040e+03 9.224090e+03 9.243991e+03
13.6 9.272791e+03 9.232360e+03 9.222691e+03 9.263123e+03
14.6 9.277241e+03 9.230705e+03 9.221939e+03 9.268475e+03
15.6 9.295331e+03 9.230013e+03 9.221622e+03 9.286940e+03
16.6 9.301337e+03 9.230388e+03 9.221555e+03 9.292504e+03
17.6 9.252339e+03 9.223262e+03 9.221626e+03 9.250703e+03
18.6 9.211146e+03 9.209907e+03 9.221753e+03 9.222991e+03
19.6 9.209143e+03 9.209010e+03 9.221881e+03 9.222014e+03
20.6 9.224587e+03 9.216146e+03 9.221981e+03 9.230422e+03
0.1 9.183884e+03 9.224340e+03 9.226693e+03 9.186237e+03
1.1 9.186059e+03 9.208355e+03 9.225429e+03 9.203133e+03
2.1 9.193801e+03 9.206162e+03 9.226473e+03 9.214112e+03
3.1 9.206153e+03 9.216205e+03 9.227472e+03 9.217420e+03
4.1 9.230858e+03 9.225788e+03 9.226082e+03 9.231152e+03
5.1 9.264609e+03 9.233062e+03 9.224173e+03 9.255721e+03
6.1 9.305192e+03 9.238487e+03 9.225050e+03 9.291754e+03
7.1 9.286233e+03 9.240526e+03 9.226723e+03 9.272430e+03
8.1 9.251418e+03 9.238408e+03 9.225920e+03 9.238931e+03
9.1 9.254941e+03 9.235040e+03 9.224090e+03 9.243991e+03
10.1 9.272791e+03 9.232360e+03 9.222691e+03 9.263123e+03
11.1 9.277241e+03 9.230705e+03 9.221939e+03 9.268475e+03
12.1 9.295331e+03 9.230013e+03 9.221622e+03 9.286940e+03
13.1 9.301337e+03 9.230388e+03 9.221555e+03 9.292504e+03
14.1 9.252339e+03 9.223262e+03 9.221626e+03 9.250703e+03
15.1 9.211146e+03 9.209907e+03 9.221753e+03 9.222991e+03
16.1 9.209143e+03 9.209010e+03 9.221881e+03 9.222014e+03
17.1 9.224587e+03 9.216146e+03 9.221981e+03 9.230422e+03
18.1 9.255421e+03 9.214558e+03 9.222048e+03 9.262911e+03
19.1 9.254103e+03 9.197362e+03 9.222102e+03 9.278842e+03
20.1 9.255823e+03 9.190549e+03 9.223549e+03 9.288823e+03
0.9 9.264609e+03 9.233062e+03 9.224173e+03 9.255721e+03
1.9 9.305192e+03 9.238487e+03 9.225050e+03 9.291754e+03
2.9 9.286233e+03 9.240526e+03 9.226723e+03 9.272430e+03
3.9 9.251418e+03 9.238408e+03 9.225920e+03 9.238931e+03
4.9 9.254941e+03 9.235040e+03 9.224090e+03 9.243991e+03
5.9 9.272791e+03 9.232360e+03 9.222691e+03 9.263123e+03
6.9 9.277241e+03 9.230705e+03 9.221939e+03 9.268475e+03
7.9 9.295331e+03 9.230013e+03 9.221622e+03 9.286940e+03
8.9 9.301337e+03 9.230388e+03 9.221555e+03 9.292504e+03
9.9 9.252339e+03 9.223262e+03 9.221626e+03 9.250703e+03
10.9 9.211146e+03 9.209907e+03 9.221753e+03 9.222991e+03
11.9 9.209143e+03 9.209010e+03 9.221881e+03 9.222014e+03
12.9 9.224587e+03 9.216146e+03 9.221981e+03 9.230422e+03
13.9 9.255421e+03 9.214558e+03 9.222048e+03 9.262911e+03
14.9 9.254103e+03 9.197362e+03 9.222102e+03 9.278842e+03
15.9 9.255823e+03 9.190549e+03 9.223549e+03 9.288823e+03
16.9 9.234456e+03 9.203909e+03 9.226533e+03 9.257080e+03
17.9 9.187973e+03 9.219331e+03 9.226897e+03 9.195538e+03
18.9 9.146791e+03 9.228516e+03 9.225268e+03 9.143544e+03
19.9 9.173109e+03 9.232742e+03 9.223603e+03 9.163970e+03
20.9 9.201632e+03 9.234237e+03 9.222533e+03 9.189928e+03
0.6 9.254103e+03 9.197362e+03 9.222102e+03 9.278842e+03
1.6 9.255823e+03 9.190549e+03 9.223549e+03 9.288823e+03
2.6 9.234456e+03 9.203909e+03 9.226533e+03 9.257080e+03
3.6 9.187973e+03 9.219331e+03 9.226897e+03 9.195538e+03
4.6 9.146791e+03 9.228516e+03 9.225268e+03 9.143544e+03
5.6 9.173109e+03 9.232742e+03 9.223603e+03 9.163970e+03
6.6 9.201632e+03 9.234237e+03 9.222533e+03 9.189928e+03
7.6 9.219734e+03 9.234219e+03 9.221964e+03 9.207479e+03
8.6 9.231895e+03 9.233727e+03 9.221722e+03 9.219890e+03
9.6 9.252062e+03 9.234987e+03 9.221685e+03 9.238760e+03
10.6 9.255193e+03 9.237787e+03 9.221758e+03 9.239164e+03
11.6 9.254348e+03 9.239690e+03 9.222761e+03 9.237418e+03
12.6 9.223570e+03 9.240502e+03 9.225915e+03 9.208983e+03
13.6 9.202310e+03 9.237340e+03 9.226970e+03 9.191941e+03
14.6 9.213066e+03 9.231527e+03 9.225595e+03 9.207134e+03
15.6 9.228675e+03 9.227923e+03 9.224512e+03 9.225264e+03
16.6 9.264852e+03 9.229918e+03 9.226329e+03 9.261263e+03
17.6 9.266403e+03 9.231137e+03 9.227028e+03 9.262294e+03
18.6 9.216377e+03 9.230224e+03 9.226119e+03 9.212272e+03
19.6 9.195619e+03 9.232245e+03 9.227261e+03 9.190635e+03
20.6 9.207444e+03 9.229177e+03 9.227401e+03 9.205668e+03
0.4 9.255193e+03 9.237787e+03 9.221758e+03 9.239164e+03
1.4 9.254348e+03 9.239690e+03 9.222761e+03 9.237418e+03
2.4 9.223570e+03 9.240502e+03 9.225915e+03 9.208983e+03
3.4 9.202310e+03 9.237340e+03 9.226970e+03 9.191941e+03
4.4 9.213066e+03 9.231527e+03 9.225595e+03 9.207134e+03
5.4 9.228675e+03 9.227923e+03 9.224512e+03 9.225264e+03
6.4 9.264852e+03 9.229918e+03 9.226329e+03 9.261263e+03
7.4 9.266403e+03 9.231137e+03 9.227028e+03 9.262294e+03
8.4 9.216377e+03 9.230224e+03 9.226119e+03 9.212272e+03
9.4 9.195619e+03 9.232245e+03 9.227261e+03 9.190635e+03
10.4 9.207444e+03 9.229177e+03 9.227401e+03 9.205668e+03
11.4 9.212956e+03 9.212085e+03 9.225643e+03 9.226514e+03
12.4 9.221496e+03 9.204972e+03 9.225795e+03 9.242319e+03
13.4 9.239067e+03 9.213376e+03 9.227069e+03 9.252760e+03
14.4 9.245083e+03 9.222820e+03 9.226094e+03 9.248356e+03
15.4 9.225276e+03 9.228698e+03 9.224118e+03 9.220696e+03
16.4 9.214512e+03 9.232517e+03 9.222622e+03 9.204617e+03
17.4 9.243136e+03 9.235409e+03 9.222870e+03 9.230597e+03
18.4 9.282003e+03 9.238248e+03 9.225615e+03 9.269369e+03
19.4 9.302213e+03 9.238665e+03 9.226374e+03 9.289921e+03
20.4 9.277807e+03 9.237828e+03 9.224980e+03 9.264959e+03
0.3 9.213066e+03 9.231527e+03 9.225595e+03 9.207134e+03
1.3 9.228675e+03 9.227923e+03 9.224512e+03 9.225264e+03
2.3 9.264852e+03 9.229918e+03 9.226329e+03 9.261263e+03
3.3 9.266403e+03 9.231137e+03 9.227028e+03 9.262294e+03
4.3 9.216377e+03 9.230224e+03 9.226119e+03 9.212272e+03
5.3 9.195619e+03 9.232245e+03 9.227261e+03 9.190635e+03
6.3 9.207444e+03 9.229177e+03 9.227401e+03 9.205668e+03
7.3 9.212956e+03 9.212085e+03 9.225643e+03 9.226514e+03
8.3 9.221496e+03 9.204972e+03 9.225795e+03 9.242319e+03
9.3 9.239067e+03 9.213376e+03 9.227069e+03 9.252760e+03
10.3 9.245083e+03 9.222820e+03 9.226094e+03 9.248356e+03
11.3 9.225276e+03 9.228698e+03 9.224118e+03 9.220696e+03
12.3 9.214512e+03 9.232517e+03 9.222622e+03 9.204617e+03
13.3 9.243136e+03 9.235409e+03 9.222870e+03 9.230597e+03
14.3 9.282003e+03 9.238248e+03 9.225615e+03 9.269369e+03
15.3 9.302213e+03 9.238665e+03 9.226374e+03 9.289921e+03
16.3 9.277807e+03 9.237828e+03 9.224980e+03 9.264959e+03
17.3 9.234338e+03 9.225586e+03 9.223398e+03 9.232150e+03
18.3 9.195743e+03 9.211888e+03 9.222384e+03 9.206238e+03
19.3 9.198827e+03 9.213757e+03 9.221864e+03 9.206935e+03
20.3 9.186339e+03 9.217857e+03 9.221657e+03 9.190138e+03
0.3 9.266403e+03 9.231137e+03 9.227028e+03 9.262294e+03
1.3 9.216377e+03 9.230224e+03 9.226119e+03 9.212272e+03
2.3 9.195619e+03 9.232245e+03 9.227261e+03 9.190635e+03
3.3 9.207444e+03 9.229177e+03 9.227401e+03 9.205668e+03
4.3 9.212956e+03 9.212085e+03 9.225643e+03 9.226514e+03
5.3 9.221496e+03 9.204972e+03 9.225795e+03 9.242319e+03
6.3 9.239067e+03 9.213376e+03 9.227069e+03 9.252760e+03
7.3 9.245083e+03 9.222820e+03 9.226094e+03 9.248356e+03
8.3 9.225276e+03 9.228698e+03 9.224118e+03 9.220696e+03
9.3 9.214512e+03 9.232517e+03 9.222622e+03 9.204617e+03
10.3 9.243136e+03 9.235409e+03 9.222870e+03 9.230597e+03
11.3 9.282003e+03 9.238248e+03 9.225615e+03 9.269369e+03
12.3 9.302213e+03 9.238665e+03 9.226374e+03 9.289921e+03
13.3 9.277807e+03 9.237828e+03 9.224980e+03 9.264959e+03
14.3 9.234338e+03 9.225586e+03 9.223398e+03 9.232150e+03
15.3 9.195743e+03 9.211888e+03 9.222384e+03 9.206238e+03
16.3 9.198827e+03 9.213757e+03 9.221864e+03 9.206935e+03
17.3 9.186339e+03 9.217857e+03 9.221657e+03 9.190138e+03
18.3 9.177803e+03 9.209639e+03 9.221639e+03 9.189804e+03
19.3 9.182102e+03 9.208308e+03 9.221723e+03 9.195516e+03
20.3 9.188452e+03 9.215955e+03 9.221840e+03 9.194337e+03
0.9 9.212956e+03 9.212085e+03 9.225643e+03 9.226514e+03
1.9 9.221496e+03 9.204972e+03 9.225795e+03 9.242319e+03
2.9 9.239067e+03 9.213376e+03 9.227069e+03 9.252760e+03
3.9 9.245083e+03 9.222820e+03 9.226094e+03 9.248356e+03
4.9 9.225276e+03 9.228698e+03 9.224118e+03 9.220696e+03
5.9 9.214512e+03 9.232517e+03 9.222622e+03 9.204617e+03
6.9 9.243136e+03 9.235409e+03 9.222870e+03 9.230597e+03
7.9 9.282003e+03 9.238248e+03 9.225615e+03 9.269369e+03
8.9 9.302213e+03 9.238665e+03 9.226374e+03 9.289921e+03
9.9 9.277807e+03 9.237828e+03 9.224980e+03 9.264959e+03
10.9 9.234338e+03 9.225586e+03 9.223398e+03 9.232150e+03
11.9 9.195743e+03 9.211888e+03 9.222384e+03 9.206238e+03
12.9 9.198827e+03 9.213757e+03 9.221864e+03 9.206935e+03
13.9 9.186339e+03 9.217857e+03 9.221657e+03 9.190138e+03
14.9 9.177803e+03 9.209639e+03 9.221639e+03 9.189804e+03
15.9 9.182102e+03 9.208308e+03 9.221723e+03 9.195516e+03
16.9 9.188452e+03 9.215955e+03 9.221840e+03 9.194337e+03
17.9 9.215796e+03 9.224031e+03 9.221946e+03 9.213711e+03
18.9 9.254888e+03 9.229094e+03 9.222024e+03 9.247819e+03
19.9 9.271218e+03 9.231565e+03 9.222073e+03 9.261726e+03
20.9 9.248701e+03 9.232458e+03 9.222101e+03 9.238345e+03
0.5 9.214512e+03 9.232517e+03 9.222622e+03 9.204617e+03
1.5 9.243136e+03 9.235409e+03 9.222870e+03 9.230597e+03
2.5 9.282003e+03 9.238248e+03 9.225615e+03 9.269369e+03
3.5 9.302213e+03 9.238665e+03 9.226374e+03 9.289921e+03
4.5 9.277807e+03 9.237828e+03 9.224980e+03 9.264959e+03
5.5 9.234338e+03 9.225586e+03 9.223398e+03 9.232150e+03
6.5 9.195743e+03 9.211888e+03 9.222384e+03 9.206238e+03
7.5 9.198827e+03 9.213757e+03 9.221864e+03 9.206935e+03
8.5 9.186339e+03 9.217857e+03 9.221657e+03 9.190138e+03
9.5 9.177803e+03 9.209639e+03 9.221639e+03 9.189804e+03
10.5 9.182102e+03 9.208308e+03 9.221723e+03 9.195516e+03
11.5 9.188452e+03 9.215955e+03 9.221840e+03 9.194337e+03
12.5 9.215796e+03 9.224031e+03 9.221946e+03 9.213711e+03
13.5 9.254888e+03 9.229094e+03 9.222024e+03 9.247819e+03
14.5 9.271218e+03 9.231565e+03 9.222073e+03 9.261726e+03
15.5 9.248701e+03 9.232458e+03 9.222101e+03 9.238345e+03
16.5 9.225281e+03 9.232387e+03 9.222115e+03 9.215009e+03
17.5 9.224567e+03 9.230150e+03 9.222122e+03 9.216538e+03
18.5 9.244295e+03 9.224915e+03 9.222125e+03 9.241505e+03
19.5 9.248531e+03 9.220784e+03 9.222368e+03 9.250115e+03
20.5 9.268832e+03 9.223590e+03 9.224961e+03 9.270203e+03
1.0 9.248531e+03 9.220784e+03 9.222368e+03 9.250115e+03
2.0 9.268832e+03 9.223590e+03 9.224961e+03 9.270203e+03
3.0 9.227340e+03 9.220683e+03 9.227081e+03 9.233738e+03
4.0 9.175806e+03 9.200244e+03 9.226306e+03 9.201868e+03
5.0 9.162531e+03 9.180988e+03 9.224707e+03 9.206249e+03
6.0 9.181352e+03 9.186761e+03 9.225811e+03 9.220402e+03
7.0 9.183601e+03 9.206444e+03 9.227177e+03 9.204334e+03
8.0 9.191513e+03 9.221970e+03 9.226054e+03 9.195597e+03
9.0 9.214326e+03 9.230323e+03 9.224105e+03 9.208107e+03
10.0 9.223298e+03 9.234149e+03 9.222683e+03 9.211833e+03
11.0 9.240137e+03 9.235924e+03 9.221931e+03 9.226145e+03
12.0 9.272572e+03 9.229568e+03 9.221618e+03 9.264622e+03
13.0 9.261919e+03 9.214564e+03 9.221559e+03 9.268913e+03
14.0 9.211466e+03 9.211623e+03 9.221635e+03 9.221477e+03
15.0 9.167726e+03 9.219036e+03 9.222153e+03 9.170843e+03
16.0 9.163207e+03 9.228799e+03 9.225094e+03 9.159502e+03
17.0 9.166911e+03 9.234539e+03 9.226981e+03 9.159352e+03
18.0 9.181250e+03 9.235382e+03 9.226035e+03 9.171904e+03
19.0 9.217007e+03 9.234395e+03 9.224264e+03 9.206875e+03
20.0 9.228579e+03 9.233860e+03 9.222956e+03 9.217675e+03
21.0 9.228353e+03 9.234889e+03 9.223782e+03 9.217245e+03
1.0 9.162531e+03 9.180988e+03 9.224707e+03 9.206249e+03
2.0 9.181352e+03 9.186761e+03 9.225811e+03 9.220402e+03
3.0 9.183601e+03 9.206444e+03 9.227177e+03 9.204334e+03
4.0 9.191513e+03 9.221970e+03 9.226054e+03 9.195597e+03
5.0 9.214326e+03 9.230323e+03 9.224105e+03 9.208107e+03
6.0 9.223298e+03 9.234149e+03 9.222683e+03 9.211833e+03
7.0 9.240137e+03 9.235924e+03 9.221931e+03 9.226145e+03
8.0 9.272572e+03 9.229568e+03 9.221618e+03 9.264622e+03
9.0 9.261919e+03 9.214564e+03 9.221559e+03 9.268913e+03
10.0 9.211466e+03 9.211623e+03 9.221635e+03 9.221477e+03
11.0 9.167726e+03 9.219036e+03 9.222153e+03 9.170843e+03
12.0 9.163207e+03 9.228799e+03 9.225094e+03 9.159502e+03
13.0 9.166911e+03 9.234539e+03 9.226981e+03 9.159352e+03
14.0 9.181250e+03 9.235382e+03 9.226035e+03 9.171904e+03
15.0 9.217007e+03 9.234395e+03 9.224264e+03 9.206875e+03
16.0 9.228579e+03 9.233860e+03 9.222956e+03 9.217675e+03
17.0 9.228353e+03 9.234889e+03 9.223782e+03 9.217245e+03
18.0 9.208988e+03 9.236676e+03 9.226320e+03 9.198633e+03
19.0 9.185313e+03 9.235427e+03 9.226393e+03 9.176279e+03
20.0 9.188350e+03 9.230145e+03 9.224752e+03 9.182956e+03
21.0 9.216607e+03 9.224043e+03 9.223373e+03 9.215936e+03
0.1 9.211466e+03 9.211623e+03 9.221635e+03 9.221477e+03
1.1 9.167726e+03 9.219036e+03 9.222153e+03 9.170843e+03
2.1 9.163207e+03 9.228799e+03 9.225094e+03 9.159502e+03
3.1 9.166911e+03 9.234539e+03 9.226981e+03 9.159352e+03
4.1 9.181250e+03 9.235382e+03 9.226035e+03 9.171904e+03
5.1 9.217007e+03 9.234395e+03 9.224264e+03 9.206875e+03
6.1 9.228579e+03 9.233860e+03 9.222956e+03 9.217675e+03
7.1 9.228353e+03 9.234889e+03 9.223782e+03 9.217245e+03
8.1 9.208988e+03 9.236676e+03 9.226320e+03 9.198633e+03
9.1 9.185313e+03 9.235427e+03 9.226393e+03 9.176279e+03
10.1 9.188350e+03 9.230145e+03 9.224752e+03 9.182956e+03
11.1 9.216607e+03 9.224043e+03 9.223373e+03 9.215936e+03
12.1 9.231758e+03 9.224695e+03 9.224832e+03 9.231895e+03
13.1 9.221670e+03 9.229120e+03 9.226718e+03 9.219268e+03
14.1 9.193708e+03 9.231183e+03 9.225968e+03 9.188493e+03
15.1 9.195225e+03 9.229932e+03 9.224172e+03 9.189465e+03
16.1 9.189521e+03 9.225210e+03 9.222789e+03 9.187100e+03
17.1 9.224374e+03 9.220036e+03 9.222028e+03 9.226366e+03
18.1 9.232851e+03 9.209669e+03 9.221689e+03 9.244871e+03
19.1 9.248587e+03 9.202460e+03 9.221601e+03 9.267728e+03
20.1 9.232201e+03 9.211010e+03 9.221655e+03 9.242846e+03
0.7 9.228579e+03 9.233860e+03 9.222956e+03 9.217675e+03
1.7 9.228353e+03 9.234889e+03 9.223782e+03 9.217245e+03
2.7 9.208988e+03 9.236676e+03 9.226320e+03 9.198633e+03
3.7 9.185313e+03 9.235427e+03 9.226393e+03 9.176279e+03
4.7 9.188350e+03 9.230145e+03 9.224752e+03 9.182956e+03
5.7 9.216607e+03 9.224043e+03 9.223373e+03 9.215936e+03
6.7 9.231758e+03 9.224695e+03 9.224832e+03 9.231895e+03
7.7 9.221670e+03 9.229120e+03 9.226718e+03 9.219268e+03
8.7 9.193708e+03 9.231183e+03 9.225968e+03 9.188493e+03
9.7 9.195225e+03 9.229932e+03 9.224172e+03 9.189465e+03
10.7 9.189521e+03 9.225210e+03 9.222789e+03 9.187100e+03
11.7 9.224374e+03 9.220036e+03 9.222028e+03 9.226366e+03
12.7 9.232851e+03 9.209669e+03 9.221689e+03 9.244871e+03
13.7 9.248587e+03 9.202460e+03 9.221601e+03 9.267728e+03
14.7 9.232201e+03 9.211010e+03 9.221655e+03 9.242846e+03
15.7 9.202705e+03 9.224782e+03 9.221870e+03 9.199793e+03
16.7 9.203445e+03 9.235046e+03 9.224154e+03 9.192553e+03
17.7 9.203289e+03 9.239736e+03 9.226800e+03 9.190353e+03
18.7 9.216120e+03 9.238970e+03 9.226498e+03 9.203648e+03
19.7 9.198237e+03 9.236135e+03 9.224759e+03 9.186861e+03
20.7 9.195626e+03 9.233463e+03 9.223252e+03 9.185415e+03
1.0 9.216607e+03 9.224043e+03 9.223373e+03 9.215936e+03
2.0 9.231758e+03 9.224695e+03 9.224832e+03 9.231895e+03
3.0 9.221670e+03 9.229120e+03 9.226718e+03 9.219268e+03
4.0 9.193708e+03 9.231183e+03 9.225968e+03 9.188493e+03
5.0 9.195225e+03 9.229932e+03 9.224172e+03 9.189465e+03
6.0 9.189521e+03 9.225210e+03 9.222789e+03 9.187100e+03
7.0 9.224374e+03 9.220036e+03 9.222028e+03 9.226366e+03
8.0 9.232851e+03 9.209669e+03 9.221689e+03 9.244871e+03
9.0 9.248587e+03 9.202460e+03 9.221601e+03 9.267728e+03
10.0 9.232201e+03 9.211010e+03 9.221655e+03 9.242846e+03
11.0 9.202705e+03 9.224782e+03 9.221870e+03 9.199793e+03
12.0 9.203445e+03 9.235046e+03 9.224154e+03 9.192553e+03
13.0 9.203289e+03 9.239736e+03 9.226800e+03 9.190353e+03
14.0 9.216120e+03 9.238970e+03 9.226498e+03 9.203648e+03
15.0 9.198237e+03 9.236135e+03 9.224759e+03 9.186861e+03
16.0 9.195626e+03 9.233463e+03 9.223252e+03 9.185415e+03
17.0 9.205465e+03 9.227853e+03 9.222339e+03 9.199950e+03
18.0 9.200465e+03 9.208445e+03 9.221873e+03 9.213894e+03
19.0 9.184640e+03 9.189582e+03 9.222131e+03 9.217189e+03
20.0 9.185508e+03 9.194534e+03 9.224990e+03 9.215965e+03
21.0 9.205040e+03 9.210836e+03 9.226780e+03 9.220984e+03
0.9 9.202705e+03 9.224782e+03 9.221870e+03 9.199793e+03
1.9 9.203445e+03 9.235046e+03 9.224154e+03 9.192553e+03
2.9 9.203289e+03 9.239736e+03 9.226800e+03 9.190353e+03
3.9 9.216120e+03 9.238970e+03 9.226498e+03 9.203648e+03
4.9 9.198237e+03 9.236135e+03 9.224759e+03 9.186861e+03
5.9 9.195626e+03 9.233463e+03 9.223252e+03 9.185415e+03
6.9 9.205465e+03 9.227853e+03 9.222339e+03 9.199950e+03
7.9 9.200465e+03 9.208445e+03 9.221873e+03 9.213894e+03
8.9 9.184640e+03 9.189582e+03 9.222131e+03 9.217189e+03
9.9 9.185508e+03 9.194534e+03 9.224990e+03 9.215965e+03
10.9 9.205040e+03 9.210836e+03 9.226780e+03 9.220984e+03
11.9 9.211165e+03 9.223245e+03 9.225825e+03 9.213744e+03
12.9 9.207411e+03 9.229851e+03 9.224111e+03 9.201671e+03
13.9 9.211289e+03 9.227915e+03 9.222840e+03 9.206214e+03
14.9 9.184575e+03 9.209219e+03 9.222119e+03 9.197475e+03
15.9 9.189133e+03 9.189246e+03 9.221776e+03 9.221663e+03
16.9 9.172909e+03 9.179273e+03 9.221674e+03 9.215311e+03
17.9 9.162149e+03 9.187555e+03 9.221714e+03 9.196309e+03
18.9 9.169957e+03 9.206387e+03 9.221816e+03 9.185386e+03
19.9 9.212771e+03 9.220728e+03 9.221923e+03 9.213965e+03
20.9 9.196605e+03 9.216710e+03 9.222007e+03 9.201902e+03
0.2 9.200465e+03 9.208445e+03 9.221873e+03 9.213894e+03
1.2 9.184640e+03 9.189582e+03 9.222131e+03 9.217189e+03
2.2 9.185508e+03 9.194534e+03 9.224990e+03 9.215965e+03
3.2 9.205040e+03 9.210836e+03 9.226780e+03 9.220984e+03
4.2 9.211165e+03 9.223245e+03 9.225825e+03 9.213744e+03
5.2 9.207411e+03 9.229851e+03 9.224111e+03 9.201671e+03
6.2 9.211289e+03 9.227915e+03 9.222840e+03 9.206214e+03
7.2 9.184575e+03 9.209219e+03 9.222119e+03 9.197475e+03
8.2 9.189133e+03 9.189246e+03 9.221776e+03 9.221663e+03
9.2 9.172909e+03 9.179273e+03 9.221674e+03 9.215311e+03
10.2 9.162149e+03 9.187555e+03 9.221714e+03 9.196309e+03
11.2 9.169957e+03 9.206387e+03 9.221816e+03 9.185386e+03
12.2 9.212771e+03 9.220728e+03 9.221923e+03 9.213965e+03
13.2 9.196605e+03 9.216710e+03 9.222007e+03 9.201902e+03
14.2 9.179972e+03 9.212477e+03 9.222063e+03 9.189558e+03
15.2 9.168923e+03 9.216820e+03 9.222095e+03 9.174199e+03
16.2 9.177685e+03 9.220079e+03 9.222112e+03 9.179718e+03
17.2 9.199048e+03 9.220349e+03 9.222191e+03 9.200890e+03
18.2 9.231768e+03 9.224269e+03 9.224198e+03 9.231696e+03
19.2 9.263754e+03 9.230926e+03 9.226871e+03 9.259699e+03
20.2 9.258150e+03 9.233399e+03 9.226656e+03 9.251408e+03
0.8 9.199048e+03 9.220349e+03 9.222191e+03 9.200890e+03
1.8 9.231768e+03 9.224269e+03 9.224198e+03 9.231696e+03
2.8 9.263754e+03 9.230926e+03 9.226871e+03 9.259699e+03
3.8 9.258150e+03 9.233399e+03 9.226656e+03 9.251408e+03
4.8 9.250291e+03 9.231580e+03 9.224909e+03 9.243620e+03
5.8 9.220948e+03 9.230875e+03 9.224615e+03 9.214687e+03
6.8 9.200259e+03 9.233671e+03 9.226680e+03 9.193268e+03
7.8 9.232830e+03 9.235040e+03 9.226723e+03 9.224514e+03
8.8 9.216106e+03 9.234971e+03 9.225164e+03 9.206299e+03
9.8 9.208286e+03 9.236280e+03 9.225990e+03 9.197996e+03
10.8 9.205173e+03 9.237095e+03 9.227167e+03 9.195246e+03
11.8 9.241597e+03 9.236039e+03 9.225971e+03 9.231529e+03
12.8 9.253281e+03 9.233835e+03 9.223999e+03 9.243446e+03
13.8 9.242732e+03 9.220857e+03 9.222578e+03 9.244453e+03
14.8 9.221302e+03 9.208720e+03 9.221839e+03 9.234421e+03
15.8 9.218310e+03 9.210539e+03 9.221547e+03 9.229319e+03
16.8 9.225308e+03 9.218197e+03 9.221511e+03 9.228622e+03
17.8 9.219423e+03 9.223687e+03 9.221605e+03 9.217342e+03
18.8 9.210850e+03 9.225559e+03 9.221747e+03 9.207038e+03
19.8 9.232676e+03 9.226869e+03 9.222414e+03 9.228220e+03
20.8 9.236955e+03 9.230581e+03 9.225453e+03 9.231828e+03
0.5 9.250291e+03 9.231580e+03 9.224909e+03 9.243620e+03
1.5 9.220948e+03 9.230875e+03 9.224615e+03 9.214687e+03
2.5 9.200259e+03 9.233671e+03 9.226680e+03 9.193268e+03
3.5 9.232830e+03 9.235040e+03 9.226723e+03 9.224514e+03
4.5 9.216106e+03 9.234971e+03 9.225164e+03 9.206299e+03
5.5 9.208286e+03 9.236280e+03 9.225990e+03 9.197996e+03
6.5 9.205173e+03 9.237095e+03 9.227167e+03 9.195246e+03
7.5 9.241597e+03 9.236039e+03 9.225971e+03 9.231529e+03
8.5 9.253281e+03 9.233835e+03 9.223999e+03 9.243446e+03
9.5 9.242732e+03 9.220857e+03 9.222578e+03 9.244453e+03
10.5 9.221302e+03 9.208720e+03 9.221839e+03 9.234421e+03
11.5 9.218310e+03 9.210539e+03 9.221547e+03 9.229319e+03
12.5 9.225308e+03 9.218197e+03 9.221511e+03 9.228622e+03
13.5 9.219423e+03 9.223687e+03 9.221605e+03 9.217342e+03
14.5 9.210850e+03 9.225559e+03 9.221747e+03 9.207038e+03
15.5 9.232676e+03 9.226869e+03 9.222414e+03 9.228220e+03
16.5 9.236955e+03 9.230581e+03 9.225453e+03 9.231828e+03
17.5 9.245763e+03 9.222616e+03 9.227046e+03 9.250193e+03
18.5 9.217083e+03 9.208096e+03 9.226683e+03 9.235670e+03
19.5 9.218663e+03 9.210070e+03 9.227943e+03 9.236536e+03
20.5 9.230313e+03 9.219859e+03 9.227819e+03 9.238273e+03
1.0 9.216106e+03 9.234971e+03 9.225164e+03 9.206299e+03
2.0 9.208286e+03 9.236280e+03 9.225990e+03 9.197996e+03
3.0 9.205173e+03 9.237095e+03 9.227167e+03 9.195246e+03
4.0 9.241597e+03 9.236039e+03 9.225971e+03 9.231529e+03
5.0 9.253281e+03 9.233835e+03 9.223999e+03 9.243446e+03
6.0 9.242732e+03 9.220857e+03 9.222578e+03 9.244453e+03
7.0 9.221302e+03 9.208720e+03 9.221839e+03 9.234421e+03
8.0 9.218310e+03 9.210539e+03 9.221547e+03 9.229319e+03
9.0 9.225308e+03 9.218197e+03 9.221511e+03 9.228622e+03
10.0 9.219423e+03 9.223687e+03 9.221605e+03 9.217342e+03
11.0 9.210850e+03 9.225559e+03 9.221747e+03 9.207038e+03
12.0 9.232676e+03 9.226869e+03 9.222414e+03 9.228220e+03
13.0 9.236955e+03 9.230581e+03 9.225453e+03 9.231828e+03
14.0 9.245763e+03 9.222616e+03 9.227046e+03 9.250193e+03
15.0 9.217083e+03 9.208096e+03 9.226683e+03 9.235670e+03
16.0 9.218663e+03 9.210070e+03 9.227943e+03 9.236536e+03
17.0 9.230313e+03 9.219859e+03 9.227819e+03 9.238273e+03
18.0 9.224877e+03 9.226934e+03 9.225748e+03 9.223690e+03
19.0 9.227945e+03 9.230421e+03 9.223635e+03 9.221159e+03
20.0 9.231930e+03 9.231156e+03 9.222307e+03 9.223081e+03
21.0 9.240604e+03 9.229551e+03 9.221669e+03 9.232722e+03
0.2 9.210850e+03 9.225559e+03 9.221747e+03 9.207038e+03
1.2 9.232676e+03 9.226869e+03 9.222414e+03 9.228220e+03
2.2 9.236955e+03 9.230581e+03 9.225453e+03 9.231828e+03
3.2 9.245763e+03 9.222616e+03 9.227046e+03 9.250193e+03
4.2 9.217083e+03 9.208096e+03 9.226683e+03 9.235670e+03
5.2 9.218663e+03 9.210070e+03 9.227943e+03 9.236536e+03
6.2 9.230313e+03 9.219859e+03 9.227819e+03 9.238273e+03
7.2 9.224877e+03 9.226934e+03 9.225748e+03 9.223690e+03
8.2 9.227945e+03 9.230421e+03 9.223635e+03 9.221159e+03
9.2 9.231930e+03 9.231156e+03 9.222307e+03 9.223081e+03
10.2 9.240604e+03 9.229551e+03 9.221669e+03 9.232722e+03
11.2 9.260323e+03 9.227890e+03 9.221700e+03 9.254132e+03
12.2 9.253137e+03 9.230345e+03 9.224317e+03 9.247109e+03
13.2 9.256089e+03 9.233513e+03 9.226570e+03 9.249147e+03
0.4 9.245763e+03 9.222616e+03 9.227046e+03 9.250193e+03
1.4 9.217083e+03 9.208096e+03 9.226683e+03 9.235670e+03
2.4 9.218663e+03 9.210070e+03 9.227943e+03 9.236536e+03
3.4 9.230313e+03 9.219859e+03 9.227819e+03 9.238273e+03
4.4 9.224877e+03 9.226934e+03 9.225748e+03 9.223690e+03
5.4 9.227945e+03 9.230421e+03 9.223635e+03 9.221159e+03
6.4 9.231930e+03 9.231156e+03 9.222307e+03 9.223081e+03
7.4 9.240604e+03 9.229551e+03 9.221669e+03 9.232722e+03
8.4 9.260323e+03 9.227890e+03 9.221700e+03 9.254132e+03
9.4 9.253137e+03 9.230345e+03 9.224317e+03 9.247109e+03
10.4 9.256089e+03 9.233513e+03 9.226570e+03 9.249147e+03
1.0 9.260323e+03 9.227890e+03 9.221700e+03 9.254132e+03
2.0 9.253137e+03 9.230345e+03 9.224317e+03 9.247109e+03
3.0 9.256089e+03 9.233513e+03 9.226570e+03 9.249147e+03
