0.8 9.193689e+03 9.233430e+03 9.223497e+03 9.183757e+03
1.8 9.212312e+03 9.233691e+03 9.224626e+03 9.203248e+03
2.8 9.239839e+03 9.235845e+03 9.227798e+03 9.231792e+03
3.8 9.265536e+03 9.238192e+03 9.229657e+03 9.257001e+03
4.8 9.284932e+03 9.239601e+03 9.228453e+03 9.273784e+03
5.8 9.262254e+03 9.237847e+03 9.226318e+03 9.250724e+03
6.8 9.229322e+03 9.235948e+03 9.226081e+03 9.219456e+03
7.8 9.212000e+03 9.232874e+03 9.227434e+03 9.206561e+03
8.8 9.213260e+03 9.217773e+03 9.227108e+03 9.222596e+03
9.8 9.211826e+03 9.209658e+03 9.226178e+03 9.228347e+03
10.8 9.189642e+03 9.216445e+03 9.227616e+03 9.200813e+03
11.8 9.187949e+03 9.227055e+03 9.229421e+03 9.190315e+03
12.8 9.194587e+03 9.234922e+03 9.228531e+03 9.188197e+03
13.8 9.217129e+03 9.235087e+03 9.226274e+03 9.208316e+03
14.8 9.205812e+03 9.228745e+03 9.224420e+03 9.201487e+03
15.8 9.221489e+03 9.223868e+03 9.223362e+03 9.220984e+03
16.8 9.219442e+03 9.226065e+03 9.222888e+03 9.216264e+03
17.8 9.210747e+03 9.219851e+03 9.222765e+03 9.213660e+03
18.8 9.162106e+03 9.197268e+03 9.222836e+03 9.187673e+03
19.8 9.154785e+03 9.179763e+03 9.222988e+03 9.198010e+03
20.8 9.207889e+03 9.188275e+03 9.223148e+03 9.242762e+03
21.8 9.254710e+03 9.208093e+03 9.223276e+03 9.269892e+03
1.0 9.262254e+03 9.237847e+03 9.226318e+03 9.250724e+03
2.0 9.229322e+03 9.235948e+03 9.226081e+03 9.219456e+03
3.0 9.212000e+03 9.232874e+03 9.227434e+03 9.206561e+03
4.0 9.213260e+03 9.217773e+03 9.227108e+03 9.222596e+03
5.0 9.211826e+03 9.209658e+03 9.226178e+03 9.228347e+03
6.0 9.189642e+03 9.216445e+03 9.227616e+03 9.200813e+03
7.0 9.187949e+03 9.227055e+03 9.229421e+03 9.190315e+03
8.0 9.194587e+03 9.234922e+03 9.228531e+03 9.188197e+03
9.0 9.217129e+03 9.235087e+03 9.226274e+03 9.208316e+03
10.0 9.205812e+03 9.228745e+03 9.224420e+03 9.201487e+03
11.0 9.221489e+03 9.223868e+03 9.223362e+03 9.220984e+03
12.0 9.219442e+03 9.226065e+03 9.222888e+03 9.216264e+03
13.0 9.210747e+03 9.219851e+03 9.222765e+03 9.213660e+03
14.0 9.162106e+03 9.197268e+03 9.222836e+03 9.187673e+03
15.0 9.154785e+03 9.179763e+03 9.222988e+03 9.198010e+03
16.0 9.207889e+03 9.188275e+03 9.223148e+03 9.242762e+03
17.0 9.254710e+03 9.208093e+03 9.223276e+03 9.269892e+03
18.0 9.243734e+03 9.221732e+03 9.223362e+03 9.245364e+03
19.0 9.251603e+03 9.227362e+03 9.223414e+03 9.247654e+03
20.0 9.278445e+03 9.230178e+03 9.223442e+03 9.271708e+03
21.0 9.278486e+03 9.234899e+03 9.223455e+03 9.267042e+03
22.0 9.279329e+03 9.237356e+03 9.223462e+03 9.265435e+03
0.5 9.213260e+03 9.217773e+03 9.227108e+03 9.222596e+03
1.5 9.211826e+03 9.209658e+03 9.226178e+03 9.228347e+03
2.5 9.189642e+03 9.216445e+03 9.227616e+03 9.200813e+03
3.5 9.187949e+03 9.227055e+03 9.229421e+03 9.190315e+03
4.5 9.194587e+03 9.234922e+03 9.228531e+03 9.188197e+03
5.5 9.217129e+03 9.235087e+03 9.226274e+03 9.208316e+03
6.5 9.205812e+03 9.228745e+03 9.224420e+03 9.201487e+03
7.5 9.221489e+03 9.223868e+03 9.223362e+03 9.220984e+03
8.5 9.219442e+03 9.226065e+03 9.222888e+03 9.216264e+03
9.5 9.210747e+03 9.219851e+03 9.222765e+03 9.213660e+03
10.5 9.162106e+03 9.197268e+03 9.222836e+03 9.187673e+03
11.5 9.154785e+03 9.179763e+03 9.222988e+03 9.198010e+03
12.5 9.207889e+03 9.188275e+03 9.223148e+03 9.242762e+03
13.5 9.254710e+03 9.208093e+03 9.223276e+03 9.269892e+03
14.5 9.243734e+03 9.221732e+03 9.223362e+03 9.245364e+03
15.5 9.251603e+03 9.227362e+03 9.223414e+03 9.247654e+03
16.5 9.278445e+03 9.230178e+03 9.223442e+03 9.271708e+03
17.5 9.278486e+03 9.234899e+03 9.223455e+03 9.267042e+03
18.5 9.279329e+03 9.237356e+03 9.223462e+03 9.265435e+03
19.5 9.274907e+03 9.236287e+03 9.223465e+03 9.262085e+03
20.5 9.231877e+03 9.234129e+03 9.223466e+03 9.221214e+03
21.5 9.215384e+03 9.232372e+03 9.223466e+03 9.206478e+03
1.0 9.171776e+03 9.231605e+03 9.223575e+03 9.163745e+03
2.0 9.165182e+03 9.232477e+03 9.225174e+03 9.157879e+03
3.0 9.185088e+03 9.231079e+03 9.227455e+03 9.181464e+03
4.0 9.202150e+03 9.216930e+03 9.227467e+03 9.212687e+03
5.0 9.219817e+03 9.209641e+03 9.226074e+03 9.236249e+03
6.0 9.264309e+03 9.215617e+03 9.226067e+03 9.274759e+03
7.0 9.295916e+03 9.226170e+03 9.228464e+03 9.298209e+03
8.0 9.263963e+03 9.226491e+03 9.229565e+03 9.267036e+03
9.0 9.241611e+03 9.214418e+03 9.227953e+03 9.255146e+03
10.0 9.251267e+03 9.212011e+03 9.225695e+03 9.264951e+03
11.0 9.269729e+03 9.218333e+03 9.224097e+03 9.275494e+03
12.0 9.287708e+03 9.224932e+03 9.223240e+03 9.286016e+03
13.0 9.280925e+03 9.229029e+03 9.222878e+03 9.274774e+03
14.0 9.246249e+03 9.231106e+03 9.222811e+03 9.237954e+03
15.0 9.250563e+03 9.232055e+03 9.222903e+03 9.241412e+03
16.0 9.247681e+03 9.232975e+03 9.223055e+03 9.237761e+03
17.0 9.246701e+03 9.233998e+03 9.223201e+03 9.235904e+03
18.0 9.244780e+03 9.236109e+03 9.223312e+03 9.231983e+03
19.0 9.252917e+03 9.235557e+03 9.223384e+03 9.240743e+03
20.0 9.258493e+03 9.230779e+03 9.223426e+03 9.251140e+03
21.0 9.249728e+03 9.230360e+03 9.223448e+03 9.242816e+03
22.0 9.255232e+03 9.231957e+03 9.223458e+03 9.246734e+03
0.9 9.219817e+03 9.209641e+03 9.226074e+03 9.236249e+03
1.9 9.264309e+03 9.215617e+03 9.226067e+03 9.274759e+03
2.9 9.295916e+03 9.226170e+03 9.228464e+03 9.298209e+03
3.9 9.263963e+03 9.226491e+03 9.229565e+03 9.267036e+03
4.9 9.241611e+03 9.214418e+03 9.227953e+03 9.255146e+03
5.9 9.251267e+03 9.212011e+03 9.225695e+03 9.264951e+03
6.9 9.269729e+03 9.218333e+03 9.224097e+03 9.275494e+03
7.9 9.287708e+03 9.224932e+03 9.223240e+03 9.286016e+03
8.9 9.280925e+03 9.229029e+03 9.222878e+03 9.274774e+03
9.9 9.246249e+03 9.231106e+03 9.222811e+03 9.237954e+03
10.9 9.250563e+03 9.232055e+03 9.222903e+03 9.241412e+03
11.9 9.247681e+03 9.232975e+03 9.223055e+03 9.237761e+03
12.9 9.246701e+03 9.233998e+03 9.223201e+03 9.235904e+03
13.9 9.244780e+03 9.236109e+03 9.223312e+03 9.231983e+03
14.9 9.252917e+03 9.235557e+03 9.223384e+03 9.240743e+03
15.9 9.258493e+03 9.230779e+03 9.223426e+03 9.251140e+03
16.9 9.249728e+03 9.230360e+03 9.223448e+03 9.242816e+03
17.9 9.255232e+03 9.231957e+03 9.223458e+03 9.246734e+03
18.9 9.257584e+03 9.230491e+03 9.223463e+03 9.250556e+03
19.9 9.230978e+03 9.227412e+03 9.223465e+03 9.227032e+03
20.9 9.226302e+03 9.227227e+03 9.223466e+03 9.222542e+03
21.9 9.245539e+03 9.230672e+03 9.223466e+03 9.238333e+03
0.6 9.206153e+03 9.216205e+03 9.223475e+03 9.213423e+03
1.6 9.230858e+03 9.225788e+03 9.224261e+03 9.229331e+03
2.6 9.264609e+03 9.233062e+03 9.226727e+03 9.258274e+03
3.6 9.305192e+03 9.238487e+03 9.227746e+03 9.294451e+03
4.6 9.286233e+03 9.240526e+03 9.226649e+03 9.272355e+03
5.6 9.251418e+03 9.238408e+03 9.225122e+03 9.238132e+03
6.6 9.254941e+03 9.235040e+03 9.224038e+03 9.243940e+03
7.6 9.272791e+03 9.232360e+03 9.223432e+03 9.263863e+03
8.6 9.277241e+03 9.230705e+03 9.223152e+03 9.269688e+03
9.6 9.295331e+03 9.230013e+03 9.223078e+03 9.288396e+03
10.6 9.301337e+03 9.230388e+03 9.223121e+03 9.294069e+03
11.6 9.252339e+03 9.223262e+03 9.223210e+03 9.252288e+03
12.6 9.211146e+03 9.209907e+03 9.223300e+03 9.224539e+03
13.6 9.209143e+03 9.209010e+03 9.223370e+03 9.223503e+03
14.6 9.224587e+03 9.216146e+03 9.223415e+03 9.231857e+03
15.6 9.255421e+03 9.214558e+03 9.223441e+03 9.264305e+03
16.6 9.254103e+03 9.197362e+03 9.223455e+03 9.280195e+03
17.6 9.255823e+03 9.190549e+03 9.223461e+03 9.288736e+03
18.6 9.234456e+03 9.203909e+03 9.223464e+03 9.254011e+03
19.6 9.187973e+03 9.219331e+03 9.223466e+03 9.192107e+03
20.6 9.146791e+03 9.228516e+03 9.223466e+03 9.141742e+03
21.6 9.173109e+03 9.232742e+03 9.223466e+03 9.163833e+03
0.3 9.219734e+03 9.234219e+03 9.223467e+03 9.208981e+03
1.3 9.231895e+03 9.233727e+03 9.223767e+03 9.221934e+03
2.3 9.252062e+03 9.234987e+03 9.226038e+03 9.243113e+03
3.3 9.255193e+03 9.237787e+03 9.229722e+03 9.247127e+03
4.3 9.254348e+03 9.239690e+03 9.231355e+03 9.246013e+03
5.3 9.223570e+03 9.240502e+03 9.229597e+03 9.212665e+03
6.3 9.202310e+03 9.237340e+03 9.226799e+03 9.191769e+03
7.3 9.213066e+03 9.231527e+03 9.224669e+03 9.206208e+03
8.3 9.228675e+03 9.227923e+03 9.223445e+03 9.224197e+03
9.3 9.264852e+03 9.229918e+03 9.222875e+03 9.257809e+03
10.3 9.266403e+03 9.231137e+03 9.222718e+03 9.257984e+03
11.3 9.216377e+03 9.230224e+03 9.222791e+03 9.208945e+03
12.3 9.195619e+03 9.232245e+03 9.222960e+03 9.186334e+03
13.3 9.207444e+03 9.229177e+03 9.223134e+03 9.201401e+03
14.3 9.212956e+03 9.212085e+03 9.223271e+03 9.224141e+03
15.3 9.221496e+03 9.204972e+03 9.223361e+03 9.239885e+03
16.3 9.239067e+03 9.213376e+03 9.223414e+03 9.249105e+03
17.3 9.245083e+03 9.222820e+03 9.223442e+03 9.245705e+03
18.3 9.225276e+03 9.228698e+03 9.223456e+03 9.220034e+03
19.3 9.214512e+03 9.232517e+03 9.223462e+03 9.205456e+03
20.3 9.243136e+03 9.235409e+03 9.223465e+03 9.231192e+03
21.3 9.282003e+03 9.238248e+03 9.223474e+03 9.267229e+03
0.6 9.282003e+03 9.238248e+03 9.223474e+03 9.267229e+03
1.6 9.302213e+03 9.238665e+03 9.224260e+03 9.287808e+03
2.6 9.277807e+03 9.237828e+03 9.226727e+03 9.266706e+03
3.6 9.234338e+03 9.225586e+03 9.227746e+03 9.236498e+03
4.6 9.195743e+03 9.211888e+03 9.226869e+03 9.210724e+03
5.6 9.198827e+03 9.213757e+03 9.227301e+03 9.212371e+03
6.6 9.186339e+03 9.217857e+03 9.228294e+03 9.196775e+03
7.6 9.177803e+03 9.209639e+03 9.227344e+03 9.195508e+03
8.6 9.182102e+03 9.208308e+03 9.225511e+03 9.199304e+03
9.6 9.188452e+03 9.215955e+03 9.224089e+03 9.196586e+03
10.6 9.215796e+03 9.224031e+03 9.223311e+03 9.215076e+03
11.6 9.254888e+03 9.229094e+03 9.222984e+03 9.248778e+03
12.6 9.271218e+03 9.231565e+03 9.222917e+03 9.262569e+03
13.6 9.248701e+03 9.232458e+03 9.222986e+03 9.239230e+03
14.6 9.225281e+03 9.232387e+03 9.223110e+03 9.216004e+03
15.6 9.224567e+03 9.230150e+03 9.223232e+03 9.217649e+03
16.6 9.244295e+03 9.224915e+03 9.223327e+03 9.242707e+03
17.6 9.248531e+03 9.220784e+03 9.223391e+03 9.251138e+03
18.6 9.268832e+03 9.223590e+03 9.223429e+03 9.268671e+03
19.6 9.227340e+03 9.220683e+03 9.223449e+03 9.230106e+03
20.6 9.175806e+03 9.200244e+03 9.223459e+03 9.199021e+03
21.6 9.162531e+03 9.180988e+03 9.223463e+03 9.205006e+03
0.2 9.234338e+03 9.225586e+03 9.227746e+03 9.236498e+03
1.2 9.195743e+03 9.211888e+03 9.226869e+03 9.210724e+03
2.2 9.198827e+03 9.213757e+03 9.227301e+03 9.212371e+03
3.2 9.186339e+03 9.217857e+03 9.228294e+03 9.196775e+03
4.2 9.177803e+03 9.209639e+03 9.227344e+03 9.195508e+03
5.2 9.182102e+03 9.208308e+03 9.225511e+03 9.199304e+03
6.2 9.188452e+03 9.215955e+03 9.224089e+03 9.196586e+03
7.2 9.215796e+03 9.224031e+03 9.223311e+03 9.215076e+03
8.2 9.254888e+03 9.229094e+03 9.222984e+03 9.248778e+03
9.2 9.271218e+03 9.231565e+03 9.222917e+03 9.262569e+03
10.2 9.248701e+03 9.232458e+03 9.222986e+03 9.239230e+03
11.2 9.225281e+03 9.232387e+03 9.223110e+03 9.216004e+03
12.2 9.224567e+03 9.230150e+03 9.223232e+03 9.217649e+03
13.2 9.244295e+03 9.224915e+03 9.223327e+03 9.242707e+03
14.2 9.248531e+03 9.220784e+03 9.223391e+03 9.251138e+03
15.2 9.268832e+03 9.223590e+03 9.223429e+03 9.268671e+03
16.2 9.227340e+03 9.220683e+03 9.223449e+03 9.230106e+03
17.2 9.175806e+03 9.200244e+03 9.223459e+03 9.199021e+03
18.2 9.162531e+03 9.180988e+03 9.223463e+03 9.205006e+03
19.2 9.181352e+03 9.186761e+03 9.223465e+03 9.218056e+03
20.2 9.183601e+03 9.206444e+03 9.223466e+03 9.200623e+03
21.2 9.191513e+03 9.221970e+03 9.223466e+03 9.193009e+03
0.7 9.232851e+03 9.209669e+03 9.223484e+03 9.246665e+03
1.7 9.248587e+03 9.202460e+03 9.224435e+03 9.270561e+03
2.7 9.232201e+03 9.211010e+03 9.227606e+03 9.248797e+03
3.7 9.202705e+03 9.224782e+03 9.230840e+03 9.208763e+03
4.7 9.203445e+03 9.235046e+03 9.230806e+03 9.199206e+03
5.7 9.203289e+03 9.239736e+03 9.228279e+03 9.191832e+03
6.7 9.216120e+03 9.238970e+03 9.225703e+03 9.202853e+03
7.7 9.198237e+03 9.236135e+03 9.224017e+03 9.186119e+03
8.7 9.195626e+03 9.233463e+03 9.223129e+03 9.185292e+03
9.7 9.205465e+03 9.227853e+03 9.222773e+03 9.200385e+03
10.7 9.200465e+03 9.208445e+03 9.222739e+03 9.214760e+03
11.7 9.184640e+03 9.189582e+03 9.222868e+03 9.217927e+03
12.7 9.185508e+03 9.194534e+03 9.223046e+03 9.214020e+03
13.7 9.205040e+03 9.210836e+03 9.223204e+03 9.217409e+03
14.7 9.211165e+03 9.223245e+03 9.223318e+03 9.211238e+03
15.7 9.207411e+03 9.229851e+03 9.223389e+03 9.200950e+03
16.7 9.211289e+03 9.227915e+03 9.223429e+03 9.206803e+03
17.7 9.184575e+03 9.209219e+03 9.223450e+03 9.198806e+03
18.7 9.189133e+03 9.189246e+03 9.223459e+03 9.223347e+03
19.7 9.172909e+03 9.179273e+03 9.223464e+03 9.217100e+03
20.7 9.162149e+03 9.187555e+03 9.223465e+03 9.198060e+03
21.7 9.169957e+03 9.206387e+03 9.223466e+03 9.187037e+03
