0.3 9.839325e+03 9.810636e+03 9.804552e+03 9.833241e+03
1.3 9.842764e+03 9.812362e+03 9.803661e+03 9.834062e+03
2.3 9.810829e+03 9.806423e+03 9.799144e+03 9.803550e+03
3.3 9.791772e+03 9.801524e+03 9.796958e+03 9.787207e+03
4.3 9.794562e+03 9.807013e+03 9.798803e+03 9.786352e+03
5.3 9.797323e+03 9.814799e+03 9.801528e+03 9.784052e+03
6.3 9.808150e+03 9.816300e+03 9.803477e+03 9.795328e+03
7.3 9.800925e+03 9.812890e+03 9.804571e+03 9.792605e+03
8.3 9.804129e+03 9.808819e+03 9.805084e+03 9.800394e+03
9.3 9.780297e+03 9.806066e+03 9.805230e+03 9.779461e+03
10.3 9.800216e+03 9.805329e+03 9.805164e+03 9.800050e+03
11.3 9.787217e+03 9.802149e+03 9.805009e+03 9.790076e+03
12.3 9.788020e+03 9.794884e+03 9.804849e+03 9.797985e+03
13.3 9.789546e+03 9.789585e+03 9.804726e+03 9.804687e+03
14.3 9.801452e+03 9.792174e+03 9.804644e+03 9.813922e+03
15.3 9.829873e+03 9.797707e+03 9.804598e+03 9.836764e+03
16.3 9.818796e+03 9.801682e+03 9.804573e+03 9.821687e+03
17.3 9.822874e+03 9.804213e+03 9.804561e+03 9.823222e+03
18.3 9.806567e+03 9.805747e+03 9.804556e+03 9.805376e+03
19.3 9.800320e+03 9.807230e+03 9.804553e+03 9.797644e+03
20.3 9.815542e+03 9.807078e+03 9.804553e+03 9.813017e+03
0.6 9.786574e+03 9.803459e+03 9.804523e+03 9.787637e+03
1.6 9.802966e+03 9.801664e+03 9.802229e+03 9.803530e+03
2.6 9.788526e+03 9.796752e+03 9.797752e+03 9.789527e+03
3.6 9.808755e+03 9.795700e+03 9.797336e+03 9.810391e+03
4.6 9.869830e+03 9.798254e+03 9.799852e+03 9.871427e+03
5.6 9.798604e+03 9.801499e+03 9.802365e+03 9.799471e+03
6.6 9.815591e+03 9.804461e+03 9.803968e+03 9.815097e+03
7.6 9.823391e+03 9.806388e+03 9.804816e+03 9.821819e+03
8.6 9.815599e+03 9.806019e+03 9.805172e+03 9.814752e+03
9.6 9.813559e+03 9.804842e+03 9.805223e+03 9.813939e+03
10.6 9.804837e+03 9.804466e+03 9.805111e+03 9.805482e+03
11.6 9.810092e+03 9.804691e+03 9.804947e+03 9.810348e+03
12.6 9.804233e+03 9.805437e+03 9.804798e+03 9.803595e+03
13.6 9.814004e+03 9.806255e+03 9.804691e+03 9.812440e+03
14.6 9.799680e+03 9.805459e+03 9.804624e+03 9.798845e+03
15.6 9.791764e+03 9.803950e+03 9.804586e+03 9.792400e+03
16.6 9.788093e+03 9.803054e+03 9.804567e+03 9.789607e+03
17.6 9.792156e+03 9.806570e+03 9.804558e+03 9.790144e+03
18.6 9.801973e+03 9.811170e+03 9.803487e+03 9.794290e+03
19.6 9.805600e+03 9.806543e+03 9.798893e+03 9.797950e+03
20.6 9.791028e+03 9.801049e+03 9.796982e+03 9.786961e+03
0.3 9.792156e+03 9.806570e+03 9.804558e+03 9.790144e+03
1.3 9.801973e+03 9.811170e+03 9.803487e+03 9.794290e+03
2.3 9.805600e+03 9.806543e+03 9.798893e+03 9.797950e+03
3.3 9.791028e+03 9.801049e+03 9.796982e+03 9.786961e+03
4.3 9.845382e+03 9.803114e+03 9.798961e+03 9.841229e+03
5.3 9.825198e+03 9.812157e+03 9.801643e+03 9.814684e+03
6.3 9.833031e+03 9.814839e+03 9.801368e+03 9.819560e+03
7.3 9.804120e+03 9.807215e+03 9.797898e+03 9.794803e+03
8.3 9.815203e+03 9.801295e+03 9.797839e+03 9.811747e+03
9.3 9.820246e+03 9.799750e+03 9.800449e+03 9.820946e+03
10.3 9.825618e+03 9.799981e+03 9.802909e+03 9.828546e+03
11.3 9.798266e+03 9.800511e+03 9.804381e+03 9.802136e+03
12.3 9.810008e+03 9.801046e+03 9.805089e+03 9.814051e+03
13.3 9.814739e+03 9.801639e+03 9.805335e+03 9.818435e+03
14.3 9.816909e+03 9.802812e+03 9.805313e+03 9.819411e+03
15.3 9.801004e+03 9.804250e+03 9.805159e+03 9.801913e+03
16.3 9.793182e+03 9.805968e+03 9.804972e+03 9.792186e+03
17.3 9.781871e+03 9.806916e+03 9.804811e+03 9.779766e+03
18.3 9.786840e+03 9.806591e+03 9.804697e+03 9.784945e+03
19.3 9.837698e+03 9.806806e+03 9.804626e+03 9.835518e+03
20.3 9.797660e+03 9.806595e+03 9.804588e+03 9.795653e+03
0.6 9.825198e+03 9.812157e+03 9.801643e+03 9.814684e+03
1.6 9.833031e+03 9.814839e+03 9.801368e+03 9.819560e+03
2.6 9.804120e+03 9.807215e+03 9.797898e+03 9.794803e+03
3.6 9.815203e+03 9.801295e+03 9.797839e+03 9.811747e+03
4.6 9.820246e+03 9.799750e+03 9.800449e+03 9.820946e+03
5.6 9.825618e+03 9.799981e+03 9.802909e+03 9.828546e+03
6.6 9.798266e+03 9.800511e+03 9.804381e+03 9.802136e+03
7.6 9.810008e+03 9.801046e+03 9.805089e+03 9.814051e+03
8.6 9.814739e+03 9.801639e+03 9.805335e+03 9.818435e+03
9.6 9.816909e+03 9.802812e+03 9.805313e+03 9.819411e+03
10.6 9.801004e+03 9.804250e+03 9.805159e+03 9.801913e+03
11.6 9.793182e+03 9.805968e+03 9.804972e+03 9.792186e+03
12.6 9.781871e+03 9.806916e+03 9.804811e+03 9.779766e+03
13.6 9.786840e+03 9.806591e+03 9.804697e+03 9.784945e+03
14.6 9.837698e+03 9.806806e+03 9.804626e+03 9.835518e+03
15.6 9.797660e+03 9.806595e+03 9.804588e+03 9.795653e+03
16.6 9.820387e+03 9.805768e+03 9.804568e+03 9.819187e+03
17.6 9.791749e+03 9.805225e+03 9.804559e+03 9.791083e+03
18.6 9.787424e+03 9.805304e+03 9.804555e+03 9.786674e+03
19.6 9.807705e+03 9.806119e+03 9.804553e+03 9.806139e+03
20.6 9.819918e+03 9.806058e+03 9.804552e+03 9.818412e+03
0.7 9.841301e+03 9.801954e+03 9.804505e+03 9.843852e+03
1.7 9.811660e+03 9.800204e+03 9.801959e+03 9.813415e+03
2.7 9.790570e+03 9.795867e+03 9.797596e+03 9.792300e+03
3.7 9.786971e+03 9.795409e+03 9.797436e+03 9.788998e+03
4.7 9.765711e+03 9.797650e+03 9.800013e+03 9.768074e+03
5.7 9.822296e+03 9.797803e+03 9.802482e+03 9.826974e+03
6.7 9.810215e+03 9.793962e+03 9.804034e+03 9.820287e+03
7.7 9.793615e+03 9.793008e+03 9.804847e+03 9.805455e+03
8.7 9.812780e+03 9.797440e+03 9.805182e+03 9.820523e+03
9.7 9.800272e+03 9.801377e+03 9.805220e+03 9.804116e+03
10.7 9.782784e+03 9.803038e+03 9.805102e+03 9.784848e+03
11.7 9.806593e+03 9.803456e+03 9.804938e+03 9.808075e+03
12.7 9.800016e+03 9.803415e+03 9.804791e+03 9.801392e+03
13.7 9.786346e+03 9.803189e+03 9.804686e+03 9.787843e+03
14.7 9.799033e+03 9.803679e+03 9.804621e+03 9.799975e+03
15.7 9.806461e+03 9.809341e+03 9.804585e+03 9.801705e+03
16.7 9.832431e+03 9.818763e+03 9.804567e+03 9.818234e+03
17.7 9.825206e+03 9.823449e+03 9.804558e+03 9.806315e+03
18.7 9.805324e+03 9.820689e+03 9.804555e+03 9.789190e+03
19.7 9.779190e+03 9.814513e+03 9.804553e+03 9.769231e+03
20.7 9.799749e+03 9.809157e+03 9.804552e+03 9.795145e+03
0.9 9.809829e+03 9.813056e+03 9.804343e+03 9.801116e+03
1.9 9.806751e+03 9.810732e+03 9.800819e+03 9.796837e+03
2.9 9.799011e+03 9.803864e+03 9.797140e+03 9.792287e+03
3.9 9.808170e+03 9.805316e+03 9.797911e+03 9.800765e+03
4.9 9.813311e+03 9.808904e+03 9.799063e+03 9.803469e+03
5.9 9.811912e+03 9.804056e+03 9.796684e+03 9.804540e+03
6.9 9.817544e+03 9.799496e+03 9.796821e+03 9.814869e+03
7.9 9.786081e+03 9.798839e+03 9.799771e+03 9.787014e+03
8.9 9.781552e+03 9.799780e+03 9.802654e+03 9.784427e+03
9.9 9.824153e+03 9.800737e+03 9.804405e+03 9.827822e+03
10.9 9.796015e+03 9.801419e+03 9.805225e+03 9.799821e+03
11.9 9.816240e+03 9.801884e+03 9.805486e+03 9.819843e+03
12.9 9.810709e+03 9.802183e+03 9.805440e+03 9.813967e+03
13.9 9.782228e+03 9.802653e+03 9.805252e+03 9.784826e+03
14.9 9.805177e+03 9.803558e+03 9.805034e+03 9.806652e+03
15.9 9.790786e+03 9.804409e+03 9.804849e+03 9.791226e+03
16.9 9.831133e+03 9.805700e+03 9.804718e+03 9.830151e+03
17.9 9.802020e+03 9.804197e+03 9.804638e+03 9.802460e+03
18.9 9.786869e+03 9.797495e+03 9.804593e+03 9.793967e+03
19.9 9.802286e+03 9.791320e+03 9.804571e+03 9.815536e+03
20.9 9.792342e+03 9.792671e+03 9.804560e+03 9.804231e+03
0.5 9.808170e+03 9.805316e+03 9.797911e+03 9.800765e+03
1.5 9.813311e+03 9.808904e+03 9.799063e+03 9.803469e+03
2.5 9.811912e+03 9.804056e+03 9.796684e+03 9.804540e+03
3.5 9.817544e+03 9.799496e+03 9.796821e+03 9.814869e+03
4.5 9.786081e+03 9.798839e+03 9.799771e+03 9.787014e+03
5.5 9.781552e+03 9.799780e+03 9.802654e+03 9.784427e+03
6.5 9.824153e+03 9.800737e+03 9.804405e+03 9.827822e+03
7.5 9.796015e+03 9.801419e+03 9.805225e+03 9.799821e+03
8.5 9.816240e+03 9.801884e+03 9.805486e+03 9.819843e+03
9.5 9.810709e+03 9.802183e+03 9.805440e+03 9.813967e+03
10.5 9.782228e+03 9.802653e+03 9.805252e+03 9.784826e+03
11.5 9.805177e+03 9.803558e+03 9.805034e+03 9.806652e+03
12.5 9.790786e+03 9.804409e+03 9.804849e+03 9.791226e+03
13.5 9.831133e+03 9.805700e+03 9.804718e+03 9.830151e+03
14.5 9.802020e+03 9.804197e+03 9.804638e+03 9.802460e+03
15.5 9.786869e+03 9.797495e+03 9.804593e+03 9.793967e+03
16.5 9.802286e+03 9.791320e+03 9.804571e+03 9.815536e+03
17.5 9.792342e+03 9.792671e+03 9.804560e+03 9.804231e+03
18.5 9.789608e+03 9.797804e+03 9.804555e+03 9.796360e+03
19.5 9.788661e+03 9.801204e+03 9.804553e+03 9.792010e+03
20.5 9.764968e+03 9.802637e+03 9.804552e+03 9.766883e+03
0.6 9.812670e+03 9.804068e+03 9.804529e+03 9.813131e+03
1.6 9.803270e+03 9.802368e+03 9.802360e+03 9.803262e+03
2.6 9.813330e+03 9.797395e+03 9.797837e+03 9.813772e+03
3.6 9.788427e+03 9.796501e+03 9.797290e+03 9.789216e+03
4.6 9.771404e+03 9.799467e+03 9.799771e+03 9.771708e+03
5.6 9.803812e+03 9.803485e+03 9.802305e+03 9.802633e+03
6.6 9.793365e+03 9.805539e+03 9.803934e+03 9.791760e+03
7.6 9.782893e+03 9.805218e+03 9.804800e+03 9.782475e+03
8.6 9.808551e+03 9.804295e+03 9.805167e+03 9.809423e+03
9.6 9.815681e+03 9.804182e+03 9.805224e+03 9.816723e+03
10.6 9.810463e+03 9.805099e+03 9.805115e+03 9.810479e+03
11.6 9.817694e+03 9.806224e+03 9.804952e+03 9.816422e+03
12.6 9.820417e+03 9.805672e+03 9.804802e+03 9.819547e+03
13.6 9.782635e+03 9.804732e+03 9.804693e+03 9.782596e+03
14.6 9.803524e+03 9.804420e+03 9.804625e+03 9.803729e+03
15.6 9.813980e+03 9.805271e+03 9.804587e+03 9.813296e+03
16.6 9.848905e+03 9.805870e+03 9.804568e+03 9.847603e+03
17.6 9.791489e+03 9.804899e+03 9.804559e+03 9.791149e+03
18.6 9.843379e+03 9.803752e+03 9.804555e+03 9.844182e+03
19.6 9.784188e+03 9.803582e+03 9.804553e+03 9.785159e+03
20.6 9.789824e+03 9.803700e+03 9.804374e+03 9.790498e+03
0.9 9.789824e+03 9.803700e+03 9.804374e+03 9.790498e+03
1.9 9.821918e+03 9.800102e+03 9.800964e+03 9.822780e+03
2.9 9.815688e+03 9.798133e+03 9.797182e+03 9.814737e+03
3.9 9.806145e+03 9.806503e+03 9.797850e+03 9.797492e+03
4.9 9.805068e+03 9.817406e+03 9.800568e+03 9.788230e+03
5.9 9.844144e+03 9.820791e+03 9.802865e+03 9.826218e+03
6.9 9.795254e+03 9.817093e+03 9.804246e+03 9.782407e+03
7.9 9.815210e+03 9.810889e+03 9.804946e+03 9.809267e+03
8.9 9.830460e+03 9.805741e+03 9.805208e+03 9.829927e+03
9.9 9.848923e+03 9.802559e+03 9.805205e+03 9.851568e+03
10.9 9.798103e+03 9.800079e+03 9.805070e+03 9.803094e+03
11.9 9.784457e+03 9.795109e+03 9.804906e+03 9.794254e+03
12.9 9.783292e+03 9.790897e+03 9.804766e+03 9.797161e+03
13.9 9.806506e+03 9.793546e+03 9.804670e+03 9.817630e+03
14.9 9.802462e+03 9.798543e+03 9.804612e+03 9.808531e+03
15.9 9.785723e+03 9.801506e+03 9.804580e+03 9.788797e+03
16.9 9.801853e+03 9.802678e+03 9.804564e+03 9.803740e+03
17.9 9.797540e+03 9.801845e+03 9.804557e+03 9.800253e+03
18.9 9.797384e+03 9.797062e+03 9.804554e+03 9.804876e+03
19.9 9.823897e+03 9.791800e+03 9.803486e+03 9.835584e+03
20.9 9.788963e+03 9.788143e+03 9.798893e+03 9.799713e+03
0.3 9.797384e+03 9.797062e+03 9.804554e+03 9.804876e+03
1.3 9.823897e+03 9.791800e+03 9.803486e+03 9.835584e+03
2.3 9.788963e+03 9.788143e+03 9.798893e+03 9.799713e+03
3.3 9.755207e+03 9.789836e+03 9.796982e+03 9.762353e+03
4.3 9.792653e+03 9.795704e+03 9.798961e+03 9.795911e+03
5.3 9.789156e+03 9.800509e+03 9.801004e+03 9.789651e+03
6.3 9.799339e+03 9.798831e+03 9.798548e+03 9.799056e+03
7.3 9.771646e+03 9.796857e+03 9.797012e+03 9.771801e+03
8.3 9.789696e+03 9.798452e+03 9.799117e+03 9.790362e+03
9.3 9.806737e+03 9.801482e+03 9.801995e+03 9.807251e+03
10.3 9.792162e+03 9.803878e+03 9.803951e+03 9.792235e+03
11.3 9.783767e+03 9.805851e+03 9.804950e+03 9.782866e+03
12.3 9.792757e+03 9.807106e+03 9.805346e+03 9.790997e+03
13.3 9.844533e+03 9.806688e+03 9.805396e+03 9.843241e+03
14.3 9.822042e+03 9.806015e+03 9.805263e+03 9.821290e+03
15.3 9.779263e+03 9.805938e+03 9.805067e+03 9.778391e+03
16.3 9.793010e+03 9.806543e+03 9.804882e+03 9.791349e+03
17.3 9.830888e+03 9.806109e+03 9.804743e+03 9.829522e+03
18.3 9.808142e+03 9.805497e+03 9.804653e+03 9.807298e+03
19.3 9.811202e+03 9.805985e+03 9.804602e+03 9.809819e+03
20.3 9.790065e+03 9.806244e+03 9.804575e+03 9.788396e+03
0.2 9.792653e+03 9.795704e+03 9.798961e+03 9.795911e+03
1.2 9.789156e+03 9.800509e+03 9.801004e+03 9.789651e+03
2.2 9.799339e+03 9.798831e+03 9.798548e+03 9.799056e+03
3.2 9.771646e+03 9.796857e+03 9.797012e+03 9.771801e+03
4.2 9.789696e+03 9.798452e+03 9.799117e+03 9.790362e+03
5.2 9.806737e+03 9.801482e+03 9.801995e+03 9.807251e+03
6.2 9.792162e+03 9.803878e+03 9.803951e+03 9.792235e+03
7.2 9.783767e+03 9.805851e+03 9.804950e+03 9.782866e+03
8.2 9.792757e+03 9.807106e+03 9.805346e+03 9.790997e+03
9.2 9.844533e+03 9.806688e+03 9.805396e+03 9.843241e+03
10.2 9.822042e+03 9.806015e+03 9.805263e+03 9.821290e+03
11.2 9.779263e+03 9.805938e+03 9.805067e+03 9.778391e+03
12.2 9.793010e+03 9.806543e+03 9.804882e+03 9.791349e+03
13.2 9.830888e+03 9.806109e+03 9.804743e+03 9.829522e+03
14.2 9.808142e+03 9.805497e+03 9.804653e+03 9.807298e+03
15.2 9.811202e+03 9.805985e+03 9.804602e+03 9.809819e+03
16.2 9.790065e+03 9.806244e+03 9.804575e+03 9.788396e+03
17.2 9.821468e+03 9.805747e+03 9.804562e+03 9.820283e+03
18.2 9.826281e+03 9.805040e+03 9.804275e+03 9.825517e+03
19.2 9.839509e+03 9.800406e+03 9.800530e+03 9.839633e+03
20.2 9.786716e+03 9.795767e+03 9.797070e+03 9.788019e+03
1.0 9.826281e+03 9.805040e+03 9.804275e+03 9.825517e+03
2.0 9.839509e+03 9.800406e+03 9.800530e+03 9.839633e+03
3.0 9.786716e+03 9.795767e+03 9.797070e+03 9.788019e+03
4.0 9.781528e+03 9.795855e+03 9.798053e+03 9.783726e+03
5.0 9.771347e+03 9.798176e+03 9.800799e+03 9.773969e+03
6.0 9.798547e+03 9.800762e+03 9.803018e+03 9.800803e+03
7.0 9.792776e+03 9.803145e+03 9.804329e+03 9.793960e+03
8.0 9.802028e+03 9.804870e+03 9.804983e+03 9.802141e+03
9.0 9.817583e+03 9.806407e+03 9.805216e+03 9.816392e+03
10.0 9.787849e+03 9.803856e+03 9.805196e+03 9.789189e+03
11.0 9.802200e+03 9.799182e+03 9.805056e+03 9.808075e+03
12.0 9.799668e+03 9.799503e+03 9.804892e+03 9.805057e+03
13.0 9.792887e+03 9.801545e+03 9.804756e+03 9.796098e+03
14.0 9.766623e+03 9.802429e+03 9.804664e+03 9.768858e+03
15.0 9.774547e+03 9.802559e+03 9.804608e+03 9.776596e+03
16.0 9.806237e+03 9.802905e+03 9.804578e+03 9.807911e+03
17.0 9.811054e+03 9.803857e+03 9.804564e+03 9.811761e+03
18.0 9.780020e+03 9.804765e+03 9.804557e+03 9.779811e+03
19.0 9.799449e+03 9.806063e+03 9.804554e+03 9.797940e+03
20.0 9.797940e+03 9.806495e+03 9.804553e+03 9.795998e+03
