0.8 1.031515e+04 1.034689e+04 1.033221e+04 1.030047e+04
1.8 1.029389e+04 1.032563e+04 1.033514e+04 1.030340e+04
2.8 1.034275e+04 1.031617e+04 1.034338e+04 1.036996e+04
3.8 1.036353e+04 1.032472e+04 1.034821e+04 1.038703e+04
4.8 1.035457e+04 1.035123e+04 1.034508e+04 1.034843e+04
5.8 1.034555e+04 1.035208e+04 1.033954e+04 1.033300e+04
6.8 1.028743e+04 1.033569e+04 1.033892e+04 1.029067e+04
7.8 1.029465e+04 1.032670e+04 1.034244e+04 1.031038e+04
8.8 1.034394e+04 1.033754e+04 1.034159e+04 1.034798e+04
9.8 1.031930e+04 1.034057e+04 1.033917e+04 1.031791e+04
10.8 1.030508e+04 1.033315e+04 1.034291e+04 1.031484e+04
11.8 1.029450e+04 1.033074e+04 1.034760e+04 1.031136e+04
12.8 1.035040e+04 1.035263e+04 1.034529e+04 1.034305e+04
13.8 1.035168e+04 1.036261e+04 1.033942e+04 1.032850e+04
14.8 1.032157e+04 1.035164e+04 1.033460e+04 1.030453e+04
15.8 1.032608e+04 1.034053e+04 1.033185e+04 1.031740e+04
16.8 1.036025e+04 1.035540e+04 1.033062e+04 1.033547e+04
17.8 1.035921e+04 1.035999e+04 1.033030e+04 1.032952e+04
18.8 1.031171e+04 1.034286e+04 1.033049e+04 1.029934e+04
19.8 1.030206e+04 1.032645e+04 1.033088e+04 1.030649e+04
20.8 1.036021e+04 1.034135e+04 1.033130e+04 1.035016e+04
21.8 1.038194e+04 1.035250e+04 1.033163e+04 1.036107e+04
1.0 1.034555e+04 1.035208e+04 1.033954e+04 1.033300e+04
2.0 1.028743e+04 1.033569e+04 1.033892e+04 1.029067e+04
3.0 1.029465e+04 1.032670e+04 1.034244e+04 1.031038e+04
4.0 1.034394e+04 1.033754e+04 1.034159e+04 1.034798e+04
5.0 1.031930e+04 1.034057e+04 1.033917e+04 1.031791e+04
6.0 1.030508e+04 1.033315e+04 1.034291e+04 1.031484e+04
7.0 1.029450e+04 1.033074e+04 1.034760e+04 1.031136e+04
8.0 1.035040e+04 1.035263e+04 1.034529e+04 1.034305e+04
9.0 1.035168e+04 1.036261e+04 1.033942e+04 1.032850e+04
10.0 1.032157e+04 1.035164e+04 1.033460e+04 1.030453e+04
11.0 1.032608e+04 1.034053e+04 1.033185e+04 1.031740e+04
12.0 1.036025e+04 1.035540e+04 1.033062e+04 1.033547e+04
13.0 1.035921e+04 1.035999e+04 1.033030e+04 1.032952e+04
14.0 1.031171e+04 1.034286e+04 1.033049e+04 1.029934e+04
15.0 1.030206e+04 1.032645e+04 1.033088e+04 1.030649e+04
16.0 1.036021e+04 1.034135e+04 1.033130e+04 1.035016e+04
17.0 1.038194e+04 1.035250e+04 1.033163e+04 1.036107e+04
18.0 1.032348e+04 1.033970e+04 1.033186e+04 1.031563e+04
19.0 1.030681e+04 1.032298e+04 1.033199e+04 1.031581e+04
20.0 1.032096e+04 1.031822e+04 1.033206e+04 1.033480e+04
21.0 1.034187e+04 1.034232e+04 1.033210e+04 1.033164e+04
22.0 1.035905e+04 1.035126e+04 1.033211e+04 1.033990e+04
0.5 1.034394e+04 1.033754e+04 1.034159e+04 1.034798e+04
1.5 1.031930e+04 1.034057e+04 1.033917e+04 1.031791e+04
2.5 1.030508e+04 1.033315e+04 1.034291e+04 1.031484e+04
3.5 1.029450e+04 1.033074e+04 1.034760e+04 1.031136e+04
4.5 1.035040e+04 1.035263e+04 1.034529e+04 1.034305e+04
5.5 1.035168e+04 1.036261e+04 1.033942e+04 1.032850e+04
6.5 1.032157e+04 1.035164e+04 1.033460e+04 1.030453e+04
7.5 1.032608e+04 1.034053e+04 1.033185e+04 1.031740e+04
8.5 1.036025e+04 1.035540e+04 1.033062e+04 1.033547e+04
9.5 1.035921e+04 1.035999e+04 1.033030e+04 1.032952e+04
10.5 1.031171e+04 1.034286e+04 1.033049e+04 1.029934e+04
11.5 1.030206e+04 1.032645e+04 1.033088e+04 1.030649e+04
12.5 1.036021e+04 1.034135e+04 1.033130e+04 1.035016e+04
13.5 1.038194e+04 1.035250e+04 1.033163e+04 1.036107e+04
14.5 1.032348e+04 1.033970e+04 1.033186e+04 1.031563e+04
15.5 1.030681e+04 1.032298e+04 1.033199e+04 1.031581e+04
16.5 1.032096e+04 1.031822e+04 1.033206e+04 1.033480e+04
17.5 1.034187e+04 1.034232e+04 1.033210e+04 1.033164e+04
18.5 1.035905e+04 1.035126e+04 1.033211e+04 1.033990e+04
19.5 1.033063e+04 1.033483e+04 1.033212e+04 1.032792e+04
20.5 1.030746e+04 1.031497e+04 1.033212e+04 1.032461e+04
21.5 1.029889e+04 1.030238e+04 1.033213e+04 1.032864e+04
1.0 1.029606e+04 1.031085e+04 1.033241e+04 1.031762e+04
2.0 1.031930e+04 1.030468e+04 1.033656e+04 1.035118e+04
3.0 1.033726e+04 1.031085e+04 1.034249e+04 1.036891e+04
4.0 1.039172e+04 1.033182e+04 1.034252e+04 1.040243e+04
5.0 1.039797e+04 1.033786e+04 1.033890e+04 1.039902e+04
6.0 1.037853e+04 1.032926e+04 1.033888e+04 1.038816e+04
7.0 1.035036e+04 1.032364e+04 1.034511e+04 1.037183e+04
8.0 1.036998e+04 1.032902e+04 1.034797e+04 1.038893e+04
9.0 1.035814e+04 1.034276e+04 1.034378e+04 1.035916e+04
10.0 1.032546e+04 1.033768e+04 1.033792e+04 1.032569e+04
11.0 1.031515e+04 1.032091e+04 1.033377e+04 1.032801e+04
12.0 1.032601e+04 1.030668e+04 1.033154e+04 1.035087e+04
13.0 1.031792e+04 1.029854e+04 1.033060e+04 1.034998e+04
14.0 1.030629e+04 1.029490e+04 1.033042e+04 1.034181e+04
15.0 1.032844e+04 1.029571e+04 1.033066e+04 1.036340e+04
16.0 1.034802e+04 1.030959e+04 1.033106e+04 1.036949e+04
17.0 1.034544e+04 1.033122e+04 1.033144e+04 1.034566e+04
18.0 1.036299e+04 1.036165e+04 1.033172e+04 1.033306e+04
19.0 1.039408e+04 1.037775e+04 1.033191e+04 1.034824e+04
20.0 1.038380e+04 1.036806e+04 1.033202e+04 1.034777e+04
21.0 1.036960e+04 1.037216e+04 1.033208e+04 1.032952e+04
22.0 1.036251e+04 1.037030e+04 1.033211e+04 1.032431e+04
0.9 1.039797e+04 1.033786e+04 1.033890e+04 1.039902e+04
1.9 1.037853e+04 1.032926e+04 1.033888e+04 1.038816e+04
2.9 1.035036e+04 1.032364e+04 1.034511e+04 1.037183e+04
3.9 1.036998e+04 1.032902e+04 1.034797e+04 1.038893e+04
4.9 1.035814e+04 1.034276e+04 1.034378e+04 1.035916e+04
5.9 1.032546e+04 1.033768e+04 1.033792e+04 1.032569e+04
6.9 1.031515e+04 1.032091e+04 1.033377e+04 1.032801e+04
7.9 1.032601e+04 1.030668e+04 1.033154e+04 1.035087e+04
8.9 1.031792e+04 1.029854e+04 1.033060e+04 1.034998e+04
9.9 1.030629e+04 1.029490e+04 1.033042e+04 1.034181e+04
10.9 1.032844e+04 1.029571e+04 1.033066e+04 1.036340e+04
11.9 1.034802e+04 1.030959e+04 1.033106e+04 1.036949e+04
12.9 1.034544e+04 1.033122e+04 1.033144e+04 1.034566e+04
13.9 1.036299e+04 1.036165e+04 1.033172e+04 1.033306e+04
14.9 1.039408e+04 1.037775e+04 1.033191e+04 1.034824e+04
15.9 1.038380e+04 1.036806e+04 1.033202e+04 1.034777e+04
16.9 1.036960e+04 1.037216e+04 1.033208e+04 1.032952e+04
17.9 1.036251e+04 1.037030e+04 1.033211e+04 1.032431e+04
18.9 1.034099e+04 1.034841e+04 1.033212e+04 1.032469e+04
19.9 1.032200e+04 1.032579e+04 1.033212e+04 1.032833e+04
20.9 1.034003e+04 1.032369e+04 1.033213e+04 1.034847e+04
21.9 1.038678e+04 1.034687e+04 1.033213e+04 1.037203e+04
0.6 1.037566e+04 1.035977e+04 1.033215e+04 1.034805e+04
1.6 1.034224e+04 1.034479e+04 1.033419e+04 1.033165e+04
2.6 1.033868e+04 1.032940e+04 1.034060e+04 1.034987e+04
3.6 1.038435e+04 1.034140e+04 1.034325e+04 1.038620e+04
4.6 1.035664e+04 1.035695e+04 1.034040e+04 1.034009e+04
5.6 1.030758e+04 1.034438e+04 1.033643e+04 1.029963e+04
6.6 1.025749e+04 1.032173e+04 1.033361e+04 1.026937e+04
7.6 1.027619e+04 1.030502e+04 1.033204e+04 1.030320e+04
8.6 1.028249e+04 1.029620e+04 1.033131e+04 1.031759e+04
9.6 1.033419e+04 1.029517e+04 1.033112e+04 1.037014e+04
10.6 1.037537e+04 1.030821e+04 1.033123e+04 1.039839e+04
11.6 1.034901e+04 1.033116e+04 1.033146e+04 1.034931e+04
12.6 1.034791e+04 1.034988e+04 1.033170e+04 1.032973e+04
13.6 1.031578e+04 1.034310e+04 1.033188e+04 1.030455e+04
14.6 1.028756e+04 1.032454e+04 1.033199e+04 1.029501e+04
15.6 1.029505e+04 1.031035e+04 1.033206e+04 1.031677e+04
16.6 1.030900e+04 1.030456e+04 1.033210e+04 1.033654e+04
17.6 1.032811e+04 1.031734e+04 1.033211e+04 1.034289e+04
18.6 1.035672e+04 1.034712e+04 1.033212e+04 1.034172e+04
19.6 1.035135e+04 1.034919e+04 1.033212e+04 1.033428e+04
20.6 1.030909e+04 1.033082e+04 1.033213e+04 1.031040e+04
21.6 1.029124e+04 1.031289e+04 1.033213e+04 1.031048e+04
0.3 1.028194e+04 1.029608e+04 1.033213e+04 1.031799e+04
1.3 1.029749e+04 1.029468e+04 1.033291e+04 1.033572e+04
2.3 1.035381e+04 1.030052e+04 1.033881e+04 1.039210e+04
3.3 1.035826e+04 1.031114e+04 1.034838e+04 1.039550e+04
4.3 1.034855e+04 1.032653e+04 1.035262e+04 1.037465e+04
5.3 1.035441e+04 1.035681e+04 1.034806e+04 1.034566e+04
6.3 1.034952e+04 1.036338e+04 1.034078e+04 1.032693e+04
7.3 1.031489e+04 1.034705e+04 1.033525e+04 1.030310e+04
8.3 1.030577e+04 1.033441e+04 1.033207e+04 1.030343e+04
9.3 1.037516e+04 1.035131e+04 1.033059e+04 1.035444e+04
10.3 1.040333e+04 1.035720e+04 1.033018e+04 1.037631e+04
11.3 1.037621e+04 1.034758e+04 1.033037e+04 1.035901e+04
12.3 1.035391e+04 1.035907e+04 1.033081e+04 1.032565e+04
13.3 1.035530e+04 1.035931e+04 1.033126e+04 1.032726e+04
14.3 1.033799e+04 1.034096e+04 1.033162e+04 1.032864e+04
15.3 1.031679e+04 1.034305e+04 1.033185e+04 1.030560e+04
16.3 1.035869e+04 1.035575e+04 1.033199e+04 1.033493e+04
17.3 1.030826e+04 1.034372e+04 1.033206e+04 1.029661e+04
18.3 1.029926e+04 1.032743e+04 1.033210e+04 1.030393e+04
19.3 1.030209e+04 1.032926e+04 1.033212e+04 1.030494e+04
20.3 1.032926e+04 1.034376e+04 1.033212e+04 1.031762e+04
21.3 1.033474e+04 1.036734e+04 1.033215e+04 1.029954e+04
0.6 1.033474e+04 1.036734e+04 1.033215e+04 1.029954e+04
1.6 1.034463e+04 1.036456e+04 1.033419e+04 1.031426e+04
2.6 1.033077e+04 1.034640e+04 1.034060e+04 1.032496e+04
3.6 1.032546e+04 1.034309e+04 1.034325e+04 1.032562e+04
4.6 1.031475e+04 1.034495e+04 1.034097e+04 1.031077e+04
5.6 1.030430e+04 1.033567e+04 1.034209e+04 1.031072e+04
6.6 1.030374e+04 1.033055e+04 1.034467e+04 1.031786e+04
7.6 1.033253e+04 1.034038e+04 1.034220e+04 1.033436e+04
8.6 1.031372e+04 1.033668e+04 1.033744e+04 1.031448e+04
9.6 1.029830e+04 1.032037e+04 1.033374e+04 1.031168e+04
10.6 1.030172e+04 1.030573e+04 1.033172e+04 1.032772e+04
11.6 1.030632e+04 1.029735e+04 1.033087e+04 1.033984e+04
12.6 1.032804e+04 1.029381e+04 1.033070e+04 1.036492e+04
13.6 1.032027e+04 1.029307e+04 1.033088e+04 1.035807e+04
14.6 1.033434e+04 1.029393e+04 1.033120e+04 1.037160e+04
15.6 1.031406e+04 1.029836e+04 1.033152e+04 1.034722e+04
16.6 1.030500e+04 1.030779e+04 1.033177e+04 1.032898e+04
17.6 1.030124e+04 1.031823e+04 1.033193e+04 1.031494e+04
18.6 1.035077e+04 1.034592e+04 1.033203e+04 1.033688e+04
19.6 1.036211e+04 1.036455e+04 1.033208e+04 1.032964e+04
20.6 1.034162e+04 1.035396e+04 1.033211e+04 1.031977e+04
21.6 1.032604e+04 1.033590e+04 1.033212e+04 1.032225e+04
0.2 1.032546e+04 1.034309e+04 1.034325e+04 1.032562e+04
1.2 1.031475e+04 1.034495e+04 1.034097e+04 1.031077e+04
2.2 1.030430e+04 1.033567e+04 1.034209e+04 1.031072e+04
3.2 1.030374e+04 1.033055e+04 1.034467e+04 1.031786e+04
4.2 1.033253e+04 1.034038e+04 1.034220e+04 1.033436e+04
5.2 1.031372e+04 1.033668e+04 1.033744e+04 1.031448e+04
6.2 1.029830e+04 1.032037e+04 1.033374e+04 1.031168e+04
7.2 1.030172e+04 1.030573e+04 1.033172e+04 1.032772e+04
8.2 1.030632e+04 1.029735e+04 1.033087e+04 1.033984e+04
9.2 1.032804e+04 1.029381e+04 1.033070e+04 1.036492e+04
10.2 1.032027e+04 1.029307e+04 1.033088e+04 1.035807e+04
11.2 1.033434e+04 1.029393e+04 1.033120e+04 1.037160e+04
12.2 1.031406e+04 1.029836e+04 1.033152e+04 1.034722e+04
13.2 1.030500e+04 1.030779e+04 1.033177e+04 1.032898e+04
14.2 1.030124e+04 1.031823e+04 1.033193e+04 1.031494e+04
15.2 1.035077e+04 1.034592e+04 1.033203e+04 1.033688e+04
16.2 1.036211e+04 1.036455e+04 1.033208e+04 1.032964e+04
17.2 1.034162e+04 1.035396e+04 1.033211e+04 1.031977e+04
18.2 1.032604e+04 1.033590e+04 1.033212e+04 1.032225e+04
19.2 1.036288e+04 1.034568e+04 1.033212e+04 1.034932e+04
20.2 1.037605e+04 1.035732e+04 1.033213e+04 1.035086e+04
21.2 1.032951e+04 1.034256e+04 1.033213e+04 1.031908e+04
0.7 1.034272e+04 1.032768e+04 1.033217e+04 1.034721e+04
1.7 1.038716e+04 1.034222e+04 1.033464e+04 1.037958e+04
2.7 1.033613e+04 1.034216e+04 1.034288e+04 1.033685e+04
3.7 1.029241e+04 1.033595e+04 1.035129e+04 1.030775e+04
4.7 1.029858e+04 1.034773e+04 1.035120e+04 1.030205e+04
5.7 1.032784e+04 1.036267e+04 1.034463e+04 1.030980e+04
6.7 1.033288e+04 1.034924e+04 1.033794e+04 1.032158e+04
7.7 1.029615e+04 1.032486e+04 1.033356e+04 1.030485e+04
8.7 1.030658e+04 1.030651e+04 1.033125e+04 1.033132e+04
9.7 1.031586e+04 1.029718e+04 1.033033e+04 1.034901e+04
10.7 1.034436e+04 1.029579e+04 1.033024e+04 1.037880e+04
11.7 1.033371e+04 1.030260e+04 1.033057e+04 1.036168e+04
12.7 1.035750e+04 1.033461e+04 1.033103e+04 1.035392e+04
13.7 1.037844e+04 1.035278e+04 1.033144e+04 1.035710e+04
14.7 1.034160e+04 1.034080e+04 1.033174e+04 1.033254e+04
15.7 1.030573e+04 1.032106e+04 1.033193e+04 1.031659e+04
16.7 1.030858e+04 1.030739e+04 1.033203e+04 1.033322e+04
17.7 1.033326e+04 1.030225e+04 1.033208e+04 1.036309e+04
18.7 1.033754e+04 1.030624e+04 1.033211e+04 1.036342e+04
19.7 1.035126e+04 1.032721e+04 1.033212e+04 1.035617e+04
20.7 1.034893e+04 1.033827e+04 1.033212e+04 1.034279e+04
21.7 1.035434e+04 1.034383e+04 1.033213e+04 1.034264e+04
