0.4 9.767560e+03 9.803532e+03 9.790550e+03 9.754579e+03
1.4 9.789384e+03 9.813894e+03 9.792497e+03 9.767988e+03
2.4 9.808138e+03 9.813340e+03 9.799143e+03 9.793940e+03
3.4 9.809027e+03 9.813468e+03 9.801282e+03 9.796840e+03
4.4 9.807966e+03 9.819734e+03 9.798196e+03 9.786428e+03
5.4 9.836520e+03 9.821018e+03 9.796189e+03 9.811691e+03
6.4 9.840427e+03 9.813015e+03 9.800227e+03 9.827639e+03
7.4 9.807584e+03 9.797976e+03 9.801142e+03 9.810749e+03
8.4 9.765156e+03 9.786400e+03 9.797492e+03 9.776248e+03
9.4 9.756146e+03 9.787078e+03 9.793518e+03 9.762586e+03
10.4 9.786235e+03 9.791441e+03 9.793266e+03 9.788060e+03
11.4 9.816084e+03 9.793026e+03 9.798692e+03 9.821751e+03
12.4 9.787896e+03 9.790297e+03 9.799999e+03 9.797598e+03
13.4 9.787315e+03 9.791047e+03 9.797020e+03 9.793288e+03
14.4 9.795100e+03 9.793641e+03 9.798358e+03 9.799818e+03
15.4 9.786154e+03 9.792186e+03 9.801537e+03 9.795504e+03
16.4 9.770256e+03 9.784953e+03 9.799471e+03 9.784775e+03
17.4 9.788801e+03 9.783993e+03 9.795162e+03 9.799970e+03
18.4 9.815315e+03 9.798080e+03 9.791876e+03 9.809110e+03
19.4 9.846691e+03 9.809529e+03 9.792683e+03 9.829845e+03
20.4 9.846072e+03 9.808358e+03 9.798553e+03 9.836267e+03
0.4 9.807966e+03 9.819734e+03 9.798196e+03 9.786428e+03
1.4 9.836520e+03 9.821018e+03 9.796189e+03 9.811691e+03
2.4 9.840427e+03 9.813015e+03 9.800227e+03 9.827639e+03
3.4 9.807584e+03 9.797976e+03 9.801142e+03 9.810749e+03
4.4 9.765156e+03 9.786400e+03 9.797492e+03 9.776248e+03
5.4 9.756146e+03 9.787078e+03 9.793518e+03 9.762586e+03
6.4 9.786235e+03 9.791441e+03 9.793266e+03 9.788060e+03
7.4 9.816084e+03 9.793026e+03 9.798692e+03 9.821751e+03
8.4 9.787896e+03 9.790297e+03 9.799999e+03 9.797598e+03
9.4 9.787315e+03 9.791047e+03 9.797020e+03 9.793288e+03
10.4 9.795100e+03 9.793641e+03 9.798358e+03 9.799818e+03
11.4 9.786154e+03 9.792186e+03 9.801537e+03 9.795504e+03
12.4 9.770256e+03 9.784953e+03 9.799471e+03 9.784775e+03
13.4 9.788801e+03 9.783993e+03 9.795162e+03 9.799970e+03
14.4 9.815315e+03 9.798080e+03 9.791876e+03 9.809110e+03
15.4 9.846691e+03 9.809529e+03 9.792683e+03 9.829845e+03
16.4 9.846072e+03 9.808358e+03 9.798553e+03 9.836267e+03
17.4 9.796529e+03 9.797245e+03 9.799769e+03 9.799053e+03
18.4 9.770563e+03 9.793106e+03 9.796572e+03 9.774029e+03
19.4 9.795396e+03 9.798542e+03 9.793163e+03 9.790018e+03
20.4 9.798469e+03 9.796649e+03 9.791019e+03 9.792839e+03
0.5 9.756146e+03 9.787078e+03 9.793518e+03 9.762586e+03
1.5 9.786235e+03 9.791441e+03 9.793266e+03 9.788060e+03
2.5 9.816084e+03 9.793026e+03 9.798692e+03 9.821751e+03
3.5 9.787896e+03 9.790297e+03 9.799999e+03 9.797598e+03
4.5 9.787315e+03 9.791047e+03 9.797020e+03 9.793288e+03
5.5 9.795100e+03 9.793641e+03 9.798358e+03 9.799818e+03
6.5 9.786154e+03 9.792186e+03 9.801537e+03 9.795504e+03
7.5 9.770256e+03 9.784953e+03 9.799471e+03 9.784775e+03
8.5 9.788801e+03 9.783993e+03 9.795162e+03 9.799970e+03
9.5 9.815315e+03 9.798080e+03 9.791876e+03 9.809110e+03
10.5 9.846691e+03 9.809529e+03 9.792683e+03 9.829845e+03
11.5 9.846072e+03 9.808358e+03 9.798553e+03 9.836267e+03
12.5 9.796529e+03 9.797245e+03 9.799769e+03 9.799053e+03
13.5 9.770563e+03 9.793106e+03 9.796572e+03 9.774029e+03
14.5 9.795396e+03 9.798542e+03 9.793163e+03 9.790018e+03
15.5 9.798469e+03 9.796649e+03 9.791019e+03 9.792839e+03
16.5 9.795645e+03 9.791119e+03 9.789935e+03 9.794461e+03
17.5 9.778539e+03 9.798596e+03 9.789513e+03 9.769456e+03
18.5 9.810378e+03 9.809514e+03 9.790765e+03 9.791629e+03
19.5 9.840431e+03 9.810526e+03 9.797412e+03 9.827317e+03
20.5 9.818854e+03 9.806072e+03 9.800792e+03 9.813573e+03
0.9 9.787315e+03 9.791047e+03 9.797020e+03 9.793288e+03
1.9 9.795100e+03 9.793641e+03 9.798358e+03 9.799818e+03
2.9 9.786154e+03 9.792186e+03 9.801537e+03 9.795504e+03
3.9 9.770256e+03 9.784953e+03 9.799471e+03 9.784775e+03
4.9 9.788801e+03 9.783993e+03 9.795162e+03 9.799970e+03
5.9 9.815315e+03 9.798080e+03 9.791876e+03 9.809110e+03
6.9 9.846691e+03 9.809529e+03 9.792683e+03 9.829845e+03
7.9 9.846072e+03 9.808358e+03 9.798553e+03 9.836267e+03
8.9 9.796529e+03 9.797245e+03 9.799769e+03 9.799053e+03
9.9 9.770563e+03 9.793106e+03 9.796572e+03 9.774029e+03
10.9 9.795396e+03 9.798542e+03 9.793163e+03 9.790018e+03
11.9 9.798469e+03 9.796649e+03 9.791019e+03 9.792839e+03
12.9 9.795645e+03 9.791119e+03 9.789935e+03 9.794461e+03
13.9 9.778539e+03 9.798596e+03 9.789513e+03 9.769456e+03
14.9 9.810378e+03 9.809514e+03 9.790765e+03 9.791629e+03
15.9 9.840431e+03 9.810526e+03 9.797412e+03 9.827317e+03
16.9 9.818854e+03 9.806072e+03 9.800792e+03 9.813573e+03
17.9 9.782609e+03 9.804704e+03 9.798384e+03 9.776290e+03
18.9 9.804590e+03 9.803439e+03 9.795812e+03 9.796963e+03
19.9 9.820689e+03 9.800490e+03 9.799517e+03 9.819716e+03
20.9 9.795174e+03 9.800462e+03 9.801330e+03 9.796043e+03
0.5 9.815315e+03 9.798080e+03 9.791876e+03 9.809110e+03
1.5 9.846691e+03 9.809529e+03 9.792683e+03 9.829845e+03
2.5 9.846072e+03 9.808358e+03 9.798553e+03 9.836267e+03
3.5 9.796529e+03 9.797245e+03 9.799769e+03 9.799053e+03
4.5 9.770563e+03 9.793106e+03 9.796572e+03 9.774029e+03
5.5 9.795396e+03 9.798542e+03 9.793163e+03 9.790018e+03
6.5 9.798469e+03 9.796649e+03 9.791019e+03 9.792839e+03
7.5 9.795645e+03 9.791119e+03 9.789935e+03 9.794461e+03
8.5 9.778539e+03 9.798596e+03 9.789513e+03 9.769456e+03
9.5 9.810378e+03 9.809514e+03 9.790765e+03 9.791629e+03
10.5 9.840431e+03 9.810526e+03 9.797412e+03 9.827317e+03
11.5 9.818854e+03 9.806072e+03 9.800792e+03 9.813573e+03
12.5 9.782609e+03 9.804704e+03 9.798384e+03 9.776290e+03
13.5 9.804590e+03 9.803439e+03 9.795812e+03 9.796963e+03
14.5 9.820689e+03 9.800490e+03 9.799517e+03 9.819716e+03
15.5 9.795174e+03 9.800462e+03 9.801330e+03 9.796043e+03
16.5 9.809806e+03 9.809135e+03 9.798093e+03 9.798764e+03
17.5 9.834814e+03 9.816309e+03 9.794748e+03 9.813254e+03
18.5 9.860090e+03 9.813354e+03 9.798037e+03 9.844774e+03
19.5 9.821535e+03 9.802180e+03 9.800743e+03 9.820099e+03
20.5 9.793933e+03 9.797062e+03 9.798144e+03 9.795014e+03
0.3 9.778539e+03 9.798596e+03 9.789513e+03 9.769456e+03
1.3 9.810378e+03 9.809514e+03 9.790765e+03 9.791629e+03
2.3 9.840431e+03 9.810526e+03 9.797412e+03 9.827317e+03
3.3 9.818854e+03 9.806072e+03 9.800792e+03 9.813573e+03
4.3 9.782609e+03 9.804704e+03 9.798384e+03 9.776290e+03
5.3 9.804590e+03 9.803439e+03 9.795812e+03 9.796963e+03
6.3 9.820689e+03 9.800490e+03 9.799517e+03 9.819716e+03
7.3 9.795174e+03 9.800462e+03 9.801330e+03 9.796043e+03
8.3 9.809806e+03 9.809135e+03 9.798093e+03 9.798764e+03
9.3 9.834814e+03 9.816309e+03 9.794748e+03 9.813254e+03
10.3 9.860090e+03 9.813354e+03 9.798037e+03 9.844774e+03
11.3 9.821535e+03 9.802180e+03 9.800743e+03 9.820099e+03
12.3 9.793933e+03 9.797062e+03 9.798144e+03 9.795014e+03
13.3 9.784687e+03 9.804417e+03 9.794163e+03 9.774433e+03
14.3 9.819079e+03 9.810282e+03 9.792784e+03 9.801581e+03
15.3 9.839090e+03 9.807366e+03 9.797872e+03 9.829597e+03
16.3 9.811405e+03 9.796222e+03 9.800233e+03 9.815416e+03
17.3 9.779008e+03 9.783242e+03 9.797424e+03 9.793191e+03
18.3 9.759974e+03 9.774016e+03 9.793732e+03 9.779690e+03
19.3 9.782553e+03 9.769621e+03 9.791269e+03 9.804200e+03
20.3 9.785335e+03 9.776609e+03 9.790003e+03 9.798728e+03
0.2 9.782609e+03 9.804704e+03 9.798384e+03 9.776290e+03
1.2 9.804590e+03 9.803439e+03 9.795812e+03 9.796963e+03
2.2 9.820689e+03 9.800490e+03 9.799517e+03 9.819716e+03
3.2 9.795174e+03 9.800462e+03 9.801330e+03 9.796043e+03
4.2 9.809806e+03 9.809135e+03 9.798093e+03 9.798764e+03
5.2 9.834814e+03 9.816309e+03 9.794748e+03 9.813254e+03
6.2 9.860090e+03 9.813354e+03 9.798037e+03 9.844774e+03
7.2 9.821535e+03 9.802180e+03 9.800743e+03 9.820099e+03
8.2 9.793933e+03 9.797062e+03 9.798144e+03 9.795014e+03
9.2 9.784687e+03 9.804417e+03 9.794163e+03 9.774433e+03
10.2 9.819079e+03 9.810282e+03 9.792784e+03 9.801581e+03
11.2 9.839090e+03 9.807366e+03 9.797872e+03 9.829597e+03
12.2 9.811405e+03 9.796222e+03 9.800233e+03 9.815416e+03
13.2 9.779008e+03 9.783242e+03 9.797424e+03 9.793191e+03
14.2 9.759974e+03 9.774016e+03 9.793732e+03 9.779690e+03
15.2 9.782553e+03 9.769621e+03 9.791269e+03 9.804200e+03
16.2 9.785335e+03 9.776609e+03 9.790003e+03 9.798728e+03
17.2 9.783521e+03 9.797079e+03 9.789491e+03 9.775933e+03
18.2 9.808883e+03 9.808318e+03 9.789426e+03 9.789991e+03
19.2 9.806284e+03 9.802328e+03 9.789603e+03 9.793559e+03
20.2 9.779959e+03 9.790409e+03 9.789867e+03 9.779417e+03
0.1 9.809806e+03 9.809135e+03 9.798093e+03 9.798764e+03
1.1 9.834814e+03 9.816309e+03 9.794748e+03 9.813254e+03
2.1 9.860090e+03 9.813354e+03 9.798037e+03 9.844774e+03
3.1 9.821535e+03 9.802180e+03 9.800743e+03 9.820099e+03
4.1 9.793933e+03 9.797062e+03 9.798144e+03 9.795014e+03
5.1 9.784687e+03 9.804417e+03 9.794163e+03 9.774433e+03
6.1 9.819079e+03 9.810282e+03 9.792784e+03 9.801581e+03
7.1 9.839090e+03 9.807366e+03 9.797872e+03 9.829597e+03
8.1 9.811405e+03 9.796222e+03 9.800233e+03 9.815416e+03
9.1 9.779008e+03 9.783242e+03 9.797424e+03 9.793191e+03
10.1 9.759974e+03 9.774016e+03 9.793732e+03 9.779690e+03
11.1 9.782553e+03 9.769621e+03 9.791269e+03 9.804200e+03
12.1 9.785335e+03 9.776609e+03 9.790003e+03 9.798728e+03
13.1 9.783521e+03 9.797079e+03 9.789491e+03 9.775933e+03
14.1 9.808883e+03 9.808318e+03 9.789426e+03 9.789991e+03
15.1 9.806284e+03 9.802328e+03 9.789603e+03 9.793559e+03
16.1 9.779959e+03 9.790409e+03 9.789867e+03 9.779417e+03
17.1 9.786416e+03 9.788904e+03 9.790113e+03 9.787625e+03
18.1 9.811274e+03 9.799079e+03 9.790449e+03 9.802645e+03
19.1 9.839460e+03 9.804932e+03 9.794924e+03 9.829452e+03
20.1 9.838834e+03 9.801013e+03 9.800801e+03 9.838622e+03
0.3 9.784687e+03 9.804417e+03 9.794163e+03 9.774433e+03
1.3 9.819079e+03 9.810282e+03 9.792784e+03 9.801581e+03
2.3 9.839090e+03 9.807366e+03 9.797872e+03 9.829597e+03
3.3 9.811405e+03 9.796222e+03 9.800233e+03 9.815416e+03
4.3 9.779008e+03 9.783242e+03 9.797424e+03 9.793191e+03
5.3 9.759974e+03 9.774016e+03 9.793732e+03 9.779690e+03
6.3 9.782553e+03 9.769621e+03 9.791269e+03 9.804200e+03
7.3 9.785335e+03 9.776609e+03 9.790003e+03 9.798728e+03
8.3 9.783521e+03 9.797079e+03 9.789491e+03 9.775933e+03
9.3 9.808883e+03 9.808318e+03 9.789426e+03 9.789991e+03
10.3 9.806284e+03 9.802328e+03 9.789603e+03 9.793559e+03
11.3 9.779959e+03 9.790409e+03 9.789867e+03 9.779417e+03
12.3 9.786416e+03 9.788904e+03 9.790113e+03 9.787625e+03
13.3 9.811274e+03 9.799079e+03 9.790449e+03 9.802645e+03
14.3 9.839460e+03 9.804932e+03 9.794924e+03 9.829452e+03
15.3 9.838834e+03 9.801013e+03 9.800801e+03 9.838622e+03
16.3 9.800542e+03 9.789979e+03 9.800368e+03 9.810930e+03
17.3 9.778671e+03 9.783140e+03 9.796566e+03 9.792097e+03
18.3 9.766781e+03 9.791414e+03 9.793181e+03 9.768548e+03
19.3 9.786779e+03 9.805724e+03 9.791191e+03 9.772246e+03
20.3 9.824303e+03 9.810859e+03 9.793944e+03 9.807387e+03
0.8 9.811274e+03 9.799079e+03 9.790449e+03 9.802645e+03
1.8 9.839460e+03 9.804932e+03 9.794924e+03 9.829452e+03
2.8 9.838834e+03 9.801013e+03 9.800801e+03 9.838622e+03
3.8 9.800542e+03 9.789979e+03 9.800368e+03 9.810930e+03
4.8 9.778671e+03 9.783140e+03 9.796566e+03 9.792097e+03
5.8 9.766781e+03 9.791414e+03 9.793181e+03 9.768548e+03
6.8 9.786779e+03 9.805724e+03 9.791191e+03 9.772246e+03
7.8 9.824303e+03 9.810859e+03 9.793944e+03 9.807387e+03
8.8 9.822987e+03 9.805296e+03 9.799669e+03 9.817360e+03
9.8 9.781582e+03 9.792628e+03 9.799700e+03 9.788655e+03
10.8 9.758285e+03 9.780596e+03 9.796160e+03 9.773849e+03
11.8 9.776352e+03 9.773528e+03 9.792900e+03 9.795724e+03
12.8 9.781367e+03 9.779321e+03 9.790920e+03 9.792966e+03
13.8 9.799183e+03 9.792234e+03 9.789925e+03 9.796873e+03
14.8 9.813944e+03 9.794556e+03 9.789549e+03 9.808937e+03
15.8 9.806389e+03 9.787995e+03 9.789552e+03 9.807946e+03
16.8 9.808508e+03 9.788165e+03 9.789748e+03 9.810091e+03
17.8 9.810670e+03 9.802199e+03 9.789994e+03 9.798466e+03
18.8 9.811519e+03 9.809493e+03 9.790207e+03 9.792234e+03
19.8 9.803971e+03 9.801716e+03 9.790358e+03 9.792613e+03
20.8 9.779811e+03 9.788479e+03 9.790450e+03 9.781782e+03
0.7 9.786779e+03 9.805724e+03 9.791191e+03 9.772246e+03
1.7 9.824303e+03 9.810859e+03 9.793944e+03 9.807387e+03
2.7 9.822987e+03 9.805296e+03 9.799669e+03 9.817360e+03
3.7 9.781582e+03 9.792628e+03 9.799700e+03 9.788655e+03
4.7 9.758285e+03 9.780596e+03 9.796160e+03 9.773849e+03
5.7 9.776352e+03 9.773528e+03 9.792900e+03 9.795724e+03
6.7 9.781367e+03 9.779321e+03 9.790920e+03 9.792966e+03
7.7 9.799183e+03 9.792234e+03 9.789925e+03 9.796873e+03
8.7 9.813944e+03 9.794556e+03 9.789549e+03 9.808937e+03
9.7 9.806389e+03 9.787995e+03 9.789552e+03 9.807946e+03
10.7 9.808508e+03 9.788165e+03 9.789748e+03 9.810091e+03
11.7 9.810670e+03 9.802199e+03 9.789994e+03 9.798466e+03
12.7 9.811519e+03 9.809493e+03 9.790207e+03 9.792234e+03
13.7 9.803971e+03 9.801716e+03 9.790358e+03 9.792613e+03
14.7 9.779811e+03 9.788479e+03 9.790450e+03 9.781782e+03
15.7 9.796184e+03 9.777943e+03 9.790501e+03 9.808741e+03
16.7 9.808294e+03 9.771840e+03 9.790526e+03 9.826980e+03
17.7 9.796758e+03 9.769078e+03 9.790538e+03 9.818218e+03
18.7 9.780771e+03 9.768389e+03 9.790543e+03 9.802925e+03
19.7 9.772086e+03 9.770718e+03 9.790546e+03 9.791913e+03
20.7 9.779451e+03 9.785826e+03 9.790546e+03 9.784171e+03
1.0 9.786773e+03 9.806503e+03 9.791008e+03 9.771279e+03
2.0 9.833062e+03 9.814396e+03 9.796505e+03 9.815172e+03
3.0 9.813108e+03 9.811240e+03 9.801285e+03 9.803153e+03
4.0 9.792555e+03 9.806201e+03 9.800495e+03 9.786849e+03
5.0 9.800031e+03 9.801710e+03 9.802575e+03 9.800896e+03
6.0 9.792314e+03 9.795949e+03 9.803515e+03 9.799880e+03
7.0 9.804725e+03 9.797993e+03 9.799599e+03 9.806331e+03
8.0 9.790713e+03 9.807895e+03 9.794765e+03 9.777583e+03
9.0 9.818147e+03 9.811907e+03 9.794217e+03 9.800457e+03
10.0 9.828966e+03 9.807524e+03 9.799107e+03 9.820549e+03
11.0 9.799346e+03 9.802362e+03 9.799641e+03 9.796626e+03
12.0 9.788169e+03 9.802162e+03 9.796174e+03 9.782181e+03
13.0 9.805011e+03 9.801443e+03 9.794696e+03 9.798264e+03
14.0 9.806014e+03 9.799125e+03 9.799283e+03 9.806171e+03
15.0 9.792351e+03 9.800549e+03 9.800447e+03 9.792250e+03
16.0 9.805657e+03 9.804147e+03 9.799127e+03 9.800637e+03
17.0 9.820259e+03 9.802507e+03 9.802017e+03 9.819769e+03
18.0 9.787837e+03 9.792872e+03 9.801595e+03 9.796561e+03
19.0 9.765758e+03 9.781429e+03 9.797283e+03 9.781612e+03
20.0 9.770429e+03 9.773455e+03 9.793093e+03 9.790068e+03
21.0 9.800163e+03 9.769447e+03 9.790555e+03 9.821270e+03
0.1 9.813108e+03 9.811240e+03 9.801285e+03 9.803153e+03
1.1 9.792555e+03 9.806201e+03 9.800495e+03 9.786849e+03
2.1 9.800031e+03 9.801710e+03 9.802575e+03 9.800896e+03
3.1 9.792314e+03 9.795949e+03 9.803515e+03 9.799880e+03
4.1 9.804725e+03 9.797993e+03 9.799599e+03 9.806331e+03
5.1 9.790713e+03 9.807895e+03 9.794765e+03 9.777583e+03
6.1 9.818147e+03 9.811907e+03 9.794217e+03 9.800457e+03
7.1 9.828966e+03 9.807524e+03 9.799107e+03 9.820549e+03
8.1 9.799346e+03 9.802362e+03 9.799641e+03 9.796626e+03
9.1 9.788169e+03 9.802162e+03 9.796174e+03 9.782181e+03
10.1 9.805011e+03 9.801443e+03 9.794696e+03 9.798264e+03
11.1 9.806014e+03 9.799125e+03 9.799283e+03 9.806171e+03
12.1 9.792351e+03 9.800549e+03 9.800447e+03 9.792250e+03
13.1 9.805657e+03 9.804147e+03 9.799127e+03 9.800637e+03
14.1 9.820259e+03 9.802507e+03 9.802017e+03 9.819769e+03
15.1 9.787837e+03 9.792872e+03 9.801595e+03 9.796561e+03
16.1 9.765758e+03 9.781429e+03 9.797283e+03 9.781612e+03
17.1 9.770429e+03 9.773455e+03 9.793093e+03 9.790068e+03
18.1 9.800163e+03 9.769447e+03 9.790555e+03 9.821270e+03
19.1 9.795853e+03 9.768294e+03 9.789388e+03 9.816947e+03
20.1 9.791604e+03 9.772936e+03 9.789048e+03 9.807716e+03
0.5 9.790713e+03 9.807895e+03 9.794765e+03 9.777583e+03
1.5 9.818147e+03 9.811907e+03 9.794217e+03 9.800457e+03
2.5 9.828966e+03 9.807524e+03 9.799107e+03 9.820549e+03
3.5 9.799346e+03 9.802362e+03 9.799641e+03 9.796626e+03
4.5 9.788169e+03 9.802162e+03 9.796174e+03 9.782181e+03
5.5 9.805011e+03 9.801443e+03 9.794696e+03 9.798264e+03
6.5 9.806014e+03 9.799125e+03 9.799283e+03 9.806171e+03
7.5 9.792351e+03 9.800549e+03 9.800447e+03 9.792250e+03
8.5 9.805657e+03 9.804147e+03 9.799127e+03 9.800637e+03
9.5 9.820259e+03 9.802507e+03 9.802017e+03 9.819769e+03
10.5 9.787837e+03 9.792872e+03 9.801595e+03 9.796561e+03
11.5 9.765758e+03 9.781429e+03 9.797283e+03 9.781612e+03
12.5 9.770429e+03 9.773455e+03 9.793093e+03 9.790068e+03
13.5 9.800163e+03 9.769447e+03 9.790555e+03 9.821270e+03
14.5 9.795853e+03 9.768294e+03 9.789388e+03 9.816947e+03
15.5 9.791604e+03 9.772936e+03 9.789048e+03 9.807716e+03
16.5 9.787680e+03 9.784826e+03 9.789190e+03 9.792045e+03
17.5 9.816309e+03 9.794329e+03 9.792601e+03 9.814582e+03
18.5 9.817637e+03 9.797100e+03 9.799410e+03 9.819947e+03
19.5 9.788655e+03 9.796761e+03 9.800477e+03 9.792371e+03
20.5 9.786944e+03 9.802082e+03 9.797728e+03 9.782590e+03
0.4 9.788169e+03 9.802162e+03 9.796174e+03 9.782181e+03
1.4 9.805011e+03 9.801443e+03 9.794696e+03 9.798264e+03
2.4 9.806014e+03 9.799125e+03 9.799283e+03 9.806171e+03
3.4 9.792351e+03 9.800549e+03 9.800447e+03 9.792250e+03
4.4 9.805657e+03 9.804147e+03 9.799127e+03 9.800637e+03
5.4 9.820259e+03 9.802507e+03 9.802017e+03 9.819769e+03
6.4 9.787837e+03 9.792872e+03 9.801595e+03 9.796561e+03
7.4 9.765758e+03 9.781429e+03 9.797283e+03 9.781612e+03
8.4 9.770429e+03 9.773455e+03 9.793093e+03 9.790068e+03
9.4 9.800163e+03 9.769447e+03 9.790555e+03 9.821270e+03
10.4 9.795853e+03 9.768294e+03 9.789388e+03 9.816947e+03
11.4 9.791604e+03 9.772936e+03 9.789048e+03 9.807716e+03
12.4 9.787680e+03 9.784826e+03 9.789190e+03 9.792045e+03
13.4 9.816309e+03 9.794329e+03 9.792601e+03 9.814582e+03
14.4 9.817637e+03 9.797100e+03 9.799410e+03 9.819947e+03
15.4 9.788655e+03 9.796761e+03 9.800477e+03 9.792371e+03
16.4 9.786944e+03 9.802082e+03 9.797728e+03 9.782590e+03
17.4 9.801916e+03 9.804793e+03 9.799998e+03 9.797120e+03
18.4 9.790975e+03 9.798721e+03 9.802172e+03 9.794426e+03
19.4 9.774901e+03 9.791886e+03 9.799148e+03 9.782164e+03
20.4 9.791645e+03 9.797161e+03 9.794997e+03 9.789481e+03
0.4 9.792351e+03 9.800549e+03 9.800447e+03 9.792250e+03
1.4 9.805657e+03 9.804147e+03 9.799127e+03 9.800637e+03
2.4 9.820259e+03 9.802507e+03 9.802017e+03 9.819769e+03
3.4 9.787837e+03 9.792872e+03 9.801595e+03 9.796561e+03
4.4 9.765758e+03 9.781429e+03 9.797283e+03 9.781612e+03
5.4 9.770429e+03 9.773455e+03 9.793093e+03 9.790068e+03
6.4 9.800163e+03 9.769447e+03 9.790555e+03 9.821270e+03
7.4 9.795853e+03 9.768294e+03 9.789388e+03 9.816947e+03
8.4 9.791604e+03 9.772936e+03 9.789048e+03 9.807716e+03
9.4 9.787680e+03 9.784826e+03 9.789190e+03 9.792045e+03
10.4 9.816309e+03 9.794329e+03 9.792601e+03 9.814582e+03
11.4 9.817637e+03 9.797100e+03 9.799410e+03 9.819947e+03
12.4 9.788655e+03 9.796761e+03 9.800477e+03 9.792371e+03
13.4 9.786944e+03 9.802082e+03 9.797728e+03 9.782590e+03
14.4 9.801916e+03 9.804793e+03 9.799998e+03 9.797120e+03
15.4 9.790975e+03 9.798721e+03 9.802172e+03 9.794426e+03
16.4 9.774901e+03 9.791886e+03 9.799148e+03 9.782164e+03
17.4 9.791645e+03 9.797161e+03 9.794997e+03 9.789481e+03
18.4 9.823875e+03 9.802602e+03 9.796903e+03 9.818176e+03
19.4 9.796878e+03 9.798823e+03 9.800542e+03 9.798597e+03
20.4 9.777165e+03 9.788041e+03 9.798797e+03 9.787921e+03
0.6 9.787680e+03 9.784826e+03 9.789190e+03 9.792045e+03
1.6 9.816309e+03 9.794329e+03 9.792601e+03 9.814582e+03
2.6 9.817637e+03 9.797100e+03 9.799410e+03 9.819947e+03
3.6 9.788655e+03 9.796761e+03 9.800477e+03 9.792371e+03
4.6 9.786944e+03 9.802082e+03 9.797728e+03 9.782590e+03
5.6 9.801916e+03 9.804793e+03 9.799998e+03 9.797120e+03
6.6 9.790975e+03 9.798721e+03 9.802172e+03 9.794426e+03
7.6 9.774901e+03 9.791886e+03 9.799148e+03 9.782164e+03
8.6 9.791645e+03 9.797161e+03 9.794997e+03 9.789481e+03
9.6 9.823875e+03 9.802602e+03 9.796903e+03 9.818176e+03
10.6 9.796878e+03 9.798823e+03 9.800542e+03 9.798597e+03
11.6 9.777165e+03 9.788041e+03 9.798797e+03 9.787921e+03
12.6 9.760705e+03 9.778118e+03 9.794816e+03 9.777403e+03
13.6 9.775626e+03 9.772099e+03 9.791774e+03 9.795300e+03
14.6 9.778739e+03 9.769349e+03 9.790139e+03 9.799528e+03
15.6 9.800728e+03 9.771312e+03 9.789448e+03 9.818864e+03
16.6 9.841629e+03 9.785874e+03 9.789303e+03 9.845059e+03
17.6 9.840647e+03 9.797701e+03 9.789457e+03 9.832403e+03
18.6 9.803140e+03 9.795709e+03 9.789734e+03 9.797165e+03
19.6 9.765632e+03 9.786792e+03 9.790011e+03 9.768850e+03
20.6 9.744411e+03 9.778936e+03 9.790229e+03 9.755704e+03
0.1 9.788655e+03 9.796761e+03 9.800477e+03 9.792371e+03
1.1 9.786944e+03 9.802082e+03 9.797728e+03 9.782590e+03
2.1 9.801916e+03 9.804793e+03 9.799998e+03 9.797120e+03
3.1 9.790975e+03 9.798721e+03 9.802172e+03 9.794426e+03
4.1 9.774901e+03 9.791886e+03 9.799148e+03 9.782164e+03
5.1 9.791645e+03 9.797161e+03 9.794997e+03 9.789481e+03
6.1 9.823875e+03 9.802602e+03 9.796903e+03 9.818176e+03
7.1 9.796878e+03 9.798823e+03 9.800542e+03 9.798597e+03
8.1 9.777165e+03 9.788041e+03 9.798797e+03 9.787921e+03
9.1 9.760705e+03 9.778118e+03 9.794816e+03 9.777403e+03
10.1 9.775626e+03 9.772099e+03 9.791774e+03 9.795300e+03
11.1 9.778739e+03 9.769349e+03 9.790139e+03 9.799528e+03
12.1 9.800728e+03 9.771312e+03 9.789448e+03 9.818864e+03
13.1 9.841629e+03 9.785874e+03 9.789303e+03 9.845059e+03
14.1 9.840647e+03 9.797701e+03 9.789457e+03 9.832403e+03
15.1 9.803140e+03 9.795709e+03 9.789734e+03 9.797165e+03
16.1 9.765632e+03 9.786792e+03 9.790011e+03 9.768850e+03
17.1 9.744411e+03 9.778936e+03 9.790229e+03 9.755704e+03
18.1 9.772063e+03 9.780963e+03 9.790375e+03 9.781475e+03
19.1 9.779248e+03 9.795953e+03 9.790493e+03 9.773788e+03
20.1 9.814123e+03 9.806699e+03 9.793640e+03 9.801064e+03
0.9 9.791645e+03 9.797161e+03 9.794997e+03 9.789481e+03
1.9 9.823875e+03 9.802602e+03 9.796903e+03 9.818176e+03
2.9 9.796878e+03 9.798823e+03 9.800542e+03 9.798597e+03
3.9 9.777165e+03 9.788041e+03 9.798797e+03 9.787921e+03
4.9 9.760705e+03 9.778118e+03 9.794816e+03 9.777403e+03
5.9 9.775626e+03 9.772099e+03 9.791774e+03 9.795300e+03
6.9 9.778739e+03 9.769349e+03 9.790139e+03 9.799528e+03
7.9 9.800728e+03 9.771312e+03 9.789448e+03 9.818864e+03
8.9 9.841629e+03 9.785874e+03 9.789303e+03 9.845059e+03
9.9 9.840647e+03 9.797701e+03 9.789457e+03 9.832403e+03
10.9 9.803140e+03 9.795709e+03 9.789734e+03 9.797165e+03
11.9 9.765632e+03 9.786792e+03 9.790011e+03 9.768850e+03
12.9 9.744411e+03 9.778936e+03 9.790229e+03 9.755704e+03
13.9 9.772063e+03 9.780963e+03 9.790375e+03 9.781475e+03
14.9 9.779248e+03 9.795953e+03 9.790493e+03 9.773788e+03
15.9 9.814123e+03 9.806699e+03 9.793640e+03 9.801064e+03
16.9 9.816216e+03 9.805673e+03 9.800129e+03 9.810672e+03
17.9 9.774012e+03 9.794969e+03 9.800920e+03 9.779963e+03
18.9 9.756478e+03 9.783093e+03 9.797379e+03 9.770764e+03
19.9 9.757969e+03 9.774888e+03 9.793757e+03 9.776838e+03
20.9 9.765665e+03 9.770530e+03 9.791430e+03 9.786565e+03
0.6 9.779248e+03 9.795953e+03 9.790493e+03 9.773788e+03
1.6 9.814123e+03 9.806699e+03 9.793640e+03 9.801064e+03
2.6 9.816216e+03 9.805673e+03 9.800129e+03 9.810672e+03
3.6 9.774012e+03 9.794969e+03 9.800920e+03 9.779963e+03
4.6 9.756478e+03 9.783093e+03 9.797379e+03 9.770764e+03
5.6 9.757969e+03 9.774888e+03 9.793757e+03 9.776838e+03
6.6 9.765665e+03 9.770530e+03 9.791430e+03 9.786565e+03
7.6 9.773863e+03 9.768834e+03 9.790193e+03 9.795222e+03
8.6 9.786406e+03 9.770514e+03 9.789667e+03 9.805559e+03
9.6 9.792588e+03 9.784749e+03 9.789586e+03 9.797426e+03
10.6 9.788289e+03 9.807642e+03 9.789745e+03 9.770391e+03
11.6 9.809415e+03 9.820152e+03 9.791926e+03 9.781189e+03
12.6 9.822958e+03 9.817796e+03 9.798786e+03 9.803948e+03
13.6 9.782559e+03 9.813336e+03 9.801080e+03 9.770303e+03
14.6 9.768261e+03 9.816156e+03 9.798090e+03 9.750195e+03
15.6 9.803032e+03 9.816979e+03 9.795733e+03 9.781786e+03
16.6 9.865525e+03 9.810917e+03 9.799685e+03 9.854292e+03
17.6 9.835993e+03 9.805622e+03 9.801204e+03 9.831576e+03
18.6 9.808314e+03 9.804709e+03 9.799228e+03 9.802833e+03
19.6 9.786533e+03 9.801877e+03 9.801712e+03 9.786368e+03
20.6 9.768428e+03 9.796326e+03 9.802017e+03 9.774119e+03
0.4 9.788289e+03 9.807642e+03 9.789745e+03 9.770391e+03
1.4 9.809415e+03 9.820152e+03 9.791926e+03 9.781189e+03
2.4 9.822958e+03 9.817796e+03 9.798786e+03 9.803948e+03
3.4 9.782559e+03 9.813336e+03 9.801080e+03 9.770303e+03
4.4 9.768261e+03 9.816156e+03 9.798090e+03 9.750195e+03
5.4 9.803032e+03 9.816979e+03 9.795733e+03 9.781786e+03
6.4 9.865525e+03 9.810917e+03 9.799685e+03 9.854292e+03
7.4 9.835993e+03 9.805622e+03 9.801204e+03 9.831576e+03
8.4 9.808314e+03 9.804709e+03 9.799228e+03 9.802833e+03
9.4 9.786533e+03 9.801877e+03 9.801712e+03 9.786368e+03
10.4 9.768428e+03 9.796326e+03 9.802017e+03 9.774119e+03
11.4 9.762532e+03 9.798358e+03 9.798193e+03 9.762368e+03
12.4 9.780992e+03 9.801258e+03 9.798524e+03 9.778258e+03
13.4 9.799433e+03 9.797213e+03 9.801295e+03 9.803516e+03
14.4 9.778696e+03 9.786969e+03 9.799174e+03 9.790900e+03
15.4 9.770544e+03 9.783991e+03 9.794876e+03 9.781430e+03
16.4 9.776537e+03 9.797970e+03 9.791624e+03 9.770191e+03
17.4 9.796550e+03 9.810318e+03 9.792163e+03 9.778394e+03
18.4 9.797879e+03 9.809510e+03 9.798132e+03 9.786501e+03
19.4 9.788719e+03 9.802368e+03 9.799783e+03 9.786135e+03
20.4 9.782602e+03 9.803726e+03 9.796752e+03 9.775628e+03
0.3 9.768261e+03 9.816156e+03 9.798090e+03 9.750195e+03
1.3 9.803032e+03 9.816979e+03 9.795733e+03 9.781786e+03
2.3 9.865525e+03 9.810917e+03 9.799685e+03 9.854292e+03
3.3 9.835993e+03 9.805622e+03 9.801204e+03 9.831576e+03
4.3 9.808314e+03 9.804709e+03 9.799228e+03 9.802833e+03
5.3 9.786533e+03 9.801877e+03 9.801712e+03 9.786368e+03
6.3 9.768428e+03 9.796326e+03 9.802017e+03 9.774119e+03
7.3 9.762532e+03 9.798358e+03 9.798193e+03 9.762368e+03
8.3 9.780992e+03 9.801258e+03 9.798524e+03 9.778258e+03
9.3 9.799433e+03 9.797213e+03 9.801295e+03 9.803516e+03
10.3 9.778696e+03 9.786969e+03 9.799174e+03 9.790900e+03
11.3 9.770544e+03 9.783991e+03 9.794876e+03 9.781430e+03
12.3 9.776537e+03 9.797970e+03 9.791624e+03 9.770191e+03
13.3 9.796550e+03 9.810318e+03 9.792163e+03 9.778394e+03
14.3 9.797879e+03 9.809510e+03 9.798132e+03 9.786501e+03
15.3 9.788719e+03 9.802368e+03 9.799783e+03 9.786135e+03
16.3 9.782602e+03 9.803726e+03 9.796752e+03 9.775628e+03
17.3 9.803244e+03 9.801951e+03 9.793312e+03 9.794605e+03
18.3 9.777412e+03 9.793354e+03 9.791105e+03 9.775163e+03
19.3 9.773478e+03 9.793733e+03 9.789976e+03 9.769722e+03
20.3 9.794349e+03 9.799106e+03 9.789525e+03 9.784768e+03
0.3 9.835993e+03 9.805622e+03 9.801204e+03 9.831576e+03
1.3 9.808314e+03 9.804709e+03 9.799228e+03 9.802833e+03
2.3 9.786533e+03 9.801877e+03 9.801712e+03 9.786368e+03
3.3 9.768428e+03 9.796326e+03 9.802017e+03 9.774119e+03
4.3 9.762532e+03 9.798358e+03 9.798193e+03 9.762368e+03
5.3 9.780992e+03 9.801258e+03 9.798524e+03 9.778258e+03
6.3 9.799433e+03 9.797213e+03 9.801295e+03 9.803516e+03
7.3 9.778696e+03 9.786969e+03 9.799174e+03 9.790900e+03
8.3 9.770544e+03 9.783991e+03 9.794876e+03 9.781430e+03
9.3 9.776537e+03 9.797970e+03 9.791624e+03 9.770191e+03
10.3 9.796550e+03 9.810318e+03 9.792163e+03 9.778394e+03
11.3 9.797879e+03 9.809510e+03 9.798132e+03 9.786501e+03
12.3 9.788719e+03 9.802368e+03 9.799783e+03 9.786135e+03
13.3 9.782602e+03 9.803726e+03 9.796752e+03 9.775628e+03
14.3 9.803244e+03 9.801951e+03 9.793312e+03 9.794605e+03
15.3 9.777412e+03 9.793354e+03 9.791105e+03 9.775163e+03
16.3 9.773478e+03 9.793733e+03 9.789976e+03 9.769722e+03
17.3 9.794349e+03 9.799106e+03 9.789525e+03 9.784768e+03
18.3 9.808805e+03 9.795275e+03 9.789486e+03 9.803017e+03
19.3 9.791848e+03 9.785368e+03 9.789668e+03 9.796148e+03
20.3 9.772533e+03 9.776605e+03 9.789923e+03 9.785851e+03
0.9 9.762532e+03 9.798358e+03 9.798193e+03 9.762368e+03
1.9 9.780992e+03 9.801258e+03 9.798524e+03 9.778258e+03
2.9 9.799433e+03 9.797213e+03 9.801295e+03 9.803516e+03
3.9 9.778696e+03 9.786969e+03 9.799174e+03 9.790900e+03
4.9 9.770544e+03 9.783991e+03 9.794876e+03 9.781430e+03
5.9 9.776537e+03 9.797970e+03 9.791624e+03 9.770191e+03
6.9 9.796550e+03 9.810318e+03 9.792163e+03 9.778394e+03
7.9 9.797879e+03 9.809510e+03 9.798132e+03 9.786501e+03
8.9 9.788719e+03 9.802368e+03 9.799783e+03 9.786135e+03
9.9 9.782602e+03 9.803726e+03 9.796752e+03 9.775628e+03
10.9 9.803244e+03 9.801951e+03 9.793312e+03 9.794605e+03
11.9 9.777412e+03 9.793354e+03 9.791105e+03 9.775163e+03
12.9 9.773478e+03 9.793733e+03 9.789976e+03 9.769722e+03
13.9 9.794349e+03 9.799106e+03 9.789525e+03 9.784768e+03
14.9 9.808805e+03 9.795275e+03 9.789486e+03 9.803017e+03
15.9 9.791848e+03 9.785368e+03 9.789668e+03 9.796148e+03
16.9 9.772533e+03 9.776605e+03 9.789923e+03 9.785851e+03
17.9 9.779285e+03 9.771452e+03 9.790155e+03 9.797987e+03
18.9 9.789605e+03 9.769208e+03 9.790324e+03 9.810720e+03
19.9 9.785379e+03 9.768719e+03 9.790430e+03 9.807091e+03
20.9 9.779725e+03 9.769159e+03 9.790491e+03 9.801057e+03
0.5 9.776537e+03 9.797970e+03 9.791624e+03 9.770191e+03
1.5 9.796550e+03 9.810318e+03 9.792163e+03 9.778394e+03
2.5 9.797879e+03 9.809510e+03 9.798132e+03 9.786501e+03
3.5 9.788719e+03 9.802368e+03 9.799783e+03 9.786135e+03
4.5 9.782602e+03 9.803726e+03 9.796752e+03 9.775628e+03
5.5 9.803244e+03 9.801951e+03 9.793312e+03 9.794605e+03
6.5 9.777412e+03 9.793354e+03 9.791105e+03 9.775163e+03
7.5 9.773478e+03 9.793733e+03 9.789976e+03 9.769722e+03
8.5 9.794349e+03 9.799106e+03 9.789525e+03 9.784768e+03
9.5 9.808805e+03 9.795275e+03 9.789486e+03 9.803017e+03
10.5 9.791848e+03 9.785368e+03 9.789668e+03 9.796148e+03
11.5 9.772533e+03 9.776605e+03 9.789923e+03 9.785851e+03
12.5 9.779285e+03 9.771452e+03 9.790155e+03 9.797987e+03
13.5 9.789605e+03 9.769208e+03 9.790324e+03 9.810720e+03
14.5 9.785379e+03 9.768719e+03 9.790430e+03 9.807091e+03
15.5 9.779725e+03 9.769159e+03 9.790491e+03 9.801057e+03
16.5 9.783223e+03 9.770154e+03 9.790521e+03 9.803591e+03
17.5 9.781560e+03 9.775475e+03 9.790536e+03 9.796621e+03
18.5 9.795422e+03 9.787812e+03 9.790542e+03 9.798153e+03
19.5 9.796763e+03 9.798478e+03 9.791071e+03 9.789356e+03
20.5 9.818213e+03 9.802472e+03 9.796710e+03 9.812452e+03
1.0 9.796763e+03 9.798478e+03 9.791071e+03 9.789356e+03
2.0 9.818213e+03 9.802472e+03 9.796710e+03 9.812452e+03
3.0 9.815260e+03 9.804933e+03 9.801320e+03 9.811647e+03
4.0 9.791849e+03 9.813428e+03 9.799634e+03 9.778055e+03
5.0 9.790904e+03 9.820633e+03 9.796157e+03 9.766428e+03
6.0 9.810436e+03 9.817471e+03 9.798559e+03 9.791524e+03
7.0 9.828939e+03 9.805019e+03 9.801529e+03 9.825448e+03
8.0 9.814305e+03 9.789175e+03 9.799088e+03 9.824218e+03
9.0 9.756171e+03 9.776968e+03 9.794848e+03 9.774051e+03
10.0 9.755833e+03 9.772223e+03 9.791757e+03 9.775367e+03
11.0 9.775934e+03 9.782897e+03 9.790121e+03 9.783158e+03
12.0 9.817128e+03 9.794616e+03 9.789441e+03 9.811953e+03
13.0 9.823728e+03 9.793917e+03 9.789311e+03 9.819122e+03
14.0 9.784350e+03 9.793469e+03 9.789476e+03 9.780357e+03
15.0 9.788759e+03 9.801918e+03 9.790605e+03 9.777445e+03
16.0 9.789798e+03 9.805924e+03 9.797000e+03 9.780874e+03
17.0 9.772784e+03 9.799031e+03 9.801102e+03 9.774855e+03
18.0 9.743511e+03 9.786871e+03 9.799046e+03 9.755686e+03
19.0 9.757780e+03 9.779498e+03 9.795194e+03 9.773475e+03
20.0 9.779202e+03 9.787884e+03 9.792349e+03 9.783668e+03
21.0 9.795342e+03 9.799267e+03 9.794146e+03 9.790221e+03
1.0 9.790904e+03 9.820633e+03 9.796157e+03 9.766428e+03
2.0 9.810436e+03 9.817471e+03 9.798559e+03 9.791524e+03
3.0 9.828939e+03 9.805019e+03 9.801529e+03 9.825448e+03
4.0 9.814305e+03 9.789175e+03 9.799088e+03 9.824218e+03
5.0 9.756171e+03 9.776968e+03 9.794848e+03 9.774051e+03
6.0 9.755833e+03 9.772223e+03 9.791757e+03 9.775367e+03
7.0 9.775934e+03 9.782897e+03 9.790121e+03 9.783158e+03
8.0 9.817128e+03 9.794616e+03 9.789441e+03 9.811953e+03
9.0 9.823728e+03 9.793917e+03 9.789311e+03 9.819122e+03
10.0 9.784350e+03 9.793469e+03 9.789476e+03 9.780357e+03
11.0 9.788759e+03 9.801918e+03 9.790605e+03 9.777445e+03
12.0 9.789798e+03 9.805924e+03 9.797000e+03 9.780874e+03
13.0 9.772784e+03 9.799031e+03 9.801102e+03 9.774855e+03
14.0 9.743511e+03 9.786871e+03 9.799046e+03 9.755686e+03
15.0 9.757780e+03 9.779498e+03 9.795194e+03 9.773475e+03
16.0 9.779202e+03 9.787884e+03 9.792349e+03 9.783668e+03
17.0 9.795342e+03 9.799267e+03 9.794146e+03 9.790221e+03
18.0 9.792295e+03 9.800686e+03 9.799667e+03 9.791276e+03
19.0 9.761736e+03 9.792739e+03 9.799825e+03 9.768822e+03
20.0 9.769932e+03 9.789605e+03 9.796255e+03 9.776582e+03
21.0 9.796599e+03 9.793519e+03 9.793257e+03 9.796337e+03
0.1 9.784350e+03 9.793469e+03 9.789476e+03 9.780357e+03
1.1 9.788759e+03 9.801918e+03 9.790605e+03 9.777445e+03
2.1 9.789798e+03 9.805924e+03 9.797000e+03 9.780874e+03
3.1 9.772784e+03 9.799031e+03 9.801102e+03 9.774855e+03
4.1 9.743511e+03 9.786871e+03 9.799046e+03 9.755686e+03
5.1 9.757780e+03 9.779498e+03 9.795194e+03 9.773475e+03
6.1 9.779202e+03 9.787884e+03 9.792349e+03 9.783668e+03
7.1 9.795342e+03 9.799267e+03 9.794146e+03 9.790221e+03
8.1 9.792295e+03 9.800686e+03 9.799667e+03 9.791276e+03
9.1 9.761736e+03 9.792739e+03 9.799825e+03 9.768822e+03
10.1 9.769932e+03 9.789605e+03 9.796255e+03 9.776582e+03
11.1 9.796599e+03 9.793519e+03 9.793257e+03 9.796337e+03
12.1 9.844587e+03 9.796437e+03 9.796429e+03 9.844579e+03
13.1 9.817407e+03 9.793535e+03 9.800530e+03 9.824403e+03
14.1 9.758374e+03 9.785137e+03 9.798900e+03 9.772137e+03
15.1 9.746108e+03 9.780527e+03 9.794994e+03 9.760574e+03
16.1 9.758382e+03 9.786551e+03 9.791986e+03 9.763817e+03
17.1 9.795130e+03 9.795193e+03 9.790332e+03 9.790269e+03
18.1 9.812495e+03 9.795683e+03 9.789595e+03 9.806407e+03
19.1 9.825753e+03 9.794560e+03 9.789404e+03 9.820596e+03
20.1 9.820620e+03 9.805189e+03 9.789520e+03 9.804952e+03
0.7 9.779202e+03 9.787884e+03 9.792349e+03 9.783668e+03
1.7 9.795342e+03 9.799267e+03 9.794146e+03 9.790221e+03
2.7 9.792295e+03 9.800686e+03 9.799667e+03 9.791276e+03
3.7 9.761736e+03 9.792739e+03 9.799825e+03 9.768822e+03
4.7 9.769932e+03 9.789605e+03 9.796255e+03 9.776582e+03
5.7 9.796599e+03 9.793519e+03 9.793257e+03 9.796337e+03
6.7 9.844587e+03 9.796437e+03 9.796429e+03 9.844579e+03
7.7 9.817407e+03 9.793535e+03 9.800530e+03 9.824403e+03
8.7 9.758374e+03 9.785137e+03 9.798900e+03 9.772137e+03
9.7 9.746108e+03 9.780527e+03 9.794994e+03 9.760574e+03
10.7 9.758382e+03 9.786551e+03 9.791986e+03 9.763817e+03
11.7 9.795130e+03 9.795193e+03 9.790332e+03 9.790269e+03
12.7 9.812495e+03 9.795683e+03 9.789595e+03 9.806407e+03
13.7 9.825753e+03 9.794560e+03 9.789404e+03 9.820596e+03
14.7 9.820620e+03 9.805189e+03 9.789520e+03 9.804952e+03
15.7 9.801086e+03 9.818633e+03 9.789988e+03 9.772441e+03
16.7 9.824375e+03 9.819806e+03 9.794954e+03 9.799523e+03
17.7 9.799245e+03 9.808937e+03 9.800710e+03 9.791018e+03
18.7 9.789947e+03 9.792639e+03 9.800054e+03 9.797361e+03
19.7 9.788920e+03 9.779192e+03 9.796270e+03 9.805999e+03
20.7 9.788352e+03 9.771266e+03 9.792994e+03 9.810080e+03
1.0 9.796599e+03 9.793519e+03 9.793257e+03 9.796337e+03
2.0 9.844587e+03 9.796437e+03 9.796429e+03 9.844579e+03
3.0 9.817407e+03 9.793535e+03 9.800530e+03 9.824403e+03
4.0 9.758374e+03 9.785137e+03 9.798900e+03 9.772137e+03
5.0 9.746108e+03 9.780527e+03 9.794994e+03 9.760574e+03
6.0 9.758382e+03 9.786551e+03 9.791986e+03 9.763817e+03
7.0 9.795130e+03 9.795193e+03 9.790332e+03 9.790269e+03
8.0 9.812495e+03 9.795683e+03 9.789595e+03 9.806407e+03
9.0 9.825753e+03 9.794560e+03 9.789404e+03 9.820596e+03
10.0 9.820620e+03 9.805189e+03 9.789520e+03 9.804952e+03
11.0 9.801086e+03 9.818633e+03 9.789988e+03 9.772441e+03
12.0 9.824375e+03 9.819806e+03 9.794954e+03 9.799523e+03
13.0 9.799245e+03 9.808937e+03 9.800710e+03 9.791018e+03
14.0 9.789947e+03 9.792639e+03 9.800054e+03 9.797361e+03
15.0 9.788920e+03 9.779192e+03 9.796270e+03 9.805999e+03
16.0 9.788352e+03 9.771266e+03 9.792994e+03 9.810080e+03
17.0 9.784700e+03 9.770753e+03 9.791008e+03 9.804955e+03
18.0 9.789789e+03 9.784699e+03 9.789995e+03 9.795085e+03
19.0 9.816661e+03 9.801419e+03 9.790555e+03 9.805798e+03
20.0 9.838229e+03 9.807050e+03 9.796774e+03 9.827953e+03
21.0 9.789960e+03 9.800252e+03 9.800665e+03 9.790374e+03
0.9 9.801086e+03 9.818633e+03 9.789988e+03 9.772441e+03
1.9 9.824375e+03 9.819806e+03 9.794954e+03 9.799523e+03
2.9 9.799245e+03 9.808937e+03 9.800710e+03 9.791018e+03
3.9 9.789947e+03 9.792639e+03 9.800054e+03 9.797361e+03
4.9 9.788920e+03 9.779192e+03 9.796270e+03 9.805999e+03
5.9 9.788352e+03 9.771266e+03 9.792994e+03 9.810080e+03
6.9 9.784700e+03 9.770753e+03 9.791008e+03 9.804955e+03
7.9 9.789789e+03 9.784699e+03 9.789995e+03 9.795085e+03
8.9 9.816661e+03 9.801419e+03 9.790555e+03 9.805798e+03
9.9 9.838229e+03 9.807050e+03 9.796774e+03 9.827953e+03
10.9 9.789960e+03 9.800252e+03 9.800665e+03 9.790374e+03
11.9 9.755400e+03 9.788141e+03 9.798588e+03 9.765848e+03
12.9 9.756626e+03 9.778173e+03 9.794861e+03 9.773314e+03
13.9 9.780252e+03 9.776205e+03 9.792098e+03 9.796145e+03
14.9 9.777760e+03 9.789248e+03 9.790529e+03 9.779042e+03
15.9 9.793909e+03 9.802228e+03 9.789784e+03 9.781465e+03
16.9 9.793259e+03 9.800743e+03 9.789562e+03 9.782078e+03
17.9 9.765088e+03 9.793965e+03 9.789650e+03 9.760773e+03
18.9 9.788871e+03 9.800839e+03 9.789871e+03 9.777902e+03
19.9 9.831695e+03 9.811935e+03 9.790103e+03 9.809863e+03
20.9 9.838212e+03 9.808275e+03 9.790286e+03 9.820223e+03
0.2 9.789789e+03 9.784699e+03 9.789995e+03 9.795085e+03
1.2 9.816661e+03 9.801419e+03 9.790555e+03 9.805798e+03
2.2 9.838229e+03 9.807050e+03 9.796774e+03 9.827953e+03
3.2 9.789960e+03 9.800252e+03 9.800665e+03 9.790374e+03
4.2 9.755400e+03 9.788141e+03 9.798588e+03 9.765848e+03
5.2 9.756626e+03 9.778173e+03 9.794861e+03 9.773314e+03
6.2 9.780252e+03 9.776205e+03 9.792098e+03 9.796145e+03
7.2 9.777760e+03 9.789248e+03 9.790529e+03 9.779042e+03
8.2 9.793909e+03 9.802228e+03 9.789784e+03 9.781465e+03
9.2 9.793259e+03 9.800743e+03 9.789562e+03 9.782078e+03
10.2 9.765088e+03 9.793965e+03 9.789650e+03 9.760773e+03
11.2 9.788871e+03 9.800839e+03 9.789871e+03 9.777902e+03
12.2 9.831695e+03 9.811935e+03 9.790103e+03 9.809863e+03
13.2 9.838212e+03 9.808275e+03 9.790286e+03 9.820223e+03
14.2 9.811862e+03 9.794627e+03 9.790407e+03 9.807642e+03
15.2 9.773455e+03 9.784418e+03 9.790478e+03 9.779515e+03
16.2 9.740732e+03 9.786602e+03 9.790515e+03 9.744645e+03
17.2 9.764226e+03 9.794081e+03 9.790685e+03 9.760830e+03
18.2 9.799926e+03 9.797723e+03 9.795051e+03 9.797254e+03
19.2 9.801881e+03 9.795608e+03 9.800863e+03 9.807135e+03
20.2 9.781360e+03 9.793495e+03 9.800396e+03 9.788261e+03
0.8 9.764226e+03 9.794081e+03 9.790685e+03 9.760830e+03
1.8 9.799926e+03 9.797723e+03 9.795051e+03 9.797254e+03
2.8 9.801881e+03 9.795608e+03 9.800863e+03 9.807135e+03
3.8 9.781360e+03 9.793495e+03 9.800396e+03 9.788261e+03
4.8 9.763933e+03 9.801176e+03 9.796597e+03 9.759354e+03
5.8 9.781426e+03 9.807101e+03 9.795957e+03 9.770282e+03
6.8 9.799280e+03 9.804462e+03 9.800449e+03 9.795268e+03
7.8 9.792093e+03 9.799392e+03 9.800543e+03 9.793244e+03
8.8 9.802443e+03 9.803582e+03 9.797151e+03 9.796012e+03
9.8 9.817977e+03 9.806122e+03 9.798948e+03 9.810803e+03
10.8 9.796191e+03 9.801108e+03 9.801507e+03 9.796590e+03
11.8 9.781013e+03 9.802566e+03 9.798906e+03 9.777353e+03
12.8 9.810463e+03 9.811908e+03 9.794619e+03 9.793174e+03
13.8 9.823023e+03 9.809730e+03 9.791527e+03 9.804820e+03
14.8 9.781224e+03 9.796479e+03 9.789920e+03 9.774665e+03
15.8 9.752332e+03 9.782615e+03 9.789287e+03 9.759004e+03
16.8 9.742308e+03 9.774179e+03 9.789207e+03 9.757335e+03
17.8 9.765662e+03 9.778672e+03 9.789413e+03 9.776402e+03
18.8 9.787055e+03 9.795419e+03 9.789721e+03 9.781357e+03
19.8 9.835942e+03 9.808161e+03 9.791171e+03 9.818951e+03
20.8 9.840277e+03 9.809841e+03 9.797781e+03 9.828217e+03
0.5 9.763933e+03 9.801176e+03 9.796597e+03 9.759354e+03
1.5 9.781426e+03 9.807101e+03 9.795957e+03 9.770282e+03
2.5 9.799280e+03 9.804462e+03 9.800449e+03 9.795268e+03
3.5 9.792093e+03 9.799392e+03 9.800543e+03 9.793244e+03
4.5 9.802443e+03 9.803582e+03 9.797151e+03 9.796012e+03
5.5 9.817977e+03 9.806122e+03 9.798948e+03 9.810803e+03
6.5 9.796191e+03 9.801108e+03 9.801507e+03 9.796590e+03
7.5 9.781013e+03 9.802566e+03 9.798906e+03 9.777353e+03
8.5 9.810463e+03 9.811908e+03 9.794619e+03 9.793174e+03
9.5 9.823023e+03 9.809730e+03 9.791527e+03 9.804820e+03
10.5 9.781224e+03 9.796479e+03 9.789920e+03 9.774665e+03
11.5 9.752332e+03 9.782615e+03 9.789287e+03 9.759004e+03
12.5 9.742308e+03 9.774179e+03 9.789207e+03 9.757335e+03
13.5 9.765662e+03 9.778672e+03 9.789413e+03 9.776402e+03
14.5 9.787055e+03 9.795419e+03 9.789721e+03 9.781357e+03
15.5 9.835942e+03 9.808161e+03 9.791171e+03 9.818951e+03
16.5 9.840277e+03 9.809841e+03 9.797781e+03 9.828217e+03
17.5 9.830291e+03 9.809409e+03 9.801245e+03 9.822127e+03
18.5 9.824882e+03 9.810271e+03 9.800456e+03 9.815067e+03
19.5 9.818886e+03 9.806546e+03 9.803195e+03 9.815535e+03
20.5 9.780672e+03 9.795397e+03 9.802925e+03 9.788201e+03
1.0 9.802443e+03 9.803582e+03 9.797151e+03 9.796012e+03
2.0 9.817977e+03 9.806122e+03 9.798948e+03 9.810803e+03
3.0 9.796191e+03 9.801108e+03 9.801507e+03 9.796590e+03
4.0 9.781013e+03 9.802566e+03 9.798906e+03 9.777353e+03
5.0 9.810463e+03 9.811908e+03 9.794619e+03 9.793174e+03
6.0 9.823023e+03 9.809730e+03 9.791527e+03 9.804820e+03
7.0 9.781224e+03 9.796479e+03 9.789920e+03 9.774665e+03
8.0 9.752332e+03 9.782615e+03 9.789287e+03 9.759004e+03
9.0 9.742308e+03 9.774179e+03 9.789207e+03 9.757335e+03
10.0 9.765662e+03 9.778672e+03 9.789413e+03 9.776402e+03
11.0 9.787055e+03 9.795419e+03 9.789721e+03 9.781357e+03
12.0 9.835942e+03 9.808161e+03 9.791171e+03 9.818951e+03
13.0 9.840277e+03 9.809841e+03 9.797781e+03 9.828217e+03
14.0 9.830291e+03 9.809409e+03 9.801245e+03 9.822127e+03
15.0 9.824882e+03 9.810271e+03 9.800456e+03 9.815067e+03
16.0 9.818886e+03 9.806546e+03 9.803195e+03 9.815535e+03
17.0 9.780672e+03 9.795397e+03 9.802925e+03 9.788201e+03
18.0 9.769741e+03 9.782576e+03 9.798422e+03 9.785587e+03
19.0 9.774679e+03 9.773900e+03 9.793826e+03 9.794604e+03
20.0 9.781409e+03 9.776078e+03 9.790938e+03 9.796269e+03
21.0 9.776914e+03 9.791910e+03 9.789550e+03 9.774554e+03
0.2 9.787055e+03 9.795419e+03 9.789721e+03 9.781357e+03
1.2 9.835942e+03 9.808161e+03 9.791171e+03 9.818951e+03
2.2 9.840277e+03 9.809841e+03 9.797781e+03 9.828217e+03
3.2 9.830291e+03 9.809409e+03 9.801245e+03 9.822127e+03
4.2 9.824882e+03 9.810271e+03 9.800456e+03 9.815067e+03
5.2 9.818886e+03 9.806546e+03 9.803195e+03 9.815535e+03
6.2 9.780672e+03 9.795397e+03 9.802925e+03 9.788201e+03
7.2 9.769741e+03 9.782576e+03 9.798422e+03 9.785587e+03
8.2 9.774679e+03 9.773900e+03 9.793826e+03 9.794604e+03
9.2 9.781409e+03 9.776078e+03 9.790938e+03 9.796269e+03
10.2 9.776914e+03 9.791910e+03 9.789550e+03 9.774554e+03
11.2 9.783184e+03 9.806972e+03 9.789618e+03 9.765830e+03
12.2 9.815886e+03 9.810334e+03 9.795310e+03 9.800862e+03
13.2 9.817644e+03 9.802534e+03 9.800210e+03 9.815320e+03
0.4 9.830291e+03 9.809409e+03 9.801245e+03 9.822127e+03
1.4 9.824882e+03 9.810271e+03 9.800456e+03 9.815067e+03
2.4 9.818886e+03 9.806546e+03 9.803195e+03 9.815535e+03
3.4 9.780672e+03 9.795397e+03 9.802925e+03 9.788201e+03
4.4 9.769741e+03 9.782576e+03 9.798422e+03 9.785587e+03
5.4 9.774679e+03 9.773900e+03 9.793826e+03 9.794604e+03
6.4 9.781409e+03 9.776078e+03 9.790938e+03 9.796269e+03
7.4 9.776914e+03 9.791910e+03 9.789550e+03 9.774554e+03
8.4 9.783184e+03 9.806972e+03 9.789618e+03 9.765830e+03
9.4 9.815886e+03 9.810334e+03 9.795310e+03 9.800862e+03
10.4 9.817644e+03 9.802534e+03 9.800210e+03 9.815320e+03
1.0 9.783184e+03 9.806972e+03 9.789618e+03 9.765830e+03
2.0 9.815886e+03 9.810334e+03 9.795310e+03 9.800862e+03
3.0 9.817644e+03 9.802534e+03 9.800210e+03 9.815320e+03
