0.3 9.609277e+03 9.587937e+03 9.556279e+03 9.577619e+03
1.3 9.585594e+03 9.575939e+03 9.557874e+03 9.567529e+03
2.3 9.584663e+03 9.572352e+03 9.570805e+03 9.583117e+03
3.3 9.583837e+03 9.584338e+03 9.592429e+03 9.591928e+03
4.3 9.620465e+03 9.589121e+03 9.602618e+03 9.633962e+03
5.3 9.612955e+03 9.573564e+03 9.592710e+03 9.632101e+03
6.3 9.585358e+03 9.555763e+03 9.576271e+03 9.605866e+03
7.3 9.528885e+03 9.549830e+03 9.563615e+03 9.542669e+03
8.3 9.543688e+03 9.558381e+03 9.556295e+03 9.541602e+03
9.3 9.573889e+03 9.564197e+03 9.552864e+03 9.562556e+03
10.3 9.579030e+03 9.556292e+03 9.551886e+03 9.574624e+03
11.3 9.548390e+03 9.550644e+03 9.552293e+03 9.550038e+03
12.3 9.568781e+03 9.556792e+03 9.553276e+03 9.565266e+03
13.3 9.569183e+03 9.557323e+03 9.554302e+03 9.566161e+03
14.3 9.558450e+03 9.549795e+03 9.555110e+03 9.563766e+03
15.3 9.538267e+03 9.544929e+03 9.555648e+03 9.548986e+03
16.3 9.570379e+03 9.550335e+03 9.555964e+03 9.576007e+03
17.3 9.576633e+03 9.569417e+03 9.556132e+03 9.563347e+03
18.3 9.600539e+03 9.579425e+03 9.556214e+03 9.577328e+03
19.3 9.612216e+03 9.568741e+03 9.556252e+03 9.599726e+03
20.3 9.562284e+03 9.555764e+03 9.556268e+03 9.562788e+03
21.3 9.561171e+03 9.556918e+03 9.556275e+03 9.560527e+03
1.0 9.573543e+03 9.564931e+03 9.556760e+03 9.565372e+03
2.0 9.542936e+03 9.560644e+03 9.565656e+03 9.547947e+03
3.0 9.574803e+03 9.574440e+03 9.586347e+03 9.586710e+03
4.0 9.602225e+03 9.587130e+03 9.601655e+03 9.616750e+03
5.0 9.599262e+03 9.577860e+03 9.596276e+03 9.617677e+03
6.0 9.565445e+03 9.560945e+03 9.580268e+03 9.584769e+03
7.0 9.560751e+03 9.559831e+03 9.566330e+03 9.567250e+03
8.0 9.562709e+03 9.574672e+03 9.557785e+03 9.545822e+03
9.0 9.599533e+03 9.583448e+03 9.553520e+03 9.569605e+03
10.0 9.589433e+03 9.571604e+03 9.552019e+03 9.569848e+03
11.0 9.559395e+03 9.555491e+03 9.552144e+03 9.556047e+03
12.0 9.541298e+03 9.546232e+03 9.553028e+03 9.548094e+03
13.0 9.523487e+03 9.542553e+03 9.554067e+03 9.535002e+03
14.0 9.552447e+03 9.541888e+03 9.554936e+03 9.565495e+03
15.0 9.557355e+03 9.548963e+03 9.555537e+03 9.563930e+03
16.0 9.538478e+03 9.565702e+03 9.555901e+03 9.528676e+03
17.0 9.576407e+03 9.570523e+03 9.556099e+03 9.561983e+03
18.0 9.566878e+03 9.557532e+03 9.556199e+03 9.565545e+03
19.0 9.537429e+03 9.547581e+03 9.556245e+03 9.546092e+03
20.0 9.597790e+03 9.553724e+03 9.556265e+03 9.600331e+03
21.0 9.589959e+03 9.571020e+03 9.556273e+03 9.575213e+03
22.0 9.602876e+03 9.573754e+03 9.556277e+03 9.585399e+03
0.1 9.576364e+03 9.573141e+03 9.556278e+03 9.559502e+03
1.1 9.575071e+03 9.562189e+03 9.557317e+03 9.570199e+03
2.1 9.543060e+03 9.560811e+03 9.568075e+03 9.550324e+03
3.1 9.560132e+03 9.566258e+03 9.580459e+03 9.574333e+03
4.1 9.561122e+03 9.559154e+03 9.579002e+03 9.580970e+03
5.1 9.553629e+03 9.549287e+03 9.570169e+03 9.574511e+03
6.1 9.549129e+03 9.544248e+03 9.562326e+03 9.567207e+03
7.1 9.544765e+03 9.542822e+03 9.557510e+03 9.559453e+03
8.1 9.551473e+03 9.542887e+03 9.555044e+03 9.563629e+03
9.1 9.540050e+03 9.543710e+03 9.554094e+03 9.550434e+03
10.1 9.551888e+03 9.549783e+03 9.554069e+03 9.556174e+03
11.1 9.560596e+03 9.563475e+03 9.554505e+03 9.551626e+03
12.1 9.579067e+03 9.568448e+03 9.555057e+03 9.565677e+03
13.1 9.558678e+03 9.559360e+03 9.555682e+03 9.555000e+03
14.1 9.542977e+03 9.556448e+03 9.562232e+03 9.548761e+03
15.1 9.556627e+03 9.566351e+03 9.576988e+03 9.567264e+03
16.1 9.548141e+03 9.565091e+03 9.580920e+03 9.563969e+03
17.1 9.541913e+03 9.554669e+03 9.573583e+03 9.560827e+03
18.1 9.542311e+03 9.552020e+03 9.564872e+03 9.555162e+03
19.1 9.571505e+03 9.563599e+03 9.558965e+03 9.566871e+03
20.1 9.589411e+03 9.565752e+03 9.555742e+03 9.579400e+03
21.1 9.564744e+03 9.556044e+03 9.554310e+03 9.563010e+03
0.8 9.558678e+03 9.559360e+03 9.555682e+03 9.555000e+03
1.8 9.542977e+03 9.556448e+03 9.562232e+03 9.548761e+03
2.8 9.556627e+03 9.566351e+03 9.576988e+03 9.567264e+03
3.8 9.548141e+03 9.565091e+03 9.580920e+03 9.563969e+03
4.8 9.541913e+03 9.554669e+03 9.573583e+03 9.560827e+03
5.8 9.542311e+03 9.552020e+03 9.564872e+03 9.555162e+03
6.8 9.571505e+03 9.563599e+03 9.558965e+03 9.566871e+03
7.8 9.589411e+03 9.565752e+03 9.555742e+03 9.579400e+03
8.8 9.564744e+03 9.556044e+03 9.554310e+03 9.563010e+03
9.8 9.576914e+03 9.548178e+03 9.554002e+03 9.582738e+03
10.8 9.565744e+03 9.544826e+03 9.554314e+03 9.575232e+03
11.8 9.588515e+03 9.543839e+03 9.554854e+03 9.599530e+03
12.8 9.567590e+03 9.543808e+03 9.555371e+03 9.579153e+03
13.8 9.562608e+03 9.546327e+03 9.555758e+03 9.572039e+03
14.8 9.596811e+03 9.557875e+03 9.556005e+03 9.594941e+03
15.8 9.589871e+03 9.562224e+03 9.556145e+03 9.583792e+03
16.8 9.548326e+03 9.552248e+03 9.556218e+03 9.552296e+03
17.8 9.515490e+03 9.544740e+03 9.556252e+03 9.527003e+03
18.8 9.514688e+03 9.543319e+03 9.556572e+03 9.527941e+03
19.8 9.570589e+03 9.551528e+03 9.564312e+03 9.583372e+03
20.8 9.566405e+03 9.571270e+03 9.583309e+03 9.578444e+03
21.8 9.585939e+03 9.579340e+03 9.592607e+03 9.599207e+03
0.9 9.514688e+03 9.543319e+03 9.556572e+03 9.527941e+03
1.9 9.570589e+03 9.551528e+03 9.564312e+03 9.583372e+03
2.9 9.566405e+03 9.571270e+03 9.583309e+03 9.578444e+03
3.9 9.585939e+03 9.579340e+03 9.592607e+03 9.599207e+03
4.9 9.564791e+03 9.567770e+03 9.584471e+03 9.581491e+03
5.9 9.533134e+03 9.554773e+03 9.571498e+03 9.549858e+03
6.9 9.525754e+03 9.547586e+03 9.561812e+03 9.539980e+03
7.9 9.541173e+03 9.544440e+03 9.556277e+03 9.553010e+03
8.9 9.547245e+03 9.543321e+03 9.553676e+03 9.557600e+03
9.9 9.546178e+03 9.543334e+03 9.552929e+03 9.555773e+03
10.9 9.554473e+03 9.545737e+03 9.553242e+03 9.561977e+03
11.9 9.547511e+03 9.560031e+03 9.553998e+03 9.541478e+03
12.9 9.560445e+03 9.582605e+03 9.554783e+03 9.532623e+03
13.9 9.568849e+03 9.591554e+03 9.555399e+03 9.532693e+03
14.9 9.556173e+03 9.578161e+03 9.555806e+03 9.533818e+03
15.9 9.535022e+03 9.570864e+03 9.556044e+03 9.520202e+03
16.9 9.531270e+03 9.580173e+03 9.556170e+03 9.507267e+03
17.9 9.578062e+03 9.585750e+03 9.556231e+03 9.548543e+03
18.9 9.612152e+03 9.572702e+03 9.556259e+03 9.595709e+03
19.9 9.574474e+03 9.564435e+03 9.556271e+03 9.566309e+03
20.9 9.577992e+03 9.566793e+03 9.556276e+03 9.567474e+03
21.9 9.538366e+03 9.559373e+03 9.556307e+03 9.535300e+03
0.6 9.538366e+03 9.559373e+03 9.556307e+03 9.535300e+03
1.6 9.539076e+03 9.552716e+03 9.560335e+03 9.546695e+03
2.6 9.543423e+03 9.561334e+03 9.574631e+03 9.556720e+03
3.6 9.550918e+03 9.563834e+03 9.581470e+03 9.568553e+03
4.6 9.565635e+03 9.554697e+03 9.575475e+03 9.586413e+03
5.6 9.540948e+03 9.547196e+03 9.566453e+03 9.560205e+03
6.6 9.532886e+03 9.549285e+03 9.559912e+03 9.543512e+03
7.6 9.530157e+03 9.563928e+03 9.556220e+03 9.522449e+03
8.6 9.554821e+03 9.572509e+03 9.554490e+03 9.536802e+03
9.6 9.545265e+03 9.563552e+03 9.554000e+03 9.535713e+03
10.6 9.568449e+03 9.556905e+03 9.554223e+03 9.565768e+03
11.6 9.541521e+03 9.565282e+03 9.554742e+03 9.530981e+03
12.6 9.560269e+03 9.563656e+03 9.555276e+03 9.551888e+03
13.6 9.523715e+03 9.552170e+03 9.555692e+03 9.527237e+03
14.6 9.525039e+03 9.556148e+03 9.555965e+03 9.524856e+03
15.6 9.557396e+03 9.564465e+03 9.556124e+03 9.549055e+03
16.6 9.557209e+03 9.555861e+03 9.556207e+03 9.557555e+03
17.6 9.564539e+03 9.545776e+03 9.556247e+03 9.575011e+03
18.6 9.531301e+03 9.542286e+03 9.556266e+03 9.545281e+03
19.6 9.544462e+03 9.542348e+03 9.556273e+03 9.558387e+03
20.6 9.538920e+03 9.543222e+03 9.556277e+03 9.551975e+03
21.6 9.529055e+03 9.544142e+03 9.556278e+03 9.541191e+03
0.9 9.575969e+03 9.570859e+03 9.556537e+03 9.561647e+03
1.9 9.580404e+03 9.564587e+03 9.563893e+03 9.579710e+03
2.9 9.581227e+03 9.575743e+03 9.583792e+03 9.589275e+03
3.9 9.581256e+03 9.588913e+03 9.600913e+03 9.593256e+03
4.9 9.579195e+03 9.581117e+03 9.597747e+03 9.595825e+03
5.9 9.573280e+03 9.562490e+03 9.582142e+03 9.592932e+03
6.9 9.571356e+03 9.549547e+03 9.567650e+03 9.589459e+03
7.9 9.545957e+03 9.543654e+03 9.558514e+03 9.560816e+03
8.9 9.546547e+03 9.543241e+03 9.553843e+03 9.557149e+03
9.9 9.553831e+03 9.553494e+03 9.552090e+03 9.552427e+03
10.9 9.560809e+03 9.559617e+03 9.552077e+03 9.553269e+03
11.9 9.559126e+03 9.551098e+03 9.552910e+03 9.560938e+03
12.9 9.544980e+03 9.549835e+03 9.553953e+03 9.549099e+03
13.9 9.570102e+03 9.559736e+03 9.554850e+03 9.565216e+03
14.9 9.538604e+03 9.558804e+03 9.555482e+03 9.535283e+03
15.9 9.525737e+03 9.550860e+03 9.555869e+03 9.530746e+03
16.9 9.510044e+03 9.545996e+03 9.556083e+03 9.520131e+03
17.9 9.539677e+03 9.546406e+03 9.556191e+03 9.549461e+03
18.9 9.564462e+03 9.557031e+03 9.556241e+03 9.563672e+03
19.9 9.560200e+03 9.563144e+03 9.556263e+03 9.553320e+03
20.9 9.560244e+03 9.556185e+03 9.556273e+03 9.560332e+03
21.9 9.514646e+03 9.549851e+03 9.556277e+03 9.521071e+03
0.5 9.535364e+03 9.542188e+03 9.556290e+03 9.549467e+03
1.5 9.536393e+03 9.544988e+03 9.559522e+03 9.550927e+03
2.5 9.557004e+03 9.561504e+03 9.575402e+03 9.570902e+03
3.5 9.558702e+03 9.578284e+03 9.591698e+03 9.572116e+03
4.5 9.573994e+03 9.573471e+03 9.589731e+03 9.590254e+03
5.5 9.541000e+03 9.559292e+03 9.577066e+03 9.558775e+03
6.5 9.513606e+03 9.549644e+03 9.565445e+03 9.529407e+03
7.5 9.522443e+03 9.545182e+03 9.558223e+03 9.535485e+03
8.5 9.540876e+03 9.547743e+03 9.558815e+03 9.551948e+03
9.5 9.542774e+03 9.564492e+03 9.574460e+03 9.552742e+03
10.5 9.557119e+03 9.577640e+03 9.588732e+03 9.568211e+03
11.5 9.553898e+03 9.567205e+03 9.585228e+03 9.571921e+03
12.5 9.530471e+03 9.554857e+03 9.573204e+03 9.548817e+03
13.5 9.563688e+03 9.560722e+03 9.562989e+03 9.565956e+03
14.5 9.596771e+03 9.571117e+03 9.556874e+03 9.582528e+03
15.5 9.593540e+03 9.562568e+03 9.553868e+03 9.584840e+03
16.5 9.545328e+03 9.548654e+03 9.552850e+03 9.549524e+03
17.5 9.527268e+03 9.545771e+03 9.553015e+03 9.534511e+03
18.5 9.543087e+03 9.557197e+03 9.553736e+03 9.539626e+03
19.5 9.549607e+03 9.571210e+03 9.554559e+03 9.532956e+03
20.5 9.576714e+03 9.570209e+03 9.555240e+03 9.561745e+03
21.5 9.546664e+03 9.557995e+03 9.555708e+03 9.544378e+03
0.6 9.522443e+03 9.545182e+03 9.558223e+03 9.535485e+03
1.6 9.540876e+03 9.547743e+03 9.558815e+03 9.551948e+03
2.6 9.542774e+03 9.564492e+03 9.574460e+03 9.552742e+03
3.6 9.557119e+03 9.577640e+03 9.588732e+03 9.568211e+03
4.6 9.553898e+03 9.567205e+03 9.585228e+03 9.571921e+03
5.6 9.530471e+03 9.554857e+03 9.573204e+03 9.548817e+03
6.6 9.563688e+03 9.560722e+03 9.562989e+03 9.565956e+03
7.6 9.596771e+03 9.571117e+03 9.556874e+03 9.582528e+03
8.6 9.593540e+03 9.562568e+03 9.553868e+03 9.584840e+03
9.6 9.545328e+03 9.548654e+03 9.552850e+03 9.549524e+03
10.6 9.527268e+03 9.545771e+03 9.553015e+03 9.534511e+03
11.6 9.543087e+03 9.557197e+03 9.553736e+03 9.539626e+03
12.6 9.549607e+03 9.571210e+03 9.554559e+03 9.532956e+03
13.6 9.576714e+03 9.570209e+03 9.555240e+03 9.561745e+03
14.6 9.546664e+03 9.557995e+03 9.555708e+03 9.544378e+03
15.6 9.550691e+03 9.555572e+03 9.555990e+03 9.551109e+03
16.6 9.538533e+03 9.569338e+03 9.556142e+03 9.525337e+03
17.6 9.548911e+03 9.575947e+03 9.556218e+03 9.529182e+03
18.6 9.561241e+03 9.564698e+03 9.556253e+03 9.552796e+03
19.6 9.563035e+03 9.556811e+03 9.556268e+03 9.562492e+03
20.6 9.575811e+03 9.562165e+03 9.556274e+03 9.569920e+03
21.6 9.567871e+03 9.560221e+03 9.556278e+03 9.563928e+03
0.1 9.605135e+03 9.586125e+03 9.556278e+03 9.575288e+03
1.1 9.586173e+03 9.576824e+03 9.557001e+03 9.566350e+03
2.1 9.587895e+03 9.570020e+03 9.566739e+03 9.584613e+03
3.1 9.597256e+03 9.571697e+03 9.579901e+03 9.605460e+03
4.1 9.565992e+03 9.562445e+03 9.579579e+03 9.583126e+03
5.1 9.547790e+03 9.550461e+03 9.570957e+03 9.568287e+03
6.1 9.515109e+03 9.544054e+03 9.562878e+03 9.533934e+03
7.1 9.533653e+03 9.542397e+03 9.557817e+03 9.549074e+03
8.1 9.537486e+03 9.549646e+03 9.555186e+03 9.543026e+03
9.1 9.540354e+03 9.569171e+03 9.554132e+03 9.525316e+03
10.1 9.550025e+03 9.585382e+03 9.554048e+03 9.518691e+03
11.1 9.560674e+03 9.579266e+03 9.554459e+03 9.535867e+03
12.1 9.575407e+03 9.562400e+03 9.555011e+03 9.568018e+03
