0.3 1.844514e+03 1.834275e+03 1.829792e+03 1.840031e+03
1.3 1.833615e+03 1.833222e+03 1.826023e+03 1.826416e+03
2.3 1.817706e+03 1.814169e+03 1.806921e+03 1.810457e+03
3.3 1.800441e+03 1.803865e+03 1.797679e+03 1.794256e+03
4.3 1.784294e+03 1.813720e+03 1.805478e+03 1.776052e+03
5.3 1.792561e+03 1.827280e+03 1.817003e+03 1.782284e+03
6.3 1.856020e+03 1.831629e+03 1.825245e+03 1.849636e+03
7.3 1.835266e+03 1.827085e+03 1.829871e+03 1.838052e+03
8.3 1.856595e+03 1.817622e+03 1.832043e+03 1.871017e+03
9.3 1.829979e+03 1.811483e+03 1.832660e+03 1.851157e+03
10.3 1.844003e+03 1.812688e+03 1.832379e+03 1.863693e+03
11.3 1.835789e+03 1.817940e+03 1.831723e+03 1.849572e+03
12.3 1.810953e+03 1.822679e+03 1.831049e+03 1.819324e+03
13.3 1.822658e+03 1.825737e+03 1.830526e+03 1.827447e+03
14.3 1.859648e+03 1.826820e+03 1.830183e+03 1.863011e+03
15.3 1.835130e+03 1.827832e+03 1.829985e+03 1.837283e+03
16.3 1.819511e+03 1.828009e+03 1.829881e+03 1.821383e+03
17.3 1.800836e+03 1.826086e+03 1.829831e+03 1.804581e+03
18.3 1.821021e+03 1.824410e+03 1.829808e+03 1.826419e+03
19.3 1.823232e+03 1.823886e+03 1.829798e+03 1.829144e+03
20.3 1.858454e+03 1.825617e+03 1.829795e+03 1.862631e+03
0.6 1.878115e+03 1.847595e+03 1.829668e+03 1.860188e+03
1.6 1.861390e+03 1.842420e+03 1.819968e+03 1.838938e+03
2.6 1.847963e+03 1.818700e+03 1.801036e+03 1.830299e+03
3.6 1.819477e+03 1.809622e+03 1.799276e+03 1.809131e+03
4.6 1.836198e+03 1.813145e+03 1.809914e+03 1.832967e+03
5.6 1.829065e+03 1.817398e+03 1.820543e+03 1.832210e+03
6.6 1.833137e+03 1.820344e+03 1.827323e+03 1.840117e+03
7.6 1.807986e+03 1.823295e+03 1.830908e+03 1.815599e+03
8.6 1.848081e+03 1.827295e+03 1.832416e+03 1.853201e+03
9.6 1.830604e+03 1.829977e+03 1.832630e+03 1.833257e+03
10.6 1.820889e+03 1.828911e+03 1.832156e+03 1.824134e+03
11.6 1.825332e+03 1.826096e+03 1.831462e+03 1.830698e+03
12.6 1.867211e+03 1.824368e+03 1.830834e+03 1.873676e+03
13.6 1.875008e+03 1.824417e+03 1.830379e+03 1.880970e+03
14.6 1.834155e+03 1.826768e+03 1.830095e+03 1.837482e+03
15.6 1.859374e+03 1.829565e+03 1.829938e+03 1.859747e+03
16.6 1.843034e+03 1.831657e+03 1.829858e+03 1.841234e+03
17.6 1.870545e+03 1.834872e+03 1.829818e+03 1.865491e+03
18.6 1.875705e+03 1.833879e+03 1.825290e+03 1.867116e+03
19.6 1.847510e+03 1.814460e+03 1.805862e+03 1.838913e+03
20.6 1.850008e+03 1.804255e+03 1.797779e+03 1.843532e+03
0.3 1.870545e+03 1.834872e+03 1.829818e+03 1.865491e+03
1.3 1.875705e+03 1.833879e+03 1.825290e+03 1.867116e+03
2.3 1.847510e+03 1.814460e+03 1.805862e+03 1.838913e+03
3.3 1.850008e+03 1.804255e+03 1.797779e+03 1.843532e+03
4.3 1.817384e+03 1.812379e+03 1.806150e+03 1.811155e+03
5.3 1.816432e+03 1.826831e+03 1.817488e+03 1.807089e+03
6.3 1.815134e+03 1.827044e+03 1.816326e+03 1.804415e+03
7.3 1.795028e+03 1.810040e+03 1.801652e+03 1.786640e+03
8.3 1.823785e+03 1.806607e+03 1.801402e+03 1.818580e+03
9.3 1.858588e+03 1.815404e+03 1.812442e+03 1.855626e+03
10.3 1.875336e+03 1.824606e+03 1.822846e+03 1.873576e+03
11.3 1.852511e+03 1.830322e+03 1.829070e+03 1.851259e+03
12.3 1.856440e+03 1.833219e+03 1.832062e+03 1.855283e+03
13.3 1.824757e+03 1.835331e+03 1.833103e+03 1.822529e+03
14.3 1.849063e+03 1.842581e+03 1.833012e+03 1.839494e+03
15.3 1.792215e+03 1.851660e+03 1.832358e+03 1.772913e+03
16.3 1.865512e+03 1.849821e+03 1.831567e+03 1.847258e+03
17.3 1.827448e+03 1.838155e+03 1.830886e+03 1.820179e+03
18.3 1.830985e+03 1.824794e+03 1.830404e+03 1.836596e+03
19.3 1.835335e+03 1.818196e+03 1.830107e+03 1.847246e+03
20.3 1.836712e+03 1.818620e+03 1.829943e+03 1.848035e+03
0.6 1.816432e+03 1.826831e+03 1.817488e+03 1.807089e+03
1.6 1.815134e+03 1.827044e+03 1.816326e+03 1.804415e+03
2.6 1.795028e+03 1.810040e+03 1.801652e+03 1.786640e+03
3.6 1.823785e+03 1.806607e+03 1.801402e+03 1.818580e+03
4.6 1.858588e+03 1.815404e+03 1.812442e+03 1.855626e+03
5.6 1.875336e+03 1.824606e+03 1.822846e+03 1.873576e+03
6.6 1.852511e+03 1.830322e+03 1.829070e+03 1.851259e+03
7.6 1.856440e+03 1.833219e+03 1.832062e+03 1.855283e+03
8.6 1.824757e+03 1.835331e+03 1.833103e+03 1.822529e+03
9.6 1.849063e+03 1.842581e+03 1.833012e+03 1.839494e+03
10.6 1.792215e+03 1.851660e+03 1.832358e+03 1.772913e+03
11.6 1.865512e+03 1.849821e+03 1.831567e+03 1.847258e+03
12.6 1.827448e+03 1.838155e+03 1.830886e+03 1.820179e+03
13.6 1.830985e+03 1.824794e+03 1.830404e+03 1.836596e+03
14.6 1.835335e+03 1.818196e+03 1.830107e+03 1.847246e+03
15.6 1.836712e+03 1.818620e+03 1.829943e+03 1.848035e+03
16.6 1.830661e+03 1.820382e+03 1.829859e+03 1.840139e+03
17.6 1.825677e+03 1.820862e+03 1.829821e+03 1.834636e+03
18.6 1.832825e+03 1.821617e+03 1.829804e+03 1.841012e+03
19.6 1.854241e+03 1.822328e+03 1.829797e+03 1.861710e+03
20.6 1.838744e+03 1.819414e+03 1.829794e+03 1.849124e+03
0.7 1.901342e+03 1.840123e+03 1.829593e+03 1.890811e+03
1.7 1.850838e+03 1.834397e+03 1.818828e+03 1.835268e+03
2.7 1.794838e+03 1.813593e+03 1.800374e+03 1.781619e+03
3.7 1.765288e+03 1.808035e+03 1.799698e+03 1.756951e+03
4.7 1.776627e+03 1.815098e+03 1.810597e+03 1.772126e+03
5.7 1.805523e+03 1.822570e+03 1.821037e+03 1.803990e+03
6.7 1.795032e+03 1.826206e+03 1.827602e+03 1.796429e+03
7.7 1.777669e+03 1.827334e+03 1.831042e+03 1.781376e+03
8.7 1.790260e+03 1.827404e+03 1.832457e+03 1.795312e+03
9.7 1.801017e+03 1.828811e+03 1.832616e+03 1.804822e+03
10.7 1.793881e+03 1.830743e+03 1.832118e+03 1.795256e+03
11.7 1.768922e+03 1.832049e+03 1.831423e+03 1.768297e+03
12.7 1.774423e+03 1.832629e+03 1.830803e+03 1.772597e+03
13.7 1.786418e+03 1.832771e+03 1.830358e+03 1.784005e+03
14.7 1.814609e+03 1.833110e+03 1.830083e+03 1.811582e+03
15.7 1.809558e+03 1.836086e+03 1.829931e+03 1.803403e+03
16.7 1.819869e+03 1.840997e+03 1.829855e+03 1.808726e+03
17.7 1.822293e+03 1.842429e+03 1.829819e+03 1.809682e+03
18.7 1.822577e+03 1.837429e+03 1.829803e+03 1.814951e+03
19.7 1.788047e+03 1.830793e+03 1.829796e+03 1.787050e+03
20.7 1.756595e+03 1.825154e+03 1.829794e+03 1.761236e+03
0.9 1.823208e+03 1.837143e+03 1.828907e+03 1.814973e+03
1.9 1.854268e+03 1.821467e+03 1.814004e+03 1.846805e+03
2.9 1.813247e+03 1.803806e+03 1.798449e+03 1.807889e+03
3.9 1.816887e+03 1.807503e+03 1.801709e+03 1.811093e+03
4.9 1.833450e+03 1.813999e+03 1.806577e+03 1.826028e+03
5.9 1.813451e+03 1.803023e+03 1.796518e+03 1.806947e+03
6.9 1.816245e+03 1.801429e+03 1.797097e+03 1.811913e+03
7.9 1.816341e+03 1.812197e+03 1.809574e+03 1.813718e+03
8.9 1.843215e+03 1.823469e+03 1.821768e+03 1.841514e+03
9.9 1.863544e+03 1.830501e+03 1.829171e+03 1.862214e+03
10.9 1.884035e+03 1.833914e+03 1.832639e+03 1.882760e+03
11.9 1.836800e+03 1.835132e+03 1.833744e+03 1.835412e+03
12.9 1.822158e+03 1.834973e+03 1.833549e+03 1.820735e+03
13.9 1.806726e+03 1.830751e+03 1.832753e+03 1.808728e+03
14.9 1.802787e+03 1.820603e+03 1.831829e+03 1.814013e+03
15.9 1.837829e+03 1.811965e+03 1.831047e+03 1.856911e+03
16.9 1.806397e+03 1.811262e+03 1.830495e+03 1.825631e+03
17.9 1.823370e+03 1.815988e+03 1.830155e+03 1.837538e+03
18.9 1.815218e+03 1.821146e+03 1.829967e+03 1.824038e+03
19.9 1.797482e+03 1.824768e+03 1.829871e+03 1.802584e+03
20.9 1.839123e+03 1.826339e+03 1.829825e+03 1.842609e+03
0.5 1.816887e+03 1.807503e+03 1.801709e+03 1.811093e+03
1.5 1.833450e+03 1.813999e+03 1.806577e+03 1.826028e+03
2.5 1.813451e+03 1.803023e+03 1.796518e+03 1.806947e+03
3.5 1.816245e+03 1.801429e+03 1.797097e+03 1.811913e+03
4.5 1.816341e+03 1.812197e+03 1.809574e+03 1.813718e+03
5.5 1.843215e+03 1.823469e+03 1.821768e+03 1.841514e+03
6.5 1.863544e+03 1.830501e+03 1.829171e+03 1.862214e+03
7.5 1.884035e+03 1.833914e+03 1.832639e+03 1.882760e+03
8.5 1.836800e+03 1.835132e+03 1.833744e+03 1.835412e+03
9.5 1.822158e+03 1.834973e+03 1.833549e+03 1.820735e+03
10.5 1.806726e+03 1.830751e+03 1.832753e+03 1.808728e+03
11.5 1.802787e+03 1.820603e+03 1.831829e+03 1.814013e+03
12.5 1.837829e+03 1.811965e+03 1.831047e+03 1.856911e+03
13.5 1.806397e+03 1.811262e+03 1.830495e+03 1.825631e+03
14.5 1.823370e+03 1.815988e+03 1.830155e+03 1.837538e+03
15.5 1.815218e+03 1.821146e+03 1.829967e+03 1.824038e+03
16.5 1.797482e+03 1.824768e+03 1.829871e+03 1.802584e+03
17.5 1.839123e+03 1.826339e+03 1.829825e+03 1.842609e+03
18.5 1.797989e+03 1.827601e+03 1.829805e+03 1.800193e+03
19.5 1.818203e+03 1.829809e+03 1.829797e+03 1.818191e+03
20.5 1.798538e+03 1.831734e+03 1.829794e+03 1.796598e+03
0.6 1.830046e+03 1.840738e+03 1.829696e+03 1.819004e+03
1.6 1.855329e+03 1.837099e+03 1.820522e+03 1.838752e+03
2.6 1.832247e+03 1.816010e+03 1.801393e+03 1.817630e+03
3.6 1.794675e+03 1.812473e+03 1.799081e+03 1.781283e+03
4.6 1.808177e+03 1.826202e+03 1.809572e+03 1.791546e+03
5.6 1.789615e+03 1.833695e+03 1.820291e+03 1.776211e+03
6.6 1.776541e+03 1.833777e+03 1.827180e+03 1.769943e+03
7.6 1.782388e+03 1.833115e+03 1.830839e+03 1.780112e+03
8.6 1.808577e+03 1.834225e+03 1.832394e+03 1.806746e+03
9.6 1.831008e+03 1.841058e+03 1.832636e+03 1.822585e+03
10.6 1.798472e+03 1.844768e+03 1.832174e+03 1.785879e+03
11.6 1.780457e+03 1.840098e+03 1.831482e+03 1.771841e+03
12.6 1.776074e+03 1.834216e+03 1.830849e+03 1.772708e+03
13.6 1.792359e+03 1.825698e+03 1.830389e+03 1.797050e+03
14.6 1.809970e+03 1.815911e+03 1.830101e+03 1.824160e+03
15.6 1.836520e+03 1.812616e+03 1.829941e+03 1.853846e+03
16.6 1.799077e+03 1.816164e+03 1.829859e+03 1.812772e+03
17.6 1.769859e+03 1.822475e+03 1.829821e+03 1.777204e+03
18.6 1.801631e+03 1.825131e+03 1.829804e+03 1.806304e+03
19.6 1.756945e+03 1.819707e+03 1.829797e+03 1.767034e+03
20.6 1.812995e+03 1.811949e+03 1.829038e+03 1.830084e+03
0.9 1.812995e+03 1.811949e+03 1.829038e+03 1.830084e+03
1.9 1.802383e+03 1.798485e+03 1.814618e+03 1.818517e+03
2.9 1.763464e+03 1.790711e+03 1.798626e+03 1.771378e+03
3.9 1.776183e+03 1.804546e+03 1.801449e+03 1.773086e+03
4.9 1.814331e+03 1.824577e+03 1.812943e+03 1.802697e+03
5.9 1.806187e+03 1.834688e+03 1.822659e+03 1.794158e+03
6.9 1.822601e+03 1.835855e+03 1.828500e+03 1.815245e+03
7.9 1.816487e+03 1.835455e+03 1.831458e+03 1.812490e+03
8.9 1.846515e+03 1.835108e+03 1.832568e+03 1.843976e+03
9.9 1.833566e+03 1.834467e+03 1.832552e+03 1.831651e+03
10.9 1.852402e+03 1.833330e+03 1.831983e+03 1.851056e+03
11.9 1.800828e+03 1.831087e+03 1.831287e+03 1.801028e+03
12.9 1.817378e+03 1.828723e+03 1.830699e+03 1.819354e+03
13.9 1.817216e+03 1.826530e+03 1.830291e+03 1.820977e+03
14.9 1.819263e+03 1.826347e+03 1.830045e+03 1.822961e+03
15.9 1.815947e+03 1.828172e+03 1.829911e+03 1.817686e+03
16.9 1.793921e+03 1.830156e+03 1.829845e+03 1.793610e+03
17.9 1.803794e+03 1.831058e+03 1.829814e+03 1.802550e+03
18.9 1.821660e+03 1.830093e+03 1.829799e+03 1.821366e+03
19.9 1.826122e+03 1.824467e+03 1.825282e+03 1.826937e+03
20.9 1.786817e+03 1.805468e+03 1.805859e+03 1.787207e+03
0.3 1.821660e+03 1.830093e+03 1.829799e+03 1.821366e+03
1.3 1.826122e+03 1.824467e+03 1.825282e+03 1.826937e+03
2.3 1.786817e+03 1.805468e+03 1.805859e+03 1.787207e+03
3.3 1.768280e+03 1.800252e+03 1.797778e+03 1.765805e+03
4.3 1.831333e+03 1.818048e+03 1.806150e+03 1.819434e+03
5.3 1.849735e+03 1.835935e+03 1.814788e+03 1.828588e+03
6.3 1.831485e+03 1.824721e+03 1.804401e+03 1.811165e+03
7.3 1.809103e+03 1.811463e+03 1.797905e+03 1.795545e+03
8.3 1.805508e+03 1.811802e+03 1.806810e+03 1.800515e+03
9.3 1.777992e+03 1.811616e+03 1.818979e+03 1.785355e+03
10.3 1.803856e+03 1.808638e+03 1.827250e+03 1.822468e+03
11.3 1.818591e+03 1.810067e+03 1.831477e+03 1.840001e+03
12.3 1.807732e+03 1.816366e+03 1.833151e+03 1.824517e+03
13.3 1.836495e+03 1.822920e+03 1.833361e+03 1.846935e+03
14.3 1.808391e+03 1.825551e+03 1.832800e+03 1.815641e+03
15.3 1.800904e+03 1.826070e+03 1.831968e+03 1.806802e+03
16.3 1.818991e+03 1.826440e+03 1.831187e+03 1.823738e+03
17.3 1.851477e+03 1.831363e+03 1.830600e+03 1.850714e+03
18.3 1.847664e+03 1.841440e+03 1.830221e+03 1.836446e+03
19.3 1.818951e+03 1.843683e+03 1.830003e+03 1.805271e+03
20.3 1.784213e+03 1.839838e+03 1.829889e+03 1.774265e+03
0.2 1.831333e+03 1.818048e+03 1.806150e+03 1.819434e+03
1.2 1.849735e+03 1.835935e+03 1.814788e+03 1.828588e+03
2.2 1.831485e+03 1.824721e+03 1.804401e+03 1.811165e+03
3.2 1.809103e+03 1.811463e+03 1.797905e+03 1.795545e+03
4.2 1.805508e+03 1.811802e+03 1.806810e+03 1.800515e+03
5.2 1.777992e+03 1.811616e+03 1.818979e+03 1.785355e+03
6.2 1.803856e+03 1.808638e+03 1.827250e+03 1.822468e+03
7.2 1.818591e+03 1.810067e+03 1.831477e+03 1.840001e+03
8.2 1.807732e+03 1.816366e+03 1.833151e+03 1.824517e+03
9.2 1.836495e+03 1.822920e+03 1.833361e+03 1.846935e+03
10.2 1.808391e+03 1.825551e+03 1.832800e+03 1.815641e+03
11.2 1.800904e+03 1.826070e+03 1.831968e+03 1.806802e+03
12.2 1.818991e+03 1.826440e+03 1.831187e+03 1.823738e+03
13.2 1.851477e+03 1.831363e+03 1.830600e+03 1.850714e+03
14.2 1.847664e+03 1.841440e+03 1.830221e+03 1.836446e+03
15.2 1.818951e+03 1.843683e+03 1.830003e+03 1.805271e+03
16.2 1.784213e+03 1.839838e+03 1.829889e+03 1.774265e+03
17.2 1.856900e+03 1.842681e+03 1.829834e+03 1.844052e+03
18.2 1.864094e+03 1.849216e+03 1.828621e+03 1.843500e+03
19.2 1.859425e+03 1.833450e+03 1.812783e+03 1.838757e+03
20.2 1.833537e+03 1.812200e+03 1.798151e+03 1.819488e+03
1.0 1.864094e+03 1.849216e+03 1.828621e+03 1.843500e+03
2.0 1.859425e+03 1.833450e+03 1.812783e+03 1.838757e+03
3.0 1.833537e+03 1.812200e+03 1.798151e+03 1.819488e+03
4.0 1.819278e+03 1.809704e+03 1.802307e+03 1.811881e+03
5.0 1.838877e+03 1.816959e+03 1.813919e+03 1.835837e+03
6.0 1.799336e+03 1.822401e+03 1.823304e+03 1.800239e+03
7.0 1.816453e+03 1.823468e+03 1.828849e+03 1.821834e+03
8.0 1.833907e+03 1.823513e+03 1.831614e+03 1.842008e+03
9.0 1.849567e+03 1.823884e+03 1.832602e+03 1.858285e+03
10.0 1.873355e+03 1.824987e+03 1.832518e+03 1.880886e+03
11.0 1.846067e+03 1.826126e+03 1.831924e+03 1.851865e+03
12.0 1.837067e+03 1.826214e+03 1.831231e+03 1.842084e+03
13.0 1.836078e+03 1.827421e+03 1.830657e+03 1.839314e+03
14.0 1.824043e+03 1.829660e+03 1.830264e+03 1.824647e+03
15.0 1.829832e+03 1.831433e+03 1.830030e+03 1.828428e+03
16.0 1.858214e+03 1.831076e+03 1.829904e+03 1.857042e+03
17.0 1.836366e+03 1.827954e+03 1.829841e+03 1.838253e+03
18.0 1.849637e+03 1.824894e+03 1.829813e+03 1.854555e+03
19.0 1.825875e+03 1.823455e+03 1.829800e+03 1.832220e+03
20.0 1.814257e+03 1.824383e+03 1.829795e+03 1.819670e+03
