0.3 1.029499e+04 1.032536e+04 1.032955e+04 1.029918e+04
1.3 1.033366e+04 1.033771e+04 1.032932e+04 1.032527e+04
2.3 1.032794e+04 1.033383e+04 1.032818e+04 1.032229e+04
3.3 1.032264e+04 1.032499e+04 1.032763e+04 1.032528e+04
4.3 1.032085e+04 1.033864e+04 1.032809e+04 1.031031e+04
5.3 1.034979e+04 1.035594e+04 1.032878e+04 1.032263e+04
6.3 1.036338e+04 1.034981e+04 1.032928e+04 1.034285e+04
7.3 1.033689e+04 1.033948e+04 1.032955e+04 1.032697e+04
8.3 1.031339e+04 1.034185e+04 1.032968e+04 1.030122e+04
9.3 1.033836e+04 1.034407e+04 1.032972e+04 1.032401e+04
10.3 1.032939e+04 1.033400e+04 1.032970e+04 1.032510e+04
11.3 1.028290e+04 1.032990e+04 1.032967e+04 1.028266e+04
12.3 1.032569e+04 1.034511e+04 1.032963e+04 1.031020e+04
13.3 1.037819e+04 1.035892e+04 1.032959e+04 1.034887e+04
14.3 1.039304e+04 1.035011e+04 1.032957e+04 1.037251e+04
15.3 1.034222e+04 1.033085e+04 1.032956e+04 1.034094e+04
16.3 1.032586e+04 1.032876e+04 1.032956e+04 1.032665e+04
17.3 1.031953e+04 1.034766e+04 1.032955e+04 1.030142e+04
18.3 1.038736e+04 1.035967e+04 1.032955e+04 1.035725e+04
19.3 1.038169e+04 1.034771e+04 1.032955e+04 1.036353e+04
20.3 1.034558e+04 1.032650e+04 1.032955e+04 1.034863e+04
0.6 1.032003e+04 1.033853e+04 1.032954e+04 1.031104e+04
1.6 1.034113e+04 1.035282e+04 1.032896e+04 1.031726e+04
2.6 1.034346e+04 1.034033e+04 1.032783e+04 1.033096e+04
3.6 1.028851e+04 1.032283e+04 1.032772e+04 1.029341e+04
4.6 1.032064e+04 1.032401e+04 1.032836e+04 1.032500e+04
5.6 1.036430e+04 1.034289e+04 1.032900e+04 1.035041e+04
6.6 1.037557e+04 1.034744e+04 1.032940e+04 1.035754e+04
7.6 1.035858e+04 1.033340e+04 1.032962e+04 1.035480e+04
8.6 1.030418e+04 1.031681e+04 1.032971e+04 1.031708e+04
9.6 1.031018e+04 1.031153e+04 1.032972e+04 1.032838e+04
10.6 1.030515e+04 1.032944e+04 1.032969e+04 1.030540e+04
11.6 1.032709e+04 1.035484e+04 1.032965e+04 1.030190e+04
12.6 1.034773e+04 1.035869e+04 1.032961e+04 1.031865e+04
13.6 1.034029e+04 1.034123e+04 1.032959e+04 1.032864e+04
14.6 1.029133e+04 1.032101e+04 1.032957e+04 1.029989e+04
15.6 1.026649e+04 1.030713e+04 1.032956e+04 1.028892e+04
16.6 1.027110e+04 1.030070e+04 1.032955e+04 1.029996e+04
17.6 1.031305e+04 1.031221e+04 1.032955e+04 1.033039e+04
18.6 1.033107e+04 1.033233e+04 1.032928e+04 1.032802e+04
19.6 1.034045e+04 1.033232e+04 1.032812e+04 1.033625e+04
20.6 1.034246e+04 1.032066e+04 1.032763e+04 1.034943e+04
0.3 1.031305e+04 1.031221e+04 1.032955e+04 1.033039e+04
1.3 1.033107e+04 1.033233e+04 1.032928e+04 1.032802e+04
2.3 1.034045e+04 1.033232e+04 1.032812e+04 1.033625e+04
3.3 1.034246e+04 1.032066e+04 1.032763e+04 1.034943e+04
4.3 1.033610e+04 1.032247e+04 1.032814e+04 1.034176e+04
5.3 1.033020e+04 1.034595e+04 1.032881e+04 1.031306e+04
6.3 1.034514e+04 1.035653e+04 1.032874e+04 1.031735e+04
7.3 1.032266e+04 1.034137e+04 1.032787e+04 1.030915e+04
8.3 1.027613e+04 1.032103e+04 1.032785e+04 1.028295e+04
9.3 1.030556e+04 1.030726e+04 1.032851e+04 1.032682e+04
10.3 1.033099e+04 1.030013e+04 1.032913e+04 1.035999e+04
11.3 1.030765e+04 1.029723e+04 1.032951e+04 1.033992e+04
12.3 1.030561e+04 1.029681e+04 1.032969e+04 1.033849e+04
13.3 1.031350e+04 1.030040e+04 1.032975e+04 1.034285e+04
14.3 1.032529e+04 1.032204e+04 1.032974e+04 1.033299e+04
15.3 1.031240e+04 1.035091e+04 1.032970e+04 1.029119e+04
16.3 1.038645e+04 1.035481e+04 1.032966e+04 1.036129e+04
17.3 1.033550e+04 1.034443e+04 1.032962e+04 1.032068e+04
18.3 1.032098e+04 1.033939e+04 1.032959e+04 1.031118e+04
19.3 1.031153e+04 1.033042e+04 1.032957e+04 1.031068e+04
20.3 1.032780e+04 1.032062e+04 1.032956e+04 1.033673e+04
0.6 1.033020e+04 1.034595e+04 1.032881e+04 1.031306e+04
1.6 1.034514e+04 1.035653e+04 1.032874e+04 1.031735e+04
2.6 1.032266e+04 1.034137e+04 1.032787e+04 1.030915e+04
3.6 1.027613e+04 1.032103e+04 1.032785e+04 1.028295e+04
4.6 1.030556e+04 1.030726e+04 1.032851e+04 1.032682e+04
5.6 1.033099e+04 1.030013e+04 1.032913e+04 1.035999e+04
6.6 1.030765e+04 1.029723e+04 1.032951e+04 1.033992e+04
7.6 1.030561e+04 1.029681e+04 1.032969e+04 1.033849e+04
8.6 1.031350e+04 1.030040e+04 1.032975e+04 1.034285e+04
9.6 1.032529e+04 1.032204e+04 1.032974e+04 1.033299e+04
10.6 1.031240e+04 1.035091e+04 1.032970e+04 1.029119e+04
11.6 1.038645e+04 1.035481e+04 1.032966e+04 1.036129e+04
12.6 1.033550e+04 1.034443e+04 1.032962e+04 1.032068e+04
13.6 1.032098e+04 1.033939e+04 1.032959e+04 1.031118e+04
14.6 1.031153e+04 1.033042e+04 1.032957e+04 1.031068e+04
15.6 1.032780e+04 1.032062e+04 1.032956e+04 1.033673e+04
16.6 1.033666e+04 1.033004e+04 1.032955e+04 1.033618e+04
17.6 1.033907e+04 1.035301e+04 1.032955e+04 1.031561e+04
18.6 1.037165e+04 1.036012e+04 1.032955e+04 1.034108e+04
19.6 1.037202e+04 1.034577e+04 1.032955e+04 1.035581e+04
20.6 1.030758e+04 1.033654e+04 1.032955e+04 1.030059e+04
0.7 1.040199e+04 1.032310e+04 1.032954e+04 1.040843e+04
1.7 1.038002e+04 1.033766e+04 1.032889e+04 1.037126e+04
2.7 1.035821e+04 1.033076e+04 1.032779e+04 1.035525e+04
3.7 1.032505e+04 1.031755e+04 1.032775e+04 1.033524e+04
4.7 1.028187e+04 1.030828e+04 1.032840e+04 1.030200e+04
5.7 1.031587e+04 1.031300e+04 1.032903e+04 1.033189e+04
6.7 1.033211e+04 1.033534e+04 1.032942e+04 1.032619e+04
7.7 1.034673e+04 1.034709e+04 1.032962e+04 1.032926e+04
8.7 1.033342e+04 1.033741e+04 1.032971e+04 1.032572e+04
9.7 1.026056e+04 1.032129e+04 1.032972e+04 1.026899e+04
10.7 1.029879e+04 1.030905e+04 1.032969e+04 1.031943e+04
11.7 1.028961e+04 1.030207e+04 1.032965e+04 1.031719e+04
12.7 1.030030e+04 1.029884e+04 1.032961e+04 1.033107e+04
13.7 1.034805e+04 1.029798e+04 1.032958e+04 1.037965e+04
14.7 1.036474e+04 1.030119e+04 1.032957e+04 1.039312e+04
15.7 1.034079e+04 1.032287e+04 1.032956e+04 1.034747e+04
16.7 1.033615e+04 1.035743e+04 1.032955e+04 1.030828e+04
17.7 1.035124e+04 1.037331e+04 1.032955e+04 1.030748e+04
18.7 1.039076e+04 1.035998e+04 1.032955e+04 1.036033e+04
19.7 1.034425e+04 1.035051e+04 1.032955e+04 1.032329e+04
20.7 1.033841e+04 1.036020e+04 1.032955e+04 1.030776e+04
0.9 1.030474e+04 1.034061e+04 1.032950e+04 1.029363e+04
1.9 1.033088e+04 1.034021e+04 1.032861e+04 1.031928e+04
2.9 1.027418e+04 1.032721e+04 1.032767e+04 1.027464e+04
3.9 1.030400e+04 1.033015e+04 1.032787e+04 1.030172e+04
4.9 1.033493e+04 1.033998e+04 1.032816e+04 1.032311e+04
5.9 1.034360e+04 1.033198e+04 1.032756e+04 1.033918e+04
6.9 1.033333e+04 1.031666e+04 1.032759e+04 1.034426e+04
7.9 1.029460e+04 1.030553e+04 1.032834e+04 1.031741e+04
8.9 1.030216e+04 1.029990e+04 1.032907e+04 1.033134e+04
9.9 1.034677e+04 1.029778e+04 1.032951e+04 1.037850e+04
10.9 1.031939e+04 1.029761e+04 1.032972e+04 1.035150e+04
11.9 1.029377e+04 1.029842e+04 1.032979e+04 1.032514e+04
12.9 1.031798e+04 1.029985e+04 1.032977e+04 1.034790e+04
13.9 1.031659e+04 1.030798e+04 1.032973e+04 1.033834e+04
14.9 1.033347e+04 1.032710e+04 1.032967e+04 1.033604e+04
15.9 1.032290e+04 1.034288e+04 1.032963e+04 1.030965e+04
16.9 1.033069e+04 1.034071e+04 1.032959e+04 1.031958e+04
17.9 1.036204e+04 1.033666e+04 1.032957e+04 1.035495e+04
18.9 1.035408e+04 1.034955e+04 1.032956e+04 1.033409e+04
19.9 1.035679e+04 1.036347e+04 1.032955e+04 1.032287e+04
20.9 1.035506e+04 1.035543e+04 1.032955e+04 1.032918e+04
0.5 1.030400e+04 1.033015e+04 1.032787e+04 1.030172e+04
1.5 1.033493e+04 1.033998e+04 1.032816e+04 1.032311e+04
2.5 1.034360e+04 1.033198e+04 1.032756e+04 1.033918e+04
3.5 1.033333e+04 1.031666e+04 1.032759e+04 1.034426e+04
4.5 1.029460e+04 1.030553e+04 1.032834e+04 1.031741e+04
5.5 1.030216e+04 1.029990e+04 1.032907e+04 1.033134e+04
6.5 1.034677e+04 1.029778e+04 1.032951e+04 1.037850e+04
7.5 1.031939e+04 1.029761e+04 1.032972e+04 1.035150e+04
8.5 1.029377e+04 1.029842e+04 1.032979e+04 1.032514e+04
9.5 1.031798e+04 1.029985e+04 1.032977e+04 1.034790e+04
10.5 1.031659e+04 1.030798e+04 1.032973e+04 1.033834e+04
11.5 1.033347e+04 1.032710e+04 1.032967e+04 1.033604e+04
12.5 1.032290e+04 1.034288e+04 1.032963e+04 1.030965e+04
13.5 1.033069e+04 1.034071e+04 1.032959e+04 1.031958e+04
14.5 1.036204e+04 1.033666e+04 1.032957e+04 1.035495e+04
15.5 1.035408e+04 1.034955e+04 1.032956e+04 1.033409e+04
16.5 1.035679e+04 1.036347e+04 1.032955e+04 1.032287e+04
17.5 1.035506e+04 1.035543e+04 1.032955e+04 1.032918e+04
18.5 1.037647e+04 1.033377e+04 1.032955e+04 1.037225e+04
19.5 1.038725e+04 1.031458e+04 1.032955e+04 1.040222e+04
20.5 1.029157e+04 1.030296e+04 1.032955e+04 1.031816e+04
0.6 1.032272e+04 1.031792e+04 1.032954e+04 1.033434e+04
1.6 1.036248e+04 1.033375e+04 1.032900e+04 1.035773e+04
2.6 1.035583e+04 1.032907e+04 1.032785e+04 1.035461e+04
3.6 1.034269e+04 1.032775e+04 1.032771e+04 1.034266e+04
4.6 1.035150e+04 1.034044e+04 1.032834e+04 1.033939e+04
5.6 1.032981e+04 1.033985e+04 1.032898e+04 1.031894e+04
6.6 1.030579e+04 1.032596e+04 1.032939e+04 1.030923e+04
7.6 1.027365e+04 1.031205e+04 1.032961e+04 1.029121e+04
8.6 1.029608e+04 1.030695e+04 1.032971e+04 1.031884e+04
9.6 1.033925e+04 1.032275e+04 1.032972e+04 1.034622e+04
10.6 1.032521e+04 1.033653e+04 1.032969e+04 1.031837e+04
11.6 1.032129e+04 1.033109e+04 1.032965e+04 1.031985e+04
12.6 1.028319e+04 1.031952e+04 1.032961e+04 1.029328e+04
13.6 1.031416e+04 1.032071e+04 1.032959e+04 1.032304e+04
14.6 1.035913e+04 1.033173e+04 1.032957e+04 1.035697e+04
15.6 1.040309e+04 1.033187e+04 1.032956e+04 1.040078e+04
16.6 1.034363e+04 1.032134e+04 1.032955e+04 1.035184e+04
17.6 1.028540e+04 1.031051e+04 1.032955e+04 1.030444e+04
18.6 1.029590e+04 1.030892e+04 1.032955e+04 1.031654e+04
19.6 1.029415e+04 1.032270e+04 1.032955e+04 1.030100e+04
20.6 1.035587e+04 1.033845e+04 1.032950e+04 1.034692e+04
0.9 1.035587e+04 1.033845e+04 1.032950e+04 1.034692e+04
1.9 1.038499e+04 1.033713e+04 1.032864e+04 1.037650e+04
2.9 1.037064e+04 1.033189e+04 1.032768e+04 1.036643e+04
3.9 1.036922e+04 1.034812e+04 1.032785e+04 1.034895e+04
4.9 1.034326e+04 1.037013e+04 1.032854e+04 1.030167e+04
5.9 1.037361e+04 1.036680e+04 1.032912e+04 1.033593e+04
6.9 1.035232e+04 1.034325e+04 1.032947e+04 1.033854e+04
7.9 1.033153e+04 1.031999e+04 1.032965e+04 1.034120e+04
8.9 1.032051e+04 1.030514e+04 1.032972e+04 1.034509e+04
9.9 1.029349e+04 1.029774e+04 1.032972e+04 1.032546e+04
10.9 1.026806e+04 1.029936e+04 1.032968e+04 1.029838e+04
11.9 1.031216e+04 1.032030e+04 1.032964e+04 1.032150e+04
12.9 1.034924e+04 1.034321e+04 1.032960e+04 1.033563e+04
13.9 1.037545e+04 1.034307e+04 1.032958e+04 1.036196e+04
14.9 1.031218e+04 1.032842e+04 1.032957e+04 1.031333e+04
15.9 1.028362e+04 1.031407e+04 1.032956e+04 1.029910e+04
16.9 1.028800e+04 1.030491e+04 1.032955e+04 1.031265e+04
17.9 1.029865e+04 1.030577e+04 1.032955e+04 1.032243e+04
18.9 1.031573e+04 1.032628e+04 1.032955e+04 1.031901e+04
19.9 1.034884e+04 1.034470e+04 1.032928e+04 1.033341e+04
20.9 1.034550e+04 1.033899e+04 1.032812e+04 1.033463e+04
0.3 1.031573e+04 1.032628e+04 1.032955e+04 1.031901e+04
1.3 1.034884e+04 1.034470e+04 1.032928e+04 1.033341e+04
2.3 1.034550e+04 1.033899e+04 1.032812e+04 1.033463e+04
3.3 1.030794e+04 1.032771e+04 1.032763e+04 1.030786e+04
4.3 1.033646e+04 1.033908e+04 1.032814e+04 1.032552e+04
5.3 1.037333e+04 1.035645e+04 1.032865e+04 1.034554e+04
6.3 1.038637e+04 1.034891e+04 1.032803e+04 1.036548e+04
7.3 1.035959e+04 1.032796e+04 1.032764e+04 1.035927e+04
8.3 1.033211e+04 1.031549e+04 1.032817e+04 1.034479e+04
9.3 1.028590e+04 1.032250e+04 1.032890e+04 1.029231e+04
10.3 1.030343e+04 1.033623e+04 1.032940e+04 1.029660e+04
11.3 1.034729e+04 1.033657e+04 1.032965e+04 1.034037e+04
12.3 1.034047e+04 1.032503e+04 1.032975e+04 1.034519e+04
13.3 1.030480e+04 1.032241e+04 1.032976e+04 1.031216e+04
14.3 1.031049e+04 1.034004e+04 1.032973e+04 1.030018e+04
15.3 1.032877e+04 1.035013e+04 1.032968e+04 1.030832e+04
16.3 1.033190e+04 1.033902e+04 1.032963e+04 1.032251e+04
17.3 1.031763e+04 1.032972e+04 1.032960e+04 1.031751e+04
18.3 1.031610e+04 1.033883e+04 1.032958e+04 1.030685e+04
19.3 1.035537e+04 1.033933e+04 1.032956e+04 1.034561e+04
20.3 1.033337e+04 1.032845e+04 1.032956e+04 1.033447e+04
0.2 1.033646e+04 1.033908e+04 1.032814e+04 1.032552e+04
1.2 1.037333e+04 1.035645e+04 1.032865e+04 1.034554e+04
2.2 1.038637e+04 1.034891e+04 1.032803e+04 1.036548e+04
3.2 1.035959e+04 1.032796e+04 1.032764e+04 1.035927e+04
4.2 1.033211e+04 1.031549e+04 1.032817e+04 1.034479e+04
5.2 1.028590e+04 1.032250e+04 1.032890e+04 1.029231e+04
6.2 1.030343e+04 1.033623e+04 1.032940e+04 1.029660e+04
7.2 1.034729e+04 1.033657e+04 1.032965e+04 1.034037e+04
8.2 1.034047e+04 1.032503e+04 1.032975e+04 1.034519e+04
9.2 1.030480e+04 1.032241e+04 1.032976e+04 1.031216e+04
10.2 1.031049e+04 1.034004e+04 1.032973e+04 1.030018e+04
11.2 1.032877e+04 1.035013e+04 1.032968e+04 1.030832e+04
12.2 1.033190e+04 1.033902e+04 1.032963e+04 1.032251e+04
13.2 1.031763e+04 1.032972e+04 1.032960e+04 1.031751e+04
14.2 1.031610e+04 1.033883e+04 1.032958e+04 1.030685e+04
15.2 1.035537e+04 1.033933e+04 1.032956e+04 1.034561e+04
16.2 1.033337e+04 1.032845e+04 1.032956e+04 1.033447e+04
17.2 1.031817e+04 1.033392e+04 1.032955e+04 1.031381e+04
18.2 1.035446e+04 1.035277e+04 1.032948e+04 1.033117e+04
19.2 1.034692e+04 1.035067e+04 1.032853e+04 1.032478e+04
20.2 1.031541e+04 1.033103e+04 1.032766e+04 1.031203e+04
1.0 1.035446e+04 1.035277e+04 1.032948e+04 1.033117e+04
2.0 1.034692e+04 1.035067e+04 1.032853e+04 1.032478e+04
3.0 1.031541e+04 1.033103e+04 1.032766e+04 1.031203e+04
4.0 1.026620e+04 1.031300e+04 1.032791e+04 1.028111e+04
5.0 1.026324e+04 1.030359e+04 1.032860e+04 1.028825e+04
6.0 1.029754e+04 1.031309e+04 1.032916e+04 1.031360e+04
7.0 1.034438e+04 1.034063e+04 1.032949e+04 1.033325e+04
8.0 1.037212e+04 1.035927e+04 1.032966e+04 1.034250e+04
9.0 1.036669e+04 1.035209e+04 1.032972e+04 1.034431e+04
10.0 1.034752e+04 1.034453e+04 1.032971e+04 1.033270e+04
11.0 1.036923e+04 1.034470e+04 1.032968e+04 1.035421e+04
12.0 1.031863e+04 1.033453e+04 1.032964e+04 1.031374e+04
13.0 1.027049e+04 1.031843e+04 1.032960e+04 1.028165e+04
14.0 1.028454e+04 1.030595e+04 1.032958e+04 1.030816e+04
15.0 1.028135e+04 1.029976e+04 1.032956e+04 1.031116e+04
16.0 1.027848e+04 1.030788e+04 1.032956e+04 1.030016e+04
17.0 1.028074e+04 1.033521e+04 1.032955e+04 1.027508e+04
18.0 1.029892e+04 1.035901e+04 1.032955e+04 1.026946e+04
19.0 1.034708e+04 1.035582e+04 1.032955e+04 1.032081e+04
20.0 1.038333e+04 1.033608e+04 1.032955e+04 1.037679e+04
