0.4 9.921477e+03 9.960744e+03 9.955322e+03 9.916055e+03
1.4 9.931353e+03 9.969086e+03 9.958711e+03 9.920978e+03
2.4 9.954336e+03 9.976422e+03 9.970278e+03 9.948192e+03
3.4 9.968147e+03 9.979020e+03 9.974000e+03 9.963126e+03
4.4 9.978896e+03 9.979254e+03 9.968629e+03 9.968271e+03
5.4 9.988764e+03 9.977746e+03 9.965137e+03 9.976154e+03
6.4 9.990783e+03 9.977639e+03 9.972164e+03 9.985308e+03
7.4 9.969198e+03 9.969764e+03 9.973756e+03 9.973189e+03
8.4 9.942470e+03 9.958651e+03 9.967404e+03 9.951223e+03
9.4 9.932838e+03 9.954325e+03 9.960488e+03 9.939002e+03
10.4 9.950861e+03 9.956512e+03 9.960050e+03 9.954399e+03
11.4 9.986818e+03 9.963729e+03 9.969493e+03 9.992581e+03
12.4 9.974080e+03 9.963682e+03 9.971767e+03 9.982165e+03
13.4 9.958535e+03 9.960669e+03 9.966582e+03 9.964449e+03
14.4 9.958945e+03 9.963741e+03 9.968912e+03 9.964116e+03
15.4 9.953319e+03 9.966608e+03 9.974443e+03 9.961154e+03
16.4 9.948237e+03 9.960079e+03 9.970848e+03 9.959006e+03
17.4 9.957663e+03 9.956147e+03 9.963349e+03 9.964865e+03
18.4 9.987498e+03 9.965041e+03 9.957630e+03 9.980087e+03
19.4 1.001376e+04 9.975276e+03 9.959035e+03 9.997523e+03
20.4 1.000970e+04 9.979688e+03 9.969250e+03 9.999259e+03
0.4 9.978896e+03 9.979254e+03 9.968629e+03 9.968271e+03
1.4 9.988764e+03 9.977746e+03 9.965137e+03 9.976154e+03
2.4 9.990783e+03 9.977639e+03 9.972164e+03 9.985308e+03
3.4 9.969198e+03 9.969764e+03 9.973756e+03 9.973189e+03
4.4 9.942470e+03 9.958651e+03 9.967404e+03 9.951223e+03
5.4 9.932838e+03 9.954325e+03 9.960488e+03 9.939002e+03
6.4 9.950861e+03 9.956512e+03 9.960050e+03 9.954399e+03
7.4 9.986818e+03 9.963729e+03 9.969493e+03 9.992581e+03
8.4 9.974080e+03 9.963682e+03 9.971767e+03 9.982165e+03
9.4 9.958535e+03 9.960669e+03 9.966582e+03 9.964449e+03
10.4 9.958945e+03 9.963741e+03 9.968912e+03 9.964116e+03
11.4 9.953319e+03 9.966608e+03 9.974443e+03 9.961154e+03
12.4 9.948237e+03 9.960079e+03 9.970848e+03 9.959006e+03
13.4 9.957663e+03 9.956147e+03 9.963349e+03 9.964865e+03
14.4 9.987498e+03 9.965041e+03 9.957630e+03 9.980087e+03
15.4 1.001376e+04 9.975276e+03 9.959035e+03 9.997523e+03
16.4 1.000970e+04 9.979688e+03 9.969250e+03 9.999259e+03
17.4 9.975966e+03 9.971603e+03 9.971367e+03 9.975730e+03
18.4 9.949296e+03 9.965154e+03 9.965803e+03 9.949945e+03
19.4 9.963102e+03 9.966742e+03 9.959870e+03 9.956231e+03
20.4 9.963195e+03 9.965021e+03 9.956138e+03 9.954312e+03
0.5 9.932838e+03 9.954325e+03 9.960488e+03 9.939002e+03
1.5 9.950861e+03 9.956512e+03 9.960050e+03 9.954399e+03
2.5 9.986818e+03 9.963729e+03 9.969493e+03 9.992581e+03
3.5 9.974080e+03 9.963682e+03 9.971767e+03 9.982165e+03
4.5 9.958535e+03 9.960669e+03 9.966582e+03 9.964449e+03
5.5 9.958945e+03 9.963741e+03 9.968912e+03 9.964116e+03
6.5 9.953319e+03 9.966608e+03 9.974443e+03 9.961154e+03
7.5 9.948237e+03 9.960079e+03 9.970848e+03 9.959006e+03
8.5 9.957663e+03 9.956147e+03 9.963349e+03 9.964865e+03
9.5 9.987498e+03 9.965041e+03 9.957630e+03 9.980087e+03
10.5 1.001376e+04 9.975276e+03 9.959035e+03 9.997523e+03
11.5 1.000970e+04 9.979688e+03 9.969250e+03 9.999259e+03
12.5 9.975966e+03 9.971603e+03 9.971367e+03 9.975730e+03
13.5 9.949296e+03 9.965154e+03 9.965803e+03 9.949945e+03
14.5 9.963102e+03 9.966742e+03 9.959870e+03 9.956231e+03
15.5 9.963195e+03 9.965021e+03 9.956138e+03 9.954312e+03
16.5 9.959403e+03 9.960354e+03 9.954252e+03 9.953301e+03
17.5 9.947834e+03 9.965303e+03 9.953517e+03 9.936048e+03
18.5 9.970363e+03 9.974260e+03 9.955696e+03 9.951799e+03
19.5 1.000100e+04 9.980283e+03 9.967266e+03 9.987986e+03
20.5 9.990990e+03 9.977819e+03 9.973147e+03 9.986317e+03
0.9 9.958535e+03 9.960669e+03 9.966582e+03 9.964449e+03
1.9 9.958945e+03 9.963741e+03 9.968912e+03 9.964116e+03
2.9 9.953319e+03 9.966608e+03 9.974443e+03 9.961154e+03
3.9 9.948237e+03 9.960079e+03 9.970848e+03 9.959006e+03
4.9 9.957663e+03 9.956147e+03 9.963349e+03 9.964865e+03
5.9 9.987498e+03 9.965041e+03 9.957630e+03 9.980087e+03
6.9 1.001376e+04 9.975276e+03 9.959035e+03 9.997523e+03
7.9 1.000970e+04 9.979688e+03 9.969250e+03 9.999259e+03
8.9 9.975966e+03 9.971603e+03 9.971367e+03 9.975730e+03
9.9 9.949296e+03 9.965154e+03 9.965803e+03 9.949945e+03
10.9 9.963102e+03 9.966742e+03 9.959870e+03 9.956231e+03
11.9 9.963195e+03 9.965021e+03 9.956138e+03 9.954312e+03
12.9 9.959403e+03 9.960354e+03 9.954252e+03 9.953301e+03
13.9 9.947834e+03 9.965303e+03 9.953517e+03 9.936048e+03
14.9 9.970363e+03 9.974260e+03 9.955696e+03 9.951799e+03
15.9 1.000100e+04 9.980283e+03 9.967266e+03 9.987986e+03
16.9 9.990990e+03 9.977819e+03 9.973147e+03 9.986317e+03
17.9 9.961374e+03 9.971293e+03 9.968957e+03 9.959038e+03
18.9 9.969897e+03 9.965971e+03 9.964480e+03 9.968407e+03
19.9 9.974737e+03 9.967933e+03 9.970929e+03 9.977733e+03
20.9 9.956994e+03 9.970057e+03 9.974083e+03 9.961021e+03
0.5 9.987498e+03 9.965041e+03 9.957630e+03 9.980087e+03
1.5 1.001376e+04 9.975276e+03 9.959035e+03 9.997523e+03
2.5 1.000970e+04 9.979688e+03 9.969250e+03 9.999259e+03
3.5 9.975966e+03 9.971603e+03 9.971367e+03 9.975730e+03
4.5 9.949296e+03 9.965154e+03 9.965803e+03 9.949945e+03
5.5 9.963102e+03 9.966742e+03 9.959870e+03 9.956231e+03
6.5 9.963195e+03 9.965021e+03 9.956138e+03 9.954312e+03
7.5 9.959403e+03 9.960354e+03 9.954252e+03 9.953301e+03
8.5 9.947834e+03 9.965303e+03 9.953517e+03 9.936048e+03
9.5 9.970363e+03 9.974260e+03 9.955696e+03 9.951799e+03
10.5 1.000100e+04 9.980283e+03 9.967266e+03 9.987986e+03
11.5 9.990990e+03 9.977819e+03 9.973147e+03 9.986317e+03
12.5 9.961374e+03 9.971293e+03 9.968957e+03 9.959038e+03
13.5 9.969897e+03 9.965971e+03 9.964480e+03 9.968407e+03
14.5 9.974737e+03 9.967933e+03 9.970929e+03 9.977733e+03
15.5 9.956994e+03 9.970057e+03 9.974083e+03 9.961021e+03
16.5 9.962493e+03 9.971792e+03 9.968449e+03 9.959150e+03
17.5 9.981814e+03 9.972558e+03 9.962629e+03 9.971885e+03
18.5 1.000574e+04 9.974867e+03 9.968353e+03 9.999226e+03
19.5 9.992391e+03 9.971540e+03 9.973062e+03 9.993913e+03
20.5 9.962729e+03 9.965600e+03 9.968538e+03 9.965668e+03
0.3 9.947834e+03 9.965303e+03 9.953517e+03 9.936048e+03
1.3 9.970363e+03 9.974260e+03 9.955696e+03 9.951799e+03
2.3 1.000100e+04 9.980283e+03 9.967266e+03 9.987986e+03
3.3 9.990990e+03 9.977819e+03 9.973147e+03 9.986317e+03
4.3 9.961374e+03 9.971293e+03 9.968957e+03 9.959038e+03
5.3 9.969897e+03 9.965971e+03 9.964480e+03 9.968407e+03
6.3 9.974737e+03 9.967933e+03 9.970929e+03 9.977733e+03
7.3 9.956994e+03 9.970057e+03 9.974083e+03 9.961021e+03
8.3 9.962493e+03 9.971792e+03 9.968449e+03 9.959150e+03
9.3 9.981814e+03 9.972558e+03 9.962629e+03 9.971885e+03
10.3 1.000574e+04 9.974867e+03 9.968353e+03 9.999226e+03
11.3 9.992391e+03 9.971540e+03 9.973062e+03 9.993913e+03
12.3 9.962729e+03 9.965600e+03 9.968538e+03 9.965668e+03
13.3 9.952514e+03 9.965375e+03 9.961610e+03 9.948748e+03
14.3 9.972429e+03 9.967255e+03 9.959210e+03 9.964385e+03
15.3 9.989259e+03 9.971407e+03 9.968066e+03 9.985918e+03
16.3 9.982002e+03 9.967571e+03 9.972173e+03 9.986604e+03
17.3 9.962333e+03 9.956703e+03 9.967286e+03 9.972916e+03
18.3 9.937068e+03 9.947024e+03 9.960860e+03 9.950904e+03
19.3 9.948290e+03 9.941701e+03 9.956573e+03 9.963163e+03
20.3 9.960360e+03 9.946532e+03 9.954370e+03 9.968199e+03
0.2 9.961374e+03 9.971293e+03 9.968957e+03 9.959038e+03
1.2 9.969897e+03 9.965971e+03 9.964480e+03 9.968407e+03
2.2 9.974737e+03 9.967933e+03 9.970929e+03 9.977733e+03
3.2 9.956994e+03 9.970057e+03 9.974083e+03 9.961021e+03
4.2 9.962493e+03 9.971792e+03 9.968449e+03 9.959150e+03
5.2 9.981814e+03 9.972558e+03 9.962629e+03 9.971885e+03
6.2 1.000574e+04 9.974867e+03 9.968353e+03 9.999226e+03
7.2 9.992391e+03 9.971540e+03 9.973062e+03 9.993913e+03
8.2 9.962729e+03 9.965600e+03 9.968538e+03 9.965668e+03
9.2 9.952514e+03 9.965375e+03 9.961610e+03 9.948748e+03
10.2 9.972429e+03 9.967255e+03 9.959210e+03 9.964385e+03
11.2 9.989259e+03 9.971407e+03 9.968066e+03 9.985918e+03
12.2 9.982002e+03 9.967571e+03 9.972173e+03 9.986604e+03
13.2 9.962333e+03 9.956703e+03 9.967286e+03 9.972916e+03
14.2 9.937068e+03 9.947024e+03 9.960860e+03 9.950904e+03
15.2 9.948290e+03 9.941701e+03 9.956573e+03 9.963163e+03
16.2 9.960360e+03 9.946532e+03 9.954370e+03 9.968199e+03
17.2 9.960777e+03 9.963115e+03 9.953480e+03 9.951141e+03
18.2 9.978717e+03 9.973174e+03 9.953366e+03 9.958910e+03
19.2 9.973249e+03 9.969879e+03 9.953675e+03 9.957046e+03
20.2 9.956636e+03 9.959913e+03 9.954133e+03 9.950856e+03
0.1 9.962493e+03 9.971792e+03 9.968449e+03 9.959150e+03
1.1 9.981814e+03 9.972558e+03 9.962629e+03 9.971885e+03
2.1 1.000574e+04 9.974867e+03 9.968353e+03 9.999226e+03
3.1 9.992391e+03 9.971540e+03 9.973062e+03 9.993913e+03
4.1 9.962729e+03 9.965600e+03 9.968538e+03 9.965668e+03
5.1 9.952514e+03 9.965375e+03 9.961610e+03 9.948748e+03
6.1 9.972429e+03 9.967255e+03 9.959210e+03 9.964385e+03
7.1 9.989259e+03 9.971407e+03 9.968066e+03 9.985918e+03
8.1 9.982002e+03 9.967571e+03 9.972173e+03 9.986604e+03
9.1 9.962333e+03 9.956703e+03 9.967286e+03 9.972916e+03
10.1 9.937068e+03 9.947024e+03 9.960860e+03 9.950904e+03
11.1 9.948290e+03 9.941701e+03 9.956573e+03 9.963163e+03
12.1 9.960360e+03 9.946532e+03 9.954370e+03 9.968199e+03
13.1 9.960777e+03 9.963115e+03 9.953480e+03 9.951141e+03
14.1 9.978717e+03 9.973174e+03 9.953366e+03 9.958910e+03
15.1 9.973249e+03 9.969879e+03 9.953675e+03 9.957046e+03
16.1 9.956636e+03 9.959913e+03 9.954133e+03 9.950856e+03
17.1 9.955378e+03 9.955464e+03 9.954562e+03 9.954476e+03
18.1 9.973420e+03 9.959098e+03 9.955147e+03 9.969469e+03
19.1 9.990943e+03 9.966198e+03 9.962935e+03 9.987681e+03
20.1 1.000452e+04 9.970035e+03 9.973162e+03 1.000765e+04
0.3 9.952514e+03 9.965375e+03 9.961610e+03 9.948748e+03
1.3 9.972429e+03 9.967255e+03 9.959210e+03 9.964385e+03
2.3 9.989259e+03 9.971407e+03 9.968066e+03 9.985918e+03
3.3 9.982002e+03 9.967571e+03 9.972173e+03 9.986604e+03
4.3 9.962333e+03 9.956703e+03 9.967286e+03 9.972916e+03
5.3 9.937068e+03 9.947024e+03 9.960860e+03 9.950904e+03
6.3 9.948290e+03 9.941701e+03 9.956573e+03 9.963163e+03
7.3 9.960360e+03 9.946532e+03 9.954370e+03 9.968199e+03
8.3 9.960777e+03 9.963115e+03 9.953480e+03 9.951141e+03
9.3 9.978717e+03 9.973174e+03 9.953366e+03 9.958910e+03
10.3 9.973249e+03 9.969879e+03 9.953675e+03 9.957046e+03
11.3 9.956636e+03 9.959913e+03 9.954133e+03 9.950856e+03
12.3 9.955378e+03 9.955464e+03 9.954562e+03 9.954476e+03
13.3 9.973420e+03 9.959098e+03 9.955147e+03 9.969469e+03
14.3 9.990943e+03 9.966198e+03 9.962935e+03 9.987681e+03
15.3 1.000452e+04 9.970035e+03 9.973162e+03 1.000765e+04
16.3 9.988810e+03 9.962948e+03 9.972409e+03 9.998270e+03
17.3 9.965972e+03 9.954722e+03 9.965792e+03 9.977043e+03
18.3 9.943864e+03 9.955960e+03 9.959901e+03 9.947805e+03
19.3 9.950125e+03 9.962339e+03 9.956438e+03 9.944224e+03
20.3 9.981541e+03 9.968716e+03 9.961229e+03 9.974054e+03
0.8 9.973420e+03 9.959098e+03 9.955147e+03 9.969469e+03
1.8 9.990943e+03 9.966198e+03 9.962935e+03 9.987681e+03
2.8 1.000452e+04 9.970035e+03 9.973162e+03 1.000765e+04
3.8 9.988810e+03 9.962948e+03 9.972409e+03 9.998270e+03
4.8 9.965972e+03 9.954722e+03 9.965792e+03 9.977043e+03
5.8 9.943864e+03 9.955960e+03 9.959901e+03 9.947805e+03
6.8 9.950125e+03 9.962339e+03 9.956438e+03 9.944224e+03
7.8 9.981541e+03 9.968716e+03 9.961229e+03 9.974054e+03
8.8 9.991536e+03 9.972153e+03 9.971193e+03 9.990576e+03
9.8 9.967058e+03 9.964799e+03 9.971247e+03 9.973506e+03
10.8 9.944798e+03 9.953675e+03 9.965086e+03 9.956209e+03
11.8 9.944557e+03 9.945925e+03 9.959412e+03 9.958044e+03
12.8 9.954146e+03 9.949265e+03 9.955967e+03 9.960848e+03
13.8 9.970158e+03 9.959410e+03 9.954234e+03 9.964983e+03
14.8 9.986060e+03 9.962714e+03 9.953581e+03 9.976926e+03
15.8 9.995702e+03 9.957916e+03 9.953586e+03 9.991371e+03
16.8 9.996276e+03 9.957219e+03 9.953926e+03 9.992984e+03
17.8 9.991761e+03 9.967689e+03 9.954355e+03 9.978427e+03
18.8 9.979051e+03 9.973885e+03 9.954726e+03 9.959892e+03
19.8 9.962271e+03 9.969039e+03 9.954988e+03 9.948220e+03
20.8 9.948925e+03 9.958276e+03 9.955149e+03 9.945798e+03
0.7 9.950125e+03 9.962339e+03 9.956438e+03 9.944224e+03
1.7 9.981541e+03 9.968716e+03 9.961229e+03 9.974054e+03
2.7 9.991536e+03 9.972153e+03 9.971193e+03 9.990576e+03
3.7 9.967058e+03 9.964799e+03 9.971247e+03 9.973506e+03
4.7 9.944798e+03 9.953675e+03 9.965086e+03 9.956209e+03
5.7 9.944557e+03 9.945925e+03 9.959412e+03 9.958044e+03
6.7 9.954146e+03 9.949265e+03 9.955967e+03 9.960848e+03
7.7 9.970158e+03 9.959410e+03 9.954234e+03 9.964983e+03
8.7 9.986060e+03 9.962714e+03 9.953581e+03 9.976926e+03
9.7 9.995702e+03 9.957916e+03 9.953586e+03 9.991371e+03
10.7 9.996276e+03 9.957219e+03 9.953926e+03 9.992984e+03
11.7 9.991761e+03 9.967689e+03 9.954355e+03 9.978427e+03
12.7 9.979051e+03 9.973885e+03 9.954726e+03 9.959892e+03
13.7 9.962271e+03 9.969039e+03 9.954988e+03 9.948220e+03
14.7 9.948925e+03 9.958276e+03 9.955149e+03 9.945798e+03
15.7 9.961569e+03 9.948595e+03 9.955237e+03 9.968210e+03
16.7 9.976683e+03 9.942592e+03 9.955281e+03 9.989372e+03
17.7 9.969865e+03 9.939727e+03 9.955302e+03 9.985440e+03
18.7 9.958751e+03 9.938873e+03 9.955311e+03 9.975188e+03
19.7 9.951278e+03 9.940719e+03 9.955315e+03 9.965874e+03
20.7 9.950062e+03 9.953394e+03 9.955316e+03 9.951984e+03
1.0 9.958029e+03 9.971213e+03 9.956119e+03 9.942935e+03
2.0 9.986883e+03 9.982822e+03 9.965687e+03 9.969748e+03
3.0 9.984946e+03 9.983487e+03 9.974005e+03 9.975464e+03
4.0 9.968812e+03 9.976396e+03 9.972631e+03 9.965047e+03
5.0 9.975421e+03 9.974075e+03 9.976250e+03 9.977596e+03
6.0 9.972675e+03 9.970723e+03 9.977887e+03 9.979838e+03
7.0 9.975954e+03 9.967018e+03 9.971071e+03 9.980007e+03
8.0 9.961503e+03 9.967260e+03 9.962658e+03 9.956902e+03
9.0 9.975630e+03 9.969161e+03 9.961704e+03 9.968172e+03
10.0 9.992414e+03 9.972429e+03 9.970215e+03 9.990200e+03
11.0 9.982440e+03 9.970121e+03 9.971144e+03 9.983463e+03
12.0 9.959326e+03 9.966015e+03 9.965110e+03 9.958421e+03
13.0 9.961884e+03 9.963913e+03 9.962537e+03 9.960508e+03
14.0 9.954765e+03 9.967947e+03 9.970520e+03 9.957339e+03
15.0 9.958964e+03 9.970301e+03 9.972547e+03 9.961210e+03
16.0 9.971289e+03 9.971045e+03 9.970250e+03 9.970494e+03
17.0 9.986464e+03 9.973449e+03 9.975278e+03 9.988292e+03
18.0 9.966252e+03 9.967275e+03 9.974545e+03 9.973522e+03
19.0 9.943968e+03 9.955543e+03 9.967041e+03 9.955466e+03
20.0 9.937496e+03 9.945999e+03 9.959748e+03 9.951245e+03
21.0 9.968674e+03 9.940699e+03 9.955331e+03 9.983306e+03
0.1 9.984946e+03 9.983487e+03 9.974005e+03 9.975464e+03
1.1 9.968812e+03 9.976396e+03 9.972631e+03 9.965047e+03
2.1 9.975421e+03 9.974075e+03 9.976250e+03 9.977596e+03
3.1 9.972675e+03 9.970723e+03 9.977887e+03 9.979838e+03
4.1 9.975954e+03 9.967018e+03 9.971071e+03 9.980007e+03
5.1 9.961503e+03 9.967260e+03 9.962658e+03 9.956902e+03
6.1 9.975630e+03 9.969161e+03 9.961704e+03 9.968172e+03
7.1 9.992414e+03 9.972429e+03 9.970215e+03 9.990200e+03
8.1 9.982440e+03 9.970121e+03 9.971144e+03 9.983463e+03
9.1 9.959326e+03 9.966015e+03 9.965110e+03 9.958421e+03
10.1 9.961884e+03 9.963913e+03 9.962537e+03 9.960508e+03
11.1 9.954765e+03 9.967947e+03 9.970520e+03 9.957339e+03
12.1 9.958964e+03 9.970301e+03 9.972547e+03 9.961210e+03
13.1 9.971289e+03 9.971045e+03 9.970250e+03 9.970494e+03
14.1 9.986464e+03 9.973449e+03 9.975278e+03 9.988292e+03
15.1 9.966252e+03 9.967275e+03 9.974545e+03 9.973522e+03
16.1 9.943968e+03 9.955543e+03 9.967041e+03 9.955466e+03
17.1 9.937496e+03 9.945999e+03 9.959748e+03 9.951245e+03
18.1 9.968674e+03 9.940699e+03 9.955331e+03 9.983306e+03
19.1 9.965329e+03 9.938663e+03 9.953299e+03 9.979966e+03
20.1 9.955836e+03 9.940951e+03 9.952708e+03 9.967593e+03
0.5 9.961503e+03 9.967260e+03 9.962658e+03 9.956902e+03
1.5 9.975630e+03 9.969161e+03 9.961704e+03 9.968172e+03
2.5 9.992414e+03 9.972429e+03 9.970215e+03 9.990200e+03
3.5 9.982440e+03 9.970121e+03 9.971144e+03 9.983463e+03
4.5 9.959326e+03 9.966015e+03 9.965110e+03 9.958421e+03
5.5 9.961884e+03 9.963913e+03 9.962537e+03 9.960508e+03
6.5 9.954765e+03 9.967947e+03 9.970520e+03 9.957339e+03
7.5 9.958964e+03 9.970301e+03 9.972547e+03 9.961210e+03
8.5 9.971289e+03 9.971045e+03 9.970250e+03 9.970494e+03
9.5 9.986464e+03 9.973449e+03 9.975278e+03 9.988292e+03
10.5 9.966252e+03 9.967275e+03 9.974545e+03 9.973522e+03
11.5 9.943968e+03 9.955543e+03 9.967041e+03 9.955466e+03
12.5 9.937496e+03 9.945999e+03 9.959748e+03 9.951245e+03
13.5 9.968674e+03 9.940699e+03 9.955331e+03 9.983306e+03
14.5 9.965329e+03 9.938663e+03 9.953299e+03 9.979966e+03
15.5 9.955836e+03 9.940951e+03 9.952708e+03 9.967593e+03
16.5 9.953654e+03 9.947993e+03 9.952956e+03 9.958617e+03
17.5 9.974290e+03 9.957458e+03 9.958892e+03 9.975725e+03
18.5 9.980693e+03 9.966984e+03 9.970742e+03 9.984451e+03
19.5 9.965554e+03 9.968124e+03 9.972600e+03 9.970029e+03
20.5 9.967234e+03 9.968219e+03 9.967815e+03 9.966830e+03
0.4 9.959326e+03 9.966015e+03 9.965110e+03 9.958421e+03
1.4 9.961884e+03 9.963913e+03 9.962537e+03 9.960508e+03
2.4 9.954765e+03 9.967947e+03 9.970520e+03 9.957339e+03
3.4 9.958964e+03 9.970301e+03 9.972547e+03 9.961210e+03
4.4 9.971289e+03 9.971045e+03 9.970250e+03 9.970494e+03
5.4 9.986464e+03 9.973449e+03 9.975278e+03 9.988292e+03
6.4 9.966252e+03 9.967275e+03 9.974545e+03 9.973522e+03
7.4 9.943968e+03 9.955543e+03 9.967041e+03 9.955466e+03
8.4 9.937496e+03 9.945999e+03 9.959748e+03 9.951245e+03
9.4 9.968674e+03 9.940699e+03 9.955331e+03 9.983306e+03
10.4 9.965329e+03 9.938663e+03 9.953299e+03 9.979966e+03
11.4 9.955836e+03 9.940951e+03 9.952708e+03 9.967593e+03
12.4 9.953654e+03 9.947993e+03 9.952956e+03 9.958617e+03
13.4 9.974290e+03 9.957458e+03 9.958892e+03 9.975725e+03
14.4 9.980693e+03 9.966984e+03 9.970742e+03 9.984451e+03
15.4 9.965554e+03 9.968124e+03 9.972600e+03 9.970029e+03
16.4 9.967234e+03 9.968219e+03 9.967815e+03 9.966830e+03
17.4 9.978791e+03 9.972481e+03 9.971764e+03 9.978074e+03
18.4 9.970763e+03 9.971405e+03 9.975548e+03 9.974906e+03
19.4 9.958013e+03 9.964946e+03 9.970287e+03 9.963353e+03
20.4 9.969014e+03 9.966636e+03 9.963062e+03 9.965441e+03
0.4 9.958964e+03 9.970301e+03 9.972547e+03 9.961210e+03
1.4 9.971289e+03 9.971045e+03 9.970250e+03 9.970494e+03
2.4 9.986464e+03 9.973449e+03 9.975278e+03 9.988292e+03
3.4 9.966252e+03 9.967275e+03 9.974545e+03 9.973522e+03
4.4 9.943968e+03 9.955543e+03 9.967041e+03 9.955466e+03
5.4 9.937496e+03 9.945999e+03 9.959748e+03 9.951245e+03
6.4 9.968674e+03 9.940699e+03 9.955331e+03 9.983306e+03
7.4 9.965329e+03 9.938663e+03 9.953299e+03 9.979966e+03
8.4 9.955836e+03 9.940951e+03 9.952708e+03 9.967593e+03
9.4 9.953654e+03 9.947993e+03 9.952956e+03 9.958617e+03
10.4 9.974290e+03 9.957458e+03 9.958892e+03 9.975725e+03
11.4 9.980693e+03 9.966984e+03 9.970742e+03 9.984451e+03
12.4 9.965554e+03 9.968124e+03 9.972600e+03 9.970029e+03
13.4 9.967234e+03 9.968219e+03 9.967815e+03 9.966830e+03
14.4 9.978791e+03 9.972481e+03 9.971764e+03 9.978074e+03
15.4 9.970763e+03 9.971405e+03 9.975548e+03 9.974906e+03
16.4 9.958013e+03 9.964946e+03 9.970287e+03 9.963353e+03
17.4 9.969014e+03 9.966636e+03 9.963062e+03 9.965441e+03
18.4 1.000238e+04 9.973417e+03 9.966379e+03 9.995340e+03
19.4 9.980030e+03 9.973862e+03 9.972713e+03 9.978881e+03
20.4 9.955378e+03 9.963398e+03 9.969675e+03 9.961655e+03
0.6 9.953654e+03 9.947993e+03 9.952956e+03 9.958617e+03
1.6 9.974290e+03 9.957458e+03 9.958892e+03 9.975725e+03
2.6 9.980693e+03 9.966984e+03 9.970742e+03 9.984451e+03
3.6 9.965554e+03 9.968124e+03 9.972600e+03 9.970029e+03
4.6 9.967234e+03 9.968219e+03 9.967815e+03 9.966830e+03
5.6 9.978791e+03 9.972481e+03 9.971764e+03 9.978074e+03
6.6 9.970763e+03 9.971405e+03 9.975548e+03 9.974906e+03
7.6 9.958013e+03 9.964946e+03 9.970287e+03 9.963353e+03
8.6 9.969014e+03 9.966636e+03 9.963062e+03 9.965441e+03
9.6 1.000238e+04 9.973417e+03 9.966379e+03 9.995340e+03
10.6 9.980030e+03 9.973862e+03 9.972713e+03 9.978881e+03
11.6 9.955378e+03 9.963398e+03 9.969675e+03 9.961655e+03
12.6 9.928213e+03 9.951478e+03 9.962746e+03 9.939481e+03
13.6 9.935823e+03 9.943599e+03 9.957453e+03 9.949677e+03
14.6 9.931150e+03 9.939714e+03 9.954607e+03 9.946042e+03
15.6 9.969352e+03 9.940651e+03 9.953405e+03 9.982105e+03
16.6 1.000846e+04 9.952700e+03 9.953153e+03 1.000891e+04
17.6 1.000438e+04 9.963757e+03 9.953421e+03 9.994044e+03
18.6 9.967481e+03 9.964077e+03 9.953902e+03 9.957305e+03
19.6 9.936697e+03 9.956890e+03 9.954385e+03 9.934192e+03
20.6 9.920648e+03 9.949366e+03 9.954764e+03 9.926046e+03
0.1 9.965554e+03 9.968124e+03 9.972600e+03 9.970029e+03
1.1 9.967234e+03 9.968219e+03 9.967815e+03 9.966830e+03
2.1 9.978791e+03 9.972481e+03 9.971764e+03 9.978074e+03
3.1 9.970763e+03 9.971405e+03 9.975548e+03 9.974906e+03
4.1 9.958013e+03 9.964946e+03 9.970287e+03 9.963353e+03
5.1 9.969014e+03 9.966636e+03 9.963062e+03 9.965441e+03
6.1 1.000238e+04 9.973417e+03 9.966379e+03 9.995340e+03
7.1 9.980030e+03 9.973862e+03 9.972713e+03 9.978881e+03
8.1 9.955378e+03 9.963398e+03 9.969675e+03 9.961655e+03
9.1 9.928213e+03 9.951478e+03 9.962746e+03 9.939481e+03
10.1 9.935823e+03 9.943599e+03 9.957453e+03 9.949677e+03
11.1 9.931150e+03 9.939714e+03 9.954607e+03 9.946042e+03
12.1 9.969352e+03 9.940651e+03 9.953405e+03 9.982105e+03
13.1 1.000846e+04 9.952700e+03 9.953153e+03 1.000891e+04
14.1 1.000438e+04 9.963757e+03 9.953421e+03 9.994044e+03
15.1 9.967481e+03 9.964077e+03 9.953902e+03 9.957305e+03
16.1 9.936697e+03 9.956890e+03 9.954385e+03 9.934192e+03
17.1 9.920648e+03 9.949366e+03 9.954764e+03 9.926046e+03
18.1 9.934925e+03 9.948431e+03 9.955018e+03 9.941512e+03
19.1 9.943002e+03 9.956164e+03 9.955223e+03 9.942061e+03
20.1 9.969016e+03 9.965572e+03 9.960700e+03 9.964144e+03
0.9 9.969014e+03 9.966636e+03 9.963062e+03 9.965441e+03
1.9 1.000238e+04 9.973417e+03 9.966379e+03 9.995340e+03
2.9 9.980030e+03 9.973862e+03 9.972713e+03 9.978881e+03
3.9 9.955378e+03 9.963398e+03 9.969675e+03 9.961655e+03
4.9 9.928213e+03 9.951478e+03 9.962746e+03 9.939481e+03
5.9 9.935823e+03 9.943599e+03 9.957453e+03 9.949677e+03
6.9 9.931150e+03 9.939714e+03 9.954607e+03 9.946042e+03
7.9 9.969352e+03 9.940651e+03 9.953405e+03 9.982105e+03
8.9 1.000846e+04 9.952700e+03 9.953153e+03 1.000891e+04
9.9 1.000438e+04 9.963757e+03 9.953421e+03 9.994044e+03
10.9 9.967481e+03 9.964077e+03 9.953902e+03 9.957305e+03
11.9 9.936697e+03 9.956890e+03 9.954385e+03 9.934192e+03
12.9 9.920648e+03 9.949366e+03 9.954764e+03 9.926046e+03
13.9 9.934925e+03 9.948431e+03 9.955018e+03 9.941512e+03
14.9 9.943002e+03 9.956164e+03 9.955223e+03 9.942061e+03
15.9 9.969016e+03 9.965572e+03 9.960700e+03 9.964144e+03
16.9 9.983429e+03 9.972272e+03 9.971992e+03 9.983149e+03
17.9 9.955270e+03 9.966938e+03 9.973371e+03 9.961702e+03
18.9 9.931771e+03 9.956030e+03 9.967207e+03 9.942948e+03
19.9 9.926223e+03 9.947206e+03 9.960904e+03 9.939921e+03
20.9 9.924800e+03 9.942103e+03 9.956854e+03 9.939551e+03
0.6 9.943002e+03 9.956164e+03 9.955223e+03 9.942061e+03
1.6 9.969016e+03 9.965572e+03 9.960700e+03 9.964144e+03
2.6 9.983429e+03 9.972272e+03 9.971992e+03 9.983149e+03
3.6 9.955270e+03 9.966938e+03 9.973371e+03 9.961702e+03
4.6 9.931771e+03 9.956030e+03 9.967207e+03 9.942948e+03
5.6 9.926223e+03 9.947206e+03 9.960904e+03 9.939921e+03
6.6 9.924800e+03 9.942103e+03 9.956854e+03 9.939551e+03
7.6 9.928408e+03 9.939777e+03 9.954701e+03 9.943332e+03
8.6 9.944207e+03 9.940634e+03 9.953787e+03 9.957359e+03
9.6 9.959046e+03 9.952080e+03 9.953644e+03 9.960610e+03
10.6 9.959175e+03 9.970829e+03 9.953921e+03 9.942267e+03
11.6 9.970538e+03 9.982963e+03 9.957717e+03 9.945292e+03
12.6 9.977018e+03 9.987061e+03 9.969656e+03 9.959613e+03
13.6 9.949079e+03 9.983229e+03 9.973649e+03 9.939499e+03
14.6 9.936014e+03 9.978514e+03 9.968444e+03 9.925944e+03
15.6 9.959916e+03 9.974600e+03 9.964343e+03 9.949660e+03
16.6 1.001837e+04 9.974798e+03 9.971220e+03 1.001479e+04
17.6 1.001512e+04 9.973214e+03 9.973865e+03 1.001577e+04
18.6 9.980493e+03 9.970502e+03 9.970425e+03 9.980416e+03
19.6 9.960288e+03 9.971929e+03 9.974749e+03 9.963108e+03
20.6 9.939370e+03 9.969271e+03 9.975280e+03 9.945379e+03
0.4 9.959175e+03 9.970829e+03 9.953921e+03 9.942267e+03
1.4 9.970538e+03 9.982963e+03 9.957717e+03 9.945292e+03
2.4 9.977018e+03 9.987061e+03 9.969656e+03 9.959613e+03
3.4 9.949079e+03 9.983229e+03 9.973649e+03 9.939499e+03
4.4 9.936014e+03 9.978514e+03 9.968444e+03 9.925944e+03
5.4 9.959916e+03 9.974600e+03 9.964343e+03 9.949660e+03
6.4 1.001837e+04 9.974798e+03 9.971220e+03 1.001479e+04
7.4 1.001512e+04 9.973214e+03 9.973865e+03 1.001577e+04
8.4 9.980493e+03 9.970502e+03 9.970425e+03 9.980416e+03
9.4 9.960288e+03 9.971929e+03 9.974749e+03 9.963108e+03
10.4 9.939370e+03 9.969271e+03 9.975280e+03 9.945379e+03
11.4 9.937995e+03 9.966316e+03 9.968624e+03 9.940303e+03
12.4 9.948377e+03 9.968560e+03 9.969200e+03 9.949017e+03
13.4 9.974282e+03 9.969416e+03 9.974023e+03 9.978889e+03
14.4 9.962897e+03 9.960980e+03 9.970331e+03 9.972247e+03
15.4 9.953895e+03 9.955945e+03 9.962852e+03 9.960803e+03
16.4 9.951579e+03 9.965383e+03 9.957191e+03 9.943388e+03
17.4 9.960733e+03 9.976436e+03 9.958129e+03 9.942426e+03
18.4 9.968303e+03 9.981099e+03 9.968518e+03 9.955722e+03
19.4 9.966834e+03 9.976348e+03 9.971391e+03 9.961878e+03
20.4 9.967079e+03 9.974371e+03 9.966116e+03 9.958824e+03
0.3 9.936014e+03 9.978514e+03 9.968444e+03 9.925944e+03
1.3 9.959916e+03 9.974600e+03 9.964343e+03 9.949660e+03
2.3 1.001837e+04 9.974798e+03 9.971220e+03 1.001479e+04
3.3 1.001512e+04 9.973214e+03 9.973865e+03 1.001577e+04
4.3 9.980493e+03 9.970502e+03 9.970425e+03 9.980416e+03
5.3 9.960288e+03 9.971929e+03 9.974749e+03 9.963108e+03
6.3 9.939370e+03 9.969271e+03 9.975280e+03 9.945379e+03
7.3 9.937995e+03 9.966316e+03 9.968624e+03 9.940303e+03
8.3 9.948377e+03 9.968560e+03 9.969200e+03 9.949017e+03
9.3 9.974282e+03 9.969416e+03 9.974023e+03 9.978889e+03
10.3 9.962897e+03 9.960980e+03 9.970331e+03 9.972247e+03
11.3 9.953895e+03 9.955945e+03 9.962852e+03 9.960803e+03
12.3 9.951579e+03 9.965383e+03 9.957191e+03 9.943388e+03
13.3 9.960733e+03 9.976436e+03 9.958129e+03 9.942426e+03
14.3 9.968303e+03 9.981099e+03 9.968518e+03 9.955722e+03
15.3 9.966834e+03 9.976348e+03 9.971391e+03 9.961878e+03
16.3 9.967079e+03 9.974371e+03 9.966116e+03 9.958824e+03
17.3 9.972359e+03 9.970939e+03 9.960130e+03 9.961550e+03
18.3 9.952144e+03 9.963223e+03 9.956288e+03 9.945210e+03
19.3 9.948810e+03 9.962089e+03 9.954323e+03 9.941044e+03
20.3 9.961389e+03 9.965568e+03 9.953538e+03 9.949359e+03
0.3 1.001512e+04 9.973214e+03 9.973865e+03 1.001577e+04
1.3 9.980493e+03 9.970502e+03 9.970425e+03 9.980416e+03
2.3 9.960288e+03 9.971929e+03 9.974749e+03 9.963108e+03
3.3 9.939370e+03 9.969271e+03 9.975280e+03 9.945379e+03
4.3 9.937995e+03 9.966316e+03 9.968624e+03 9.940303e+03
5.3 9.948377e+03 9.968560e+03 9.969200e+03 9.949017e+03
6.3 9.974282e+03 9.969416e+03 9.974023e+03 9.978889e+03
7.3 9.962897e+03 9.960980e+03 9.970331e+03 9.972247e+03
8.3 9.953895e+03 9.955945e+03 9.962852e+03 9.960803e+03
9.3 9.951579e+03 9.965383e+03 9.957191e+03 9.943388e+03
10.3 9.960733e+03 9.976436e+03 9.958129e+03 9.942426e+03
11.3 9.968303e+03 9.981099e+03 9.968518e+03 9.955722e+03
12.3 9.966834e+03 9.976348e+03 9.971391e+03 9.961878e+03
13.3 9.967079e+03 9.974371e+03 9.966116e+03 9.958824e+03
14.3 9.972359e+03 9.970939e+03 9.960130e+03 9.961550e+03
15.3 9.952144e+03 9.963223e+03 9.956288e+03 9.945210e+03
16.3 9.948810e+03 9.962089e+03 9.954323e+03 9.941044e+03
17.3 9.961389e+03 9.965568e+03 9.953538e+03 9.949359e+03
18.3 9.967351e+03 9.963377e+03 9.953471e+03 9.957445e+03
19.3 9.955942e+03 9.955379e+03 9.953788e+03 9.954351e+03
20.3 9.944568e+03 9.947220e+03 9.954231e+03 9.951579e+03
0.9 9.937995e+03 9.966316e+03 9.968624e+03 9.940303e+03
1.9 9.948377e+03 9.968560e+03 9.969200e+03 9.949017e+03
2.9 9.974282e+03 9.969416e+03 9.974023e+03 9.978889e+03
3.9 9.962897e+03 9.960980e+03 9.970331e+03 9.972247e+03
4.9 9.953895e+03 9.955945e+03 9.962852e+03 9.960803e+03
5.9 9.951579e+03 9.965383e+03 9.957191e+03 9.943388e+03
6.9 9.960733e+03 9.976436e+03 9.958129e+03 9.942426e+03
7.9 9.968303e+03 9.981099e+03 9.968518e+03 9.955722e+03
8.9 9.966834e+03 9.976348e+03 9.971391e+03 9.961878e+03
9.9 9.967079e+03 9.974371e+03 9.966116e+03 9.958824e+03
10.9 9.972359e+03 9.970939e+03 9.960130e+03 9.961550e+03
11.9 9.952144e+03 9.963223e+03 9.956288e+03 9.945210e+03
12.9 9.948810e+03 9.962089e+03 9.954323e+03 9.941044e+03
13.9 9.961389e+03 9.965568e+03 9.953538e+03 9.949359e+03
14.9 9.967351e+03 9.963377e+03 9.953471e+03 9.957445e+03
15.9 9.955942e+03 9.955379e+03 9.953788e+03 9.954351e+03
16.9 9.944568e+03 9.947220e+03 9.954231e+03 9.951579e+03
17.9 9.950505e+03 9.942024e+03 9.954634e+03 9.963116e+03
18.9 9.961522e+03 9.939619e+03 9.954928e+03 9.976831e+03
19.9 9.962045e+03 9.938979e+03 9.955114e+03 9.978180e+03
20.9 9.956773e+03 9.939288e+03 9.955219e+03 9.972704e+03
0.5 9.951579e+03 9.965383e+03 9.957191e+03 9.943388e+03
1.5 9.960733e+03 9.976436e+03 9.958129e+03 9.942426e+03
2.5 9.968303e+03 9.981099e+03 9.968518e+03 9.955722e+03
3.5 9.966834e+03 9.976348e+03 9.971391e+03 9.961878e+03
4.5 9.967079e+03 9.974371e+03 9.966116e+03 9.958824e+03
5.5 9.972359e+03 9.970939e+03 9.960130e+03 9.961550e+03
6.5 9.952144e+03 9.963223e+03 9.956288e+03 9.945210e+03
7.5 9.948810e+03 9.962089e+03 9.954323e+03 9.941044e+03
8.5 9.961389e+03 9.965568e+03 9.953538e+03 9.949359e+03
9.5 9.967351e+03 9.963377e+03 9.953471e+03 9.957445e+03
10.5 9.955942e+03 9.955379e+03 9.953788e+03 9.954351e+03
11.5 9.944568e+03 9.947220e+03 9.954231e+03 9.951579e+03
12.5 9.950505e+03 9.942024e+03 9.954634e+03 9.963116e+03
13.5 9.961522e+03 9.939619e+03 9.954928e+03 9.976831e+03
14.5 9.962045e+03 9.938979e+03 9.955114e+03 9.978180e+03
15.5 9.956773e+03 9.939288e+03 9.955219e+03 9.972704e+03
16.5 9.950541e+03 9.940109e+03 9.955273e+03 9.965704e+03
17.5 9.949586e+03 9.943478e+03 9.955298e+03 9.961405e+03
18.5 9.949869e+03 9.950866e+03 9.955309e+03 9.954312e+03
19.5 9.954928e+03 9.957833e+03 9.956230e+03 9.953325e+03
20.5 9.972916e+03 9.966821e+03 9.966043e+03 9.972138e+03
1.0 9.954928e+03 9.957833e+03 9.956230e+03 9.953325e+03
2.0 9.972916e+03 9.966821e+03 9.966043e+03 9.972138e+03
3.0 9.981317e+03 9.973781e+03 9.974067e+03 9.981603e+03
4.0 9.964298e+03 9.977058e+03 9.971132e+03 9.958373e+03
5.0 9.957733e+03 9.977448e+03 9.965081e+03 9.945366e+03
6.0 9.972248e+03 9.978375e+03 9.969260e+03 9.963134e+03
7.0 9.986871e+03 9.974408e+03 9.974429e+03 9.986893e+03
8.0 9.968913e+03 9.962205e+03 9.970182e+03 9.976890e+03
9.0 9.930937e+03 9.950089e+03 9.962802e+03 9.943650e+03
10.0 9.923418e+03 9.944226e+03 9.957423e+03 9.936614e+03
11.0 9.944734e+03 9.951987e+03 9.954576e+03 9.947322e+03
12.0 9.979303e+03 9.962002e+03 9.953392e+03 9.970692e+03
13.0 9.988821e+03 9.962888e+03 9.953166e+03 9.979099e+03
14.0 9.955345e+03 9.962614e+03 9.953454e+03 9.946184e+03
15.0 9.955108e+03 9.969496e+03 9.955418e+03 9.941029e+03
16.0 9.955504e+03 9.977439e+03 9.966548e+03 9.944612e+03
17.0 9.944894e+03 9.974595e+03 9.973687e+03 9.943986e+03
18.0 9.922241e+03 9.962132e+03 9.970109e+03 9.930218e+03
19.0 9.937526e+03 9.952298e+03 9.963404e+03 9.948632e+03
20.0 9.957370e+03 9.956740e+03 9.958454e+03 9.959083e+03
21.0 9.962703e+03 9.967954e+03 9.961580e+03 9.956329e+03
1.0 9.957733e+03 9.977448e+03 9.965081e+03 9.945366e+03
2.0 9.972248e+03 9.978375e+03 9.969260e+03 9.963134e+03
3.0 9.986871e+03 9.974408e+03 9.974429e+03 9.986893e+03
4.0 9.968913e+03 9.962205e+03 9.970182e+03 9.976890e+03
5.0 9.930937e+03 9.950089e+03 9.962802e+03 9.943650e+03
6.0 9.923418e+03 9.944226e+03 9.957423e+03 9.936614e+03
7.0 9.944734e+03 9.951987e+03 9.954576e+03 9.947322e+03
8.0 9.979303e+03 9.962002e+03 9.953392e+03 9.970692e+03
9.0 9.988821e+03 9.962888e+03 9.953166e+03 9.979099e+03
10.0 9.955345e+03 9.962614e+03 9.953454e+03 9.946184e+03
11.0 9.955108e+03 9.969496e+03 9.955418e+03 9.941029e+03
12.0 9.955504e+03 9.977439e+03 9.966548e+03 9.944612e+03
13.0 9.944894e+03 9.974595e+03 9.973687e+03 9.943986e+03
14.0 9.922241e+03 9.962132e+03 9.970109e+03 9.930218e+03
15.0 9.937526e+03 9.952298e+03 9.963404e+03 9.948632e+03
16.0 9.957370e+03 9.956740e+03 9.958454e+03 9.959083e+03
17.0 9.962703e+03 9.967954e+03 9.961580e+03 9.956329e+03
18.0 9.960115e+03 9.974183e+03 9.971189e+03 9.957120e+03
19.0 9.936676e+03 9.967496e+03 9.971464e+03 9.940644e+03
20.0 9.939145e+03 9.959794e+03 9.965251e+03 9.944602e+03
21.0 9.967214e+03 9.957603e+03 9.960033e+03 9.969644e+03
0.1 9.955345e+03 9.962614e+03 9.953454e+03 9.946184e+03
1.1 9.955108e+03 9.969496e+03 9.955418e+03 9.941029e+03
2.1 9.955504e+03 9.977439e+03 9.966548e+03 9.944612e+03
3.1 9.944894e+03 9.974595e+03 9.973687e+03 9.943986e+03
4.1 9.922241e+03 9.962132e+03 9.970109e+03 9.930218e+03
5.1 9.937526e+03 9.952298e+03 9.963404e+03 9.948632e+03
6.1 9.957370e+03 9.956740e+03 9.958454e+03 9.959083e+03
7.1 9.962703e+03 9.967954e+03 9.961580e+03 9.956329e+03
8.1 9.960115e+03 9.974183e+03 9.971189e+03 9.957120e+03
9.1 9.936676e+03 9.967496e+03 9.971464e+03 9.940644e+03
10.1 9.939145e+03 9.959794e+03 9.965251e+03 9.944602e+03
11.1 9.967214e+03 9.957603e+03 9.960033e+03 9.969644e+03
12.1 1.000450e+04 9.962541e+03 9.965555e+03 1.000751e+04
13.1 9.991871e+03 9.965520e+03 9.972691e+03 9.999042e+03
14.1 9.935147e+03 9.958850e+03 9.969854e+03 9.946151e+03
15.1 9.917097e+03 9.951804e+03 9.963056e+03 9.928349e+03
16.1 9.918799e+03 9.951951e+03 9.957822e+03 9.924670e+03
17.1 9.957098e+03 9.955243e+03 9.954943e+03 9.956799e+03
18.1 9.971053e+03 9.956542e+03 9.953661e+03 9.968172e+03
19.1 9.991087e+03 9.959046e+03 9.953327e+03 9.985368e+03
20.1 9.984380e+03 9.969576e+03 9.953531e+03 9.968335e+03
0.7 9.957370e+03 9.956740e+03 9.958454e+03 9.959083e+03
1.7 9.962703e+03 9.967954e+03 9.961580e+03 9.956329e+03
2.7 9.960115e+03 9.974183e+03 9.971189e+03 9.957120e+03
3.7 9.936676e+03 9.967496e+03 9.971464e+03 9.940644e+03
4.7 9.939145e+03 9.959794e+03 9.965251e+03 9.944602e+03
5.7 9.967214e+03 9.957603e+03 9.960033e+03 9.969644e+03
6.7 1.000450e+04 9.962541e+03 9.965555e+03 1.000751e+04
7.7 9.991871e+03 9.965520e+03 9.972691e+03 9.999042e+03
8.7 9.935147e+03 9.958850e+03 9.969854e+03 9.946151e+03
9.7 9.917097e+03 9.951804e+03 9.963056e+03 9.928349e+03
10.7 9.918799e+03 9.951951e+03 9.957822e+03 9.924670e+03
11.7 9.957098e+03 9.955243e+03 9.954943e+03 9.956799e+03
12.7 9.971053e+03 9.956542e+03 9.953661e+03 9.968172e+03
13.7 9.991087e+03 9.959046e+03 9.953327e+03 9.985368e+03
14.7 9.984380e+03 9.969576e+03 9.953531e+03 9.968335e+03
15.7 9.962290e+03 9.981157e+03 9.954345e+03 9.935477e+03
16.7 9.968287e+03 9.986377e+03 9.962988e+03 9.944897e+03
17.7 9.959109e+03 9.982434e+03 9.973004e+03 9.949678e+03
18.7 9.964837e+03 9.968182e+03 9.971862e+03 9.968516e+03
19.7 9.957697e+03 9.953448e+03 9.965278e+03 9.969527e+03
20.7 9.954965e+03 9.943783e+03 9.959576e+03 9.970758e+03
1.0 9.967214e+03 9.957603e+03 9.960033e+03 9.969644e+03
2.0 1.000450e+04 9.962541e+03 9.965555e+03 1.000751e+04
3.0 9.991871e+03 9.965520e+03 9.972691e+03 9.999042e+03
4.0 9.935147e+03 9.958850e+03 9.969854e+03 9.946151e+03
5.0 9.917097e+03 9.951804e+03 9.963056e+03 9.928349e+03
6.0 9.918799e+03 9.951951e+03 9.957822e+03 9.924670e+03
7.0 9.957098e+03 9.955243e+03 9.954943e+03 9.956799e+03
8.0 9.971053e+03 9.956542e+03 9.953661e+03 9.968172e+03
9.0 9.991087e+03 9.959046e+03 9.953327e+03 9.985368e+03
10.0 9.984380e+03 9.969576e+03 9.953531e+03 9.968335e+03
11.0 9.962290e+03 9.981157e+03 9.954345e+03 9.935477e+03
12.0 9.968287e+03 9.986377e+03 9.962988e+03 9.944897e+03
13.0 9.959109e+03 9.982434e+03 9.973004e+03 9.949678e+03
14.0 9.964837e+03 9.968182e+03 9.971862e+03 9.968516e+03
15.0 9.957697e+03 9.953448e+03 9.965278e+03 9.969527e+03
16.0 9.954965e+03 9.943783e+03 9.959576e+03 9.970758e+03
17.0 9.944091e+03 9.940782e+03 9.956119e+03 9.959428e+03
18.0 9.949529e+03 9.947930e+03 9.954357e+03 9.955955e+03
19.0 9.969538e+03 9.958739e+03 9.955332e+03 9.966130e+03
20.0 9.988230e+03 9.969499e+03 9.966154e+03 9.984885e+03
21.0 9.963720e+03 9.970168e+03 9.972926e+03 9.966479e+03
0.9 9.962290e+03 9.981157e+03 9.954345e+03 9.935477e+03
1.9 9.968287e+03 9.986377e+03 9.962988e+03 9.944897e+03
2.9 9.959109e+03 9.982434e+03 9.973004e+03 9.949678e+03
3.9 9.964837e+03 9.968182e+03 9.971862e+03 9.968516e+03
4.9 9.957697e+03 9.953448e+03 9.965278e+03 9.969527e+03
5.9 9.954965e+03 9.943783e+03 9.959576e+03 9.970758e+03
6.9 9.944091e+03 9.940782e+03 9.956119e+03 9.959428e+03
7.9 9.949529e+03 9.947930e+03 9.954357e+03 9.955955e+03
8.9 9.969538e+03 9.958739e+03 9.955332e+03 9.966130e+03
9.9 9.988230e+03 9.969499e+03 9.966154e+03 9.984885e+03
10.9 9.963720e+03 9.970168e+03 9.972926e+03 9.966479e+03
11.9 9.937156e+03 9.960766e+03 9.969312e+03 9.945702e+03
12.9 9.934441e+03 9.950679e+03 9.962825e+03 9.946588e+03
13.9 9.944352e+03 9.946399e+03 9.958016e+03 9.955969e+03
14.9 9.940787e+03 9.952372e+03 9.955287e+03 9.943702e+03
15.9 9.954832e+03 9.959780e+03 9.953989e+03 9.949040e+03
16.9 9.953988e+03 9.960997e+03 9.953603e+03 9.946594e+03
17.9 9.938289e+03 9.958899e+03 9.953756e+03 9.933146e+03
18.9 9.952600e+03 9.966391e+03 9.954140e+03 9.940349e+03
19.9 9.996039e+03 9.976479e+03 9.954544e+03 9.974104e+03
20.9 9.998525e+03 9.975253e+03 9.954863e+03 9.978135e+03
0.2 9.949529e+03 9.947930e+03 9.954357e+03 9.955955e+03
1.2 9.969538e+03 9.958739e+03 9.955332e+03 9.966130e+03
2.2 9.988230e+03 9.969499e+03 9.966154e+03 9.984885e+03
3.2 9.963720e+03 9.970168e+03 9.972926e+03 9.966479e+03
4.2 9.937156e+03 9.960766e+03 9.969312e+03 9.945702e+03
5.2 9.934441e+03 9.950679e+03 9.962825e+03 9.946588e+03
6.2 9.944352e+03 9.946399e+03 9.958016e+03 9.955969e+03
7.2 9.940787e+03 9.952372e+03 9.955287e+03 9.943702e+03
8.2 9.954832e+03 9.959780e+03 9.953989e+03 9.949040e+03
9.2 9.953988e+03 9.960997e+03 9.953603e+03 9.946594e+03
10.2 9.938289e+03 9.958899e+03 9.953756e+03 9.933146e+03
11.2 9.952600e+03 9.966391e+03 9.954140e+03 9.940349e+03
12.2 9.996039e+03 9.976479e+03 9.954544e+03 9.974104e+03
13.2 9.998525e+03 9.975253e+03 9.954863e+03 9.978135e+03
14.2 9.977072e+03 9.964750e+03 9.955074e+03 9.967396e+03
15.2 9.942595e+03 9.954601e+03 9.955196e+03 9.943191e+03
16.2 9.921741e+03 9.952402e+03 9.955261e+03 9.924600e+03
17.2 9.933517e+03 9.954881e+03 9.955558e+03 9.934194e+03
18.2 9.959209e+03 9.961153e+03 9.963155e+03 9.961210e+03
19.2 9.972093e+03 9.966481e+03 9.973270e+03 9.978883e+03
20.2 9.963063e+03 9.964944e+03 9.972459e+03 9.970578e+03
0.8 9.933517e+03 9.954881e+03 9.955558e+03 9.934194e+03
1.8 9.959209e+03 9.961153e+03 9.963155e+03 9.961210e+03
2.8 9.972093e+03 9.966481e+03 9.973270e+03 9.978883e+03
3.8 9.963063e+03 9.964944e+03 9.972459e+03 9.970578e+03
4.8 9.949317e+03 9.965442e+03 9.965846e+03 9.949722e+03
5.8 9.942595e+03 9.968518e+03 9.964733e+03 9.938809e+03
6.8 9.960187e+03 9.972407e+03 9.972550e+03 9.960330e+03
7.8 9.971594e+03 9.971172e+03 9.972714e+03 9.973136e+03
8.8 9.973358e+03 9.973723e+03 9.966810e+03 9.966445e+03
9.8 9.980796e+03 9.978585e+03 9.969937e+03 9.972149e+03
10.8 9.964085e+03 9.977142e+03 9.974391e+03 9.961334e+03
11.8 9.961871e+03 9.976103e+03 9.969866e+03 9.955634e+03
12.8 9.979814e+03 9.980074e+03 9.962404e+03 9.962144e+03
13.8 9.987374e+03 9.976780e+03 9.957023e+03 9.967616e+03
14.8 9.955811e+03 9.965422e+03 9.954226e+03 9.944615e+03
15.8 9.927360e+03 9.952667e+03 9.953124e+03 9.927817e+03
16.8 9.910282e+03 9.944126e+03 9.952985e+03 9.919141e+03
17.8 9.927799e+03 9.944864e+03 9.953343e+03 9.936278e+03
18.8 9.940641e+03 9.954062e+03 9.953880e+03 9.940458e+03
19.8 9.985290e+03 9.962931e+03 9.956403e+03 9.978762e+03
20.8 1.000252e+04 9.971628e+03 9.967907e+03 9.998799e+03
0.5 9.949317e+03 9.965442e+03 9.965846e+03 9.949722e+03
1.5 9.942595e+03 9.968518e+03 9.964733e+03 9.938809e+03
2.5 9.960187e+03 9.972407e+03 9.972550e+03 9.960330e+03
3.5 9.971594e+03 9.971172e+03 9.972714e+03 9.973136e+03
4.5 9.973358e+03 9.973723e+03 9.966810e+03 9.966445e+03
5.5 9.980796e+03 9.978585e+03 9.969937e+03 9.972149e+03
6.5 9.964085e+03 9.977142e+03 9.974391e+03 9.961334e+03
7.5 9.961871e+03 9.976103e+03 9.969866e+03 9.955634e+03
8.5 9.979814e+03 9.980074e+03 9.962404e+03 9.962144e+03
9.5 9.987374e+03 9.976780e+03 9.957023e+03 9.967616e+03
10.5 9.955811e+03 9.965422e+03 9.954226e+03 9.944615e+03
11.5 9.927360e+03 9.952667e+03 9.953124e+03 9.927817e+03
12.5 9.910282e+03 9.944126e+03 9.952985e+03 9.919141e+03
13.5 9.927799e+03 9.944864e+03 9.953343e+03 9.936278e+03
14.5 9.940641e+03 9.954062e+03 9.953880e+03 9.940458e+03
15.5 9.985290e+03 9.962931e+03 9.956403e+03 9.978762e+03
16.5 1.000252e+04 9.971628e+03 9.967907e+03 9.998799e+03
17.5 1.000259e+04 9.975673e+03 9.973935e+03 1.000085e+04
18.5 9.992721e+03 9.975621e+03 9.972562e+03 9.989662e+03
19.5 9.981146e+03 9.976819e+03 9.977329e+03 9.981656e+03
20.5 9.954418e+03 9.970070e+03 9.976860e+03 9.961208e+03
1.0 9.973358e+03 9.973723e+03 9.966810e+03 9.966445e+03
2.0 9.980796e+03 9.978585e+03 9.969937e+03 9.972149e+03
3.0 9.964085e+03 9.977142e+03 9.974391e+03 9.961334e+03
4.0 9.961871e+03 9.976103e+03 9.969866e+03 9.955634e+03
5.0 9.979814e+03 9.980074e+03 9.962404e+03 9.962144e+03
6.0 9.987374e+03 9.976780e+03 9.957023e+03 9.967616e+03
7.0 9.955811e+03 9.965422e+03 9.954226e+03 9.944615e+03
8.0 9.927360e+03 9.952667e+03 9.953124e+03 9.927817e+03
9.0 9.910282e+03 9.944126e+03 9.952985e+03 9.919141e+03
10.0 9.927799e+03 9.944864e+03 9.953343e+03 9.936278e+03
11.0 9.940641e+03 9.954062e+03 9.953880e+03 9.940458e+03
12.0 9.985290e+03 9.962931e+03 9.956403e+03 9.978762e+03
13.0 1.000252e+04 9.971628e+03 9.967907e+03 9.998799e+03
14.0 1.000259e+04 9.975673e+03 9.973935e+03 1.000085e+04
15.0 9.992721e+03 9.975621e+03 9.972562e+03 9.989662e+03
16.0 9.981146e+03 9.976819e+03 9.977329e+03 9.981656e+03
17.0 9.954418e+03 9.970070e+03 9.976860e+03 9.961208e+03
18.0 9.948464e+03 9.957400e+03 9.969023e+03 9.960087e+03
19.0 9.949267e+03 9.947031e+03 9.961023e+03 9.963260e+03
20.0 9.951459e+03 9.945003e+03 9.955997e+03 9.962454e+03
21.0 9.951217e+03 9.952733e+03 9.953583e+03 9.952067e+03
0.2 9.940641e+03 9.954062e+03 9.953880e+03 9.940458e+03
1.2 9.985290e+03 9.962931e+03 9.956403e+03 9.978762e+03
2.2 1.000252e+04 9.971628e+03 9.967907e+03 9.998799e+03
3.2 1.000259e+04 9.975673e+03 9.973935e+03 1.000085e+04
4.2 9.992721e+03 9.975621e+03 9.972562e+03 9.989662e+03
5.2 9.981146e+03 9.976819e+03 9.977329e+03 9.981656e+03
6.2 9.954418e+03 9.970070e+03 9.976860e+03 9.961208e+03
7.2 9.948464e+03 9.957400e+03 9.969023e+03 9.960087e+03
8.2 9.949267e+03 9.947031e+03 9.961023e+03 9.963260e+03
9.2 9.951459e+03 9.945003e+03 9.955997e+03 9.962454e+03
10.2 9.951217e+03 9.952733e+03 9.953583e+03 9.952067e+03
11.2 9.953685e+03 9.961682e+03 9.953700e+03 9.945704e+03
12.2 9.969199e+03 9.970220e+03 9.963606e+03 9.962585e+03
13.2 9.976129e+03 9.971277e+03 9.972135e+03 9.976987e+03
0.4 1.000259e+04 9.975673e+03 9.973935e+03 1.000085e+04
1.4 9.992721e+03 9.975621e+03 9.972562e+03 9.989662e+03
2.4 9.981146e+03 9.976819e+03 9.977329e+03 9.981656e+03
3.4 9.954418e+03 9.970070e+03 9.976860e+03 9.961208e+03
4.4 9.948464e+03 9.957400e+03 9.969023e+03 9.960087e+03
5.4 9.949267e+03 9.947031e+03 9.961023e+03 9.963260e+03
6.4 9.951459e+03 9.945003e+03 9.955997e+03 9.962454e+03
7.4 9.951217e+03 9.952733e+03 9.953583e+03 9.952067e+03
8.4 9.953685e+03 9.961682e+03 9.953700e+03 9.945704e+03
9.4 9.969199e+03 9.970220e+03 9.963606e+03 9.962585e+03
10.4 9.976129e+03 9.971277e+03 9.972135e+03 9.976987e+03
1.0 9.953685e+03 9.961682e+03 9.953700e+03 9.945704e+03
2.0 9.969199e+03 9.970220e+03 9.963606e+03 9.962585e+03
3.0 9.976129e+03 9.971277e+03 9.972135e+03 9.976987e+03
