0.8 9.252520e+03 9.263011e+03 9.253134e+03 9.242642e+03
1.8 9.259117e+03 9.252876e+03 9.254396e+03 9.260637e+03
2.8 9.281466e+03 9.247692e+03 9.257946e+03 9.291720e+03
3.8 9.289124e+03 9.251950e+03 9.260026e+03 9.297200e+03
4.8 9.284668e+03 9.266309e+03 9.258679e+03 9.277038e+03
5.8 9.272951e+03 9.267156e+03 9.256289e+03 9.262084e+03
6.8 9.246102e+03 9.258313e+03 9.256025e+03 9.243814e+03
7.8 9.237348e+03 9.252290e+03 9.257538e+03 9.242597e+03
8.8 9.243237e+03 9.254316e+03 9.257174e+03 9.246095e+03
9.8 9.251901e+03 9.254306e+03 9.256133e+03 9.253729e+03
10.8 9.240140e+03 9.251456e+03 9.257743e+03 9.246426e+03
11.8 9.243762e+03 9.251912e+03 9.259762e+03 9.251612e+03
12.8 9.283767e+03 9.265177e+03 9.258766e+03 9.277356e+03
13.8 9.289427e+03 9.269460e+03 9.256240e+03 9.276207e+03
14.8 9.264173e+03 9.259480e+03 9.254166e+03 9.258859e+03
15.8 9.257701e+03 9.250812e+03 9.252982e+03 9.259871e+03
16.8 9.256271e+03 9.260475e+03 9.252451e+03 9.248248e+03
17.8 9.253566e+03 9.265250e+03 9.252314e+03 9.240629e+03
18.8 9.244634e+03 9.255826e+03 9.252393e+03 9.241201e+03
19.8 9.251656e+03 9.246388e+03 9.252564e+03 9.257832e+03
20.8 9.277452e+03 9.255995e+03 9.252743e+03 9.274200e+03
21.8 9.287601e+03 9.264583e+03 9.252886e+03 9.275903e+03
1.0 9.272951e+03 9.267156e+03 9.256289e+03 9.262084e+03
2.0 9.246102e+03 9.258313e+03 9.256025e+03 9.243814e+03
3.0 9.237348e+03 9.252290e+03 9.257538e+03 9.242597e+03
4.0 9.243237e+03 9.254316e+03 9.257174e+03 9.246095e+03
5.0 9.251901e+03 9.254306e+03 9.256133e+03 9.253729e+03
6.0 9.240140e+03 9.251456e+03 9.257743e+03 9.246426e+03
7.0 9.243762e+03 9.251912e+03 9.259762e+03 9.251612e+03
8.0 9.283767e+03 9.265177e+03 9.258766e+03 9.277356e+03
9.0 9.289427e+03 9.269460e+03 9.256240e+03 9.276207e+03
10.0 9.264173e+03 9.259480e+03 9.254166e+03 9.258859e+03
11.0 9.257701e+03 9.250812e+03 9.252982e+03 9.259871e+03
12.0 9.256271e+03 9.260475e+03 9.252451e+03 9.248248e+03
13.0 9.253566e+03 9.265250e+03 9.252314e+03 9.240629e+03
14.0 9.244634e+03 9.255826e+03 9.252393e+03 9.241201e+03
15.0 9.251656e+03 9.246388e+03 9.252564e+03 9.257832e+03
16.0 9.277452e+03 9.255995e+03 9.252743e+03 9.274200e+03
17.0 9.287601e+03 9.264583e+03 9.252886e+03 9.275903e+03
18.0 9.252645e+03 9.258257e+03 9.252982e+03 9.247370e+03
19.0 9.234656e+03 9.247340e+03 9.253040e+03 9.240356e+03
20.0 9.242068e+03 9.243444e+03 9.253071e+03 9.251695e+03
21.0 9.269794e+03 9.257529e+03 9.253087e+03 9.265351e+03
22.0 9.287241e+03 9.264532e+03 9.253094e+03 9.275803e+03
0.5 9.243237e+03 9.254316e+03 9.257174e+03 9.246095e+03
1.5 9.251901e+03 9.254306e+03 9.256133e+03 9.253729e+03
2.5 9.240140e+03 9.251456e+03 9.257743e+03 9.246426e+03
3.5 9.243762e+03 9.251912e+03 9.259762e+03 9.251612e+03
4.5 9.283767e+03 9.265177e+03 9.258766e+03 9.277356e+03
5.5 9.289427e+03 9.269460e+03 9.256240e+03 9.276207e+03
6.5 9.264173e+03 9.259480e+03 9.254166e+03 9.258859e+03
7.5 9.257701e+03 9.250812e+03 9.252982e+03 9.259871e+03
8.5 9.256271e+03 9.260475e+03 9.252451e+03 9.248248e+03
9.5 9.253566e+03 9.265250e+03 9.252314e+03 9.240629e+03
10.5 9.244634e+03 9.255826e+03 9.252393e+03 9.241201e+03
11.5 9.251656e+03 9.246388e+03 9.252564e+03 9.257832e+03
12.5 9.277452e+03 9.255995e+03 9.252743e+03 9.274200e+03
13.5 9.287601e+03 9.264583e+03 9.252886e+03 9.275903e+03
14.5 9.252645e+03 9.258257e+03 9.252982e+03 9.247370e+03
15.5 9.234656e+03 9.247340e+03 9.253040e+03 9.240356e+03
16.5 9.242068e+03 9.243444e+03 9.253071e+03 9.251695e+03
17.5 9.269794e+03 9.257529e+03 9.253087e+03 9.265351e+03
18.5 9.287241e+03 9.264532e+03 9.253094e+03 9.275803e+03
19.5 9.274504e+03 9.257506e+03 9.253097e+03 9.270095e+03
20.5 9.246748e+03 9.247875e+03 9.253098e+03 9.251971e+03
21.5 9.246121e+03 9.241525e+03 9.253099e+03 9.257695e+03
1.0 9.243339e+03 9.245693e+03 9.253220e+03 9.250866e+03
2.0 9.256781e+03 9.242295e+03 9.255010e+03 9.269496e+03
3.0 9.266027e+03 9.244123e+03 9.257562e+03 9.279466e+03
4.0 9.289741e+03 9.251380e+03 9.257576e+03 9.295936e+03
5.0 9.302042e+03 9.253228e+03 9.256016e+03 9.304830e+03
6.0 9.298798e+03 9.250134e+03 9.256009e+03 9.304673e+03
7.0 9.274056e+03 9.248610e+03 9.258691e+03 9.284136e+03
8.0 9.249880e+03 9.250889e+03 9.259923e+03 9.258915e+03
9.0 9.237493e+03 9.255732e+03 9.258119e+03 9.239880e+03
10.0 9.235352e+03 9.253555e+03 9.255593e+03 9.237390e+03
11.0 9.242663e+03 9.247193e+03 9.253805e+03 9.249275e+03
12.0 9.264921e+03 9.241865e+03 9.252846e+03 9.275902e+03
13.0 9.266584e+03 9.238838e+03 9.252440e+03 9.280187e+03
14.0 9.258333e+03 9.237501e+03 9.252366e+03 9.273197e+03
15.0 9.244396e+03 9.237897e+03 9.252469e+03 9.258968e+03
16.0 9.232680e+03 9.243630e+03 9.252638e+03 9.241688e+03
17.0 9.238615e+03 9.252807e+03 9.252802e+03 9.238610e+03
18.0 9.263668e+03 9.268575e+03 9.252926e+03 9.248019e+03
19.0 9.283645e+03 9.276728e+03 9.253007e+03 9.259923e+03
20.0 9.275486e+03 9.269478e+03 9.253053e+03 9.259061e+03
21.0 9.276038e+03 9.271834e+03 9.253078e+03 9.257282e+03
22.0 9.280057e+03 9.272773e+03 9.253090e+03 9.260375e+03
0.9 9.302042e+03 9.253228e+03 9.256016e+03 9.304830e+03
1.9 9.298798e+03 9.250134e+03 9.256009e+03 9.304673e+03
2.9 9.274056e+03 9.248610e+03 9.258691e+03 9.284136e+03
3.9 9.249880e+03 9.250889e+03 9.259923e+03 9.258915e+03
4.9 9.237493e+03 9.255732e+03 9.258119e+03 9.239880e+03
5.9 9.235352e+03 9.253555e+03 9.255593e+03 9.237390e+03
6.9 9.242663e+03 9.247193e+03 9.253805e+03 9.249275e+03
7.9 9.264921e+03 9.241865e+03 9.252846e+03 9.275902e+03
8.9 9.266584e+03 9.238838e+03 9.252440e+03 9.280187e+03
9.9 9.258333e+03 9.237501e+03 9.252366e+03 9.273197e+03
10.9 9.244396e+03 9.237897e+03 9.252469e+03 9.258968e+03
11.9 9.232680e+03 9.243630e+03 9.252638e+03 9.241688e+03
12.9 9.238615e+03 9.252807e+03 9.252802e+03 9.238610e+03
13.9 9.263668e+03 9.268575e+03 9.252926e+03 9.248019e+03
14.9 9.283645e+03 9.276728e+03 9.253007e+03 9.259923e+03
15.9 9.275486e+03 9.269478e+03 9.253053e+03 9.259061e+03
16.9 9.276038e+03 9.271834e+03 9.253078e+03 9.257282e+03
17.9 9.280057e+03 9.272773e+03 9.253090e+03 9.260375e+03
18.9 9.278724e+03 9.261182e+03 9.253095e+03 9.270638e+03
19.9 9.261848e+03 9.247392e+03 9.253097e+03 9.267553e+03
20.9 9.259405e+03 9.245953e+03 9.253098e+03 9.266550e+03
21.9 9.285559e+03 9.259890e+03 9.253099e+03 9.278769e+03
0.6 9.267009e+03 9.269185e+03 9.253109e+03 9.250933e+03
1.6 9.256602e+03 9.262604e+03 9.253987e+03 9.247985e+03
2.6 9.264452e+03 9.254660e+03 9.256747e+03 9.266538e+03
3.6 9.290379e+03 9.261111e+03 9.257888e+03 9.287156e+03
4.6 9.271708e+03 9.269707e+03 9.256660e+03 9.258661e+03
5.6 9.245086e+03 9.263332e+03 9.254951e+03 9.236705e+03
6.6 9.220244e+03 9.251429e+03 9.253738e+03 9.222553e+03
7.6 9.218162e+03 9.242564e+03 9.253061e+03 9.228658e+03
8.6 9.219515e+03 9.237836e+03 9.252747e+03 9.234427e+03
9.6 9.260069e+03 9.236925e+03 9.252664e+03 9.275808e+03
10.6 9.291056e+03 9.242172e+03 9.252712e+03 9.301595e+03
11.6 9.278738e+03 9.251125e+03 9.252812e+03 9.280425e+03
12.6 9.252073e+03 9.257990e+03 9.252913e+03 9.246996e+03
13.6 9.229507e+03 9.255320e+03 9.252991e+03 9.227178e+03
14.6 9.212993e+03 9.248347e+03 9.253042e+03 9.217688e+03
15.6 9.224592e+03 9.242059e+03 9.253071e+03 9.235603e+03
16.6 9.226458e+03 9.237418e+03 9.253086e+03 9.242126e+03
17.6 9.241657e+03 9.243452e+03 9.253093e+03 9.251298e+03
18.6 9.272829e+03 9.260852e+03 9.253097e+03 9.265073e+03
19.6 9.264305e+03 9.264025e+03 9.253098e+03 9.253378e+03
20.6 9.236707e+03 9.255667e+03 9.253099e+03 9.234139e+03
21.6 9.222984e+03 9.246842e+03 9.253099e+03 9.229241e+03
0.3 9.212196e+03 9.238186e+03 9.253099e+03 9.227109e+03
1.3 9.225593e+03 9.237249e+03 9.253435e+03 9.241779e+03
2.3 9.252424e+03 9.239602e+03 9.255976e+03 9.268798e+03
3.3 9.244114e+03 9.244136e+03 9.260098e+03 9.260077e+03
4.3 9.244963e+03 9.251777e+03 9.261926e+03 9.255112e+03
5.3 9.249477e+03 9.268110e+03 9.259958e+03 9.241326e+03
6.3 9.234086e+03 9.270623e+03 9.256827e+03 9.220290e+03
7.3 9.210669e+03 9.259309e+03 9.254445e+03 9.205805e+03
8.3 9.229762e+03 9.251107e+03 9.253075e+03 9.231730e+03
9.3 9.296678e+03 9.261377e+03 9.252437e+03 9.287739e+03
10.3 9.315210e+03 9.265561e+03 9.252261e+03 9.301909e+03
11.3 9.274205e+03 9.260321e+03 9.252344e+03 9.266227e+03
12.3 9.257134e+03 9.267476e+03 9.252532e+03 9.242190e+03
13.3 9.241223e+03 9.268734e+03 9.252727e+03 9.225216e+03
14.3 9.236698e+03 9.258049e+03 9.252880e+03 9.231528e+03
15.3 9.238199e+03 9.258767e+03 9.252981e+03 9.232412e+03
16.3 9.269926e+03 9.266747e+03 9.253040e+03 9.256219e+03
17.3 9.270643e+03 9.261803e+03 9.253072e+03 9.261911e+03
18.3 9.258771e+03 9.253348e+03 9.253087e+03 9.258510e+03
19.3 9.245898e+03 9.252564e+03 9.253094e+03 9.246428e+03
20.3 9.241298e+03 9.259006e+03 9.253097e+03 9.235389e+03
21.3 9.256974e+03 9.272292e+03 9.253108e+03 9.237790e+03
0.6 9.256974e+03 9.272292e+03 9.253108e+03 9.237790e+03
1.6 9.262739e+03 9.272081e+03 9.253987e+03 9.244645e+03
2.6 9.263637e+03 9.262730e+03 9.256747e+03 9.257654e+03
3.6 9.255799e+03 9.258434e+03 9.257888e+03 9.255253e+03
4.6 9.247765e+03 9.256914e+03 9.256907e+03 9.247758e+03
5.6 9.249336e+03 9.252567e+03 9.257389e+03 9.254158e+03
6.6 9.250346e+03 9.250472e+03 9.258500e+03 9.258374e+03
7.6 9.255508e+03 9.253894e+03 9.257437e+03 9.259051e+03
8.6 9.251684e+03 9.252417e+03 9.255387e+03 9.254653e+03
9.6 9.249916e+03 9.246458e+03 9.253795e+03 9.257253e+03
10.6 9.255023e+03 9.241191e+03 9.252925e+03 9.266757e+03
11.6 9.261355e+03 9.238229e+03 9.252559e+03 9.275684e+03
12.6 9.259980e+03 9.237019e+03 9.252484e+03 9.275445e+03
13.6 9.252275e+03 9.236816e+03 9.252562e+03 9.268021e+03
14.6 9.242519e+03 9.237125e+03 9.252700e+03 9.258094e+03
15.6 9.240268e+03 9.237451e+03 9.252836e+03 9.255654e+03
16.6 9.223041e+03 9.237465e+03 9.252943e+03 9.238520e+03
17.6 9.227534e+03 9.238866e+03 9.253015e+03 9.241682e+03
18.6 9.254278e+03 9.254315e+03 9.253057e+03 9.253020e+03
19.6 9.266047e+03 9.266701e+03 9.253079e+03 9.252425e+03
20.6 9.245679e+03 9.261236e+03 9.253090e+03 9.237533e+03
21.6 9.239235e+03 9.250992e+03 9.253095e+03 9.241338e+03
0.2 9.255799e+03 9.258434e+03 9.257888e+03 9.255253e+03
1.2 9.247765e+03 9.256914e+03 9.256907e+03 9.247758e+03
2.2 9.249336e+03 9.252567e+03 9.257389e+03 9.254158e+03
3.2 9.250346e+03 9.250472e+03 9.258500e+03 9.258374e+03
4.2 9.255508e+03 9.253894e+03 9.257437e+03 9.259051e+03
5.2 9.251684e+03 9.252417e+03 9.255387e+03 9.254653e+03
6.2 9.249916e+03 9.246458e+03 9.253795e+03 9.257253e+03
7.2 9.255023e+03 9.241191e+03 9.252925e+03 9.266757e+03
8.2 9.261355e+03 9.238229e+03 9.252559e+03 9.275684e+03
9.2 9.259980e+03 9.237019e+03 9.252484e+03 9.275445e+03
10.2 9.252275e+03 9.236816e+03 9.252562e+03 9.268021e+03
11.2 9.242519e+03 9.237125e+03 9.252700e+03 9.258094e+03
12.2 9.240268e+03 9.237451e+03 9.252836e+03 9.255654e+03
13.2 9.223041e+03 9.237465e+03 9.252943e+03 9.238520e+03
14.2 9.227534e+03 9.238866e+03 9.253015e+03 9.241682e+03
15.2 9.254278e+03 9.254315e+03 9.253057e+03 9.253020e+03
16.2 9.266047e+03 9.266701e+03 9.253079e+03 9.252425e+03
17.2 9.245679e+03 9.261236e+03 9.253090e+03 9.237533e+03
18.2 9.239235e+03 9.250992e+03 9.253095e+03 9.241338e+03
19.2 9.259857e+03 9.257781e+03 9.253098e+03 9.255173e+03
20.2 9.277509e+03 9.266885e+03 9.253098e+03 9.263723e+03
21.2 9.264421e+03 9.261377e+03 9.253099e+03 9.256142e+03
0.7 9.259259e+03 9.242009e+03 9.253118e+03 9.270368e+03
1.7 9.291366e+03 9.249818e+03 9.254182e+03 9.295731e+03
2.7 9.271978e+03 9.252873e+03 9.257731e+03 9.276836e+03
3.7 9.236553e+03 9.253090e+03 9.261350e+03 9.244812e+03
4.7 9.231325e+03 9.262328e+03 9.261311e+03 9.230309e+03
5.7 9.239090e+03 9.272463e+03 9.258484e+03 9.225110e+03
6.7 9.254149e+03 9.266564e+03 9.255601e+03 9.243187e+03
7.7 9.251022e+03 9.254055e+03 9.253714e+03 9.250681e+03
8.7 9.255467e+03 9.244270e+03 9.252722e+03 9.263919e+03
9.7 9.243819e+03 9.238545e+03 9.252323e+03 9.257597e+03
10.7 9.242609e+03 9.234955e+03 9.252285e+03 9.259939e+03
11.7 9.249558e+03 9.235690e+03 9.252429e+03 9.266298e+03
12.7 9.270684e+03 9.252842e+03 9.252628e+03 9.270470e+03
13.7 9.266378e+03 9.264432e+03 9.252805e+03 9.254751e+03
14.7 9.243016e+03 9.259875e+03 9.252933e+03 9.236074e+03
15.7 9.237113e+03 9.250515e+03 9.253013e+03 9.239612e+03
16.7 9.234834e+03 9.243134e+03 9.253057e+03 9.244757e+03
17.7 9.223518e+03 9.237860e+03 9.253080e+03 9.238739e+03
18.7 9.228940e+03 9.236793e+03 9.253091e+03 9.245239e+03
19.7 9.238787e+03 9.244738e+03 9.253096e+03 9.247145e+03
20.7 9.235764e+03 9.250609e+03 9.253098e+03 9.238253e+03
21.7 9.243734e+03 9.254945e+03 9.253099e+03 9.241887e+03
