0.3 9.578736e+03 9.546399e+03 9.555607e+03 9.587944e+03
1.3 9.562020e+03 9.547886e+03 9.557094e+03 9.571228e+03
2.3 9.585261e+03 9.559938e+03 9.569146e+03 9.594469e+03
3.3 9.579582e+03 9.580030e+03 9.589240e+03 9.588792e+03
4.3 9.609277e+03 9.587937e+03 9.598370e+03 9.619711e+03
5.3 9.585594e+03 9.575939e+03 9.588956e+03 9.598610e+03
6.3 9.584663e+03 9.572352e+03 9.573781e+03 9.586093e+03
7.3 9.583837e+03 9.584338e+03 9.562204e+03 9.561703e+03
8.3 9.620465e+03 9.589121e+03 9.555537e+03 9.586881e+03
9.3 9.612955e+03 9.573564e+03 9.552426e+03 9.591817e+03
10.3 9.585358e+03 9.555763e+03 9.551555e+03 9.581150e+03
11.3 9.528885e+03 9.549830e+03 9.551946e+03 9.531000e+03
12.3 9.543688e+03 9.558381e+03 9.552858e+03 9.538164e+03
13.3 9.573889e+03 9.564197e+03 9.553801e+03 9.563492e+03
14.3 9.579030e+03 9.556292e+03 9.554542e+03 9.577280e+03
15.3 9.548390e+03 9.550644e+03 9.555033e+03 9.552778e+03
16.3 9.568781e+03 9.556792e+03 9.555321e+03 9.567310e+03
17.3 9.569183e+03 9.557323e+03 9.555474e+03 9.567333e+03
18.3 9.558450e+03 9.549795e+03 9.555548e+03 9.564204e+03
19.3 9.538267e+03 9.544929e+03 9.555583e+03 9.548921e+03
20.3 9.570379e+03 9.550335e+03 9.555597e+03 9.575641e+03
21.3 9.576633e+03 9.569417e+03 9.555604e+03 9.562819e+03
0.2 9.599262e+03 9.577860e+03 9.555607e+03 9.577009e+03
1.2 9.565445e+03 9.560945e+03 9.556575e+03 9.561075e+03
2.2 9.560751e+03 9.559831e+03 9.567118e+03 9.568038e+03
3.2 9.562709e+03 9.574672e+03 9.587081e+03 9.575118e+03
4.2 9.599533e+03 9.583448e+03 9.598395e+03 9.614480e+03
5.2 9.589433e+03 9.571604e+03 9.590598e+03 9.608427e+03
6.2 9.559395e+03 9.555491e+03 9.575419e+03 9.579322e+03
7.2 9.541298e+03 9.546232e+03 9.563261e+03 9.558327e+03
8.2 9.523487e+03 9.542553e+03 9.556090e+03 9.537024e+03
9.2 9.552447e+03 9.541888e+03 9.552647e+03 9.563206e+03
10.2 9.557355e+03 9.548963e+03 9.551575e+03 9.559967e+03
11.2 9.538478e+03 9.565702e+03 9.551863e+03 9.524638e+03
12.2 9.576407e+03 9.570523e+03 9.552745e+03 9.558629e+03
13.1 9.566878e+03 9.557532e+03 9.553701e+03 9.563047e+03
14.1 9.537429e+03 9.547581e+03 9.555233e+03 9.545081e+03
15.1 9.597790e+03 9.553724e+03 9.565536e+03 9.609602e+03
16.1 9.589959e+03 9.571020e+03 9.583645e+03 9.602585e+03
17.1 9.602876e+03 9.573754e+03 9.588809e+03 9.617931e+03
18.1 9.563897e+03 9.561364e+03 9.579386e+03 9.581919e+03
19.1 9.565021e+03 9.550739e+03 9.567662e+03 9.581944e+03
20.1 9.555578e+03 9.549684e+03 9.563508e+03 9.569402e+03
21.1 9.561223e+03 9.563980e+03 9.575201e+03 9.572444e+03
0.1 9.566878e+03 9.557532e+03 9.553701e+03 9.563047e+03
1.1 9.537429e+03 9.547581e+03 9.555233e+03 9.545081e+03
2.1 9.597790e+03 9.553724e+03 9.565536e+03 9.609602e+03
3.1 9.589959e+03 9.571020e+03 9.583645e+03 9.602585e+03
4.1 9.602876e+03 9.573754e+03 9.588809e+03 9.617931e+03
5.1 9.563897e+03 9.561364e+03 9.579386e+03 9.581919e+03
6.1 9.565021e+03 9.550739e+03 9.567662e+03 9.581944e+03
7.1 9.555578e+03 9.549684e+03 9.563508e+03 9.569402e+03
8.1 9.561223e+03 9.563980e+03 9.575201e+03 9.572444e+03
9.1 9.571462e+03 9.582388e+03 9.592106e+03 9.581180e+03
10.1 9.576676e+03 9.582812e+03 9.594158e+03 9.588022e+03
11.1 9.561104e+03 9.566670e+03 9.581589e+03 9.576022e+03
12.1 9.518427e+03 9.552696e+03 9.567636e+03 9.533366e+03
13.1 9.521021e+03 9.545614e+03 9.558336e+03 9.533743e+03
14.1 9.555087e+03 9.543428e+03 9.553465e+03 9.565124e+03
15.1 9.554045e+03 9.552238e+03 9.551526e+03 9.553333e+03
16.1 9.573168e+03 9.564599e+03 9.551352e+03 9.559920e+03
17.1 9.563468e+03 9.558540e+03 9.552090e+03 9.557018e+03
18.1 9.564031e+03 9.548319e+03 9.553112e+03 9.568824e+03
19.1 9.572103e+03 9.552141e+03 9.554036e+03 9.573997e+03
20.1 9.557351e+03 9.571058e+03 9.554711e+03 9.541004e+03
21.1 9.584881e+03 9.577473e+03 9.555138e+03 9.562545e+03
0.6 9.565021e+03 9.550739e+03 9.567662e+03 9.581944e+03
1.6 9.555578e+03 9.549684e+03 9.563508e+03 9.569402e+03
2.6 9.561223e+03 9.563980e+03 9.575201e+03 9.572444e+03
3.6 9.571462e+03 9.582388e+03 9.592106e+03 9.581180e+03
4.6 9.576676e+03 9.582812e+03 9.594158e+03 9.588022e+03
5.6 9.561104e+03 9.566670e+03 9.581589e+03 9.576022e+03
6.6 9.518427e+03 9.552696e+03 9.567636e+03 9.533366e+03
7.6 9.521021e+03 9.545614e+03 9.558336e+03 9.533743e+03
8.6 9.555087e+03 9.543428e+03 9.553465e+03 9.565124e+03
9.6 9.554045e+03 9.552238e+03 9.551526e+03 9.553333e+03
10.6 9.573168e+03 9.564599e+03 9.551352e+03 9.559920e+03
11.6 9.563468e+03 9.558540e+03 9.552090e+03 9.557018e+03
12.6 9.564031e+03 9.548319e+03 9.553112e+03 9.568824e+03
13.6 9.572103e+03 9.552141e+03 9.554036e+03 9.573997e+03
14.6 9.557351e+03 9.571058e+03 9.554711e+03 9.541004e+03
15.6 9.584881e+03 9.577473e+03 9.555138e+03 9.562545e+03
16.6 9.559259e+03 9.562669e+03 9.555379e+03 9.551968e+03
17.6 9.556236e+03 9.549223e+03 9.555503e+03 9.562516e+03
18.6 9.569142e+03 9.543786e+03 9.555562e+03 9.580917e+03
19.6 9.569084e+03 9.542508e+03 9.555589e+03 9.582165e+03
20.6 9.550661e+03 9.542634e+03 9.555600e+03 9.563627e+03
21.6 9.550103e+03 9.543333e+03 9.555605e+03 9.562374e+03
0.4 9.562736e+03 9.557957e+03 9.555610e+03 9.560389e+03
1.4 9.542280e+03 9.550989e+03 9.557971e+03 9.549262e+03
2.4 9.566691e+03 9.559995e+03 9.571850e+03 9.578546e+03
3.4 9.557796e+03 9.578778e+03 9.591710e+03 9.570728e+03
4.4 9.587441e+03 9.583715e+03 9.597961e+03 9.601688e+03
5.4 9.579938e+03 9.570322e+03 9.586812e+03 9.596427e+03
6.4 9.554487e+03 9.564236e+03 9.571815e+03 9.562066e+03
7.4 9.564757e+03 9.570948e+03 9.560974e+03 9.554784e+03
8.4 9.576364e+03 9.573141e+03 9.554910e+03 9.558133e+03
9.4 9.575071e+03 9.562189e+03 9.552190e+03 9.565072e+03
10.4 9.543060e+03 9.560811e+03 9.551553e+03 9.533802e+03
11.4 9.560132e+03 9.566258e+03 9.552058e+03 9.545933e+03
12.4 9.561122e+03 9.559154e+03 9.552998e+03 9.554967e+03
13.4 9.553629e+03 9.549287e+03 9.553922e+03 9.558264e+03
14.4 9.549129e+03 9.544248e+03 9.554627e+03 9.559508e+03
15.4 9.544765e+03 9.542822e+03 9.555085e+03 9.557028e+03
16.4 9.551473e+03 9.542887e+03 9.555349e+03 9.563935e+03
17.4 9.540050e+03 9.543710e+03 9.555488e+03 9.551828e+03
18.4 9.551888e+03 9.549783e+03 9.555555e+03 9.557660e+03
19.4 9.560596e+03 9.563475e+03 9.555585e+03 9.552707e+03
20.4 9.579067e+03 9.568448e+03 9.555598e+03 9.566218e+03
21.4 9.558678e+03 9.559360e+03 9.555604e+03 9.554922e+03
0.1 9.568849e+03 9.591554e+03 9.555607e+03 9.532901e+03
1.1 9.556173e+03 9.578161e+03 9.556575e+03 9.534587e+03
2.1 9.535022e+03 9.570864e+03 9.567118e+03 9.531276e+03
3.1 9.531270e+03 9.580173e+03 9.587081e+03 9.538178e+03
4.1 9.578062e+03 9.585750e+03 9.598395e+03 9.590707e+03
5.1 9.612152e+03 9.572702e+03 9.591189e+03 9.630640e+03
6.1 9.574474e+03 9.564435e+03 9.584803e+03 9.594842e+03
7.1 9.577992e+03 9.566793e+03 9.585475e+03 9.596674e+03
8.1 9.538366e+03 9.559373e+03 9.578581e+03 9.557574e+03
9.1 9.539076e+03 9.552716e+03 9.567053e+03 9.553413e+03
10.1 9.543423e+03 9.561334e+03 9.558161e+03 9.540249e+03
11.1 9.550918e+03 9.563834e+03 9.553492e+03 9.540576e+03
12.1 9.565635e+03 9.554697e+03 9.551777e+03 9.562715e+03
13.1 9.540948e+03 9.547196e+03 9.551674e+03 9.545426e+03
14.1 9.532886e+03 9.549285e+03 9.552331e+03 9.535931e+03
15.1 9.530157e+03 9.563928e+03 9.553229e+03 9.519458e+03
16.1 9.554821e+03 9.572509e+03 9.554063e+03 9.536376e+03
17.1 9.545265e+03 9.563552e+03 9.554696e+03 9.536409e+03
18.1 9.568449e+03 9.556905e+03 9.555114e+03 9.566658e+03
19.1 9.541521e+03 9.565282e+03 9.555359e+03 9.531598e+03
20.1 9.560269e+03 9.563656e+03 9.555490e+03 9.552103e+03
21.1 9.523715e+03 9.552170e+03 9.555556e+03 9.527100e+03
1.0 9.612152e+03 9.572702e+03 9.591189e+03 9.630640e+03
2.0 9.574474e+03 9.564435e+03 9.584803e+03 9.594842e+03
3.0 9.577992e+03 9.566793e+03 9.585475e+03 9.596674e+03
4.0 9.538366e+03 9.559373e+03 9.578581e+03 9.557574e+03
5.0 9.539076e+03 9.552716e+03 9.567053e+03 9.553413e+03
6.0 9.543423e+03 9.561334e+03 9.558161e+03 9.540249e+03
7.0 9.550918e+03 9.563834e+03 9.553492e+03 9.540576e+03
8.0 9.565635e+03 9.554697e+03 9.551777e+03 9.562715e+03
9.0 9.540948e+03 9.547196e+03 9.551674e+03 9.545426e+03
10.0 9.532886e+03 9.549285e+03 9.552331e+03 9.535931e+03
11.0 9.530157e+03 9.563928e+03 9.553229e+03 9.519458e+03
12.0 9.554821e+03 9.572509e+03 9.554063e+03 9.536376e+03
13.0 9.545265e+03 9.563552e+03 9.554696e+03 9.536409e+03
14.0 9.568449e+03 9.556905e+03 9.555114e+03 9.566658e+03
15.0 9.541521e+03 9.565282e+03 9.555359e+03 9.531598e+03
16.0 9.560269e+03 9.563656e+03 9.555490e+03 9.552103e+03
17.0 9.523715e+03 9.552170e+03 9.555556e+03 9.527100e+03
18.0 9.525039e+03 9.556148e+03 9.555586e+03 9.524477e+03
19.0 9.557396e+03 9.564465e+03 9.555599e+03 9.548530e+03
20.0 9.557209e+03 9.555861e+03 9.555604e+03 9.556951e+03
21.0 9.564539e+03 9.545776e+03 9.555606e+03 9.574369e+03
22.0 9.531301e+03 9.542286e+03 9.555607e+03 9.544622e+03
0.9 9.546664e+03 9.557995e+03 9.555848e+03 9.544517e+03
1.9 9.550691e+03 9.555572e+03 9.562704e+03 9.557823e+03
2.9 9.538533e+03 9.569338e+03 9.580417e+03 9.549612e+03
3.9 9.548911e+03 9.575947e+03 9.589969e+03 9.562933e+03
4.9 9.561241e+03 9.564698e+03 9.582819e+03 9.579362e+03
5.9 9.563035e+03 9.556811e+03 9.570531e+03 9.576755e+03
6.9 9.575811e+03 9.562165e+03 9.561173e+03 9.574819e+03
7.9 9.567871e+03 9.560221e+03 9.555776e+03 9.563427e+03
8.9 9.557131e+03 9.552173e+03 9.553212e+03 9.558170e+03
9.9 9.552096e+03 9.556873e+03 9.552442e+03 9.547665e+03
10.9 9.570415e+03 9.569783e+03 9.552706e+03 9.553338e+03
11.9 9.573297e+03 9.565671e+03 9.553412e+03 9.561039e+03
12.9 9.545046e+03 9.551398e+03 9.554160e+03 9.547808e+03
13.9 9.533456e+03 9.543552e+03 9.554752e+03 9.544655e+03
14.9 9.529598e+03 9.542603e+03 9.555909e+03 9.542903e+03
15.9 9.536877e+03 9.552817e+03 9.565927e+03 9.549986e+03
16.9 9.584925e+03 9.573513e+03 9.585847e+03 9.597259e+03
17.9 9.605135e+03 9.586125e+03 9.598255e+03 9.617264e+03
18.9 9.586173e+03 9.576824e+03 9.591368e+03 9.600717e+03
19.9 9.587895e+03 9.570020e+03 9.576249e+03 9.594124e+03
20.9 9.597256e+03 9.571697e+03 9.563813e+03 9.589372e+03
21.9 9.565992e+03 9.562445e+03 9.556384e+03 9.559931e+03
0.1 9.533456e+03 9.543552e+03 9.554752e+03 9.544655e+03
1.1 9.529598e+03 9.542603e+03 9.555909e+03 9.542903e+03
2.1 9.536877e+03 9.552817e+03 9.565927e+03 9.549986e+03
3.1 9.584925e+03 9.573513e+03 9.585847e+03 9.597259e+03
4.1 9.605135e+03 9.586125e+03 9.598255e+03 9.617264e+03
5.1 9.586173e+03 9.576824e+03 9.591368e+03 9.600717e+03
6.1 9.587895e+03 9.570020e+03 9.576249e+03 9.594124e+03
7.1 9.597256e+03 9.571697e+03 9.563813e+03 9.589372e+03
8.1 9.565992e+03 9.562445e+03 9.556384e+03 9.559931e+03
9.1 9.547790e+03 9.550461e+03 9.552769e+03 9.550098e+03
10.1 9.515109e+03 9.544054e+03 9.551591e+03 9.522647e+03
11.1 9.533653e+03 9.542397e+03 9.552108e+03 9.543365e+03
12.1 9.537486e+03 9.549646e+03 9.560180e+03 9.548021e+03
13.1 9.540354e+03 9.569171e+03 9.579892e+03 9.551076e+03
14.1 9.550025e+03 9.585382e+03 9.596234e+03 9.560877e+03
15.1 9.560674e+03 9.579266e+03 9.593286e+03 9.574694e+03
16.1 9.575407e+03 9.562400e+03 9.578949e+03 9.591956e+03
0.9 9.533653e+03 9.542397e+03 9.552108e+03 9.543365e+03
1.9 9.537486e+03 9.549646e+03 9.560180e+03 9.548021e+03
2.9 9.540354e+03 9.569171e+03 9.579892e+03 9.551076e+03
3.9 9.550025e+03 9.585382e+03 9.596234e+03 9.560877e+03
4.9 9.560674e+03 9.579266e+03 9.593286e+03 9.574694e+03
5.9 9.575407e+03 9.562400e+03 9.578949e+03 9.591956e+03
