0.9 1.021954e+04 1.022010e+04 1.024653e+04 1.024597e+04
1.9 1.024630e+04 1.023103e+04 1.025836e+04 1.027363e+04
2.9 1.024160e+04 1.025969e+04 1.028620e+04 1.026811e+04
3.9 1.026590e+04 1.027360e+04 1.029896e+04 1.029126e+04
4.9 1.026817e+04 1.026205e+04 1.028660e+04 1.029273e+04
5.9 1.020417e+04 1.024539e+04 1.026771e+04 1.022650e+04
6.9 1.024110e+04 1.024676e+04 1.025377e+04 1.024810e+04
7.9 1.028817e+04 1.026542e+04 1.024584e+04 1.026859e+04
8.9 1.029661e+04 1.026987e+04 1.024215e+04 1.026888e+04
9.9 1.027968e+04 1.025597e+04 1.024111e+04 1.026483e+04
10.9 1.023189e+04 1.023955e+04 1.024160e+04 1.023394e+04
11.9 1.023732e+04 1.023430e+04 1.024271e+04 1.024574e+04
12.9 1.022486e+04 1.025196e+04 1.024385e+04 1.021675e+04
13.9 1.024940e+04 1.027702e+04 1.024474e+04 1.021713e+04
14.9 1.027333e+04 1.028081e+04 1.024533e+04 1.023784e+04
15.9 1.026894e+04 1.026357e+04 1.024567e+04 1.025104e+04
16.9 1.021823e+04 1.024361e+04 1.024585e+04 1.022047e+04
17.9 1.018943e+04 1.022992e+04 1.024594e+04 1.020545e+04
18.9 1.020860e+04 1.022352e+04 1.024598e+04 1.023106e+04
19.9 1.024414e+04 1.023421e+04 1.024599e+04 1.025592e+04
20.9 1.025987e+04 1.025319e+04 1.024600e+04 1.025268e+04
21.9 1.025974e+04 1.025359e+04 1.024600e+04 1.025215e+04
0.3 1.022636e+04 1.021996e+04 1.024600e+04 1.025241e+04
1.3 1.024010e+04 1.022336e+04 1.024857e+04 1.026531e+04
2.3 1.024693e+04 1.024406e+04 1.026798e+04 1.027085e+04
3.3 1.023560e+04 1.027169e+04 1.029434e+04 1.025825e+04
4.3 1.030735e+04 1.027542e+04 1.029643e+04 1.032836e+04
5.3 1.025654e+04 1.026516e+04 1.027942e+04 1.027080e+04
6.3 1.024039e+04 1.025964e+04 1.026176e+04 1.024251e+04
7.3 1.023627e+04 1.025091e+04 1.025021e+04 1.023556e+04
8.3 1.024661e+04 1.024202e+04 1.024407e+04 1.024866e+04
9.3 1.025903e+04 1.025205e+04 1.024152e+04 1.024850e+04
10.3 1.025973e+04 1.027517e+04 1.024117e+04 1.022573e+04
11.3 1.029179e+04 1.028240e+04 1.024198e+04 1.025137e+04
12.3 1.029633e+04 1.026817e+04 1.024315e+04 1.027132e+04
13.3 1.023056e+04 1.025807e+04 1.024422e+04 1.021671e+04
14.3 1.025715e+04 1.026087e+04 1.024499e+04 1.024128e+04
15.3 1.026687e+04 1.026096e+04 1.024548e+04 1.025139e+04
16.3 1.027525e+04 1.025115e+04 1.024575e+04 1.026985e+04
17.3 1.024104e+04 1.025060e+04 1.024589e+04 1.023633e+04
18.3 1.027999e+04 1.025642e+04 1.024596e+04 1.026952e+04
19.3 1.026974e+04 1.025054e+04 1.024598e+04 1.026519e+04
20.3 1.024830e+04 1.023832e+04 1.024600e+04 1.025597e+04
21.3 1.021249e+04 1.022855e+04 1.024600e+04 1.022994e+04
0.4 1.023674e+04 1.022156e+04 1.024601e+04 1.026119e+04
1.4 1.026673e+04 1.022507e+04 1.024970e+04 1.029137e+04
2.4 1.031805e+04 1.024514e+04 1.026910e+04 1.034201e+04
3.4 1.030272e+04 1.025926e+04 1.028267e+04 1.032612e+04
4.4 1.027873e+04 1.025300e+04 1.027621e+04 1.030194e+04
5.4 1.023685e+04 1.024036e+04 1.026294e+04 1.025943e+04
6.4 1.020833e+04 1.023126e+04 1.025261e+04 1.022969e+04
7.4 1.023927e+04 1.023537e+04 1.024660e+04 1.025051e+04
8.4 1.025050e+04 1.025611e+04 1.024367e+04 1.023807e+04
9.4 1.026926e+04 1.026705e+04 1.024271e+04 1.024492e+04
10.4 1.025414e+04 1.025799e+04 1.024290e+04 1.023906e+04
11.4 1.019354e+04 1.024290e+04 1.024362e+04 1.019427e+04
12.4 1.022064e+04 1.023145e+04 1.024442e+04 1.023362e+04
13.4 1.021220e+04 1.022492e+04 1.024506e+04 1.023235e+04
14.4 1.022202e+04 1.022190e+04 1.024549e+04 1.024561e+04
15.4 1.026699e+04 1.022110e+04 1.024575e+04 1.029164e+04
16.4 1.029456e+04 1.022413e+04 1.024588e+04 1.031632e+04
17.4 1.025620e+04 1.024452e+04 1.024595e+04 1.025764e+04
18.4 1.025526e+04 1.027700e+04 1.024598e+04 1.022424e+04
19.4 1.027190e+04 1.029195e+04 1.024600e+04 1.022595e+04
20.4 1.030497e+04 1.027950e+04 1.024600e+04 1.027146e+04
21.4 1.026682e+04 1.027133e+04 1.024600e+04 1.024149e+04
0.8 1.022838e+04 1.023315e+04 1.024622e+04 1.024145e+04
1.8 1.021705e+04 1.023491e+04 1.025537e+04 1.023750e+04
2.8 1.021076e+04 1.025846e+04 1.028242e+04 1.023471e+04
3.8 1.025026e+04 1.027488e+04 1.029968e+04 1.027506e+04
4.8 1.025303e+04 1.026635e+04 1.029016e+04 1.027684e+04
5.8 1.024986e+04 1.025486e+04 1.027092e+04 1.026591e+04
6.8 1.022601e+04 1.026139e+04 1.025571e+04 1.022033e+04
7.8 1.025289e+04 1.026112e+04 1.024679e+04 1.023856e+04
8.8 1.019108e+04 1.024911e+04 1.024247e+04 1.018445e+04
9.8 1.022604e+04 1.025179e+04 1.024108e+04 1.021533e+04
10.8 1.026120e+04 1.026094e+04 1.024139e+04 1.024165e+04
11.8 1.026516e+04 1.025362e+04 1.024247e+04 1.025400e+04
12.8 1.025935e+04 1.023923e+04 1.024365e+04 1.026377e+04
13.8 1.022337e+04 1.022855e+04 1.024460e+04 1.023942e+04
14.8 1.022775e+04 1.022304e+04 1.024524e+04 1.024995e+04
15.8 1.026577e+04 1.022092e+04 1.024562e+04 1.029047e+04
16.8 1.024622e+04 1.022070e+04 1.024583e+04 1.027135e+04
17.8 1.021498e+04 1.022144e+04 1.024593e+04 1.023946e+04
18.8 1.023999e+04 1.022279e+04 1.024597e+04 1.026317e+04
19.8 1.023780e+04 1.023019e+04 1.024599e+04 1.025360e+04
20.8 1.025039e+04 1.024753e+04 1.024600e+04 1.024886e+04
21.8 1.024547e+04 1.026183e+04 1.024600e+04 1.022965e+04
0.3 1.021956e+04 1.022590e+04 1.024601e+04 1.023966e+04
1.3 1.020024e+04 1.022355e+04 1.024883e+04 1.022552e+04
2.3 1.024161e+04 1.024030e+04 1.026716e+04 1.026847e+04
3.3 1.028236e+04 1.025560e+04 1.028238e+04 1.030914e+04
4.3 1.027277e+04 1.025145e+04 1.027763e+04 1.029895e+04
5.3 1.025811e+04 1.025019e+04 1.027499e+04 1.028291e+04
6.3 1.026689e+04 1.026211e+04 1.028521e+04 1.029000e+04
7.3 1.025477e+04 1.026133e+04 1.028257e+04 1.027601e+04
8.3 1.022218e+04 1.024789e+04 1.026798e+04 1.024227e+04
9.3 1.019758e+04 1.023450e+04 1.025438e+04 1.021746e+04
10.3 1.021667e+04 1.022957e+04 1.024964e+04 1.023674e+04
11.3 1.026424e+04 1.024468e+04 1.026496e+04 1.028452e+04
12.3 1.023758e+04 1.025789e+04 1.027798e+04 1.025767e+04
13.3 1.024079e+04 1.025271e+04 1.027227e+04 1.026035e+04
14.3 1.021152e+04 1.024158e+04 1.025995e+04 1.022990e+04
15.3 1.022683e+04 1.024211e+04 1.025056e+04 1.023528e+04
16.3 1.027883e+04 1.025177e+04 1.024533e+04 1.027240e+04
17.3 1.032458e+04 1.025178e+04 1.024295e+04 1.031575e+04
18.3 1.025309e+04 1.024226e+04 1.024232e+04 1.025315e+04
19.3 1.020560e+04 1.023248e+04 1.024270e+04 1.021582e+04
20.3 1.021428e+04 1.023106e+04 1.024351e+04 1.022674e+04
21.3 1.020867e+04 1.024354e+04 1.024436e+04 1.020950e+04
0.9 1.027277e+04 1.025145e+04 1.027763e+04 1.029895e+04
1.9 1.025811e+04 1.025019e+04 1.027499e+04 1.028291e+04
2.9 1.026689e+04 1.026211e+04 1.028521e+04 1.029000e+04
3.9 1.025477e+04 1.026133e+04 1.028257e+04 1.027601e+04
4.9 1.022218e+04 1.024789e+04 1.026798e+04 1.024227e+04
5.9 1.019758e+04 1.023450e+04 1.025438e+04 1.021746e+04
6.9 1.021667e+04 1.022957e+04 1.024964e+04 1.023674e+04
7.9 1.026424e+04 1.024468e+04 1.026496e+04 1.028452e+04
8.9 1.023758e+04 1.025789e+04 1.027798e+04 1.025767e+04
9.9 1.024079e+04 1.025271e+04 1.027227e+04 1.026035e+04
10.9 1.021152e+04 1.024158e+04 1.025995e+04 1.022990e+04
11.9 1.022683e+04 1.024211e+04 1.025056e+04 1.023528e+04
12.9 1.027883e+04 1.025177e+04 1.024533e+04 1.027240e+04
13.9 1.032458e+04 1.025178e+04 1.024295e+04 1.031575e+04
14.9 1.025309e+04 1.024226e+04 1.024232e+04 1.025315e+04
15.9 1.020560e+04 1.023248e+04 1.024270e+04 1.021582e+04
16.9 1.021428e+04 1.023106e+04 1.024351e+04 1.022674e+04
17.9 1.020867e+04 1.024354e+04 1.024436e+04 1.020950e+04
18.9 1.027872e+04 1.025782e+04 1.024503e+04 1.026593e+04
19.9 1.030818e+04 1.025688e+04 1.024548e+04 1.029677e+04
20.9 1.029085e+04 1.025273e+04 1.024574e+04 1.028386e+04
21.9 1.029069e+04 1.026842e+04 1.024588e+04 1.026815e+04
0.4 1.019758e+04 1.023450e+04 1.025438e+04 1.021746e+04
1.4 1.021667e+04 1.022957e+04 1.024964e+04 1.023674e+04
2.4 1.026424e+04 1.024468e+04 1.026496e+04 1.028452e+04
3.4 1.023758e+04 1.025789e+04 1.027798e+04 1.025767e+04
4.4 1.024079e+04 1.025271e+04 1.027227e+04 1.026035e+04
5.4 1.021152e+04 1.024158e+04 1.025995e+04 1.022990e+04
6.4 1.022683e+04 1.024211e+04 1.025056e+04 1.023528e+04
7.4 1.027883e+04 1.025177e+04 1.024533e+04 1.027240e+04
8.4 1.032458e+04 1.025178e+04 1.024295e+04 1.031575e+04
9.4 1.025309e+04 1.024226e+04 1.024232e+04 1.025315e+04
10.4 1.020560e+04 1.023248e+04 1.024270e+04 1.021582e+04
11.4 1.021428e+04 1.023106e+04 1.024351e+04 1.022674e+04
12.4 1.020867e+04 1.024354e+04 1.024436e+04 1.020950e+04
13.4 1.027872e+04 1.025782e+04 1.024503e+04 1.026593e+04
14.4 1.030818e+04 1.025688e+04 1.024548e+04 1.029677e+04
15.4 1.029085e+04 1.025273e+04 1.024574e+04 1.028386e+04
16.4 1.029069e+04 1.026842e+04 1.024588e+04 1.026815e+04
17.4 1.026324e+04 1.028920e+04 1.024595e+04 1.021999e+04
18.4 1.029146e+04 1.028605e+04 1.024598e+04 1.025139e+04
19.4 1.027230e+04 1.026388e+04 1.024600e+04 1.025441e+04
20.4 1.025957e+04 1.024195e+04 1.024600e+04 1.026362e+04
21.4 1.025023e+04 1.022792e+04 1.024600e+04 1.026831e+04
0.5 1.026977e+04 1.025997e+04 1.024602e+04 1.025583e+04
1.5 1.022962e+04 1.024966e+04 1.025074e+04 1.023069e+04
2.5 1.026084e+04 1.026064e+04 1.027390e+04 1.027410e+04
3.5 1.030246e+04 1.027727e+04 1.029768e+04 1.032286e+04
4.5 1.030490e+04 1.027034e+04 1.029481e+04 1.032937e+04
5.5 1.027235e+04 1.025044e+04 1.027633e+04 1.029825e+04
6.5 1.025047e+04 1.023809e+04 1.025938e+04 1.027176e+04
7.5 1.020571e+04 1.024366e+04 1.024879e+04 1.021084e+04
8.5 1.023127e+04 1.025567e+04 1.024334e+04 1.021894e+04
9.5 1.026570e+04 1.025586e+04 1.024125e+04 1.025110e+04
10.5 1.025233e+04 1.024549e+04 1.024119e+04 1.024803e+04
11.5 1.022623e+04 1.024401e+04 1.024212e+04 1.022435e+04
12.5 1.022963e+04 1.026215e+04 1.024332e+04 1.021080e+04
13.5 1.025150e+04 1.027250e+04 1.024436e+04 1.022336e+04
14.5 1.025094e+04 1.026169e+04 1.024523e+04 1.023449e+04
15.5 1.024697e+04 1.025228e+04 1.025378e+04 1.024847e+04
16.5 1.023672e+04 1.026055e+04 1.027530e+04 1.025148e+04
17.5 1.028075e+04 1.026075e+04 1.028226e+04 1.030227e+04
18.5 1.025636e+04 1.025019e+04 1.027438e+04 1.028055e+04
19.5 1.024227e+04 1.025535e+04 1.028035e+04 1.026727e+04
20.5 1.027773e+04 1.027340e+04 1.029814e+04 1.030246e+04
21.5 1.027137e+04 1.027172e+04 1.029614e+04 1.029579e+04
0.7 1.025094e+04 1.026169e+04 1.024523e+04 1.023449e+04
1.7 1.024697e+04 1.025228e+04 1.025378e+04 1.024847e+04
2.7 1.023672e+04 1.026055e+04 1.027530e+04 1.025148e+04
3.7 1.028075e+04 1.026075e+04 1.028226e+04 1.030227e+04
4.7 1.025636e+04 1.025019e+04 1.027438e+04 1.028055e+04
5.7 1.024227e+04 1.025535e+04 1.028035e+04 1.026727e+04
6.7 1.027773e+04 1.027340e+04 1.029814e+04 1.030246e+04
7.7 1.027137e+04 1.027172e+04 1.029614e+04 1.029579e+04
8.7 1.023970e+04 1.025322e+04 1.027718e+04 1.026366e+04
9.7 1.019473e+04 1.023591e+04 1.025886e+04 1.021769e+04
10.7 1.019050e+04 1.022671e+04 1.024755e+04 1.021134e+04
11.7 1.021835e+04 1.023607e+04 1.024206e+04 1.022435e+04
12.7 1.026675e+04 1.026319e+04 1.024019e+04 1.024375e+04
13.7 1.028951e+04 1.028153e+04 1.024037e+04 1.024836e+04
14.7 1.028917e+04 1.027433e+04 1.024153e+04 1.025638e+04
15.7 1.026970e+04 1.026618e+04 1.024292e+04 1.024644e+04
16.7 1.029251e+04 1.026545e+04 1.024410e+04 1.027116e+04
17.7 1.024179e+04 1.025542e+04 1.024494e+04 1.023130e+04
18.7 1.018917e+04 1.024010e+04 1.024545e+04 1.019453e+04
19.7 1.020355e+04 1.022832e+04 1.024574e+04 1.022098e+04
20.7 1.020965e+04 1.022253e+04 1.024588e+04 1.023300e+04
21.7 1.020584e+04 1.023073e+04 1.024595e+04 1.022106e+04
0.3 1.028075e+04 1.026075e+04 1.028226e+04 1.030227e+04
1.3 1.025636e+04 1.025019e+04 1.027438e+04 1.028055e+04
2.3 1.024227e+04 1.025535e+04 1.028035e+04 1.026727e+04
3.3 1.027773e+04 1.027340e+04 1.029814e+04 1.030246e+04
4.3 1.027137e+04 1.027172e+04 1.029614e+04 1.029579e+04
5.3 1.023970e+04 1.025322e+04 1.027718e+04 1.026366e+04
6.3 1.019473e+04 1.023591e+04 1.025886e+04 1.021769e+04
7.3 1.019050e+04 1.022671e+04 1.024755e+04 1.021134e+04
8.3 1.021835e+04 1.023607e+04 1.024206e+04 1.022435e+04
9.3 1.026675e+04 1.026319e+04 1.024019e+04 1.024375e+04
10.3 1.028951e+04 1.028153e+04 1.024037e+04 1.024836e+04
11.3 1.028917e+04 1.027433e+04 1.024153e+04 1.025638e+04
12.3 1.026970e+04 1.026618e+04 1.024292e+04 1.024644e+04
13.3 1.029251e+04 1.026545e+04 1.024410e+04 1.027116e+04
14.3 1.024179e+04 1.025542e+04 1.024494e+04 1.023130e+04
15.3 1.018917e+04 1.024010e+04 1.024545e+04 1.019453e+04
16.3 1.020355e+04 1.022832e+04 1.024574e+04 1.022098e+04
17.3 1.020965e+04 1.022253e+04 1.024588e+04 1.023300e+04
18.3 1.020584e+04 1.023073e+04 1.024595e+04 1.022106e+04
19.3 1.020783e+04 1.025778e+04 1.024598e+04 1.019604e+04
20.3 1.022641e+04 1.028127e+04 1.024600e+04 1.019114e+04
21.3 1.026896e+04 1.027810e+04 1.024600e+04 1.023686e+04
