0.3 9.598882e+03 9.588235e+03 9.558603e+03 9.569251e+03
1.3 9.583650e+03 9.578709e+03 9.560084e+03 9.565026e+03
2.3 9.580883e+03 9.575326e+03 9.572089e+03 9.577645e+03
3.3 9.581427e+03 9.584956e+03 9.592163e+03 9.588634e+03
4.3 9.616362e+03 9.588463e+03 9.601622e+03 9.629522e+03
5.3 9.609029e+03 9.575122e+03 9.592424e+03 9.626331e+03
6.3 9.583984e+03 9.558842e+03 9.577163e+03 9.602305e+03
7.3 9.526039e+03 9.552374e+03 9.565414e+03 9.539079e+03
8.3 9.535736e+03 9.559587e+03 9.558619e+03 9.534768e+03
9.3 9.572907e+03 9.565255e+03 9.555434e+03 9.563086e+03
10.3 9.580996e+03 9.559470e+03 9.554525e+03 9.576051e+03
11.3 9.550106e+03 9.554442e+03 9.554903e+03 9.550567e+03
12.3 9.568922e+03 9.559353e+03 9.555816e+03 9.565385e+03
13.3 9.567816e+03 9.560275e+03 9.556768e+03 9.564310e+03
14.3 9.553241e+03 9.554034e+03 9.557518e+03 9.556725e+03
15.3 9.546307e+03 9.548630e+03 9.558018e+03 9.555695e+03
16.3 9.563810e+03 9.552365e+03 9.558311e+03 9.569755e+03
17.3 9.580930e+03 9.569575e+03 9.558467e+03 9.569822e+03
18.3 9.601659e+03 9.579435e+03 9.558543e+03 9.580768e+03
19.3 9.611705e+03 9.571114e+03 9.558578e+03 9.599170e+03
20.3 9.574479e+03 9.559066e+03 9.558593e+03 9.574006e+03
21.3 9.564154e+03 9.559126e+03 9.558600e+03 9.563628e+03
1.0 9.580165e+03 9.567664e+03 9.559050e+03 9.571551e+03
2.0 9.543555e+03 9.563872e+03 9.567308e+03 9.546991e+03
3.0 9.574264e+03 9.575416e+03 9.586517e+03 9.585365e+03
4.0 9.594418e+03 9.586038e+03 9.600729e+03 9.609109e+03
5.0 9.596674e+03 9.578412e+03 9.595734e+03 9.613996e+03
6.0 9.563776e+03 9.563601e+03 9.580874e+03 9.581050e+03
7.0 9.558052e+03 9.562290e+03 9.567935e+03 9.563696e+03
8.0 9.560196e+03 9.575813e+03 9.560002e+03 9.544386e+03
9.0 9.597223e+03 9.584099e+03 9.556043e+03 9.569166e+03
10.0 9.595255e+03 9.574334e+03 9.554649e+03 9.575570e+03
11.0 9.566313e+03 9.559408e+03 9.554765e+03 9.561670e+03
12.0 9.545927e+03 9.549382e+03 9.555586e+03 9.552130e+03
13.0 9.532618e+03 9.544493e+03 9.556550e+03 9.544675e+03
14.0 9.561773e+03 9.542982e+03 9.557357e+03 9.576148e+03
15.0 9.562971e+03 9.549719e+03 9.557915e+03 9.571167e+03
16.0 9.542415e+03 9.566556e+03 9.558253e+03 9.534111e+03
17.0 9.570995e+03 9.572596e+03 9.558437e+03 9.556836e+03
18.0 9.569542e+03 9.561731e+03 9.558529e+03 9.566340e+03
19.0 9.544968e+03 9.551837e+03 9.558572e+03 9.551703e+03
20.0 9.589878e+03 9.556410e+03 9.558591e+03 9.592059e+03
21.0 9.587517e+03 9.572042e+03 9.558598e+03 9.574073e+03
22.0 9.607349e+03 9.575396e+03 9.558602e+03 9.590554e+03
0.1 9.570979e+03 9.574232e+03 9.558603e+03 9.555351e+03
1.1 9.578996e+03 9.565127e+03 9.559567e+03 9.573436e+03
2.1 9.548091e+03 9.563784e+03 9.569555e+03 9.553862e+03
3.1 9.563613e+03 9.568152e+03 9.581051e+03 9.576513e+03
4.1 9.567713e+03 9.562319e+03 9.579698e+03 9.585093e+03
5.1 9.556201e+03 9.552990e+03 9.571498e+03 9.574709e+03
6.1 9.554707e+03 9.546990e+03 9.564217e+03 9.571934e+03
7.1 9.550441e+03 9.544403e+03 9.559746e+03 9.565784e+03
8.1 9.558747e+03 9.543716e+03 9.557457e+03 9.572487e+03
9.1 9.543887e+03 9.544160e+03 9.556575e+03 9.556303e+03
10.1 9.555087e+03 9.549911e+03 9.556552e+03 9.561728e+03
11.1 9.560249e+03 9.563160e+03 9.556957e+03 9.554046e+03
12.1 9.592403e+03 9.569074e+03 9.557469e+03 9.580799e+03
13.1 9.567624e+03 9.562541e+03 9.558049e+03 9.563133e+03
14.1 9.543654e+03 9.559842e+03 9.564130e+03 9.547943e+03
15.1 9.556874e+03 9.567942e+03 9.577829e+03 9.566761e+03
16.1 9.550060e+03 9.567335e+03 9.581479e+03 9.564204e+03
17.1 9.547750e+03 9.558268e+03 9.574668e+03 9.564150e+03
18.1 9.540007e+03 9.555000e+03 9.566581e+03 9.551587e+03
19.1 9.565976e+03 9.564928e+03 9.561097e+03 9.562144e+03
20.1 9.587266e+03 9.567724e+03 9.558105e+03 9.577646e+03
21.1 9.568419e+03 9.559654e+03 9.556776e+03 9.565541e+03
0.8 9.567624e+03 9.562541e+03 9.558049e+03 9.563133e+03
1.8 9.543654e+03 9.559842e+03 9.564130e+03 9.547943e+03
2.8 9.556874e+03 9.567942e+03 9.577829e+03 9.566761e+03
3.8 9.550060e+03 9.567335e+03 9.581479e+03 9.564204e+03
4.8 9.547750e+03 9.558268e+03 9.574668e+03 9.564150e+03
5.8 9.540007e+03 9.555000e+03 9.566581e+03 9.551587e+03
6.8 9.565976e+03 9.564928e+03 9.561097e+03 9.562144e+03
7.8 9.587266e+03 9.567724e+03 9.558105e+03 9.577646e+03
8.8 9.568419e+03 9.559654e+03 9.556776e+03 9.565541e+03
9.8 9.580051e+03 9.551546e+03 9.556490e+03 9.584995e+03
10.8 9.566349e+03 9.547014e+03 9.556780e+03 9.576114e+03
11.8 9.582610e+03 9.545051e+03 9.557281e+03 9.594840e+03
12.8 9.568179e+03 9.544469e+03 9.557761e+03 9.581470e+03
13.8 9.560282e+03 9.546772e+03 9.558120e+03 9.571630e+03
14.8 9.604997e+03 9.558472e+03 9.558349e+03 9.604875e+03
15.8 9.580666e+03 9.564256e+03 9.558480e+03 9.574890e+03
16.8 9.556362e+03 9.556451e+03 9.558547e+03 9.558458e+03
17.8 9.518856e+03 9.548959e+03 9.558579e+03 9.528476e+03
18.8 9.514242e+03 9.546189e+03 9.558876e+03 9.526929e+03
19.8 9.572899e+03 9.552597e+03 9.566061e+03 9.586364e+03
20.8 9.567972e+03 9.570212e+03 9.583697e+03 9.581456e+03
21.8 9.585559e+03 9.578313e+03 9.592329e+03 9.599574e+03
0.9 9.514242e+03 9.546189e+03 9.558876e+03 9.526929e+03
1.9 9.572899e+03 9.552597e+03 9.566061e+03 9.586364e+03
2.9 9.567972e+03 9.570212e+03 9.583697e+03 9.581456e+03
3.9 9.585559e+03 9.578313e+03 9.592329e+03 9.599574e+03
4.9 9.566589e+03 9.569460e+03 9.584775e+03 9.581905e+03
5.9 9.538694e+03 9.557661e+03 9.572732e+03 9.553765e+03
6.9 9.530140e+03 9.549980e+03 9.563740e+03 9.543899e+03
7.9 9.548292e+03 9.546037e+03 9.558602e+03 9.560857e+03
8.9 9.549148e+03 9.544358e+03 9.556187e+03 9.560978e+03
9.9 9.550033e+03 9.544042e+03 9.555494e+03 9.561485e+03
10.9 9.551677e+03 9.546198e+03 9.555784e+03 9.561263e+03
11.9 9.554759e+03 9.559878e+03 9.556486e+03 9.551367e+03
12.9 9.565276e+03 9.581571e+03 9.557215e+03 9.540920e+03
13.9 9.569078e+03 9.590859e+03 9.557786e+03 9.536006e+03
14.9 9.564582e+03 9.580268e+03 9.558165e+03 9.542478e+03
15.9 9.530518e+03 9.574184e+03 9.558385e+03 9.514719e+03
16.9 9.538994e+03 9.582447e+03 9.558502e+03 9.515049e+03
17.9 9.581165e+03 9.587202e+03 9.558559e+03 9.552522e+03
18.9 9.615755e+03 9.575867e+03 9.558585e+03 9.598473e+03
19.9 9.577743e+03 9.568333e+03 9.558596e+03 9.568006e+03
20.9 9.577805e+03 9.569956e+03 9.558601e+03 9.566449e+03
21.9 9.546683e+03 9.563543e+03 9.558630e+03 9.541769e+03
0.6 9.546683e+03 9.563543e+03 9.558630e+03 9.541769e+03
1.6 9.539234e+03 9.556948e+03 9.562369e+03 9.544656e+03
2.6 9.543183e+03 9.563374e+03 9.575641e+03 9.555450e+03
3.6 9.558977e+03 9.565594e+03 9.581990e+03 9.575372e+03
4.6 9.574534e+03 9.557897e+03 9.576424e+03 9.593062e+03
5.6 9.539220e+03 9.550289e+03 9.568049e+03 9.556979e+03
6.6 9.532997e+03 9.551404e+03 9.561976e+03 9.543569e+03
7.6 9.535010e+03 9.565427e+03 9.558549e+03 9.528132e+03
8.6 9.562242e+03 9.574486e+03 9.556942e+03 9.544698e+03
9.6 9.552541e+03 9.567558e+03 9.556488e+03 9.541471e+03
10.6 9.563412e+03 9.561073e+03 9.556695e+03 9.559034e+03
11.6 9.546482e+03 9.567679e+03 9.557177e+03 9.535980e+03
12.6 9.562699e+03 9.566204e+03 9.557673e+03 9.554168e+03
13.6 9.532205e+03 9.555900e+03 9.558059e+03 9.534364e+03
14.6 9.524488e+03 9.558956e+03 9.558313e+03 9.523845e+03
15.6 9.555639e+03 9.566291e+03 9.558460e+03 9.547807e+03
16.6 9.569143e+03 9.559092e+03 9.558537e+03 9.568587e+03
17.6 9.562198e+03 9.549456e+03 9.558574e+03 9.571317e+03
18.6 9.531378e+03 9.544941e+03 9.558591e+03 9.545029e+03
19.6 9.547638e+03 9.543845e+03 9.558598e+03 9.562391e+03
20.6 9.540271e+03 9.543991e+03 9.558601e+03 9.554881e+03
21.6 9.534661e+03 9.544559e+03 9.558603e+03 9.548705e+03
0.9 9.583624e+03 9.572640e+03 9.558843e+03 9.569827e+03
1.9 9.583132e+03 9.567881e+03 9.565672e+03 9.580923e+03
2.9 9.581883e+03 9.577373e+03 9.584145e+03 9.588655e+03
3.9 9.571129e+03 9.588307e+03 9.600040e+03 9.582861e+03
4.9 9.583957e+03 9.581701e+03 9.597101e+03 9.599356e+03
5.9 9.584786e+03 9.565287e+03 9.582614e+03 9.602113e+03
6.9 9.582728e+03 9.552517e+03 9.569160e+03 9.599370e+03
7.9 9.538408e+03 9.545758e+03 9.560678e+03 9.553328e+03
8.9 9.539251e+03 9.544591e+03 9.556342e+03 9.551002e+03
9.9 9.555730e+03 9.554577e+03 9.554715e+03 9.555868e+03
10.9 9.570849e+03 9.561688e+03 9.554702e+03 9.563863e+03
11.9 9.573429e+03 9.555254e+03 9.555476e+03 9.573651e+03
12.9 9.553052e+03 9.554213e+03 9.556445e+03 9.555283e+03
13.9 9.568181e+03 9.563323e+03 9.557277e+03 9.562135e+03
14.9 9.546717e+03 9.563319e+03 9.557864e+03 9.541261e+03
15.9 9.531045e+03 9.555833e+03 9.558223e+03 9.533435e+03
16.9 9.514740e+03 9.549649e+03 9.558422e+03 9.523513e+03
17.9 9.543062e+03 9.548453e+03 9.558522e+03 9.553130e+03
18.9 9.559554e+03 9.558204e+03 9.558568e+03 9.559919e+03
19.9 9.563965e+03 9.565145e+03 9.558589e+03 9.557409e+03
20.9 9.561020e+03 9.560161e+03 9.558598e+03 9.559457e+03
21.9 9.519546e+03 9.553791e+03 9.558602e+03 9.524357e+03
0.5 9.532025e+03 9.543531e+03 9.558614e+03 9.547108e+03
1.5 9.535764e+03 9.545527e+03 9.561614e+03 9.551851e+03
2.5 9.560401e+03 9.560620e+03 9.576356e+03 9.576137e+03
3.5 9.570073e+03 9.576460e+03 9.591485e+03 9.585098e+03
4.5 9.576854e+03 9.573990e+03 9.589659e+03 9.592523e+03
5.5 9.548228e+03 9.562084e+03 9.577902e+03 9.564045e+03
6.5 9.518188e+03 9.552520e+03 9.567113e+03 9.532781e+03
7.5 9.526129e+03 9.547245e+03 9.560409e+03 9.539292e+03
8.5 9.543945e+03 9.548780e+03 9.560958e+03 9.556124e+03
9.5 9.548874e+03 9.563849e+03 9.575482e+03 9.560507e+03
10.5 9.559187e+03 9.576239e+03 9.588732e+03 9.571679e+03
11.5 9.567830e+03 9.568261e+03 9.585479e+03 9.585048e+03
12.5 9.537038e+03 9.557806e+03 9.574316e+03 9.553547e+03
13.5 9.569778e+03 9.563744e+03 9.564833e+03 9.570867e+03
14.5 9.596594e+03 9.573899e+03 9.559156e+03 9.581850e+03
15.5 9.592989e+03 9.566821e+03 9.556365e+03 9.582533e+03
16.5 9.552484e+03 9.553587e+03 9.555420e+03 9.554317e+03
17.5 9.534931e+03 9.549372e+03 9.555573e+03 9.541132e+03
18.5 9.538633e+03 9.558788e+03 9.556243e+03 9.536088e+03
19.5 9.556105e+03 9.571308e+03 9.557007e+03 9.541804e+03
20.5 9.581164e+03 9.571260e+03 9.557639e+03 9.567543e+03
21.5 9.556380e+03 9.561208e+03 9.558074e+03 9.553246e+03
0.6 9.526129e+03 9.547245e+03 9.560409e+03 9.539292e+03
1.6 9.543945e+03 9.548780e+03 9.560958e+03 9.556124e+03
2.6 9.548874e+03 9.563849e+03 9.575482e+03 9.560507e+03
3.6 9.559187e+03 9.576239e+03 9.588732e+03 9.571679e+03
4.6 9.567830e+03 9.568261e+03 9.585479e+03 9.585048e+03
5.6 9.537038e+03 9.557806e+03 9.574316e+03 9.553547e+03
6.6 9.569778e+03 9.563744e+03 9.564833e+03 9.570867e+03
7.6 9.596594e+03 9.573899e+03 9.559156e+03 9.581850e+03
8.6 9.592989e+03 9.566821e+03 9.556365e+03 9.582533e+03
9.6 9.552484e+03 9.553587e+03 9.555420e+03 9.554317e+03
10.6 9.534931e+03 9.549372e+03 9.555573e+03 9.541132e+03
11.6 9.538633e+03 9.558788e+03 9.556243e+03 9.536088e+03
12.6 9.556105e+03 9.571308e+03 9.557007e+03 9.541804e+03
13.6 9.581164e+03 9.571260e+03 9.557639e+03 9.567543e+03
14.6 9.556380e+03 9.561208e+03 9.558074e+03 9.553246e+03
15.6 9.554079e+03 9.558779e+03 9.558335e+03 9.553635e+03
16.6 9.542896e+03 9.571072e+03 9.558477e+03 9.530301e+03
17.6 9.547964e+03 9.577450e+03 9.558547e+03 9.529061e+03
18.6 9.560735e+03 9.568120e+03 9.558579e+03 9.551195e+03
19.6 9.568051e+03 9.560736e+03 9.558594e+03 9.565909e+03
20.6 9.582127e+03 9.565377e+03 9.558599e+03 9.575349e+03
21.6 9.574971e+03 9.564278e+03 9.558602e+03 9.569295e+03
0.1 9.601325e+03 9.585682e+03 9.558603e+03 9.574246e+03
1.1 9.587290e+03 9.578736e+03 9.559274e+03 9.567828e+03
2.1 9.593920e+03 9.572859e+03 9.568314e+03 9.589375e+03
3.1 9.590910e+03 9.573702e+03 9.580533e+03 9.597742e+03
4.1 9.571480e+03 9.565717e+03 9.580234e+03 9.585998e+03
5.1 9.545958e+03 9.554417e+03 9.572230e+03 9.563771e+03
6.1 9.528124e+03 9.547073e+03 9.564730e+03 9.545781e+03
7.1 9.540045e+03 9.544167e+03 9.560031e+03 9.555910e+03
8.1 9.542743e+03 9.550398e+03 9.557589e+03 9.549933e+03
9.1 9.549352e+03 9.569029e+03 9.556611e+03 9.536933e+03
10.1 9.560891e+03 9.584871e+03 9.556532e+03 9.532552e+03
11.1 9.570212e+03 9.580815e+03 9.556914e+03 9.546311e+03
12.1 9.586275e+03 9.566000e+03 9.557427e+03 9.577702e+03
