0.8 9.948237e+03 9.960079e+03 9.959857e+03 9.948014e+03
1.8 9.957663e+03 9.956147e+03 9.965373e+03 9.966889e+03
2.8 9.987498e+03 9.965041e+03 9.980881e+03 1.000334e+04
3.8 1.001376e+04 9.975276e+03 9.989969e+03 1.002846e+04
4.8 1.000970e+04 9.979688e+03 9.984084e+03 1.001409e+04
5.8 9.975966e+03 9.971603e+03 9.973644e+03 9.978007e+03
6.8 9.949296e+03 9.965154e+03 9.972489e+03 9.956631e+03
7.8 9.963102e+03 9.966742e+03 9.979101e+03 9.975462e+03
8.8 9.963195e+03 9.965021e+03 9.977509e+03 9.975683e+03
9.8 9.959403e+03 9.960354e+03 9.972963e+03 9.972012e+03
10.8 9.947834e+03 9.965303e+03 9.979993e+03 9.962523e+03
11.8 9.970363e+03 9.974260e+03 9.988815e+03 9.984918e+03
12.8 1.000100e+04 9.980283e+03 9.984465e+03 1.000519e+04
13.8 9.990990e+03 9.977819e+03 9.973430e+03 9.986601e+03
14.8 9.961374e+03 9.971293e+03 9.964366e+03 9.954448e+03
15.8 9.969897e+03 9.965971e+03 9.959194e+03 9.963121e+03
16.8 9.974737e+03 9.967933e+03 9.956876e+03 9.963681e+03
17.8 9.956994e+03 9.970057e+03 9.956275e+03 9.943213e+03
18.8 9.962493e+03 9.971792e+03 9.956621e+03 9.947322e+03
19.8 9.981814e+03 9.972558e+03 9.957368e+03 9.966624e+03
20.8 1.000574e+04 9.974867e+03 9.958149e+03 9.989021e+03
21.8 9.992391e+03 9.971540e+03 9.958774e+03 9.979624e+03
1.0 9.975966e+03 9.971603e+03 9.973644e+03 9.978007e+03
2.0 9.949296e+03 9.965154e+03 9.972489e+03 9.956631e+03
3.0 9.963102e+03 9.966742e+03 9.979101e+03 9.975462e+03
4.0 9.963195e+03 9.965021e+03 9.977509e+03 9.975683e+03
5.0 9.959403e+03 9.960354e+03 9.972963e+03 9.972012e+03
6.0 9.947834e+03 9.965303e+03 9.979993e+03 9.962523e+03
7.0 9.970363e+03 9.974260e+03 9.988815e+03 9.984918e+03
8.0 1.000100e+04 9.980283e+03 9.984465e+03 1.000519e+04
9.0 9.990990e+03 9.977819e+03 9.973430e+03 9.986601e+03
10.0 9.961374e+03 9.971293e+03 9.964366e+03 9.954448e+03
11.0 9.969897e+03 9.965971e+03 9.959194e+03 9.963121e+03
12.0 9.974737e+03 9.967933e+03 9.956876e+03 9.963681e+03
13.0 9.956994e+03 9.970057e+03 9.956275e+03 9.943213e+03
14.0 9.962493e+03 9.971792e+03 9.956621e+03 9.947322e+03
15.0 9.981814e+03 9.972558e+03 9.957368e+03 9.966624e+03
16.0 1.000574e+04 9.974867e+03 9.958149e+03 9.989021e+03
17.0 9.992391e+03 9.971540e+03 9.958774e+03 9.979624e+03
18.0 9.962729e+03 9.965600e+03 9.959196e+03 9.956325e+03
19.0 9.952514e+03 9.965375e+03 9.959448e+03 9.946587e+03
20.0 9.972429e+03 9.967255e+03 9.959584e+03 9.964759e+03
21.0 9.989259e+03 9.971407e+03 9.959652e+03 9.977504e+03
22.0 9.982002e+03 9.967571e+03 9.959683e+03 9.974114e+03
0.5 9.963195e+03 9.965021e+03 9.977509e+03 9.975683e+03
1.5 9.959403e+03 9.960354e+03 9.972963e+03 9.972012e+03
2.5 9.947834e+03 9.965303e+03 9.979993e+03 9.962523e+03
3.5 9.970363e+03 9.974260e+03 9.988815e+03 9.984918e+03
4.5 1.000100e+04 9.980283e+03 9.984465e+03 1.000519e+04
5.5 9.990990e+03 9.977819e+03 9.973430e+03 9.986601e+03
6.5 9.961374e+03 9.971293e+03 9.964366e+03 9.954448e+03
7.5 9.969897e+03 9.965971e+03 9.959194e+03 9.963121e+03
8.5 9.974737e+03 9.967933e+03 9.956876e+03 9.963681e+03
9.5 9.956994e+03 9.970057e+03 9.956275e+03 9.943213e+03
10.5 9.962493e+03 9.971792e+03 9.956621e+03 9.947322e+03
11.5 9.981814e+03 9.972558e+03 9.957368e+03 9.966624e+03
12.5 1.000574e+04 9.974867e+03 9.958149e+03 9.989021e+03
13.5 9.992391e+03 9.971540e+03 9.958774e+03 9.979624e+03
14.5 9.962729e+03 9.965600e+03 9.959196e+03 9.956325e+03
15.5 9.952514e+03 9.965375e+03 9.959448e+03 9.946587e+03
16.5 9.972429e+03 9.967255e+03 9.959584e+03 9.964759e+03
17.5 9.989259e+03 9.971407e+03 9.959652e+03 9.977504e+03
18.5 9.982002e+03 9.967571e+03 9.959683e+03 9.974114e+03
19.5 9.962333e+03 9.956703e+03 9.959697e+03 9.965327e+03
20.5 9.937068e+03 9.947024e+03 9.959702e+03 9.949746e+03
21.5 9.948290e+03 9.941701e+03 9.959705e+03 9.966294e+03
1.0 9.944557e+03 9.945925e+03 9.960234e+03 9.958866e+03
2.0 9.954146e+03 9.949265e+03 9.968053e+03 9.972935e+03
3.0 9.970158e+03 9.959410e+03 9.979205e+03 9.989953e+03
4.0 9.986060e+03 9.962714e+03 9.979263e+03 1.000261e+04
5.0 9.995702e+03 9.957916e+03 9.972450e+03 1.001024e+04
6.0 9.996276e+03 9.957219e+03 9.972418e+03 1.001148e+04
7.0 9.991761e+03 9.967689e+03 9.984134e+03 1.000821e+04
8.0 9.979051e+03 9.973885e+03 9.989518e+03 9.994685e+03
9.0 9.962271e+03 9.969039e+03 9.981638e+03 9.974870e+03
10.0 9.948925e+03 9.958276e+03 9.970602e+03 9.961251e+03
11.0 9.961569e+03 9.948595e+03 9.962789e+03 9.975762e+03
12.0 9.976683e+03 9.942592e+03 9.958600e+03 9.992690e+03
13.0 9.969865e+03 9.939727e+03 9.956828e+03 9.986967e+03
14.0 9.958751e+03 9.938873e+03 9.956501e+03 9.976379e+03
15.0 9.951278e+03 9.940719e+03 9.956953e+03 9.967512e+03
16.0 9.950062e+03 9.953394e+03 9.957693e+03 9.954361e+03
17.0 9.958029e+03 9.971213e+03 9.958406e+03 9.945222e+03
18.0 9.986883e+03 9.982822e+03 9.958949e+03 9.963010e+03
19.0 9.984946e+03 9.983487e+03 9.959302e+03 9.960761e+03
20.0 9.968812e+03 9.976396e+03 9.959506e+03 9.951922e+03
21.0 9.975421e+03 9.974075e+03 9.959614e+03 9.960960e+03
22.0 9.972675e+03 9.970723e+03 9.959666e+03 9.961617e+03
0.9 9.995702e+03 9.957916e+03 9.972450e+03 1.001024e+04
1.9 9.996276e+03 9.957219e+03 9.972418e+03 1.001148e+04
2.9 9.991761e+03 9.967689e+03 9.984134e+03 1.000821e+04
3.9 9.979051e+03 9.973885e+03 9.989518e+03 9.994685e+03
4.9 9.962271e+03 9.969039e+03 9.981638e+03 9.974870e+03
5.9 9.948925e+03 9.958276e+03 9.970602e+03 9.961251e+03
6.9 9.961569e+03 9.948595e+03 9.962789e+03 9.975762e+03
7.9 9.976683e+03 9.942592e+03 9.958600e+03 9.992690e+03
8.9 9.969865e+03 9.939727e+03 9.956828e+03 9.986967e+03
9.9 9.958751e+03 9.938873e+03 9.956501e+03 9.976379e+03
10.9 9.951278e+03 9.940719e+03 9.956953e+03 9.967512e+03
11.9 9.950062e+03 9.953394e+03 9.957693e+03 9.954361e+03
12.9 9.958029e+03 9.971213e+03 9.958406e+03 9.945222e+03
13.9 9.986883e+03 9.982822e+03 9.958949e+03 9.963010e+03
14.9 9.984946e+03 9.983487e+03 9.959302e+03 9.960761e+03
15.9 9.968812e+03 9.976396e+03 9.959506e+03 9.951922e+03
16.9 9.975421e+03 9.974075e+03 9.959614e+03 9.960960e+03
17.9 9.972675e+03 9.970723e+03 9.959666e+03 9.961617e+03
18.9 9.975954e+03 9.967018e+03 9.959689e+03 9.968625e+03
19.9 9.961503e+03 9.967260e+03 9.959699e+03 9.953943e+03
20.9 9.975630e+03 9.969161e+03 9.959703e+03 9.966172e+03
21.9 9.992414e+03 9.972429e+03 9.959705e+03 9.979691e+03
0.6 9.970763e+03 9.971405e+03 9.959747e+03 9.959105e+03
1.6 9.958013e+03 9.964946e+03 9.963587e+03 9.956654e+03
2.6 9.969014e+03 9.966636e+03 9.975643e+03 9.978022e+03
3.6 1.000238e+04 9.973417e+03 9.980626e+03 1.000959e+04
4.6 9.980030e+03 9.973862e+03 9.975261e+03 9.981430e+03
5.6 9.955378e+03 9.963398e+03 9.967798e+03 9.959778e+03
6.6 9.928213e+03 9.951478e+03 9.962499e+03 9.939234e+03
7.6 9.935823e+03 9.943599e+03 9.959538e+03 9.951762e+03
8.6 9.931150e+03 9.939714e+03 9.958169e+03 9.949605e+03
9.6 9.969352e+03 9.940651e+03 9.957806e+03 9.986507e+03
10.6 1.000846e+04 9.952700e+03 9.958014e+03 1.001377e+04
11.6 1.000438e+04 9.963757e+03 9.958453e+03 9.999076e+03
12.6 9.967481e+03 9.964077e+03 9.958894e+03 9.962297e+03
13.6 9.936697e+03 9.956890e+03 9.959233e+03 9.939041e+03
14.6 9.920648e+03 9.949366e+03 9.959455e+03 9.930736e+03
15.6 9.934925e+03 9.948431e+03 9.959582e+03 9.946076e+03
16.6 9.943002e+03 9.956164e+03 9.959649e+03 9.946487e+03
17.6 9.969016e+03 9.965572e+03 9.959681e+03 9.963125e+03
18.6 9.983429e+03 9.972272e+03 9.959695e+03 9.970852e+03
19.6 9.955270e+03 9.966938e+03 9.959702e+03 9.948033e+03
20.6 9.931771e+03 9.956030e+03 9.959704e+03 9.935445e+03
21.6 9.926223e+03 9.947206e+03 9.959706e+03 9.938722e+03
0.3 9.928408e+03 9.939777e+03 9.959706e+03 9.948337e+03
1.3 9.944207e+03 9.940634e+03 9.961172e+03 9.964745e+03
2.3 9.959046e+03 9.952080e+03 9.972276e+03 9.979242e+03
3.3 9.959175e+03 9.970829e+03 9.990284e+03 9.978631e+03
4.3 9.970538e+03 9.982963e+03 9.998269e+03 9.985845e+03
5.3 9.977018e+03 9.987061e+03 9.989673e+03 9.979630e+03
6.3 9.949079e+03 9.983229e+03 9.975994e+03 9.941845e+03
7.3 9.936014e+03 9.978514e+03 9.965585e+03 9.923085e+03
8.3 9.959916e+03 9.974600e+03 9.959600e+03 9.944916e+03
9.3 1.001837e+04 9.974798e+03 9.956815e+03 1.000038e+04
10.3 1.001512e+04 9.973214e+03 9.956044e+03 9.997946e+03
11.3 9.980493e+03 9.970502e+03 9.956405e+03 9.966396e+03
12.3 9.960288e+03 9.971929e+03 9.957231e+03 9.945589e+03
13.3 9.939370e+03 9.969271e+03 9.958081e+03 9.928181e+03
14.3 9.937995e+03 9.966316e+03 9.958748e+03 9.930427e+03
15.3 9.948377e+03 9.968560e+03 9.959190e+03 9.939007e+03
16.3 9.974282e+03 9.969416e+03 9.959449e+03 9.964315e+03
17.3 9.962897e+03 9.960980e+03 9.959586e+03 9.961503e+03
18.3 9.953895e+03 9.955945e+03 9.959653e+03 9.957604e+03
19.3 9.951579e+03 9.965383e+03 9.959684e+03 9.945880e+03
20.3 9.960733e+03 9.976436e+03 9.959697e+03 9.943994e+03
21.3 9.968303e+03 9.981099e+03 9.959744e+03 9.946949e+03
0.6 9.968303e+03 9.981099e+03 9.959744e+03 9.946949e+03
1.6 9.966834e+03 9.976348e+03 9.963587e+03 9.954073e+03
2.6 9.967079e+03 9.974371e+03 9.975643e+03 9.968351e+03
3.6 9.972359e+03 9.970939e+03 9.980627e+03 9.982047e+03
4.6 9.952144e+03 9.963223e+03 9.976341e+03 9.965263e+03
5.6 9.948810e+03 9.962089e+03 9.978449e+03 9.965170e+03
6.6 9.961389e+03 9.965568e+03 9.983303e+03 9.979123e+03
7.6 9.967351e+03 9.963377e+03 9.978659e+03 9.982633e+03
8.6 9.955942e+03 9.955379e+03 9.969700e+03 9.970263e+03
9.6 9.944568e+03 9.947220e+03 9.962748e+03 9.960096e+03
10.6 9.950505e+03 9.942024e+03 9.958946e+03 9.967427e+03
11.6 9.961522e+03 9.939619e+03 9.957345e+03 9.979247e+03
12.6 9.962045e+03 9.938979e+03 9.957017e+03 9.980083e+03
13.6 9.956773e+03 9.939288e+03 9.957359e+03 9.974844e+03
14.6 9.950541e+03 9.940109e+03 9.957961e+03 9.968392e+03
15.6 9.949586e+03 9.943478e+03 9.958559e+03 9.964666e+03
16.6 9.949869e+03 9.950866e+03 9.959026e+03 9.958028e+03
17.6 9.954928e+03 9.957833e+03 9.959337e+03 9.956432e+03
18.6 9.972916e+03 9.966821e+03 9.959521e+03 9.965615e+03
19.6 9.981317e+03 9.973781e+03 9.959619e+03 9.967155e+03
20.6 9.964298e+03 9.977058e+03 9.959667e+03 9.946908e+03
21.6 9.957733e+03 9.977448e+03 9.959690e+03 9.939975e+03
0.2 9.972359e+03 9.970939e+03 9.980627e+03 9.982047e+03
1.2 9.952144e+03 9.963223e+03 9.976341e+03 9.965263e+03
2.2 9.948810e+03 9.962089e+03 9.978449e+03 9.965170e+03
3.2 9.961389e+03 9.965568e+03 9.983303e+03 9.979123e+03
4.2 9.967351e+03 9.963377e+03 9.978659e+03 9.982633e+03
5.2 9.955942e+03 9.955379e+03 9.969700e+03 9.970263e+03
6.2 9.944568e+03 9.947220e+03 9.962748e+03 9.960096e+03
7.2 9.950505e+03 9.942024e+03 9.958946e+03 9.967427e+03
8.2 9.961522e+03 9.939619e+03 9.957345e+03 9.979247e+03
9.2 9.962045e+03 9.938979e+03 9.957017e+03 9.980083e+03
10.2 9.956773e+03 9.939288e+03 9.957359e+03 9.974844e+03
11.2 9.950541e+03 9.940109e+03 9.957961e+03 9.968392e+03
12.2 9.949586e+03 9.943478e+03 9.958559e+03 9.964666e+03
13.2 9.949869e+03 9.950866e+03 9.959026e+03 9.958028e+03
14.2 9.954928e+03 9.957833e+03 9.959337e+03 9.956432e+03
15.2 9.972916e+03 9.966821e+03 9.959521e+03 9.965615e+03
16.2 9.981317e+03 9.973781e+03 9.959619e+03 9.967155e+03
17.2 9.964298e+03 9.977058e+03 9.959667e+03 9.946908e+03
18.2 9.957733e+03 9.977448e+03 9.959690e+03 9.939975e+03
19.2 9.972248e+03 9.978375e+03 9.959699e+03 9.953573e+03
20.2 9.986871e+03 9.974408e+03 9.959703e+03 9.972167e+03
21.2 9.968913e+03 9.962205e+03 9.959705e+03 9.966413e+03
0.7 9.971053e+03 9.956542e+03 9.959789e+03 9.974299e+03
1.7 9.991087e+03 9.959046e+03 9.964438e+03 9.996479e+03
2.7 9.984380e+03 9.969576e+03 9.979941e+03 9.994746e+03
3.7 9.962290e+03 9.981157e+03 9.995751e+03 9.976884e+03
4.7 9.968287e+03 9.986377e+03 9.995584e+03 9.977494e+03
5.7 9.959109e+03 9.982434e+03 9.983230e+03 9.959905e+03
6.7 9.964837e+03 9.968182e+03 9.970639e+03 9.967293e+03
7.7 9.957697e+03 9.953448e+03 9.962394e+03 9.966643e+03
8.7 9.954965e+03 9.943783e+03 9.958057e+03 9.969239e+03
9.7 9.944091e+03 9.940782e+03 9.956317e+03 9.959626e+03
10.7 9.949529e+03 9.947930e+03 9.956149e+03 9.957748e+03
11.7 9.969538e+03 9.958739e+03 9.956780e+03 9.967579e+03
12.7 9.988230e+03 9.969499e+03 9.957648e+03 9.976379e+03
13.7 9.963720e+03 9.970168e+03 9.958422e+03 9.951975e+03
14.7 9.937156e+03 9.960766e+03 9.958981e+03 9.935371e+03
15.7 9.934441e+03 9.950679e+03 9.959329e+03 9.943092e+03
16.7 9.944352e+03 9.946399e+03 9.959524e+03 9.957477e+03
17.7 9.940787e+03 9.952372e+03 9.959623e+03 9.948039e+03
18.7 9.954832e+03 9.959780e+03 9.959670e+03 9.954722e+03
19.7 9.953988e+03 9.960997e+03 9.959691e+03 9.952682e+03
20.7 9.938289e+03 9.958899e+03 9.959700e+03 9.939091e+03
21.7 9.952600e+03 9.966391e+03 9.959704e+03 9.945913e+03
