0.3 9.391327e+03 9.430421e+03 9.438090e+03 9.398996e+03
1.3 9.417080e+03 9.439528e+03 9.437431e+03 9.414983e+03
2.3 9.438814e+03 9.439354e+03 9.432089e+03 9.431548e+03
3.3 9.433224e+03 9.428548e+03 9.423157e+03 9.427833e+03
4.3 9.424800e+03 9.422977e+03 9.418948e+03 9.420771e+03
5.3 9.434689e+03 9.432568e+03 9.423041e+03 9.425162e+03
6.3 9.432770e+03 9.440593e+03 9.429831e+03 9.422008e+03
7.3 9.420114e+03 9.439419e+03 9.435059e+03 9.415754e+03
8.3 9.416002e+03 9.431724e+03 9.438083e+03 9.422361e+03
9.3 9.421483e+03 9.428968e+03 9.439500e+03 9.432014e+03
10.3 9.468329e+03 9.437876e+03 9.439904e+03 9.470357e+03
11.3 9.468324e+03 9.441840e+03 9.439736e+03 9.466220e+03
12.3 9.429285e+03 9.436346e+03 9.439330e+03 9.432269e+03
13.3 9.403766e+03 9.437459e+03 9.438906e+03 9.405213e+03
14.3 9.409429e+03 9.443949e+03 9.438572e+03 9.404052e+03
15.3 9.426422e+03 9.444356e+03 9.438350e+03 9.420417e+03
16.3 9.446094e+03 9.442149e+03 9.438220e+03 9.442165e+03
17.3 9.466662e+03 9.442500e+03 9.438150e+03 9.462313e+03
18.3 9.479342e+03 9.445827e+03 9.438116e+03 9.471632e+03
19.3 9.483012e+03 9.451643e+03 9.438101e+03 9.469471e+03
20.3 9.471447e+03 9.450530e+03 9.438094e+03 9.459011e+03
21.3 9.447986e+03 9.446073e+03 9.438091e+03 9.440004e+03
1.0 9.439516e+03 9.434625e+03 9.437891e+03 9.442782e+03
2.0 9.430562e+03 9.437786e+03 9.434216e+03 9.426992e+03
3.0 9.413694e+03 9.429163e+03 9.425669e+03 9.410200e+03
4.0 9.419992e+03 9.421123e+03 9.419345e+03 9.418214e+03
5.0 9.455550e+03 9.428628e+03 9.421568e+03 9.448489e+03
6.0 9.475727e+03 9.438861e+03 9.428180e+03 9.465046e+03
7.0 9.452630e+03 9.439627e+03 9.433937e+03 9.446940e+03
8.0 9.435330e+03 9.434665e+03 9.437467e+03 9.438133e+03
9.0 9.443847e+03 9.432540e+03 9.439229e+03 9.450536e+03
10.0 9.456620e+03 9.440486e+03 9.439849e+03 9.455983e+03
11.0 9.474313e+03 9.445705e+03 9.439798e+03 9.468406e+03
12.0 9.466806e+03 9.443801e+03 9.439432e+03 9.462437e+03
13.0 9.438308e+03 9.439960e+03 9.439003e+03 9.437351e+03
14.0 9.436574e+03 9.437210e+03 9.438644e+03 9.438008e+03
15.0 9.447986e+03 9.437822e+03 9.438396e+03 9.448560e+03
16.0 9.453385e+03 9.442232e+03 9.438246e+03 9.449398e+03
17.0 9.454298e+03 9.439963e+03 9.438164e+03 9.452498e+03
18.0 9.439909e+03 9.429064e+03 9.438123e+03 9.448968e+03
19.0 9.430591e+03 9.424720e+03 9.438104e+03 9.443975e+03
20.0 9.428322e+03 9.425452e+03 9.438095e+03 9.440966e+03
21.0 9.434425e+03 9.426140e+03 9.438092e+03 9.446377e+03
22.0 9.445416e+03 9.433157e+03 9.438090e+03 9.450349e+03
0.1 9.432411e+03 9.426481e+03 9.438090e+03 9.444020e+03
1.1 9.421302e+03 9.435188e+03 9.437661e+03 9.423775e+03
2.1 9.429916e+03 9.437246e+03 9.433217e+03 9.425886e+03
3.1 9.436561e+03 9.434210e+03 9.428101e+03 9.430452e+03
4.1 9.445670e+03 9.440400e+03 9.428703e+03 9.433973e+03
5.1 9.436435e+03 9.444392e+03 9.432352e+03 9.424395e+03
6.1 9.422849e+03 9.442477e+03 9.435592e+03 9.415964e+03
7.1 9.426706e+03 9.439089e+03 9.437581e+03 9.425198e+03
8.1 9.464758e+03 9.436629e+03 9.438600e+03 9.466729e+03
9.1 9.459726e+03 9.435149e+03 9.438992e+03 9.463569e+03
10.1 9.421438e+03 9.432084e+03 9.439002e+03 9.428357e+03
11.1 9.399486e+03 9.426019e+03 9.438822e+03 9.412290e+03
12.1 9.410626e+03 9.427015e+03 9.438594e+03 9.422205e+03
13.1 9.430112e+03 9.437625e+03 9.438336e+03 9.430824e+03
14.1 9.433018e+03 9.440234e+03 9.435630e+03 9.428414e+03
15.1 9.430309e+03 9.433741e+03 9.429535e+03 9.426103e+03
16.1 9.436898e+03 9.436628e+03 9.427911e+03 9.428181e+03
17.1 9.441244e+03 9.443153e+03 9.430941e+03 9.429033e+03
18.1 9.438534e+03 9.444135e+03 9.434540e+03 9.428939e+03
19.1 9.462639e+03 9.444124e+03 9.436980e+03 9.455495e+03
20.1 9.491016e+03 9.448713e+03 9.438312e+03 9.480614e+03
21.1 9.474450e+03 9.452318e+03 9.438903e+03 9.461035e+03
0.8 9.430112e+03 9.437625e+03 9.438336e+03 9.430824e+03
1.8 9.433018e+03 9.440234e+03 9.435630e+03 9.428414e+03
2.8 9.430309e+03 9.433741e+03 9.429535e+03 9.426103e+03
3.8 9.436898e+03 9.436628e+03 9.427911e+03 9.428181e+03
4.8 9.441244e+03 9.443153e+03 9.430941e+03 9.429033e+03
5.8 9.438534e+03 9.444135e+03 9.434540e+03 9.428939e+03
6.8 9.462639e+03 9.444124e+03 9.436980e+03 9.455495e+03
7.8 9.491016e+03 9.448713e+03 9.438312e+03 9.480614e+03
8.8 9.474450e+03 9.452318e+03 9.438903e+03 9.461035e+03
9.8 9.452271e+03 9.448391e+03 9.439030e+03 9.442910e+03
10.8 9.431316e+03 9.442012e+03 9.438901e+03 9.428206e+03
11.8 9.435985e+03 9.437286e+03 9.438678e+03 9.437377e+03
12.8 9.436839e+03 9.434704e+03 9.438465e+03 9.440600e+03
13.8 9.467113e+03 9.434294e+03 9.438305e+03 9.471124e+03
14.8 9.496783e+03 9.437657e+03 9.438203e+03 9.497329e+03
15.8 9.465242e+03 9.435601e+03 9.438145e+03 9.467786e+03
16.8 9.424397e+03 9.426434e+03 9.438115e+03 9.436077e+03
17.8 9.405921e+03 9.424005e+03 9.438101e+03 9.420017e+03
18.8 9.409361e+03 9.427156e+03 9.437968e+03 9.420173e+03
19.8 9.430754e+03 9.427745e+03 9.434771e+03 9.437780e+03
20.8 9.427608e+03 9.422470e+03 9.426924e+03 9.432062e+03
21.8 9.431561e+03 9.423889e+03 9.423083e+03 9.430755e+03
0.9 9.409361e+03 9.427156e+03 9.437968e+03 9.420173e+03
1.9 9.430754e+03 9.427745e+03 9.434771e+03 9.437780e+03
2.9 9.427608e+03 9.422470e+03 9.426924e+03 9.432062e+03
3.9 9.431561e+03 9.423889e+03 9.423083e+03 9.430755e+03
4.9 9.442792e+03 9.435931e+03 9.426444e+03 9.433305e+03
5.9 9.429122e+03 9.442477e+03 9.431803e+03 9.418448e+03
6.9 9.405134e+03 9.442038e+03 9.435804e+03 9.398900e+03
7.9 9.404063e+03 9.439667e+03 9.438090e+03 9.402487e+03
8.9 9.401158e+03 9.437673e+03 9.439165e+03 9.402650e+03
9.9 9.410002e+03 9.436304e+03 9.439473e+03 9.413171e+03
10.9 9.423513e+03 9.435765e+03 9.439344e+03 9.427092e+03
11.9 9.445185e+03 9.437842e+03 9.439032e+03 9.446375e+03
12.9 9.442222e+03 9.441813e+03 9.438708e+03 9.439117e+03
13.9 9.441971e+03 9.446065e+03 9.438453e+03 9.434359e+03
14.9 9.433600e+03 9.452217e+03 9.438285e+03 9.419667e+03
15.9 9.409415e+03 9.450051e+03 9.438187e+03 9.397551e+03
16.9 9.400140e+03 9.440594e+03 9.438135e+03 9.397681e+03
17.9 9.415115e+03 9.434403e+03 9.438109e+03 9.418821e+03
18.9 9.476134e+03 9.439827e+03 9.438098e+03 9.474405e+03
19.9 9.489262e+03 9.442585e+03 9.438093e+03 9.484770e+03
20.9 9.442752e+03 9.440116e+03 9.438091e+03 9.440727e+03
21.9 9.416353e+03 9.444506e+03 9.438078e+03 9.409925e+03
0.6 9.416353e+03 9.444506e+03 9.438078e+03 9.409925e+03
1.6 9.403352e+03 9.445336e+03 9.436414e+03 9.394430e+03
2.6 9.408651e+03 9.436352e+03 9.430509e+03 9.402808e+03
3.6 9.417111e+03 9.434814e+03 9.427684e+03 9.409980e+03
4.6 9.446738e+03 9.441053e+03 9.430160e+03 9.435845e+03
5.6 9.449129e+03 9.442255e+03 9.433887e+03 9.440761e+03
6.6 9.439781e+03 9.441305e+03 9.436589e+03 9.435065e+03
7.6 9.426044e+03 9.443830e+03 9.438114e+03 9.420328e+03
8.6 9.429679e+03 9.448362e+03 9.438829e+03 9.420146e+03
9.6 9.447725e+03 9.454016e+03 9.439031e+03 9.432741e+03
10.6 9.461018e+03 9.453105e+03 9.438939e+03 9.446852e+03
11.6 9.462852e+03 9.448580e+03 9.438724e+03 9.452996e+03
12.6 9.443738e+03 9.436798e+03 9.438504e+03 9.445444e+03
13.6 9.418737e+03 9.425052e+03 9.438332e+03 9.432017e+03
14.6 9.420204e+03 9.425234e+03 9.438219e+03 9.433189e+03
15.6 9.418911e+03 9.427985e+03 9.438154e+03 9.429080e+03
16.6 9.417066e+03 9.422492e+03 9.438119e+03 9.432693e+03
17.6 9.415443e+03 9.421132e+03 9.438103e+03 9.432413e+03
18.6 9.423235e+03 9.425670e+03 9.438095e+03 9.435660e+03
19.6 9.442038e+03 9.430719e+03 9.438092e+03 9.449411e+03
20.6 9.458678e+03 9.433980e+03 9.438091e+03 9.462788e+03
21.6 9.464399e+03 9.435643e+03 9.438090e+03 9.466845e+03
0.9 9.440659e+03 9.430164e+03 9.437983e+03 9.448478e+03
1.9 9.438502e+03 9.437556e+03 9.434944e+03 9.435890e+03
2.9 9.416202e+03 9.431637e+03 9.426724e+03 9.411290e+03
3.9 9.415934e+03 9.423027e+03 9.419652e+03 9.412559e+03
4.9 9.433883e+03 9.428694e+03 9.420960e+03 9.426149e+03
5.9 9.444591e+03 9.439318e+03 9.427406e+03 9.432679e+03
6.9 9.427982e+03 9.442285e+03 9.433393e+03 9.419090e+03
7.9 9.409639e+03 9.440567e+03 9.437166e+03 9.406238e+03
8.9 9.407863e+03 9.438898e+03 9.439096e+03 9.408060e+03
9.9 9.432266e+03 9.440778e+03 9.439820e+03 9.431308e+03
10.9 9.460610e+03 9.438501e+03 9.439825e+03 9.461935e+03
11.9 9.453359e+03 9.428320e+03 9.439481e+03 9.464520e+03
12.9 9.412432e+03 9.426479e+03 9.439050e+03 9.425004e+03
13.9 9.399946e+03 9.434160e+03 9.438680e+03 9.404466e+03
14.9 9.402124e+03 9.446116e+03 9.438419e+03 9.394428e+03
15.9 9.400811e+03 9.451342e+03 9.438259e+03 9.387728e+03
16.9 9.398084e+03 9.447782e+03 9.438170e+03 9.388472e+03
17.9 9.423789e+03 9.442787e+03 9.438126e+03 9.419128e+03
18.9 9.441422e+03 9.442286e+03 9.438105e+03 9.437241e+03
19.9 9.433544e+03 9.446762e+03 9.438096e+03 9.424877e+03
20.9 9.419531e+03 9.452164e+03 9.438092e+03 9.405458e+03
21.9 9.407994e+03 9.449279e+03 9.438090e+03 9.396806e+03
0.5 9.448702e+03 9.439801e+03 9.438085e+03 9.446986e+03
1.5 9.438763e+03 9.435068e+03 9.436750e+03 9.440445e+03
2.5 9.422595e+03 9.426698e+03 9.430190e+03 9.426087e+03
3.5 9.415954e+03 9.420407e+03 9.423459e+03 9.419006e+03
4.5 9.423538e+03 9.428829e+03 9.424271e+03 9.418980e+03
5.5 9.430211e+03 9.438889e+03 9.429503e+03 9.420825e+03
6.5 9.425526e+03 9.441179e+03 9.434303e+03 9.418650e+03
7.5 9.428817e+03 9.439609e+03 9.437286e+03 9.426495e+03
8.5 9.429316e+03 9.435985e+03 9.437042e+03 9.430373e+03
9.5 9.415307e+03 9.427603e+03 9.430579e+03 9.418283e+03
10.5 9.421443e+03 9.418755e+03 9.424684e+03 9.427372e+03
11.5 9.407421e+03 9.411151e+03 9.426131e+03 9.422401e+03
12.5 9.394420e+03 9.413471e+03 9.431098e+03 9.412048e+03
13.5 9.403890e+03 9.426164e+03 9.435318e+03 9.413044e+03
14.5 9.445542e+03 9.437413e+03 9.437844e+03 9.445973e+03
15.5 9.440090e+03 9.433635e+03 9.439086e+03 9.445540e+03
16.5 9.418809e+03 9.427728e+03 9.439506e+03 9.430588e+03
17.5 9.396183e+03 9.427014e+03 9.439438e+03 9.408607e+03
18.5 9.393603e+03 9.424660e+03 9.439140e+03 9.408083e+03
19.5 9.405726e+03 9.421159e+03 9.438800e+03 9.423368e+03
20.5 9.425775e+03 9.427453e+03 9.438519e+03 9.436841e+03
21.5 9.454489e+03 9.439609e+03 9.438325e+03 9.453205e+03
0.6 9.428817e+03 9.439609e+03 9.437286e+03 9.426495e+03
1.6 9.429316e+03 9.435985e+03 9.437042e+03 9.430373e+03
2.6 9.415307e+03 9.427603e+03 9.430579e+03 9.418283e+03
3.6 9.421443e+03 9.418755e+03 9.424684e+03 9.427372e+03
4.6 9.407421e+03 9.411151e+03 9.426131e+03 9.422401e+03
5.6 9.394420e+03 9.413471e+03 9.431098e+03 9.412048e+03
6.6 9.403890e+03 9.426164e+03 9.435318e+03 9.413044e+03
7.6 9.445542e+03 9.437413e+03 9.437844e+03 9.445973e+03
8.6 9.440090e+03 9.433635e+03 9.439086e+03 9.445540e+03
9.6 9.418809e+03 9.427728e+03 9.439506e+03 9.430588e+03
10.6 9.396183e+03 9.427014e+03 9.439438e+03 9.408607e+03
11.6 9.393603e+03 9.424660e+03 9.439140e+03 9.408083e+03
12.6 9.405726e+03 9.421159e+03 9.438800e+03 9.423368e+03
13.6 9.425775e+03 9.427453e+03 9.438519e+03 9.436841e+03
14.6 9.454489e+03 9.439609e+03 9.438325e+03 9.453205e+03
15.6 9.457224e+03 9.442806e+03 9.438209e+03 9.452627e+03
16.6 9.443951e+03 9.438245e+03 9.438146e+03 9.443852e+03
17.6 9.413724e+03 9.437336e+03 9.438115e+03 9.414503e+03
18.6 9.419191e+03 9.444559e+03 9.438100e+03 9.412732e+03
19.6 9.451331e+03 9.448168e+03 9.438094e+03 9.441256e+03
20.6 9.448067e+03 9.449248e+03 9.438091e+03 9.436910e+03
21.6 9.439012e+03 9.453268e+03 9.438090e+03 9.423834e+03
0.1 9.442493e+03 9.428557e+03 9.438090e+03 9.452026e+03
1.1 9.463645e+03 9.438225e+03 9.437791e+03 9.463211e+03
2.1 9.482423e+03 9.441221e+03 9.433769e+03 9.474971e+03
3.1 9.458350e+03 9.436843e+03 9.428332e+03 9.449839e+03
4.1 9.444779e+03 9.441438e+03 9.428465e+03 9.431806e+03
5.1 9.438978e+03 9.445109e+03 9.432026e+03 9.425895e+03
6.1 9.447753e+03 9.442967e+03 9.435364e+03 9.440149e+03
7.1 9.443990e+03 9.439225e+03 9.437454e+03 9.442219e+03
8.1 9.439686e+03 9.435361e+03 9.438541e+03 9.442866e+03
9.1 9.444385e+03 9.430775e+03 9.438976e+03 9.452586e+03
10.1 9.446105e+03 9.428156e+03 9.439011e+03 9.456960e+03
11.1 9.442662e+03 9.435492e+03 9.438841e+03 9.446011e+03
12.1 9.445450e+03 9.443696e+03 9.438613e+03 9.440367e+03
