0.3 9.437677e+03 9.476987e+03 9.483712e+03 9.444402e+03
1.3 9.463642e+03 9.482933e+03 9.482641e+03 9.463349e+03
2.3 9.478911e+03 9.478303e+03 9.473956e+03 9.474564e+03
3.3 9.459001e+03 9.462880e+03 9.459435e+03 9.455555e+03
4.3 9.447427e+03 9.455325e+03 9.452592e+03 9.444693e+03
5.3 9.461068e+03 9.465857e+03 9.459246e+03 9.454458e+03
6.3 9.456934e+03 9.477767e+03 9.470286e+03 9.449453e+03
7.3 9.448287e+03 9.481576e+03 9.478785e+03 9.445496e+03
8.3 9.454881e+03 9.478231e+03 9.483701e+03 9.460351e+03
9.3 9.470061e+03 9.477069e+03 9.486005e+03 9.478996e+03
10.3 9.511241e+03 9.483837e+03 9.486662e+03 9.514066e+03
11.3 9.506940e+03 9.486785e+03 9.486389e+03 9.506544e+03
12.3 9.463784e+03 9.482412e+03 9.485728e+03 9.467100e+03
13.3 9.437884e+03 9.482759e+03 9.485039e+03 9.440164e+03
14.3 9.444921e+03 9.487347e+03 9.484497e+03 9.442071e+03
15.3 9.463050e+03 9.487931e+03 9.484135e+03 9.459254e+03
16.3 9.481551e+03 9.487697e+03 9.483923e+03 9.477776e+03
17.3 9.506038e+03 9.491108e+03 9.483810e+03 9.498741e+03
18.3 9.522372e+03 9.495215e+03 9.483755e+03 9.510912e+03
19.3 9.528957e+03 9.498010e+03 9.483730e+03 9.514676e+03
20.3 9.516463e+03 9.495125e+03 9.483719e+03 9.505057e+03
21.3 9.495007e+03 9.491795e+03 9.483714e+03 9.486927e+03
1.0 9.474340e+03 9.479124e+03 9.483389e+03 9.478605e+03
2.0 9.466185e+03 9.478394e+03 9.477414e+03 9.465206e+03
3.0 9.441333e+03 9.465046e+03 9.463519e+03 9.439807e+03
4.0 9.447444e+03 9.454034e+03 9.453238e+03 9.446648e+03
5.0 9.490179e+03 9.461560e+03 9.456851e+03 9.485470e+03
6.0 9.522202e+03 9.474916e+03 9.467601e+03 9.514887e+03
7.0 9.501433e+03 9.480554e+03 9.476961e+03 9.497840e+03
8.0 9.493565e+03 9.479796e+03 9.482700e+03 9.496468e+03
9.0 9.506057e+03 9.479590e+03 9.485564e+03 9.512031e+03
10.0 9.514480e+03 9.485858e+03 9.486572e+03 9.515194e+03
11.0 9.522763e+03 9.489877e+03 9.486489e+03 9.519375e+03
12.0 9.511495e+03 9.488619e+03 9.485895e+03 9.508771e+03
13.0 9.481702e+03 9.485810e+03 9.485197e+03 9.481089e+03
14.0 9.478478e+03 9.483741e+03 9.484613e+03 9.479350e+03
15.0 9.494809e+03 9.484994e+03 9.484210e+03 9.494025e+03
16.0 9.498725e+03 9.490276e+03 9.483965e+03 9.492414e+03
17.0 9.497728e+03 9.488188e+03 9.483832e+03 9.493372e+03
18.0 9.486193e+03 9.476563e+03 9.483765e+03 9.493396e+03
19.0 9.479528e+03 9.471587e+03 9.483735e+03 9.491675e+03
20.0 9.473532e+03 9.472207e+03 9.483721e+03 9.485046e+03
21.0 9.479417e+03 9.473064e+03 9.483715e+03 9.490069e+03
22.0 9.491244e+03 9.478458e+03 9.483713e+03 9.496499e+03
0.1 9.492359e+03 9.473561e+03 9.483712e+03 9.502510e+03
1.1 9.483458e+03 9.479708e+03 9.483014e+03 9.486765e+03
2.1 9.490597e+03 9.477738e+03 9.475789e+03 9.488648e+03
3.1 9.497644e+03 9.471420e+03 9.467473e+03 9.493697e+03
4.1 9.497223e+03 9.476541e+03 9.468452e+03 9.489134e+03
5.1 9.476477e+03 9.482835e+03 9.474384e+03 9.468026e+03
6.1 9.457449e+03 9.484584e+03 9.479651e+03 9.452516e+03
7.1 9.462400e+03 9.484091e+03 9.482885e+03 9.461194e+03
8.1 9.499887e+03 9.483303e+03 9.484541e+03 9.501125e+03
9.1 9.500396e+03 9.482588e+03 9.485179e+03 9.502987e+03
10.1 9.459380e+03 9.480084e+03 9.485195e+03 9.464491e+03
11.1 9.433063e+03 9.474818e+03 9.484903e+03 9.443147e+03
12.1 9.437928e+03 9.474829e+03 9.484532e+03 9.447632e+03
13.1 9.462350e+03 9.482250e+03 9.484112e+03 9.464213e+03
14.1 9.470181e+03 9.482115e+03 9.479714e+03 9.467780e+03
15.1 9.468528e+03 9.472393e+03 9.469804e+03 9.465939e+03
16.1 9.473504e+03 9.473113e+03 9.467164e+03 9.467555e+03
17.1 9.478909e+03 9.480571e+03 9.472090e+03 9.470428e+03
18.1 9.482631e+03 9.485427e+03 9.477941e+03 9.475145e+03
19.1 9.506871e+03 9.490101e+03 9.481908e+03 9.498679e+03
20.1 9.546474e+03 9.495459e+03 9.484072e+03 9.535087e+03
21.1 9.530025e+03 9.497382e+03 9.485034e+03 9.517677e+03
0.8 9.462350e+03 9.482250e+03 9.484112e+03 9.464213e+03
1.8 9.470181e+03 9.482115e+03 9.479714e+03 9.467780e+03
2.8 9.468528e+03 9.472393e+03 9.469804e+03 9.465939e+03
3.8 9.473504e+03 9.473113e+03 9.467164e+03 9.467555e+03
4.8 9.478909e+03 9.480571e+03 9.472090e+03 9.470428e+03
5.8 9.482631e+03 9.485427e+03 9.477941e+03 9.475145e+03
6.8 9.506871e+03 9.490101e+03 9.481908e+03 9.498679e+03
7.8 9.546474e+03 9.495459e+03 9.484072e+03 9.535087e+03
8.8 9.530025e+03 9.497382e+03 9.485034e+03 9.517677e+03
9.8 9.501049e+03 9.493287e+03 9.485240e+03 9.493002e+03
10.8 9.488746e+03 9.487711e+03 9.485031e+03 9.486065e+03
11.8 9.496784e+03 9.483655e+03 9.484668e+03 9.497797e+03
12.8 9.497410e+03 9.481404e+03 9.484321e+03 9.500327e+03
13.8 9.525779e+03 9.481219e+03 9.484062e+03 9.528622e+03
14.8 9.545012e+03 9.485132e+03 9.483895e+03 9.543776e+03
15.8 9.511753e+03 9.483231e+03 9.483801e+03 9.512323e+03
16.8 9.473886e+03 9.473515e+03 9.483753e+03 9.484124e+03
17.8 9.462242e+03 9.470638e+03 9.483729e+03 9.475334e+03
18.8 9.465364e+03 9.473545e+03 9.483514e+03 9.475333e+03
19.8 9.485663e+03 9.472101e+03 9.478317e+03 9.491879e+03
20.8 9.486483e+03 9.461906e+03 9.465559e+03 9.490136e+03
21.8 9.484778e+03 9.459739e+03 9.459315e+03 9.484354e+03
0.9 9.465364e+03 9.473545e+03 9.483514e+03 9.475333e+03
1.9 9.485663e+03 9.472101e+03 9.478317e+03 9.491879e+03
2.9 9.486483e+03 9.461906e+03 9.465559e+03 9.490136e+03
3.9 9.484778e+03 9.459739e+03 9.459315e+03 9.484354e+03
4.9 9.484253e+03 9.471406e+03 9.464779e+03 9.477626e+03
5.9 9.457662e+03 9.481022e+03 9.473491e+03 9.450132e+03
6.9 9.429498e+03 9.484470e+03 9.479996e+03 9.425024e+03
7.9 9.441975e+03 9.484936e+03 9.483713e+03 9.440752e+03
8.9 9.451719e+03 9.484516e+03 9.485460e+03 9.452662e+03
9.9 9.464438e+03 9.483818e+03 9.485961e+03 9.466581e+03
10.9 9.472108e+03 9.483588e+03 9.485751e+03 9.474271e+03
11.9 9.499557e+03 9.486917e+03 9.485244e+03 9.497884e+03
12.9 9.502101e+03 9.492921e+03 9.484716e+03 9.493897e+03
13.9 9.504339e+03 9.497188e+03 9.484303e+03 9.491453e+03
14.9 9.484078e+03 9.499504e+03 9.484029e+03 9.468603e+03
15.9 9.462063e+03 9.494844e+03 9.483869e+03 9.451088e+03
16.9 9.456326e+03 9.485562e+03 9.483785e+03 9.454549e+03
17.9 9.472184e+03 9.479717e+03 9.483744e+03 9.476211e+03
18.9 9.519637e+03 9.483115e+03 9.483725e+03 9.520248e+03
19.9 9.524234e+03 9.485062e+03 9.483717e+03 9.522889e+03
20.9 9.476265e+03 9.483415e+03 9.483714e+03 9.476564e+03
21.9 9.456652e+03 9.486810e+03 9.483693e+03 9.453534e+03
0.6 9.456652e+03 9.486810e+03 9.483693e+03 9.453534e+03
1.6 9.451802e+03 9.486371e+03 9.480987e+03 9.446418e+03
2.6 9.456667e+03 9.475087e+03 9.471387e+03 9.452967e+03
3.6 9.464666e+03 9.471622e+03 9.466794e+03 9.459838e+03
4.6 9.495924e+03 9.478339e+03 9.470820e+03 9.488405e+03
5.6 9.505517e+03 9.482714e+03 9.476879e+03 9.499682e+03
6.6 9.494309e+03 9.485389e+03 9.481272e+03 9.490192e+03
7.6 9.478519e+03 9.490888e+03 9.483751e+03 9.471382e+03
8.6 9.491498e+03 9.496150e+03 9.484913e+03 9.480261e+03
9.6 9.519786e+03 9.499380e+03 9.485242e+03 9.505649e+03
10.6 9.533881e+03 9.497744e+03 9.485092e+03 9.521230e+03
11.6 9.523306e+03 9.495367e+03 9.484744e+03 9.512682e+03
12.6 9.495730e+03 9.484926e+03 9.484385e+03 9.495190e+03
13.6 9.467100e+03 9.473006e+03 9.484106e+03 9.478200e+03
14.6 9.466560e+03 9.473839e+03 9.483922e+03 9.476644e+03
15.6 9.460582e+03 9.477431e+03 9.483816e+03 9.466967e+03
16.6 9.457361e+03 9.471204e+03 9.483760e+03 9.469917e+03
17.6 9.454145e+03 9.468662e+03 9.483733e+03 9.469215e+03
18.6 9.460532e+03 9.472441e+03 9.483720e+03 9.471812e+03
19.6 9.479144e+03 9.477131e+03 9.483715e+03 9.485728e+03
20.6 9.505179e+03 9.480254e+03 9.483713e+03 9.508638e+03
21.6 9.518709e+03 9.481897e+03 9.483712e+03 9.520524e+03
0.9 9.506654e+03 9.476247e+03 9.483538e+03 9.513945e+03
1.9 9.484197e+03 9.479184e+03 9.478598e+03 9.483612e+03
2.9 9.445426e+03 9.468065e+03 9.465235e+03 9.442596e+03
3.9 9.436832e+03 9.455930e+03 9.453737e+03 9.434638e+03
4.9 9.460074e+03 9.461261e+03 9.455863e+03 9.454676e+03
5.9 9.468427e+03 9.474688e+03 9.466343e+03 9.460082e+03
6.9 9.459900e+03 9.482345e+03 9.476075e+03 9.453630e+03
7.9 9.454159e+03 9.484670e+03 9.482211e+03 9.451700e+03
8.9 9.457477e+03 9.485533e+03 9.485347e+03 9.457291e+03
9.9 9.483175e+03 9.489044e+03 9.486525e+03 9.480656e+03
10.9 9.517812e+03 9.487330e+03 9.486534e+03 9.517016e+03
11.9 9.511067e+03 9.476558e+03 9.485974e+03 9.520483e+03
12.9 9.464110e+03 9.474283e+03 9.485273e+03 9.475100e+03
13.9 9.442091e+03 9.481755e+03 9.484671e+03 9.445007e+03
14.9 9.444434e+03 9.491181e+03 9.484247e+03 9.437500e+03
15.9 9.446008e+03 9.494435e+03 9.483987e+03 9.435560e+03
16.9 9.448622e+03 9.491302e+03 9.483843e+03 9.441163e+03
17.9 9.475123e+03 9.487664e+03 9.483771e+03 9.471229e+03
18.9 9.494909e+03 9.488674e+03 9.483737e+03 9.489972e+03
19.9 9.486928e+03 9.492800e+03 9.483722e+03 9.477850e+03
20.9 9.470754e+03 9.495897e+03 9.483716e+03 9.458572e+03
21.9 9.453269e+03 9.492672e+03 9.483713e+03 9.444309e+03
0.5 9.471023e+03 9.485073e+03 9.483704e+03 9.469654e+03
1.5 9.469779e+03 9.480088e+03 9.481534e+03 9.471225e+03
2.5 9.461985e+03 9.468006e+03 9.470869e+03 9.464848e+03
3.5 9.453434e+03 9.457377e+03 9.459926e+03 9.455983e+03
4.5 9.457143e+03 9.464019e+03 9.461246e+03 9.454370e+03
5.5 9.468461e+03 9.475948e+03 9.469751e+03 9.462264e+03
6.5 9.465301e+03 9.482117e+03 9.477556e+03 9.460739e+03
7.5 9.469326e+03 9.483899e+03 9.482406e+03 9.467833e+03
8.5 9.471774e+03 9.481215e+03 9.482008e+03 9.472567e+03
9.5 9.457184e+03 9.469409e+03 9.471502e+03 9.459278e+03
10.5 9.460904e+03 9.457091e+03 9.461917e+03 9.465729e+03
11.5 9.451516e+03 9.450163e+03 9.464270e+03 9.465623e+03
12.5 9.435577e+03 9.455555e+03 9.472346e+03 9.452367e+03
13.5 9.437857e+03 9.471576e+03 9.479205e+03 9.445486e+03
14.5 9.479414e+03 9.485110e+03 9.483312e+03 9.477616e+03
15.5 9.475054e+03 9.481790e+03 9.485331e+03 9.478595e+03
16.5 9.456831e+03 9.475488e+03 9.486014e+03 9.467358e+03
17.5 9.430975e+03 9.474630e+03 9.485904e+03 9.442249e+03
18.5 9.440654e+03 9.472877e+03 9.485420e+03 9.453196e+03
19.5 9.452273e+03 9.470053e+03 9.484867e+03 9.467086e+03
20.5 9.473970e+03 9.474548e+03 9.484409e+03 9.483832e+03
21.5 9.499574e+03 9.483650e+03 9.484095e+03 9.500019e+03
0.6 9.469326e+03 9.483899e+03 9.482406e+03 9.467833e+03
1.6 9.471774e+03 9.481215e+03 9.482008e+03 9.472567e+03
2.6 9.457184e+03 9.469409e+03 9.471502e+03 9.459278e+03
3.6 9.460904e+03 9.457091e+03 9.461917e+03 9.465729e+03
4.6 9.451516e+03 9.450163e+03 9.464270e+03 9.465623e+03
5.6 9.435577e+03 9.455555e+03 9.472346e+03 9.452367e+03
6.6 9.437857e+03 9.471576e+03 9.479205e+03 9.445486e+03
7.6 9.479414e+03 9.485110e+03 9.483312e+03 9.477616e+03
8.6 9.475054e+03 9.481790e+03 9.485331e+03 9.478595e+03
9.6 9.456831e+03 9.475488e+03 9.486014e+03 9.467358e+03
10.6 9.430975e+03 9.474630e+03 9.485904e+03 9.442249e+03
11.6 9.440654e+03 9.472877e+03 9.485420e+03 9.453196e+03
12.6 9.452273e+03 9.470053e+03 9.484867e+03 9.467086e+03
13.6 9.473970e+03 9.474548e+03 9.484409e+03 9.483832e+03
14.6 9.499574e+03 9.483650e+03 9.484095e+03 9.500019e+03
15.6 9.497704e+03 9.486354e+03 9.483906e+03 9.495256e+03
16.6 9.489905e+03 9.483077e+03 9.483803e+03 9.490631e+03
17.6 9.462086e+03 9.482324e+03 9.483753e+03 9.463515e+03
18.6 9.461178e+03 9.487566e+03 9.483729e+03 9.457341e+03
19.6 9.489380e+03 9.491112e+03 9.483719e+03 9.481987e+03
20.6 9.482953e+03 9.493945e+03 9.483715e+03 9.472722e+03
21.6 9.477578e+03 9.497405e+03 9.483712e+03 9.463885e+03
0.1 9.481176e+03 9.475509e+03 9.483712e+03 9.489379e+03
1.1 9.501105e+03 9.482352e+03 9.483227e+03 9.501979e+03
2.1 9.514873e+03 9.481242e+03 9.476687e+03 9.510318e+03
3.1 9.488254e+03 9.473553e+03 9.467848e+03 9.482549e+03
4.1 9.477852e+03 9.477043e+03 9.468064e+03 9.468873e+03
5.1 9.482923e+03 9.482983e+03 9.473854e+03 9.473794e+03
6.1 9.489716e+03 9.484650e+03 9.479280e+03 9.484346e+03
7.1 9.486990e+03 9.484003e+03 9.482679e+03 9.485665e+03
8.1 9.487474e+03 9.482089e+03 9.484446e+03 9.489831e+03
9.1 9.498750e+03 9.478685e+03 9.485153e+03 9.505218e+03
10.1 9.505105e+03 9.476372e+03 9.485210e+03 9.513943e+03
11.1 9.498478e+03 9.481345e+03 9.484934e+03 9.502067e+03
12.1 9.496080e+03 9.487240e+03 9.484563e+03 9.493403e+03
