0.3 9.146696e+03 9.133414e+03 9.124513e+03 9.137796e+03
1.3 9.148394e+03 9.128178e+03 9.119768e+03 9.139983e+03
2.3 9.117052e+03 9.102663e+03 9.095714e+03 9.110102e+03
3.3 9.104303e+03 9.089530e+03 9.084077e+03 9.098850e+03
4.3 9.078364e+03 9.100474e+03 9.093897e+03 9.071788e+03
5.3 9.055957e+03 9.117237e+03 9.108410e+03 9.047129e+03
6.3 9.091269e+03 9.129359e+03 9.118788e+03 9.080697e+03
7.3 9.108276e+03 9.130263e+03 9.124613e+03 9.102626e+03
8.3 9.094274e+03 9.121562e+03 9.127348e+03 9.100060e+03
9.3 9.127301e+03 9.114827e+03 9.128125e+03 9.140599e+03
10.3 9.138974e+03 9.118354e+03 9.127771e+03 9.148390e+03
11.3 9.115142e+03 9.119158e+03 9.126945e+03 9.122929e+03
12.3 9.084062e+03 9.109271e+03 9.126097e+03 9.100888e+03
13.3 9.048061e+03 9.100831e+03 9.125438e+03 9.072667e+03
14.3 9.078154e+03 9.106976e+03 9.125006e+03 9.096184e+03
15.3 9.106935e+03 9.118388e+03 9.124756e+03 9.113303e+03
16.3 9.105236e+03 9.122837e+03 9.124626e+03 9.107025e+03
17.3 9.125862e+03 9.120299e+03 9.124562e+03 9.130125e+03
18.3 9.126138e+03 9.118687e+03 9.124534e+03 9.131985e+03
19.3 9.127929e+03 9.123809e+03 9.124522e+03 9.128641e+03
20.3 9.170335e+03 9.128943e+03 9.124517e+03 9.165909e+03
0.6 9.126845e+03 9.128971e+03 9.124358e+03 9.122231e+03
1.6 9.111650e+03 9.116587e+03 9.112143e+03 9.107206e+03
2.6 9.097670e+03 9.092250e+03 9.088304e+03 9.093724e+03
3.6 9.085408e+03 9.089317e+03 9.086088e+03 9.082179e+03
4.6 9.112582e+03 9.099559e+03 9.099483e+03 9.112506e+03
5.6 9.097440e+03 9.107691e+03 9.112867e+03 9.102617e+03
6.6 9.121407e+03 9.116643e+03 9.121405e+03 9.126169e+03
7.6 9.131875e+03 9.126470e+03 9.125919e+03 9.131325e+03
8.6 9.157807e+03 9.131581e+03 9.127818e+03 9.154043e+03
9.6 9.185454e+03 9.131390e+03 9.128087e+03 9.182151e+03
10.6 9.135527e+03 9.125928e+03 9.127490e+03 9.137089e+03
11.6 9.116148e+03 9.119294e+03 9.126617e+03 9.123471e+03
12.6 9.109304e+03 9.119139e+03 9.125825e+03 9.115989e+03
13.6 9.107374e+03 9.124750e+03 9.125252e+03 9.107876e+03
14.6 9.125165e+03 9.128452e+03 9.124896e+03 9.121609e+03
15.6 9.122864e+03 9.129379e+03 9.124697e+03 9.118182e+03
16.6 9.120356e+03 9.129349e+03 9.124596e+03 9.115604e+03
17.6 9.089637e+03 9.130519e+03 9.124546e+03 9.083664e+03
18.6 9.113743e+03 9.126616e+03 9.118845e+03 9.105972e+03
19.6 9.133959e+03 9.101783e+03 9.094381e+03 9.126557e+03
20.6 9.127158e+03 9.089973e+03 9.084203e+03 9.121388e+03
0.3 9.089637e+03 9.130519e+03 9.124546e+03 9.083664e+03
1.3 9.113743e+03 9.126616e+03 9.118845e+03 9.105972e+03
2.3 9.133959e+03 9.101783e+03 9.094381e+03 9.126557e+03
3.3 9.127158e+03 9.089973e+03 9.084203e+03 9.121388e+03
4.3 9.135952e+03 9.100326e+03 9.094743e+03 9.130369e+03
5.3 9.139982e+03 9.116817e+03 9.109021e+03 9.132186e+03
6.3 9.095400e+03 9.116381e+03 9.107557e+03 9.086576e+03
7.3 9.066190e+03 9.096354e+03 9.089080e+03 9.058916e+03
8.3 9.088014e+03 9.093878e+03 9.088765e+03 9.082901e+03
9.3 9.093694e+03 9.106251e+03 9.102667e+03 9.090110e+03
10.3 9.109991e+03 9.118533e+03 9.115767e+03 9.107225e+03
11.3 9.117812e+03 9.126025e+03 9.123604e+03 9.115392e+03
12.3 9.101471e+03 9.129729e+03 9.127372e+03 9.099114e+03
13.3 9.142893e+03 9.131178e+03 9.128683e+03 9.140398e+03
14.3 9.135691e+03 9.131579e+03 9.128568e+03 9.132681e+03
15.3 9.123673e+03 9.131604e+03 9.127745e+03 9.119815e+03
16.3 9.116339e+03 9.133101e+03 9.126748e+03 9.109986e+03
17.3 9.115985e+03 9.131315e+03 9.125891e+03 9.110561e+03
18.3 9.128690e+03 9.124225e+03 9.125284e+03 9.129750e+03
19.3 9.133281e+03 9.123375e+03 9.124911e+03 9.134816e+03
20.3 9.144966e+03 9.125910e+03 9.124704e+03 9.143759e+03
0.6 9.139982e+03 9.116817e+03 9.109021e+03 9.132186e+03
1.6 9.095400e+03 9.116381e+03 9.107557e+03 9.086576e+03
2.6 9.066190e+03 9.096354e+03 9.089080e+03 9.058916e+03
3.6 9.088014e+03 9.093878e+03 9.088765e+03 9.082901e+03
4.6 9.093694e+03 9.106251e+03 9.102667e+03 9.090110e+03
5.6 9.109991e+03 9.118533e+03 9.115767e+03 9.107225e+03
6.6 9.117812e+03 9.126025e+03 9.123604e+03 9.115392e+03
7.6 9.101471e+03 9.129729e+03 9.127372e+03 9.099114e+03
8.6 9.142893e+03 9.131178e+03 9.128683e+03 9.140398e+03
9.6 9.135691e+03 9.131579e+03 9.128568e+03 9.132681e+03
10.6 9.123673e+03 9.131604e+03 9.127745e+03 9.119815e+03
11.6 9.116339e+03 9.133101e+03 9.126748e+03 9.109986e+03
12.6 9.115985e+03 9.131315e+03 9.125891e+03 9.110561e+03
13.6 9.128690e+03 9.124225e+03 9.125284e+03 9.129750e+03
14.6 9.133281e+03 9.123375e+03 9.124911e+03 9.134816e+03
15.6 9.144966e+03 9.125910e+03 9.124704e+03 9.143759e+03
16.6 9.150287e+03 9.123493e+03 9.124598e+03 9.151393e+03
17.6 9.139809e+03 9.117867e+03 9.124550e+03 9.146491e+03
18.6 9.152488e+03 9.117063e+03 9.124528e+03 9.159954e+03
19.6 9.184089e+03 9.122375e+03 9.124520e+03 9.186233e+03
20.6 9.167039e+03 9.121850e+03 9.124516e+03 9.169705e+03
0.7 9.185307e+03 9.126988e+03 9.124263e+03 9.182581e+03
1.7 9.164921e+03 9.113752e+03 9.110707e+03 9.161876e+03
2.7 9.118572e+03 9.090553e+03 9.087470e+03 9.115489e+03
3.7 9.105265e+03 9.089615e+03 9.086619e+03 9.102268e+03
4.7 9.109362e+03 9.103080e+03 9.100343e+03 9.106625e+03
5.7 9.132386e+03 9.111314e+03 9.113489e+03 9.134562e+03
6.7 9.149223e+03 9.107591e+03 9.121756e+03 9.163387e+03
7.7 9.150202e+03 9.107433e+03 9.126087e+03 9.168857e+03
8.7 9.134769e+03 9.117235e+03 9.127869e+03 9.145403e+03
9.7 9.100721e+03 9.125994e+03 9.128069e+03 9.102796e+03
10.7 9.084582e+03 9.129932e+03 9.127443e+03 9.082093e+03
11.7 9.115414e+03 9.130959e+03 9.126567e+03 9.111022e+03
12.7 9.132341e+03 9.130798e+03 9.125786e+03 9.127329e+03
13.7 9.139065e+03 9.130167e+03 9.125227e+03 9.134125e+03
14.7 9.148453e+03 9.129681e+03 9.124881e+03 9.143652e+03
15.7 9.153738e+03 9.131157e+03 9.124689e+03 9.147270e+03
16.7 9.161741e+03 9.134171e+03 9.124592e+03 9.152163e+03
17.7 9.152647e+03 9.136271e+03 9.124547e+03 9.140924e+03
18.7 9.144231e+03 9.137066e+03 9.124527e+03 9.131693e+03
19.7 9.119959e+03 9.132185e+03 9.124519e+03 9.112293e+03
20.7 9.132295e+03 9.122952e+03 9.124516e+03 9.133858e+03
0.9 9.094895e+03 9.133492e+03 9.123400e+03 9.084802e+03
1.9 9.075752e+03 9.113634e+03 9.104633e+03 9.066751e+03
2.9 9.058021e+03 9.091863e+03 9.085046e+03 9.051204e+03
3.9 9.098054e+03 9.095674e+03 9.089151e+03 9.091531e+03
4.9 9.104485e+03 9.102460e+03 9.095282e+03 9.097307e+03
5.9 9.073389e+03 9.088831e+03 9.082615e+03 9.067173e+03
6.9 9.067665e+03 9.087878e+03 9.083344e+03 9.063131e+03
7.9 9.078310e+03 9.102344e+03 9.099055e+03 9.075021e+03
8.9 9.098064e+03 9.117062e+03 9.114409e+03 9.095412e+03
9.9 9.131388e+03 9.126150e+03 9.123732e+03 9.128969e+03
10.9 9.146151e+03 9.130503e+03 9.128099e+03 9.143747e+03
11.9 9.136351e+03 9.131990e+03 9.129490e+03 9.133851e+03
12.9 9.091005e+03 9.131754e+03 9.129245e+03 9.088496e+03
13.9 9.065996e+03 9.127749e+03 9.128242e+03 9.066489e+03
14.9 9.086936e+03 9.118548e+03 9.127079e+03 9.095467e+03
15.9 9.053030e+03 9.111110e+03 9.126094e+03 9.068014e+03
16.9 9.096047e+03 9.114296e+03 9.125399e+03 9.107150e+03
17.9 9.070907e+03 9.117640e+03 9.124971e+03 9.078238e+03
18.9 9.081220e+03 9.109902e+03 9.124733e+03 9.096051e+03
19.9 9.116024e+03 9.101064e+03 9.124613e+03 9.139573e+03
20.9 9.137419e+03 9.105919e+03 9.124555e+03 9.156056e+03
0.5 9.098054e+03 9.095674e+03 9.089151e+03 9.091531e+03
1.5 9.104485e+03 9.102460e+03 9.095282e+03 9.097307e+03
2.5 9.073389e+03 9.088831e+03 9.082615e+03 9.067173e+03
3.5 9.067665e+03 9.087878e+03 9.083344e+03 9.063131e+03
4.5 9.078310e+03 9.102344e+03 9.099055e+03 9.075021e+03
5.5 9.098064e+03 9.117062e+03 9.114409e+03 9.095412e+03
6.5 9.131388e+03 9.126150e+03 9.123732e+03 9.128969e+03
7.5 9.146151e+03 9.130503e+03 9.128099e+03 9.143747e+03
8.5 9.136351e+03 9.131990e+03 9.129490e+03 9.133851e+03
9.5 9.091005e+03 9.131754e+03 9.129245e+03 9.088496e+03
10.5 9.065996e+03 9.127749e+03 9.128242e+03 9.066489e+03
11.5 9.086936e+03 9.118548e+03 9.127079e+03 9.095467e+03
12.5 9.053030e+03 9.111110e+03 9.126094e+03 9.068014e+03
13.5 9.096047e+03 9.114296e+03 9.125399e+03 9.107150e+03
14.5 9.070907e+03 9.117640e+03 9.124971e+03 9.078238e+03
15.5 9.081220e+03 9.109902e+03 9.124733e+03 9.096051e+03
16.5 9.116024e+03 9.101064e+03 9.124613e+03 9.139573e+03
17.5 9.137419e+03 9.105919e+03 9.124555e+03 9.156056e+03
18.5 9.159760e+03 9.117749e+03 9.124531e+03 9.166541e+03
19.5 9.115522e+03 9.125802e+03 9.124520e+03 9.114241e+03
20.5 9.102678e+03 9.129347e+03 9.124516e+03 9.097847e+03
0.6 9.151357e+03 9.130809e+03 9.124393e+03 9.144942e+03
1.6 9.170866e+03 9.119002e+03 9.112841e+03 9.164705e+03
2.6 9.129303e+03 9.094086e+03 9.088754e+03 9.123971e+03
3.6 9.068636e+03 9.090453e+03 9.085842e+03 9.064025e+03
4.6 9.068066e+03 9.103749e+03 9.099052e+03 9.063369e+03
5.6 9.086131e+03 9.119612e+03 9.112550e+03 9.079069e+03
6.6 9.048526e+03 9.129572e+03 9.121224e+03 9.040179e+03
7.6 9.065169e+03 9.132871e+03 9.125832e+03 9.058130e+03
8.6 9.078836e+03 9.132961e+03 9.127790e+03 9.073665e+03
9.6 9.123789e+03 9.132265e+03 9.128094e+03 9.119618e+03
10.6 9.148967e+03 9.132714e+03 9.127513e+03 9.143766e+03
11.6 9.145690e+03 9.134174e+03 9.126642e+03 9.138158e+03
12.6 9.128900e+03 9.132628e+03 9.125845e+03 9.122118e+03
13.6 9.107331e+03 9.125228e+03 9.125266e+03 9.107369e+03
14.6 9.138284e+03 9.115967e+03 9.124903e+03 9.147220e+03
15.6 9.144113e+03 9.116099e+03 9.124701e+03 9.152716e+03
16.6 9.114270e+03 9.122369e+03 9.124598e+03 9.116499e+03
17.6 9.125553e+03 9.126520e+03 9.124550e+03 9.123582e+03
18.6 9.135186e+03 9.125692e+03 9.124528e+03 9.134022e+03
19.6 9.144081e+03 9.118501e+03 9.124520e+03 9.150100e+03
20.6 9.148989e+03 9.110040e+03 9.123564e+03 9.162514e+03
0.9 9.148989e+03 9.110040e+03 9.123564e+03 9.162514e+03
1.9 9.189736e+03 9.092030e+03 9.105407e+03 9.203113e+03
2.9 9.179179e+03 9.078581e+03 9.085269e+03 9.185866e+03
3.9 9.152777e+03 9.090973e+03 9.088823e+03 9.150627e+03
4.9 9.108767e+03 9.112399e+03 9.103297e+03 9.099664e+03
5.9 9.126031e+03 9.128643e+03 9.115532e+03 9.112920e+03
6.9 9.133287e+03 9.136801e+03 9.122886e+03 9.119372e+03
7.9 9.133062e+03 9.137752e+03 9.126612e+03 9.121922e+03
8.9 9.166524e+03 9.135502e+03 9.128009e+03 9.159032e+03
9.9 9.177583e+03 9.132730e+03 9.127989e+03 9.172842e+03
10.9 9.177068e+03 9.128370e+03 9.127273e+03 9.175972e+03
11.9 9.131913e+03 9.116711e+03 9.126397e+03 9.141599e+03
12.9 9.099444e+03 9.105881e+03 9.125656e+03 9.119218e+03
13.9 9.117908e+03 9.109442e+03 9.125142e+03 9.133608e+03
14.9 9.140243e+03 9.118960e+03 9.124832e+03 9.146115e+03
15.9 9.159889e+03 9.125299e+03 9.124664e+03 9.159254e+03
16.9 9.169727e+03 9.128183e+03 9.124580e+03 9.166124e+03
17.9 9.157674e+03 9.126581e+03 9.124542e+03 9.155635e+03
18.9 9.164564e+03 9.116003e+03 9.124523e+03 9.173084e+03
19.9 9.165461e+03 9.100979e+03 9.118835e+03 9.183317e+03
20.9 9.101155e+03 9.078640e+03 9.094376e+03 9.116891e+03
0.3 9.164564e+03 9.116003e+03 9.124523e+03 9.173084e+03
1.3 9.165461e+03 9.100979e+03 9.118835e+03 9.183317e+03
2.3 9.101155e+03 9.078640e+03 9.094376e+03 9.116891e+03
3.3 9.065460e+03 9.076189e+03 9.084201e+03 9.073471e+03
4.3 9.069821e+03 9.093724e+03 9.094743e+03 9.070840e+03
5.3 9.094426e+03 9.109020e+03 9.105620e+03 9.091026e+03
6.3 9.069607e+03 9.097866e+03 9.092541e+03 9.064282e+03
7.3 9.048790e+03 9.090005e+03 9.084362e+03 9.043147e+03
8.3 9.064627e+03 9.098827e+03 9.095574e+03 9.061374e+03
9.3 9.073043e+03 9.106226e+03 9.110898e+03 9.077715e+03
10.3 9.108219e+03 9.108174e+03 9.121313e+03 9.121357e+03
11.3 9.116637e+03 9.114544e+03 9.126635e+03 9.128728e+03
12.3 9.155336e+03 9.124695e+03 9.128743e+03 9.159384e+03
13.3 9.192587e+03 9.128808e+03 9.129007e+03 9.192786e+03
14.3 9.156868e+03 9.125342e+03 9.128301e+03 9.159827e+03
15.3 9.128976e+03 9.123412e+03 9.127254e+03 9.132817e+03
16.3 9.128516e+03 9.127387e+03 9.126270e+03 9.127400e+03
17.3 9.154326e+03 9.130515e+03 9.125531e+03 9.149342e+03
18.3 9.152236e+03 9.131359e+03 9.125054e+03 9.145931e+03
19.3 9.123799e+03 9.133155e+03 9.124780e+03 9.115424e+03
20.3 9.151705e+03 9.134357e+03 9.124636e+03 9.141985e+03
0.2 9.069821e+03 9.093724e+03 9.094743e+03 9.070840e+03
1.2 9.094426e+03 9.109020e+03 9.105620e+03 9.091026e+03
2.2 9.069607e+03 9.097866e+03 9.092541e+03 9.064282e+03
3.2 9.048790e+03 9.090005e+03 9.084362e+03 9.043147e+03
4.2 9.064627e+03 9.098827e+03 9.095574e+03 9.061374e+03
5.2 9.073043e+03 9.106226e+03 9.110898e+03 9.077715e+03
6.2 9.108219e+03 9.108174e+03 9.121313e+03 9.121357e+03
7.2 9.116637e+03 9.114544e+03 9.126635e+03 9.128728e+03
8.2 9.155336e+03 9.124695e+03 9.128743e+03 9.159384e+03
9.2 9.192587e+03 9.128808e+03 9.129007e+03 9.192786e+03
10.2 9.156868e+03 9.125342e+03 9.128301e+03 9.159827e+03
11.2 9.128976e+03 9.123412e+03 9.127254e+03 9.132817e+03
12.2 9.128516e+03 9.127387e+03 9.126270e+03 9.127400e+03
13.2 9.154326e+03 9.130515e+03 9.125531e+03 9.149342e+03
14.2 9.152236e+03 9.131359e+03 9.125054e+03 9.145931e+03
15.2 9.123799e+03 9.133155e+03 9.124780e+03 9.115424e+03
16.2 9.151705e+03 9.134357e+03 9.124636e+03 9.141985e+03
17.2 9.164989e+03 9.133193e+03 9.124566e+03 9.156362e+03
18.2 9.184300e+03 9.129856e+03 9.123039e+03 9.177484e+03
19.2 9.142568e+03 9.108201e+03 9.103095e+03 9.137463e+03
20.2 9.112072e+03 9.088436e+03 9.084671e+03 9.108307e+03
1.0 9.184300e+03 9.129856e+03 9.123039e+03 9.177484e+03
2.0 9.142568e+03 9.108201e+03 9.103095e+03 9.137463e+03
3.0 9.112072e+03 9.088436e+03 9.084671e+03 9.108307e+03
4.0 9.074949e+03 9.092844e+03 9.089904e+03 9.072010e+03
5.0 9.106213e+03 9.106869e+03 9.104526e+03 9.103871e+03
6.0 9.105020e+03 9.115767e+03 9.116344e+03 9.105596e+03
7.0 9.080171e+03 9.117079e+03 9.123326e+03 9.086418e+03
8.0 9.100356e+03 9.117613e+03 9.126808e+03 9.109552e+03
9.0 9.107571e+03 9.123346e+03 9.128052e+03 9.112277e+03
10.0 9.138813e+03 9.123029e+03 9.127946e+03 9.143730e+03
11.0 9.110586e+03 9.117243e+03 9.127198e+03 9.120541e+03
12.0 9.116289e+03 9.119955e+03 9.126325e+03 9.122660e+03
13.0 9.146925e+03 9.125615e+03 9.125602e+03 9.146912e+03
14.0 9.178402e+03 9.128574e+03 9.125108e+03 9.174936e+03
15.0 9.151565e+03 9.129292e+03 9.124813e+03 9.147087e+03
16.0 9.128821e+03 9.127179e+03 9.124654e+03 9.126297e+03
17.0 9.131380e+03 9.121443e+03 9.124576e+03 9.134513e+03
18.0 9.130105e+03 9.116757e+03 9.124540e+03 9.137888e+03
19.0 9.136965e+03 9.119858e+03 9.124524e+03 9.141631e+03
20.0 9.163504e+03 9.125827e+03 9.124518e+03 9.162195e+03
