0.8 9.147101e+03 9.154825e+03 9.152704e+03 9.144980e+03
1.8 9.153578e+03 9.148406e+03 9.156894e+03 9.162066e+03
2.8 9.179712e+03 9.152590e+03 9.168674e+03 9.195797e+03
3.8 9.199376e+03 9.160958e+03 9.175576e+03 9.213994e+03
4.8 9.194951e+03 9.168787e+03 9.171106e+03 9.197270e+03
5.8 9.168497e+03 9.163590e+03 9.163176e+03 9.168083e+03
6.8 9.141344e+03 9.156277e+03 9.162299e+03 9.147367e+03
7.8 9.148534e+03 9.155418e+03 9.167321e+03 9.160437e+03
8.8 9.150655e+03 9.155106e+03 9.166112e+03 9.161661e+03
9.8 9.150191e+03 9.152009e+03 9.162659e+03 9.160841e+03
10.8 9.139268e+03 9.154383e+03 9.167999e+03 9.152884e+03
11.8 9.155994e+03 9.160564e+03 9.174700e+03 9.170131e+03
12.8 9.187455e+03 9.169096e+03 9.171396e+03 9.189754e+03
13.8 9.188076e+03 9.169429e+03 9.163014e+03 9.181660e+03
14.8 9.158969e+03 9.162872e+03 9.156129e+03 9.152226e+03
15.8 9.160793e+03 9.157117e+03 9.152201e+03 9.155877e+03
16.8 9.162816e+03 9.161298e+03 9.150440e+03 9.151959e+03
17.8 9.150634e+03 9.164248e+03 9.149984e+03 9.136370e+03
18.8 9.151215e+03 9.163491e+03 9.150246e+03 9.137971e+03
19.8 9.167757e+03 9.161865e+03 9.150814e+03 9.156706e+03
20.8 9.191151e+03 9.165910e+03 9.151407e+03 9.176648e+03
21.8 9.183283e+03 9.164967e+03 9.151881e+03 9.170198e+03
1.0 9.168497e+03 9.163590e+03 9.163176e+03 9.168083e+03
2.0 9.141344e+03 9.156277e+03 9.162299e+03 9.147367e+03
3.0 9.148534e+03 9.155418e+03 9.167321e+03 9.160437e+03
4.0 9.150655e+03 9.155106e+03 9.166112e+03 9.161661e+03
5.0 9.150191e+03 9.152009e+03 9.162659e+03 9.160841e+03
6.0 9.139268e+03 9.154383e+03 9.167999e+03 9.152884e+03
7.0 9.155994e+03 9.160564e+03 9.174700e+03 9.170131e+03
8.0 9.187455e+03 9.169096e+03 9.171396e+03 9.189754e+03
9.0 9.188076e+03 9.169429e+03 9.163014e+03 9.181660e+03
10.0 9.158969e+03 9.162872e+03 9.156129e+03 9.152226e+03
11.0 9.160793e+03 9.157117e+03 9.152201e+03 9.155877e+03
12.0 9.162816e+03 9.161298e+03 9.150440e+03 9.151959e+03
13.0 9.150634e+03 9.164248e+03 9.149984e+03 9.136370e+03
14.0 9.151215e+03 9.163491e+03 9.150246e+03 9.137971e+03
15.0 9.167757e+03 9.161865e+03 9.150814e+03 9.156706e+03
16.0 9.191151e+03 9.165910e+03 9.151407e+03 9.176648e+03
17.0 9.183283e+03 9.164967e+03 9.151881e+03 9.170198e+03
18.0 9.154136e+03 9.158247e+03 9.152202e+03 9.148091e+03
19.0 9.139297e+03 9.155151e+03 9.152393e+03 9.136539e+03
20.0 9.156222e+03 9.155618e+03 9.152497e+03 9.153100e+03
21.0 9.174392e+03 9.162493e+03 9.152548e+03 9.164448e+03
22.0 9.177844e+03 9.161139e+03 9.152572e+03 9.169277e+03
0.5 9.150655e+03 9.155106e+03 9.166112e+03 9.161661e+03
1.5 9.150191e+03 9.152009e+03 9.162659e+03 9.160841e+03
2.5 9.139268e+03 9.154383e+03 9.167999e+03 9.152884e+03
3.5 9.155994e+03 9.160564e+03 9.174700e+03 9.170131e+03
4.5 9.187455e+03 9.169096e+03 9.171396e+03 9.189754e+03
5.5 9.188076e+03 9.169429e+03 9.163014e+03 9.181660e+03
6.5 9.158969e+03 9.162872e+03 9.156129e+03 9.152226e+03
7.5 9.160793e+03 9.157117e+03 9.152201e+03 9.155877e+03
8.5 9.162816e+03 9.161298e+03 9.150440e+03 9.151959e+03
9.5 9.150634e+03 9.164248e+03 9.149984e+03 9.136370e+03
10.5 9.151215e+03 9.163491e+03 9.150246e+03 9.137971e+03
11.5 9.167757e+03 9.161865e+03 9.150814e+03 9.156706e+03
12.5 9.191151e+03 9.165910e+03 9.151407e+03 9.176648e+03
13.5 9.183283e+03 9.164967e+03 9.151881e+03 9.170198e+03
14.5 9.154136e+03 9.158247e+03 9.152202e+03 9.148091e+03
15.5 9.139297e+03 9.155151e+03 9.152393e+03 9.136539e+03
16.5 9.156222e+03 9.155618e+03 9.152497e+03 9.153100e+03
17.5 9.174392e+03 9.162493e+03 9.152548e+03 9.164448e+03
18.5 9.177844e+03 9.161139e+03 9.152572e+03 9.169277e+03
19.5 9.161553e+03 9.150573e+03 9.152582e+03 9.163562e+03
20.5 9.136349e+03 9.140324e+03 9.152587e+03 9.148612e+03
21.5 9.145088e+03 9.134470e+03 9.152589e+03 9.163207e+03
1.0 9.140242e+03 9.138867e+03 9.152990e+03 9.154365e+03
2.0 9.149485e+03 9.139872e+03 9.158930e+03 9.168543e+03
3.0 9.163701e+03 9.147438e+03 9.167400e+03 9.183664e+03
4.0 9.181202e+03 9.152336e+03 9.167444e+03 9.196311e+03
5.0 9.196527e+03 9.149818e+03 9.162270e+03 9.208979e+03
6.0 9.196067e+03 9.148307e+03 9.162245e+03 9.210005e+03
7.0 9.176673e+03 9.154906e+03 9.171145e+03 9.192912e+03
8.0 9.163516e+03 9.159941e+03 9.175234e+03 9.178810e+03
9.0 9.147260e+03 9.158388e+03 9.169248e+03 9.158120e+03
10.0 9.135538e+03 9.150320e+03 9.160866e+03 9.146084e+03
11.0 9.147786e+03 9.141494e+03 9.154931e+03 9.161223e+03
12.0 9.163483e+03 9.135529e+03 9.151749e+03 9.179703e+03
13.0 9.159632e+03 9.132510e+03 9.150404e+03 9.177526e+03
14.0 9.149058e+03 9.131456e+03 9.150155e+03 9.167758e+03
15.0 9.144920e+03 9.133190e+03 9.150498e+03 9.162228e+03
16.0 9.142900e+03 9.146410e+03 9.151060e+03 9.147550e+03
17.0 9.150818e+03 9.165248e+03 9.151602e+03 9.137172e+03
18.0 9.176694e+03 9.178753e+03 9.152014e+03 9.149955e+03
19.0 9.180404e+03 9.180029e+03 9.152282e+03 9.152657e+03
20.0 9.170649e+03 9.171212e+03 9.152438e+03 9.151874e+03
21.0 9.172950e+03 9.169017e+03 9.152519e+03 9.156452e+03
22.0 9.173112e+03 9.165926e+03 9.152559e+03 9.159745e+03
0.9 9.196527e+03 9.149818e+03 9.162270e+03 9.208979e+03
1.9 9.196067e+03 9.148307e+03 9.162245e+03 9.210005e+03
2.9 9.176673e+03 9.154906e+03 9.171145e+03 9.192912e+03
3.9 9.163516e+03 9.159941e+03 9.175234e+03 9.178810e+03
4.9 9.147260e+03 9.158388e+03 9.169248e+03 9.158120e+03
5.9 9.135538e+03 9.150320e+03 9.160866e+03 9.146084e+03
6.9 9.147786e+03 9.141494e+03 9.154931e+03 9.161223e+03
7.9 9.163483e+03 9.135529e+03 9.151749e+03 9.179703e+03
8.9 9.159632e+03 9.132510e+03 9.150404e+03 9.177526e+03
9.9 9.149058e+03 9.131456e+03 9.150155e+03 9.167758e+03
10.9 9.144920e+03 9.133190e+03 9.150498e+03 9.162228e+03
11.9 9.142900e+03 9.146410e+03 9.151060e+03 9.147550e+03
12.9 9.150818e+03 9.165248e+03 9.151602e+03 9.137172e+03
13.9 9.176694e+03 9.178753e+03 9.152014e+03 9.149955e+03
14.9 9.180404e+03 9.180029e+03 9.152282e+03 9.152657e+03
15.9 9.170649e+03 9.171212e+03 9.152438e+03 9.151874e+03
16.9 9.172950e+03 9.169017e+03 9.152519e+03 9.156452e+03
17.9 9.173112e+03 9.165926e+03 9.152559e+03 9.159745e+03
18.9 9.168961e+03 9.159688e+03 9.152577e+03 9.161850e+03
19.9 9.153830e+03 9.156323e+03 9.152584e+03 9.150092e+03
20.9 9.165786e+03 9.157529e+03 9.152587e+03 9.160844e+03
21.9 9.184521e+03 9.163772e+03 9.152589e+03 9.173339e+03
0.6 9.166507e+03 9.165800e+03 9.152621e+03 9.153328e+03
1.6 9.151624e+03 9.158306e+03 9.155538e+03 9.148856e+03
2.6 9.164225e+03 9.156254e+03 9.164695e+03 9.172666e+03
3.6 9.190451e+03 9.162776e+03 9.168480e+03 9.196155e+03
4.6 9.169574e+03 9.165863e+03 9.164405e+03 9.168116e+03
5.6 9.145464e+03 9.156591e+03 9.158736e+03 9.147609e+03
6.6 9.114740e+03 9.144523e+03 9.154711e+03 9.124928e+03
7.6 9.117980e+03 9.136244e+03 9.152462e+03 9.134197e+03
8.6 9.115406e+03 9.132068e+03 9.151422e+03 9.134760e+03
9.6 9.153967e+03 9.132947e+03 9.151146e+03 9.172166e+03
10.6 9.195945e+03 9.145602e+03 9.151305e+03 9.201647e+03
11.6 9.193089e+03 9.158100e+03 9.151637e+03 9.186626e+03
12.6 9.161622e+03 9.159892e+03 9.151973e+03 9.153702e+03
13.6 9.126849e+03 9.152290e+03 9.152231e+03 9.126789e+03
14.6 9.111186e+03 9.143354e+03 9.152399e+03 9.120231e+03
15.6 9.122041e+03 9.140453e+03 9.152495e+03 9.134083e+03
16.6 9.129075e+03 9.145559e+03 9.152546e+03 9.136062e+03
17.6 9.153682e+03 9.154738e+03 9.152570e+03 9.151514e+03
18.6 9.171621e+03 9.164364e+03 9.152581e+03 9.159839e+03
19.6 9.152555e+03 9.160629e+03 9.152586e+03 9.144512e+03
20.6 9.127892e+03 9.149564e+03 9.152588e+03 9.130916e+03
21.6 9.116873e+03 9.140147e+03 9.152589e+03 9.129315e+03
0.3 9.114253e+03 9.131959e+03 9.152589e+03 9.134884e+03
1.3 9.130253e+03 9.132282e+03 9.153703e+03 9.151674e+03
2.3 9.147172e+03 9.140970e+03 9.162138e+03 9.168339e+03
3.3 9.142915e+03 9.155372e+03 9.175816e+03 9.163358e+03
4.3 9.156685e+03 9.166276e+03 9.181881e+03 9.172290e+03
5.3 9.164669e+03 9.174648e+03 9.175352e+03 9.165372e+03
6.3 9.141533e+03 9.173673e+03 9.164962e+03 9.132822e+03
7.3 9.124856e+03 9.168156e+03 9.157055e+03 9.113755e+03
8.3 9.144906e+03 9.163582e+03 9.152509e+03 9.133833e+03
9.3 9.205349e+03 9.166622e+03 9.150394e+03 9.189121e+03
10.3 9.208250e+03 9.166469e+03 9.149808e+03 9.191590e+03
11.3 9.171543e+03 9.162914e+03 9.150082e+03 9.158711e+03
12.3 9.152563e+03 9.165775e+03 9.150709e+03 9.137497e+03
13.3 9.132690e+03 9.163916e+03 9.151355e+03 9.120129e+03
14.3 9.130821e+03 9.159045e+03 9.151862e+03 9.123638e+03
15.3 9.138676e+03 9.161131e+03 9.152198e+03 9.129742e+03
16.3 9.167851e+03 9.163680e+03 9.152394e+03 9.156565e+03
17.3 9.160376e+03 9.155418e+03 9.152498e+03 9.157456e+03
18.3 9.152285e+03 9.149817e+03 9.152549e+03 9.155017e+03
19.3 9.149333e+03 9.159399e+03 9.152573e+03 9.142507e+03
20.3 9.151880e+03 9.171351e+03 9.152583e+03 9.133112e+03
21.3 9.157439e+03 9.177679e+03 9.152619e+03 9.132378e+03
0.6 9.157439e+03 9.177679e+03 9.152619e+03 9.132378e+03
1.6 9.159043e+03 9.171794e+03 9.155537e+03 9.142786e+03
2.6 9.159524e+03 9.165320e+03 9.164695e+03 9.158899e+03
3.6 9.158099e+03 9.160507e+03 9.168480e+03 9.166072e+03
4.6 9.142100e+03 9.154312e+03 9.165225e+03 9.153013e+03
5.6 9.140401e+03 9.151896e+03 9.166826e+03 9.155332e+03
6.6 9.149141e+03 9.153591e+03 9.170513e+03 9.166063e+03
7.6 9.156476e+03 9.153476e+03 9.166986e+03 9.169986e+03
8.6 9.148195e+03 9.147679e+03 9.160181e+03 9.160697e+03
9.6 9.140237e+03 9.140143e+03 9.154900e+03 9.154994e+03
10.6 9.145467e+03 9.134821e+03 9.152012e+03 9.162658e+03
11.6 9.154865e+03 9.132180e+03 9.150796e+03 9.173481e+03
12.6 9.155884e+03 9.131338e+03 9.150547e+03 9.175093e+03
13.6 9.149647e+03 9.131486e+03 9.150807e+03 9.168968e+03
14.6 9.146464e+03 9.132175e+03 9.151264e+03 9.165553e+03
15.6 9.144757e+03 9.135052e+03 9.151718e+03 9.161423e+03
16.6 9.137923e+03 9.141300e+03 9.152073e+03 9.148696e+03
17.6 9.144201e+03 9.147520e+03 9.152309e+03 9.148990e+03
18.6 9.164627e+03 9.158634e+03 9.152449e+03 9.158442e+03
19.6 9.171520e+03 9.167311e+03 9.152523e+03 9.156732e+03
20.6 9.154582e+03 9.168791e+03 9.152560e+03 9.138351e+03
21.6 9.150395e+03 9.166750e+03 9.152577e+03 9.136222e+03
0.2 9.158099e+03 9.160507e+03 9.168480e+03 9.166072e+03
1.2 9.142100e+03 9.154312e+03 9.165225e+03 9.153013e+03
2.2 9.140401e+03 9.151896e+03 9.166826e+03 9.155332e+03
3.2 9.149141e+03 9.153591e+03 9.170513e+03 9.166063e+03
4.2 9.156476e+03 9.153476e+03 9.166986e+03 9.169986e+03
5.2 9.148195e+03 9.147679e+03 9.160181e+03 9.160697e+03
6.2 9.140237e+03 9.140143e+03 9.154900e+03 9.154994e+03
7.2 9.145467e+03 9.134821e+03 9.152012e+03 9.162658e+03
8.2 9.154865e+03 9.132180e+03 9.150796e+03 9.173481e+03
9.2 9.155884e+03 9.131338e+03 9.150547e+03 9.175093e+03
10.2 9.149647e+03 9.131486e+03 9.150807e+03 9.168968e+03
11.2 9.146464e+03 9.132175e+03 9.151264e+03 9.165553e+03
12.2 9.144757e+03 9.135052e+03 9.151718e+03 9.161423e+03
13.2 9.137923e+03 9.141300e+03 9.152073e+03 9.148696e+03
14.2 9.144201e+03 9.147520e+03 9.152309e+03 9.148990e+03
15.2 9.164627e+03 9.158634e+03 9.152449e+03 9.158442e+03
16.2 9.171520e+03 9.167311e+03 9.152523e+03 9.156732e+03
17.2 9.154582e+03 9.168791e+03 9.152560e+03 9.138351e+03
18.2 9.150395e+03 9.166750e+03 9.152577e+03 9.136222e+03
19.2 9.163528e+03 9.169079e+03 9.152584e+03 9.147033e+03
20.2 9.179921e+03 9.167811e+03 9.152587e+03 9.164697e+03
21.2 9.162463e+03 9.156241e+03 9.152589e+03 9.158811e+03
0.7 9.161069e+03 9.147434e+03 9.152652e+03 9.166288e+03
1.7 9.183162e+03 9.151066e+03 9.156184e+03 9.188280e+03
2.7 9.175166e+03 9.158437e+03 9.167960e+03 9.184689e+03
3.7 9.148169e+03 9.165803e+03 9.179969e+03 9.162334e+03
4.7 9.147479e+03 9.172113e+03 9.179842e+03 9.155208e+03
5.7 9.145711e+03 9.172663e+03 9.170458e+03 9.143506e+03
6.7 9.152845e+03 9.160934e+03 9.160894e+03 9.152804e+03
7.7 9.145039e+03 9.146731e+03 9.154632e+03 9.152940e+03
8.7 9.142138e+03 9.136923e+03 9.151337e+03 9.156552e+03
9.7 9.136246e+03 9.133330e+03 9.150015e+03 9.152930e+03
10.7 9.141619e+03 9.138587e+03 9.149888e+03 9.152920e+03
11.7 9.163436e+03 9.147814e+03 9.150367e+03 9.165989e+03
12.7 9.180951e+03 9.160726e+03 9.151026e+03 9.171252e+03
13.7 9.158008e+03 9.163847e+03 9.151614e+03 9.145775e+03
14.7 9.135307e+03 9.154788e+03 9.152038e+03 9.132558e+03
15.7 9.129786e+03 9.144075e+03 9.152303e+03 9.138015e+03
16.7 9.134062e+03 9.138742e+03 9.152451e+03 9.147771e+03
17.7 9.124962e+03 9.142565e+03 9.152527e+03 9.134924e+03
18.7 9.144478e+03 9.148679e+03 9.152562e+03 9.148362e+03
19.7 9.146007e+03 9.151991e+03 9.152578e+03 9.146594e+03
20.7 9.139172e+03 9.152072e+03 9.152585e+03 9.139685e+03
21.7 9.151268e+03 9.160745e+03 9.152588e+03 9.143111e+03
