0.7 9.432770e+03 9.440593e+03 9.437814e+03 9.429991e+03
1.7 9.420114e+03 9.439419e+03 9.435978e+03 9.416673e+03
2.7 9.416002e+03 9.431724e+03 9.430311e+03 9.414589e+03
3.7 9.421483e+03 9.428968e+03 9.426606e+03 9.419121e+03
4.7 9.468329e+03 9.437876e+03 9.428542e+03 9.458995e+03
5.7 9.468324e+03 9.441840e+03 9.431146e+03 9.457629e+03
6.7 9.429285e+03 9.436346e+03 9.429780e+03 9.422719e+03
7.7 9.403766e+03 9.437459e+03 9.429691e+03 9.395998e+03
8.7 9.409429e+03 9.443949e+03 9.432608e+03 9.398088e+03
9.7 9.426422e+03 9.444356e+03 9.435755e+03 9.417822e+03
10.7 9.446094e+03 9.442149e+03 9.437730e+03 9.441675e+03
11.7 9.466662e+03 9.442500e+03 9.438647e+03 9.462810e+03
12.7 9.479342e+03 9.445827e+03 9.438930e+03 9.472445e+03
13.7 9.483012e+03 9.451643e+03 9.438873e+03 9.470243e+03
14.7 9.471447e+03 9.450530e+03 9.438661e+03 9.459578e+03
15.7 9.447986e+03 9.446073e+03 9.438414e+03 9.440327e+03
16.7 9.437002e+03 9.441468e+03 9.438202e+03 9.433736e+03
17.7 9.428136e+03 9.429666e+03 9.438051e+03 9.436521e+03
18.7 9.424053e+03 9.423012e+03 9.437956e+03 9.438997e+03
19.7 9.410257e+03 9.427578e+03 9.437903e+03 9.420583e+03
20.7 9.413428e+03 9.436331e+03 9.437875e+03 9.414972e+03
21.7 9.443120e+03 9.446991e+03 9.437608e+03 9.433738e+03
0.6 9.468329e+03 9.437876e+03 9.428542e+03 9.458995e+03
1.6 9.468324e+03 9.441840e+03 9.431146e+03 9.457629e+03
2.6 9.429285e+03 9.436346e+03 9.429780e+03 9.422719e+03
3.6 9.403766e+03 9.437459e+03 9.429691e+03 9.395998e+03
4.6 9.409429e+03 9.443949e+03 9.432608e+03 9.398088e+03
5.6 9.426422e+03 9.444356e+03 9.435755e+03 9.417822e+03
6.6 9.446094e+03 9.442149e+03 9.437730e+03 9.441675e+03
7.6 9.466662e+03 9.442500e+03 9.438647e+03 9.462810e+03
8.6 9.479342e+03 9.445827e+03 9.438930e+03 9.472445e+03
9.6 9.483012e+03 9.451643e+03 9.438873e+03 9.470243e+03
10.6 9.471447e+03 9.450530e+03 9.438661e+03 9.459578e+03
11.6 9.447986e+03 9.446073e+03 9.438414e+03 9.440327e+03
12.6 9.437002e+03 9.441468e+03 9.438202e+03 9.433736e+03
13.6 9.428136e+03 9.429666e+03 9.438051e+03 9.436521e+03
14.6 9.424053e+03 9.423012e+03 9.437956e+03 9.438997e+03
15.6 9.410257e+03 9.427578e+03 9.437903e+03 9.420583e+03
16.6 9.413428e+03 9.436331e+03 9.437875e+03 9.414972e+03
17.6 9.443120e+03 9.446991e+03 9.437608e+03 9.433738e+03
18.6 9.458598e+03 9.447457e+03 9.434345e+03 9.445486e+03
19.6 9.437377e+03 9.436802e+03 9.427754e+03 9.428328e+03
20.6 9.440606e+03 9.428613e+03 9.423643e+03 9.435636e+03
21.6 9.439516e+03 9.434625e+03 9.425944e+03 9.430835e+03
0.1 9.413428e+03 9.436331e+03 9.437875e+03 9.414972e+03
1.1 9.443120e+03 9.446991e+03 9.437608e+03 9.433738e+03
2.1 9.458598e+03 9.447457e+03 9.434345e+03 9.445486e+03
3.1 9.437377e+03 9.436802e+03 9.427754e+03 9.428328e+03
4.1 9.440606e+03 9.428613e+03 9.423643e+03 9.435636e+03
5.1 9.439516e+03 9.434625e+03 9.425944e+03 9.430835e+03
6.1 9.430562e+03 9.437786e+03 9.430979e+03 9.423755e+03
7.1 9.413694e+03 9.429163e+03 9.435120e+03 9.419651e+03
8.1 9.419992e+03 9.421123e+03 9.437594e+03 9.436462e+03
9.1 9.455550e+03 9.428628e+03 9.438797e+03 9.465718e+03
10.1 9.475727e+03 9.438861e+03 9.439189e+03 9.476055e+03
11.1 9.452630e+03 9.439627e+03 9.439111e+03 9.452114e+03
12.1 9.435330e+03 9.434665e+03 9.438824e+03 9.439489e+03
13.1 9.443847e+03 9.432540e+03 9.438504e+03 9.449811e+03
14.1 9.456620e+03 9.440486e+03 9.438243e+03 9.454377e+03
15.1 9.474313e+03 9.445705e+03 9.438066e+03 9.466674e+03
16.1 9.466806e+03 9.443801e+03 9.437960e+03 9.460965e+03
17.1 9.438308e+03 9.439960e+03 9.437903e+03 9.436251e+03
18.1 9.436574e+03 9.437210e+03 9.437875e+03 9.437239e+03
19.1 9.447986e+03 9.437822e+03 9.437862e+03 9.448026e+03
20.1 9.453385e+03 9.442232e+03 9.437856e+03 9.449008e+03
21.1 9.454298e+03 9.439963e+03 9.437854e+03 9.452189e+03
0.8 9.455218e+03 9.452664e+03 9.437785e+03 9.440339e+03
1.8 9.457582e+03 9.452949e+03 9.435643e+03 9.440276e+03
2.8 9.452486e+03 9.443962e+03 9.431164e+03 9.439689e+03
3.8 9.452633e+03 9.443296e+03 9.430246e+03 9.439583e+03
4.8 9.460081e+03 9.445221e+03 9.432636e+03 9.447496e+03
5.8 9.463584e+03 9.440234e+03 9.435312e+03 9.458662e+03
6.8 9.441444e+03 9.432660e+03 9.437094e+03 9.445877e+03
7.8 9.439722e+03 9.432051e+03 9.438056e+03 9.445727e+03
8.8 9.463089e+03 9.440087e+03 9.437981e+03 9.460982e+03
9.8 9.466846e+03 9.439518e+03 9.434050e+03 9.461378e+03
10.8 9.434851e+03 9.430407e+03 9.427259e+03 9.431703e+03
11.8 9.432411e+03 9.426481e+03 9.424052e+03 9.429982e+03
12.8 9.421302e+03 9.435188e+03 9.427026e+03 9.413141e+03
13.8 9.429916e+03 9.437246e+03 9.431959e+03 9.424629e+03
14.8 9.436561e+03 9.434210e+03 9.435738e+03 9.438089e+03
15.8 9.445670e+03 9.440400e+03 9.437915e+03 9.443185e+03
16.8 9.436435e+03 9.444392e+03 9.438929e+03 9.430972e+03
17.8 9.422849e+03 9.442477e+03 9.439209e+03 9.419580e+03
18.8 9.426706e+03 9.439089e+03 9.439074e+03 9.426691e+03
19.8 9.464758e+03 9.436629e+03 9.438769e+03 9.466898e+03
20.8 9.459726e+03 9.435149e+03 9.438359e+03 9.462936e+03
21.8 9.421438e+03 9.432084e+03 9.435714e+03 9.425068e+03
0.3 9.439722e+03 9.432051e+03 9.438056e+03 9.445727e+03
1.3 9.463089e+03 9.440087e+03 9.437981e+03 9.460982e+03
2.3 9.466846e+03 9.439518e+03 9.434050e+03 9.461378e+03
3.3 9.434851e+03 9.430407e+03 9.427259e+03 9.431703e+03
4.3 9.432411e+03 9.426481e+03 9.424052e+03 9.429982e+03
5.3 9.421302e+03 9.435188e+03 9.427026e+03 9.413141e+03
6.3 9.429916e+03 9.437246e+03 9.431959e+03 9.424629e+03
7.3 9.436561e+03 9.434210e+03 9.435738e+03 9.438089e+03
8.3 9.445670e+03 9.440400e+03 9.437915e+03 9.443185e+03
9.3 9.436435e+03 9.444392e+03 9.438929e+03 9.430972e+03
10.3 9.422849e+03 9.442477e+03 9.439209e+03 9.419580e+03
11.3 9.426706e+03 9.439089e+03 9.439074e+03 9.426691e+03
12.3 9.464758e+03 9.436629e+03 9.438769e+03 9.466898e+03
13.3 9.459726e+03 9.435149e+03 9.438359e+03 9.462936e+03
14.3 9.421438e+03 9.432084e+03 9.435714e+03 9.425068e+03
15.3 9.399486e+03 9.426019e+03 9.429658e+03 9.403125e+03
16.3 9.410626e+03 9.427015e+03 9.426678e+03 9.410289e+03
17.3 9.430112e+03 9.437625e+03 9.429151e+03 9.421639e+03
18.3 9.433018e+03 9.440234e+03 9.433151e+03 9.425935e+03
19.3 9.430309e+03 9.433741e+03 9.436144e+03 9.432712e+03
20.3 9.436898e+03 9.436628e+03 9.437856e+03 9.438126e+03
21.3 9.441244e+03 9.443153e+03 9.438661e+03 9.436752e+03
0.9 9.459726e+03 9.435149e+03 9.438359e+03 9.462936e+03
1.9 9.421438e+03 9.432084e+03 9.435714e+03 9.425068e+03
2.9 9.399486e+03 9.426019e+03 9.429658e+03 9.403125e+03
3.9 9.410626e+03 9.427015e+03 9.426678e+03 9.410289e+03
4.9 9.430112e+03 9.437625e+03 9.429151e+03 9.421639e+03
5.9 9.433018e+03 9.440234e+03 9.433151e+03 9.425935e+03
6.9 9.430309e+03 9.433741e+03 9.436144e+03 9.432712e+03
7.9 9.436898e+03 9.436628e+03 9.437856e+03 9.438126e+03
8.9 9.441244e+03 9.443153e+03 9.438661e+03 9.436752e+03
9.9 9.438534e+03 9.444135e+03 9.438892e+03 9.433290e+03
10.9 9.462639e+03 9.444124e+03 9.438794e+03 9.457310e+03
11.9 9.491016e+03 9.448713e+03 9.438560e+03 9.480863e+03
12.9 9.474450e+03 9.452318e+03 9.438316e+03 9.460449e+03
13.9 9.452271e+03 9.448391e+03 9.438125e+03 9.442005e+03
14.9 9.431316e+03 9.442012e+03 9.437999e+03 9.427304e+03
15.9 9.435985e+03 9.437286e+03 9.437925e+03 9.436624e+03
16.9 9.436839e+03 9.434704e+03 9.437886e+03 9.440022e+03
17.9 9.467113e+03 9.434294e+03 9.437867e+03 9.470686e+03
18.9 9.496783e+03 9.437657e+03 9.437858e+03 9.496984e+03
19.9 9.465242e+03 9.435601e+03 9.437855e+03 9.467496e+03
20.9 9.424397e+03 9.426434e+03 9.437853e+03 9.435816e+03
21.9 9.405921e+03 9.424005e+03 9.437853e+03 9.419769e+03
0.9 9.433118e+03 9.436317e+03 9.437758e+03 9.434559e+03
1.9 9.424861e+03 9.433717e+03 9.435359e+03 9.426503e+03
2.9 9.418733e+03 9.427175e+03 9.429118e+03 9.420677e+03
3.9 9.424588e+03 9.422367e+03 9.423940e+03 9.426161e+03
4.9 9.440659e+03 9.430164e+03 9.425098e+03 9.435593e+03
5.9 9.438502e+03 9.437556e+03 9.429976e+03 9.430921e+03
6.9 9.416202e+03 9.431637e+03 9.434429e+03 9.418995e+03
7.9 9.415934e+03 9.423027e+03 9.437217e+03 9.430124e+03
8.9 9.433883e+03 9.428694e+03 9.438634e+03 9.443823e+03
9.9 9.444591e+03 9.439318e+03 9.439158e+03 9.444430e+03
10.9 9.427982e+03 9.442285e+03 9.439151e+03 9.424848e+03
11.9 9.409639e+03 9.440567e+03 9.438888e+03 9.407960e+03
12.9 9.407863e+03 9.438898e+03 9.438565e+03 9.407529e+03
13.9 9.432266e+03 9.440778e+03 9.438289e+03 9.429776e+03
14.9 9.460610e+03 9.438501e+03 9.438095e+03 9.460204e+03
15.9 9.453359e+03 9.428320e+03 9.437977e+03 9.463016e+03
16.9 9.412432e+03 9.426479e+03 9.437912e+03 9.423866e+03
17.9 9.399946e+03 9.434160e+03 9.437879e+03 9.403665e+03
18.9 9.402124e+03 9.446116e+03 9.437864e+03 9.393872e+03
19.9 9.400811e+03 9.451342e+03 9.437857e+03 9.387326e+03
20.9 9.398084e+03 9.447782e+03 9.437854e+03 9.388155e+03
21.9 9.423789e+03 9.442787e+03 9.437853e+03 9.418855e+03
0.2 9.419531e+03 9.452164e+03 9.437852e+03 9.405219e+03
1.2 9.407994e+03 9.449279e+03 9.437405e+03 9.396121e+03
2.2 9.409500e+03 9.438998e+03 9.433524e+03 9.404025e+03
3.2 9.428228e+03 9.428442e+03 9.427792e+03 9.427578e+03
4.2 9.450600e+03 9.431040e+03 9.427004e+03 9.446564e+03
5.2 9.446817e+03 9.439444e+03 9.430509e+03 9.437882e+03
6.2 9.408501e+03 9.441261e+03 9.434281e+03 9.401521e+03
7.2 9.394323e+03 9.437289e+03 9.434978e+03 9.392011e+03
8.2 9.388247e+03 9.429238e+03 9.430477e+03 9.389486e+03
9.2 9.430592e+03 9.421776e+03 9.425270e+03 9.434086e+03
10.2 9.440345e+03 9.414794e+03 9.425615e+03 9.451166e+03
11.2 9.458190e+03 9.412933e+03 9.430109e+03 9.475366e+03
12.2 9.442922e+03 9.422340e+03 9.434513e+03 9.455095e+03
13.2 9.413699e+03 9.434547e+03 9.437306e+03 9.416458e+03
14.2 9.412684e+03 9.446446e+03 9.438719e+03 9.404957e+03
15.2 9.419370e+03 9.453874e+03 9.439239e+03 9.404734e+03
16.2 9.441163e+03 9.451509e+03 9.439229e+03 9.428884e+03
17.2 9.445792e+03 9.445185e+03 9.438959e+03 9.439565e+03
18.2 9.448702e+03 9.439801e+03 9.438621e+03 9.447521e+03
19.2 9.438763e+03 9.435068e+03 9.438328e+03 9.442022e+03
20.2 9.422595e+03 9.426698e+03 9.438119e+03 9.434016e+03
21.2 9.415954e+03 9.420407e+03 9.437990e+03 9.433537e+03
0.7 9.408501e+03 9.441261e+03 9.434281e+03 9.401521e+03
1.7 9.394323e+03 9.437289e+03 9.434978e+03 9.392011e+03
2.7 9.388247e+03 9.429238e+03 9.430477e+03 9.389486e+03
3.7 9.430592e+03 9.421776e+03 9.425270e+03 9.434086e+03
4.7 9.440345e+03 9.414794e+03 9.425615e+03 9.451166e+03
5.7 9.458190e+03 9.412933e+03 9.430109e+03 9.475366e+03
6.7 9.442922e+03 9.422340e+03 9.434513e+03 9.455095e+03
7.7 9.413699e+03 9.434547e+03 9.437306e+03 9.416458e+03
8.7 9.412684e+03 9.446446e+03 9.438719e+03 9.404957e+03
9.7 9.419370e+03 9.453874e+03 9.439239e+03 9.404734e+03
10.7 9.441163e+03 9.451509e+03 9.439229e+03 9.428884e+03
11.7 9.445792e+03 9.445185e+03 9.438959e+03 9.439565e+03
12.7 9.448702e+03 9.439801e+03 9.438621e+03 9.447521e+03
13.7 9.438763e+03 9.435068e+03 9.438328e+03 9.442022e+03
14.7 9.422595e+03 9.426698e+03 9.438119e+03 9.434016e+03
15.7 9.415954e+03 9.420407e+03 9.437990e+03 9.433537e+03
16.7 9.423538e+03 9.428829e+03 9.437919e+03 9.432627e+03
17.7 9.430211e+03 9.438889e+03 9.437882e+03 9.429205e+03
18.7 9.425526e+03 9.441179e+03 9.437865e+03 9.422212e+03
19.7 9.428817e+03 9.439609e+03 9.437858e+03 9.427066e+03
20.7 9.429316e+03 9.435985e+03 9.437854e+03 9.431186e+03
21.7 9.415307e+03 9.427603e+03 9.437853e+03 9.425557e+03
0.7 9.418809e+03 9.427728e+03 9.437833e+03 9.428915e+03
1.7 9.396183e+03 9.427014e+03 9.436303e+03 9.405472e+03
2.7 9.393603e+03 9.424660e+03 9.430713e+03 9.399656e+03
3.7 9.405726e+03 9.421159e+03 9.424637e+03 9.409205e+03
4.7 9.425775e+03 9.427453e+03 9.424317e+03 9.422639e+03
5.7 9.454489e+03 9.439609e+03 9.428794e+03 9.443674e+03
6.7 9.457224e+03 9.442806e+03 9.433553e+03 9.447971e+03
7.7 9.443951e+03 9.438245e+03 9.436720e+03 9.442426e+03
8.7 9.413724e+03 9.437336e+03 9.438404e+03 9.414792e+03
9.7 9.419191e+03 9.444559e+03 9.439096e+03 9.413728e+03
10.7 9.451331e+03 9.448168e+03 9.439184e+03 9.442346e+03
11.7 9.448067e+03 9.449248e+03 9.438959e+03 9.437778e+03
12.7 9.439012e+03 9.453268e+03 9.438637e+03 9.424381e+03
13.7 9.427891e+03 9.455005e+03 9.438345e+03 9.411231e+03
14.7 9.448713e+03 9.452826e+03 9.438132e+03 9.434019e+03
15.7 9.468370e+03 9.450203e+03 9.437998e+03 9.456165e+03
16.7 9.461368e+03 9.438652e+03 9.437923e+03 9.460639e+03
17.7 9.430741e+03 9.426276e+03 9.437884e+03 9.442349e+03
18.7 9.419607e+03 9.423770e+03 9.437866e+03 9.433704e+03
19.7 9.408819e+03 9.426567e+03 9.437858e+03 9.420110e+03
20.7 9.416213e+03 9.428347e+03 9.437855e+03 9.425721e+03
21.7 9.410805e+03 9.427554e+03 9.437853e+03 9.421105e+03
