0.7 9.456934e+03 9.477767e+03 9.482219e+03 9.461386e+03
1.7 9.448287e+03 9.481576e+03 9.480676e+03 9.447387e+03
2.7 9.454881e+03 9.478231e+03 9.475914e+03 9.452564e+03
3.7 9.470061e+03 9.477069e+03 9.472800e+03 9.465792e+03
4.7 9.511241e+03 9.483837e+03 9.474427e+03 9.501832e+03
5.7 9.506940e+03 9.486785e+03 9.476615e+03 9.496771e+03
6.7 9.463784e+03 9.482412e+03 9.475467e+03 9.456839e+03
7.7 9.437884e+03 9.482759e+03 9.475393e+03 9.430517e+03
8.7 9.444921e+03 9.487347e+03 9.477844e+03 9.435418e+03
9.7 9.463050e+03 9.487931e+03 9.480489e+03 9.455608e+03
10.7 9.481551e+03 9.487697e+03 9.482148e+03 9.476001e+03
11.7 9.506038e+03 9.491108e+03 9.482920e+03 9.497850e+03
12.7 9.522372e+03 9.495215e+03 9.483157e+03 9.510313e+03
13.7 9.528957e+03 9.498010e+03 9.483109e+03 9.514055e+03
14.7 9.516463e+03 9.495125e+03 9.482931e+03 9.504269e+03
15.7 9.495007e+03 9.491795e+03 9.482723e+03 9.485936e+03
16.7 9.485725e+03 9.489322e+03 9.482545e+03 9.478949e+03
17.7 9.479759e+03 9.477856e+03 9.482418e+03 9.484321e+03
18.7 9.470063e+03 9.470905e+03 9.482339e+03 9.481496e+03
19.7 9.449992e+03 9.476667e+03 9.482294e+03 9.455618e+03
20.7 9.452842e+03 9.486255e+03 9.482271e+03 9.448858e+03
21.7 9.477968e+03 9.493968e+03 9.482046e+03 9.466046e+03
0.6 9.511241e+03 9.483837e+03 9.474427e+03 9.501832e+03
1.6 9.506940e+03 9.486785e+03 9.476615e+03 9.496771e+03
2.6 9.463784e+03 9.482412e+03 9.475467e+03 9.456839e+03
3.6 9.437884e+03 9.482759e+03 9.475393e+03 9.430517e+03
4.6 9.444921e+03 9.487347e+03 9.477844e+03 9.435418e+03
5.6 9.463050e+03 9.487931e+03 9.480489e+03 9.455608e+03
6.6 9.481551e+03 9.487697e+03 9.482148e+03 9.476001e+03
7.6 9.506038e+03 9.491108e+03 9.482920e+03 9.497850e+03
8.6 9.522372e+03 9.495215e+03 9.483157e+03 9.510313e+03
9.6 9.528957e+03 9.498010e+03 9.483109e+03 9.514055e+03
10.6 9.516463e+03 9.495125e+03 9.482931e+03 9.504269e+03
11.6 9.495007e+03 9.491795e+03 9.482723e+03 9.485936e+03
12.6 9.485725e+03 9.489322e+03 9.482545e+03 9.478949e+03
13.6 9.479759e+03 9.477856e+03 9.482418e+03 9.484321e+03
14.6 9.470063e+03 9.470905e+03 9.482339e+03 9.481496e+03
15.6 9.449992e+03 9.476667e+03 9.482294e+03 9.455618e+03
16.6 9.452842e+03 9.486255e+03 9.482271e+03 9.448858e+03
17.6 9.477968e+03 9.493968e+03 9.482046e+03 9.466046e+03
18.6 9.490444e+03 9.492317e+03 9.479304e+03 9.477431e+03
19.6 9.469732e+03 9.482524e+03 9.473764e+03 9.460972e+03
20.6 9.473967e+03 9.475336e+03 9.470310e+03 9.468941e+03
21.6 9.474340e+03 9.479124e+03 9.472244e+03 9.467460e+03
0.1 9.452842e+03 9.486255e+03 9.482271e+03 9.448858e+03
1.1 9.477968e+03 9.493968e+03 9.482046e+03 9.466046e+03
2.1 9.490444e+03 9.492317e+03 9.479304e+03 9.477431e+03
3.1 9.469732e+03 9.482524e+03 9.473764e+03 9.460972e+03
4.1 9.473967e+03 9.475336e+03 9.470310e+03 9.468941e+03
5.1 9.474340e+03 9.479124e+03 9.472244e+03 9.467460e+03
6.1 9.466185e+03 9.478394e+03 9.476475e+03 9.464267e+03
7.1 9.441333e+03 9.465046e+03 9.479955e+03 9.456243e+03
8.1 9.447444e+03 9.454034e+03 9.482034e+03 9.475443e+03
9.1 9.490179e+03 9.461560e+03 9.483045e+03 9.511664e+03
10.1 9.522202e+03 9.474916e+03 9.483375e+03 9.530660e+03
11.1 9.501433e+03 9.480554e+03 9.483309e+03 9.504188e+03
12.1 9.493565e+03 9.479796e+03 9.483068e+03 9.496836e+03
13.1 9.506057e+03 9.479590e+03 9.482799e+03 9.509266e+03
14.1 9.514480e+03 9.485858e+03 9.482580e+03 9.511202e+03
15.1 9.522763e+03 9.489877e+03 9.482431e+03 9.515317e+03
16.1 9.511495e+03 9.488619e+03 9.482342e+03 9.505219e+03
17.1 9.481702e+03 9.485810e+03 9.482294e+03 9.478186e+03
18.1 9.478478e+03 9.483741e+03 9.482270e+03 9.477007e+03
19.1 9.494809e+03 9.484994e+03 9.482259e+03 9.492075e+03
20.1 9.498725e+03 9.490276e+03 9.482255e+03 9.490704e+03
21.1 9.497728e+03 9.488188e+03 9.482252e+03 9.491792e+03
0.8 9.505693e+03 9.498196e+03 9.482195e+03 9.489692e+03
1.8 9.504029e+03 9.496542e+03 9.480394e+03 9.487881e+03
2.8 9.495422e+03 9.488109e+03 9.476631e+03 9.483943e+03
3.8 9.491828e+03 9.486478e+03 9.475859e+03 9.481208e+03
4.8 9.498256e+03 9.487538e+03 9.477868e+03 9.488586e+03
5.8 9.499169e+03 9.483833e+03 9.480117e+03 9.495453e+03
6.8 9.477464e+03 9.478212e+03 9.481614e+03 9.480866e+03
7.8 9.472764e+03 9.477802e+03 9.482423e+03 9.477385e+03
8.8 9.498756e+03 9.483780e+03 9.482359e+03 9.497336e+03
9.8 9.504564e+03 9.483377e+03 9.479056e+03 9.500244e+03
10.8 9.483737e+03 9.476506e+03 9.473349e+03 9.480580e+03
11.8 9.492359e+03 9.473561e+03 9.470653e+03 9.489451e+03
12.8 9.483458e+03 9.479708e+03 9.473153e+03 9.476904e+03
13.8 9.490597e+03 9.477738e+03 9.477299e+03 9.490158e+03
14.8 9.497644e+03 9.471420e+03 9.480475e+03 9.506698e+03
15.8 9.497223e+03 9.476541e+03 9.482304e+03 9.502986e+03
16.8 9.476477e+03 9.482835e+03 9.483156e+03 9.476799e+03
17.8 9.457449e+03 9.484584e+03 9.483391e+03 9.456256e+03
18.8 9.462400e+03 9.484091e+03 9.483278e+03 9.461587e+03
19.8 9.499887e+03 9.483303e+03 9.483021e+03 9.499606e+03
20.8 9.500396e+03 9.482588e+03 9.482677e+03 9.500486e+03
21.8 9.459380e+03 9.480084e+03 9.480454e+03 9.459750e+03
0.3 9.472764e+03 9.477802e+03 9.482423e+03 9.477385e+03
1.3 9.498756e+03 9.483780e+03 9.482359e+03 9.497336e+03
2.3 9.504564e+03 9.483377e+03 9.479056e+03 9.500244e+03
3.3 9.483737e+03 9.476506e+03 9.473349e+03 9.480580e+03
4.3 9.492359e+03 9.473561e+03 9.470653e+03 9.489451e+03
5.3 9.483458e+03 9.479708e+03 9.473153e+03 9.476904e+03
6.3 9.490597e+03 9.477738e+03 9.477299e+03 9.490158e+03
7.3 9.497644e+03 9.471420e+03 9.480475e+03 9.506698e+03
8.3 9.497223e+03 9.476541e+03 9.482304e+03 9.502986e+03
9.3 9.476477e+03 9.482835e+03 9.483156e+03 9.476799e+03
10.3 9.457449e+03 9.484584e+03 9.483391e+03 9.456256e+03
11.3 9.462400e+03 9.484091e+03 9.483278e+03 9.461587e+03
12.3 9.499887e+03 9.483303e+03 9.483021e+03 9.499606e+03
13.3 9.500396e+03 9.482588e+03 9.482677e+03 9.500486e+03
14.3 9.459380e+03 9.480084e+03 9.480454e+03 9.459750e+03
15.3 9.433063e+03 9.474818e+03 9.475365e+03 9.433609e+03
16.3 9.437928e+03 9.474829e+03 9.472861e+03 9.435960e+03
17.3 9.462350e+03 9.482250e+03 9.474939e+03 9.455039e+03
18.3 9.470181e+03 9.482115e+03 9.478300e+03 9.466366e+03
19.3 9.468528e+03 9.472393e+03 9.480816e+03 9.476950e+03
20.3 9.473504e+03 9.473113e+03 9.482254e+03 9.482645e+03
21.3 9.478909e+03 9.480571e+03 9.482931e+03 9.481269e+03
0.9 9.500396e+03 9.482588e+03 9.482677e+03 9.500486e+03
1.9 9.459380e+03 9.480084e+03 9.480454e+03 9.459750e+03
2.9 9.433063e+03 9.474818e+03 9.475365e+03 9.433609e+03
3.9 9.437928e+03 9.474829e+03 9.472861e+03 9.435960e+03
4.9 9.462350e+03 9.482250e+03 9.474939e+03 9.455039e+03
5.9 9.470181e+03 9.482115e+03 9.478300e+03 9.466366e+03
6.9 9.468528e+03 9.472393e+03 9.480816e+03 9.476950e+03
7.9 9.473504e+03 9.473113e+03 9.482254e+03 9.482645e+03
8.9 9.478909e+03 9.480571e+03 9.482931e+03 9.481269e+03
9.9 9.482631e+03 9.485427e+03 9.483125e+03 9.480329e+03
10.9 9.506871e+03 9.490101e+03 9.483043e+03 9.499814e+03
11.9 9.546474e+03 9.495459e+03 9.482846e+03 9.533861e+03
12.9 9.530025e+03 9.497382e+03 9.482641e+03 9.515285e+03
13.9 9.501049e+03 9.493287e+03 9.482481e+03 9.490242e+03
14.9 9.488746e+03 9.487711e+03 9.482374e+03 9.483409e+03
15.9 9.496784e+03 9.483655e+03 9.482312e+03 9.495441e+03
16.9 9.497410e+03 9.481404e+03 9.482280e+03 9.498285e+03
17.9 9.525779e+03 9.481219e+03 9.482264e+03 9.526824e+03
18.9 9.545012e+03 9.485132e+03 9.482256e+03 9.542137e+03
19.9 9.511753e+03 9.483231e+03 9.482253e+03 9.510775e+03
20.9 9.473886e+03 9.473515e+03 9.482252e+03 9.482623e+03
21.9 9.462242e+03 9.470638e+03 9.482251e+03 9.473856e+03
0.9 9.480254e+03 9.482689e+03 9.482172e+03 9.479737e+03
1.9 9.478089e+03 9.480530e+03 9.480156e+03 9.477715e+03
2.9 9.479565e+03 9.475026e+03 9.474911e+03 9.479450e+03
3.9 9.491992e+03 9.470867e+03 9.470559e+03 9.491684e+03
4.9 9.506654e+03 9.476247e+03 9.471533e+03 9.501939e+03
5.9 9.484197e+03 9.479184e+03 9.475632e+03 9.480645e+03
6.9 9.445426e+03 9.468065e+03 9.479375e+03 9.456736e+03
7.9 9.436832e+03 9.455930e+03 9.481718e+03 9.462619e+03
8.9 9.460074e+03 9.461261e+03 9.482908e+03 9.481721e+03
9.9 9.468427e+03 9.474688e+03 9.483348e+03 9.477088e+03
10.9 9.459900e+03 9.482345e+03 9.483343e+03 9.460897e+03
11.9 9.454159e+03 9.484670e+03 9.483122e+03 9.452611e+03
12.9 9.457477e+03 9.485533e+03 9.482850e+03 9.454794e+03
13.9 9.483175e+03 9.489044e+03 9.482618e+03 9.476749e+03
14.9 9.517812e+03 9.487330e+03 9.482455e+03 9.512937e+03
15.9 9.511067e+03 9.476558e+03 9.482356e+03 9.516865e+03
16.9 9.464110e+03 9.474283e+03 9.482301e+03 9.472128e+03
17.9 9.442091e+03 9.481755e+03 9.482274e+03 9.442610e+03
18.9 9.444434e+03 9.491181e+03 9.482261e+03 9.435514e+03
19.9 9.446008e+03 9.494435e+03 9.482255e+03 9.433828e+03
20.9 9.448622e+03 9.491302e+03 9.482253e+03 9.439572e+03
21.9 9.475123e+03 9.487664e+03 9.482252e+03 9.469710e+03
0.2 9.470754e+03 9.495897e+03 9.482251e+03 9.457108e+03
1.2 9.453269e+03 9.492672e+03 9.481876e+03 9.442472e+03
2.2 9.453297e+03 9.484126e+03 9.478614e+03 9.447785e+03
3.2 9.474619e+03 9.475496e+03 9.473796e+03 9.472920e+03
4.2 9.488313e+03 9.476925e+03 9.473135e+03 9.484522e+03
5.2 9.483652e+03 9.483166e+03 9.476080e+03 9.476567e+03
6.2 9.453628e+03 9.485020e+03 9.479250e+03 9.447858e+03
7.2 9.445342e+03 9.482470e+03 9.479836e+03 9.442707e+03
8.2 9.437967e+03 9.476323e+03 9.476053e+03 9.437697e+03
9.2 9.471650e+03 9.470337e+03 9.471677e+03 9.472990e+03
10.2 9.482014e+03 9.463371e+03 9.471967e+03 9.490610e+03
11.2 9.500008e+03 9.461205e+03 9.475744e+03 9.514547e+03
12.2 9.485396e+03 9.471891e+03 9.479445e+03 9.492950e+03
13.2 9.459503e+03 9.485679e+03 9.481792e+03 9.455616e+03
14.2 9.459002e+03 9.495572e+03 9.482979e+03 9.446409e+03
15.2 9.460572e+03 9.499213e+03 9.483417e+03 9.444776e+03
16.2 9.473926e+03 9.495544e+03 9.483409e+03 9.461790e+03
17.2 9.466118e+03 9.489694e+03 9.483181e+03 9.459606e+03
18.2 9.471023e+03 9.485073e+03 9.482897e+03 9.468847e+03
19.2 9.469779e+03 9.480088e+03 9.482651e+03 9.472342e+03
20.2 9.461985e+03 9.468006e+03 9.482476e+03 9.476455e+03
21.2 9.453434e+03 9.457377e+03 9.482367e+03 9.478424e+03
0.7 9.453628e+03 9.485020e+03 9.479250e+03 9.447858e+03
1.7 9.445342e+03 9.482470e+03 9.479836e+03 9.442707e+03
2.7 9.437967e+03 9.476323e+03 9.476053e+03 9.437697e+03
3.7 9.471650e+03 9.470337e+03 9.471677e+03 9.472990e+03
4.7 9.482014e+03 9.463371e+03 9.471967e+03 9.490610e+03
5.7 9.500008e+03 9.461205e+03 9.475744e+03 9.514547e+03
6.7 9.485396e+03 9.471891e+03 9.479445e+03 9.492950e+03
7.7 9.459503e+03 9.485679e+03 9.481792e+03 9.455616e+03
8.7 9.459002e+03 9.495572e+03 9.482979e+03 9.446409e+03
9.7 9.460572e+03 9.499213e+03 9.483417e+03 9.444776e+03
10.7 9.473926e+03 9.495544e+03 9.483409e+03 9.461790e+03
11.7 9.466118e+03 9.489694e+03 9.483181e+03 9.459606e+03
12.7 9.471023e+03 9.485073e+03 9.482897e+03 9.468847e+03
13.7 9.469779e+03 9.480088e+03 9.482651e+03 9.472342e+03
14.7 9.461985e+03 9.468006e+03 9.482476e+03 9.476455e+03
15.7 9.453434e+03 9.457377e+03 9.482367e+03 9.478424e+03
16.7 9.457143e+03 9.464019e+03 9.482307e+03 9.475431e+03
17.7 9.468461e+03 9.475948e+03 9.482277e+03 9.474789e+03
18.7 9.465301e+03 9.482117e+03 9.482262e+03 9.465446e+03
19.7 9.469326e+03 9.483899e+03 9.482256e+03 9.467683e+03
20.7 9.471774e+03 9.481215e+03 9.482253e+03 9.472811e+03
21.7 9.457184e+03 9.469409e+03 9.482252e+03 9.470027e+03
0.7 9.456831e+03 9.475488e+03 9.482235e+03 9.463578e+03
1.7 9.430975e+03 9.474630e+03 9.480949e+03 9.437294e+03
2.7 9.440654e+03 9.472877e+03 9.476252e+03 9.444029e+03
3.7 9.452273e+03 9.470053e+03 9.471145e+03 9.453365e+03
4.7 9.473970e+03 9.474548e+03 9.470877e+03 9.470299e+03
5.7 9.499574e+03 9.483650e+03 9.474639e+03 9.490563e+03
6.7 9.497704e+03 9.486354e+03 9.478638e+03 9.489988e+03
7.7 9.489905e+03 9.483077e+03 9.481299e+03 9.488127e+03
8.7 9.462086e+03 9.482324e+03 9.482715e+03 9.462478e+03
9.7 9.461178e+03 9.487566e+03 9.483297e+03 9.456909e+03
10.7 9.489380e+03 9.491112e+03 9.483370e+03 9.481638e+03
11.7 9.482953e+03 9.493945e+03 9.483181e+03 9.472189e+03
12.7 9.477578e+03 9.497405e+03 9.482911e+03 9.463083e+03
13.7 9.468287e+03 9.497933e+03 9.482665e+03 9.453019e+03
14.7 9.489462e+03 9.496941e+03 9.482486e+03 9.475008e+03
15.7 9.506098e+03 9.496470e+03 9.482374e+03 9.492002e+03
16.7 9.500221e+03 9.485824e+03 9.482311e+03 9.496707e+03
17.7 9.481418e+03 9.473330e+03 9.482278e+03 9.490366e+03
18.7 9.471171e+03 9.470649e+03 9.482263e+03 9.482785e+03
19.7 9.466832e+03 9.473381e+03 9.482256e+03 9.475707e+03
20.7 9.471401e+03 9.475275e+03 9.482253e+03 9.478379e+03
21.7 9.458129e+03 9.474781e+03 9.482252e+03 9.465600e+03
