0.9 8.379157e+03 8.372481e+03 8.392087e+03 8.398763e+03
1.9 8.401681e+03 8.372200e+03 8.396647e+03 8.426128e+03
2.9 8.405734e+03 8.381129e+03 8.407367e+03 8.431972e+03
3.9 8.403681e+03 8.395241e+03 8.412282e+03 8.420722e+03
4.9 8.411407e+03 8.409530e+03 8.407523e+03 8.409399e+03
5.9 8.400689e+03 8.405049e+03 8.400249e+03 8.395888e+03
6.9 8.374299e+03 8.390894e+03 8.394877e+03 8.378282e+03
7.9 8.369641e+03 8.379838e+03 8.391824e+03 8.381627e+03
8.9 8.389967e+03 8.389200e+03 8.390400e+03 8.391167e+03
9.9 8.442871e+03 8.407218e+03 8.390003e+03 8.425655e+03
10.9 8.449783e+03 8.403653e+03 8.390190e+03 8.436320e+03
11.9 8.421144e+03 8.389152e+03 8.390617e+03 8.422610e+03
12.9 8.382134e+03 8.377787e+03 8.391057e+03 8.395403e+03
13.9 8.381726e+03 8.372144e+03 8.391400e+03 8.400981e+03
14.9 8.410949e+03 8.383585e+03 8.391626e+03 8.418990e+03
15.9 8.439153e+03 8.405293e+03 8.391757e+03 8.425617e+03
16.9 8.425021e+03 8.404987e+03 8.391826e+03 8.411860e+03
17.9 8.390399e+03 8.391166e+03 8.391860e+03 8.391094e+03
18.9 8.372746e+03 8.378692e+03 8.391875e+03 8.385929e+03
19.9 8.388147e+03 8.373027e+03 8.391882e+03 8.407002e+03
20.9 8.398108e+03 8.376375e+03 8.391885e+03 8.413618e+03
21.9 8.438257e+03 8.393793e+03 8.391886e+03 8.436350e+03
0.3 8.382906e+03 8.366779e+03 8.391886e+03 8.408013e+03
1.3 8.374247e+03 8.366881e+03 8.392875e+03 8.400241e+03
2.3 8.359700e+03 8.374632e+03 8.400350e+03 8.385418e+03
3.3 8.367152e+03 8.387353e+03 8.410503e+03 8.390302e+03
4.3 8.397834e+03 8.410056e+03 8.411308e+03 8.399086e+03
5.3 8.436011e+03 8.423714e+03 8.404758e+03 8.417055e+03
6.3 8.428575e+03 8.417016e+03 8.397957e+03 8.409516e+03
7.3 8.424099e+03 8.421340e+03 8.393506e+03 8.396265e+03
8.3 8.431632e+03 8.421477e+03 8.391142e+03 8.401296e+03
9.3 8.425056e+03 8.404861e+03 8.390158e+03 8.410353e+03
10.3 8.410455e+03 8.386398e+03 8.390024e+03 8.414081e+03
11.3 8.408972e+03 8.384423e+03 8.390335e+03 8.414885e+03
12.3 8.442018e+03 8.402957e+03 8.390788e+03 8.429848e+03
13.3 8.445289e+03 8.406859e+03 8.391198e+03 8.429628e+03
14.3 8.392164e+03 8.397281e+03 8.391497e+03 8.386379e+03
15.3 8.368409e+03 8.393358e+03 8.391684e+03 8.366734e+03
16.3 8.360906e+03 8.409138e+03 8.391788e+03 8.343556e+03
17.3 8.375835e+03 8.411373e+03 8.391842e+03 8.356304e+03
18.3 8.388575e+03 8.404935e+03 8.391867e+03 8.375508e+03
19.3 8.419595e+03 8.414664e+03 8.391878e+03 8.396809e+03
20.3 8.411003e+03 8.412004e+03 8.391883e+03 8.390882e+03
21.3 8.390236e+03 8.394981e+03 8.391885e+03 8.387139e+03
0.4 8.335787e+03 8.367775e+03 8.391888e+03 8.359900e+03
1.4 8.381098e+03 8.366508e+03 8.393311e+03 8.407902e+03
2.4 8.412109e+03 8.373693e+03 8.400783e+03 8.439198e+03
3.4 8.410660e+03 8.390039e+03 8.406009e+03 8.426631e+03
4.4 8.399401e+03 8.406569e+03 8.403522e+03 8.396353e+03
5.4 8.379286e+03 8.403256e+03 8.398408e+03 8.374439e+03
6.4 8.343571e+03 8.389642e+03 8.394432e+03 8.348361e+03
7.4 8.347271e+03 8.378272e+03 8.392117e+03 8.361117e+03
8.4 8.350974e+03 8.372382e+03 8.390989e+03 8.369580e+03
9.4 8.374130e+03 8.381237e+03 8.390617e+03 8.383510e+03
10.4 8.415216e+03 8.404203e+03 8.390692e+03 8.401704e+03
11.4 8.413765e+03 8.406580e+03 8.390969e+03 8.398153e+03
12.4 8.383040e+03 8.393294e+03 8.391275e+03 8.381021e+03
13.4 8.364556e+03 8.380081e+03 8.391522e+03 8.375997e+03
14.4 8.346293e+03 8.371821e+03 8.391689e+03 8.366161e+03
15.4 8.346057e+03 8.367590e+03 8.391787e+03 8.370254e+03
16.4 8.357096e+03 8.366288e+03 8.391840e+03 8.382648e+03
17.4 8.394303e+03 8.368953e+03 8.391866e+03 8.417216e+03
18.4 8.389089e+03 8.374165e+03 8.391878e+03 8.406802e+03
19.4 8.387156e+03 8.384539e+03 8.391883e+03 8.394500e+03
20.4 8.395096e+03 8.408652e+03 8.391885e+03 8.378329e+03
21.4 8.384940e+03 8.414601e+03 8.391886e+03 8.362225e+03
0.8 8.407078e+03 8.403111e+03 8.391970e+03 8.395937e+03
1.8 8.389689e+03 8.389917e+03 8.395492e+03 8.395265e+03
2.8 8.381293e+03 8.387775e+03 8.405911e+03 8.399429e+03
3.8 8.375327e+03 8.396426e+03 8.412561e+03 8.391462e+03
4.8 8.394500e+03 8.415532e+03 8.408893e+03 8.387861e+03
5.8 8.395866e+03 8.415405e+03 8.401481e+03 8.381942e+03
6.8 8.394826e+03 8.401889e+03 8.395625e+03 8.388562e+03
7.8 8.386312e+03 8.401033e+03 8.392190e+03 8.377468e+03
8.8 8.389377e+03 8.404965e+03 8.390525e+03 8.374937e+03
9.8 8.393432e+03 8.397511e+03 8.389988e+03 8.385908e+03
10.8 8.397005e+03 8.392419e+03 8.390109e+03 8.394696e+03
11.8 8.402520e+03 8.401267e+03 8.390523e+03 8.391776e+03
12.8 8.390846e+03 8.399634e+03 8.390978e+03 8.382190e+03
13.8 8.382382e+03 8.387176e+03 8.391345e+03 8.386551e+03
14.8 8.384360e+03 8.375567e+03 8.391592e+03 8.400385e+03
15.8 8.392694e+03 8.368799e+03 8.391739e+03 8.415634e+03
16.8 8.389993e+03 8.365848e+03 8.391817e+03 8.415961e+03
17.8 8.388590e+03 8.365133e+03 8.391856e+03 8.415313e+03
18.8 8.380980e+03 8.365660e+03 8.391873e+03 8.407193e+03
19.8 8.376921e+03 8.368033e+03 8.391881e+03 8.400769e+03
20.8 8.350329e+03 8.372688e+03 8.391884e+03 8.369525e+03
21.8 8.354016e+03 8.378542e+03 8.391886e+03 8.367359e+03
0.3 8.391364e+03 8.385711e+03 8.391886e+03 8.397540e+03
1.3 8.373929e+03 8.374928e+03 8.392975e+03 8.391976e+03
2.3 8.388118e+03 8.375901e+03 8.400035e+03 8.412252e+03
3.3 8.417395e+03 8.388156e+03 8.405897e+03 8.435136e+03
4.3 8.440126e+03 8.404453e+03 8.404067e+03 8.439740e+03
5.3 8.409797e+03 8.406401e+03 8.403050e+03 8.406446e+03
6.3 8.391378e+03 8.404566e+03 8.406988e+03 8.393801e+03
7.3 8.392027e+03 8.417607e+03 8.405972e+03 8.380391e+03
8.3 8.386557e+03 8.420987e+03 8.400349e+03 8.365919e+03
9.3 8.360023e+03 8.404388e+03 8.395113e+03 8.350748e+03
10.3 8.367417e+03 8.386379e+03 8.393288e+03 8.374326e+03
11.3 8.374804e+03 8.381206e+03 8.399189e+03 8.392788e+03
12.3 8.375758e+03 8.393515e+03 8.404203e+03 8.386446e+03
13.3 8.379743e+03 8.413032e+03 8.402001e+03 8.368713e+03
14.3 8.382291e+03 8.409762e+03 8.397258e+03 8.369787e+03
15.3 8.387370e+03 8.395233e+03 8.393643e+03 8.385780e+03
16.3 8.400047e+03 8.385388e+03 8.391627e+03 8.406286e+03
17.3 8.436784e+03 8.397177e+03 8.390709e+03 8.430316e+03
18.3 8.438863e+03 8.410615e+03 8.390466e+03 8.418715e+03
19.3 8.376175e+03 8.402396e+03 8.390612e+03 8.364392e+03
20.3 8.351555e+03 8.387432e+03 8.390927e+03 8.355050e+03
21.3 8.354744e+03 8.378908e+03 8.391253e+03 8.367089e+03
0.9 8.440126e+03 8.404453e+03 8.404067e+03 8.439740e+03
1.9 8.409797e+03 8.406401e+03 8.403050e+03 8.406446e+03
2.9 8.391378e+03 8.404566e+03 8.406988e+03 8.393801e+03
3.9 8.392027e+03 8.417607e+03 8.405972e+03 8.380391e+03
4.9 8.386557e+03 8.420987e+03 8.400349e+03 8.365919e+03
5.9 8.360023e+03 8.404388e+03 8.395113e+03 8.350748e+03
6.9 8.367417e+03 8.386379e+03 8.393288e+03 8.374326e+03
7.9 8.374804e+03 8.381206e+03 8.399189e+03 8.392788e+03
8.9 8.375758e+03 8.393515e+03 8.404203e+03 8.386446e+03
9.9 8.379743e+03 8.413032e+03 8.402001e+03 8.368713e+03
10.9 8.382291e+03 8.409762e+03 8.397258e+03 8.369787e+03
11.9 8.387370e+03 8.395233e+03 8.393643e+03 8.385780e+03
12.9 8.400047e+03 8.385388e+03 8.391627e+03 8.406286e+03
13.9 8.436784e+03 8.397177e+03 8.390709e+03 8.430316e+03
14.9 8.438863e+03 8.410615e+03 8.390466e+03 8.418715e+03
15.9 8.376175e+03 8.402396e+03 8.390612e+03 8.364392e+03
16.9 8.351555e+03 8.387432e+03 8.390927e+03 8.355050e+03
17.9 8.354744e+03 8.378908e+03 8.391253e+03 8.367089e+03
18.9 8.386421e+03 8.376613e+03 8.391511e+03 8.401319e+03
19.9 8.406647e+03 8.387745e+03 8.391683e+03 8.410585e+03
20.9 8.447739e+03 8.401136e+03 8.391785e+03 8.438388e+03
21.9 8.417567e+03 8.400203e+03 8.391839e+03 8.409203e+03
0.4 8.360023e+03 8.404388e+03 8.395113e+03 8.350748e+03
1.4 8.367417e+03 8.386379e+03 8.393288e+03 8.374326e+03
2.4 8.374804e+03 8.381206e+03 8.399189e+03 8.392788e+03
3.4 8.375758e+03 8.393515e+03 8.404203e+03 8.386446e+03
4.4 8.379743e+03 8.413032e+03 8.402001e+03 8.368713e+03
5.4 8.382291e+03 8.409762e+03 8.397258e+03 8.369787e+03
6.4 8.387370e+03 8.395233e+03 8.393643e+03 8.385780e+03
7.4 8.400047e+03 8.385388e+03 8.391627e+03 8.406286e+03
8.4 8.436784e+03 8.397177e+03 8.390709e+03 8.430316e+03
9.4 8.438863e+03 8.410615e+03 8.390466e+03 8.418715e+03
10.4 8.376175e+03 8.402396e+03 8.390612e+03 8.364392e+03
11.4 8.351555e+03 8.387432e+03 8.390927e+03 8.355050e+03
12.4 8.354744e+03 8.378908e+03 8.391253e+03 8.367089e+03
13.4 8.386421e+03 8.376613e+03 8.391511e+03 8.401319e+03
14.4 8.406647e+03 8.387745e+03 8.391683e+03 8.410585e+03
15.4 8.447739e+03 8.401136e+03 8.391785e+03 8.438388e+03
16.4 8.417567e+03 8.400203e+03 8.391839e+03 8.409203e+03
17.4 8.378746e+03 8.393203e+03 8.391865e+03 8.377408e+03
18.4 8.369520e+03 8.401888e+03 8.391877e+03 8.359509e+03
19.4 8.386707e+03 8.414814e+03 8.391883e+03 8.363776e+03
20.4 8.390755e+03 8.406331e+03 8.391885e+03 8.376309e+03
21.4 8.372326e+03 8.388945e+03 8.391886e+03 8.375267e+03
0.5 8.393359e+03 8.390894e+03 8.391892e+03 8.394357e+03
1.5 8.395365e+03 8.400153e+03 8.393709e+03 8.388921e+03
2.5 8.404140e+03 8.401218e+03 8.402632e+03 8.405554e+03
3.5 8.424897e+03 8.402543e+03 8.411789e+03 8.434144e+03
4.5 8.431057e+03 8.412006e+03 8.410684e+03 8.429735e+03
5.5 8.432429e+03 8.411586e+03 8.403568e+03 8.424411e+03
6.5 8.397138e+03 8.397607e+03 8.397037e+03 8.396568e+03
7.5 8.382942e+03 8.385180e+03 8.392957e+03 8.390719e+03
8.5 8.376947e+03 8.379304e+03 8.390861e+03 8.388504e+03
9.5 8.390723e+03 8.391278e+03 8.390056e+03 8.389500e+03
10.5 8.431864e+03 8.409237e+03 8.390030e+03 8.412657e+03
11.5 8.416258e+03 8.405252e+03 8.390392e+03 8.401397e+03
12.5 8.402772e+03 8.390919e+03 8.390853e+03 8.402705e+03
13.5 8.376857e+03 8.389236e+03 8.391252e+03 8.378873e+03
14.5 8.394837e+03 8.406662e+03 8.391589e+03 8.379765e+03
15.5 8.427408e+03 8.410154e+03 8.394881e+03 8.412135e+03
16.5 8.409621e+03 8.405495e+03 8.403172e+03 8.407298e+03
17.5 8.423182e+03 8.415127e+03 8.405852e+03 8.413908e+03
18.5 8.416959e+03 8.421985e+03 8.402815e+03 8.397789e+03
19.5 8.408382e+03 8.414504e+03 8.405114e+03 8.398991e+03
20.5 8.412566e+03 8.406278e+03 8.411967e+03 8.418255e+03
21.5 8.423794e+03 8.409123e+03 8.411198e+03 8.425869e+03
0.7 8.394837e+03 8.406662e+03 8.391589e+03 8.379765e+03
1.7 8.427408e+03 8.410154e+03 8.394881e+03 8.412135e+03
2.7 8.409621e+03 8.405495e+03 8.403172e+03 8.407298e+03
3.7 8.423182e+03 8.415127e+03 8.405852e+03 8.413908e+03
4.7 8.416959e+03 8.421985e+03 8.402815e+03 8.397789e+03
5.7 8.408382e+03 8.414504e+03 8.405114e+03 8.398991e+03
6.7 8.412566e+03 8.406278e+03 8.411967e+03 8.418255e+03
7.7 8.423794e+03 8.409123e+03 8.411198e+03 8.425869e+03
8.7 8.409568e+03 8.409910e+03 8.403894e+03 8.403551e+03
9.7 8.373871e+03 8.396465e+03 8.396840e+03 8.374245e+03
10.7 8.341857e+03 8.380638e+03 8.392482e+03 8.353701e+03
11.7 8.347501e+03 8.370785e+03 8.390369e+03 8.367085e+03
12.7 8.358408e+03 8.366972e+03 8.389647e+03 8.381083e+03
13.7 8.394262e+03 8.370577e+03 8.389718e+03 8.413402e+03
14.7 8.421664e+03 8.394930e+03 8.390164e+03 8.416898e+03
15.7 8.428165e+03 8.408495e+03 8.390697e+03 8.410366e+03
16.7 8.420854e+03 8.406611e+03 8.391152e+03 8.405396e+03
17.7 8.420273e+03 8.417617e+03 8.391474e+03 8.394130e+03
18.7 8.395805e+03 8.416637e+03 8.391673e+03 8.370842e+03
19.7 8.389775e+03 8.399416e+03 8.391784e+03 8.382143e+03
20.7 8.382029e+03 8.381906e+03 8.391840e+03 8.391962e+03
21.7 8.390336e+03 8.371333e+03 8.391867e+03 8.410869e+03
0.3 8.423182e+03 8.415127e+03 8.405852e+03 8.413908e+03
1.3 8.416959e+03 8.421985e+03 8.402815e+03 8.397789e+03
2.3 8.408382e+03 8.414504e+03 8.405114e+03 8.398991e+03
3.3 8.412566e+03 8.406278e+03 8.411967e+03 8.418255e+03
4.3 8.423794e+03 8.409123e+03 8.411198e+03 8.425869e+03
5.3 8.409568e+03 8.409910e+03 8.403894e+03 8.403551e+03
6.3 8.373871e+03 8.396465e+03 8.396840e+03 8.374245e+03
7.3 8.341857e+03 8.380638e+03 8.392482e+03 8.353701e+03
8.3 8.347501e+03 8.370785e+03 8.390369e+03 8.367085e+03
9.3 8.358408e+03 8.366972e+03 8.389647e+03 8.381083e+03
10.3 8.394262e+03 8.370577e+03 8.389718e+03 8.413402e+03
11.3 8.421664e+03 8.394930e+03 8.390164e+03 8.416898e+03
12.3 8.428165e+03 8.408495e+03 8.390697e+03 8.410366e+03
13.3 8.420854e+03 8.406611e+03 8.391152e+03 8.405396e+03
14.3 8.420273e+03 8.417617e+03 8.391474e+03 8.394130e+03
15.3 8.395805e+03 8.416637e+03 8.391673e+03 8.370842e+03
16.3 8.389775e+03 8.399416e+03 8.391784e+03 8.382143e+03
17.3 8.382029e+03 8.381906e+03 8.391840e+03 8.391962e+03
18.3 8.390336e+03 8.371333e+03 8.391867e+03 8.410869e+03
19.3 8.389371e+03 8.367138e+03 8.391878e+03 8.414111e+03
20.3 8.382726e+03 8.368321e+03 8.391883e+03 8.406288e+03
21.3 8.387774e+03 8.389896e+03 8.391885e+03 8.389763e+03
