1.217701e+04 1.213450e+04 1.213579e+04 1.217572e+04
1.216189e+04 1.213450e+04 1.213579e+04 1.216060e+04
1.214434e+04 1.213450e+04 1.213579e+04 1.214305e+04
1.213736e+04 1.213448e+04 1.213574e+04 1.213610e+04
1.210367e+04 1.213433e+04 1.213537e+04 1.210263e+04
1.210648e+04 1.213408e+04 1.213476e+04 1.210580e+04
1.213982e+04 1.213396e+04 1.213604e+04 1.213774e+04
1.214867e+04 1.213492e+04 1.214064e+04 1.214295e+04
1.215267e+04 1.214195e+04 1.213446e+04 1.216016e+04
1.214756e+04 1.215351e+04 1.211834e+04 1.218273e+04
1.212106e+04 1.215898e+04 1.211034e+04 1.216970e+04
1.212885e+04 1.215379e+04 1.212009e+04 1.216254e+04
1.213006e+04 1.214511e+04 1.213148e+04 1.214369e+04
1.213448e+04 1.213832e+04 1.213648e+04 1.213631e+04
1.214433e+04 1.213413e+04 1.213724e+04 1.214122e+04
1.214373e+04 1.213210e+04 1.213873e+04 1.213710e+04
1.219328e+04 1.213168e+04 1.214396e+04 1.218100e+04
1.216788e+04 1.213203e+04 1.214508e+04 1.215483e+04
1.215400e+04 1.213247e+04 1.214186e+04 1.214462e+04
1.215075e+04 1.213301e+04 1.214225e+04 1.214150e+04
1.214613e+04 1.213359e+04 1.214467e+04 1.213506e+04
1.214111e+04 1.213405e+04 1.214308e+04 1.213208e+04
1.210282e+04 1.213432e+04 1.213939e+04 1.209775e+04
1.212861e+04 1.213446e+04 1.213595e+04 1.212712e+04
1.212293e+04 1.213452e+04 1.213612e+04 1.212133e+04
1.212718e+04 1.213454e+04 1.214111e+04 1.212061e+04
1.215688e+04 1.213454e+04 1.214259e+04 1.214882e+04
1.212566e+04 1.213453e+04 1.214004e+04 1.212014e+04
1.212105e+04 1.213452e+04 1.213729e+04 1.211828e+04
1.213467e+04 1.213451e+04 1.213746e+04 1.213172e+04
1.213446e+04 1.213450e+04 1.213769e+04 1.213126e+04
1.213987e+04 1.213450e+04 1.213624e+04 1.213813e+04
1.212896e+04 1.213450e+04 1.213567e+04 1.212778e+04
1.215046e+04 1.213448e+04 1.214042e+04 1.214452e+04
1.214599e+04 1.213431e+04 1.214283e+04 1.213747e+04
1.214795e+04 1.213394e+04 1.214027e+04 1.214162e+04
1.213424e+04 1.213372e+04 1.213786e+04 1.213009e+04
1.214580e+04 1.213410e+04 1.214099e+04 1.213891e+04
1.216533e+04 1.213908e+04 1.213746e+04 1.216695e+04
1.208877e+04 1.215023e+04 1.212207e+04 1.211694e+04
1.212857e+04 1.215846e+04 1.210982e+04 1.217721e+04
1.211982e+04 1.215568e+04 1.211610e+04 1.215941e+04
1.212526e+04 1.214723e+04 1.212864e+04 1.214385e+04
1.214255e+04 1.213973e+04 1.213522e+04 1.214706e+04
1.214853e+04 1.213495e+04 1.213689e+04 1.214659e+04
1.215856e+04 1.213254e+04 1.213815e+04 1.215295e+04
1.213146e+04 1.213183e+04 1.214341e+04 1.211987e+04
1.215569e+04 1.213208e+04 1.214567e+04 1.214210e+04
1.219331e+04 1.213269e+04 1.214320e+04 1.218281e+04
1.214679e+04 1.213333e+04 1.213977e+04 1.214035e+04
1.212024e+04 1.213383e+04 1.213731e+04 1.211676e+04
1.213652e+04 1.213416e+04 1.213551e+04 1.213516e+04
1.215195e+04 1.213435e+04 1.213388e+04 1.215242e+04
1.214338e+04 1.213444e+04 1.213414e+04 1.214368e+04
1.216252e+04 1.213448e+04 1.213644e+04 1.216055e+04
1.213179e+04 1.213448e+04 1.213742e+04 1.212885e+04
1.214038e+04 1.213437e+04 1.213677e+04 1.213798e+04
1.215297e+04 1.213414e+04 1.213574e+04 1.215137e+04
1.214397e+04 1.213408e+04 1.213866e+04 1.213939e+04
1.216438e+04 1.213420e+04 1.214337e+04 1.215521e+04
1.219276e+04 1.213435e+04 1.214322e+04 1.218390e+04
1.214869e+04 1.213440e+04 1.214023e+04 1.214286e+04
1.215576e+04 1.213425e+04 1.213715e+04 1.215286e+04
1.209949e+04 1.213404e+04 1.213507e+04 1.209845e+04
1.212144e+04 1.213402e+04 1.213726e+04 1.211820e+04
1.216094e+04 1.213417e+04 1.214228e+04 1.215283e+04
1.214399e+04 1.213435e+04 1.214275e+04 1.213558e+04
1.212131e+04 1.213446e+04 1.214020e+04 1.211557e+04
1.214233e+04 1.213452e+04 1.213771e+04 1.213915e+04
1.212425e+04 1.213455e+04 1.213578e+04 1.212303e+04
1.211971e+04 1.213455e+04 1.213483e+04 1.211942e+04
1.217159e+04 1.213454e+04 1.213637e+04 1.216977e+04
1.215274e+04 1.213453e+04 1.213747e+04 1.214980e+04
1.218012e+04 1.213452e+04 1.213680e+04 1.217785e+04
1.213959e+04 1.213451e+04 1.213528e+04 1.213882e+04
1.213847e+04 1.213450e+04 1.213527e+04 1.213770e+04
1.213793e+04 1.213450e+04 1.213720e+04 1.213524e+04
1.216045e+04 1.213450e+04 1.213786e+04 1.215708e+04
1.215186e+04 1.213450e+04 1.213725e+04 1.214910e+04
1.215930e+04 1.213450e+04 1.213649e+04 1.215730e+04
1.213973e+04 1.213450e+04 1.213600e+04 1.213823e+04
1.211424e+04 1.213450e+04 1.213573e+04 1.211300e+04
1.211884e+04 1.213450e+04 1.213552e+04 1.211782e+04
1.215924e+04 1.213450e+04 1.213480e+04 1.215894e+04
1.213542e+04 1.213450e+04 1.213426e+04 1.213566e+04
1.214963e+04 1.213449e+04 1.213864e+04 1.214549e+04
1.216316e+04 1.213438e+04 1.214284e+04 1.215469e+04
1.218260e+04 1.213413e+04 1.214227e+04 1.217445e+04
1.214493e+04 1.213408e+04 1.214426e+04 1.213476e+04
1.215670e+04 1.213418e+04 1.214549e+04 1.214539e+04
1.213473e+04 1.213416e+04 1.214238e+04 1.212650e+04
1.212194e+04 1.213400e+04 1.213814e+04 1.211780e+04
1.212918e+04 1.213398e+04 1.213761e+04 1.212555e+04
1.213831e+04 1.213411e+04 1.214183e+04 1.213060e+04
1.216626e+04 1.213409e+04 1.214215e+04 1.215819e+04
1.214729e+04 1.213385e+04 1.213876e+04 1.214238e+04
1.212924e+04 1.213375e+04 1.213731e+04 1.212568e+04
1.214622e+04 1.213450e+04 1.214080e+04 1.213992e+04
1.212472e+04 1.214046e+04 1.213545e+04 1.212973e+04
1.212983e+04 1.214720e+04 1.212686e+04 1.215017e+04
1.210470e+04 1.214654e+04 1.213039e+04 1.212085e+04
1.210469e+04 1.214192e+04 1.213587e+04 1.211073e+04
1.212004e+04 1.213778e+04 1.213750e+04 1.212032e+04
1.212433e+04 1.213522e+04 1.213722e+04 1.212234e+04
1.215716e+04 1.213390e+04 1.213672e+04 1.215434e+04
1.214481e+04 1.213337e+04 1.213634e+04 1.214184e+04
1.214052e+04 1.213321e+04 1.213573e+04 1.213800e+04
1.211786e+04 1.213311e+04 1.213475e+04 1.211622e+04
1.211756e+04 1.213324e+04 1.213673e+04 1.211407e+04
1.211946e+04 1.213371e+04 1.214213e+04 1.211104e+04
1.210747e+04 1.213739e+04 1.213928e+04 1.210557e+04
1.213433e+04 1.214535e+04 1.212793e+04 1.215175e+04
1.211177e+04 1.214752e+04 1.212744e+04 1.213184e+04
1.213995e+04 1.214368e+04 1.213404e+04 1.214960e+04
1.214369e+04 1.213909e+04 1.213708e+04 1.214571e+04
1.212393e+04 1.213597e+04 1.213692e+04 1.212298e+04
1.213583e+04 1.213425e+04 1.214025e+04 1.212983e+04
1.216611e+04 1.213348e+04 1.214435e+04 1.215524e+04
1.216667e+04 1.213331e+04 1.214351e+04 1.215647e+04
1.216398e+04 1.213347e+04 1.214036e+04 1.215709e+04
1.214501e+04 1.213375e+04 1.213771e+04 1.214105e+04
1.215464e+04 1.213402e+04 1.213613e+04 1.215253e+04
1.215453e+04 1.213422e+04 1.213521e+04 1.215354e+04
1.214067e+04 1.213435e+04 1.213425e+04 1.214077e+04
1.213377e+04 1.213443e+04 1.213481e+04 1.213339e+04
1.210723e+04 1.213447e+04 1.213695e+04 1.210474e+04
1.213555e+04 1.213448e+04 1.213768e+04 1.213236e+04
1.211628e+04 1.213465e+04 1.213696e+04 1.211397e+04
1.215929e+04 1.213874e+04 1.213127e+04 1.216676e+04
1.213033e+04 1.214878e+04 1.211855e+04 1.216056e+04
1.214988e+04 1.215369e+04 1.211477e+04 1.218881e+04
1.213329e+04 1.214939e+04 1.212510e+04 1.215758e+04
1.214833e+04 1.214254e+04 1.213409e+04 1.215678e+04
1.215696e+04 1.213742e+04 1.213753e+04 1.215685e+04
1.211847e+04 1.213450e+04 1.213825e+04 1.211472e+04
1.212670e+04 1.213312e+04 1.213810e+04 1.212172e+04
1.212778e+04 1.213273e+04 1.213763e+04 1.212288e+04
1.213701e+04 1.213289e+04 1.213695e+04 1.213296e+04
1.213951e+04 1.213329e+04 1.213583e+04 1.213698e+04
1.215421e+04 1.213371e+04 1.213451e+04 1.215340e+04
1.213294e+04 1.213403e+04 1.213545e+04 1.213152e+04
1.212766e+04 1.213424e+04 1.214112e+04 1.212077e+04
1.210638e+04 1.213423e+04 1.214320e+04 1.209740e+04
1.214144e+04 1.213405e+04 1.214065e+04 1.213484e+04
1.211971e+04 1.213394e+04 1.213868e+04 1.211497e+04
1.216880e+04 1.213404e+04 1.214220e+04 1.216064e+04
1.215667e+04 1.213413e+04 1.214365e+04 1.214715e+04
1.214934e+04 1.213412e+04 1.214202e+04 1.214144e+04
1.210815e+04 1.213423e+04 1.214417e+04 1.209821e+04
1.213731e+04 1.213650e+04 1.214211e+04 1.213169e+04
1.207883e+04 1.214416e+04 1.213003e+04 1.209296e+04
1.213590e+04 1.214783e+04 1.212599e+04 1.215775e+04
1.213847e+04 1.214469e+04 1.213213e+04 1.215102e+04
1.211504e+04 1.213992e+04 1.213626e+04 1.211870e+04
1.210350e+04 1.213646e+04 1.213668e+04 1.210327e+04
1.211164e+04 1.213450e+04 1.213547e+04 1.211068e+04
1.210889e+04 1.213357e+04 1.213638e+04 1.210608e+04
1.211971e+04 1.213331e+04 1.214181e+04 1.211121e+04
1.211482e+04 1.213342e+04 1.214346e+04 1.210477e+04
1.213583e+04 1.213369e+04 1.214068e+04 1.212883e+04
1.214539e+04 1.213397e+04 1.213906e+04 1.214030e+04
1.213775e+04 1.213419e+04 1.213888e+04 1.213306e+04
1.212904e+04 1.213433e+04 1.213742e+04 1.212596e+04
1.213830e+04 1.213442e+04 1.213623e+04 1.213649e+04
1.212895e+04 1.213446e+04 1.213731e+04 1.212610e+04
1.212537e+04 1.213448e+04 1.213780e+04 1.212205e+04
1.213993e+04 1.213449e+04 1.213712e+04 1.213730e+04
1.215262e+04 1.213449e+04 1.213631e+04 1.215081e+04
1.217562e+04 1.213450e+04 1.213581e+04 1.217431e+04
1.213597e+04 1.213450e+04 1.213557e+04 1.213490e+04
1.211995e+04 1.213450e+04 1.213549e+04 1.211896e+04
1.215322e+04 1.213449e+04 1.213549e+04 1.215222e+04
1.213850e+04 1.213436e+04 1.213522e+04 1.213764e+04
1.212039e+04 1.213402e+04 1.213445e+04 1.211996e+04
1.215646e+04 1.213374e+04 1.213424e+04 1.215595e+04
1.215171e+04 1.213394e+04 1.213881e+04 1.214684e+04
1.213524e+04 1.213809e+04 1.213843e+04 1.213490e+04
1.213115e+04 1.214885e+04 1.212481e+04 1.215518e+04
1.209254e+04 1.215804e+04 1.211132e+04 1.213926e+04
1.212034e+04 1.215645e+04 1.211549e+04 1.216129e+04
1.212510e+04 1.214823e+04 1.212805e+04 1.214528e+04
1.216363e+04 1.214058e+04 1.213547e+04 1.216874e+04
1.210831e+04 1.213574e+04 1.213794e+04 1.210611e+04
1.212456e+04 1.213325e+04 1.213833e+04 1.211948e+04
1.213497e+04 1.213231e+04 1.213747e+04 1.212981e+04
1.214696e+04 1.213229e+04 1.213724e+04 1.214201e+04
1.212949e+04 1.213272e+04 1.213858e+04 1.212364e+04
1.214134e+04 1.213327e+04 1.213835e+04 1.213626e+04
1.212680e+04 1.213374e+04 1.213730e+04 1.212324e+04
1.213155e+04 1.213408e+04 1.214110e+04 1.212453e+04
1.215258e+04 1.213428e+04 1.214400e+04 1.214286e+04
1.213681e+04 1.213439e+04 1.214235e+04 1.212886e+04
1.215120e+04 1.213445e+04 1.213920e+04 1.214645e+04
1.210660e+04 1.213448e+04 1.213631e+04 1.210477e+04
1.212505e+04 1.213449e+04 1.213732e+04 1.212222e+04
1.212677e+04 1.213449e+04 1.214202e+04 1.211924e+04
1.212375e+04 1.213447e+04 1.214259e+04 1.211564e+04
1.214678e+04 1.213426e+04 1.213957e+04 1.214146e+04
1.212297e+04 1.213395e+04 1.213661e+04 1.212031e+04
1.209190e+04 1.213390e+04 1.213915e+04 1.208665e+04
1.213334e+04 1.213410e+04 1.214295e+04 1.212449e+04
1.209287e+04 1.213430e+04 1.214214e+04 1.208503e+04
1.211557e+04 1.213434e+04 1.213906e+04 1.211084e+04
1.209859e+04 1.213409e+04 1.213601e+04 1.209667e+04
1.210407e+04 1.213381e+04 1.213403e+04 1.210384e+04
1.214344e+04 1.213383e+04 1.213485e+04 1.214242e+04
1.214333e+04 1.213407e+04 1.213658e+04 1.214083e+04
1.212617e+04 1.213431e+04 1.213618e+04 1.212431e+04
1.215564e+04 1.213447e+04 1.213500e+04 1.215511e+04
1.212100e+04 1.213454e+04 1.213826e+04 1.211728e+04
1.212600e+04 1.213457e+04 1.214304e+04 1.211753e+04
1.213929e+04 1.213457e+04 1.214288e+04 1.213098e+04
1.211425e+04 1.213456e+04 1.214013e+04 1.210868e+04
1.210832e+04 1.213455e+04 1.213767e+04 1.210519e+04
1.211726e+04 1.213624e+04 1.213409e+04 1.211941e+04
1.213133e+04 1.214462e+04 1.212305e+04 1.215289e+04
1.211926e+04 1.215322e+04 1.211296e+04 1.215952e+04
1.212215e+04 1.215218e+04 1.211921e+04 1.215511e+04
1.209382e+04 1.214548e+04 1.213051e+04 1.210878e+04
1.215464e+04 1.213934e+04 1.213635e+04 1.215763e+04
1.213637e+04 1.213553e+04 1.213801e+04 1.213389e+04
1.214872e+04 1.213584e+04 1.213540e+04 1.214916e+04
1.212964e+04 1.214410e+04 1.212401e+04 1.214973e+04
1.213016e+04 1.215164e+04 1.211461e+04 1.216720e+04
1.209554e+04 1.214979e+04 1.211856e+04 1.212678e+04
1.209840e+04 1.214344e+04 1.212701e+04 1.211483e+04
1.214452e+04 1.213804e+04 1.213217e+04 1.215039e+04
1.216780e+04 1.213481e+04 1.213464e+04 1.216797e+04
1.213036e+04 1.213322e+04 1.213783e+04 1.212575e+04
1.212230e+04 1.213268e+04 1.213986e+04 1.211512e+04
1.211575e+04 1.213269e+04 1.213936e+04 1.210908e+04
1.211101e+04 1.213276e+04 1.213739e+04 1.210639e+04
1.215477e+04 1.213287e+04 1.213558e+04 1.215206e+04
1.211256e+04 1.213321e+04 1.213827e+04 1.210749e+04
1.213756e+04 1.213370e+04 1.214307e+04 1.212818e+04
1.218245e+04 1.213402e+04 1.214289e+04 1.217358e+04
1.214823e+04 1.213405e+04 1.213963e+04 1.214265e+04
1.214443e+04 1.213407e+04 1.213905e+04 1.213945e+04
1.212282e+04 1.213421e+04 1.214299e+04 1.211405e+04
1.215352e+04 1.213438e+04 1.214319e+04 1.214471e+04
1.213200e+04 1.213449e+04 1.213999e+04 1.212649e+04
1.212336e+04 1.213454e+04 1.214133e+04 1.211657e+04
1.213137e+04 1.213455e+04 1.214371e+04 1.212221e+04
1.214897e+04 1.213455e+04 1.214141e+04 1.214212e+04
1.217342e+04 1.213454e+04 1.213742e+04 1.217054e+04
1.216789e+04 1.213453e+04 1.213649e+04 1.216592e+04
1.213559e+04 1.213452e+04 1.213725e+04 1.213286e+04
1.213419e+04 1.213451e+04 1.213698e+04 1.213173e+04
1.212053e+04 1.213449e+04 1.213617e+04 1.211886e+04
1.215874e+04 1.213437e+04 1.213532e+04 1.215778e+04
1.214706e+04 1.213412e+04 1.213450e+04 1.214669e+04
1.213145e+04 1.213396e+04 1.213501e+04 1.213040e+04
1.213942e+04 1.213443e+04 1.213993e+04 1.213392e+04
1.215122e+04 1.213977e+04 1.213683e+04 1.215415e+04
1.210650e+04 1.214688e+04 1.212808e+04 1.212530e+04
1.211824e+04 1.214680e+04 1.213075e+04 1.213429e+04
1.213362e+04 1.214229e+04 1.213626e+04 1.213965e+04
1.213174e+04 1.213803e+04 1.213793e+04 1.213184e+04
1.215073e+04 1.213535e+04 1.213752e+04 1.214857e+04
1.214358e+04 1.213386e+04 1.213666e+04 1.214079e+04
1.213283e+04 1.213306e+04 1.213563e+04 1.213026e+04
1.211653e+04 1.213281e+04 1.213524e+04 1.211410e+04
1.217004e+04 1.213306e+04 1.213964e+04 1.216347e+04
1.213712e+04 1.213354e+04 1.214366e+04 1.212700e+04
1.216653e+04 1.213396e+04 1.214267e+04 1.215782e+04
