9.163397e+03 9.114616e+03 9.127501e+03 9.150513e+03
9.211032e+03 9.114616e+03 9.127501e+03 9.198147e+03
9.184630e+03 9.114616e+03 9.127501e+03 9.171745e+03
9.131786e+03 9.114616e+03 9.127070e+03 9.119332e+03
9.120764e+03 9.114616e+03 9.123579e+03 9.111800e+03
9.091163e+03 9.114617e+03 9.117762e+03 9.088018e+03
9.090934e+03 9.115227e+03 9.115980e+03 9.090181e+03
9.105369e+03 9.117309e+03 9.120644e+03 9.102034e+03
9.107849e+03 9.117979e+03 9.117819e+03 9.108009e+03
9.094956e+03 9.117012e+03 9.106148e+03 9.105821e+03
9.056726e+03 9.116384e+03 9.100754e+03 9.072355e+03
9.064892e+03 9.117649e+03 9.109702e+03 9.072838e+03
9.078248e+03 9.117935e+03 9.120692e+03 9.075491e+03
9.091814e+03 9.116792e+03 9.124562e+03 9.084045e+03
9.129767e+03 9.115547e+03 9.119775e+03 9.125539e+03
9.084782e+03 9.115468e+03 9.116729e+03 9.083521e+03
9.114375e+03 9.117168e+03 9.122060e+03 9.109483e+03
9.130486e+03 9.117577e+03 9.125632e+03 9.122431e+03
9.106885e+03 9.116644e+03 9.121828e+03 9.101701e+03
9.083178e+03 9.117063e+03 9.121614e+03 9.078628e+03
9.084593e+03 9.118059e+03 9.126291e+03 9.076361e+03
9.100519e+03 9.117412e+03 9.129157e+03 9.088773e+03
9.111136e+03 9.116062e+03 9.130700e+03 9.096498e+03
9.132132e+03 9.115032e+03 9.133376e+03 9.113788e+03
9.165271e+03 9.115285e+03 9.135833e+03 9.144722e+03
9.177164e+03 9.117124e+03 9.137181e+03 9.157108e+03
9.150546e+03 9.117505e+03 9.135384e+03 9.132668e+03
9.146696e+03 9.116504e+03 9.133414e+03 9.129787e+03
9.148394e+03 9.118791e+03 9.128178e+03 9.139007e+03
9.117052e+03 9.135129e+03 9.102663e+03 9.149517e+03
9.104303e+03 9.143017e+03 9.089530e+03 9.157790e+03
9.078364e+03 9.135941e+03 9.100474e+03 9.113832e+03
9.055957e+03 9.126072e+03 9.117237e+03 9.064791e+03
9.091269e+03 9.120816e+03 9.129359e+03 9.082726e+03
9.108276e+03 9.117756e+03 9.130263e+03 9.095769e+03
9.094274e+03 9.115067e+03 9.121562e+03 9.087779e+03
9.127301e+03 9.113712e+03 9.114827e+03 9.126185e+03
9.138974e+03 9.115124e+03 9.118354e+03 9.135743e+03
9.115142e+03 9.116275e+03 9.119158e+03 9.112259e+03
9.084062e+03 9.115861e+03 9.109271e+03 9.090651e+03
9.048061e+03 9.115279e+03 9.100831e+03 9.062508e+03
9.078154e+03 9.116615e+03 9.106976e+03 9.087793e+03
9.106935e+03 9.117639e+03 9.118388e+03 9.106186e+03
9.105236e+03 9.116917e+03 9.122837e+03 9.099317e+03
9.125862e+03 9.115715e+03 9.120299e+03 9.121277e+03
9.126138e+03 9.115303e+03 9.118687e+03 9.122754e+03
9.127929e+03 9.116906e+03 9.123809e+03 9.121025e+03
9.170335e+03 9.117649e+03 9.128943e+03 9.159040e+03
9.181688e+03 9.116771e+03 9.130523e+03 9.167935e+03
9.146335e+03 9.115614e+03 9.130234e+03 9.131715e+03
9.109172e+03 9.114842e+03 9.129565e+03 9.094449e+03
9.092385e+03 9.114445e+03 9.129144e+03 9.077687e+03
9.126845e+03 9.114396e+03 9.128971e+03 9.112269e+03
9.111650e+03 9.123012e+03 9.116587e+03 9.118076e+03
9.097670e+03 9.139925e+03 9.092250e+03 9.145344e+03
9.085408e+03 9.141574e+03 9.089317e+03 9.137665e+03
9.112582e+03 9.132179e+03 9.099559e+03 9.145202e+03
9.097440e+03 9.122821e+03 9.107691e+03 9.112570e+03
9.121407e+03 9.118186e+03 9.116643e+03 9.122951e+03
9.131875e+03 9.116835e+03 9.126470e+03 9.122240e+03
9.157807e+03 9.115357e+03 9.131581e+03 9.141583e+03
9.185454e+03 9.113975e+03 9.131390e+03 9.168040e+03
9.135527e+03 9.113337e+03 9.125928e+03 9.122936e+03
9.116148e+03 9.113331e+03 9.119294e+03 9.110185e+03
9.109304e+03 9.114753e+03 9.119139e+03 9.104917e+03
9.107374e+03 9.116952e+03 9.124750e+03 9.099576e+03
9.125165e+03 9.117214e+03 9.128452e+03 9.113927e+03
9.122864e+03 9.116245e+03 9.129379e+03 9.109730e+03
9.120356e+03 9.115295e+03 9.129349e+03 9.106302e+03
9.089637e+03 9.114710e+03 9.130519e+03 9.073827e+03
9.113743e+03 9.118429e+03 9.126616e+03 9.105556e+03
9.133959e+03 9.135610e+03 9.101783e+03 9.167786e+03
9.127158e+03 9.142809e+03 9.089973e+03 9.179994e+03
9.135952e+03 9.135417e+03 9.100326e+03 9.171043e+03
9.139982e+03 9.125398e+03 9.116817e+03 9.148563e+03
9.095400e+03 9.126500e+03 9.116381e+03 9.105519e+03
9.066190e+03 9.139612e+03 9.096354e+03 9.109449e+03
9.088014e+03 9.139864e+03 9.093878e+03 9.134000e+03
9.093694e+03 9.130050e+03 9.106251e+03 9.117493e+03
9.109991e+03 9.120794e+03 9.118533e+03 9.112253e+03
9.117812e+03 9.115256e+03 9.126025e+03 9.107044e+03
9.101471e+03 9.112594e+03 9.129729e+03 9.084336e+03
9.142893e+03 9.111667e+03 9.131178e+03 9.123382e+03
9.135691e+03 9.111749e+03 9.131579e+03 9.115862e+03
9.123673e+03 9.112475e+03 9.131604e+03 9.104545e+03
9.116339e+03 9.114903e+03 9.133101e+03 9.098141e+03
9.115985e+03 9.117006e+03 9.131315e+03 9.101677e+03
9.128690e+03 9.117188e+03 9.124225e+03 9.121653e+03
9.133281e+03 9.118104e+03 9.123375e+03 9.128010e+03
9.144966e+03 9.118545e+03 9.125910e+03 9.137600e+03
9.150287e+03 9.117392e+03 9.123493e+03 9.144187e+03
9.139809e+03 9.115912e+03 9.117867e+03 9.137853e+03
9.152488e+03 9.115755e+03 9.117063e+03 9.151180e+03
9.184089e+03 9.117294e+03 9.122375e+03 9.179008e+03
9.167039e+03 9.117464e+03 9.121850e+03 9.162653e+03
9.128971e+03 9.116379e+03 9.114615e+03 9.130734e+03
9.142311e+03 9.115916e+03 9.111546e+03 9.146680e+03
9.110317e+03 9.117353e+03 9.117592e+03 9.110078e+03
9.108604e+03 9.117718e+03 9.117929e+03 9.108393e+03
9.103953e+03 9.117304e+03 9.114303e+03 9.106955e+03
9.116130e+03 9.118210e+03 9.119068e+03 9.115271e+03
9.087023e+03 9.118078e+03 9.125515e+03 9.079587e+03
9.078541e+03 9.116727e+03 9.128718e+03 9.066550e+03
9.108610e+03 9.115414e+03 9.129594e+03 9.094430e+03
9.134801e+03 9.114618e+03 9.129553e+03 9.119866e+03
9.114760e+03 9.114253e+03 9.129062e+03 9.099951e+03
9.044259e+03 9.114146e+03 9.125459e+03 9.032946e+03
9.033387e+03 9.114191e+03 9.117347e+03 9.030231e+03
9.063398e+03 9.115260e+03 9.114623e+03 9.064035e+03
9.087009e+03 9.117393e+03 9.120467e+03 9.083935e+03
9.084031e+03 9.117727e+03 9.122014e+03 9.079745e+03
9.099105e+03 9.116866e+03 9.115376e+03 9.100595e+03
9.121488e+03 9.117577e+03 9.116130e+03 9.122935e+03
9.118952e+03 9.118258e+03 9.122784e+03 9.114427e+03
9.133218e+03 9.117311e+03 9.128001e+03 9.122528e+03
9.168063e+03 9.116010e+03 9.132132e+03 9.151942e+03
9.190241e+03 9.116607e+03 9.135685e+03 9.171163e+03
9.181260e+03 9.117748e+03 9.136831e+03 9.162176e+03
9.166935e+03 9.117201e+03 9.134538e+03 9.149597e+03
9.136529e+03 9.115953e+03 9.131372e+03 9.121111e+03
9.134657e+03 9.115000e+03 9.129006e+03 9.120652e+03
9.153377e+03 9.114488e+03 9.127636e+03 9.140229e+03
9.163464e+03 9.114272e+03 9.127059e+03 9.150676e+03
9.185307e+03 9.114404e+03 9.126988e+03 9.172723e+03
9.164921e+03 9.124037e+03 9.113752e+03 9.175206e+03
9.118572e+03 9.140555e+03 9.090553e+03 9.168574e+03
9.105265e+03 9.141244e+03 9.089615e+03 9.156894e+03
9.109362e+03 9.131608e+03 9.103080e+03 9.137890e+03
9.132386e+03 9.122357e+03 9.111314e+03 9.143430e+03
9.149223e+03 9.116549e+03 9.107591e+03 9.158181e+03
9.150202e+03 9.114472e+03 9.107433e+03 9.157242e+03
9.134769e+03 9.115246e+03 9.117235e+03 9.132780e+03
9.100721e+03 9.115352e+03 9.125994e+03 9.090079e+03
9.084582e+03 9.114685e+03 9.129932e+03 9.069336e+03
9.115414e+03 9.114170e+03 9.130959e+03 9.098625e+03
9.132341e+03 9.113993e+03 9.130798e+03 9.115536e+03
9.139065e+03 9.114001e+03 9.130167e+03 9.122899e+03
9.148453e+03 9.114081e+03 9.129681e+03 9.132853e+03
9.153738e+03 9.114191e+03 9.131157e+03 9.136772e+03
9.161741e+03 9.114309e+03 9.134171e+03 9.141879e+03
9.152647e+03 9.115024e+03 9.136271e+03 9.131401e+03
9.144231e+03 9.117188e+03 9.137066e+03 9.124354e+03
9.119959e+03 9.117913e+03 9.132185e+03 9.105686e+03
9.132295e+03 9.116978e+03 9.122952e+03 9.126321e+03
9.106715e+03 9.116241e+03 9.117416e+03 9.105540e+03
9.143067e+03 9.117479e+03 9.120690e+03 9.139857e+03
9.150420e+03 9.117955e+03 9.123054e+03 9.145321e+03
9.098227e+03 9.117336e+03 9.122051e+03 9.093511e+03
9.100524e+03 9.118114e+03 9.125291e+03 9.093348e+03
9.083657e+03 9.118210e+03 9.126387e+03 9.075480e+03
9.101507e+03 9.117012e+03 9.118370e+03 9.100148e+03
9.127735e+03 9.117115e+03 9.115636e+03 9.129215e+03
9.110526e+03 9.117984e+03 9.121198e+03 9.107312e+03
9.057664e+03 9.117319e+03 9.126017e+03 9.048966e+03
9.013334e+03 9.115972e+03 9.128241e+03 9.001065e+03
9.032096e+03 9.114953e+03 9.129394e+03 9.017655e+03
9.076476e+03 9.115122e+03 9.130816e+03 9.060781e+03
9.090146e+03 9.116992e+03 9.133415e+03 9.073724e+03
9.109031e+03 9.117510e+03 9.134272e+03 9.092269e+03
9.094895e+03 9.117348e+03 9.133492e+03 9.078750e+03
9.075752e+03 9.129540e+03 9.113634e+03 9.091658e+03
9.058021e+03 9.142699e+03 9.091863e+03 9.108857e+03
9.098054e+03 9.139443e+03 9.095674e+03 9.141823e+03
9.104485e+03 9.134966e+03 9.102460e+03 9.136992e+03
9.073389e+03 9.143910e+03 9.088831e+03 9.128468e+03
9.067665e+03 9.143452e+03 9.087878e+03 9.123239e+03
9.078310e+03 9.132423e+03 9.102344e+03 9.108388e+03
9.098064e+03 9.121638e+03 9.117062e+03 9.102641e+03
9.131388e+03 9.115099e+03 9.126150e+03 9.120336e+03
9.146151e+03 9.112045e+03 9.130503e+03 9.127693e+03
9.136351e+03 9.111079e+03 9.131990e+03 9.115440e+03
9.091005e+03 9.111262e+03 9.131754e+03 9.070513e+03
9.065996e+03 9.111976e+03 9.127749e+03 9.050223e+03
9.086936e+03 9.112801e+03 9.118548e+03 9.081188e+03
9.053030e+03 9.113663e+03 9.111110e+03 9.055584e+03
9.096047e+03 9.115921e+03 9.114296e+03 9.097672e+03
9.070907e+03 9.117668e+03 9.117640e+03 9.070935e+03
9.081220e+03 9.117308e+03 9.109902e+03 9.088626e+03
9.116024e+03 9.116304e+03 9.101064e+03 9.131264e+03
9.137419e+03 9.117097e+03 9.105919e+03 9.148597e+03
9.159760e+03 9.118045e+03 9.117749e+03 9.160056e+03
9.115522e+03 9.117288e+03 9.125802e+03 9.107008e+03
9.102678e+03 9.115962e+03 9.129347e+03 9.089292e+03
9.103188e+03 9.114995e+03 9.130557e+03 9.087626e+03
9.151357e+03 9.114568e+03 9.130809e+03 9.135116e+03
9.170866e+03 9.122523e+03 9.119002e+03 9.174388e+03
9.129303e+03 9.139515e+03 9.094086e+03 9.174732e+03
9.068636e+03 9.141626e+03 9.090453e+03 9.119808e+03
9.068066e+03 9.132638e+03 9.103749e+03 9.096955e+03
9.086131e+03 9.125098e+03 9.119612e+03 9.091617e+03
9.048526e+03 9.120249e+03 9.129572e+03 9.039204e+03
9.065169e+03 9.116347e+03 9.132871e+03 9.048645e+03
9.078836e+03 9.113755e+03 9.132961e+03 9.059630e+03
9.123789e+03 9.112649e+03 9.132265e+03 9.104173e+03
9.148967e+03 9.113623e+03 9.132714e+03 9.129875e+03
9.145690e+03 9.115969e+03 9.134174e+03 9.127485e+03
9.128900e+03 9.116582e+03 9.132628e+03 9.112854e+03
9.107331e+03 9.115873e+03 9.125228e+03 9.097976e+03
9.138284e+03 9.115190e+03 9.115967e+03 9.137507e+03
9.144113e+03 9.116327e+03 9.116099e+03 9.144341e+03
9.114270e+03 9.117684e+03 9.122369e+03 9.109585e+03
9.125553e+03 9.117208e+03 9.126520e+03 9.116240e+03
9.135186e+03 9.115999e+03 9.125692e+03 9.125492e+03
9.144081e+03 9.115063e+03 9.118501e+03 9.140643e+03
9.148989e+03 9.115220e+03 9.110040e+03 9.154170e+03
9.189736e+03 9.127829e+03 9.092030e+03 9.225535e+03
9.179179e+03 9.142008e+03 9.078581e+03 9.242606e+03
9.152777e+03 9.139531e+03 9.090973e+03 9.201335e+03
9.108767e+03 9.129444e+03 9.112399e+03 9.125811e+03
9.126031e+03 9.122348e+03 9.128643e+03 9.119736e+03
9.133287e+03 9.118951e+03 9.136801e+03 9.115437e+03
9.133062e+03 9.116111e+03 9.137752e+03 9.111422e+03
9.166524e+03 9.113938e+03 9.135502e+03 9.144960e+03
9.177583e+03 9.112925e+03 9.132730e+03 9.157778e+03
9.177068e+03 9.112809e+03 9.128370e+03 9.161508e+03
9.131913e+03 9.113112e+03 9.116711e+03 9.128314e+03
9.099444e+03 9.113811e+03 9.105881e+03 9.107374e+03
9.117908e+03 9.116123e+03 9.109442e+03 9.124589e+03
9.140243e+03 9.117561e+03 9.118960e+03 9.138845e+03
9.159889e+03 9.117029e+03 9.125299e+03 9.151619e+03
9.169727e+03 9.115921e+03 9.128183e+03 9.157464e+03
9.157674e+03 9.115082e+03 9.126581e+03 9.146175e+03
9.164564e+03 9.114604e+03 9.116003e+03 9.163165e+03
9.165461e+03 9.118392e+03 9.100979e+03 9.182874e+03
9.101155e+03 9.135618e+03 9.078640e+03 9.158133e+03
9.065460e+03 9.142841e+03 9.076189e+03 9.132111e+03
9.069821e+03 9.135455e+03 9.093724e+03 9.111553e+03
9.094426e+03 9.127837e+03 9.109020e+03 9.113242e+03
9.069607e+03 9.137142e+03 9.097866e+03 9.108884e+03
9.048790e+03 9.142964e+03 9.090005e+03 9.101749e+03
9.064627e+03 9.135058e+03 9.098827e+03 9.100858e+03
9.073043e+03 9.124234e+03 9.106226e+03 9.091051e+03
9.108219e+03 9.116923e+03 9.108174e+03 9.116967e+03
9.116637e+03 9.114527e+03 9.114544e+03 9.116620e+03
9.155336e+03 9.114858e+03 9.124695e+03 9.145498e+03
9.192587e+03 9.114525e+03 9.128808e+03 9.178304e+03
9.156868e+03 9.113834e+03 9.125342e+03 9.145359e+03
9.128976e+03 9.114374e+03 9.123412e+03 9.119937e+03
9.128516e+03 9.116476e+03 9.127387e+03 9.117606e+03
9.154326e+03 9.117029e+03 9.130515e+03 9.140840e+03
9.152236e+03 9.116303e+03 9.131359e+03 9.137181e+03
9.123799e+03 9.117060e+03 9.133155e+03 9.107704e+03
9.151705e+03 9.117963e+03 9.134357e+03 9.135312e+03
9.164989e+03 9.117198e+03 9.133193e+03 9.148994e+03
9.184300e+03 9.116934e+03 9.129856e+03 9.171379e+03
9.142568e+03 9.130068e+03 9.108201e+03 9.164436e+03
9.112072e+03 9.142593e+03 9.088436e+03 9.166230e+03
9.074949e+03 9.138694e+03 9.092844e+03 9.120800e+03
9.106213e+03 9.128329e+03 9.106869e+03 9.127673e+03
9.105020e+03 9.120038e+03 9.115767e+03 9.109290e+03
9.080171e+03 9.115197e+03 9.117079e+03 9.078290e+03
9.100356e+03 9.113189e+03 9.117613e+03 9.095933e+03
9.107571e+03 9.114381e+03 9.123346e+03 9.098606e+03
9.138813e+03 9.115541e+03 9.123029e+03 9.131326e+03
9.110586e+03 9.115822e+03 9.117243e+03 9.109165e+03
9.116289e+03 9.117298e+03 9.119955e+03 9.113632e+03
9.146925e+03 9.117725e+03 9.125615e+03 9.139035e+03
9.178402e+03 9.116663e+03 9.128574e+03 9.166491e+03
9.151565e+03 9.115432e+03 9.129292e+03 9.137705e+03
9.128821e+03 9.114639e+03 9.127179e+03 9.116282e+03
9.131380e+03 9.114260e+03 9.121443e+03 9.124197e+03
9.130105e+03 9.114307e+03 9.116757e+03 9.127654e+03
9.136965e+03 9.116101e+03 9.119858e+03 9.133208e+03
9.163504e+03 9.117641e+03 9.125827e+03 9.155318e+03
9.178335e+03 9.117223e+03 9.128748e+03 9.166810e+03
