1.200834e+03 1.197112e+03 1.197165e+03 1.200781e+03
1.215763e+03 1.197112e+03 1.197165e+03 1.215709e+03
1.196158e+03 1.197112e+03 1.197165e+03 1.196104e+03
1.199778e+03 1.197112e+03 1.197188e+03 1.199702e+03
1.188498e+03 1.197112e+03 1.197370e+03 1.188240e+03
1.190145e+03 1.197112e+03 1.197674e+03 1.189582e+03
1.198460e+03 1.197112e+03 1.198257e+03 1.197315e+03
1.196530e+03 1.197337e+03 1.199359e+03 1.194508e+03
1.205214e+03 1.199164e+03 1.197381e+03 1.206997e+03
1.185157e+03 1.202219e+03 1.192759e+03 1.194617e+03
1.186771e+03 1.203659e+03 1.190436e+03 1.199993e+03
1.195643e+03 1.202259e+03 1.193027e+03 1.204874e+03
1.196818e+03 1.199936e+03 1.196067e+03 1.200687e+03
1.196484e+03 1.198148e+03 1.197401e+03 1.197231e+03
1.194194e+03 1.197114e+03 1.197689e+03 1.193619e+03
1.195290e+03 1.196629e+03 1.198185e+03 1.193734e+03
1.203340e+03 1.196491e+03 1.199635e+03 1.200196e+03
1.198197e+03 1.196549e+03 1.199909e+03 1.194836e+03
1.199926e+03 1.196688e+03 1.199042e+03 1.197572e+03
1.195702e+03 1.196832e+03 1.199172e+03 1.193362e+03
1.193805e+03 1.196947e+03 1.199803e+03 1.190949e+03
1.195086e+03 1.197036e+03 1.199318e+03 1.192804e+03
1.194449e+03 1.197586e+03 1.199545e+03 1.192491e+03
1.208911e+03 1.199031e+03 1.202258e+03 1.205683e+03
1.211826e+03 1.199875e+03 1.204472e+03 1.207229e+03
1.214551e+03 1.199341e+03 1.204486e+03 1.209406e+03
1.199707e+03 1.198387e+03 1.202416e+03 1.195678e+03
1.191743e+03 1.198282e+03 1.201421e+03 1.188605e+03
1.193638e+03 1.198888e+03 1.201708e+03 1.190819e+03
1.210001e+03 1.198743e+03 1.198761e+03 1.209982e+03
1.198035e+03 1.198326e+03 1.196477e+03 1.199884e+03
1.190137e+03 1.198970e+03 1.198813e+03 1.190293e+03
1.196526e+03 1.199778e+03 1.202344e+03 1.193961e+03
1.194986e+03 1.199380e+03 1.203789e+03 1.190577e+03
1.204679e+03 1.198369e+03 1.202545e+03 1.200503e+03
1.202797e+03 1.197539e+03 1.200102e+03 1.200233e+03
1.194243e+03 1.197065e+03 1.198360e+03 1.192947e+03
1.204125e+03 1.196920e+03 1.198607e+03 1.202438e+03
1.196765e+03 1.198122e+03 1.197350e+03 1.197537e+03
1.196529e+03 1.201077e+03 1.193094e+03 1.204513e+03
1.182794e+03 1.203309e+03 1.189827e+03 1.196276e+03
1.194721e+03 1.202620e+03 1.191665e+03 1.205676e+03
1.202633e+03 1.200416e+03 1.195192e+03 1.207856e+03
1.194959e+03 1.198485e+03 1.197251e+03 1.196193e+03
1.200556e+03 1.197301e+03 1.198167e+03 1.199689e+03
1.197385e+03 1.196711e+03 1.198784e+03 1.195311e+03
1.202427e+03 1.196505e+03 1.200100e+03 1.198832e+03
1.207655e+03 1.196525e+03 1.200394e+03 1.203786e+03
1.212147e+03 1.196652e+03 1.199416e+03 1.209383e+03
1.201007e+03 1.196799e+03 1.198284e+03 1.199522e+03
1.194347e+03 1.196935e+03 1.197551e+03 1.193732e+03
1.196651e+03 1.197325e+03 1.197888e+03 1.196088e+03
1.190419e+03 1.198094e+03 1.199456e+03 1.189057e+03
1.189347e+03 1.198451e+03 1.199160e+03 1.188638e+03
1.197311e+03 1.198146e+03 1.196341e+03 1.199116e+03
1.203163e+03 1.197666e+03 1.195031e+03 1.205799e+03
1.196882e+03 1.197310e+03 1.195527e+03 1.198665e+03
1.195859e+03 1.197107e+03 1.196542e+03 1.196424e+03
1.191997e+03 1.197012e+03 1.198153e+03 1.190855e+03
1.189686e+03 1.196986e+03 1.199683e+03 1.186989e+03
1.202538e+03 1.196998e+03 1.199603e+03 1.199933e+03
1.200420e+03 1.197027e+03 1.198765e+03 1.198682e+03
1.201364e+03 1.197056e+03 1.198187e+03 1.200233e+03
1.192650e+03 1.197079e+03 1.197967e+03 1.191762e+03
1.189317e+03 1.197094e+03 1.198596e+03 1.187815e+03
1.208356e+03 1.197103e+03 1.199687e+03 1.205772e+03
1.202056e+03 1.197108e+03 1.199464e+03 1.199700e+03
1.196036e+03 1.197110e+03 1.198502e+03 1.194644e+03
1.196501e+03 1.197159e+03 1.197795e+03 1.195866e+03
1.196447e+03 1.197876e+03 1.199064e+03 1.195258e+03
1.187399e+03 1.198898e+03 1.200840e+03 1.185457e+03
1.196532e+03 1.198903e+03 1.198646e+03 1.196789e+03
1.190843e+03 1.198279e+03 1.196246e+03 1.192875e+03
1.197166e+03 1.198276e+03 1.197217e+03 1.198226e+03
1.212715e+03 1.199350e+03 1.201157e+03 1.210908e+03
1.204700e+03 1.199843e+03 1.202292e+03 1.202250e+03
1.203991e+03 1.199121e+03 1.198952e+03 1.204160e+03
1.190850e+03 1.198110e+03 1.196471e+03 1.192489e+03
1.197604e+03 1.197394e+03 1.195942e+03 1.199056e+03
1.189148e+03 1.197010e+03 1.196150e+03 1.190009e+03
1.198175e+03 1.196848e+03 1.196438e+03 1.198584e+03
1.196909e+03 1.196818e+03 1.196695e+03 1.197033e+03
1.200157e+03 1.196926e+03 1.197073e+03 1.200010e+03
1.212945e+03 1.197493e+03 1.198454e+03 1.211985e+03
1.206771e+03 1.198238e+03 1.200311e+03 1.204697e+03
1.194240e+03 1.198341e+03 1.201734e+03 1.190847e+03
1.196906e+03 1.197936e+03 1.201727e+03 1.193115e+03
1.206731e+03 1.197499e+03 1.200359e+03 1.203871e+03
1.211769e+03 1.197212e+03 1.200084e+03 1.208897e+03
1.198861e+03 1.197058e+03 1.199976e+03 1.195943e+03
1.198781e+03 1.196995e+03 1.199164e+03 1.196612e+03
1.205821e+03 1.196987e+03 1.198361e+03 1.204447e+03
1.207910e+03 1.197008e+03 1.198394e+03 1.206524e+03
1.207226e+03 1.197038e+03 1.199417e+03 1.204847e+03
1.207439e+03 1.197066e+03 1.199321e+03 1.205183e+03
1.196451e+03 1.197086e+03 1.198314e+03 1.195223e+03
1.196294e+03 1.197098e+03 1.197867e+03 1.195525e+03
1.190744e+03 1.197252e+03 1.198757e+03 1.189239e+03
1.194159e+03 1.198775e+03 1.197233e+03 1.195701e+03
1.188266e+03 1.200527e+03 1.194856e+03 1.193937e+03
1.196583e+03 1.200322e+03 1.195817e+03 1.201088e+03
1.197665e+03 1.199074e+03 1.197279e+03 1.199460e+03
1.186001e+03 1.197966e+03 1.197665e+03 1.186303e+03
1.191720e+03 1.197286e+03 1.197545e+03 1.191461e+03
1.199932e+03 1.196937e+03 1.197390e+03 1.199479e+03
1.192950e+03 1.196803e+03 1.197284e+03 1.192469e+03
1.183810e+03 1.196800e+03 1.197172e+03 1.183437e+03
1.193298e+03 1.196861e+03 1.197041e+03 1.193118e+03
1.196868e+03 1.196939e+03 1.197682e+03 1.196125e+03
1.204845e+03 1.197027e+03 1.199168e+03 1.202704e+03
1.197221e+03 1.197953e+03 1.198337e+03 1.196836e+03
1.199634e+03 1.200038e+03 1.195199e+03 1.204473e+03
1.192580e+03 1.200593e+03 1.195063e+03 1.198110e+03
1.206216e+03 1.199560e+03 1.196851e+03 1.208926e+03
1.205263e+03 1.198681e+03 1.198532e+03 1.205412e+03
1.213148e+03 1.198951e+03 1.201309e+03 1.210791e+03
1.206626e+03 1.198952e+03 1.203417e+03 1.202162e+03
1.207945e+03 1.198259e+03 1.203289e+03 1.202915e+03
1.201961e+03 1.197531e+03 1.201266e+03 1.198227e+03
1.201214e+03 1.197090e+03 1.199110e+03 1.199194e+03
1.194361e+03 1.196895e+03 1.197656e+03 1.193600e+03
1.193960e+03 1.196843e+03 1.196885e+03 1.193918e+03
1.195647e+03 1.196959e+03 1.196812e+03 1.195795e+03
1.213281e+03 1.197513e+03 1.197985e+03 1.212810e+03
1.204214e+03 1.197923e+03 1.197769e+03 1.204369e+03
1.203785e+03 1.197807e+03 1.195485e+03 1.206107e+03
1.190928e+03 1.197501e+03 1.194707e+03 1.193722e+03
1.187381e+03 1.197301e+03 1.195296e+03 1.189386e+03
1.192403e+03 1.198251e+03 1.194785e+03 1.195869e+03
1.201015e+03 1.200865e+03 1.192076e+03 1.209804e+03
1.193240e+03 1.202157e+03 1.191510e+03 1.203887e+03
1.187348e+03 1.201014e+03 1.194573e+03 1.193788e+03
1.197383e+03 1.199200e+03 1.197063e+03 1.199520e+03
1.196302e+03 1.197852e+03 1.197925e+03 1.196229e+03
1.196947e+03 1.197087e+03 1.198019e+03 1.196015e+03
1.191088e+03 1.196731e+03 1.197896e+03 1.189922e+03
1.202847e+03 1.196632e+03 1.197710e+03 1.201769e+03
1.189553e+03 1.196814e+03 1.197843e+03 1.188523e+03
1.210296e+03 1.197940e+03 1.200173e+03 1.208063e+03
1.202299e+03 1.199701e+03 1.204108e+03 1.197892e+03
1.208869e+03 1.200520e+03 1.206289e+03 1.203100e+03
1.206281e+03 1.199790e+03 1.205872e+03 1.200199e+03
1.188706e+03 1.198571e+03 1.203444e+03 1.183833e+03
1.190549e+03 1.197635e+03 1.200704e+03 1.187480e+03
1.192883e+03 1.197095e+03 1.198982e+03 1.190997e+03
1.195194e+03 1.196844e+03 1.199147e+03 1.192891e+03
1.204131e+03 1.196775e+03 1.199223e+03 1.201683e+03
1.190220e+03 1.196809e+03 1.198861e+03 1.188167e+03
1.194823e+03 1.196889e+03 1.199505e+03 1.192207e+03
1.198126e+03 1.197536e+03 1.198895e+03 1.196767e+03
1.195878e+03 1.199617e+03 1.195562e+03 1.199933e+03
1.203803e+03 1.200624e+03 1.194483e+03 1.209944e+03
1.200338e+03 1.199800e+03 1.196186e+03 1.203952e+03
1.200141e+03 1.198544e+03 1.197305e+03 1.201380e+03
1.194838e+03 1.197861e+03 1.198056e+03 1.194643e+03
1.190553e+03 1.198040e+03 1.199679e+03 1.188914e+03
1.191426e+03 1.198241e+03 1.201207e+03 1.188460e+03
1.215403e+03 1.197931e+03 1.202076e+03 1.211258e+03
1.194436e+03 1.197819e+03 1.202069e+03 1.190186e+03
1.191003e+03 1.198605e+03 1.202938e+03 1.186669e+03
1.207420e+03 1.198907e+03 1.200981e+03 1.205346e+03
1.200161e+03 1.198462e+03 1.197464e+03 1.201159e+03
1.197202e+03 1.198658e+03 1.197901e+03 1.197958e+03
1.193996e+03 1.199133e+03 1.199414e+03 1.193714e+03
1.196416e+03 1.198747e+03 1.197313e+03 1.197849e+03
1.199906e+03 1.197962e+03 1.195475e+03 1.202393e+03
1.180549e+03 1.197352e+03 1.195400e+03 1.182502e+03
1.205971e+03 1.197022e+03 1.195977e+03 1.207016e+03
1.214173e+03 1.196885e+03 1.196492e+03 1.214565e+03
1.187443e+03 1.196861e+03 1.196837e+03 1.187468e+03
1.211224e+03 1.196895e+03 1.197055e+03 1.211064e+03
1.186396e+03 1.196951e+03 1.197177e+03 1.186170e+03
1.196922e+03 1.197006e+03 1.197193e+03 1.196736e+03
1.189594e+03 1.197049e+03 1.197106e+03 1.189537e+03
1.198605e+03 1.197078e+03 1.197135e+03 1.198547e+03
1.192903e+03 1.197131e+03 1.198378e+03 1.191656e+03
1.187162e+03 1.198179e+03 1.198216e+03 1.187126e+03
1.189406e+03 1.200995e+03 1.194443e+03 1.195959e+03
1.191304e+03 1.203416e+03 1.190721e+03 1.204000e+03
1.184325e+03 1.202970e+03 1.191836e+03 1.195460e+03
1.198790e+03 1.200766e+03 1.195222e+03 1.204334e+03
1.192285e+03 1.198718e+03 1.197171e+03 1.193833e+03
1.190927e+03 1.197427e+03 1.197778e+03 1.190577e+03
1.183601e+03 1.196840e+03 1.198052e+03 1.182389e+03
1.200739e+03 1.197065e+03 1.199124e+03 1.198680e+03
1.202672e+03 1.197455e+03 1.198921e+03 1.201206e+03
1.199598e+03 1.197451e+03 1.196346e+03 1.200703e+03
1.189310e+03 1.197530e+03 1.195782e+03 1.191058e+03
1.193272e+03 1.197920e+03 1.197681e+03 1.193511e+03
1.195650e+03 1.197941e+03 1.200044e+03 1.193547e+03
1.191159e+03 1.197620e+03 1.200750e+03 1.188029e+03
1.200411e+03 1.197300e+03 1.199787e+03 1.197924e+03
1.195750e+03 1.197193e+03 1.198759e+03 1.194184e+03
1.203860e+03 1.197595e+03 1.199093e+03 1.202362e+03
1.201818e+03 1.197933e+03 1.200270e+03 1.199481e+03
1.199509e+03 1.197787e+03 1.201095e+03 1.196202e+03
1.201366e+03 1.197471e+03 1.200277e+03 1.198560e+03
1.195676e+03 1.197229e+03 1.198760e+03 1.194144e+03
1.200375e+03 1.197094e+03 1.197628e+03 1.199841e+03
1.201061e+03 1.197033e+03 1.198174e+03 1.199919e+03
1.203742e+03 1.197017e+03 1.199115e+03 1.201643e+03
1.198102e+03 1.197026e+03 1.198818e+03 1.196311e+03
1.194610e+03 1.197047e+03 1.197984e+03 1.193673e+03
1.183177e+03 1.197069e+03 1.197283e+03 1.182964e+03
1.206583e+03 1.197087e+03 1.196787e+03 1.206883e+03
1.203562e+03 1.197106e+03 1.195088e+03 1.205580e+03
1.198367e+03 1.197538e+03 1.194415e+03 1.201490e+03
1.201402e+03 1.198962e+03 1.198304e+03 1.202061e+03
1.203313e+03 1.200412e+03 1.203265e+03 1.200460e+03
1.201850e+03 1.200398e+03 1.205453e+03 1.196795e+03
1.203530e+03 1.199266e+03 1.204646e+03 1.198150e+03
1.204847e+03 1.198113e+03 1.201996e+03 1.200964e+03
1.198469e+03 1.197358e+03 1.199399e+03 1.196429e+03
1.200091e+03 1.196962e+03 1.197667e+03 1.199386e+03
1.201281e+03 1.197259e+03 1.196197e+03 1.202344e+03
1.193385e+03 1.199488e+03 1.193100e+03 1.199772e+03
1.198105e+03 1.201848e+03 1.190484e+03 1.209469e+03
1.188712e+03 1.201649e+03 1.192395e+03 1.197966e+03
1.182921e+03 1.199931e+03 1.195623e+03 1.187229e+03
1.194275e+03 1.198340e+03 1.197269e+03 1.195347e+03
1.192414e+03 1.197352e+03 1.197737e+03 1.192029e+03
1.201194e+03 1.197453e+03 1.197043e+03 1.201605e+03
1.197690e+03 1.199673e+03 1.193998e+03 1.203365e+03
1.191671e+03 1.201694e+03 1.190872e+03 1.202492e+03
1.182169e+03 1.201201e+03 1.189302e+03 1.194068e+03
1.185161e+03 1.199624e+03 1.190815e+03 1.193970e+03
1.196503e+03 1.198778e+03 1.195015e+03 1.200266e+03
1.201272e+03 1.198527e+03 1.198575e+03 1.201224e+03
1.191828e+03 1.198028e+03 1.197816e+03 1.192040e+03
1.191587e+03 1.197409e+03 1.196141e+03 1.192855e+03
1.185479e+03 1.196995e+03 1.196013e+03 1.186461e+03
1.193296e+03 1.196824e+03 1.196482e+03 1.193639e+03
1.195012e+03 1.196800e+03 1.196853e+03 1.194959e+03
1.195844e+03 1.196842e+03 1.198061e+03 1.194626e+03
1.207427e+03 1.196907e+03 1.199558e+03 1.204776e+03
1.207602e+03 1.196971e+03 1.199659e+03 1.204914e+03
1.205879e+03 1.197023e+03 1.199091e+03 1.203811e+03
1.200875e+03 1.197061e+03 1.199075e+03 1.198860e+03
1.192245e+03 1.197088e+03 1.199968e+03 1.189365e+03
1.199342e+03 1.197311e+03 1.200278e+03 1.196374e+03
1.202664e+03 1.197866e+03 1.200673e+03 1.199857e+03
1.203754e+03 1.198046e+03 1.201412e+03 1.200388e+03
1.198125e+03 1.197843e+03 1.201445e+03 1.194523e+03
1.194824e+03 1.197996e+03 1.201205e+03 1.191615e+03
1.207737e+03 1.198455e+03 1.201217e+03 1.204975e+03
1.207274e+03 1.198403e+03 1.198655e+03 1.207023e+03
1.204537e+03 1.197915e+03 1.195495e+03 1.206957e+03
1.200134e+03 1.197443e+03 1.194660e+03 1.202917e+03
1.203894e+03 1.197151e+03 1.195219e+03 1.205827e+03
1.199866e+03 1.197010e+03 1.196101e+03 1.200775e+03
1.173817e+03 1.196962e+03 1.196963e+03 1.173817e+03
1.194408e+03 1.196967e+03 1.197797e+03 1.193578e+03
1.198620e+03 1.197098e+03 1.199261e+03 1.196458e+03
1.211368e+03 1.198510e+03 1.198218e+03 1.211660e+03
1.200584e+03 1.200400e+03 1.195582e+03 1.205402e+03
1.195951e+03 1.200376e+03 1.196128e+03 1.200199e+03
1.204105e+03 1.199171e+03 1.197474e+03 1.205803e+03
1.205650e+03 1.198037e+03 1.197799e+03 1.205889e+03
1.195365e+03 1.197326e+03 1.197615e+03 1.195076e+03
1.202890e+03 1.196956e+03 1.197522e+03 1.202324e+03
1.209509e+03 1.196808e+03 1.197680e+03 1.208638e+03
1.216023e+03 1.196796e+03 1.197954e+03 1.214866e+03
1.210277e+03 1.196855e+03 1.199139e+03 1.207993e+03
1.197786e+03 1.196933e+03 1.199947e+03 1.194771e+03
1.209934e+03 1.197001e+03 1.199357e+03 1.207578e+03
