3.571312e+03 3.674145e+03 3.639824e+03 3.605633e+03
3.588707e+03 3.674145e+03 3.639824e+03 3.623028e+03
3.628931e+03 3.674145e+03 3.639824e+03 3.663252e+03
3.637771e+03 3.674145e+03 3.640860e+03 3.671055e+03
3.630579e+03 3.674145e+03 3.649262e+03 3.655462e+03
3.643171e+03 3.674145e+03 3.663280e+03 3.654037e+03
3.612583e+03 3.674145e+03 3.676444e+03 3.610284e+03
3.646958e+03 3.674145e+03 3.695268e+03 3.625836e+03
3.655820e+03 3.674145e+03 3.709789e+03 3.620176e+03
3.714551e+03 3.674145e+03 3.720420e+03 3.668276e+03
3.701877e+03 3.674145e+03 3.722657e+03 3.653366e+03
3.712269e+03 3.674145e+03 3.721081e+03 3.665334e+03
3.653079e+03 3.674145e+03 3.701364e+03 3.625860e+03
3.654869e+03 3.674145e+03 3.676825e+03 3.652190e+03
3.625587e+03 3.674145e+03 3.669614e+03 3.630118e+03
3.654335e+03 3.674145e+03 3.675180e+03 3.653300e+03
3.692274e+03 3.674145e+03 3.687844e+03 3.678575e+03
3.670700e+03 3.674145e+03 3.685947e+03 3.658898e+03
3.626265e+03 3.674145e+03 3.680944e+03 3.619466e+03
3.670823e+03 3.674145e+03 3.687374e+03 3.657595e+03
3.654087e+03 3.674145e+03 3.691387e+03 3.636845e+03
3.620564e+03 3.674145e+03 3.676248e+03 3.618461e+03
3.625501e+03 3.674145e+03 3.663775e+03 3.635872e+03
3.652414e+03 3.674145e+03 3.671617e+03 3.654941e+03
3.712430e+03 3.674145e+03 3.686456e+03 3.700120e+03
3.741317e+03 3.674145e+03 3.698940e+03 3.716522e+03
3.697442e+03 3.674145e+03 3.689216e+03 3.682371e+03
3.654455e+03 3.674145e+03 3.677144e+03 3.651457e+03
3.635217e+03 3.674145e+03 3.677821e+03 3.631541e+03
3.663713e+03 3.674145e+03 3.682418e+03 3.655440e+03
3.635065e+03 3.674145e+03 3.679261e+03 3.629949e+03
3.652183e+03 3.674145e+03 3.682097e+03 3.644231e+03
3.661789e+03 3.674145e+03 3.690505e+03 3.645429e+03
3.694448e+03 3.674145e+03 3.702405e+03 3.666189e+03
3.720141e+03 3.674145e+03 3.704638e+03 3.689648e+03
3.683934e+03 3.674145e+03 3.700606e+03 3.657473e+03
3.676290e+03 3.674145e+03 3.695558e+03 3.654877e+03
3.683694e+03 3.674145e+03 3.699619e+03 3.658221e+03
3.681285e+03 3.674145e+03 3.703486e+03 3.651944e+03
3.664959e+03 3.674145e+03 3.709663e+03 3.629441e+03
3.667833e+03 3.674145e+03 3.713292e+03 3.628686e+03
3.679435e+03 3.674145e+03 3.715384e+03 3.638196e+03
3.685520e+03 3.674145e+03 3.703595e+03 3.656069e+03
3.657548e+03 3.674145e+03 3.683750e+03 3.647943e+03
3.647544e+03 3.674145e+03 3.673314e+03 3.648375e+03
3.662183e+03 3.674145e+03 3.671681e+03 3.664647e+03
3.694127e+03 3.674145e+03 3.682808e+03 3.685463e+03
3.685656e+03 3.674145e+03 3.681187e+03 3.678614e+03
3.685352e+03 3.674145e+03 3.664429e+03 3.695067e+03
3.658211e+03 3.674145e+03 3.648121e+03 3.684235e+03
3.631722e+03 3.674886e+03 3.639128e+03 3.667480e+03
3.669182e+03 3.691718e+03 3.651650e+03 3.709250e+03
3.676590e+03 3.731286e+03 3.690233e+03 3.717643e+03
3.693102e+03 3.749425e+03 3.716087e+03 3.726440e+03
3.701216e+03 3.731861e+03 3.713705e+03 3.719372e+03
3.674084e+03 3.705011e+03 3.690184e+03 3.688911e+03
3.668828e+03 3.685184e+03 3.670697e+03 3.683315e+03
3.684405e+03 3.673916e+03 3.665515e+03 3.692807e+03
3.685914e+03 3.668659e+03 3.674563e+03 3.680009e+03
3.713134e+03 3.667193e+03 3.684446e+03 3.695881e+03
3.727771e+03 3.667884e+03 3.674358e+03 3.721297e+03
3.688230e+03 3.669463e+03 3.659608e+03 3.698085e+03
3.655458e+03 3.671085e+03 3.657904e+03 3.668639e+03
3.643342e+03 3.672351e+03 3.664509e+03 3.651184e+03
3.663688e+03 3.673184e+03 3.676843e+03 3.660029e+03
3.671894e+03 3.673669e+03 3.688892e+03 3.656671e+03
3.668458e+03 3.673925e+03 3.679735e+03 3.662648e+03
3.649851e+03 3.674049e+03 3.661127e+03 3.662772e+03
3.625084e+03 3.674105e+03 3.647198e+03 3.651991e+03
3.631663e+03 3.674129e+03 3.649917e+03 3.655876e+03
3.669645e+03 3.674140e+03 3.665208e+03 3.678577e+03
3.678020e+03 3.674144e+03 3.678615e+03 3.673549e+03
3.757868e+03 3.674145e+03 3.675690e+03 3.756323e+03
3.738121e+03 3.674145e+03 3.670889e+03 3.741377e+03
3.723726e+03 3.674145e+03 3.680358e+03 3.717513e+03
3.712463e+03 3.674145e+03 3.689771e+03 3.696837e+03
3.654164e+03 3.674145e+03 3.690112e+03 3.638197e+03
3.623414e+03 3.674145e+03 3.675277e+03 3.622282e+03
3.645358e+03 3.674145e+03 3.656550e+03 3.662953e+03
3.685556e+03 3.674145e+03 3.643241e+03 3.716460e+03
3.663624e+03 3.674145e+03 3.636291e+03 3.701478e+03
3.607985e+03 3.674146e+03 3.633683e+03 3.648448e+03
3.632438e+03 3.677797e+03 3.637216e+03 3.673019e+03
3.649321e+03 3.705387e+03 3.665911e+03 3.688797e+03
3.719004e+03 3.742861e+03 3.706468e+03 3.755396e+03
3.731673e+03 3.745832e+03 3.730162e+03 3.747342e+03
3.696627e+03 3.721656e+03 3.729719e+03 3.688565e+03
3.691879e+03 3.696551e+03 3.715145e+03 3.673286e+03
3.703928e+03 3.680125e+03 3.708944e+03 3.675108e+03
3.690058e+03 3.671397e+03 3.698585e+03 3.662870e+03
3.689912e+03 3.667768e+03 3.683487e+03 3.674193e+03
3.677527e+03 3.667274e+03 3.674965e+03 3.669836e+03
3.674368e+03 3.668422e+03 3.675855e+03 3.666934e+03
3.710067e+03 3.670091e+03 3.687051e+03 3.693107e+03
3.720705e+03 3.671606e+03 3.691084e+03 3.701228e+03
3.692355e+03 3.672708e+03 3.691708e+03 3.673354e+03
3.711577e+03 3.673398e+03 3.692070e+03 3.692906e+03
3.670116e+03 3.673785e+03 3.699592e+03 3.644309e+03
3.670367e+03 3.673982e+03 3.704143e+03 3.640206e+03
3.689153e+03 3.674075e+03 3.706185e+03 3.657043e+03
3.723248e+03 3.674117e+03 3.708835e+03 3.688529e+03
3.709168e+03 3.674134e+03 3.693118e+03 3.690184e+03
3.670244e+03 3.674142e+03 3.667076e+03 3.677310e+03
3.632860e+03 3.674145e+03 3.646579e+03 3.660426e+03
3.648229e+03 3.674145e+03 3.635400e+03 3.686974e+03
3.673093e+03 3.674145e+03 3.631282e+03 3.715956e+03
3.650363e+03 3.674145e+03 3.637583e+03 3.686925e+03
3.670697e+03 3.674145e+03 3.655805e+03 3.689037e+03
3.692463e+03 3.674145e+03 3.676898e+03 3.689710e+03
3.689824e+03 3.674145e+03 3.694546e+03 3.669423e+03
3.679292e+03 3.674145e+03 3.695905e+03 3.657533e+03
3.723433e+03 3.674145e+03 3.697964e+03 3.699614e+03
3.736499e+03 3.674145e+03 3.706413e+03 3.704232e+03
3.747715e+03 3.674145e+03 3.701788e+03 3.720073e+03
3.736971e+03 3.674145e+03 3.684069e+03 3.727048e+03
3.699659e+03 3.674145e+03 3.678646e+03 3.695159e+03
3.744861e+03 3.674145e+03 3.688534e+03 3.730472e+03
3.701859e+03 3.674145e+03 3.692481e+03 3.683523e+03
3.677490e+03 3.674145e+03 3.676073e+03 3.675561e+03
3.648177e+03 3.674145e+03 3.655545e+03 3.666778e+03
3.614466e+03 3.674145e+03 3.641727e+03 3.646883e+03
3.605891e+03 3.674152e+03 3.634926e+03 3.645117e+03
3.647728e+03 3.679405e+03 3.637840e+03 3.689293e+03
3.662707e+03 3.706982e+03 3.665709e+03 3.703980e+03
3.684167e+03 3.726273e+03 3.694175e+03 3.716265e+03
3.691841e+03 3.717092e+03 3.700089e+03 3.708843e+03
3.672388e+03 3.698219e+03 3.683202e+03 3.687405e+03
3.658267e+03 3.683543e+03 3.662113e+03 3.679698e+03
3.602542e+03 3.674998e+03 3.657219e+03 3.620321e+03
3.657723e+03 3.670833e+03 3.674688e+03 3.653868e+03
3.680843e+03 3.669461e+03 3.694528e+03 3.655776e+03
3.699574e+03 3.669738e+03 3.705364e+03 3.663948e+03
3.690957e+03 3.670760e+03 3.691358e+03 3.670358e+03
3.646328e+03 3.671890e+03 3.667279e+03 3.650938e+03
3.640296e+03 3.672803e+03 3.648507e+03 3.664592e+03
3.629975e+03 3.673418e+03 3.637898e+03 3.665495e+03
3.659073e+03 3.673781e+03 3.633247e+03 3.699608e+03
3.692942e+03 3.673975e+03 3.634281e+03 3.732636e+03
3.694483e+03 3.674071e+03 3.650754e+03 3.717799e+03
3.691168e+03 3.674114e+03 3.677651e+03 3.687632e+03
3.712911e+03 3.674133e+03 3.697313e+03 3.689731e+03
3.709129e+03 3.674140e+03 3.710505e+03 3.672765e+03
3.695649e+03 3.674144e+03 3.707080e+03 3.662714e+03
3.705592e+03 3.674145e+03 3.696175e+03 3.683562e+03
3.710668e+03 3.674145e+03 3.687551e+03 3.697262e+03
3.728969e+03 3.674145e+03 3.692473e+03 3.710641e+03
3.767757e+03 3.674145e+03 3.692268e+03 3.749635e+03
3.759583e+03 3.674145e+03 3.686344e+03 3.747384e+03
3.721543e+03 3.674145e+03 3.691412e+03 3.704275e+03
3.683498e+03 3.674145e+03 3.691122e+03 3.666520e+03
3.679315e+03 3.674145e+03 3.691990e+03 3.661469e+03
3.684163e+03 3.674145e+03 3.699832e+03 3.658476e+03
3.701016e+03 3.674145e+03 3.700503e+03 3.674658e+03
3.676422e+03 3.674456e+03 3.681225e+03 3.669654e+03
3.670859e+03 3.687455e+03 3.670851e+03 3.687463e+03
3.688295e+03 3.725912e+03 3.693585e+03 3.720622e+03
3.699784e+03 3.750457e+03 3.718251e+03 3.731990e+03
3.677300e+03 3.736918e+03 3.725399e+03 3.688819e+03
3.656240e+03 3.709562e+03 3.709775e+03 3.656027e+03
3.673135e+03 3.687946e+03 3.695949e+03 3.665133e+03
3.674556e+03 3.675266e+03 3.689872e+03 3.659950e+03
3.635880e+03 3.669120e+03 3.681945e+03 3.623055e+03
3.642535e+03 3.667138e+03 3.676991e+03 3.632682e+03
3.672274e+03 3.667585e+03 3.679334e+03 3.660526e+03
3.695831e+03 3.669114e+03 3.681663e+03 3.683281e+03
3.669944e+03 3.670792e+03 3.671091e+03 3.669645e+03
3.658204e+03 3.672146e+03 3.654575e+03 3.675775e+03
3.663276e+03 3.673060e+03 3.642131e+03 3.694205e+03
3.676193e+03 3.673601e+03 3.635649e+03 3.714145e+03
3.649434e+03 3.673890e+03 3.633335e+03 3.689989e+03
3.688331e+03 3.674033e+03 3.633363e+03 3.729001e+03
3.651086e+03 3.674098e+03 3.634785e+03 3.690399e+03
3.688614e+03 3.674126e+03 3.643057e+03 3.719684e+03
3.684894e+03 3.674138e+03 3.662047e+03 3.696985e+03
3.668182e+03 3.674144e+03 3.679534e+03 3.662791e+03
3.685237e+03 3.674145e+03 3.696965e+03 3.662417e+03
3.693805e+03 3.674145e+03 3.709699e+03 3.658252e+03
3.705942e+03 3.674145e+03 3.718561e+03 3.661526e+03
3.709127e+03 3.674145e+03 3.721985e+03 3.661286e+03
3.706534e+03 3.674145e+03 3.722099e+03 3.658580e+03
3.748744e+03 3.674145e+03 3.709736e+03 3.713153e+03
3.707044e+03 3.674145e+03 3.681482e+03 3.699707e+03
3.675439e+03 3.674147e+03 3.654966e+03 3.694620e+03
3.629308e+03 3.678164e+03 3.642735e+03 3.664736e+03
3.671629e+03 3.704225e+03 3.661542e+03 3.714311e+03
3.697904e+03 3.725861e+03 3.688000e+03 3.735765e+03
3.741511e+03 3.719105e+03 3.696163e+03 3.764453e+03
3.717074e+03 3.715350e+03 3.696271e+03 3.736153e+03
3.713650e+03 3.729887e+03 3.708440e+03 3.735097e+03
3.710484e+03 3.726135e+03 3.720137e+03 3.716482e+03
3.694716e+03 3.705381e+03 3.709250e+03 3.690847e+03
3.681153e+03 3.686057e+03 3.680386e+03 3.686824e+03
3.665780e+03 3.679319e+03 3.659215e+03 3.685884e+03
3.688948e+03 3.701101e+03 3.670958e+03 3.719091e+03
3.719504e+03 3.719606e+03 3.696101e+03 3.743009e+03
3.699662e+03 3.711481e+03 3.707773e+03 3.703370e+03
3.666646e+03 3.693974e+03 3.692547e+03 3.668074e+03
3.663942e+03 3.680629e+03 3.678038e+03 3.666534e+03
3.704551e+03 3.673189e+03 3.676531e+03 3.701209e+03
3.751860e+03 3.669802e+03 3.686566e+03 3.735096e+03
3.753949e+03 3.668904e+03 3.690146e+03 3.732707e+03
3.688426e+03 3.669444e+03 3.674363e+03 3.683507e+03
3.680182e+03 3.670604e+03 3.659926e+03 3.690861e+03
3.670921e+03 3.671809e+03 3.663348e+03 3.679382e+03
3.701916e+03 3.672761e+03 3.673787e+03 3.700890e+03
3.713238e+03 3.673396e+03 3.681471e+03 3.705164e+03
3.741585e+03 3.673771e+03 3.686599e+03 3.728757e+03
3.737558e+03 3.673972e+03 3.694384e+03 3.717145e+03
3.670389e+03 3.674069e+03 3.701971e+03 3.642487e+03
3.713934e+03 3.674113e+03 3.708072e+03 3.679975e+03
3.695440e+03 3.674132e+03 3.705208e+03 3.664365e+03
3.660876e+03 3.674140e+03 3.683201e+03 3.651816e+03
3.632448e+03 3.674144e+03 3.658427e+03 3.648166e+03
3.619086e+03 3.674145e+03 3.641905e+03 3.651326e+03
3.639289e+03 3.674145e+03 3.638183e+03 3.675251e+03
3.672797e+03 3.674145e+03 3.657156e+03 3.689786e+03
3.746686e+03 3.674145e+03 3.683005e+03 3.737827e+03
3.789626e+03 3.674145e+03 3.703751e+03 3.760020e+03
3.794115e+03 3.674145e+03 3.701439e+03 3.766821e+03
3.740756e+03 3.674145e+03 3.679267e+03 3.735634e+03
3.701396e+03 3.674145e+03 3.656962e+03 3.718578e+03
3.656496e+03 3.674145e+03 3.648424e+03 3.682217e+03
3.665725e+03 3.674145e+03 3.664428e+03 3.675441e+03
3.701662e+03 3.674145e+03 3.684632e+03 3.691175e+03
3.705505e+03 3.674169e+03 3.693251e+03 3.686424e+03
3.712598e+03 3.680872e+03 3.689751e+03 3.703719e+03
3.701592e+03 3.713809e+03 3.703455e+03 3.711946e+03
3.748204e+03 3.747609e+03 3.723452e+03 3.772360e+03
3.768122e+03 3.743529e+03 3.723462e+03 3.788189e+03
3.737669e+03 3.717262e+03 3.701007e+03 3.753924e+03
3.710673e+03 3.693157e+03 3.675225e+03 3.728605e+03
3.679429e+03 3.678099e+03 3.668227e+03 3.689301e+03
3.662901e+03 3.670362e+03 3.673364e+03 3.659899e+03
3.700318e+03 3.667389e+03 3.684397e+03 3.683309e+03
3.686500e+03 3.667295e+03 3.691542e+03 3.662253e+03
3.657859e+03 3.668630e+03 3.682814e+03 3.643675e+03
3.661537e+03 3.670333e+03 3.675265e+03 3.656605e+03
3.654228e+03 3.671804e+03 3.677108e+03 3.648925e+03
3.682785e+03 3.673049e+03 3.687717e+03 3.668117e+03
3.718486e+03 3.685200e+03 3.691830e+03 3.711856e+03
3.740594e+03 3.715801e+03 3.704979e+03 3.751417e+03
3.741917e+03 3.725695e+03 3.718459e+03 3.749154e+03
3.721067e+03 3.714485e+03 3.715308e+03 3.720244e+03
3.759544e+03 3.722968e+03 3.714814e+03 3.767697e+03
3.723935e+03 3.748265e+03 3.726583e+03 3.745618e+03
3.710031e+03 3.745424e+03 3.725157e+03 3.730298e+03
3.667355e+03 3.718466e+03 3.703850e+03 3.681971e+03
3.593443e+03 3.692429e+03 3.673046e+03 3.612826e+03
3.592869e+03 3.676344e+03 3.649072e+03 3.620141e+03
3.626637e+03 3.668544e+03 3.642165e+03 3.653016e+03
3.641821e+03 3.665883e+03 3.650442e+03 3.657261e+03
3.653143e+03 3.666141e+03 3.662406e+03 3.656878e+03
3.695165e+03 3.667788e+03 3.682602e+03 3.680351e+03
3.677855e+03 3.669755e+03 3.699465e+03 3.648145e+03
3.708092e+03 3.671436e+03 3.708098e+03 3.671430e+03
3.691187e+03 3.672626e+03 3.713738e+03 3.650075e+03
3.646968e+03 3.673360e+03 3.699674e+03 3.620654e+03
3.618601e+03 3.673768e+03 3.672804e+03 3.619565e+03
3.655577e+03 3.673975e+03 3.650591e+03 3.678961e+03
3.664710e+03 3.674074e+03 3.642735e+03 3.696049e+03
3.683226e+03 3.674116e+03 3.650283e+03 3.707059e+03
3.647801e+03 3.674134e+03 3.661833e+03 3.660102e+03
3.665697e+03 3.674142e+03 3.680234e+03 3.659605e+03
3.666771e+03 3.674145e+03 3.688114e+03 3.652802e+03
3.636687e+03 3.674145e+03 3.674879e+03 3.635953e+03
