9.809215e+03 9.802181e+03 9.802221e+03 9.809174e+03
9.823842e+03 9.802181e+03 9.802221e+03 9.823801e+03
9.792257e+03 9.802181e+03 9.802221e+03 9.792216e+03
9.808156e+03 9.802160e+03 9.802301e+03 9.808015e+03
9.792682e+03 9.801988e+03 9.802944e+03 9.791725e+03
9.767272e+03 9.801701e+03 9.804018e+03 9.764956e+03
9.820173e+03 9.801571e+03 9.805043e+03 9.816700e+03
9.791981e+03 9.801945e+03 9.805929e+03 9.787997e+03
9.785029e+03 9.804105e+03 9.802074e+03 9.787060e+03
9.792794e+03 9.807520e+03 9.794523e+03 9.805791e+03
9.793231e+03 9.809146e+03 9.790747e+03 9.811631e+03
9.779700e+03 9.807702e+03 9.794483e+03 9.792919e+03
9.786204e+03 9.805246e+03 9.799317e+03 9.792133e+03
9.778503e+03 9.803476e+03 9.802144e+03 9.779834e+03
9.795421e+03 9.802785e+03 9.803944e+03 9.794262e+03
9.825777e+03 9.802533e+03 9.805407e+03 9.822903e+03
9.829237e+03 9.802231e+03 9.806951e+03 9.824517e+03
9.807987e+03 9.802090e+03 9.806860e+03 9.803217e+03
9.815568e+03 9.802336e+03 9.805966e+03 9.811938e+03
9.822951e+03 9.802495e+03 9.806069e+03 9.819377e+03
9.817892e+03 9.802397e+03 9.806317e+03 9.813972e+03
9.817887e+03 9.802286e+03 9.805237e+03 9.814935e+03
9.776359e+03 9.803760e+03 9.806629e+03 9.773491e+03
9.820243e+03 9.808144e+03 9.813827e+03 9.814560e+03
9.796476e+03 9.810729e+03 9.818841e+03 9.788364e+03
9.806591e+03 9.809059e+03 9.817317e+03 9.798332e+03
9.805905e+03 9.806097e+03 9.812104e+03 9.799899e+03
9.839325e+03 9.805787e+03 9.810636e+03 9.834477e+03
9.842764e+03 9.807691e+03 9.812362e+03 9.838092e+03
9.810829e+03 9.807248e+03 9.806423e+03 9.811654e+03
9.791772e+03 9.805957e+03 9.801524e+03 9.796206e+03
9.794562e+03 9.807968e+03 9.807013e+03 9.795517e+03
9.797323e+03 9.810488e+03 9.814799e+03 9.793012e+03
9.808150e+03 9.809266e+03 9.816300e+03 9.801117e+03
9.800925e+03 9.806360e+03 9.812890e+03 9.794395e+03
9.804129e+03 9.804265e+03 9.808819e+03 9.799575e+03
9.780297e+03 9.803095e+03 9.806066e+03 9.777326e+03
9.800216e+03 9.802334e+03 9.805329e+03 9.797221e+03
9.787217e+03 9.803124e+03 9.802149e+03 9.788191e+03
9.788020e+03 9.806023e+03 9.794884e+03 9.799159e+03
9.789546e+03 9.808353e+03 9.789585e+03 9.808314e+03
9.801452e+03 9.807677e+03 9.792174e+03 9.816955e+03
9.829873e+03 9.805407e+03 9.797707e+03 9.837573e+03
9.818796e+03 9.803288e+03 9.801682e+03 9.820402e+03
9.822874e+03 9.801812e+03 9.804213e+03 9.820473e+03
9.806567e+03 9.801072e+03 9.805747e+03 9.801893e+03
9.800320e+03 9.800997e+03 9.807230e+03 9.794087e+03
9.815542e+03 9.801254e+03 9.807078e+03 9.809719e+03
9.788347e+03 9.801572e+03 9.805425e+03 9.784494e+03
9.787913e+03 9.801837e+03 9.803740e+03 9.786010e+03
9.811884e+03 9.802014e+03 9.802658e+03 9.811239e+03
9.766082e+03 9.801990e+03 9.802571e+03 9.765501e+03
9.786574e+03 9.801735e+03 9.803459e+03 9.784850e+03
9.802966e+03 9.801612e+03 9.801664e+03 9.802914e+03
9.788526e+03 9.801750e+03 9.796752e+03 9.793524e+03
9.808755e+03 9.801942e+03 9.795700e+03 9.814997e+03
9.869830e+03 9.801952e+03 9.798254e+03 9.873527e+03
9.798604e+03 9.801782e+03 9.801499e+03 9.798887e+03
9.815591e+03 9.801749e+03 9.804461e+03 9.812879e+03
9.823391e+03 9.801895e+03 9.806388e+03 9.818898e+03
9.815599e+03 9.802057e+03 9.806019e+03 9.811637e+03
9.813559e+03 9.802104e+03 9.804842e+03 9.810821e+03
9.804837e+03 9.801925e+03 9.804466e+03 9.802296e+03
9.810092e+03 9.801674e+03 9.804691e+03 9.807075e+03
9.804233e+03 9.801638e+03 9.805437e+03 9.800435e+03
9.814004e+03 9.801814e+03 9.806255e+03 9.809563e+03
9.799680e+03 9.802011e+03 9.805459e+03 9.796232e+03
9.791764e+03 9.802143e+03 9.803950e+03 9.789956e+03
9.788093e+03 9.802362e+03 9.803054e+03 9.787402e+03
9.792156e+03 9.804622e+03 9.806570e+03 9.790208e+03
9.801973e+03 9.807807e+03 9.811170e+03 9.798610e+03
9.805600e+03 9.807813e+03 9.806543e+03 9.806870e+03
9.791028e+03 9.805854e+03 9.801049e+03 9.795834e+03
9.845382e+03 9.805832e+03 9.803114e+03 9.848099e+03
9.825198e+03 9.809167e+03 9.812157e+03 9.822208e+03
9.833031e+03 9.810697e+03 9.814839e+03 9.828890e+03
9.804120e+03 9.808444e+03 9.807215e+03 9.805350e+03
9.815203e+03 9.805293e+03 9.801295e+03 9.819201e+03
9.820246e+03 9.803061e+03 9.799750e+03 9.823558e+03
9.825618e+03 9.801865e+03 9.799981e+03 9.827502e+03
9.798266e+03 9.801360e+03 9.800511e+03 9.799114e+03
9.810008e+03 9.801266e+03 9.801046e+03 9.810228e+03
9.814739e+03 9.801367e+03 9.801639e+03 9.814467e+03
9.816909e+03 9.801365e+03 9.802812e+03 9.815462e+03
9.801004e+03 9.801278e+03 9.804250e+03 9.798032e+03
9.793182e+03 9.801415e+03 9.805968e+03 9.788629e+03
9.781871e+03 9.801863e+03 9.806916e+03 9.776818e+03
9.786840e+03 9.802450e+03 9.806591e+03 9.782698e+03
9.837698e+03 9.802676e+03 9.806806e+03 9.833568e+03
9.797660e+03 9.802546e+03 9.806595e+03 9.793611e+03
9.820387e+03 9.802183e+03 9.805768e+03 9.816802e+03
9.791749e+03 9.801774e+03 9.805225e+03 9.788298e+03
9.787424e+03 9.801605e+03 9.805304e+03 9.783724e+03
9.807705e+03 9.801757e+03 9.806119e+03 9.803343e+03
9.819918e+03 9.802253e+03 9.806058e+03 9.816113e+03
9.802173e+03 9.802906e+03 9.805501e+03 9.799578e+03
9.816398e+03 9.803226e+03 9.805236e+03 9.814389e+03
9.813279e+03 9.803196e+03 9.805663e+03 9.810813e+03
9.805950e+03 9.804453e+03 9.802242e+03 9.808161e+03
9.793835e+03 9.806024e+03 9.797897e+03 9.801962e+03
9.798733e+03 9.805629e+03 9.798853e+03 9.805509e+03
9.782805e+03 9.804212e+03 9.801129e+03 9.785888e+03
9.802098e+03 9.803002e+03 9.802141e+03 9.802959e+03
9.784946e+03 9.802282e+03 9.802380e+03 9.784848e+03
9.793108e+03 9.801930e+03 9.802429e+03 9.792610e+03
9.791738e+03 9.801816e+03 9.802438e+03 9.791117e+03
9.823153e+03 9.802009e+03 9.802724e+03 9.822439e+03
9.796272e+03 9.802526e+03 9.803488e+03 9.795311e+03
9.800801e+03 9.802831e+03 9.804692e+03 9.798940e+03
9.775271e+03 9.802741e+03 9.806054e+03 9.771958e+03
9.810434e+03 9.803426e+03 9.803948e+03 9.809912e+03
9.792190e+03 9.805421e+03 9.798621e+03 9.798990e+03
9.818748e+03 9.805884e+03 9.797904e+03 9.826728e+03
9.824965e+03 9.804733e+03 9.800478e+03 9.829220e+03
9.792243e+03 9.804503e+03 9.804110e+03 9.792636e+03
9.808396e+03 9.807064e+03 9.811075e+03 9.804384e+03
9.844896e+03 9.808019e+03 9.815202e+03 9.837712e+03
9.815756e+03 9.806291e+03 9.813780e+03 9.808267e+03
9.786414e+03 9.804128e+03 9.809425e+03 9.781117e+03
9.797039e+03 9.802672e+03 9.805425e+03 9.794286e+03
9.785487e+03 9.801913e+03 9.802861e+03 9.784539e+03
9.813854e+03 9.801603e+03 9.801539e+03 9.813918e+03
9.818519e+03 9.801518e+03 9.801200e+03 9.818837e+03
9.841301e+03 9.801402e+03 9.801954e+03 9.840750e+03
9.811660e+03 9.801400e+03 9.800204e+03 9.812856e+03
9.790570e+03 9.801608e+03 9.795867e+03 9.796311e+03
9.786971e+03 9.801856e+03 9.795409e+03 9.793418e+03
9.765711e+03 9.802081e+03 9.797650e+03 9.770142e+03
9.822296e+03 9.803346e+03 9.797803e+03 9.827839e+03
9.810215e+03 9.806253e+03 9.793962e+03 9.822506e+03
9.793615e+03 9.807670e+03 9.793008e+03 9.808277e+03
9.812780e+03 9.806449e+03 9.797440e+03 9.821790e+03
9.800272e+03 9.804493e+03 9.801377e+03 9.803389e+03
9.782784e+03 9.803029e+03 9.803038e+03 9.782776e+03
9.806593e+03 9.802191e+03 9.803456e+03 9.805328e+03
9.800016e+03 9.801795e+03 9.803415e+03 9.798396e+03
9.786346e+03 9.801680e+03 9.803189e+03 9.784837e+03
9.799033e+03 9.802144e+03 9.803679e+03 9.797498e+03
9.806461e+03 9.805427e+03 9.809341e+03 9.802547e+03
9.832431e+03 9.810685e+03 9.818763e+03 9.824352e+03
9.825206e+03 9.813056e+03 9.823449e+03 9.814813e+03
9.805324e+03 9.810650e+03 9.820689e+03 9.795286e+03
9.779190e+03 9.806631e+03 9.814513e+03 9.771309e+03
9.799749e+03 9.803393e+03 9.809157e+03 9.793986e+03
9.802959e+03 9.801533e+03 9.805896e+03 9.798596e+03
9.833362e+03 9.800845e+03 9.805109e+03 9.829099e+03
9.844657e+03 9.800718e+03 9.804773e+03 9.840602e+03
9.806511e+03 9.800812e+03 9.804453e+03 9.802869e+03
9.790686e+03 9.801151e+03 9.805204e+03 9.786632e+03
9.807757e+03 9.802164e+03 9.803995e+03 9.805926e+03
9.784853e+03 9.804629e+03 9.798799e+03 9.790683e+03
9.788315e+03 9.805850e+03 9.796954e+03 9.797211e+03
9.809159e+03 9.805047e+03 9.799453e+03 9.814754e+03
9.778431e+03 9.803730e+03 9.801480e+03 9.780680e+03
9.773564e+03 9.802656e+03 9.802579e+03 9.773642e+03
9.800496e+03 9.801799e+03 9.803895e+03 9.798401e+03
9.804394e+03 9.801341e+03 9.805292e+03 9.800442e+03
9.808305e+03 9.801377e+03 9.806747e+03 9.802934e+03
9.836099e+03 9.802713e+03 9.808423e+03 9.830388e+03
9.809829e+03 9.806396e+03 9.813056e+03 9.803169e+03
9.806751e+03 9.807995e+03 9.810732e+03 9.804013e+03
9.799011e+03 9.806881e+03 9.803864e+03 9.802027e+03
9.808170e+03 9.807538e+03 9.805316e+03 9.810392e+03
9.813311e+03 9.808944e+03 9.808904e+03 9.813351e+03
9.811912e+03 9.807619e+03 9.804056e+03 9.815475e+03
9.817544e+03 9.805055e+03 9.799496e+03 9.823103e+03
9.786081e+03 9.803063e+03 9.798839e+03 9.790305e+03
9.781552e+03 9.801971e+03 9.799780e+03 9.783744e+03
9.824153e+03 9.801511e+03 9.800737e+03 9.824927e+03
9.796015e+03 9.801415e+03 9.801419e+03 9.796011e+03
9.816240e+03 9.801512e+03 9.801884e+03 9.815868e+03
9.810709e+03 9.801690e+03 9.802183e+03 9.810216e+03
9.782228e+03 9.802040e+03 9.802653e+03 9.781614e+03
9.805177e+03 9.802639e+03 9.803558e+03 9.804257e+03
9.790786e+03 9.803114e+03 9.804409e+03 9.789491e+03
9.831133e+03 9.803119e+03 9.805700e+03 9.828551e+03
9.802020e+03 9.803888e+03 9.804197e+03 9.801710e+03
9.786869e+03 9.806561e+03 9.797495e+03 9.795934e+03
9.802286e+03 9.808932e+03 9.791320e+03 9.819898e+03
9.792342e+03 9.808353e+03 9.792671e+03 9.808024e+03
9.789608e+03 9.805970e+03 9.797804e+03 9.797774e+03
9.788661e+03 9.803793e+03 9.801204e+03 9.791250e+03
9.764968e+03 9.802439e+03 9.802637e+03 9.764770e+03
9.810072e+03 9.801730e+03 9.803257e+03 9.808545e+03
9.812670e+03 9.801286e+03 9.804068e+03 9.809888e+03
9.803270e+03 9.801131e+03 9.802368e+03 9.802033e+03
9.813330e+03 9.801318e+03 9.797395e+03 9.817252e+03
9.788427e+03 9.801508e+03 9.796501e+03 9.793434e+03
9.771404e+03 9.801533e+03 9.799467e+03 9.773470e+03
9.803812e+03 9.801658e+03 9.803485e+03 9.801985e+03
9.793365e+03 9.801877e+03 9.805539e+03 9.789703e+03
9.782893e+03 9.802059e+03 9.805218e+03 9.779734e+03
9.808551e+03 9.802128e+03 9.804295e+03 9.806383e+03
9.815681e+03 9.801967e+03 9.804182e+03 9.813465e+03
9.810463e+03 9.801827e+03 9.805099e+03 9.807191e+03
9.817694e+03 9.801891e+03 9.806224e+03 9.813362e+03
9.820417e+03 9.802060e+03 9.805672e+03 9.816805e+03
9.782635e+03 9.802454e+03 9.804732e+03 9.780356e+03
9.803524e+03 9.802939e+03 9.804420e+03 9.802043e+03
9.813980e+03 9.803024e+03 9.805271e+03 9.811733e+03
9.848905e+03 9.802769e+03 9.805870e+03 9.845805e+03
9.791489e+03 9.802484e+03 9.804899e+03 9.789074e+03
9.843379e+03 9.802423e+03 9.803752e+03 9.842050e+03
9.784188e+03 9.802749e+03 9.803582e+03 9.783355e+03
9.789824e+03 9.803131e+03 9.803700e+03 9.789254e+03
9.821918e+03 9.803124e+03 9.800102e+03 9.824940e+03
9.815688e+03 9.804112e+03 9.798133e+03 9.821667e+03
9.806145e+03 9.808207e+03 9.806503e+03 9.807849e+03
9.805068e+03 9.812511e+03 9.817406e+03 9.800174e+03
9.844144e+03 9.812358e+03 9.820791e+03 9.835711e+03
9.795254e+03 9.808792e+03 9.817093e+03 9.786953e+03
9.815210e+03 9.805199e+03 9.810889e+03 9.809520e+03
9.830460e+03 9.802866e+03 9.805741e+03 9.827585e+03
9.848923e+03 9.801655e+03 9.802559e+03 9.848018e+03
9.798103e+03 9.801665e+03 9.800079e+03 9.799689e+03
9.784457e+03 9.804020e+03 9.795109e+03 9.793368e+03
9.783292e+03 9.806659e+03 9.790897e+03 9.799054e+03
9.806506e+03 9.806616e+03 9.793546e+03 9.819576e+03
9.802462e+03 9.804937e+03 9.798543e+03 9.808856e+03
9.785723e+03 9.803351e+03 9.801506e+03 9.787568e+03
9.801853e+03 9.802365e+03 9.802678e+03 9.801540e+03
9.797540e+03 9.802510e+03 9.801845e+03 9.798205e+03
9.797384e+03 9.804890e+03 9.797062e+03 9.805212e+03
9.823897e+03 9.807049e+03 9.791800e+03 9.839146e+03
9.788963e+03 9.806528e+03 9.788143e+03 9.807348e+03
9.755207e+03 9.804671e+03 9.789836e+03 9.770042e+03
9.792653e+03 9.802882e+03 9.795704e+03 9.799832e+03
9.789156e+03 9.801702e+03 9.800509e+03 9.790349e+03
9.799339e+03 9.801282e+03 9.798831e+03 9.801790e+03
9.771646e+03 9.801333e+03 9.796857e+03 9.776123e+03
9.789696e+03 9.801659e+03 9.798452e+03 9.792903e+03
9.806737e+03 9.802301e+03 9.801482e+03 9.807556e+03
9.792162e+03 9.802938e+03 9.803878e+03 9.791222e+03
9.783767e+03 9.803087e+03 9.805851e+03 9.781003e+03
9.792757e+03 9.802821e+03 9.807106e+03 9.788471e+03
9.844533e+03 9.802400e+03 9.806688e+03 9.840245e+03
9.822042e+03 9.801920e+03 9.806015e+03 9.817947e+03
9.779263e+03 9.801658e+03 9.805938e+03 9.774983e+03
9.793010e+03 9.801704e+03 9.806543e+03 9.788171e+03
9.830888e+03 9.801781e+03 9.806109e+03 9.826560e+03
9.808142e+03 9.801696e+03 9.805497e+03 9.804340e+03
9.811202e+03 9.801721e+03 9.805985e+03 9.806938e+03
9.790065e+03 9.801866e+03 9.806244e+03 9.785687e+03
9.821468e+03 9.801827e+03 9.805747e+03 9.817549e+03
9.826281e+03 9.801638e+03 9.805040e+03 9.822879e+03
9.839509e+03 9.801655e+03 9.800406e+03 9.840759e+03
9.786716e+03 9.801856e+03 9.795767e+03 9.792805e+03
9.781528e+03 9.802051e+03 9.795855e+03 9.787724e+03
9.771347e+03 9.802159e+03 9.798176e+03 9.775329e+03
9.798547e+03 9.802077e+03 9.800762e+03 9.799861e+03
9.792776e+03 9.801813e+03 9.803145e+03 9.791444e+03
9.802028e+03 9.801634e+03 9.804870e+03 9.798793e+03
9.817583e+03 9.801828e+03 9.806407e+03 9.813004e+03
9.787849e+03 9.803492e+03 9.803856e+03 9.787485e+03
9.802200e+03 9.805635e+03 9.799182e+03 9.808654e+03
9.799668e+03 9.805683e+03 9.799503e+03 9.805848e+03
9.792887e+03 9.804434e+03 9.801545e+03 9.795775e+03
9.766623e+03 9.803233e+03 9.802429e+03 9.767427e+03
9.774547e+03 9.802463e+03 9.802559e+03 9.774451e+03
9.806237e+03 9.801952e+03 9.802905e+03 9.805284e+03
9.811054e+03 9.801512e+03 9.803857e+03 9.808709e+03
9.780020e+03 9.801266e+03 9.804765e+03 9.776520e+03
9.799449e+03 9.801370e+03 9.806063e+03 9.794756e+03
9.797940e+03 9.801657e+03 9.806495e+03 9.793102e+03
9.845137e+03 9.801919e+03 9.805282e+03 9.841773e+03
