9.433647e+03 9.431499e+03 9.435150e+03 9.429996e+03
9.478099e+03 9.431499e+03 9.435150e+03 9.474448e+03
9.472566e+03 9.431499e+03 9.435150e+03 9.468915e+03
9.442394e+03 9.431499e+03 9.434902e+03 9.438991e+03
9.410332e+03 9.431499e+03 9.432891e+03 9.408940e+03
9.384424e+03 9.431501e+03 9.429543e+03 9.386383e+03
9.391327e+03 9.433199e+03 9.430421e+03 9.394105e+03
9.417080e+03 9.438994e+03 9.439528e+03 9.416547e+03
9.438814e+03 9.440859e+03 9.439354e+03 9.440318e+03
9.433224e+03 9.438168e+03 9.428548e+03 9.442844e+03
9.424800e+03 9.436419e+03 9.422977e+03 9.438242e+03
9.434689e+03 9.439939e+03 9.432568e+03 9.442060e+03
9.432770e+03 9.440736e+03 9.440593e+03 9.432913e+03
9.420114e+03 9.437554e+03 9.439419e+03 9.418249e+03
9.416002e+03 9.434090e+03 9.431724e+03 9.418368e+03
9.421483e+03 9.433870e+03 9.428968e+03 9.426384e+03
9.468329e+03 9.438601e+03 9.437876e+03 9.469054e+03
9.468324e+03 9.439740e+03 9.441840e+03 9.466224e+03
9.429285e+03 9.437142e+03 9.436346e+03 9.430082e+03
9.403766e+03 9.438310e+03 9.437459e+03 9.404617e+03
9.409429e+03 9.441081e+03 9.443949e+03 9.406561e+03
9.426422e+03 9.439280e+03 9.444356e+03 9.421346e+03
9.446094e+03 9.435523e+03 9.442149e+03 9.439468e+03
9.466662e+03 9.432658e+03 9.442500e+03 9.456820e+03
9.479342e+03 9.433362e+03 9.445827e+03 9.466877e+03
9.483012e+03 9.438479e+03 9.451643e+03 9.469849e+03
9.471447e+03 9.439540e+03 9.450530e+03 9.460457e+03
9.447986e+03 9.436752e+03 9.446073e+03 9.438665e+03
9.437002e+03 9.434985e+03 9.441468e+03 9.430519e+03
9.428136e+03 9.439226e+03 9.429666e+03 9.437696e+03
9.424053e+03 9.441236e+03 9.423012e+03 9.442277e+03
9.410257e+03 9.438374e+03 9.427578e+03 9.421054e+03
9.413428e+03 9.435780e+03 9.436331e+03 9.412877e+03
9.443120e+03 9.438939e+03 9.446991e+03 9.435069e+03
9.458598e+03 9.440406e+03 9.447457e+03 9.451547e+03
9.437377e+03 9.437612e+03 9.436802e+03 9.438187e+03
9.440606e+03 9.435172e+03 9.428613e+03 9.447166e+03
9.439516e+03 9.438493e+03 9.434625e+03 9.443384e+03
9.430562e+03 9.440283e+03 9.437786e+03 9.433059e+03
9.413694e+03 9.437676e+03 9.429163e+03 9.422206e+03
9.419992e+03 9.434927e+03 9.421123e+03 9.433796e+03
9.455550e+03 9.437905e+03 9.428628e+03 9.464826e+03
9.475727e+03 9.440328e+03 9.438861e+03 9.477194e+03
9.452630e+03 9.438094e+03 9.439627e+03 9.451097e+03
9.435330e+03 9.434639e+03 9.434665e+03 9.435305e+03
9.443847e+03 9.433444e+03 9.432540e+03 9.444751e+03
9.456620e+03 9.437884e+03 9.440486e+03 9.454018e+03
9.474313e+03 9.439943e+03 9.445705e+03 9.468551e+03
9.466806e+03 9.437495e+03 9.443801e+03 9.460500e+03
9.438308e+03 9.434276e+03 9.439960e+03 9.432624e+03
9.436574e+03 9.432128e+03 9.437210e+03 9.431492e+03
9.447986e+03 9.431025e+03 9.437822e+03 9.441188e+03
9.453385e+03 9.430618e+03 9.442232e+03 9.441770e+03
9.454298e+03 9.433664e+03 9.439963e+03 9.447999e+03
9.439909e+03 9.439874e+03 9.429064e+03 9.450720e+03
9.430591e+03 9.440666e+03 9.424720e+03 9.446537e+03
9.428322e+03 9.437479e+03 9.425452e+03 9.440349e+03
9.434425e+03 9.434372e+03 9.426140e+03 9.442657e+03
9.445416e+03 9.436105e+03 9.433157e+03 9.448364e+03
9.469850e+03 9.440082e+03 9.443400e+03 9.466532e+03
9.481944e+03 9.439223e+03 9.445597e+03 9.475570e+03
9.463459e+03 9.435839e+03 9.441910e+03 9.457389e+03
9.431229e+03 9.433040e+03 9.435788e+03 9.428481e+03
9.428047e+03 9.431526e+03 9.430370e+03 9.429203e+03
9.439743e+03 9.434127e+03 9.433250e+03 9.440620e+03
9.459729e+03 9.439265e+03 9.442266e+03 9.456728e+03
9.455887e+03 9.439383e+03 9.444537e+03 9.450732e+03
9.440764e+03 9.436346e+03 9.441669e+03 9.435442e+03
9.427921e+03 9.433529e+03 9.438553e+03 9.422897e+03
9.435478e+03 9.431816e+03 9.438214e+03 9.429080e+03
9.448429e+03 9.432396e+03 9.437526e+03 9.443300e+03
9.458891e+03 9.438283e+03 9.428165e+03 9.469008e+03
9.465372e+03 9.440871e+03 9.422780e+03 9.483463e+03
9.474489e+03 9.438364e+03 9.426647e+03 9.486206e+03
9.469670e+03 9.434952e+03 9.434653e+03 9.469969e+03
9.438537e+03 9.435510e+03 9.435553e+03 9.438494e+03
9.425313e+03 9.440335e+03 9.427254e+03 9.438393e+03
9.429689e+03 9.440495e+03 9.424704e+03 9.445480e+03
9.446896e+03 9.437008e+03 9.427959e+03 9.455945e+03
9.466454e+03 9.433703e+03 9.431732e+03 9.468425e+03
9.469551e+03 9.431722e+03 9.434154e+03 9.467120e+03
9.458707e+03 9.430770e+03 9.435438e+03 9.454039e+03
9.449546e+03 9.430439e+03 9.436504e+03 9.443481e+03
9.438417e+03 9.430469e+03 9.440330e+03 9.428555e+03
9.440179e+03 9.431080e+03 9.445789e+03 9.425471e+03
9.455218e+03 9.436127e+03 9.452664e+03 9.438680e+03
9.457582e+03 9.440511e+03 9.452949e+03 9.445145e+03
9.452486e+03 9.439977e+03 9.443962e+03 9.448501e+03
9.452633e+03 9.441885e+03 9.443296e+03 9.451222e+03
9.460081e+03 9.442758e+03 9.445221e+03 9.457618e+03
9.463584e+03 9.439370e+03 9.440234e+03 9.462720e+03
9.441444e+03 9.435167e+03 9.432660e+03 9.443951e+03
9.439722e+03 9.434695e+03 9.432051e+03 9.442366e+03
9.463089e+03 9.438961e+03 9.440087e+03 9.461963e+03
9.466846e+03 9.439428e+03 9.439518e+03 9.466755e+03
9.434851e+03 9.436405e+03 9.430407e+03 9.440849e+03
9.432411e+03 9.435116e+03 9.426481e+03 9.441047e+03
9.421302e+03 9.439116e+03 9.435188e+03 9.425230e+03
9.429916e+03 9.440131e+03 9.437246e+03 9.432801e+03
9.436561e+03 9.438980e+03 9.434210e+03 9.441331e+03
9.445670e+03 9.441499e+03 9.440400e+03 9.446769e+03
9.436435e+03 9.441132e+03 9.444392e+03 9.433175e+03
9.422849e+03 9.437372e+03 9.442477e+03 9.417744e+03
9.426706e+03 9.433719e+03 9.439089e+03 9.421336e+03
9.464758e+03 9.431506e+03 9.436629e+03 9.459635e+03
9.459726e+03 9.430488e+03 9.435149e+03 9.455065e+03
9.421438e+03 9.430192e+03 9.432084e+03 9.419546e+03
9.399486e+03 9.430316e+03 9.426019e+03 9.403784e+03
9.410626e+03 9.433290e+03 9.427015e+03 9.416901e+03
9.430112e+03 9.439227e+03 9.437625e+03 9.431715e+03
9.433018e+03 9.440157e+03 9.440234e+03 9.432941e+03
9.430309e+03 9.437760e+03 9.433741e+03 9.434328e+03
9.436898e+03 9.439739e+03 9.436628e+03 9.440009e+03
9.441244e+03 9.441634e+03 9.443153e+03 9.439726e+03
9.438534e+03 9.438999e+03 9.444135e+03 9.433397e+03
9.462639e+03 9.435379e+03 9.444124e+03 9.453894e+03
9.491016e+03 9.437041e+03 9.448713e+03 9.479343e+03
9.474450e+03 9.440214e+03 9.452318e+03 9.462346e+03
9.452271e+03 9.438692e+03 9.448391e+03 9.442572e+03
9.431316e+03 9.435221e+03 9.442012e+03 9.424526e+03
9.435985e+03 9.432569e+03 9.437286e+03 9.431268e+03
9.436839e+03 9.431143e+03 9.434704e+03 9.433279e+03
9.467113e+03 9.430541e+03 9.434294e+03 9.463360e+03
9.496783e+03 9.430479e+03 9.437657e+03 9.489604e+03
9.465242e+03 9.434056e+03 9.435601e+03 9.463697e+03
9.424397e+03 9.440199e+03 9.426434e+03 9.438161e+03
9.405921e+03 9.440658e+03 9.424005e+03 9.422574e+03
9.409361e+03 9.437362e+03 9.427156e+03 9.419567e+03
9.430754e+03 9.434149e+03 9.427745e+03 9.437158e+03
9.427608e+03 9.432153e+03 9.422470e+03 9.437291e+03
9.431561e+03 9.433796e+03 9.423889e+03 9.441468e+03
9.442792e+03 9.439001e+03 9.435931e+03 9.445862e+03
9.429122e+03 9.439640e+03 9.442477e+03 9.426285e+03
9.405134e+03 9.436712e+03 9.442038e+03 9.399808e+03
9.404063e+03 9.433776e+03 9.439667e+03 9.398173e+03
9.401158e+03 9.431945e+03 9.437673e+03 9.395431e+03
9.410002e+03 9.431009e+03 9.436304e+03 9.404707e+03
9.423513e+03 9.430639e+03 9.435765e+03 9.418387e+03
9.445185e+03 9.430616e+03 9.437842e+03 9.437960e+03
9.442222e+03 9.430780e+03 9.441813e+03 9.431189e+03
9.441971e+03 9.432693e+03 9.446065e+03 9.428599e+03
9.433600e+03 9.438679e+03 9.452217e+03 9.420061e+03
9.409415e+03 9.440682e+03 9.450051e+03 9.400046e+03
9.400140e+03 9.438075e+03 9.440594e+03 9.397621e+03
9.415115e+03 9.436021e+03 9.434403e+03 9.416733e+03
9.476134e+03 9.439466e+03 9.439827e+03 9.475773e+03
9.489262e+03 9.440791e+03 9.442585e+03 9.487468e+03
9.442752e+03 9.439068e+03 9.440116e+03 9.441704e+03
9.416353e+03 9.441234e+03 9.444506e+03 9.413081e+03
9.403352e+03 9.441500e+03 9.445336e+03 9.399516e+03
9.408651e+03 9.438166e+03 9.436352e+03 9.410465e+03
9.417111e+03 9.438454e+03 9.434814e+03 9.420751e+03
9.446738e+03 9.440870e+03 9.441053e+03 9.446555e+03
9.449129e+03 9.439021e+03 9.442255e+03 9.445895e+03
9.439781e+03 9.435274e+03 9.441305e+03 9.433750e+03
9.426044e+03 9.432438e+03 9.443830e+03 9.414652e+03
9.429679e+03 9.432908e+03 9.448362e+03 9.414225e+03
9.447725e+03 9.438112e+03 9.454016e+03 9.431822e+03
9.461018e+03 9.439552e+03 9.453105e+03 9.447465e+03
9.462852e+03 9.437192e+03 9.448580e+03 9.451464e+03
9.443738e+03 9.438960e+03 9.436798e+03 9.445900e+03
9.418737e+03 9.442011e+03 9.425052e+03 9.435696e+03
9.420204e+03 9.439984e+03 9.425234e+03 9.434953e+03
9.418911e+03 9.438033e+03 9.427985e+03 9.428959e+03
9.417066e+03 9.441217e+03 9.422492e+03 9.435790e+03
9.415443e+03 9.441190e+03 9.421132e+03 9.435501e+03
9.423235e+03 9.437422e+03 9.425670e+03 9.434987e+03
9.442038e+03 9.433723e+03 9.430719e+03 9.445043e+03
9.458678e+03 9.431503e+03 9.433980e+03 9.456201e+03
9.464399e+03 9.430487e+03 9.435643e+03 9.459242e+03
9.452307e+03 9.430186e+03 9.436315e+03 9.446178e+03
9.433118e+03 9.430275e+03 9.436317e+03 9.427076e+03
9.424861e+03 9.430542e+03 9.433717e+03 9.421686e+03
9.418733e+03 9.430843e+03 9.427175e+03 9.422402e+03
9.424588e+03 9.431555e+03 9.422367e+03 9.433777e+03
9.440659e+03 9.436648e+03 9.430164e+03 9.447143e+03
9.438502e+03 9.440776e+03 9.437556e+03 9.441722e+03
9.416202e+03 9.439366e+03 9.431637e+03 9.423932e+03
9.415934e+03 9.436365e+03 9.423027e+03 9.429272e+03
9.433883e+03 9.438474e+03 9.428694e+03 9.443663e+03
9.444591e+03 9.441070e+03 9.439318e+03 9.446343e+03
9.427982e+03 9.438944e+03 9.442285e+03 9.424641e+03
9.409639e+03 9.435248e+03 9.440567e+03 9.404320e+03
9.407863e+03 9.432554e+03 9.438898e+03 9.401518e+03
9.432266e+03 9.431158e+03 9.440778e+03 9.422646e+03
9.460610e+03 9.433500e+03 9.438501e+03 9.455609e+03
9.453359e+03 9.439505e+03 9.428320e+03 9.464544e+03
9.412432e+03 9.440388e+03 9.426479e+03 9.426342e+03
9.399946e+03 9.438017e+03 9.434160e+03 9.403803e+03
9.402124e+03 9.440164e+03 9.446116e+03 9.396173e+03
9.400811e+03 9.441538e+03 9.451342e+03 9.391007e+03
9.398084e+03 9.438575e+03 9.447782e+03 9.388876e+03
9.423789e+03 9.434718e+03 9.442787e+03 9.415721e+03
9.441422e+03 9.432161e+03 9.442286e+03 9.431297e+03
9.433544e+03 9.433875e+03 9.446762e+03 9.420656e+03
9.419531e+03 9.438910e+03 9.452164e+03 9.406276e+03
9.407994e+03 9.439250e+03 9.449279e+03 9.397965e+03
9.409500e+03 9.436285e+03 9.438998e+03 9.406786e+03
9.428228e+03 9.433763e+03 9.428442e+03 9.433549e+03
9.450600e+03 9.436580e+03 9.431040e+03 9.456140e+03
9.446817e+03 9.440182e+03 9.439444e+03 9.447555e+03
9.408501e+03 9.438773e+03 9.441261e+03 9.406013e+03
9.394323e+03 9.435372e+03 9.437289e+03 9.392406e+03
9.388247e+03 9.432752e+03 9.429238e+03 9.391761e+03
9.430592e+03 9.431553e+03 9.421776e+03 9.440369e+03
9.440345e+03 9.435523e+03 9.414794e+03 9.461074e+03
9.458190e+03 9.440471e+03 9.412933e+03 9.485728e+03
9.442922e+03 9.439670e+03 9.422340e+03 9.460251e+03
9.413699e+03 9.436401e+03 9.434547e+03 9.415553e+03
9.412684e+03 9.437623e+03 9.446446e+03 9.403861e+03
9.419370e+03 9.440773e+03 9.453874e+03 9.406269e+03
9.441163e+03 9.439255e+03 9.451509e+03 9.428909e+03
9.445792e+03 9.435601e+03 9.445185e+03 9.436208e+03
9.448702e+03 9.432750e+03 9.439801e+03 9.441651e+03
9.438763e+03 9.431200e+03 9.435068e+03 9.434895e+03
9.422595e+03 9.430540e+03 9.426698e+03 9.426436e+03
9.415954e+03 9.431216e+03 9.420407e+03 9.426763e+03
9.423538e+03 9.436769e+03 9.428829e+03 9.431477e+03
9.430211e+03 9.440240e+03 9.438889e+03 9.431562e+03
9.425526e+03 9.438472e+03 9.441179e+03 9.422819e+03
9.428817e+03 9.435243e+03 9.439609e+03 9.424452e+03
9.429316e+03 9.432844e+03 9.435985e+03 9.426176e+03
9.415307e+03 9.431481e+03 9.427603e+03 9.419185e+03
9.421443e+03 9.432276e+03 9.418755e+03 9.434964e+03
9.407421e+03 9.438296e+03 9.411151e+03 9.434565e+03
9.394420e+03 9.440956e+03 9.413471e+03 9.421906e+03
9.403890e+03 9.438471e+03 9.426164e+03 9.416197e+03
9.445542e+03 9.435911e+03 9.437413e+03 9.444040e+03
9.440090e+03 9.439393e+03 9.433635e+03 9.445847e+03
9.418809e+03 9.441576e+03 9.427728e+03 9.432658e+03
9.396183e+03 9.438789e+03 9.427014e+03 9.407958e+03
9.393603e+03 9.434930e+03 9.424660e+03 9.403872e+03
9.405726e+03 9.432433e+03 9.421159e+03 9.417000e+03
9.425775e+03 9.434887e+03 9.427453e+03 9.433209e+03
9.454489e+03 9.439419e+03 9.439609e+03 9.454299e+03
9.457224e+03 9.438945e+03 9.442806e+03 9.453364e+03
9.443951e+03 9.435812e+03 9.438245e+03 9.441518e+03
9.413724e+03 9.435520e+03 9.437336e+03 9.411908e+03
9.419191e+03 9.439687e+03 9.444559e+03 9.414318e+03
9.451331e+03 9.439956e+03 9.448168e+03 9.443118e+03
9.448067e+03 9.437120e+03 9.449248e+03 9.435939e+03
9.439012e+03 9.438756e+03 9.453268e+03 9.424500e+03
9.427891e+03 9.441024e+03 9.455005e+03 9.413910e+03
9.448713e+03 9.438774e+03 9.452826e+03 9.434661e+03
9.468370e+03 9.435424e+03 9.450203e+03 9.453591e+03
9.461368e+03 9.437794e+03 9.438652e+03 9.460510e+03
9.430741e+03 9.441073e+03 9.426276e+03 9.445537e+03
9.419607e+03 9.439191e+03 9.423770e+03 9.435029e+03
9.408819e+03 9.435407e+03 9.426567e+03 9.417659e+03
9.416213e+03 9.432585e+03 9.428347e+03 9.420452e+03
9.410805e+03 9.431081e+03 9.427554e+03 9.414332e+03
9.442493e+03 9.431460e+03 9.428557e+03 9.445397e+03
9.463645e+03 9.436907e+03 9.438225e+03 9.462327e+03
9.482423e+03 9.439955e+03 9.441221e+03 9.481157e+03
9.458350e+03 9.439457e+03 9.436843e+03 9.460965e+03
9.444779e+03 9.442066e+03 9.441438e+03 9.445408e+03
9.438978e+03 9.442015e+03 9.445109e+03 9.435884e+03
9.447753e+03 9.438214e+03 9.442967e+03 9.443000e+03
9.443990e+03 9.434282e+03 9.439225e+03 9.439047e+03
9.439686e+03 9.431804e+03 9.435361e+03 9.436129e+03
9.444385e+03 9.430614e+03 9.430775e+03 9.444224e+03
9.446105e+03 9.430682e+03 9.428156e+03 9.448631e+03
9.442662e+03 9.435649e+03 9.435492e+03 9.442819e+03
9.445450e+03 9.439923e+03 9.443696e+03 9.441677e+03
9.446995e+03 9.438753e+03 9.444043e+03 9.441706e+03
