0.4 1.192700e+04 1.187017e+04 1.188851e+04 1.194534e+04
1.4 1.180809e+04 1.187957e+04 1.190050e+04 1.182901e+04
2.4 1.190285e+04 1.192395e+04 1.194143e+04 1.192033e+04
3.4 1.196021e+04 1.194766e+04 1.195460e+04 1.196715e+04
4.4 1.187185e+04 1.194237e+04 1.193558e+04 1.186507e+04
5.4 1.196732e+04 1.193329e+04 1.191214e+04 1.194617e+04
6.4 1.195999e+04 1.194123e+04 1.189617e+04 1.191493e+04
7.4 1.190530e+04 1.193455e+04 1.188742e+04 1.185817e+04
8.4 1.180851e+04 1.191039e+04 1.188345e+04 1.178158e+04
9.4 1.187363e+04 1.188543e+04 1.188256e+04 1.187076e+04
10.4 1.189030e+04 1.188436e+04 1.189721e+04 1.190315e+04
11.4 1.196133e+04 1.192139e+04 1.193955e+04 1.197950e+04
12.4 1.193625e+04 1.193280e+04 1.195167e+04 1.195512e+04
13.4 1.201734e+04 1.191422e+04 1.193433e+04 1.203745e+04
14.4 1.189760e+04 1.192261e+04 1.194185e+04 1.191684e+04
15.4 1.194281e+04 1.194422e+04 1.196002e+04 1.195861e+04
16.4 1.180991e+04 1.193355e+04 1.194592e+04 1.182228e+04
17.4 1.185890e+04 1.190627e+04 1.191834e+04 1.187098e+04
18.4 1.185560e+04 1.188092e+04 1.189743e+04 1.187211e+04
19.4 1.194229e+04 1.188271e+04 1.190201e+04 1.196159e+04
20.4 1.195212e+04 1.192091e+04 1.193796e+04 1.196917e+04
0.5 1.187363e+04 1.188543e+04 1.188256e+04 1.187076e+04
1.5 1.189030e+04 1.188436e+04 1.189721e+04 1.190315e+04
2.5 1.196133e+04 1.192139e+04 1.193955e+04 1.197950e+04
3.5 1.193625e+04 1.193280e+04 1.195167e+04 1.195512e+04
4.5 1.201734e+04 1.191422e+04 1.193433e+04 1.203745e+04
5.5 1.189760e+04 1.192261e+04 1.194185e+04 1.191684e+04
6.5 1.194281e+04 1.194422e+04 1.196002e+04 1.195861e+04
7.5 1.180991e+04 1.193355e+04 1.194592e+04 1.182228e+04
8.5 1.185890e+04 1.190627e+04 1.191834e+04 1.187098e+04
9.5 1.185560e+04 1.188092e+04 1.189743e+04 1.187211e+04
10.5 1.194229e+04 1.188271e+04 1.190201e+04 1.196159e+04
11.5 1.195212e+04 1.192091e+04 1.193796e+04 1.196917e+04
12.5 1.191674e+04 1.193202e+04 1.194536e+04 1.193008e+04
13.5 1.176872e+04 1.191256e+04 1.192563e+04 1.178178e+04
14.5 1.185477e+04 1.189685e+04 1.191246e+04 1.187038e+04
15.5 1.195516e+04 1.192388e+04 1.193901e+04 1.197030e+04
16.5 1.191151e+04 1.193802e+04 1.195157e+04 1.192506e+04
17.5 1.187000e+04 1.191659e+04 1.193273e+04 1.188615e+04
18.5 1.181846e+04 1.189708e+04 1.191645e+04 1.183783e+04
19.5 1.188823e+04 1.192225e+04 1.194024e+04 1.190622e+04
20.5 1.194652e+04 1.193501e+04 1.195142e+04 1.196292e+04
0.9 1.201734e+04 1.191422e+04 1.193433e+04 1.203745e+04
1.9 1.189760e+04 1.192261e+04 1.194185e+04 1.191684e+04
2.9 1.194281e+04 1.194422e+04 1.196002e+04 1.195861e+04
3.9 1.180991e+04 1.193355e+04 1.194592e+04 1.182228e+04
4.9 1.185890e+04 1.190627e+04 1.191834e+04 1.187098e+04
5.9 1.185560e+04 1.188092e+04 1.189743e+04 1.187211e+04
6.9 1.194229e+04 1.188271e+04 1.190201e+04 1.196159e+04
7.9 1.195212e+04 1.192091e+04 1.193796e+04 1.196917e+04
8.9 1.191674e+04 1.193202e+04 1.194536e+04 1.193008e+04
9.9 1.176872e+04 1.191256e+04 1.192563e+04 1.178178e+04
10.9 1.185477e+04 1.189685e+04 1.191246e+04 1.187038e+04
11.9 1.195516e+04 1.192388e+04 1.193901e+04 1.197030e+04
12.9 1.191151e+04 1.193802e+04 1.195157e+04 1.192506e+04
13.9 1.187000e+04 1.191659e+04 1.193273e+04 1.188615e+04
14.9 1.181846e+04 1.189708e+04 1.191645e+04 1.183783e+04
15.9 1.188823e+04 1.192225e+04 1.194024e+04 1.190622e+04
16.9 1.194652e+04 1.193501e+04 1.195142e+04 1.196292e+04
17.9 1.191624e+04 1.191405e+04 1.193207e+04 1.193426e+04
18.9 1.189012e+04 1.189575e+04 1.191494e+04 1.190932e+04
19.9 1.191218e+04 1.192194e+04 1.193835e+04 1.192859e+04
20.9 1.192365e+04 1.194273e+04 1.195088e+04 1.193180e+04
0.5 1.185560e+04 1.188092e+04 1.189743e+04 1.187211e+04
1.5 1.194229e+04 1.188271e+04 1.190201e+04 1.196159e+04
2.5 1.195212e+04 1.192091e+04 1.193796e+04 1.196917e+04
3.5 1.191674e+04 1.193202e+04 1.194536e+04 1.193008e+04
4.5 1.176872e+04 1.191256e+04 1.192563e+04 1.178178e+04
5.5 1.185477e+04 1.189685e+04 1.191246e+04 1.187038e+04
6.5 1.195516e+04 1.192388e+04 1.193901e+04 1.197030e+04
7.5 1.191151e+04 1.193802e+04 1.195157e+04 1.192506e+04
8.5 1.187000e+04 1.191659e+04 1.193273e+04 1.188615e+04
9.5 1.181846e+04 1.189708e+04 1.191645e+04 1.183783e+04
10.5 1.188823e+04 1.192225e+04 1.194024e+04 1.190622e+04
11.5 1.194652e+04 1.193501e+04 1.195142e+04 1.196292e+04
12.5 1.191624e+04 1.191405e+04 1.193207e+04 1.193426e+04
13.5 1.189012e+04 1.189575e+04 1.191494e+04 1.190932e+04
14.5 1.191218e+04 1.192194e+04 1.193835e+04 1.192859e+04
15.5 1.192365e+04 1.194273e+04 1.195088e+04 1.193180e+04
16.5 1.188363e+04 1.193714e+04 1.193234e+04 1.187883e+04
17.5 1.187245e+04 1.192660e+04 1.191284e+04 1.185869e+04
18.5 1.191080e+04 1.194558e+04 1.193381e+04 1.189902e+04
19.5 1.190396e+04 1.195472e+04 1.195088e+04 1.190013e+04
20.5 1.196214e+04 1.192900e+04 1.193509e+04 1.196823e+04
0.3 1.176872e+04 1.191256e+04 1.192563e+04 1.178178e+04
1.3 1.185477e+04 1.189685e+04 1.191246e+04 1.187038e+04
2.3 1.195516e+04 1.192388e+04 1.193901e+04 1.197030e+04
3.3 1.191151e+04 1.193802e+04 1.195157e+04 1.192506e+04
4.3 1.187000e+04 1.191659e+04 1.193273e+04 1.188615e+04
5.3 1.181846e+04 1.189708e+04 1.191645e+04 1.183783e+04
6.3 1.188823e+04 1.192225e+04 1.194024e+04 1.190622e+04
7.3 1.194652e+04 1.193501e+04 1.195142e+04 1.196292e+04
8.3 1.191624e+04 1.191405e+04 1.193207e+04 1.193426e+04
9.3 1.189012e+04 1.189575e+04 1.191494e+04 1.190932e+04
10.3 1.191218e+04 1.192194e+04 1.193835e+04 1.192859e+04
11.3 1.192365e+04 1.194273e+04 1.195088e+04 1.193180e+04
12.3 1.188363e+04 1.193714e+04 1.193234e+04 1.187883e+04
13.3 1.187245e+04 1.192660e+04 1.191284e+04 1.185869e+04
14.3 1.191080e+04 1.194558e+04 1.193381e+04 1.189902e+04
15.3 1.190396e+04 1.195472e+04 1.195088e+04 1.190013e+04
16.3 1.196214e+04 1.192900e+04 1.193509e+04 1.196823e+04
17.3 1.187846e+04 1.189450e+04 1.191068e+04 1.189464e+04
18.3 1.176232e+04 1.188050e+04 1.190223e+04 1.178405e+04
19.3 1.188046e+04 1.191312e+04 1.193359e+04 1.190093e+04
20.3 1.192901e+04 1.193189e+04 1.194813e+04 1.194526e+04
0.3 1.187000e+04 1.191659e+04 1.193273e+04 1.188615e+04
1.3 1.181846e+04 1.189708e+04 1.191645e+04 1.183783e+04
2.3 1.188823e+04 1.192225e+04 1.194024e+04 1.190622e+04
3.3 1.194652e+04 1.193501e+04 1.195142e+04 1.196292e+04
4.3 1.191624e+04 1.191405e+04 1.193207e+04 1.193426e+04
5.3 1.189012e+04 1.189575e+04 1.191494e+04 1.190932e+04
6.3 1.191218e+04 1.192194e+04 1.193835e+04 1.192859e+04
7.3 1.192365e+04 1.194273e+04 1.195088e+04 1.193180e+04
8.3 1.188363e+04 1.193714e+04 1.193234e+04 1.187883e+04
9.3 1.187245e+04 1.192660e+04 1.191284e+04 1.185869e+04
10.3 1.191080e+04 1.194558e+04 1.193381e+04 1.189902e+04
11.3 1.190396e+04 1.195472e+04 1.195088e+04 1.190013e+04
12.3 1.196214e+04 1.192900e+04 1.193509e+04 1.196823e+04
13.3 1.187846e+04 1.189450e+04 1.191068e+04 1.189464e+04
14.3 1.176232e+04 1.188050e+04 1.190223e+04 1.178405e+04
15.3 1.188046e+04 1.191312e+04 1.193359e+04 1.190093e+04
16.3 1.192901e+04 1.193189e+04 1.194813e+04 1.194526e+04
17.3 1.196114e+04 1.191838e+04 1.193084e+04 1.197360e+04
18.3 1.189848e+04 1.189813e+04 1.190810e+04 1.190845e+04
19.3 1.187615e+04 1.188484e+04 1.189293e+04 1.188425e+04
20.3 1.189105e+04 1.188895e+04 1.188514e+04 1.188724e+04
0.2 1.191624e+04 1.191405e+04 1.193207e+04 1.193426e+04
1.2 1.189012e+04 1.189575e+04 1.191494e+04 1.190932e+04
2.2 1.191218e+04 1.192194e+04 1.193835e+04 1.192859e+04
3.2 1.192365e+04 1.194273e+04 1.195088e+04 1.193180e+04
4.2 1.188363e+04 1.193714e+04 1.193234e+04 1.187883e+04
5.2 1.187245e+04 1.192660e+04 1.191284e+04 1.185869e+04
6.2 1.191080e+04 1.194558e+04 1.193381e+04 1.189902e+04
7.2 1.190396e+04 1.195472e+04 1.195088e+04 1.190013e+04
8.2 1.196214e+04 1.192900e+04 1.193509e+04 1.196823e+04
9.2 1.187846e+04 1.189450e+04 1.191068e+04 1.189464e+04
10.2 1.176232e+04 1.188050e+04 1.190223e+04 1.178405e+04
11.2 1.188046e+04 1.191312e+04 1.193359e+04 1.190093e+04
12.2 1.192901e+04 1.193189e+04 1.194813e+04 1.194526e+04
13.2 1.196114e+04 1.191838e+04 1.193084e+04 1.197360e+04
14.2 1.189848e+04 1.189813e+04 1.190810e+04 1.190845e+04
15.2 1.187615e+04 1.188484e+04 1.189293e+04 1.188425e+04
16.2 1.189105e+04 1.188895e+04 1.188514e+04 1.188724e+04
17.2 1.192616e+04 1.191288e+04 1.188218e+04 1.189546e+04
18.2 1.194618e+04 1.194420e+04 1.190088e+04 1.190287e+04
19.2 1.195377e+04 1.197320e+04 1.194180e+04 1.192237e+04
20.2 1.196958e+04 1.196089e+04 1.194823e+04 1.195693e+04
0.1 1.188363e+04 1.193714e+04 1.193234e+04 1.187883e+04
1.1 1.187245e+04 1.192660e+04 1.191284e+04 1.185869e+04
2.1 1.191080e+04 1.194558e+04 1.193381e+04 1.189902e+04
3.1 1.190396e+04 1.195472e+04 1.195088e+04 1.190013e+04
4.1 1.196214e+04 1.192900e+04 1.193509e+04 1.196823e+04
5.1 1.187846e+04 1.189450e+04 1.191068e+04 1.189464e+04
6.1 1.176232e+04 1.188050e+04 1.190223e+04 1.178405e+04
7.1 1.188046e+04 1.191312e+04 1.193359e+04 1.190093e+04
8.1 1.192901e+04 1.193189e+04 1.194813e+04 1.194526e+04
9.1 1.196114e+04 1.191838e+04 1.193084e+04 1.197360e+04
10.1 1.189848e+04 1.189813e+04 1.190810e+04 1.190845e+04
11.1 1.187615e+04 1.188484e+04 1.189293e+04 1.188425e+04
12.1 1.189105e+04 1.188895e+04 1.188514e+04 1.188724e+04
13.1 1.192616e+04 1.191288e+04 1.188218e+04 1.189546e+04
14.1 1.194618e+04 1.194420e+04 1.190088e+04 1.190287e+04
15.1 1.195377e+04 1.197320e+04 1.194180e+04 1.192237e+04
16.1 1.196958e+04 1.196089e+04 1.194823e+04 1.195693e+04
17.1 1.197150e+04 1.192401e+04 1.192791e+04 1.197541e+04
18.1 1.194410e+04 1.189085e+04 1.190767e+04 1.196092e+04
19.1 1.193140e+04 1.189896e+04 1.192089e+04 1.195333e+04
20.1 1.191781e+04 1.192917e+04 1.194946e+04 1.193810e+04
0.3 1.187846e+04 1.189450e+04 1.191068e+04 1.189464e+04
1.3 1.176232e+04 1.188050e+04 1.190223e+04 1.178405e+04
2.3 1.188046e+04 1.191312e+04 1.193359e+04 1.190093e+04
3.3 1.192901e+04 1.193189e+04 1.194813e+04 1.194526e+04
4.3 1.196114e+04 1.191838e+04 1.193084e+04 1.197360e+04
5.3 1.189848e+04 1.189813e+04 1.190810e+04 1.190845e+04
6.3 1.187615e+04 1.188484e+04 1.189293e+04 1.188425e+04
7.3 1.189105e+04 1.188895e+04 1.188514e+04 1.188724e+04
8.3 1.192616e+04 1.191288e+04 1.188218e+04 1.189546e+04
9.3 1.194618e+04 1.194420e+04 1.190088e+04 1.190287e+04
10.3 1.195377e+04 1.197320e+04 1.194180e+04 1.192237e+04
11.3 1.196958e+04 1.196089e+04 1.194823e+04 1.195693e+04
12.3 1.197150e+04 1.192401e+04 1.192791e+04 1.197541e+04
13.3 1.194410e+04 1.189085e+04 1.190767e+04 1.196092e+04
14.3 1.193140e+04 1.189896e+04 1.192089e+04 1.195333e+04
15.3 1.191781e+04 1.192917e+04 1.194946e+04 1.193810e+04
16.3 1.187380e+04 1.192704e+04 1.194356e+04 1.189031e+04
17.3 1.186690e+04 1.190538e+04 1.191964e+04 1.188117e+04
18.3 1.190648e+04 1.188329e+04 1.189975e+04 1.192294e+04
19.3 1.192950e+04 1.186838e+04 1.188842e+04 1.194954e+04
20.3 1.189457e+04 1.187914e+04 1.188317e+04 1.189859e+04
0.6 1.192616e+04 1.191288e+04 1.188218e+04 1.189546e+04
1.6 1.194618e+04 1.194420e+04 1.190088e+04 1.190287e+04
2.6 1.195377e+04 1.197320e+04 1.194180e+04 1.192237e+04
3.6 1.196958e+04 1.196089e+04 1.194823e+04 1.195693e+04
4.6 1.197150e+04 1.192401e+04 1.192791e+04 1.197541e+04
5.6 1.194410e+04 1.189085e+04 1.190767e+04 1.196092e+04
6.6 1.193140e+04 1.189896e+04 1.192089e+04 1.195333e+04
7.6 1.191781e+04 1.192917e+04 1.194946e+04 1.193810e+04
8.6 1.187380e+04 1.192704e+04 1.194356e+04 1.189031e+04
9.6 1.186690e+04 1.190538e+04 1.191964e+04 1.188117e+04
10.6 1.190648e+04 1.188329e+04 1.189975e+04 1.192294e+04
11.6 1.192950e+04 1.186838e+04 1.188842e+04 1.194954e+04
12.6 1.189457e+04 1.187914e+04 1.188317e+04 1.189859e+04
13.6 1.191699e+04 1.190720e+04 1.188155e+04 1.189135e+04
14.6 1.191228e+04 1.191202e+04 1.188204e+04 1.188230e+04
15.6 1.184567e+04 1.190058e+04 1.188349e+04 1.182858e+04
16.6 1.191322e+04 1.188877e+04 1.188512e+04 1.190957e+04
17.6 1.194375e+04 1.187867e+04 1.188645e+04 1.195153e+04
18.6 1.187026e+04 1.187721e+04 1.188737e+04 1.188042e+04
19.6 1.192055e+04 1.190313e+04 1.188792e+04 1.190534e+04
20.6 1.192089e+04 1.191688e+04 1.188822e+04 1.189223e+04
0.8 1.194410e+04 1.189085e+04 1.190767e+04 1.196092e+04
1.8 1.193140e+04 1.189896e+04 1.192089e+04 1.195333e+04
2.8 1.191781e+04 1.192917e+04 1.194946e+04 1.193810e+04
3.8 1.187380e+04 1.192704e+04 1.194356e+04 1.189031e+04
4.8 1.186690e+04 1.190538e+04 1.191964e+04 1.188117e+04
5.8 1.190648e+04 1.188329e+04 1.189975e+04 1.192294e+04
6.8 1.192950e+04 1.186838e+04 1.188842e+04 1.194954e+04
7.8 1.189457e+04 1.187914e+04 1.188317e+04 1.189859e+04
8.8 1.191699e+04 1.190720e+04 1.188155e+04 1.189135e+04
9.8 1.191228e+04 1.191202e+04 1.188204e+04 1.188230e+04
10.8 1.184567e+04 1.190058e+04 1.188349e+04 1.182858e+04
11.8 1.191322e+04 1.188877e+04 1.188512e+04 1.190957e+04
12.8 1.194375e+04 1.187867e+04 1.188645e+04 1.195153e+04
13.8 1.187026e+04 1.187721e+04 1.188737e+04 1.188042e+04
14.8 1.192055e+04 1.190313e+04 1.188792e+04 1.190534e+04
15.8 1.192089e+04 1.191688e+04 1.188822e+04 1.189223e+04
16.8 1.185373e+04 1.190564e+04 1.188837e+04 1.183646e+04
17.8 1.191330e+04 1.188623e+04 1.188864e+04 1.191571e+04
18.8 1.188011e+04 1.189279e+04 1.190777e+04 1.189508e+04
19.8 1.192403e+04 1.192973e+04 1.194760e+04 1.194190e+04
20.8 1.199051e+04 1.193599e+04 1.195242e+04 1.200695e+04
0.6 1.191330e+04 1.188623e+04 1.188864e+04 1.191571e+04
1.6 1.188011e+04 1.189279e+04 1.190777e+04 1.189508e+04
2.6 1.192403e+04 1.192973e+04 1.194760e+04 1.194190e+04
3.6 1.199051e+04 1.193599e+04 1.195242e+04 1.200695e+04
4.6 1.199839e+04 1.191641e+04 1.193058e+04 1.201256e+04
5.6 1.193371e+04 1.189616e+04 1.190827e+04 1.194581e+04
6.6 1.186974e+04 1.188345e+04 1.189393e+04 1.188021e+04
7.6 1.185311e+04 1.187692e+04 1.188631e+04 1.186249e+04
8.6 1.181792e+04 1.187671e+04 1.188307e+04 1.182428e+04
9.6 1.184435e+04 1.189498e+04 1.188257e+04 1.183195e+04
10.6 1.190952e+04 1.192400e+04 1.188637e+04 1.187189e+04
11.6 1.196722e+04 1.196119e+04 1.192167e+04 1.192770e+04
12.6 1.199054e+04 1.197402e+04 1.195242e+04 1.196893e+04
13.6 1.189520e+04 1.194985e+04 1.194852e+04 1.189386e+04
14.6 1.191186e+04 1.195150e+04 1.196192e+04 1.192228e+04
15.6 1.197869e+04 1.195285e+04 1.196805e+04 1.199388e+04
16.6 1.189534e+04 1.192451e+04 1.194410e+04 1.191493e+04
17.6 1.198171e+04 1.189015e+04 1.191429e+04 1.200585e+04
18.6 1.192758e+04 1.188112e+04 1.189400e+04 1.194046e+04
19.6 1.196573e+04 1.190257e+04 1.188368e+04 1.194683e+04
20.6 1.198557e+04 1.190593e+04 1.187981e+04 1.195945e+04
1.0 1.190952e+04 1.192400e+04 1.188637e+04 1.187189e+04
2.0 1.196722e+04 1.196119e+04 1.192167e+04 1.192770e+04
3.0 1.199054e+04 1.197402e+04 1.195242e+04 1.196893e+04
4.0 1.189520e+04 1.194985e+04 1.194852e+04 1.189386e+04
5.0 1.191186e+04 1.195150e+04 1.196192e+04 1.192228e+04
6.0 1.197869e+04 1.195285e+04 1.196805e+04 1.199388e+04
7.0 1.189534e+04 1.192451e+04 1.194410e+04 1.191493e+04
8.0 1.198171e+04 1.189015e+04 1.191429e+04 1.200585e+04
9.0 1.192758e+04 1.188112e+04 1.189400e+04 1.194046e+04
10.0 1.196573e+04 1.190257e+04 1.188368e+04 1.194683e+04
11.0 1.198557e+04 1.190593e+04 1.187981e+04 1.195945e+04
12.0 1.185890e+04 1.189008e+04 1.187962e+04 1.184844e+04
13.0 1.185021e+04 1.188800e+04 1.189319e+04 1.185539e+04
14.0 1.199441e+04 1.192472e+04 1.193624e+04 1.200593e+04
15.0 1.198062e+04 1.194360e+04 1.195132e+04 1.198834e+04
16.0 1.197057e+04 1.194115e+04 1.193370e+04 1.196311e+04
17.0 1.190045e+04 1.194676e+04 1.191114e+04 1.186484e+04
18.0 1.193827e+04 1.193630e+04 1.189569e+04 1.189766e+04
19.0 1.186600e+04 1.191173e+04 1.188719e+04 1.184147e+04
20.0 1.190184e+04 1.189038e+04 1.188336e+04 1.189482e+04
21.0 1.173330e+04 1.187796e+04 1.188248e+04 1.173782e+04
0.1 1.199054e+04 1.197402e+04 1.195242e+04 1.196893e+04
1.1 1.189520e+04 1.194985e+04 1.194852e+04 1.189386e+04
2.1 1.191186e+04 1.195150e+04 1.196192e+04 1.192228e+04
3.1 1.197869e+04 1.195285e+04 1.196805e+04 1.199388e+04
4.1 1.189534e+04 1.192451e+04 1.194410e+04 1.191493e+04
5.1 1.198171e+04 1.189015e+04 1.191429e+04 1.200585e+04
6.1 1.192758e+04 1.188112e+04 1.189400e+04 1.194046e+04
7.1 1.196573e+04 1.190257e+04 1.188368e+04 1.194683e+04
8.1 1.198557e+04 1.190593e+04 1.187981e+04 1.195945e+04
9.1 1.185890e+04 1.189008e+04 1.187962e+04 1.184844e+04
10.1 1.185021e+04 1.188800e+04 1.189319e+04 1.185539e+04
11.1 1.199441e+04 1.192472e+04 1.193624e+04 1.200593e+04
12.1 1.198062e+04 1.194360e+04 1.195132e+04 1.198834e+04
13.1 1.197057e+04 1.194115e+04 1.193370e+04 1.196311e+04
14.1 1.190045e+04 1.194676e+04 1.191114e+04 1.186484e+04
15.1 1.193827e+04 1.193630e+04 1.189569e+04 1.189766e+04
16.1 1.186600e+04 1.191173e+04 1.188719e+04 1.184147e+04
17.1 1.190184e+04 1.189038e+04 1.188336e+04 1.189482e+04
18.1 1.173330e+04 1.187796e+04 1.188248e+04 1.173782e+04
19.1 1.179838e+04 1.187251e+04 1.188326e+04 1.180913e+04
20.1 1.186013e+04 1.186953e+04 1.188467e+04 1.187527e+04
0.4 1.185890e+04 1.189008e+04 1.187962e+04 1.184844e+04
1.4 1.185021e+04 1.188800e+04 1.189319e+04 1.185539e+04
2.4 1.199441e+04 1.192472e+04 1.193624e+04 1.200593e+04
3.4 1.198062e+04 1.194360e+04 1.195132e+04 1.198834e+04
4.4 1.197057e+04 1.194115e+04 1.193370e+04 1.196311e+04
5.4 1.190045e+04 1.194676e+04 1.191114e+04 1.186484e+04
6.4 1.193827e+04 1.193630e+04 1.189569e+04 1.189766e+04
7.4 1.186600e+04 1.191173e+04 1.188719e+04 1.184147e+04
8.4 1.190184e+04 1.189038e+04 1.188336e+04 1.189482e+04
9.4 1.173330e+04 1.187796e+04 1.188248e+04 1.173782e+04
10.4 1.179838e+04 1.187251e+04 1.188326e+04 1.180913e+04
11.4 1.186013e+04 1.186953e+04 1.188467e+04 1.187527e+04
12.4 1.202407e+04 1.186626e+04 1.188605e+04 1.204386e+04
13.4 1.192143e+04 1.187895e+04 1.188708e+04 1.192957e+04
14.4 1.203179e+04 1.190986e+04 1.188775e+04 1.200968e+04
15.4 1.187516e+04 1.192059e+04 1.188813e+04 1.184269e+04
16.4 1.194964e+04 1.191965e+04 1.189200e+04 1.192200e+04
17.4 1.196308e+04 1.194371e+04 1.192764e+04 1.194700e+04
18.4 1.204113e+04 1.195860e+04 1.195500e+04 1.203753e+04
19.4 1.197238e+04 1.193692e+04 1.194380e+04 1.197926e+04
20.4 1.193327e+04 1.190505e+04 1.192138e+04 1.194961e+04
0.1 1.187516e+04 1.192059e+04 1.188813e+04 1.184269e+04
1.1 1.194964e+04 1.191965e+04 1.189200e+04 1.192200e+04
2.1 1.196308e+04 1.194371e+04 1.192764e+04 1.194700e+04
3.1 1.204113e+04 1.195860e+04 1.195500e+04 1.203753e+04
4.1 1.197238e+04 1.193692e+04 1.194380e+04 1.197926e+04
5.1 1.193327e+04 1.190505e+04 1.192138e+04 1.194961e+04
6.1 1.181887e+04 1.191339e+04 1.193358e+04 1.183906e+04
7.1 1.194631e+04 1.193657e+04 1.195502e+04 1.196476e+04
8.1 1.189184e+04 1.192778e+04 1.194282e+04 1.190689e+04
9.1 1.189716e+04 1.190482e+04 1.191698e+04 1.190932e+04
10.1 1.196290e+04 1.188706e+04 1.189729e+04 1.197312e+04
11.1 1.197847e+04 1.187753e+04 1.188662e+04 1.198756e+04
12.1 1.205069e+04 1.187700e+04 1.188203e+04 1.205572e+04
13.1 1.185030e+04 1.189519e+04 1.188130e+04 1.183641e+04
14.1 1.195252e+04 1.193085e+04 1.190347e+04 1.192513e+04
15.1 1.201154e+04 1.196529e+04 1.194407e+04 1.199032e+04
16.1 1.196122e+04 1.195643e+04 1.194830e+04 1.195309e+04
17.1 1.199977e+04 1.192524e+04 1.192720e+04 1.200174e+04
18.1 1.193892e+04 1.190194e+04 1.190617e+04 1.194315e+04
19.1 1.189296e+04 1.189502e+04 1.189300e+04 1.189095e+04
20.1 1.197090e+04 1.191059e+04 1.190507e+04 1.196538e+04
0.9 1.193327e+04 1.190505e+04 1.192138e+04 1.194961e+04
1.9 1.181887e+04 1.191339e+04 1.193358e+04 1.183906e+04
2.9 1.194631e+04 1.193657e+04 1.195502e+04 1.196476e+04
3.9 1.189184e+04 1.192778e+04 1.194282e+04 1.190689e+04
4.9 1.189716e+04 1.190482e+04 1.191698e+04 1.190932e+04
5.9 1.196290e+04 1.188706e+04 1.189729e+04 1.197312e+04
6.9 1.197847e+04 1.187753e+04 1.188662e+04 1.198756e+04
7.9 1.205069e+04 1.187700e+04 1.188203e+04 1.205572e+04
8.9 1.185030e+04 1.189519e+04 1.188130e+04 1.183641e+04
9.9 1.195252e+04 1.193085e+04 1.190347e+04 1.192513e+04
10.9 1.201154e+04 1.196529e+04 1.194407e+04 1.199032e+04
11.9 1.196122e+04 1.195643e+04 1.194830e+04 1.195309e+04
12.9 1.199977e+04 1.192524e+04 1.192720e+04 1.200174e+04
13.9 1.193892e+04 1.190194e+04 1.190617e+04 1.194315e+04
14.9 1.189296e+04 1.189502e+04 1.189300e+04 1.189095e+04
15.9 1.197090e+04 1.191059e+04 1.190507e+04 1.196538e+04
16.9 1.191831e+04 1.194376e+04 1.194199e+04 1.191654e+04
17.9 1.194801e+04 1.194268e+04 1.194648e+04 1.195181e+04
18.9 1.192255e+04 1.191798e+04 1.192568e+04 1.193025e+04
19.9 1.189365e+04 1.189509e+04 1.190482e+04 1.190339e+04
20.9 1.184953e+04 1.188122e+04 1.189179e+04 1.186010e+04
0.7 1.185030e+04 1.189519e+04 1.188130e+04 1.183641e+04
1.7 1.195252e+04 1.193085e+04 1.190347e+04 1.192513e+04
2.7 1.201154e+04 1.196529e+04 1.194407e+04 1.199032e+04
3.7 1.196122e+04 1.195643e+04 1.194830e+04 1.195309e+04
4.7 1.199977e+04 1.192524e+04 1.192720e+04 1.200174e+04
5.7 1.193892e+04 1.190194e+04 1.190617e+04 1.194315e+04
6.7 1.189296e+04 1.189502e+04 1.189300e+04 1.189095e+04
7.7 1.197090e+04 1.191059e+04 1.190507e+04 1.196538e+04
8.7 1.191831e+04 1.194376e+04 1.194199e+04 1.191654e+04
9.7 1.194801e+04 1.194268e+04 1.194648e+04 1.195181e+04
10.7 1.192255e+04 1.191798e+04 1.192568e+04 1.193025e+04
11.7 1.189365e+04 1.189509e+04 1.190482e+04 1.190339e+04
12.7 1.184953e+04 1.188122e+04 1.189179e+04 1.186010e+04
13.7 1.183094e+04 1.187443e+04 1.188511e+04 1.184161e+04
14.7 1.187013e+04 1.187153e+04 1.188245e+04 1.188105e+04
15.7 1.190069e+04 1.186774e+04 1.188227e+04 1.191522e+04
16.7 1.179479e+04 1.186275e+04 1.188341e+04 1.181546e+04
17.7 1.180225e+04 1.187366e+04 1.189692e+04 1.182550e+04
18.7 1.189037e+04 1.191900e+04 1.193921e+04 1.191057e+04
19.7 1.199505e+04 1.193525e+04 1.195335e+04 1.201316e+04
20.7 1.197788e+04 1.191502e+04 1.193494e+04 1.199779e+04
0.6 1.189296e+04 1.189502e+04 1.189300e+04 1.189095e+04
1.6 1.197090e+04 1.191059e+04 1.190507e+04 1.196538e+04
2.6 1.191831e+04 1.194376e+04 1.194199e+04 1.191654e+04
3.6 1.194801e+04 1.194268e+04 1.194648e+04 1.195181e+04
4.6 1.192255e+04 1.191798e+04 1.192568e+04 1.193025e+04
5.6 1.189365e+04 1.189509e+04 1.190482e+04 1.190339e+04
6.6 1.184953e+04 1.188122e+04 1.189179e+04 1.186010e+04
7.6 1.183094e+04 1.187443e+04 1.188511e+04 1.184161e+04
8.6 1.187013e+04 1.187153e+04 1.188245e+04 1.188105e+04
9.6 1.190069e+04 1.186774e+04 1.188227e+04 1.191522e+04
10.6 1.179479e+04 1.186275e+04 1.188341e+04 1.181546e+04
11.6 1.180225e+04 1.187366e+04 1.189692e+04 1.182550e+04
12.6 1.189037e+04 1.191900e+04 1.193921e+04 1.191057e+04
13.6 1.199505e+04 1.193525e+04 1.195335e+04 1.201316e+04
14.6 1.197788e+04 1.191502e+04 1.193494e+04 1.199779e+04
15.6 1.189498e+04 1.189677e+04 1.191183e+04 1.191004e+04
16.6 1.184052e+04 1.191137e+04 1.189603e+04 1.182518e+04
17.6 1.180579e+04 1.191708e+04 1.188736e+04 1.177607e+04
18.6 1.191727e+04 1.190996e+04 1.189203e+04 1.189934e+04
19.6 1.202016e+04 1.193455e+04 1.193124e+04 1.201684e+04
20.6 1.198995e+04 1.194673e+04 1.195003e+04 1.199325e+04
0.4 1.179479e+04 1.186275e+04 1.188341e+04 1.181546e+04
1.4 1.180225e+04 1.187366e+04 1.189692e+04 1.182550e+04
2.4 1.189037e+04 1.191900e+04 1.193921e+04 1.191057e+04
3.4 1.199505e+04 1.193525e+04 1.195335e+04 1.201316e+04
4.4 1.197788e+04 1.191502e+04 1.193494e+04 1.199779e+04
5.4 1.189498e+04 1.189677e+04 1.191183e+04 1.191004e+04
6.4 1.184052e+04 1.191137e+04 1.189603e+04 1.182518e+04
7.4 1.180579e+04 1.191708e+04 1.188736e+04 1.177607e+04
8.4 1.191727e+04 1.190996e+04 1.189203e+04 1.189934e+04
9.4 1.202016e+04 1.193455e+04 1.193124e+04 1.201684e+04
10.4 1.198995e+04 1.194673e+04 1.195003e+04 1.199325e+04
11.4 1.202144e+04 1.193495e+04 1.193460e+04 1.202109e+04
12.4 1.199430e+04 1.193361e+04 1.191206e+04 1.197275e+04
13.4 1.200832e+04 1.193767e+04 1.189618e+04 1.196683e+04
14.4 1.192047e+04 1.192176e+04 1.188740e+04 1.188610e+04
15.4 1.180478e+04 1.190734e+04 1.188337e+04 1.178080e+04
16.4 1.195103e+04 1.191683e+04 1.188239e+04 1.191659e+04
17.4 1.205937e+04 1.193933e+04 1.189700e+04 1.201703e+04
18.4 1.205078e+04 1.196867e+04 1.193935e+04 1.202147e+04
19.4 1.195056e+04 1.195992e+04 1.195151e+04 1.194215e+04
20.4 1.193924e+04 1.192385e+04 1.193265e+04 1.194804e+04
0.3 1.180579e+04 1.191708e+04 1.188736e+04 1.177607e+04
1.3 1.191727e+04 1.190996e+04 1.189203e+04 1.189934e+04
2.3 1.202016e+04 1.193455e+04 1.193124e+04 1.201684e+04
3.3 1.198995e+04 1.194673e+04 1.195003e+04 1.199325e+04
4.3 1.202144e+04 1.193495e+04 1.193460e+04 1.202109e+04
5.3 1.199430e+04 1.193361e+04 1.191206e+04 1.197275e+04
6.3 1.200832e+04 1.193767e+04 1.189618e+04 1.196683e+04
7.3 1.192047e+04 1.192176e+04 1.188740e+04 1.188610e+04
8.3 1.180478e+04 1.190734e+04 1.188337e+04 1.178080e+04
9.3 1.195103e+04 1.191683e+04 1.188239e+04 1.191659e+04
10.3 1.205937e+04 1.193933e+04 1.189700e+04 1.201703e+04
11.3 1.205078e+04 1.196867e+04 1.193935e+04 1.202147e+04
12.3 1.195056e+04 1.195992e+04 1.195151e+04 1.194215e+04
13.3 1.193924e+04 1.192385e+04 1.193265e+04 1.194804e+04
14.3 1.197845e+04 1.191334e+04 1.191020e+04 1.197530e+04
15.3 1.193615e+04 1.191900e+04 1.189511e+04 1.191226e+04
16.3 1.199899e+04 1.190516e+04 1.188690e+04 1.198073e+04
17.3 1.198210e+04 1.189383e+04 1.188326e+04 1.197153e+04
18.3 1.186840e+04 1.191036e+04 1.188249e+04 1.184054e+04
19.3 1.188197e+04 1.191489e+04 1.188333e+04 1.185041e+04
20.3 1.194210e+04 1.190212e+04 1.188476e+04 1.192474e+04
0.5 1.195103e+04 1.191683e+04 1.188239e+04 1.191659e+04
1.5 1.205937e+04 1.193933e+04 1.189700e+04 1.201703e+04
2.5 1.205078e+04 1.196867e+04 1.193935e+04 1.202147e+04
3.5 1.195056e+04 1.195992e+04 1.195151e+04 1.194215e+04
4.5 1.193924e+04 1.192385e+04 1.193265e+04 1.194804e+04
5.5 1.197845e+04 1.191334e+04 1.191020e+04 1.197530e+04
6.5 1.193615e+04 1.191900e+04 1.189511e+04 1.191226e+04
7.5 1.199899e+04 1.190516e+04 1.188690e+04 1.198073e+04
8.5 1.198210e+04 1.189383e+04 1.188326e+04 1.197153e+04
9.5 1.186840e+04 1.191036e+04 1.188249e+04 1.184054e+04
10.5 1.188197e+04 1.191489e+04 1.188333e+04 1.185041e+04
11.5 1.194210e+04 1.190212e+04 1.188476e+04 1.192474e+04
12.5 1.190775e+04 1.188820e+04 1.188612e+04 1.190566e+04
13.5 1.189784e+04 1.187967e+04 1.188713e+04 1.190530e+04
14.5 1.179386e+04 1.187572e+04 1.188778e+04 1.180592e+04
15.5 1.187654e+04 1.187450e+04 1.188814e+04 1.189018e+04
16.5 1.196720e+04 1.187472e+04 1.188833e+04 1.198081e+04
17.5 1.189952e+04 1.187396e+04 1.188842e+04 1.191398e+04
18.5 1.195429e+04 1.187050e+04 1.188846e+04 1.197224e+04
19.5 1.191631e+04 1.187091e+04 1.189172e+04 1.193712e+04
20.5 1.181755e+04 1.190734e+04 1.192645e+04 1.183665e+04
1.0 1.191631e+04 1.187091e+04 1.189172e+04 1.193712e+04
2.0 1.181755e+04 1.190734e+04 1.192645e+04 1.183665e+04
3.0 1.184832e+04 1.194336e+04 1.195484e+04 1.185980e+04
4.0 1.191933e+04 1.194615e+04 1.194445e+04 1.191763e+04
5.0 1.196721e+04 1.193521e+04 1.192304e+04 1.195504e+04
6.0 1.197125e+04 1.194958e+04 1.193783e+04 1.195950e+04
7.0 1.197145e+04 1.196076e+04 1.195612e+04 1.196681e+04
8.0 1.185784e+04 1.193874e+04 1.194109e+04 1.186020e+04
9.0 1.193254e+04 1.190802e+04 1.191498e+04 1.193950e+04
10.0 1.187699e+04 1.188919e+04 1.189594e+04 1.188374e+04
11.0 1.189590e+04 1.189579e+04 1.188606e+04 1.188617e+04
12.0 1.185175e+04 1.192511e+04 1.190097e+04 1.182762e+04
13.0 1.176301e+04 1.195990e+04 1.194000e+04 1.174310e+04
14.0 1.189628e+04 1.196366e+04 1.194583e+04 1.187845e+04
15.0 1.198372e+04 1.195896e+04 1.193094e+04 1.195570e+04
16.0 1.201818e+04 1.197380e+04 1.194801e+04 1.199239e+04
17.0 1.198944e+04 1.197095e+04 1.195893e+04 1.197743e+04
18.0 1.186401e+04 1.193777e+04 1.193865e+04 1.186489e+04
19.0 1.193989e+04 1.190632e+04 1.191169e+04 1.194526e+04
20.0 1.186795e+04 1.190298e+04 1.189367e+04 1.185864e+04
21.0 1.176001e+04 1.192746e+04 1.190569e+04 1.173825e+04
1.0 1.196721e+04 1.193521e+04 1.192304e+04 1.195504e+04
2.0 1.197125e+04 1.194958e+04 1.193783e+04 1.195950e+04
3.0 1.197145e+04 1.196076e+04 1.195612e+04 1.196681e+04
4.0 1.185784e+04 1.193874e+04 1.194109e+04 1.186020e+04
5.0 1.193254e+04 1.190802e+04 1.191498e+04 1.193950e+04
6.0 1.187699e+04 1.188919e+04 1.189594e+04 1.188374e+04
7.0 1.189590e+04 1.189579e+04 1.188606e+04 1.188617e+04
8.0 1.185175e+04 1.192511e+04 1.190097e+04 1.182762e+04
9.0 1.176301e+04 1.195990e+04 1.194000e+04 1.174310e+04
10.0 1.189628e+04 1.196366e+04 1.194583e+04 1.187845e+04
11.0 1.198372e+04 1.195896e+04 1.193094e+04 1.195570e+04
12.0 1.201818e+04 1.197380e+04 1.194801e+04 1.199239e+04
13.0 1.198944e+04 1.197095e+04 1.195893e+04 1.197743e+04
14.0 1.186401e+04 1.193777e+04 1.193865e+04 1.186489e+04
15.0 1.193989e+04 1.190632e+04 1.191169e+04 1.194526e+04
16.0 1.186795e+04 1.190298e+04 1.189367e+04 1.185864e+04
17.0 1.176001e+04 1.192746e+04 1.190569e+04 1.173825e+04
18.0 1.194852e+04 1.195744e+04 1.194114e+04 1.193221e+04
19.0 1.196875e+04 1.194763e+04 1.194343e+04 1.196455e+04
20.0 1.196263e+04 1.191473e+04 1.192240e+04 1.197029e+04
21.0 1.186079e+04 1.188691e+04 1.190239e+04 1.187626e+04
0.6 1.189590e+04 1.189579e+04 1.188606e+04 1.188617e+04
1.6 1.185175e+04 1.192511e+04 1.190097e+04 1.182762e+04
2.6 1.176301e+04 1.195990e+04 1.194000e+04 1.174310e+04
3.6 1.189628e+04 1.196366e+04 1.194583e+04 1.187845e+04
4.6 1.198372e+04 1.195896e+04 1.193094e+04 1.195570e+04
5.6 1.201818e+04 1.197380e+04 1.194801e+04 1.199239e+04
6.6 1.198944e+04 1.197095e+04 1.195893e+04 1.197743e+04
7.6 1.186401e+04 1.193777e+04 1.193865e+04 1.186489e+04
8.6 1.193989e+04 1.190632e+04 1.191169e+04 1.194526e+04
9.6 1.186795e+04 1.190298e+04 1.189367e+04 1.185864e+04
10.6 1.176001e+04 1.192746e+04 1.190569e+04 1.173825e+04
11.6 1.194852e+04 1.195744e+04 1.194114e+04 1.193221e+04
12.6 1.196875e+04 1.194763e+04 1.194343e+04 1.196455e+04
13.6 1.196263e+04 1.191473e+04 1.192240e+04 1.197029e+04
14.6 1.186079e+04 1.188691e+04 1.190239e+04 1.187626e+04
15.6 1.181221e+04 1.189371e+04 1.189026e+04 1.180875e+04
16.6 1.197294e+04 1.191112e+04 1.188425e+04 1.194608e+04
17.6 1.199233e+04 1.190680e+04 1.188204e+04 1.196758e+04
18.6 1.192806e+04 1.189177e+04 1.188213e+04 1.191843e+04
19.6 1.193921e+04 1.187703e+04 1.188339e+04 1.194558e+04
20.6 1.183011e+04 1.186864e+04 1.188630e+04 1.184777e+04
0.1 1.189628e+04 1.196366e+04 1.194583e+04 1.187845e+04
1.1 1.198372e+04 1.195896e+04 1.193094e+04 1.195570e+04
2.1 1.201818e+04 1.197380e+04 1.194801e+04 1.199239e+04
3.1 1.198944e+04 1.197095e+04 1.195893e+04 1.197743e+04
4.1 1.186401e+04 1.193777e+04 1.193865e+04 1.186489e+04
5.1 1.193989e+04 1.190632e+04 1.191169e+04 1.194526e+04
6.1 1.186795e+04 1.190298e+04 1.189367e+04 1.185864e+04
7.1 1.176001e+04 1.192746e+04 1.190569e+04 1.173825e+04
8.1 1.194852e+04 1.195744e+04 1.194114e+04 1.193221e+04
9.1 1.196875e+04 1.194763e+04 1.194343e+04 1.196455e+04
10.1 1.196263e+04 1.191473e+04 1.192240e+04 1.197029e+04
11.1 1.186079e+04 1.188691e+04 1.190239e+04 1.187626e+04
12.1 1.181221e+04 1.189371e+04 1.189026e+04 1.180875e+04
13.1 1.197294e+04 1.191112e+04 1.188425e+04 1.194608e+04
14.1 1.199233e+04 1.190680e+04 1.188204e+04 1.196758e+04
15.1 1.192806e+04 1.189177e+04 1.188213e+04 1.191843e+04
16.1 1.193921e+04 1.187703e+04 1.188339e+04 1.194558e+04
17.1 1.183011e+04 1.186864e+04 1.188630e+04 1.184777e+04
18.1 1.177152e+04 1.189553e+04 1.191663e+04 1.179262e+04
19.1 1.183423e+04 1.193110e+04 1.195175e+04 1.185487e+04
20.1 1.197683e+04 1.192471e+04 1.194744e+04 1.199957e+04
0.7 1.186795e+04 1.190298e+04 1.189367e+04 1.185864e+04
1.7 1.176001e+04 1.192746e+04 1.190569e+04 1.173825e+04
2.7 1.194852e+04 1.195744e+04 1.194114e+04 1.193221e+04
3.7 1.196875e+04 1.194763e+04 1.194343e+04 1.196455e+04
4.7 1.196263e+04 1.191473e+04 1.192240e+04 1.197029e+04
5.7 1.186079e+04 1.188691e+04 1.190239e+04 1.187626e+04
6.7 1.181221e+04 1.189371e+04 1.189026e+04 1.180875e+04
7.7 1.197294e+04 1.191112e+04 1.188425e+04 1.194608e+04
8.7 1.199233e+04 1.190680e+04 1.188204e+04 1.196758e+04
9.7 1.192806e+04 1.189177e+04 1.188213e+04 1.191843e+04
10.7 1.193921e+04 1.187703e+04 1.188339e+04 1.194558e+04
11.7 1.183011e+04 1.186864e+04 1.188630e+04 1.184777e+04
12.7 1.177152e+04 1.189553e+04 1.191663e+04 1.179262e+04
13.7 1.183423e+04 1.193110e+04 1.195175e+04 1.185487e+04
14.7 1.197683e+04 1.192471e+04 1.194744e+04 1.199957e+04
15.7 1.192087e+04 1.189983e+04 1.192529e+04 1.194633e+04
16.7 1.202319e+04 1.191068e+04 1.193398e+04 1.204649e+04
17.7 1.192804e+04 1.193828e+04 1.195585e+04 1.194561e+04
18.7 1.195407e+04 1.193226e+04 1.194468e+04 1.196650e+04
19.7 1.185565e+04 1.190920e+04 1.191849e+04 1.186494e+04
20.7 1.188998e+04 1.189025e+04 1.189803e+04 1.189776e+04
0.9 1.183011e+04 1.186864e+04 1.188630e+04 1.184777e+04
1.9 1.177152e+04 1.189553e+04 1.191663e+04 1.179262e+04
2.9 1.183423e+04 1.193110e+04 1.195175e+04 1.185487e+04
3.9 1.197683e+04 1.192471e+04 1.194744e+04 1.199957e+04
4.9 1.192087e+04 1.189983e+04 1.192529e+04 1.194633e+04
5.9 1.202319e+04 1.191068e+04 1.193398e+04 1.204649e+04
6.9 1.192804e+04 1.193828e+04 1.195585e+04 1.194561e+04
7.9 1.195407e+04 1.193226e+04 1.194468e+04 1.196650e+04
8.9 1.185565e+04 1.190920e+04 1.191849e+04 1.186494e+04
9.9 1.188998e+04 1.189025e+04 1.189803e+04 1.189776e+04
10.9 1.195159e+04 1.188111e+04 1.188683e+04 1.195731e+04
11.9 1.198182e+04 1.188388e+04 1.188198e+04 1.197992e+04
12.9 1.184531e+04 1.189609e+04 1.188664e+04 1.183586e+04
13.9 1.189538e+04 1.193393e+04 1.192579e+04 1.188724e+04
14.9 1.194025e+04 1.195199e+04 1.195027e+04 1.193853e+04
15.9 1.182841e+04 1.193365e+04 1.193776e+04 1.183251e+04
16.9 1.186110e+04 1.190722e+04 1.191494e+04 1.186882e+04
17.9 1.193256e+04 1.189048e+04 1.189799e+04 1.194007e+04
18.9 1.197733e+04 1.188837e+04 1.188836e+04 1.197733e+04
19.9 1.196694e+04 1.189705e+04 1.188378e+04 1.195366e+04
20.9 1.185508e+04 1.192155e+04 1.188242e+04 1.181595e+04
0.9 1.192087e+04 1.189983e+04 1.192529e+04 1.194633e+04
1.9 1.202319e+04 1.191068e+04 1.193398e+04 1.204649e+04
2.9 1.192804e+04 1.193828e+04 1.195585e+04 1.194561e+04
3.9 1.195407e+04 1.193226e+04 1.194468e+04 1.196650e+04
4.9 1.185565e+04 1.190920e+04 1.191849e+04 1.186494e+04
5.9 1.188998e+04 1.189025e+04 1.189803e+04 1.189776e+04
6.9 1.195159e+04 1.188111e+04 1.188683e+04 1.195731e+04
7.9 1.198182e+04 1.188388e+04 1.188198e+04 1.197992e+04
8.9 1.184531e+04 1.189609e+04 1.188664e+04 1.183586e+04
9.9 1.189538e+04 1.193393e+04 1.192579e+04 1.188724e+04
10.9 1.194025e+04 1.195199e+04 1.195027e+04 1.193853e+04
11.9 1.182841e+04 1.193365e+04 1.193776e+04 1.183251e+04
12.9 1.186110e+04 1.190722e+04 1.191494e+04 1.186882e+04
13.9 1.193256e+04 1.189048e+04 1.189799e+04 1.194007e+04
14.9 1.197733e+04 1.188837e+04 1.188836e+04 1.197733e+04
15.9 1.196694e+04 1.189705e+04 1.188378e+04 1.195366e+04
16.9 1.185508e+04 1.192155e+04 1.188242e+04 1.181595e+04
17.9 1.181163e+04 1.193225e+04 1.188296e+04 1.176235e+04
18.9 1.185369e+04 1.193896e+04 1.188432e+04 1.179906e+04
19.9 1.192482e+04 1.194978e+04 1.189157e+04 1.186661e+04
20.9 1.203894e+04 1.197366e+04 1.193100e+04 1.199628e+04
0.2 1.198182e+04 1.188388e+04 1.188198e+04 1.197992e+04
1.2 1.184531e+04 1.189609e+04 1.188664e+04 1.183586e+04
2.2 1.189538e+04 1.193393e+04 1.192579e+04 1.188724e+04
3.2 1.194025e+04 1.195199e+04 1.195027e+04 1.193853e+04
4.2 1.182841e+04 1.193365e+04 1.193776e+04 1.183251e+04
5.2 1.186110e+04 1.190722e+04 1.191494e+04 1.186882e+04
6.2 1.193256e+04 1.189048e+04 1.189799e+04 1.194007e+04
7.2 1.197733e+04 1.188837e+04 1.188836e+04 1.197733e+04
8.2 1.196694e+04 1.189705e+04 1.188378e+04 1.195366e+04
9.2 1.185508e+04 1.192155e+04 1.188242e+04 1.181595e+04
10.2 1.181163e+04 1.193225e+04 1.188296e+04 1.176235e+04
11.2 1.185369e+04 1.193896e+04 1.188432e+04 1.179906e+04
12.2 1.192482e+04 1.194978e+04 1.189157e+04 1.186661e+04
13.2 1.203894e+04 1.197366e+04 1.193100e+04 1.199628e+04
14.2 1.200921e+04 1.197271e+04 1.195455e+04 1.199105e+04
15.2 1.196700e+04 1.193870e+04 1.194074e+04 1.196904e+04
16.2 1.193211e+04 1.190002e+04 1.191678e+04 1.194886e+04
17.2 1.186439e+04 1.187431e+04 1.189995e+04 1.189003e+04
18.2 1.184334e+04 1.189005e+04 1.191665e+04 1.186995e+04
19.2 1.184627e+04 1.192535e+04 1.194757e+04 1.186850e+04
20.2 1.192211e+04 1.192443e+04 1.194320e+04 1.194087e+04
0.2 1.185369e+04 1.193896e+04 1.188432e+04 1.179906e+04
1.2 1.192482e+04 1.194978e+04 1.189157e+04 1.186661e+04
2.2 1.203894e+04 1.197366e+04 1.193100e+04 1.199628e+04
3.2 1.200921e+04 1.197271e+04 1.195455e+04 1.199105e+04
4.2 1.196700e+04 1.193870e+04 1.194074e+04 1.196904e+04
5.2 1.193211e+04 1.190002e+04 1.191678e+04 1.194886e+04
6.2 1.186439e+04 1.187431e+04 1.189995e+04 1.189003e+04
7.2 1.184334e+04 1.189005e+04 1.191665e+04 1.186995e+04
8.2 1.184627e+04 1.192535e+04 1.194757e+04 1.186850e+04
9.2 1.192211e+04 1.192443e+04 1.194320e+04 1.194087e+04
10.2 1.184376e+04 1.190060e+04 1.192027e+04 1.186343e+04
11.2 1.192428e+04 1.189780e+04 1.191766e+04 1.194414e+04
12.2 1.187375e+04 1.193036e+04 1.194675e+04 1.189014e+04
13.2 1.200858e+04 1.194381e+04 1.194845e+04 1.201321e+04
14.2 1.199510e+04 1.194674e+04 1.192830e+04 1.197666e+04
15.2 1.196444e+04 1.196619e+04 1.193980e+04 1.193805e+04
16.2 1.189585e+04 1.197515e+04 1.195579e+04 1.187649e+04
17.2 1.197211e+04 1.196501e+04 1.193989e+04 1.194698e+04
18.2 1.195166e+04 1.195798e+04 1.191601e+04 1.190969e+04
19.2 1.199675e+04 1.196974e+04 1.192993e+04 1.195694e+04
20.2 1.198819e+04 1.197193e+04 1.195050e+04 1.196675e+04
0.8 1.186439e+04 1.187431e+04 1.189995e+04 1.189003e+04
1.8 1.184334e+04 1.189005e+04 1.191665e+04 1.186995e+04
2.8 1.184627e+04 1.192535e+04 1.194757e+04 1.186850e+04
3.8 1.192211e+04 1.192443e+04 1.194320e+04 1.194087e+04
4.8 1.184376e+04 1.190060e+04 1.192027e+04 1.186343e+04
5.8 1.192428e+04 1.189780e+04 1.191766e+04 1.194414e+04
6.8 1.187375e+04 1.193036e+04 1.194675e+04 1.189014e+04
7.8 1.200858e+04 1.194381e+04 1.194845e+04 1.201321e+04
8.8 1.199510e+04 1.194674e+04 1.192830e+04 1.197666e+04
9.8 1.196444e+04 1.196619e+04 1.193980e+04 1.193805e+04
10.8 1.189585e+04 1.197515e+04 1.195579e+04 1.187649e+04
11.8 1.197211e+04 1.196501e+04 1.193989e+04 1.194698e+04
12.8 1.195166e+04 1.195798e+04 1.191601e+04 1.190969e+04
13.8 1.199675e+04 1.196974e+04 1.192993e+04 1.195694e+04
14.8 1.198819e+04 1.197193e+04 1.195050e+04 1.196675e+04
15.8 1.196079e+04 1.194169e+04 1.193794e+04 1.195704e+04
16.8 1.184751e+04 1.190587e+04 1.191328e+04 1.185491e+04
17.8 1.178694e+04 1.187951e+04 1.189501e+04 1.180243e+04
18.8 1.183831e+04 1.186243e+04 1.188537e+04 1.186124e+04
19.8 1.173417e+04 1.186226e+04 1.188854e+04 1.176045e+04
20.8 1.184989e+04 1.190432e+04 1.192719e+04 1.187275e+04
0.5 1.184376e+04 1.190060e+04 1.192027e+04 1.186343e+04
1.5 1.192428e+04 1.189780e+04 1.191766e+04 1.194414e+04
2.5 1.187375e+04 1.193036e+04 1.194675e+04 1.189014e+04
3.5 1.200858e+04 1.194381e+04 1.194845e+04 1.201321e+04
4.5 1.199510e+04 1.194674e+04 1.192830e+04 1.197666e+04
5.5 1.196444e+04 1.196619e+04 1.193980e+04 1.193805e+04
6.5 1.189585e+04 1.197515e+04 1.195579e+04 1.187649e+04
7.5 1.197211e+04 1.196501e+04 1.193989e+04 1.194698e+04
8.5 1.195166e+04 1.195798e+04 1.191601e+04 1.190969e+04
9.5 1.199675e+04 1.196974e+04 1.192993e+04 1.195694e+04
10.5 1.198819e+04 1.197193e+04 1.195050e+04 1.196675e+04
11.5 1.196079e+04 1.194169e+04 1.193794e+04 1.195704e+04
12.5 1.184751e+04 1.190587e+04 1.191328e+04 1.185491e+04
13.5 1.178694e+04 1.187951e+04 1.189501e+04 1.180243e+04
14.5 1.183831e+04 1.186243e+04 1.188537e+04 1.186124e+04
15.5 1.173417e+04 1.186226e+04 1.188854e+04 1.176045e+04
16.5 1.184989e+04 1.190432e+04 1.192719e+04 1.187275e+04
17.5 1.200150e+04 1.193614e+04 1.194870e+04 1.201406e+04
18.5 1.197546e+04 1.194353e+04 1.194508e+04 1.197701e+04
19.5 1.207929e+04 1.196459e+04 1.196339e+04 1.207808e+04
20.5 1.197728e+04 1.196148e+04 1.196293e+04 1.197872e+04
1.0 1.199510e+04 1.194674e+04 1.192830e+04 1.197666e+04
2.0 1.196444e+04 1.196619e+04 1.193980e+04 1.193805e+04
3.0 1.189585e+04 1.197515e+04 1.195579e+04 1.187649e+04
4.0 1.197211e+04 1.196501e+04 1.193989e+04 1.194698e+04
5.0 1.195166e+04 1.195798e+04 1.191601e+04 1.190969e+04
6.0 1.199675e+04 1.196974e+04 1.192993e+04 1.195694e+04
7.0 1.198819e+04 1.197193e+04 1.195050e+04 1.196675e+04
8.0 1.196079e+04 1.194169e+04 1.193794e+04 1.195704e+04
9.0 1.184751e+04 1.190587e+04 1.191328e+04 1.185491e+04
10.0 1.178694e+04 1.187951e+04 1.189501e+04 1.180243e+04
11.0 1.183831e+04 1.186243e+04 1.188537e+04 1.186124e+04
12.0 1.173417e+04 1.186226e+04 1.188854e+04 1.176045e+04
13.0 1.184989e+04 1.190432e+04 1.192719e+04 1.187275e+04
14.0 1.200150e+04 1.193614e+04 1.194870e+04 1.201406e+04
15.0 1.197546e+04 1.194353e+04 1.194508e+04 1.197701e+04
16.0 1.207929e+04 1.196459e+04 1.196339e+04 1.207808e+04
17.0 1.197728e+04 1.196148e+04 1.196293e+04 1.197872e+04
18.0 1.192861e+04 1.193127e+04 1.193601e+04 1.193334e+04
19.0 1.172111e+04 1.190100e+04 1.190819e+04 1.172830e+04
20.0 1.186621e+04 1.187999e+04 1.189066e+04 1.187689e+04
21.0 1.189523e+04 1.186551e+04 1.188225e+04 1.191197e+04
1.0 1.195166e+04 1.195798e+04 1.191601e+04 1.190969e+04
2.0 1.199675e+04 1.196974e+04 1.192993e+04 1.195694e+04
3.0 1.198819e+04 1.197193e+04 1.195050e+04 1.196675e+04
4.0 1.196079e+04 1.194169e+04 1.193794e+04 1.195704e+04
5.0 1.184751e+04 1.190587e+04 1.191328e+04 1.185491e+04
6.0 1.178694e+04 1.187951e+04 1.189501e+04 1.180243e+04
7.0 1.183831e+04 1.186243e+04 1.188537e+04 1.186124e+04
8.0 1.173417e+04 1.186226e+04 1.188854e+04 1.176045e+04
9.0 1.184989e+04 1.190432e+04 1.192719e+04 1.187275e+04
10.0 1.200150e+04 1.193614e+04 1.194870e+04 1.201406e+04
11.0 1.197546e+04 1.194353e+04 1.194508e+04 1.197701e+04
12.0 1.207929e+04 1.196459e+04 1.196339e+04 1.207808e+04
13.0 1.197728e+04 1.196148e+04 1.196293e+04 1.197872e+04
14.0 1.192861e+04 1.193127e+04 1.193601e+04 1.193334e+04
15.0 1.172111e+04 1.190100e+04 1.190819e+04 1.172830e+04
16.0 1.186621e+04 1.187999e+04 1.189066e+04 1.187689e+04
17.0 1.189523e+04 1.186551e+04 1.188225e+04 1.191197e+04
18.0 1.188978e+04 1.186132e+04 1.188272e+04 1.191119e+04
19.0 1.192190e+04 1.189744e+04 1.191780e+04 1.194226e+04
20.0 1.202578e+04 1.193196e+04 1.194800e+04 1.204182e+04
0.2 1.183831e+04 1.186243e+04 1.188537e+04 1.186124e+04
1.2 1.173417e+04 1.186226e+04 1.188854e+04 1.176045e+04
2.2 1.184989e+04 1.190432e+04 1.192719e+04 1.187275e+04
3.2 1.200150e+04 1.193614e+04 1.194870e+04 1.201406e+04
4.2 1.197546e+04 1.194353e+04 1.194508e+04 1.197701e+04
5.2 1.207929e+04 1.196459e+04 1.196339e+04 1.207808e+04
6.2 1.197728e+04 1.196148e+04 1.196293e+04 1.197872e+04
7.2 1.192861e+04 1.193127e+04 1.193601e+04 1.193334e+04
8.2 1.172111e+04 1.190100e+04 1.190819e+04 1.172830e+04
9.2 1.186621e+04 1.187999e+04 1.189066e+04 1.187689e+04
10.2 1.189523e+04 1.186551e+04 1.188225e+04 1.191197e+04
11.2 1.188978e+04 1.186132e+04 1.188272e+04 1.191119e+04
12.2 1.192190e+04 1.189744e+04 1.191780e+04 1.194226e+04
13.2 1.202578e+04 1.193196e+04 1.194800e+04 1.204182e+04
0.4 1.200150e+04 1.193614e+04 1.194870e+04 1.201406e+04
1.4 1.197546e+04 1.194353e+04 1.194508e+04 1.197701e+04
2.4 1.207929e+04 1.196459e+04 1.196339e+04 1.207808e+04
3.4 1.197728e+04 1.196148e+04 1.196293e+04 1.197872e+04
4.4 1.192861e+04 1.193127e+04 1.193601e+04 1.193334e+04
5.4 1.172111e+04 1.190100e+04 1.190819e+04 1.172830e+04
6.4 1.186621e+04 1.187999e+04 1.189066e+04 1.187689e+04
7.4 1.189523e+04 1.186551e+04 1.188225e+04 1.191197e+04
8.4 1.188978e+04 1.186132e+04 1.188272e+04 1.191119e+04
9.4 1.192190e+04 1.189744e+04 1.191780e+04 1.194226e+04
10.4 1.202578e+04 1.193196e+04 1.194800e+04 1.204182e+04
1.0 1.188978e+04 1.186132e+04 1.188272e+04 1.191119e+04
2.0 1.192190e+04 1.189744e+04 1.191780e+04 1.194226e+04
3.0 1.202578e+04 1.193196e+04 1.194800e+04 1.204182e+04
