0.8 8.600508e+03 8.591537e+03 8.598956e+03 8.607927e+03
1.8 8.672565e+03 8.596318e+03 8.601823e+03 8.678070e+03
2.8 8.641339e+03 8.606106e+03 8.609884e+03 8.645118e+03
3.8 8.629697e+03 8.610267e+03 8.614608e+03 8.634039e+03
4.8 8.583081e+03 8.603627e+03 8.611549e+03 8.591002e+03
5.8 8.577713e+03 8.597570e+03 8.606122e+03 8.586266e+03
6.8 8.595638e+03 8.599088e+03 8.605522e+03 8.602072e+03
7.8 8.633917e+03 8.603962e+03 8.608959e+03 8.638914e+03
8.8 8.608263e+03 8.600530e+03 8.608131e+03 8.615864e+03
9.8 8.574332e+03 8.596947e+03 8.605768e+03 8.583154e+03
10.8 8.574757e+03 8.602529e+03 8.609422e+03 8.581651e+03
11.8 8.594771e+03 8.608772e+03 8.614009e+03 8.600007e+03
12.8 8.613556e+03 8.604245e+03 8.611747e+03 8.621058e+03
13.8 8.587664e+03 8.599033e+03 8.606011e+03 8.594642e+03
14.8 8.581145e+03 8.599615e+03 8.601300e+03 8.582830e+03
15.8 8.586276e+03 8.600738e+03 8.598612e+03 8.584150e+03
16.8 8.588840e+03 8.595974e+03 8.597407e+03 8.590272e+03
17.8 8.590136e+03 8.591296e+03 8.597094e+03 8.595935e+03
18.8 8.586131e+03 8.589969e+03 8.597274e+03 8.593437e+03
19.8 8.619842e+03 8.590126e+03 8.597662e+03 8.627378e+03
20.8 8.649584e+03 8.588138e+03 8.598068e+03 8.659514e+03
21.8 8.624542e+03 8.588505e+03 8.598393e+03 8.634429e+03
1.0 8.577713e+03 8.597570e+03 8.606122e+03 8.586266e+03
2.0 8.595638e+03 8.599088e+03 8.605522e+03 8.602072e+03
3.0 8.633917e+03 8.603962e+03 8.608959e+03 8.638914e+03
4.0 8.608263e+03 8.600530e+03 8.608131e+03 8.615864e+03
5.0 8.574332e+03 8.596947e+03 8.605768e+03 8.583154e+03
6.0 8.574757e+03 8.602529e+03 8.609422e+03 8.581651e+03
7.0 8.594771e+03 8.608772e+03 8.614009e+03 8.600007e+03
8.0 8.613556e+03 8.604245e+03 8.611747e+03 8.621058e+03
9.0 8.587664e+03 8.599033e+03 8.606011e+03 8.594642e+03
10.0 8.581145e+03 8.599615e+03 8.601300e+03 8.582830e+03
11.0 8.586276e+03 8.600738e+03 8.598612e+03 8.584150e+03
12.0 8.588840e+03 8.595974e+03 8.597407e+03 8.590272e+03
13.0 8.590136e+03 8.591296e+03 8.597094e+03 8.595935e+03
14.0 8.586131e+03 8.589969e+03 8.597274e+03 8.593437e+03
15.0 8.619842e+03 8.590126e+03 8.597662e+03 8.627378e+03
16.0 8.649584e+03 8.588138e+03 8.598068e+03 8.659514e+03
17.0 8.624542e+03 8.588505e+03 8.598393e+03 8.634429e+03
18.0 8.613273e+03 8.601837e+03 8.598612e+03 8.610048e+03
19.0 8.609269e+03 8.625208e+03 8.598743e+03 8.582804e+03
20.0 8.668403e+03 8.637949e+03 8.598814e+03 8.629268e+03
21.0 8.672945e+03 8.627193e+03 8.598849e+03 8.644601e+03
22.0 8.628772e+03 8.610539e+03 8.598866e+03 8.617099e+03
0.5 8.608263e+03 8.600530e+03 8.608131e+03 8.615864e+03
1.5 8.574332e+03 8.596947e+03 8.605768e+03 8.583154e+03
2.5 8.574757e+03 8.602529e+03 8.609422e+03 8.581651e+03
3.5 8.594771e+03 8.608772e+03 8.614009e+03 8.600007e+03
4.5 8.613556e+03 8.604245e+03 8.611747e+03 8.621058e+03
5.5 8.587664e+03 8.599033e+03 8.606011e+03 8.594642e+03
6.5 8.581145e+03 8.599615e+03 8.601300e+03 8.582830e+03
7.5 8.586276e+03 8.600738e+03 8.598612e+03 8.584150e+03
8.5 8.588840e+03 8.595974e+03 8.597407e+03 8.590272e+03
9.5 8.590136e+03 8.591296e+03 8.597094e+03 8.595935e+03
10.5 8.586131e+03 8.589969e+03 8.597274e+03 8.593437e+03
11.5 8.619842e+03 8.590126e+03 8.597662e+03 8.627378e+03
12.5 8.649584e+03 8.588138e+03 8.598068e+03 8.659514e+03
13.5 8.624542e+03 8.588505e+03 8.598393e+03 8.634429e+03
14.5 8.613273e+03 8.601837e+03 8.598612e+03 8.610048e+03
15.5 8.609269e+03 8.625208e+03 8.598743e+03 8.582804e+03
16.5 8.668403e+03 8.637949e+03 8.598814e+03 8.629268e+03
17.5 8.672945e+03 8.627193e+03 8.598849e+03 8.644601e+03
18.5 8.628772e+03 8.610539e+03 8.598866e+03 8.617099e+03
19.5 8.582462e+03 8.600049e+03 8.598873e+03 8.581286e+03
20.5 8.589881e+03 8.595091e+03 8.598875e+03 8.593665e+03
21.5 8.574635e+03 8.593021e+03 8.598877e+03 8.580490e+03
1.0 8.610698e+03 8.596901e+03 8.599152e+03 8.612948e+03
2.0 8.583613e+03 8.597387e+03 8.603216e+03 8.589442e+03
3.0 8.603954e+03 8.603178e+03 8.609013e+03 8.609789e+03
4.0 8.629835e+03 8.608055e+03 8.609043e+03 8.630824e+03
5.0 8.641704e+03 8.607343e+03 8.605502e+03 8.639863e+03
6.0 8.651088e+03 8.606429e+03 8.605485e+03 8.650144e+03
7.0 8.682175e+03 8.610698e+03 8.611575e+03 8.683052e+03
8.0 8.650796e+03 8.610292e+03 8.614374e+03 8.654878e+03
9.0 8.625233e+03 8.601492e+03 8.610278e+03 8.634019e+03
10.0 8.561372e+03 8.594980e+03 8.604541e+03 8.570932e+03
11.0 8.558026e+03 8.593091e+03 8.600480e+03 8.565415e+03
12.0 8.560876e+03 8.593283e+03 8.598302e+03 8.565896e+03
13.0 8.608136e+03 8.593982e+03 8.597382e+03 8.611535e+03
14.0 8.635730e+03 8.594744e+03 8.597212e+03 8.638197e+03
15.0 8.666170e+03 8.594951e+03 8.597446e+03 8.668665e+03
16.0 8.642238e+03 8.591870e+03 8.597831e+03 8.648199e+03
17.0 8.598781e+03 8.587020e+03 8.598202e+03 8.609963e+03
18.0 8.572914e+03 8.583409e+03 8.598484e+03 8.587989e+03
19.0 8.562183e+03 8.584733e+03 8.598667e+03 8.576117e+03
20.0 8.607339e+03 8.590778e+03 8.598773e+03 8.615334e+03
21.0 8.617261e+03 8.592091e+03 8.598829e+03 8.623999e+03
22.0 8.586153e+03 8.593803e+03 8.598857e+03 8.591206e+03
0.9 8.641704e+03 8.607343e+03 8.605502e+03 8.639863e+03
1.9 8.651088e+03 8.606429e+03 8.605485e+03 8.650144e+03
2.9 8.682175e+03 8.610698e+03 8.611575e+03 8.683052e+03
3.9 8.650796e+03 8.610292e+03 8.614374e+03 8.654878e+03
4.9 8.625233e+03 8.601492e+03 8.610278e+03 8.634019e+03
5.9 8.561372e+03 8.594980e+03 8.604541e+03 8.570932e+03
6.9 8.558026e+03 8.593091e+03 8.600480e+03 8.565415e+03
7.9 8.560876e+03 8.593283e+03 8.598302e+03 8.565896e+03
8.9 8.608136e+03 8.593982e+03 8.597382e+03 8.611535e+03
9.9 8.635730e+03 8.594744e+03 8.597212e+03 8.638197e+03
10.9 8.666170e+03 8.594951e+03 8.597446e+03 8.668665e+03
11.9 8.642238e+03 8.591870e+03 8.597831e+03 8.648199e+03
12.9 8.598781e+03 8.587020e+03 8.598202e+03 8.609963e+03
13.9 8.572914e+03 8.583409e+03 8.598484e+03 8.587989e+03
14.9 8.562183e+03 8.584733e+03 8.598667e+03 8.576117e+03
15.9 8.607339e+03 8.590778e+03 8.598773e+03 8.615334e+03
16.9 8.617261e+03 8.592091e+03 8.598829e+03 8.623999e+03
17.9 8.586153e+03 8.593803e+03 8.598857e+03 8.591206e+03
18.9 8.577970e+03 8.609326e+03 8.598869e+03 8.567513e+03
19.9 8.589984e+03 8.631512e+03 8.598874e+03 8.557347e+03
20.9 8.603092e+03 8.641096e+03 8.598876e+03 8.560872e+03
21.9 8.596138e+03 8.635211e+03 8.598877e+03 8.559803e+03
0.6 8.568310e+03 8.588866e+03 8.598899e+03 8.578343e+03
1.6 8.553172e+03 8.591592e+03 8.600895e+03 8.562475e+03
2.6 8.570643e+03 8.600189e+03 8.607162e+03 8.577616e+03
3.6 8.598021e+03 8.601815e+03 8.609752e+03 8.605958e+03
4.6 8.655235e+03 8.597182e+03 8.606963e+03 8.665016e+03
5.6 8.600831e+03 8.594810e+03 8.603084e+03 8.609105e+03
6.6 8.641884e+03 8.594855e+03 8.600329e+03 8.647358e+03
7.6 8.599039e+03 8.595414e+03 8.598790e+03 8.602415e+03
8.6 8.578328e+03 8.595833e+03 8.598079e+03 8.580574e+03
9.6 8.534561e+03 8.595446e+03 8.597890e+03 8.537006e+03
10.6 8.520109e+03 8.592001e+03 8.597998e+03 8.526106e+03
11.6 8.550782e+03 8.587372e+03 8.598226e+03 8.561636e+03
12.6 8.552005e+03 8.584678e+03 8.598455e+03 8.565782e+03
13.6 8.538455e+03 8.586942e+03 8.598632e+03 8.550144e+03
14.6 8.555892e+03 8.591139e+03 8.598747e+03 8.563500e+03
15.6 8.576057e+03 8.594003e+03 8.598813e+03 8.580867e+03
16.6 8.615633e+03 8.594754e+03 8.598848e+03 8.619727e+03
17.6 8.600341e+03 8.593165e+03 8.598864e+03 8.606040e+03
18.6 8.595701e+03 8.589914e+03 8.598872e+03 8.604659e+03
19.6 8.580886e+03 8.590131e+03 8.598875e+03 8.589630e+03
20.6 8.599203e+03 8.592681e+03 8.598876e+03 8.605399e+03
21.6 8.601246e+03 8.595007e+03 8.598877e+03 8.605116e+03
0.3 8.641209e+03 8.597073e+03 8.598877e+03 8.643013e+03
1.3 8.624489e+03 8.598058e+03 8.599640e+03 8.626070e+03
2.3 8.618223e+03 8.603789e+03 8.605412e+03 8.619845e+03
3.3 8.642079e+03 8.612979e+03 8.614772e+03 8.643872e+03
4.3 8.662019e+03 8.615726e+03 8.618923e+03 8.665216e+03
5.3 8.631894e+03 8.607937e+03 8.614454e+03 8.638412e+03
6.3 8.591155e+03 8.610000e+03 8.607344e+03 8.588499e+03
7.3 8.590315e+03 8.626541e+03 8.601933e+03 8.565708e+03
8.3 8.614997e+03 8.638103e+03 8.598822e+03 8.575716e+03
9.3 8.620449e+03 8.635434e+03 8.597375e+03 8.582389e+03
10.3 8.663294e+03 8.631474e+03 8.596974e+03 8.628794e+03
11.3 8.684300e+03 8.630002e+03 8.597162e+03 8.651459e+03
12.3 8.656073e+03 8.616884e+03 8.597591e+03 8.636780e+03
13.3 8.600524e+03 8.601699e+03 8.598033e+03 8.596857e+03
14.3 8.564511e+03 8.592867e+03 8.598380e+03 8.570023e+03
15.3 8.565851e+03 8.592968e+03 8.598609e+03 8.571492e+03
16.3 8.565327e+03 8.596996e+03 8.598744e+03 8.567074e+03
17.3 8.554724e+03 8.597902e+03 8.598815e+03 8.555638e+03
18.3 8.573288e+03 8.595327e+03 8.598850e+03 8.576810e+03
19.3 8.596533e+03 8.589530e+03 8.598866e+03 8.605869e+03
20.3 8.568781e+03 8.584532e+03 8.598873e+03 8.583122e+03
21.3 8.577893e+03 8.582029e+03 8.598897e+03 8.594761e+03
0.6 8.577893e+03 8.582029e+03 8.598897e+03 8.594761e+03
1.6 8.525367e+03 8.586499e+03 8.600895e+03 8.539762e+03
2.6 8.540672e+03 8.597898e+03 8.607162e+03 8.549936e+03
3.6 8.585059e+03 8.608066e+03 8.609752e+03 8.586744e+03
4.6 8.568741e+03 8.611890e+03 8.607466e+03 8.564318e+03
5.6 8.561215e+03 8.613299e+03 8.608386e+03 8.556303e+03
6.6 8.555092e+03 8.615070e+03 8.610867e+03 8.550890e+03
7.6 8.585900e+03 8.615000e+03 8.608540e+03 8.579440e+03
8.6 8.619256e+03 8.610037e+03 8.603980e+03 8.613199e+03
9.6 8.614174e+03 8.603311e+03 8.600431e+03 8.611295e+03
10.6 8.606088e+03 8.598311e+03 8.598489e+03 8.606267e+03
11.6 8.597226e+03 8.595619e+03 8.597672e+03 8.599280e+03
12.6 8.622004e+03 8.594551e+03 8.597505e+03 8.624958e+03
13.6 8.658167e+03 8.594416e+03 8.597679e+03 8.661429e+03
14.6 8.617146e+03 8.594788e+03 8.597986e+03 8.620343e+03
15.6 8.576544e+03 8.596480e+03 8.598291e+03 8.578355e+03
16.6 8.541930e+03 8.600087e+03 8.598529e+03 8.540373e+03
17.6 8.553727e+03 8.602720e+03 8.598689e+03 8.549695e+03
18.6 8.569937e+03 8.598832e+03 8.598782e+03 8.569887e+03
19.6 8.630668e+03 8.593168e+03 8.598833e+03 8.636332e+03
20.6 8.626355e+03 8.590797e+03 8.598858e+03 8.634415e+03
21.6 8.586462e+03 8.590521e+03 8.598869e+03 8.594810e+03
0.2 8.585059e+03 8.608066e+03 8.609752e+03 8.586744e+03
1.2 8.568741e+03 8.611890e+03 8.607466e+03 8.564318e+03
2.2 8.561215e+03 8.613299e+03 8.608386e+03 8.556303e+03
3.2 8.555092e+03 8.615070e+03 8.610867e+03 8.550890e+03
4.2 8.585900e+03 8.615000e+03 8.608540e+03 8.579440e+03
5.2 8.619256e+03 8.610037e+03 8.603980e+03 8.613199e+03
6.2 8.614174e+03 8.603311e+03 8.600431e+03 8.611295e+03
7.2 8.606088e+03 8.598311e+03 8.598489e+03 8.606267e+03
8.2 8.597226e+03 8.595619e+03 8.597672e+03 8.599280e+03
9.2 8.622004e+03 8.594551e+03 8.597505e+03 8.624958e+03
10.2 8.658167e+03 8.594416e+03 8.597679e+03 8.661429e+03
11.2 8.617146e+03 8.594788e+03 8.597986e+03 8.620343e+03
12.2 8.576544e+03 8.596480e+03 8.598291e+03 8.578355e+03
13.2 8.541930e+03 8.600087e+03 8.598529e+03 8.540373e+03
14.2 8.553727e+03 8.602720e+03 8.598689e+03 8.549695e+03
15.2 8.569937e+03 8.598832e+03 8.598782e+03 8.569887e+03
16.2 8.630668e+03 8.593168e+03 8.598833e+03 8.636332e+03
17.2 8.626355e+03 8.590797e+03 8.598858e+03 8.634415e+03
18.2 8.586462e+03 8.590521e+03 8.598869e+03 8.594810e+03
19.2 8.561237e+03 8.588522e+03 8.598874e+03 8.571590e+03
20.2 8.567134e+03 8.587382e+03 8.598876e+03 8.578628e+03
21.2 8.562701e+03 8.589802e+03 8.598877e+03 8.571776e+03
0.7 8.643951e+03 8.599663e+03 8.598920e+03 8.643209e+03
1.7 8.669650e+03 8.595970e+03 8.601337e+03 8.675016e+03
2.7 8.625157e+03 8.602186e+03 8.609396e+03 8.632367e+03
3.7 8.585306e+03 8.611314e+03 8.617614e+03 8.591606e+03
4.7 8.580088e+03 8.609769e+03 8.617527e+03 8.587847e+03
5.7 8.555947e+03 8.600996e+03 8.611105e+03 8.566056e+03
6.7 8.547287e+03 8.595669e+03 8.604560e+03 8.556178e+03
7.7 8.553325e+03 8.594219e+03 8.600275e+03 8.559380e+03
8.7 8.576209e+03 8.594232e+03 8.598020e+03 8.579997e+03
9.7 8.570234e+03 8.594424e+03 8.597116e+03 8.572926e+03
10.7 8.562999e+03 8.593957e+03 8.597029e+03 8.566070e+03
11.7 8.555865e+03 8.592877e+03 8.597357e+03 8.560345e+03
12.7 8.563477e+03 8.589536e+03 8.597808e+03 8.571750e+03
13.7 8.601350e+03 8.588270e+03 8.598210e+03 8.611291e+03
14.7 8.636135e+03 8.590551e+03 8.598500e+03 8.644084e+03
15.7 8.669307e+03 8.593486e+03 8.598682e+03 8.674502e+03
16.7 8.635034e+03 8.595264e+03 8.598783e+03 8.638553e+03
17.7 8.592607e+03 8.595321e+03 8.598834e+03 8.596120e+03
18.7 8.572101e+03 8.595964e+03 8.598859e+03 8.574995e+03
19.7 8.584231e+03 8.600801e+03 8.598870e+03 8.582300e+03
20.7 8.588020e+03 8.602484e+03 8.598874e+03 8.584410e+03
21.7 8.636745e+03 8.596761e+03 8.598876e+03 8.638861e+03
