0.7 8.643830e+03 8.598627e+03 8.599769e+03 8.644973e+03
1.7 8.629340e+03 8.599084e+03 8.600700e+03 8.630956e+03
2.7 8.600130e+03 8.600808e+03 8.603571e+03 8.602893e+03
3.7 8.600828e+03 8.600574e+03 8.605448e+03 8.605701e+03
4.7 8.631201e+03 8.595135e+03 8.604465e+03 8.640531e+03
5.7 8.616600e+03 8.592565e+03 8.603099e+03 8.627134e+03
6.7 8.620674e+03 8.595074e+03 8.603740e+03 8.629339e+03
7.7 8.586410e+03 8.594541e+03 8.603795e+03 8.595664e+03
8.7 8.578960e+03 8.591445e+03 8.602354e+03 8.589869e+03
9.7 8.600508e+03 8.591537e+03 8.600790e+03 8.609761e+03
10.7 8.672565e+03 8.596318e+03 8.599808e+03 8.676055e+03
11.7 8.641339e+03 8.606106e+03 8.599353e+03 8.634586e+03
12.7 8.629697e+03 8.610267e+03 8.599213e+03 8.618643e+03
13.7 8.583081e+03 8.603627e+03 8.599242e+03 8.578695e+03
14.7 8.577713e+03 8.597570e+03 8.599347e+03 8.579491e+03
15.7 8.595638e+03 8.599088e+03 8.599470e+03 8.596020e+03
16.7 8.633917e+03 8.603962e+03 8.599576e+03 8.629531e+03
17.7 8.608263e+03 8.600530e+03 8.599651e+03 8.607384e+03
18.7 8.574332e+03 8.596947e+03 8.599698e+03 8.577084e+03
19.7 8.574757e+03 8.602529e+03 8.599725e+03 8.571953e+03
20.7 8.594771e+03 8.608772e+03 8.599739e+03 8.585737e+03
21.7 8.613556e+03 8.604245e+03 8.599874e+03 8.609185e+03
0.6 8.631201e+03 8.595135e+03 8.604465e+03 8.640531e+03
1.6 8.616600e+03 8.592565e+03 8.603099e+03 8.627134e+03
2.6 8.620674e+03 8.595074e+03 8.603740e+03 8.629339e+03
3.6 8.586410e+03 8.594541e+03 8.603795e+03 8.595664e+03
4.6 8.578960e+03 8.591445e+03 8.602354e+03 8.589869e+03
5.6 8.600508e+03 8.591537e+03 8.600790e+03 8.609761e+03
6.6 8.672565e+03 8.596318e+03 8.599808e+03 8.676055e+03
7.6 8.641339e+03 8.606106e+03 8.599353e+03 8.634586e+03
8.6 8.629697e+03 8.610267e+03 8.599213e+03 8.618643e+03
9.6 8.583081e+03 8.603627e+03 8.599242e+03 8.578695e+03
10.6 8.577713e+03 8.597570e+03 8.599347e+03 8.579491e+03
11.6 8.595638e+03 8.599088e+03 8.599470e+03 8.596020e+03
12.6 8.633917e+03 8.603962e+03 8.599576e+03 8.629531e+03
13.6 8.608263e+03 8.600530e+03 8.599651e+03 8.607384e+03
14.6 8.574332e+03 8.596947e+03 8.599698e+03 8.577084e+03
15.6 8.574757e+03 8.602529e+03 8.599725e+03 8.571953e+03
16.6 8.594771e+03 8.608772e+03 8.599739e+03 8.585737e+03
17.6 8.613556e+03 8.604245e+03 8.599874e+03 8.609185e+03
18.6 8.587664e+03 8.599033e+03 8.601527e+03 8.590158e+03
19.6 8.581145e+03 8.599615e+03 8.604866e+03 8.586396e+03
20.6 8.586276e+03 8.600738e+03 8.606949e+03 8.592487e+03
21.6 8.588840e+03 8.595974e+03 8.605783e+03 8.598649e+03
0.1 8.594771e+03 8.608772e+03 8.599739e+03 8.585737e+03
1.1 8.613556e+03 8.604245e+03 8.599874e+03 8.609185e+03
2.1 8.587664e+03 8.599033e+03 8.601527e+03 8.590158e+03
3.1 8.581145e+03 8.599615e+03 8.604866e+03 8.586396e+03
4.1 8.586276e+03 8.600738e+03 8.606949e+03 8.592487e+03
5.1 8.588840e+03 8.595974e+03 8.605783e+03 8.598649e+03
6.1 8.590136e+03 8.591296e+03 8.603232e+03 8.602072e+03
7.1 8.586131e+03 8.589969e+03 8.601134e+03 8.597297e+03
8.1 8.619842e+03 8.590126e+03 8.599881e+03 8.629597e+03
9.1 8.649584e+03 8.588138e+03 8.599272e+03 8.660717e+03
10.1 8.624542e+03 8.588505e+03 8.599073e+03 8.635109e+03
11.1 8.613273e+03 8.601837e+03 8.599112e+03 8.610548e+03
12.1 8.609269e+03 8.625208e+03 8.599258e+03 8.583319e+03
13.1 8.668403e+03 8.637949e+03 8.599420e+03 8.629874e+03
14.1 8.672945e+03 8.627193e+03 8.599552e+03 8.645304e+03
15.1 8.628772e+03 8.610539e+03 8.599642e+03 8.617875e+03
16.1 8.582462e+03 8.600049e+03 8.599695e+03 8.582108e+03
17.1 8.589881e+03 8.595091e+03 8.599724e+03 8.594514e+03
18.1 8.574635e+03 8.593021e+03 8.599739e+03 8.581352e+03
19.1 8.580376e+03 8.590506e+03 8.599745e+03 8.589616e+03
20.1 8.576086e+03 8.585884e+03 8.599748e+03 8.589950e+03
21.1 8.597030e+03 8.582401e+03 8.599749e+03 8.614379e+03
0.8 8.572914e+03 8.583409e+03 8.599784e+03 8.589289e+03
1.8 8.562183e+03 8.584733e+03 8.600869e+03 8.578319e+03
2.8 8.607339e+03 8.590778e+03 8.603138e+03 8.619699e+03
3.8 8.617261e+03 8.592091e+03 8.603604e+03 8.628774e+03
4.8 8.586153e+03 8.593803e+03 8.602393e+03 8.594743e+03
5.8 8.577970e+03 8.609326e+03 8.601037e+03 8.569681e+03
6.8 8.589984e+03 8.631512e+03 8.600134e+03 8.558607e+03
7.8 8.603092e+03 8.641096e+03 8.599647e+03 8.561643e+03
8.8 8.596138e+03 8.635211e+03 8.599685e+03 8.560611e+03
9.8 8.598103e+03 8.623087e+03 8.601676e+03 8.576693e+03
10.8 8.619321e+03 8.613147e+03 8.605117e+03 8.611291e+03
11.8 8.656205e+03 8.604696e+03 8.606742e+03 8.658250e+03
12.8 8.648249e+03 8.594352e+03 8.605235e+03 8.659132e+03
13.8 8.609425e+03 8.588123e+03 8.602736e+03 8.624037e+03
14.8 8.598846e+03 8.588768e+03 8.600821e+03 8.610899e+03
15.8 8.610969e+03 8.595439e+03 8.599718e+03 8.615248e+03
16.8 8.597288e+03 8.599383e+03 8.599205e+03 8.597109e+03
17.8 8.574190e+03 8.599294e+03 8.599063e+03 8.573960e+03
18.8 8.572405e+03 8.598076e+03 8.599131e+03 8.573460e+03
19.8 8.605598e+03 8.597106e+03 8.599286e+03 8.607778e+03
20.8 8.683582e+03 8.596551e+03 8.599493e+03 8.686524e+03
21.8 8.668229e+03 8.597429e+03 8.600834e+03 8.671633e+03
0.3 8.603092e+03 8.641096e+03 8.599647e+03 8.561643e+03
1.3 8.596138e+03 8.635211e+03 8.599685e+03 8.560611e+03
2.3 8.598103e+03 8.623087e+03 8.601676e+03 8.576693e+03
3.3 8.619321e+03 8.613147e+03 8.605117e+03 8.611291e+03
4.3 8.656205e+03 8.604696e+03 8.606742e+03 8.658250e+03
5.3 8.648249e+03 8.594352e+03 8.605235e+03 8.659132e+03
6.3 8.609425e+03 8.588123e+03 8.602736e+03 8.624037e+03
7.3 8.598846e+03 8.588768e+03 8.600821e+03 8.610899e+03
8.3 8.610969e+03 8.595439e+03 8.599718e+03 8.615248e+03
9.3 8.597288e+03 8.599383e+03 8.599205e+03 8.597109e+03
10.3 8.574190e+03 8.599294e+03 8.599063e+03 8.573960e+03
11.3 8.572405e+03 8.598076e+03 8.599131e+03 8.573460e+03
12.3 8.605598e+03 8.597106e+03 8.599286e+03 8.607778e+03
13.3 8.683582e+03 8.596551e+03 8.599493e+03 8.686524e+03
14.3 8.668229e+03 8.597429e+03 8.600834e+03 8.671633e+03
15.3 8.615273e+03 8.600307e+03 8.603901e+03 8.618868e+03
16.3 8.558032e+03 8.603901e+03 8.605411e+03 8.559542e+03
17.3 8.554735e+03 8.607116e+03 8.604158e+03 8.551777e+03
18.3 8.579770e+03 8.605334e+03 8.602132e+03 8.576568e+03
19.3 8.620281e+03 8.600211e+03 8.600616e+03 8.620686e+03
20.3 8.592332e+03 8.593106e+03 8.599748e+03 8.598974e+03
21.3 8.568310e+03 8.588866e+03 8.599341e+03 8.578785e+03
0.9 8.683582e+03 8.596551e+03 8.599493e+03 8.686524e+03
1.9 8.668229e+03 8.597429e+03 8.600834e+03 8.671633e+03
2.9 8.615273e+03 8.600307e+03 8.603901e+03 8.618868e+03
3.9 8.558032e+03 8.603901e+03 8.605411e+03 8.559542e+03
4.9 8.554735e+03 8.607116e+03 8.604158e+03 8.551777e+03
5.9 8.579770e+03 8.605334e+03 8.602132e+03 8.576568e+03
6.9 8.620281e+03 8.600211e+03 8.600616e+03 8.620686e+03
7.9 8.592332e+03 8.593106e+03 8.599748e+03 8.598974e+03
8.9 8.568310e+03 8.588866e+03 8.599341e+03 8.578785e+03
9.9 8.553172e+03 8.591592e+03 8.599224e+03 8.560804e+03
10.9 8.570643e+03 8.600189e+03 8.599273e+03 8.569727e+03
11.9 8.598021e+03 8.601815e+03 8.599392e+03 8.595598e+03
12.9 8.655235e+03 8.597182e+03 8.599515e+03 8.657568e+03
13.9 8.600831e+03 8.594810e+03 8.599612e+03 8.605633e+03
14.9 8.641884e+03 8.594855e+03 8.599676e+03 8.646704e+03
15.9 8.599039e+03 8.595414e+03 8.599713e+03 8.603338e+03
16.9 8.578328e+03 8.595833e+03 8.599733e+03 8.582228e+03
17.9 8.534561e+03 8.595446e+03 8.599743e+03 8.538858e+03
18.9 8.520109e+03 8.592001e+03 8.599747e+03 8.527855e+03
19.9 8.550782e+03 8.587372e+03 8.599749e+03 8.563159e+03
20.9 8.552005e+03 8.584678e+03 8.599750e+03 8.567077e+03
21.9 8.538455e+03 8.586942e+03 8.599750e+03 8.551262e+03
0.9 8.617146e+03 8.594788e+03 8.599798e+03 8.622155e+03
1.9 8.576544e+03 8.596480e+03 8.601013e+03 8.581077e+03
2.9 8.541930e+03 8.600087e+03 8.604175e+03 8.546018e+03
3.9 8.553727e+03 8.602720e+03 8.606798e+03 8.557805e+03
4.9 8.569937e+03 8.598832e+03 8.606212e+03 8.577316e+03
5.9 8.630668e+03 8.593168e+03 8.603741e+03 8.641240e+03
6.9 8.626355e+03 8.590797e+03 8.601484e+03 8.637042e+03
7.9 8.586462e+03 8.590521e+03 8.600072e+03 8.596012e+03
8.9 8.561237e+03 8.588522e+03 8.599354e+03 8.572070e+03
9.9 8.567134e+03 8.587382e+03 8.599089e+03 8.578841e+03
10.9 8.562701e+03 8.589802e+03 8.599092e+03 8.571991e+03
11.9 8.567229e+03 8.593138e+03 8.599225e+03 8.573316e+03
12.9 8.574418e+03 8.594990e+03 8.599389e+03 8.578818e+03
13.9 8.564619e+03 8.592840e+03 8.599529e+03 8.571307e+03
14.9 8.582990e+03 8.588615e+03 8.599627e+03 8.594002e+03
15.9 8.634496e+03 8.585564e+03 8.599687e+03 8.648619e+03
16.9 8.662150e+03 8.585433e+03 8.599720e+03 8.676437e+03
17.9 8.633704e+03 8.585004e+03 8.599737e+03 8.648436e+03
18.9 8.602829e+03 8.583738e+03 8.599744e+03 8.618836e+03
19.9 8.562082e+03 8.585318e+03 8.599748e+03 8.576512e+03
20.9 8.558087e+03 8.589871e+03 8.599749e+03 8.567966e+03
21.9 8.538892e+03 8.593464e+03 8.599750e+03 8.545178e+03
0.2 8.583421e+03 8.586297e+03 8.599750e+03 8.596874e+03
1.2 8.539963e+03 8.588573e+03 8.599976e+03 8.551367e+03
2.2 8.530979e+03 8.594400e+03 8.601943e+03 8.538521e+03
3.2 8.565172e+03 8.600531e+03 8.604847e+03 8.569489e+03
4.2 8.645524e+03 8.606138e+03 8.605246e+03 8.644632e+03
5.2 8.622825e+03 8.608565e+03 8.603470e+03 8.617730e+03
6.2 8.584197e+03 8.605948e+03 8.601559e+03 8.579809e+03
7.2 8.588836e+03 8.602766e+03 8.601206e+03 8.587276e+03
8.2 8.572948e+03 8.602575e+03 8.603487e+03 8.573860e+03
9.2 8.589156e+03 8.603533e+03 8.606162e+03 8.591785e+03
10.2 8.643951e+03 8.599663e+03 8.606045e+03 8.650334e+03
11.2 8.669650e+03 8.595970e+03 8.603768e+03 8.677447e+03
12.2 8.625157e+03 8.602186e+03 8.601501e+03 8.624472e+03
13.2 8.585306e+03 8.611314e+03 8.600053e+03 8.574045e+03
14.2 8.580088e+03 8.609769e+03 8.599317e+03 8.569637e+03
15.2 8.555947e+03 8.600996e+03 8.599043e+03 8.553994e+03
16.2 8.547287e+03 8.595669e+03 8.599044e+03 8.550661e+03
17.2 8.553325e+03 8.594219e+03 8.599181e+03 8.558286e+03
18.2 8.576209e+03 8.594232e+03 8.599354e+03 8.581330e+03
19.2 8.570234e+03 8.594424e+03 8.599504e+03 8.575315e+03
20.2 8.562999e+03 8.593957e+03 8.599612e+03 8.568653e+03
21.2 8.555865e+03 8.592877e+03 8.599678e+03 8.562667e+03
0.7 8.584197e+03 8.605948e+03 8.601559e+03 8.579809e+03
1.7 8.588836e+03 8.602766e+03 8.601206e+03 8.587276e+03
2.7 8.572948e+03 8.602575e+03 8.603487e+03 8.573860e+03
3.7 8.589156e+03 8.603533e+03 8.606162e+03 8.591785e+03
4.7 8.643951e+03 8.599663e+03 8.606045e+03 8.650334e+03
5.7 8.669650e+03 8.595970e+03 8.603768e+03 8.677447e+03
6.7 8.625157e+03 8.602186e+03 8.601501e+03 8.624472e+03
7.7 8.585306e+03 8.611314e+03 8.600053e+03 8.574045e+03
8.7 8.580088e+03 8.609769e+03 8.599317e+03 8.569637e+03
9.7 8.555947e+03 8.600996e+03 8.599043e+03 8.553994e+03
10.7 8.547287e+03 8.595669e+03 8.599044e+03 8.550661e+03
11.7 8.553325e+03 8.594219e+03 8.599181e+03 8.558286e+03
12.7 8.576209e+03 8.594232e+03 8.599354e+03 8.581330e+03
13.7 8.570234e+03 8.594424e+03 8.599504e+03 8.575315e+03
14.7 8.562999e+03 8.593957e+03 8.599612e+03 8.568653e+03
15.7 8.555865e+03 8.592877e+03 8.599678e+03 8.562667e+03
16.7 8.563477e+03 8.589536e+03 8.599716e+03 8.573658e+03
17.7 8.601350e+03 8.588270e+03 8.599734e+03 8.612815e+03
18.7 8.636135e+03 8.590551e+03 8.599743e+03 8.645327e+03
19.7 8.669307e+03 8.593486e+03 8.599747e+03 8.675568e+03
20.7 8.635034e+03 8.595264e+03 8.599749e+03 8.639520e+03
21.7 8.592607e+03 8.595321e+03 8.599750e+03 8.597036e+03
0.7 8.589854e+03 8.584353e+03 8.599760e+03 8.605262e+03
1.7 8.560466e+03 8.589176e+03 8.600535e+03 8.571825e+03
2.7 8.566218e+03 8.596217e+03 8.603367e+03 8.573367e+03
3.7 8.569361e+03 8.602024e+03 8.606445e+03 8.573782e+03
4.7 8.597289e+03 8.600998e+03 8.606607e+03 8.602898e+03
5.7 8.633570e+03 8.595949e+03 8.604339e+03 8.641959e+03
6.7 8.637522e+03 8.600464e+03 8.601928e+03 8.638987e+03
7.7 8.657454e+03 8.618630e+03 8.600324e+03 8.639148e+03
8.7 8.684963e+03 8.627629e+03 8.599470e+03 8.656805e+03
9.7 8.669824e+03 8.617223e+03 8.599120e+03 8.651721e+03
10.7 8.608745e+03 8.603227e+03 8.599076e+03 8.604594e+03
11.7 8.580725e+03 8.592065e+03 8.599189e+03 8.587849e+03
12.7 8.557307e+03 8.584392e+03 8.599353e+03 8.572268e+03
13.7 8.555409e+03 8.581818e+03 8.599501e+03 8.573091e+03
14.7 8.570088e+03 8.581649e+03 8.599608e+03 8.588048e+03
15.7 8.597131e+03 8.581086e+03 8.599676e+03 8.615722e+03
16.7 8.577220e+03 8.580786e+03 8.599714e+03 8.596148e+03
17.7 8.567402e+03 8.582983e+03 8.599734e+03 8.584152e+03
18.7 8.560665e+03 8.588241e+03 8.599743e+03 8.572167e+03
19.7 8.583497e+03 8.593992e+03 8.599747e+03 8.589253e+03
20.7 8.630333e+03 8.606939e+03 8.599749e+03 8.623143e+03
21.7 8.655361e+03 8.628317e+03 8.599750e+03 8.626794e+03
