0.8 1.220932e+03 1.193168e+03 1.192985e+03 1.220749e+03
1.8 1.213970e+03 1.195365e+03 1.194188e+03 1.212793e+03
2.8 1.216128e+03 1.199734e+03 1.197568e+03 1.213962e+03
3.8 1.206105e+03 1.201270e+03 1.199549e+03 1.204384e+03
4.8 1.182781e+03 1.197596e+03 1.198266e+03 1.183452e+03
5.8 1.190500e+03 1.194901e+03 1.195991e+03 1.191591e+03
6.8 1.203279e+03 1.196056e+03 1.195739e+03 1.202963e+03
7.8 1.201518e+03 1.198454e+03 1.197180e+03 1.200244e+03
8.8 1.190074e+03 1.196394e+03 1.196833e+03 1.190514e+03
9.8 1.178204e+03 1.194601e+03 1.195842e+03 1.179446e+03
10.8 1.196972e+03 1.197410e+03 1.197375e+03 1.196937e+03
11.8 1.213708e+03 1.200429e+03 1.199298e+03 1.212576e+03
12.8 1.201040e+03 1.197998e+03 1.198350e+03 1.201391e+03
13.8 1.201090e+03 1.196112e+03 1.195944e+03 1.200922e+03
14.8 1.191933e+03 1.197982e+03 1.193969e+03 1.187920e+03
15.8 1.198861e+03 1.199591e+03 1.192841e+03 1.192112e+03
16.8 1.189108e+03 1.196587e+03 1.192336e+03 1.184856e+03
17.8 1.213341e+03 1.192841e+03 1.192205e+03 1.212705e+03
18.8 1.208764e+03 1.190622e+03 1.192280e+03 1.210422e+03
19.8 1.205472e+03 1.189703e+03 1.192443e+03 1.208212e+03
20.8 1.195503e+03 1.188509e+03 1.192613e+03 1.199608e+03
21.8 1.183618e+03 1.188892e+03 1.192749e+03 1.187475e+03
1.0 1.190500e+03 1.194901e+03 1.195991e+03 1.191591e+03
2.0 1.203279e+03 1.196056e+03 1.195739e+03 1.202963e+03
3.0 1.201518e+03 1.198454e+03 1.197180e+03 1.200244e+03
4.0 1.190074e+03 1.196394e+03 1.196833e+03 1.190514e+03
5.0 1.178204e+03 1.194601e+03 1.195842e+03 1.179446e+03
6.0 1.196972e+03 1.197410e+03 1.197375e+03 1.196937e+03
7.0 1.213708e+03 1.200429e+03 1.199298e+03 1.212576e+03
8.0 1.201040e+03 1.197998e+03 1.198350e+03 1.201391e+03
9.0 1.201090e+03 1.196112e+03 1.195944e+03 1.200922e+03
10.0 1.191933e+03 1.197982e+03 1.193969e+03 1.187920e+03
11.0 1.198861e+03 1.199591e+03 1.192841e+03 1.192112e+03
12.0 1.189108e+03 1.196587e+03 1.192336e+03 1.184856e+03
13.0 1.213341e+03 1.192841e+03 1.192205e+03 1.212705e+03
14.0 1.208764e+03 1.190622e+03 1.192280e+03 1.210422e+03
15.0 1.205472e+03 1.189703e+03 1.192443e+03 1.208212e+03
16.0 1.195503e+03 1.188509e+03 1.192613e+03 1.199608e+03
17.0 1.183618e+03 1.188892e+03 1.192749e+03 1.187475e+03
18.0 1.216013e+03 1.191895e+03 1.192841e+03 1.216959e+03
19.0 1.190466e+03 1.195489e+03 1.192896e+03 1.187874e+03
20.0 1.198463e+03 1.197172e+03 1.192926e+03 1.194217e+03
21.0 1.210324e+03 1.194944e+03 1.192941e+03 1.208321e+03
22.0 1.197386e+03 1.193274e+03 1.192948e+03 1.197060e+03
0.5 1.190074e+03 1.196394e+03 1.196833e+03 1.190514e+03
1.5 1.178204e+03 1.194601e+03 1.195842e+03 1.179446e+03
2.5 1.196972e+03 1.197410e+03 1.197375e+03 1.196937e+03
3.5 1.213708e+03 1.200429e+03 1.199298e+03 1.212576e+03
4.5 1.201040e+03 1.197998e+03 1.198350e+03 1.201391e+03
5.5 1.201090e+03 1.196112e+03 1.195944e+03 1.200922e+03
6.5 1.191933e+03 1.197982e+03 1.193969e+03 1.187920e+03
7.5 1.198861e+03 1.199591e+03 1.192841e+03 1.192112e+03
8.5 1.189108e+03 1.196587e+03 1.192336e+03 1.184856e+03
9.5 1.213341e+03 1.192841e+03 1.192205e+03 1.212705e+03
10.5 1.208764e+03 1.190622e+03 1.192280e+03 1.210422e+03
11.5 1.205472e+03 1.189703e+03 1.192443e+03 1.208212e+03
12.5 1.195503e+03 1.188509e+03 1.192613e+03 1.199608e+03
13.5 1.183618e+03 1.188892e+03 1.192749e+03 1.187475e+03
14.5 1.216013e+03 1.191895e+03 1.192841e+03 1.216959e+03
15.5 1.190466e+03 1.195489e+03 1.192896e+03 1.187874e+03
16.5 1.198463e+03 1.197172e+03 1.192926e+03 1.194217e+03
17.5 1.210324e+03 1.194944e+03 1.192941e+03 1.208321e+03
18.5 1.197386e+03 1.193274e+03 1.192948e+03 1.197060e+03
19.5 1.198325e+03 1.193777e+03 1.192951e+03 1.197499e+03
20.5 1.205984e+03 1.194859e+03 1.192952e+03 1.204076e+03
21.5 1.209793e+03 1.195507e+03 1.192952e+03 1.207238e+03
1.0 1.191850e+03 1.195092e+03 1.193068e+03 1.189826e+03
2.0 1.211533e+03 1.197444e+03 1.194772e+03 1.208862e+03
3.0 1.197812e+03 1.199655e+03 1.197203e+03 1.195360e+03
4.0 1.190216e+03 1.197324e+03 1.197216e+03 1.190108e+03
5.0 1.190941e+03 1.194839e+03 1.195731e+03 1.191833e+03
6.0 1.195645e+03 1.195888e+03 1.195723e+03 1.195480e+03
7.0 1.186495e+03 1.199852e+03 1.198277e+03 1.184920e+03
8.0 1.193992e+03 1.200732e+03 1.199451e+03 1.192712e+03
9.0 1.193271e+03 1.196891e+03 1.197733e+03 1.194114e+03
10.0 1.198458e+03 1.194402e+03 1.195328e+03 1.199383e+03
11.0 1.176489e+03 1.194211e+03 1.193625e+03 1.175903e+03
12.0 1.199194e+03 1.194736e+03 1.192711e+03 1.197169e+03
13.0 1.195597e+03 1.195216e+03 1.192325e+03 1.192706e+03
14.0 1.195876e+03 1.195565e+03 1.192254e+03 1.192566e+03
15.0 1.187501e+03 1.195215e+03 1.192352e+03 1.184639e+03
16.0 1.186720e+03 1.190856e+03 1.192514e+03 1.188378e+03
17.0 1.182671e+03 1.184608e+03 1.192669e+03 1.190733e+03
18.0 1.154621e+03 1.181900e+03 1.192788e+03 1.165509e+03
19.0 1.181188e+03 1.184702e+03 1.192865e+03 1.189351e+03
20.0 1.196309e+03 1.190843e+03 1.192909e+03 1.198374e+03
21.0 1.208805e+03 1.193013e+03 1.192933e+03 1.208725e+03
22.0 1.193000e+03 1.193234e+03 1.192944e+03 1.192710e+03
0.9 1.190941e+03 1.194839e+03 1.195731e+03 1.191833e+03
1.9 1.195645e+03 1.195888e+03 1.195723e+03 1.195480e+03
2.9 1.186495e+03 1.199852e+03 1.198277e+03 1.184920e+03
3.9 1.193992e+03 1.200732e+03 1.199451e+03 1.192712e+03
4.9 1.193271e+03 1.196891e+03 1.197733e+03 1.194114e+03
5.9 1.198458e+03 1.194402e+03 1.195328e+03 1.199383e+03
6.9 1.176489e+03 1.194211e+03 1.193625e+03 1.175903e+03
7.9 1.199194e+03 1.194736e+03 1.192711e+03 1.197169e+03
8.9 1.195597e+03 1.195216e+03 1.192325e+03 1.192706e+03
9.9 1.195876e+03 1.195565e+03 1.192254e+03 1.192566e+03
10.9 1.187501e+03 1.195215e+03 1.192352e+03 1.184639e+03
11.9 1.186720e+03 1.190856e+03 1.192514e+03 1.188378e+03
12.9 1.182671e+03 1.184608e+03 1.192669e+03 1.190733e+03
13.9 1.154621e+03 1.181900e+03 1.192788e+03 1.165509e+03
14.9 1.181188e+03 1.184702e+03 1.192865e+03 1.189351e+03
15.9 1.196309e+03 1.190843e+03 1.192909e+03 1.198374e+03
16.9 1.208805e+03 1.193013e+03 1.192933e+03 1.208725e+03
17.9 1.193000e+03 1.193234e+03 1.192944e+03 1.192710e+03
18.9 1.191876e+03 1.195090e+03 1.192949e+03 1.189735e+03
19.9 1.186861e+03 1.197463e+03 1.192951e+03 1.182350e+03
20.9 1.180751e+03 1.197514e+03 1.192952e+03 1.176189e+03
21.9 1.172213e+03 1.194876e+03 1.192952e+03 1.170290e+03
0.6 1.174590e+03 1.189291e+03 1.192962e+03 1.178261e+03
1.6 1.187077e+03 1.192059e+03 1.193799e+03 1.188817e+03
2.6 1.198439e+03 1.196965e+03 1.196427e+03 1.197901e+03
3.6 1.221040e+03 1.197657e+03 1.197513e+03 1.220896e+03
4.6 1.180567e+03 1.195225e+03 1.196343e+03 1.181686e+03
5.6 1.202044e+03 1.194424e+03 1.194717e+03 1.202337e+03
6.6 1.186662e+03 1.194930e+03 1.193561e+03 1.185294e+03
7.6 1.176618e+03 1.195516e+03 1.192916e+03 1.174018e+03
8.6 1.189479e+03 1.195858e+03 1.192618e+03 1.186239e+03
9.6 1.193920e+03 1.195177e+03 1.192538e+03 1.191282e+03
10.6 1.178134e+03 1.190681e+03 1.192584e+03 1.180037e+03
11.6 1.171289e+03 1.185992e+03 1.192679e+03 1.177977e+03
12.6 1.166873e+03 1.184847e+03 1.192776e+03 1.174802e+03
13.6 1.167938e+03 1.187791e+03 1.192850e+03 1.172997e+03
14.6 1.179805e+03 1.191689e+03 1.192898e+03 1.181014e+03
15.6 1.181543e+03 1.193845e+03 1.192926e+03 1.180624e+03
16.6 1.194341e+03 1.193677e+03 1.192940e+03 1.193604e+03
17.6 1.183889e+03 1.192250e+03 1.192947e+03 1.184586e+03
18.6 1.167880e+03 1.190504e+03 1.192950e+03 1.170326e+03
19.6 1.194550e+03 1.191243e+03 1.192952e+03 1.196258e+03
20.6 1.189778e+03 1.193343e+03 1.192952e+03 1.189387e+03
21.6 1.209009e+03 1.195095e+03 1.192953e+03 1.206866e+03
0.3 1.194116e+03 1.196557e+03 1.192953e+03 1.190512e+03
1.3 1.187907e+03 1.196991e+03 1.193272e+03 1.184188e+03
2.3 1.201163e+03 1.199337e+03 1.195693e+03 1.197518e+03
3.3 1.198430e+03 1.203106e+03 1.199618e+03 1.194942e+03
4.3 1.212589e+03 1.203885e+03 1.201359e+03 1.210063e+03
5.3 1.215293e+03 1.199201e+03 1.199485e+03 1.215577e+03
6.3 1.188981e+03 1.195784e+03 1.196503e+03 1.189700e+03
7.3 1.194281e+03 1.195736e+03 1.194234e+03 1.192779e+03
8.3 1.194440e+03 1.196000e+03 1.192929e+03 1.191369e+03
9.3 1.190414e+03 1.193579e+03 1.192322e+03 1.189158e+03
10.3 1.186013e+03 1.192543e+03 1.192154e+03 1.185625e+03
11.3 1.196814e+03 1.193393e+03 1.192233e+03 1.195654e+03
12.3 1.199114e+03 1.192099e+03 1.192413e+03 1.199428e+03
13.3 1.193877e+03 1.191131e+03 1.192599e+03 1.195345e+03
14.3 1.185631e+03 1.191034e+03 1.192744e+03 1.187341e+03
15.3 1.172960e+03 1.190230e+03 1.192840e+03 1.175571e+03
16.3 1.174534e+03 1.189763e+03 1.192897e+03 1.177668e+03
17.3 1.171469e+03 1.191438e+03 1.192927e+03 1.172958e+03
18.3 1.186116e+03 1.191755e+03 1.192941e+03 1.187303e+03
19.3 1.167702e+03 1.187210e+03 1.192948e+03 1.173440e+03
20.3 1.180720e+03 1.183097e+03 1.192951e+03 1.190574e+03
21.3 1.169297e+03 1.182841e+03 1.192961e+03 1.179417e+03
0.6 1.169297e+03 1.182841e+03 1.192961e+03 1.179417e+03
1.6 1.178825e+03 1.187401e+03 1.193799e+03 1.185223e+03
2.6 1.199194e+03 1.194622e+03 1.196427e+03 1.200999e+03
3.6 1.185909e+03 1.197204e+03 1.197513e+03 1.186218e+03
4.6 1.201005e+03 1.196102e+03 1.196554e+03 1.201457e+03
5.6 1.195707e+03 1.197682e+03 1.196940e+03 1.194965e+03
6.6 1.189844e+03 1.199460e+03 1.197981e+03 1.188364e+03
7.6 1.189180e+03 1.196944e+03 1.197005e+03 1.189240e+03
8.6 1.201331e+03 1.194759e+03 1.195092e+03 1.201664e+03
9.6 1.198111e+03 1.194566e+03 1.193604e+03 1.197149e+03
10.6 1.194192e+03 1.195091e+03 1.192790e+03 1.191891e+03
11.6 1.208493e+03 1.195552e+03 1.192447e+03 1.205388e+03
12.6 1.200094e+03 1.195841e+03 1.192377e+03 1.196630e+03
13.6 1.197594e+03 1.196010e+03 1.192450e+03 1.194035e+03
14.6 1.196355e+03 1.196126e+03 1.192579e+03 1.192808e+03
15.6 1.190505e+03 1.197070e+03 1.192707e+03 1.186141e+03
16.6 1.200159e+03 1.199465e+03 1.192807e+03 1.193500e+03
17.6 1.185284e+03 1.201220e+03 1.192873e+03 1.176937e+03
18.6 1.200917e+03 1.198398e+03 1.192913e+03 1.195432e+03
19.6 1.187245e+03 1.193906e+03 1.192934e+03 1.186273e+03
20.6 1.189818e+03 1.191007e+03 1.192944e+03 1.191756e+03
21.6 1.199087e+03 1.189754e+03 1.192949e+03 1.202282e+03
0.2 1.185909e+03 1.197204e+03 1.197513e+03 1.186218e+03
1.2 1.201005e+03 1.196102e+03 1.196554e+03 1.201457e+03
2.2 1.195707e+03 1.197682e+03 1.196940e+03 1.194965e+03
3.2 1.189844e+03 1.199460e+03 1.197981e+03 1.188364e+03
4.2 1.189180e+03 1.196944e+03 1.197005e+03 1.189240e+03
5.2 1.201331e+03 1.194759e+03 1.195092e+03 1.201664e+03
6.2 1.198111e+03 1.194566e+03 1.193604e+03 1.197149e+03
7.2 1.194192e+03 1.195091e+03 1.192790e+03 1.191891e+03
8.2 1.208493e+03 1.195552e+03 1.192447e+03 1.205388e+03
9.2 1.200094e+03 1.195841e+03 1.192377e+03 1.196630e+03
10.2 1.197594e+03 1.196010e+03 1.192450e+03 1.194035e+03
11.2 1.196355e+03 1.196126e+03 1.192579e+03 1.192808e+03
12.2 1.190505e+03 1.197070e+03 1.192707e+03 1.186141e+03
13.2 1.200159e+03 1.199465e+03 1.192807e+03 1.193500e+03
14.2 1.185284e+03 1.201220e+03 1.192873e+03 1.176937e+03
15.2 1.200917e+03 1.198398e+03 1.192913e+03 1.195432e+03
16.2 1.187245e+03 1.193906e+03 1.192934e+03 1.186273e+03
17.2 1.189818e+03 1.191007e+03 1.192944e+03 1.191756e+03
18.2 1.199087e+03 1.189754e+03 1.192949e+03 1.202282e+03
19.2 1.179506e+03 1.188509e+03 1.192951e+03 1.183948e+03
20.2 1.173489e+03 1.188536e+03 1.192952e+03 1.177905e+03
21.2 1.200421e+03 1.190889e+03 1.192952e+03 1.202484e+03
0.7 1.214286e+03 1.199269e+03 1.192971e+03 1.207988e+03
1.7 1.207466e+03 1.196269e+03 1.193984e+03 1.205181e+03
2.7 1.206228e+03 1.198161e+03 1.197363e+03 1.205430e+03
3.7 1.197274e+03 1.201884e+03 1.200810e+03 1.196200e+03
4.7 1.193866e+03 1.200608e+03 1.200773e+03 1.194031e+03
5.7 1.192095e+03 1.196168e+03 1.198080e+03 1.194007e+03
6.7 1.202619e+03 1.194116e+03 1.195336e+03 1.203839e+03
7.7 1.209042e+03 1.194139e+03 1.193539e+03 1.208442e+03
8.7 1.186477e+03 1.194673e+03 1.192593e+03 1.184398e+03
9.7 1.203287e+03 1.194847e+03 1.192214e+03 1.200654e+03
10.7 1.180639e+03 1.193734e+03 1.192177e+03 1.179082e+03
11.7 1.197970e+03 1.192095e+03 1.192315e+03 1.198190e+03
12.7 1.196267e+03 1.189884e+03 1.192504e+03 1.198887e+03
13.7 1.197365e+03 1.189612e+03 1.192673e+03 1.200426e+03
14.7 1.194644e+03 1.191656e+03 1.192795e+03 1.195783e+03
15.7 1.236137e+03 1.193928e+03 1.192871e+03 1.235079e+03
16.7 1.191326e+03 1.195048e+03 1.192913e+03 1.189192e+03
17.7 1.192908e+03 1.194256e+03 1.192935e+03 1.191586e+03
18.7 1.207572e+03 1.192659e+03 1.192945e+03 1.207858e+03
19.7 1.206022e+03 1.190556e+03 1.192949e+03 1.208416e+03
20.7 1.207487e+03 1.189496e+03 1.192951e+03 1.210942e+03
21.7 1.198713e+03 1.186059e+03 1.192952e+03 1.205606e+03
