0.4 1.052275e+04 1.051948e+04 1.054357e+04 1.054684e+04
1.4 1.052008e+04 1.051414e+04 1.054656e+04 1.055250e+04
2.4 1.059763e+04 1.053062e+04 1.055756e+04 1.062457e+04
3.4 1.057161e+04 1.054474e+04 1.056143e+04 1.058829e+04
4.4 1.056859e+04 1.055090e+04 1.055645e+04 1.057413e+04
5.4 1.054375e+04 1.055827e+04 1.055010e+04 1.053557e+04
6.4 1.054139e+04 1.055966e+04 1.054573e+04 1.052746e+04
7.4 1.055971e+04 1.054792e+04 1.054333e+04 1.055512e+04
8.4 1.056391e+04 1.054086e+04 1.054223e+04 1.056528e+04
9.4 1.055690e+04 1.054537e+04 1.054196e+04 1.055349e+04
10.4 1.052614e+04 1.054392e+04 1.054216e+04 1.052438e+04
11.4 1.052321e+04 1.053634e+04 1.054253e+04 1.052940e+04
12.4 1.056003e+04 1.053459e+04 1.054290e+04 1.056834e+04
13.4 1.064528e+04 1.054209e+04 1.054319e+04 1.064638e+04
14.4 1.059728e+04 1.055934e+04 1.054337e+04 1.058131e+04
15.4 1.056906e+04 1.056673e+04 1.054347e+04 1.054581e+04
16.4 1.054150e+04 1.055469e+04 1.054352e+04 1.053033e+04
17.4 1.051132e+04 1.054380e+04 1.054355e+04 1.051108e+04
18.4 1.053953e+04 1.054669e+04 1.054356e+04 1.053640e+04
19.4 1.057713e+04 1.055567e+04 1.054357e+04 1.056502e+04
20.4 1.054167e+04 1.054951e+04 1.054357e+04 1.053573e+04
0.7 1.052038e+04 1.057975e+04 1.054371e+04 1.048434e+04
1.7 1.053996e+04 1.058899e+04 1.055004e+04 1.050102e+04
2.7 1.054626e+04 1.058664e+04 1.056023e+04 1.051985e+04
3.7 1.055211e+04 1.057243e+04 1.056032e+04 1.053999e+04
4.7 1.054671e+04 1.055653e+04 1.055414e+04 1.054432e+04
5.7 1.053558e+04 1.054598e+04 1.054834e+04 1.053794e+04
6.7 1.051119e+04 1.054753e+04 1.054472e+04 1.050838e+04
7.7 1.054527e+04 1.055836e+04 1.054536e+04 1.053228e+04
8.7 1.060265e+04 1.056919e+04 1.055548e+04 1.058895e+04
9.7 1.061191e+04 1.056819e+04 1.055994e+04 1.060367e+04
10.7 1.063640e+04 1.056466e+04 1.055553e+04 1.062728e+04
11.7 1.067286e+04 1.057034e+04 1.054951e+04 1.065203e+04
12.7 1.061790e+04 1.056820e+04 1.054536e+04 1.059506e+04
13.7 1.057350e+04 1.055144e+04 1.054311e+04 1.056517e+04
14.7 1.050384e+04 1.053925e+04 1.054211e+04 1.050670e+04
15.7 1.048498e+04 1.053572e+04 1.054188e+04 1.049115e+04
16.7 1.049751e+04 1.053610e+04 1.054210e+04 1.050351e+04
17.7 1.055358e+04 1.053746e+04 1.054250e+04 1.055862e+04
18.7 1.058455e+04 1.053894e+04 1.054288e+04 1.058849e+04
19.7 1.061513e+04 1.053966e+04 1.054317e+04 1.061864e+04
20.7 1.059235e+04 1.053613e+04 1.054336e+04 1.059957e+04
0.3 1.051119e+04 1.054753e+04 1.054472e+04 1.050838e+04
1.3 1.054527e+04 1.055836e+04 1.054536e+04 1.053228e+04
2.3 1.060265e+04 1.056919e+04 1.055548e+04 1.058895e+04
3.3 1.061191e+04 1.056819e+04 1.055994e+04 1.060367e+04
4.3 1.063640e+04 1.056466e+04 1.055553e+04 1.062728e+04
5.3 1.067286e+04 1.057034e+04 1.054951e+04 1.065203e+04
6.3 1.061790e+04 1.056820e+04 1.054536e+04 1.059506e+04
7.3 1.057350e+04 1.055144e+04 1.054311e+04 1.056517e+04
8.3 1.050384e+04 1.053925e+04 1.054211e+04 1.050670e+04
9.3 1.048498e+04 1.053572e+04 1.054188e+04 1.049115e+04
10.3 1.049751e+04 1.053610e+04 1.054210e+04 1.050351e+04
11.3 1.055358e+04 1.053746e+04 1.054250e+04 1.055862e+04
12.3 1.058455e+04 1.053894e+04 1.054288e+04 1.058849e+04
13.3 1.061513e+04 1.053966e+04 1.054317e+04 1.061864e+04
14.3 1.059235e+04 1.053613e+04 1.054336e+04 1.059957e+04
15.3 1.053115e+04 1.053009e+04 1.054347e+04 1.054452e+04
16.3 1.050556e+04 1.052380e+04 1.054352e+04 1.052528e+04
17.3 1.049002e+04 1.052565e+04 1.054355e+04 1.050793e+04
18.3 1.057024e+04 1.053732e+04 1.054356e+04 1.057649e+04
19.3 1.057883e+04 1.053902e+04 1.054357e+04 1.058338e+04
20.3 1.051880e+04 1.053821e+04 1.054357e+04 1.052415e+04
0.5 1.052497e+04 1.057643e+04 1.054360e+04 1.049215e+04
1.5 1.052784e+04 1.058945e+04 1.054817e+04 1.048656e+04
2.5 1.053299e+04 1.059077e+04 1.055906e+04 1.050128e+04
3.5 1.053910e+04 1.058378e+04 1.056099e+04 1.051631e+04
4.5 1.055835e+04 1.057702e+04 1.055529e+04 1.053662e+04
5.5 1.060843e+04 1.056692e+04 1.054919e+04 1.059069e+04
6.5 1.059303e+04 1.054720e+04 1.054520e+04 1.059104e+04
7.5 1.054080e+04 1.052810e+04 1.054307e+04 1.055578e+04
8.5 1.051275e+04 1.052164e+04 1.054563e+04 1.053674e+04
9.5 1.053206e+04 1.053520e+04 1.055649e+04 1.055336e+04
10.5 1.051508e+04 1.054602e+04 1.055996e+04 1.052902e+04
11.5 1.050924e+04 1.054753e+04 1.055509e+04 1.051680e+04
12.5 1.050614e+04 1.054575e+04 1.054917e+04 1.050957e+04
13.5 1.055340e+04 1.054408e+04 1.054520e+04 1.055452e+04
14.5 1.064176e+04 1.054309e+04 1.054306e+04 1.064172e+04
15.5 1.059853e+04 1.054590e+04 1.054211e+04 1.059475e+04
16.5 1.052901e+04 1.055428e+04 1.054198e+04 1.051670e+04
17.5 1.049698e+04 1.056359e+04 1.054736e+04 1.048074e+04
18.5 1.051716e+04 1.057056e+04 1.055847e+04 1.050508e+04
19.5 1.053842e+04 1.056245e+04 1.056014e+04 1.053611e+04
20.5 1.058229e+04 1.054318e+04 1.055453e+04 1.059364e+04
0.4 1.054080e+04 1.052810e+04 1.054307e+04 1.055578e+04
1.4 1.051275e+04 1.052164e+04 1.054563e+04 1.053674e+04
2.4 1.053206e+04 1.053520e+04 1.055649e+04 1.055336e+04
3.4 1.051508e+04 1.054602e+04 1.055996e+04 1.052902e+04
4.4 1.050924e+04 1.054753e+04 1.055509e+04 1.051680e+04
5.4 1.050614e+04 1.054575e+04 1.054917e+04 1.050957e+04
6.4 1.055340e+04 1.054408e+04 1.054520e+04 1.055452e+04
7.4 1.064176e+04 1.054309e+04 1.054306e+04 1.064172e+04
8.4 1.059853e+04 1.054590e+04 1.054211e+04 1.059475e+04
9.4 1.052901e+04 1.055428e+04 1.054198e+04 1.051670e+04
10.4 1.049698e+04 1.056359e+04 1.054736e+04 1.048074e+04
11.4 1.051716e+04 1.057056e+04 1.055847e+04 1.050508e+04
12.4 1.053842e+04 1.056245e+04 1.056014e+04 1.053611e+04
13.4 1.058229e+04 1.054318e+04 1.055453e+04 1.059364e+04
14.4 1.051690e+04 1.052600e+04 1.054870e+04 1.053960e+04
15.4 1.047799e+04 1.052029e+04 1.054494e+04 1.050264e+04
16.4 1.046135e+04 1.052865e+04 1.054294e+04 1.047564e+04
17.4 1.049861e+04 1.054685e+04 1.054209e+04 1.049385e+04
18.4 1.054814e+04 1.055140e+04 1.054197e+04 1.053870e+04
19.4 1.062043e+04 1.054385e+04 1.054223e+04 1.061881e+04
20.4 1.056237e+04 1.053989e+04 1.054262e+04 1.056510e+04
0.6 1.052901e+04 1.055428e+04 1.054198e+04 1.051670e+04
1.6 1.049698e+04 1.056359e+04 1.054736e+04 1.048074e+04
2.6 1.051716e+04 1.057056e+04 1.055847e+04 1.050508e+04
3.6 1.053842e+04 1.056245e+04 1.056014e+04 1.053611e+04
4.6 1.058229e+04 1.054318e+04 1.055453e+04 1.059364e+04
5.6 1.051690e+04 1.052600e+04 1.054870e+04 1.053960e+04
6.6 1.047799e+04 1.052029e+04 1.054494e+04 1.050264e+04
7.6 1.046135e+04 1.052865e+04 1.054294e+04 1.047564e+04
8.6 1.049861e+04 1.054685e+04 1.054209e+04 1.049385e+04
9.6 1.054814e+04 1.055140e+04 1.054197e+04 1.053870e+04
10.6 1.062043e+04 1.054385e+04 1.054223e+04 1.061881e+04
11.6 1.056237e+04 1.053989e+04 1.054262e+04 1.056510e+04
12.6 1.058452e+04 1.053999e+04 1.054298e+04 1.058751e+04
13.6 1.051933e+04 1.054086e+04 1.054324e+04 1.052170e+04
14.6 1.050500e+04 1.054145e+04 1.054340e+04 1.050695e+04
15.6 1.045358e+04 1.054099e+04 1.054349e+04 1.045608e+04
16.6 1.046162e+04 1.053668e+04 1.054353e+04 1.046847e+04
17.6 1.049472e+04 1.052968e+04 1.054355e+04 1.050859e+04
18.6 1.049768e+04 1.052409e+04 1.054356e+04 1.051715e+04
19.6 1.047697e+04 1.052678e+04 1.054357e+04 1.049376e+04
20.6 1.048981e+04 1.053314e+04 1.054357e+04 1.050023e+04
0.3 1.053293e+04 1.057129e+04 1.054357e+04 1.050521e+04
1.3 1.055701e+04 1.058364e+04 1.054589e+04 1.051926e+04
2.3 1.057110e+04 1.058738e+04 1.055669e+04 1.054041e+04
3.3 1.063007e+04 1.058662e+04 1.056155e+04 1.060500e+04
4.3 1.065311e+04 1.058224e+04 1.055701e+04 1.062788e+04
5.3 1.059927e+04 1.056238e+04 1.055058e+04 1.058747e+04
6.3 1.051530e+04 1.054116e+04 1.054602e+04 1.052016e+04
7.3 1.049308e+04 1.052517e+04 1.054383e+04 1.051174e+04
8.3 1.050863e+04 1.052767e+04 1.055045e+04 1.053142e+04
9.3 1.050644e+04 1.054141e+04 1.055933e+04 1.052435e+04
10.3 1.047099e+04 1.054705e+04 1.055817e+04 1.048211e+04
11.3 1.050242e+04 1.054425e+04 1.055213e+04 1.051031e+04
12.3 1.052921e+04 1.053617e+04 1.054700e+04 1.054003e+04
13.3 1.049744e+04 1.052826e+04 1.054396e+04 1.051313e+04
14.3 1.049142e+04 1.052208e+04 1.054245e+04 1.051179e+04
15.3 1.046914e+04 1.052765e+04 1.054192e+04 1.048341e+04
16.3 1.051251e+04 1.054649e+04 1.054246e+04 1.050849e+04
17.3 1.056313e+04 1.056589e+04 1.055116e+04 1.054840e+04
18.3 1.055526e+04 1.057446e+04 1.056029e+04 1.054109e+04
19.3 1.054977e+04 1.057634e+04 1.055880e+04 1.053222e+04
20.3 1.053383e+04 1.057888e+04 1.055630e+04 1.051125e+04
0.9 1.049308e+04 1.052517e+04 1.054383e+04 1.051174e+04
1.9 1.050863e+04 1.052767e+04 1.055045e+04 1.053142e+04
2.9 1.050644e+04 1.054141e+04 1.055933e+04 1.052435e+04
3.9 1.047099e+04 1.054705e+04 1.055817e+04 1.048211e+04
4.9 1.050242e+04 1.054425e+04 1.055213e+04 1.051031e+04
5.9 1.052921e+04 1.053617e+04 1.054700e+04 1.054003e+04
6.9 1.049744e+04 1.052826e+04 1.054396e+04 1.051313e+04
7.9 1.049142e+04 1.052208e+04 1.054245e+04 1.051179e+04
8.9 1.046914e+04 1.052765e+04 1.054192e+04 1.048341e+04
9.9 1.051251e+04 1.054649e+04 1.054246e+04 1.050849e+04
10.9 1.056313e+04 1.056589e+04 1.055116e+04 1.054840e+04
11.9 1.055526e+04 1.057446e+04 1.056029e+04 1.054109e+04
12.9 1.054977e+04 1.057634e+04 1.055880e+04 1.053222e+04
13.9 1.053383e+04 1.057888e+04 1.055630e+04 1.051125e+04
14.9 1.055140e+04 1.058028e+04 1.056208e+04 1.053320e+04
15.9 1.060620e+04 1.057130e+04 1.056183e+04 1.059673e+04
16.9 1.058278e+04 1.055740e+04 1.055488e+04 1.058025e+04
17.9 1.055167e+04 1.054665e+04 1.054806e+04 1.055307e+04
18.9 1.055745e+04 1.054075e+04 1.054391e+04 1.056061e+04
19.9 1.060151e+04 1.053834e+04 1.054197e+04 1.060515e+04
20.9 1.063050e+04 1.053795e+04 1.054135e+04 1.063390e+04
0.9 1.051251e+04 1.054649e+04 1.054246e+04 1.050849e+04
1.9 1.056313e+04 1.056589e+04 1.055116e+04 1.054840e+04
2.9 1.055526e+04 1.057446e+04 1.056029e+04 1.054109e+04
3.9 1.054977e+04 1.057634e+04 1.055880e+04 1.053222e+04
4.9 1.053383e+04 1.057888e+04 1.055630e+04 1.051125e+04
5.9 1.055140e+04 1.058028e+04 1.056208e+04 1.053320e+04
6.9 1.060620e+04 1.057130e+04 1.056183e+04 1.059673e+04
7.9 1.058278e+04 1.055740e+04 1.055488e+04 1.058025e+04
8.9 1.055167e+04 1.054665e+04 1.054806e+04 1.055307e+04
9.9 1.055745e+04 1.054075e+04 1.054391e+04 1.056061e+04
10.9 1.060151e+04 1.053834e+04 1.054197e+04 1.060515e+04
11.9 1.063050e+04 1.053795e+04 1.054135e+04 1.063390e+04
12.9 1.056272e+04 1.053871e+04 1.054146e+04 1.056547e+04
13.9 1.050502e+04 1.054325e+04 1.054191e+04 1.050368e+04
14.9 1.047336e+04 1.055346e+04 1.054243e+04 1.046232e+04
15.9 1.048789e+04 1.056128e+04 1.054287e+04 1.046948e+04
16.9 1.052597e+04 1.055352e+04 1.054318e+04 1.051562e+04
17.9 1.059623e+04 1.053711e+04 1.054337e+04 1.060249e+04
18.9 1.058745e+04 1.052109e+04 1.054347e+04 1.060984e+04
19.9 1.052070e+04 1.051108e+04 1.054353e+04 1.055314e+04
20.9 1.049489e+04 1.050813e+04 1.054355e+04 1.053032e+04
0.5 1.054977e+04 1.057634e+04 1.055880e+04 1.053222e+04
1.5 1.053383e+04 1.057888e+04 1.055630e+04 1.051125e+04
2.5 1.055140e+04 1.058028e+04 1.056208e+04 1.053320e+04
3.5 1.060620e+04 1.057130e+04 1.056183e+04 1.059673e+04
4.5 1.058278e+04 1.055740e+04 1.055488e+04 1.058025e+04
5.5 1.055167e+04 1.054665e+04 1.054806e+04 1.055307e+04
6.5 1.055745e+04 1.054075e+04 1.054391e+04 1.056061e+04
7.5 1.060151e+04 1.053834e+04 1.054197e+04 1.060515e+04
8.5 1.063050e+04 1.053795e+04 1.054135e+04 1.063390e+04
9.5 1.056272e+04 1.053871e+04 1.054146e+04 1.056547e+04
10.5 1.050502e+04 1.054325e+04 1.054191e+04 1.050368e+04
11.5 1.047336e+04 1.055346e+04 1.054243e+04 1.046232e+04
12.5 1.048789e+04 1.056128e+04 1.054287e+04 1.046948e+04
13.5 1.052597e+04 1.055352e+04 1.054318e+04 1.051562e+04
14.5 1.059623e+04 1.053711e+04 1.054337e+04 1.060249e+04
15.5 1.058745e+04 1.052109e+04 1.054347e+04 1.060984e+04
16.5 1.052070e+04 1.051108e+04 1.054353e+04 1.055314e+04
17.5 1.049489e+04 1.050813e+04 1.054355e+04 1.053032e+04
18.5 1.052058e+04 1.051300e+04 1.054356e+04 1.055114e+04
19.5 1.050134e+04 1.052412e+04 1.054357e+04 1.052079e+04
20.5 1.049836e+04 1.053457e+04 1.054357e+04 1.050735e+04
1.0 1.053062e+04 1.055538e+04 1.054415e+04 1.051938e+04
2.0 1.063681e+04 1.056795e+04 1.055277e+04 1.062163e+04
3.0 1.060077e+04 1.057246e+04 1.056123e+04 1.058954e+04
4.0 1.055543e+04 1.056509e+04 1.055914e+04 1.054949e+04
5.0 1.057612e+04 1.055735e+04 1.055265e+04 1.057142e+04
6.0 1.055974e+04 1.055829e+04 1.054733e+04 1.054878e+04
7.0 1.058363e+04 1.056228e+04 1.054416e+04 1.056552e+04
8.0 1.065258e+04 1.055476e+04 1.054258e+04 1.064040e+04
9.0 1.066742e+04 1.054539e+04 1.054200e+04 1.066403e+04
10.0 1.058192e+04 1.055418e+04 1.054204e+04 1.056977e+04
11.0 1.051601e+04 1.056925e+04 1.054236e+04 1.048912e+04
12.0 1.050765e+04 1.056572e+04 1.054275e+04 1.048468e+04
13.0 1.049548e+04 1.054956e+04 1.054308e+04 1.048900e+04
14.0 1.049073e+04 1.053994e+04 1.054330e+04 1.049409e+04
15.0 1.048665e+04 1.053749e+04 1.054343e+04 1.049260e+04
16.0 1.051658e+04 1.053772e+04 1.054351e+04 1.052237e+04
17.0 1.052318e+04 1.053675e+04 1.054354e+04 1.052997e+04
18.0 1.050399e+04 1.052866e+04 1.054356e+04 1.051889e+04
19.0 1.049538e+04 1.051921e+04 1.054357e+04 1.051973e+04
20.0 1.050709e+04 1.051409e+04 1.054357e+04 1.053657e+04
21.0 1.054496e+04 1.051769e+04 1.054357e+04 1.057085e+04
0.3 1.053278e+04 1.053173e+04 1.054357e+04 1.054463e+04
1.3 1.049754e+04 1.052692e+04 1.054610e+04 1.051672e+04
2.3 1.051534e+04 1.054009e+04 1.055699e+04 1.053224e+04
3.3 1.052884e+04 1.055037e+04 1.056152e+04 1.053999e+04
4.3 1.059640e+04 1.054593e+04 1.055683e+04 1.060729e+04
5.3 1.056229e+04 1.053620e+04 1.055041e+04 1.057650e+04
6.3 1.055742e+04 1.052687e+04 1.054592e+04 1.057648e+04
7.3 1.052824e+04 1.052496e+04 1.054343e+04 1.054671e+04
8.3 1.052207e+04 1.053245e+04 1.054227e+04 1.053189e+04
9.3 1.051908e+04 1.054688e+04 1.054196e+04 1.051416e+04
10.3 1.053094e+04 1.055996e+04 1.054214e+04 1.051312e+04
11.3 1.056865e+04 1.055783e+04 1.054251e+04 1.055332e+04
12.3 1.060182e+04 1.054584e+04 1.054288e+04 1.059887e+04
13.3 1.060879e+04 1.054609e+04 1.054317e+04 1.060587e+04
14.3 1.063499e+04 1.056316e+04 1.054336e+04 1.061519e+04
15.3 1.067047e+04 1.057077e+04 1.054347e+04 1.064316e+04
16.3 1.062588e+04 1.055721e+04 1.054352e+04 1.061219e+04
17.3 1.055181e+04 1.054250e+04 1.054355e+04 1.055286e+04
18.3 1.051719e+04 1.053214e+04 1.054356e+04 1.052861e+04
19.3 1.049529e+04 1.052347e+04 1.054357e+04 1.051539e+04
20.3 1.049314e+04 1.052021e+04 1.054357e+04 1.051650e+04
