0.3 8.543124e+03 8.530369e+03 8.620911e+03 8.633667e+03
1.3 8.633296e+03 8.572764e+03 8.620533e+03 8.681065e+03
2.3 8.481819e+03 8.607691e+03 8.617468e+03 8.491596e+03
3.3 8.562552e+03 8.614515e+03 8.612341e+03 8.560378e+03
4.3 8.576090e+03 8.611747e+03 8.609926e+03 8.574269e+03
5.3 8.503764e+03 8.611269e+03 8.612275e+03 8.504769e+03
6.3 8.426033e+03 8.611849e+03 8.616172e+03 8.430356e+03
7.3 8.576657e+03 8.609803e+03 8.619172e+03 8.586026e+03
8.3 8.694570e+03 8.603459e+03 8.620907e+03 8.712019e+03
9.3 8.525674e+03 8.607222e+03 8.621721e+03 8.540172e+03
10.3 8.527056e+03 8.632622e+03 8.621953e+03 8.516386e+03
11.3 8.427145e+03 8.641254e+03 8.621856e+03 8.407747e+03
12.3 8.677006e+03 8.629036e+03 8.621623e+03 8.669593e+03
13.3 8.754712e+03 8.632795e+03 8.621380e+03 8.743297e+03
14.3 8.756682e+03 8.645902e+03 8.621188e+03 8.731968e+03
15.3 8.628170e+03 8.640573e+03 8.621061e+03 8.608658e+03
16.3 8.626407e+03 8.629845e+03 8.620986e+03 8.617549e+03
17.3 8.545491e+03 8.628644e+03 8.620946e+03 8.537793e+03
18.3 8.578747e+03 8.637572e+03 8.620927e+03 8.562102e+03
19.3 8.668176e+03 8.654698e+03 8.620918e+03 8.634396e+03
20.3 8.650518e+03 8.651943e+03 8.620914e+03 8.619489e+03
21.3 8.643176e+03 8.639378e+03 8.620912e+03 8.624710e+03
1.0 8.628727e+03 8.624234e+03 8.620797e+03 8.625290e+03
2.0 8.657106e+03 8.634000e+03 8.618688e+03 8.641795e+03
3.0 8.649749e+03 8.622511e+03 8.613783e+03 8.641021e+03
4.0 8.583559e+03 8.610361e+03 8.610154e+03 8.583351e+03
5.0 8.561627e+03 8.625620e+03 8.611429e+03 8.547436e+03
6.0 8.530792e+03 8.638288e+03 8.615224e+03 8.507728e+03
7.0 8.558829e+03 8.611504e+03 8.618528e+03 8.565853e+03
8.0 8.533590e+03 8.559280e+03 8.620554e+03 8.594864e+03
9.0 8.605419e+03 8.532547e+03 8.621565e+03 8.694438e+03
10.0 8.422949e+03 8.566626e+03 8.621921e+03 8.478244e+03
11.0 8.669110e+03 8.605251e+03 8.621892e+03 8.685751e+03
12.0 8.655919e+03 8.619067e+03 8.621682e+03 8.658534e+03
13.0 8.549181e+03 8.619747e+03 8.621436e+03 8.550869e+03
14.0 8.687090e+03 8.618054e+03 8.621230e+03 8.690265e+03
15.0 8.668474e+03 8.628224e+03 8.621087e+03 8.661337e+03
16.0 8.600495e+03 8.656017e+03 8.621001e+03 8.565479e+03
17.0 8.682040e+03 8.679549e+03 8.620954e+03 8.623444e+03
18.0 8.739428e+03 8.688441e+03 8.620930e+03 8.671918e+03
19.0 8.724980e+03 8.668488e+03 8.620919e+03 8.677412e+03
20.0 8.726249e+03 8.620643e+03 8.620915e+03 8.726520e+03
21.0 8.608088e+03 8.563877e+03 8.620913e+03 8.665124e+03
22.0 8.559747e+03 8.557214e+03 8.620912e+03 8.623445e+03
0.1 8.459863e+03 8.598882e+03 8.620911e+03 8.481893e+03
1.1 8.566751e+03 8.632379e+03 8.620665e+03 8.555038e+03
2.1 8.638263e+03 8.644850e+03 8.618115e+03 8.611527e+03
3.1 8.587364e+03 8.634425e+03 8.615179e+03 8.568118e+03
4.1 8.598249e+03 8.622160e+03 8.615524e+03 8.591613e+03
5.1 8.529541e+03 8.614460e+03 8.617618e+03 8.532700e+03
6.1 8.653893e+03 8.610071e+03 8.619478e+03 8.663299e+03
7.1 8.561763e+03 8.607747e+03 8.620619e+03 8.574636e+03
8.1 8.488931e+03 8.606871e+03 8.621204e+03 8.503264e+03
9.1 8.538530e+03 8.606813e+03 8.621429e+03 8.553146e+03
10.1 8.528046e+03 8.604897e+03 8.621435e+03 8.544584e+03
11.1 8.662680e+03 8.599609e+03 8.621332e+03 8.684402e+03
12.1 8.656440e+03 8.597302e+03 8.621201e+03 8.680339e+03
13.1 8.679612e+03 8.600281e+03 8.621053e+03 8.700384e+03
14.1 8.798302e+03 8.602909e+03 8.619500e+03 8.814893e+03
15.1 8.653394e+03 8.604446e+03 8.616002e+03 8.664950e+03
16.1 8.588784e+03 8.625902e+03 8.615070e+03 8.577952e+03
17.1 8.574277e+03 8.644379e+03 8.616809e+03 8.546707e+03
18.1 8.825169e+03 8.642583e+03 8.618874e+03 8.801460e+03
19.1 8.685169e+03 8.638670e+03 8.620274e+03 8.666774e+03
20.1 8.672297e+03 8.649636e+03 8.621039e+03 8.643700e+03
21.1 8.677482e+03 8.658771e+03 8.621378e+03 8.640089e+03
0.8 8.679612e+03 8.600281e+03 8.621053e+03 8.700384e+03
1.8 8.798302e+03 8.602909e+03 8.619500e+03 8.814893e+03
2.8 8.653394e+03 8.604446e+03 8.616002e+03 8.664950e+03
3.8 8.588784e+03 8.625902e+03 8.615070e+03 8.577952e+03
4.8 8.574277e+03 8.644379e+03 8.616809e+03 8.546707e+03
5.8 8.825169e+03 8.642583e+03 8.618874e+03 8.801460e+03
6.8 8.685169e+03 8.638670e+03 8.620274e+03 8.666774e+03
7.8 8.672297e+03 8.649636e+03 8.621039e+03 8.643700e+03
8.8 8.677482e+03 8.658771e+03 8.621378e+03 8.640089e+03
9.8 8.678379e+03 8.646600e+03 8.621451e+03 8.653230e+03
10.8 8.542233e+03 8.627774e+03 8.621377e+03 8.535836e+03
11.8 8.589822e+03 8.614089e+03 8.621249e+03 8.596982e+03
12.8 8.610090e+03 8.606783e+03 8.621127e+03 8.624434e+03
13.8 8.711998e+03 8.607726e+03 8.621035e+03 8.725306e+03
14.8 8.677687e+03 8.628508e+03 8.620976e+03 8.670155e+03
15.8 8.660429e+03 8.657002e+03 8.620943e+03 8.624370e+03
16.8 8.703048e+03 8.674233e+03 8.620926e+03 8.649741e+03
17.8 8.684344e+03 8.662298e+03 8.620918e+03 8.642963e+03
18.8 8.668907e+03 8.638539e+03 8.620842e+03 8.651210e+03
19.8 8.636790e+03 8.617757e+03 8.619007e+03 8.638040e+03
20.8 8.599333e+03 8.602306e+03 8.614503e+03 8.611530e+03
21.8 8.636241e+03 8.606105e+03 8.612299e+03 8.642435e+03
0.9 8.668907e+03 8.638539e+03 8.620842e+03 8.651210e+03
1.9 8.636790e+03 8.617757e+03 8.619007e+03 8.638040e+03
2.9 8.599333e+03 8.602306e+03 8.614503e+03 8.611530e+03
3.9 8.636241e+03 8.606105e+03 8.612299e+03 8.642435e+03
4.9 8.651140e+03 8.629883e+03 8.614228e+03 8.635485e+03
5.9 8.650920e+03 8.636381e+03 8.617303e+03 8.631842e+03
6.9 8.663456e+03 8.627366e+03 8.619600e+03 8.655689e+03
7.9 8.608898e+03 8.617166e+03 8.620912e+03 8.612644e+03
8.9 8.627368e+03 8.610624e+03 8.621528e+03 8.638272e+03
9.9 8.624970e+03 8.607171e+03 8.621705e+03 8.639505e+03
10.9 8.653096e+03 8.606659e+03 8.621631e+03 8.668068e+03
11.9 8.607972e+03 8.613769e+03 8.621452e+03 8.615655e+03
12.9 8.586335e+03 8.626157e+03 8.621266e+03 8.581444e+03
13.9 8.567651e+03 8.639207e+03 8.621120e+03 8.549565e+03
14.9 8.647144e+03 8.656302e+03 8.621023e+03 8.611865e+03
15.9 8.782192e+03 8.634486e+03 8.620967e+03 8.768673e+03
16.9 8.600700e+03 8.576977e+03 8.620937e+03 8.644660e+03
17.9 8.617860e+03 8.536971e+03 8.620923e+03 8.701812e+03
18.9 8.593992e+03 8.540566e+03 8.620916e+03 8.674342e+03
19.9 8.496407e+03 8.547854e+03 8.620913e+03 8.569466e+03
20.9 8.609589e+03 8.549355e+03 8.620912e+03 8.681146e+03
21.9 8.473509e+03 8.586433e+03 8.620905e+03 8.507981e+03
0.6 8.473509e+03 8.586433e+03 8.620905e+03 8.507981e+03
1.6 8.650645e+03 8.619919e+03 8.619950e+03 8.650675e+03
2.6 8.734868e+03 8.625599e+03 8.616560e+03 8.725830e+03
3.6 8.671071e+03 8.620571e+03 8.614939e+03 8.665440e+03
4.6 8.647794e+03 8.616538e+03 8.616360e+03 8.647616e+03
5.6 8.627153e+03 8.613983e+03 8.618499e+03 8.631669e+03
6.6 8.675102e+03 8.621031e+03 8.620050e+03 8.674121e+03
7.6 8.606762e+03 8.648120e+03 8.620925e+03 8.579567e+03
8.6 8.720360e+03 8.674116e+03 8.621335e+03 8.667580e+03
9.6 8.718380e+03 8.687894e+03 8.621452e+03 8.651938e+03
10.6 8.733352e+03 8.676212e+03 8.621399e+03 8.678538e+03
11.6 8.694255e+03 8.656296e+03 8.621276e+03 8.659235e+03
12.6 8.643915e+03 8.636765e+03 8.621149e+03 8.628300e+03
13.6 8.649814e+03 8.620434e+03 8.621050e+03 8.650431e+03
14.6 8.668878e+03 8.615115e+03 8.620986e+03 8.674749e+03
15.6 8.653529e+03 8.616306e+03 8.620948e+03 8.658171e+03
16.6 8.679173e+03 8.614184e+03 8.620928e+03 8.685917e+03
17.6 8.563734e+03 8.610126e+03 8.620919e+03 8.574528e+03
18.6 8.648221e+03 8.607263e+03 8.620914e+03 8.661872e+03
19.6 8.585950e+03 8.606080e+03 8.620913e+03 8.600783e+03
20.6 8.593212e+03 8.605921e+03 8.620912e+03 8.608203e+03
21.6 8.611736e+03 8.606247e+03 8.620911e+03 8.626401e+03
0.9 8.623669e+03 8.618215e+03 8.620850e+03 8.626304e+03
1.9 8.690789e+03 8.637955e+03 8.619106e+03 8.671940e+03
2.9 8.652140e+03 8.631545e+03 8.614389e+03 8.634984e+03
3.9 8.744891e+03 8.617680e+03 8.610330e+03 8.737541e+03
4.9 8.735275e+03 8.628492e+03 8.611080e+03 8.717864e+03
5.9 8.633664e+03 8.643428e+03 8.614780e+03 8.605016e+03
6.9 8.654176e+03 8.638048e+03 8.618216e+03 8.634343e+03
7.9 8.589687e+03 8.624653e+03 8.620382e+03 8.585415e+03
8.9 8.623142e+03 8.617329e+03 8.621489e+03 8.627301e+03
9.9 8.568487e+03 8.631433e+03 8.621904e+03 8.558959e+03
10.9 8.681946e+03 8.656380e+03 8.621908e+03 8.647474e+03
11.9 8.568046e+03 8.673818e+03 8.621710e+03 8.515938e+03
12.9 8.603094e+03 8.674080e+03 8.621463e+03 8.550477e+03
13.9 8.632476e+03 8.676123e+03 8.621250e+03 8.577602e+03
14.9 8.699359e+03 8.683121e+03 8.621100e+03 8.637338e+03
15.9 8.719789e+03 8.673700e+03 8.621008e+03 8.667097e+03
16.9 8.735913e+03 8.647119e+03 8.620958e+03 8.709752e+03
17.9 8.606340e+03 8.626184e+03 8.620932e+03 8.601088e+03
18.9 8.681921e+03 8.632114e+03 8.620920e+03 8.670728e+03
19.9 8.464535e+03 8.653176e+03 8.620915e+03 8.432274e+03
20.9 8.716782e+03 8.667791e+03 8.620913e+03 8.669904e+03
21.9 8.629195e+03 8.655430e+03 8.620912e+03 8.594677e+03
0.5 8.777348e+03 8.613909e+03 8.620909e+03 8.784347e+03
1.5 8.736406e+03 8.605142e+03 8.620142e+03 8.751407e+03
2.5 8.682948e+03 8.598218e+03 8.616378e+03 8.701108e+03
3.5 8.573000e+03 8.597373e+03 8.612514e+03 8.588142e+03
4.5 8.591373e+03 8.621283e+03 8.612981e+03 8.583071e+03
5.5 8.595614e+03 8.639108e+03 8.615983e+03 8.572489e+03
6.5 8.655791e+03 8.634882e+03 8.618738e+03 8.639647e+03
7.5 8.474646e+03 8.623445e+03 8.620450e+03 8.471652e+03
8.5 8.671182e+03 8.613495e+03 8.620310e+03 8.677997e+03
9.5 8.602803e+03 8.604205e+03 8.616601e+03 8.615199e+03
10.5 8.553442e+03 8.598241e+03 8.613217e+03 8.568419e+03
11.5 8.617802e+03 8.598629e+03 8.614048e+03 8.633221e+03
12.5 8.699489e+03 8.607015e+03 8.616899e+03 8.709373e+03
13.5 8.607161e+03 8.635055e+03 8.619321e+03 8.591427e+03
14.5 8.590101e+03 8.666176e+03 8.620770e+03 8.544695e+03
15.5 8.643467e+03 8.686775e+03 8.621483e+03 8.578175e+03
16.5 8.643121e+03 8.680818e+03 8.621724e+03 8.584027e+03
17.5 8.743766e+03 8.652890e+03 8.621685e+03 8.712560e+03
18.5 8.563225e+03 8.621787e+03 8.621514e+03 8.562952e+03
19.5 8.570559e+03 8.599926e+03 8.621319e+03 8.591951e+03
20.5 8.454124e+03 8.607000e+03 8.621158e+03 8.468281e+03
21.5 8.616040e+03 8.628929e+03 8.621047e+03 8.608157e+03
0.6 8.474646e+03 8.623445e+03 8.620450e+03 8.471652e+03
1.6 8.671182e+03 8.613495e+03 8.620310e+03 8.677997e+03
2.6 8.602803e+03 8.604205e+03 8.616601e+03 8.615199e+03
3.6 8.553442e+03 8.598241e+03 8.613217e+03 8.568419e+03
4.6 8.617802e+03 8.598629e+03 8.614048e+03 8.633221e+03
5.6 8.699489e+03 8.607015e+03 8.616899e+03 8.709373e+03
6.6 8.607161e+03 8.635055e+03 8.619321e+03 8.591427e+03
7.6 8.590101e+03 8.666176e+03 8.620770e+03 8.544695e+03
8.6 8.643467e+03 8.686775e+03 8.621483e+03 8.578175e+03
9.6 8.643121e+03 8.680818e+03 8.621724e+03 8.584027e+03
10.6 8.743766e+03 8.652890e+03 8.621685e+03 8.712560e+03
11.6 8.563225e+03 8.621787e+03 8.621514e+03 8.562952e+03
12.6 8.570559e+03 8.599926e+03 8.621319e+03 8.591951e+03
13.6 8.454124e+03 8.607000e+03 8.621158e+03 8.468281e+03
14.6 8.616040e+03 8.628929e+03 8.621047e+03 8.608157e+03
15.6 8.465844e+03 8.618984e+03 8.620980e+03 8.467839e+03
16.6 8.421470e+03 8.575015e+03 8.620944e+03 8.467399e+03
17.6 8.611469e+03 8.556934e+03 8.620926e+03 8.675461e+03
18.6 8.471197e+03 8.589418e+03 8.620917e+03 8.502697e+03
19.6 8.583245e+03 8.623891e+03 8.620914e+03 8.580268e+03
20.6 8.686523e+03 8.653529e+03 8.620912e+03 8.653906e+03
21.6 8.723409e+03 8.678128e+03 8.620912e+03 8.666193e+03
0.1 8.427523e+03 8.517525e+03 8.620911e+03 8.530910e+03
1.1 8.430216e+03 8.554995e+03 8.620740e+03 8.495961e+03
2.1 8.547148e+03 8.596946e+03 8.618432e+03 8.568634e+03
3.1 8.558038e+03 8.617787e+03 8.615311e+03 8.555563e+03
4.1 8.732744e+03 8.644316e+03 8.615388e+03 8.703816e+03
5.1 8.707214e+03 8.653858e+03 8.617432e+03 8.670788e+03
6.1 8.623489e+03 8.642655e+03 8.619347e+03 8.600181e+03
7.1 8.606031e+03 8.626675e+03 8.620547e+03 8.599903e+03
8.1 8.627576e+03 8.600999e+03 8.621170e+03 8.647748e+03
9.1 8.574242e+03 8.557023e+03 8.621420e+03 8.638639e+03
10.1 8.463393e+03 8.524733e+03 8.621440e+03 8.560100e+03
11.1 8.578812e+03 8.551083e+03 8.621343e+03 8.649072e+03
12.1 8.556390e+03 8.597252e+03 8.621212e+03 8.580349e+03
