0.3 1.149302e+03 1.150054e+03 1.151653e+03 1.150901e+03
1.3 1.155051e+03 1.152185e+03 1.151506e+03 1.154371e+03
2.3 1.161629e+03 1.152328e+03 1.150310e+03 1.159611e+03
3.3 1.143922e+03 1.150065e+03 1.148311e+03 1.142167e+03
4.3 1.151044e+03 1.147636e+03 1.147369e+03 1.150777e+03
5.3 1.151316e+03 1.145117e+03 1.148285e+03 1.154484e+03
6.3 1.145379e+03 1.145270e+03 1.149805e+03 1.149914e+03
7.3 1.152078e+03 1.147236e+03 1.150975e+03 1.155817e+03
8.3 1.145075e+03 1.148512e+03 1.151652e+03 1.148215e+03
9.3 1.151498e+03 1.149933e+03 1.151969e+03 1.153534e+03
10.3 1.159829e+03 1.152824e+03 1.152059e+03 1.159064e+03
11.3 1.149214e+03 1.154052e+03 1.152022e+03 1.147184e+03
12.3 1.155357e+03 1.153033e+03 1.151931e+03 1.154255e+03
13.3 1.148263e+03 1.153192e+03 1.151836e+03 1.146907e+03
14.3 1.142900e+03 1.154311e+03 1.151761e+03 1.140351e+03
15.3 1.143630e+03 1.154071e+03 1.151712e+03 1.141271e+03
16.3 1.149865e+03 1.152998e+03 1.151682e+03 1.148549e+03
17.3 1.154357e+03 1.151926e+03 1.151667e+03 1.154098e+03
18.3 1.156655e+03 1.152000e+03 1.151659e+03 1.156314e+03
19.3 1.147892e+03 1.153653e+03 1.151656e+03 1.145895e+03
20.3 1.148392e+03 1.154097e+03 1.151654e+03 1.145949e+03
21.3 1.148752e+03 1.153198e+03 1.151654e+03 1.147208e+03
1.0 1.143226e+03 1.151797e+03 1.151609e+03 1.143037e+03
2.0 1.164208e+03 1.152410e+03 1.150786e+03 1.162584e+03
3.0 1.140214e+03 1.150389e+03 1.148873e+03 1.138698e+03
4.0 1.138581e+03 1.148528e+03 1.147458e+03 1.137510e+03
5.0 1.157552e+03 1.150149e+03 1.147955e+03 1.155358e+03
6.0 1.147824e+03 1.152393e+03 1.149435e+03 1.144866e+03
7.0 1.148746e+03 1.152438e+03 1.150724e+03 1.147032e+03
8.0 1.153786e+03 1.151100e+03 1.151514e+03 1.154200e+03
9.0 1.148722e+03 1.150499e+03 1.151908e+03 1.150131e+03
10.0 1.160178e+03 1.152367e+03 1.152047e+03 1.159858e+03
11.0 1.154651e+03 1.153724e+03 1.152036e+03 1.152963e+03
12.0 1.145471e+03 1.153466e+03 1.151954e+03 1.143959e+03
13.0 1.166223e+03 1.152713e+03 1.151858e+03 1.165368e+03
14.0 1.161842e+03 1.152122e+03 1.151777e+03 1.161497e+03
15.0 1.163607e+03 1.151616e+03 1.151722e+03 1.163712e+03
16.0 1.149612e+03 1.151067e+03 1.151688e+03 1.150233e+03
17.0 1.149091e+03 1.151654e+03 1.151670e+03 1.149107e+03
18.0 1.157984e+03 1.153566e+03 1.151661e+03 1.156079e+03
19.0 1.153556e+03 1.154023e+03 1.151656e+03 1.151189e+03
20.0 1.142878e+03 1.152798e+03 1.151655e+03 1.141734e+03
21.0 1.151640e+03 1.151107e+03 1.151654e+03 1.152187e+03
22.0 1.156607e+03 1.151484e+03 1.151653e+03 1.156777e+03
0.1 1.144433e+03 1.148043e+03 1.151653e+03 1.148043e+03
1.1 1.158607e+03 1.151542e+03 1.151557e+03 1.158622e+03
2.1 1.152995e+03 1.152656e+03 1.150563e+03 1.150901e+03
3.1 1.155117e+03 1.150691e+03 1.149418e+03 1.153844e+03
4.1 1.156019e+03 1.147307e+03 1.149552e+03 1.158264e+03
5.1 1.145898e+03 1.146661e+03 1.150369e+03 1.149606e+03
6.1 1.145477e+03 1.148301e+03 1.151094e+03 1.148271e+03
7.1 1.136935e+03 1.150083e+03 1.151539e+03 1.138391e+03
8.1 1.154327e+03 1.151248e+03 1.151767e+03 1.154846e+03
9.1 1.144665e+03 1.151856e+03 1.151855e+03 1.144664e+03
10.1 1.144791e+03 1.151707e+03 1.151858e+03 1.144941e+03
11.1 1.155681e+03 1.150713e+03 1.151817e+03 1.156785e+03
12.1 1.160230e+03 1.148780e+03 1.151766e+03 1.163217e+03
13.1 1.141409e+03 1.146263e+03 1.151708e+03 1.146854e+03
14.1 1.140598e+03 1.145929e+03 1.151103e+03 1.145772e+03
15.1 1.141654e+03 1.146725e+03 1.149738e+03 1.144668e+03
16.1 1.145356e+03 1.149762e+03 1.149375e+03 1.144969e+03
17.1 1.160756e+03 1.152775e+03 1.150053e+03 1.158034e+03
18.1 1.158066e+03 1.153592e+03 1.150859e+03 1.155333e+03
19.1 1.157190e+03 1.153165e+03 1.151405e+03 1.155430e+03
20.1 1.157822e+03 1.153917e+03 1.151703e+03 1.155608e+03
21.1 1.159823e+03 1.154969e+03 1.151835e+03 1.156689e+03
0.8 1.141409e+03 1.146263e+03 1.151708e+03 1.146854e+03
1.8 1.140598e+03 1.145929e+03 1.151103e+03 1.145772e+03
2.8 1.141654e+03 1.146725e+03 1.149738e+03 1.144668e+03
3.8 1.145356e+03 1.149762e+03 1.149375e+03 1.144969e+03
4.8 1.160756e+03 1.152775e+03 1.150053e+03 1.158034e+03
5.8 1.158066e+03 1.153592e+03 1.150859e+03 1.155333e+03
6.8 1.157190e+03 1.153165e+03 1.151405e+03 1.155430e+03
7.8 1.157822e+03 1.153917e+03 1.151703e+03 1.155608e+03
8.8 1.159823e+03 1.154969e+03 1.151835e+03 1.156689e+03
9.8 1.166524e+03 1.154439e+03 1.151864e+03 1.163949e+03
10.8 1.150245e+03 1.153235e+03 1.151835e+03 1.148845e+03
11.8 1.153936e+03 1.152280e+03 1.151785e+03 1.153440e+03
12.8 1.148791e+03 1.151733e+03 1.151737e+03 1.148795e+03
13.8 1.158844e+03 1.151424e+03 1.151701e+03 1.159121e+03
14.8 1.145398e+03 1.151093e+03 1.151679e+03 1.145984e+03
15.8 1.157229e+03 1.151860e+03 1.151666e+03 1.157035e+03
16.8 1.153309e+03 1.153722e+03 1.151659e+03 1.151247e+03
17.8 1.148306e+03 1.154078e+03 1.151656e+03 1.145884e+03
18.8 1.157618e+03 1.153253e+03 1.151626e+03 1.155991e+03
19.8 1.146932e+03 1.151688e+03 1.150911e+03 1.146155e+03
20.8 1.150639e+03 1.149389e+03 1.149154e+03 1.150404e+03
21.8 1.156329e+03 1.149075e+03 1.148294e+03 1.155548e+03
0.9 1.157618e+03 1.153253e+03 1.151626e+03 1.155991e+03
1.9 1.146932e+03 1.151688e+03 1.150911e+03 1.146155e+03
2.9 1.150639e+03 1.149389e+03 1.149154e+03 1.150404e+03
3.9 1.156329e+03 1.149075e+03 1.148294e+03 1.155548e+03
4.9 1.145734e+03 1.151457e+03 1.149047e+03 1.143324e+03
5.9 1.164017e+03 1.152845e+03 1.150246e+03 1.161418e+03
6.9 1.149353e+03 1.152810e+03 1.151142e+03 1.147685e+03
7.9 1.141207e+03 1.152392e+03 1.151653e+03 1.140469e+03
8.9 1.149800e+03 1.152050e+03 1.151894e+03 1.149644e+03
9.9 1.150331e+03 1.151820e+03 1.151963e+03 1.150473e+03
10.9 1.155198e+03 1.151650e+03 1.151934e+03 1.155482e+03
11.9 1.147791e+03 1.151398e+03 1.151864e+03 1.148257e+03
12.9 1.148734e+03 1.151097e+03 1.151792e+03 1.149429e+03
13.9 1.154307e+03 1.151512e+03 1.151735e+03 1.154530e+03
14.9 1.151594e+03 1.153428e+03 1.151697e+03 1.149862e+03
15.9 1.165739e+03 1.153718e+03 1.151675e+03 1.163696e+03
16.9 1.145760e+03 1.152058e+03 1.151663e+03 1.145366e+03
17.9 1.151806e+03 1.149952e+03 1.151658e+03 1.153511e+03
18.9 1.147073e+03 1.146818e+03 1.151655e+03 1.151910e+03
19.9 1.151451e+03 1.145490e+03 1.151654e+03 1.157615e+03
20.9 1.151551e+03 1.146847e+03 1.151654e+03 1.156357e+03
21.9 1.139921e+03 1.150597e+03 1.151651e+03 1.140974e+03
0.6 1.139921e+03 1.150597e+03 1.151651e+03 1.140974e+03
1.6 1.146207e+03 1.152813e+03 1.151278e+03 1.144672e+03
2.6 1.155344e+03 1.151815e+03 1.149956e+03 1.153485e+03
3.6 1.151745e+03 1.148677e+03 1.149324e+03 1.152392e+03
4.6 1.140983e+03 1.146283e+03 1.149878e+03 1.144578e+03
5.6 1.144946e+03 1.147032e+03 1.150713e+03 1.148627e+03
6.6 1.145136e+03 1.148896e+03 1.151317e+03 1.147557e+03
7.6 1.155924e+03 1.150143e+03 1.151659e+03 1.157440e+03
8.6 1.149247e+03 1.151475e+03 1.151819e+03 1.149591e+03
9.6 1.158003e+03 1.153876e+03 1.151864e+03 1.155991e+03
10.6 1.156535e+03 1.154703e+03 1.151843e+03 1.153674e+03
11.6 1.156252e+03 1.153677e+03 1.151795e+03 1.154370e+03
12.6 1.143701e+03 1.150387e+03 1.151746e+03 1.145060e+03
13.6 1.130880e+03 1.147410e+03 1.151708e+03 1.135178e+03
14.6 1.149027e+03 1.147402e+03 1.151682e+03 1.153307e+03
15.6 1.154837e+03 1.147802e+03 1.151668e+03 1.158702e+03
16.6 1.147916e+03 1.146300e+03 1.151660e+03 1.153277e+03
17.6 1.150619e+03 1.146519e+03 1.151656e+03 1.155756e+03
18.6 1.150481e+03 1.148499e+03 1.151654e+03 1.153637e+03
19.6 1.151162e+03 1.150397e+03 1.151654e+03 1.152419e+03
20.6 1.162374e+03 1.151548e+03 1.151653e+03 1.162480e+03
21.6 1.151651e+03 1.152088e+03 1.151653e+03 1.151216e+03
0.9 1.156159e+03 1.151208e+03 1.151629e+03 1.156580e+03
1.9 1.152394e+03 1.152575e+03 1.150949e+03 1.150768e+03
2.9 1.141258e+03 1.151019e+03 1.149109e+03 1.139348e+03
3.9 1.151377e+03 1.148958e+03 1.147526e+03 1.149945e+03
4.9 1.155990e+03 1.150143e+03 1.147819e+03 1.153666e+03
5.9 1.150879e+03 1.152482e+03 1.149262e+03 1.147659e+03
6.9 1.161768e+03 1.153155e+03 1.150602e+03 1.159214e+03
7.9 1.155551e+03 1.152800e+03 1.151447e+03 1.154197e+03
8.9 1.150986e+03 1.152297e+03 1.151878e+03 1.150568e+03
9.9 1.154069e+03 1.151733e+03 1.152041e+03 1.154377e+03
10.9 1.157227e+03 1.152158e+03 1.152042e+03 1.157110e+03
11.9 1.143611e+03 1.153848e+03 1.151965e+03 1.141728e+03
12.9 1.153255e+03 1.154033e+03 1.151868e+03 1.151090e+03
13.9 1.160342e+03 1.153151e+03 1.151785e+03 1.158976e+03
14.9 1.166116e+03 1.153879e+03 1.151727e+03 1.163964e+03
15.9 1.158212e+03 1.154518e+03 1.151691e+03 1.155385e+03
16.9 1.156811e+03 1.153781e+03 1.151671e+03 1.154701e+03
17.9 1.158864e+03 1.152642e+03 1.151661e+03 1.157883e+03
18.9 1.154409e+03 1.151638e+03 1.151657e+03 1.154428e+03
19.9 1.153660e+03 1.151996e+03 1.151655e+03 1.153319e+03
20.9 1.148520e+03 1.153637e+03 1.151654e+03 1.146537e+03
21.9 1.148233e+03 1.153823e+03 1.151653e+03 1.146063e+03
0.5 1.151013e+03 1.152255e+03 1.151652e+03 1.150410e+03
1.5 1.163421e+03 1.151427e+03 1.151353e+03 1.163347e+03
2.5 1.151554e+03 1.149706e+03 1.149885e+03 1.151733e+03
3.5 1.145139e+03 1.148371e+03 1.148378e+03 1.145146e+03
4.5 1.151973e+03 1.150256e+03 1.148560e+03 1.150277e+03
5.5 1.150279e+03 1.152490e+03 1.149731e+03 1.147520e+03
6.5 1.152220e+03 1.153000e+03 1.150806e+03 1.150026e+03
7.5 1.152182e+03 1.152653e+03 1.151473e+03 1.151003e+03
8.5 1.148658e+03 1.151845e+03 1.151419e+03 1.148232e+03
9.5 1.136129e+03 1.149971e+03 1.149972e+03 1.136131e+03
10.5 1.147733e+03 1.147784e+03 1.148653e+03 1.148601e+03
11.5 1.139933e+03 1.145191e+03 1.148977e+03 1.143718e+03
12.5 1.146465e+03 1.145076e+03 1.150088e+03 1.151478e+03
13.5 1.155961e+03 1.147006e+03 1.151033e+03 1.159989e+03
14.5 1.138090e+03 1.149259e+03 1.151598e+03 1.140429e+03
15.5 1.148063e+03 1.152496e+03 1.151876e+03 1.147443e+03
16.5 1.149853e+03 1.154527e+03 1.151970e+03 1.147296e+03
17.5 1.138956e+03 1.154164e+03 1.151955e+03 1.136747e+03
18.5 1.148951e+03 1.152291e+03 1.151888e+03 1.148548e+03
19.5 1.150037e+03 1.150445e+03 1.151812e+03 1.151404e+03
20.5 1.155991e+03 1.150994e+03 1.151749e+03 1.156746e+03
21.5 1.136649e+03 1.152985e+03 1.151706e+03 1.135369e+03
0.6 1.152182e+03 1.152653e+03 1.151473e+03 1.151003e+03
1.6 1.148658e+03 1.151845e+03 1.151419e+03 1.148232e+03
2.6 1.136129e+03 1.149971e+03 1.149972e+03 1.136131e+03
3.6 1.147733e+03 1.147784e+03 1.148653e+03 1.148601e+03
4.6 1.139933e+03 1.145191e+03 1.148977e+03 1.143718e+03
5.6 1.146465e+03 1.145076e+03 1.150088e+03 1.151478e+03
6.6 1.155961e+03 1.147006e+03 1.151033e+03 1.159989e+03
7.6 1.138090e+03 1.149259e+03 1.151598e+03 1.140429e+03
8.6 1.148063e+03 1.152496e+03 1.151876e+03 1.147443e+03
9.6 1.149853e+03 1.154527e+03 1.151970e+03 1.147296e+03
10.6 1.138956e+03 1.154164e+03 1.151955e+03 1.136747e+03
11.6 1.148951e+03 1.152291e+03 1.151888e+03 1.148548e+03
12.6 1.150037e+03 1.150445e+03 1.151812e+03 1.151404e+03
13.6 1.155991e+03 1.150994e+03 1.151749e+03 1.156746e+03
14.6 1.136649e+03 1.152985e+03 1.151706e+03 1.135369e+03
15.6 1.151398e+03 1.153177e+03 1.151680e+03 1.149901e+03
16.6 1.143478e+03 1.151761e+03 1.151666e+03 1.143383e+03
17.6 1.160039e+03 1.151406e+03 1.151659e+03 1.160292e+03
18.6 1.153511e+03 1.153127e+03 1.151656e+03 1.152040e+03
19.6 1.153223e+03 1.153701e+03 1.151654e+03 1.151176e+03
20.6 1.158069e+03 1.152946e+03 1.151654e+03 1.156777e+03
21.6 1.158339e+03 1.153571e+03 1.151653e+03 1.156421e+03
0.1 1.143722e+03 1.149606e+03 1.151653e+03 1.145770e+03
1.1 1.152281e+03 1.151575e+03 1.151587e+03 1.152292e+03
2.1 1.150729e+03 1.152361e+03 1.150686e+03 1.149054e+03
3.1 1.150156e+03 1.151589e+03 1.149469e+03 1.148036e+03
4.1 1.154586e+03 1.152787e+03 1.149499e+03 1.151298e+03
5.1 1.149303e+03 1.153738e+03 1.150296e+03 1.145862e+03
6.1 1.153656e+03 1.153350e+03 1.151043e+03 1.151349e+03
7.1 1.147254e+03 1.152561e+03 1.151511e+03 1.146204e+03
8.1 1.151633e+03 1.151626e+03 1.151754e+03 1.151761e+03
9.1 1.153042e+03 1.150368e+03 1.151852e+03 1.154526e+03
10.1 1.135599e+03 1.149582e+03 1.151860e+03 1.137877e+03
11.1 1.144981e+03 1.151241e+03 1.151822e+03 1.145562e+03
12.1 1.153255e+03 1.153239e+03 1.151770e+03 1.151787e+03
