0.3 5.815622e+03 5.816106e+03 5.825517e+03 5.825032e+03
1.3 5.828786e+03 5.816115e+03 5.825526e+03 5.838196e+03
2.3 5.825678e+03 5.816187e+03 5.825598e+03 5.835089e+03
3.3 5.853503e+03 5.816308e+03 5.825717e+03 5.862912e+03
4.3 5.843673e+03 5.817594e+03 5.825771e+03 5.851850e+03
5.3 5.829387e+03 5.822233e+03 5.825715e+03 5.832869e+03
6.3 5.838119e+03 5.827468e+03 5.825625e+03 5.836276e+03
7.3 5.822626e+03 5.832087e+03 5.825556e+03 5.816095e+03
8.3 5.830434e+03 5.833096e+03 5.825517e+03 5.822855e+03
9.3 5.817063e+03 5.829598e+03 5.825498e+03 5.812963e+03
10.3 5.845330e+03 5.824079e+03 5.825493e+03 5.846744e+03
11.3 5.831712e+03 5.819735e+03 5.825495e+03 5.837472e+03
12.3 5.810631e+03 5.818228e+03 5.825501e+03 5.817904e+03
13.3 5.800378e+03 5.819203e+03 5.825506e+03 5.806682e+03
14.3 5.829670e+03 5.822472e+03 5.825511e+03 5.832708e+03
15.3 5.786881e+03 5.823000e+03 5.825514e+03 5.789395e+03
16.3 5.789229e+03 5.821833e+03 5.825515e+03 5.792912e+03
17.3 5.788319e+03 5.822972e+03 5.825516e+03 5.790863e+03
18.3 5.769494e+03 5.824364e+03 5.825517e+03 5.770646e+03
19.3 5.786486e+03 5.822339e+03 5.825517e+03 5.789665e+03
20.3 5.816653e+03 5.820825e+03 5.825517e+03 5.821345e+03
21.3 5.820833e+03 5.823323e+03 5.825517e+03 5.823027e+03
0.2 5.811668e+03 5.832309e+03 5.825517e+03 5.804876e+03
1.2 5.804381e+03 5.829242e+03 5.825523e+03 5.800663e+03
2.2 5.773274e+03 5.823553e+03 5.825586e+03 5.775307e+03
3.2 5.765684e+03 5.818694e+03 5.825704e+03 5.772693e+03
4.2 5.785835e+03 5.816712e+03 5.825771e+03 5.794894e+03
5.2 5.805128e+03 5.819518e+03 5.825725e+03 5.811336e+03
6.2 5.813595e+03 5.821017e+03 5.825635e+03 5.818213e+03
7.2 5.816319e+03 5.819473e+03 5.825563e+03 5.822409e+03
8.2 5.809449e+03 5.817431e+03 5.825520e+03 5.817538e+03
9.2 5.819985e+03 5.816550e+03 5.825500e+03 5.828935e+03
10.2 5.837827e+03 5.825544e+03 5.825493e+03 5.837776e+03
11.2 5.837120e+03 5.848110e+03 5.825495e+03 5.814505e+03
12.2 5.842588e+03 5.860937e+03 5.825500e+03 5.807151e+03
13.1 5.830377e+03 5.855261e+03 5.825506e+03 5.800622e+03
14.1 5.845388e+03 5.840376e+03 5.825515e+03 5.830526e+03
15.1 5.870807e+03 5.826768e+03 5.825576e+03 5.869615e+03
16.1 5.841808e+03 5.818188e+03 5.825684e+03 5.849304e+03
17.1 5.851839e+03 5.816481e+03 5.825714e+03 5.861073e+03
18.1 5.829439e+03 5.818481e+03 5.825658e+03 5.836616e+03
19.1 5.809231e+03 5.818191e+03 5.825589e+03 5.816628e+03
20.1 5.810625e+03 5.816621e+03 5.825564e+03 5.819569e+03
21.1 5.845446e+03 5.815590e+03 5.825634e+03 5.855490e+03
0.1 5.830377e+03 5.855261e+03 5.825506e+03 5.800622e+03
1.1 5.845388e+03 5.840376e+03 5.825515e+03 5.830526e+03
2.1 5.870807e+03 5.826768e+03 5.825576e+03 5.869615e+03
3.1 5.841808e+03 5.818188e+03 5.825684e+03 5.849304e+03
4.1 5.851839e+03 5.816481e+03 5.825714e+03 5.861073e+03
5.1 5.829439e+03 5.818481e+03 5.825658e+03 5.836616e+03
6.1 5.809231e+03 5.818191e+03 5.825589e+03 5.816628e+03
7.1 5.810625e+03 5.816621e+03 5.825564e+03 5.819569e+03
8.1 5.845446e+03 5.815590e+03 5.825634e+03 5.855490e+03
9.1 5.847163e+03 5.815280e+03 5.825734e+03 5.857617e+03
10.1 5.851294e+03 5.815934e+03 5.825746e+03 5.861106e+03
11.1 5.852268e+03 5.817094e+03 5.825671e+03 5.860846e+03
12.1 5.824241e+03 5.817219e+03 5.825589e+03 5.832610e+03
13.1 5.818493e+03 5.816711e+03 5.825533e+03 5.827316e+03
14.1 5.799894e+03 5.816411e+03 5.825504e+03 5.808987e+03
15.1 5.817041e+03 5.818582e+03 5.825493e+03 5.823952e+03
16.1 5.798712e+03 5.822215e+03 5.825492e+03 5.801989e+03
17.1 5.810609e+03 5.823405e+03 5.825496e+03 5.812700e+03
18.1 5.801165e+03 5.821815e+03 5.825502e+03 5.804852e+03
19.1 5.827045e+03 5.821343e+03 5.825508e+03 5.831210e+03
20.1 5.794020e+03 5.824354e+03 5.825512e+03 5.795178e+03
21.1 5.848409e+03 5.827539e+03 5.825514e+03 5.846384e+03
0.6 5.809231e+03 5.818191e+03 5.825589e+03 5.816628e+03
1.6 5.810625e+03 5.816621e+03 5.825564e+03 5.819569e+03
2.6 5.845446e+03 5.815590e+03 5.825634e+03 5.855490e+03
3.6 5.847163e+03 5.815280e+03 5.825734e+03 5.857617e+03
4.6 5.851294e+03 5.815934e+03 5.825746e+03 5.861106e+03
5.6 5.852268e+03 5.817094e+03 5.825671e+03 5.860846e+03
6.6 5.824241e+03 5.817219e+03 5.825589e+03 5.832610e+03
7.6 5.818493e+03 5.816711e+03 5.825533e+03 5.827316e+03
8.6 5.799894e+03 5.816411e+03 5.825504e+03 5.808987e+03
9.6 5.817041e+03 5.818582e+03 5.825493e+03 5.823952e+03
10.6 5.798712e+03 5.822215e+03 5.825492e+03 5.801989e+03
11.6 5.810609e+03 5.823405e+03 5.825496e+03 5.812700e+03
12.6 5.801165e+03 5.821815e+03 5.825502e+03 5.804852e+03
13.6 5.827045e+03 5.821343e+03 5.825508e+03 5.831210e+03
14.6 5.794020e+03 5.824354e+03 5.825512e+03 5.795178e+03
15.6 5.848409e+03 5.827539e+03 5.825514e+03 5.846384e+03
16.6 5.875947e+03 5.828939e+03 5.825516e+03 5.872524e+03
17.6 5.865004e+03 5.825897e+03 5.825517e+03 5.864624e+03
18.6 5.836144e+03 5.821203e+03 5.825517e+03 5.840457e+03
19.6 5.779832e+03 5.817634e+03 5.825517e+03 5.787715e+03
20.6 5.766233e+03 5.815654e+03 5.825517e+03 5.776096e+03
21.6 5.797491e+03 5.814812e+03 5.825517e+03 5.808196e+03
0.4 5.842007e+03 5.829081e+03 5.825517e+03 5.838443e+03
1.4 5.792565e+03 5.824114e+03 5.825531e+03 5.793982e+03
2.4 5.789653e+03 5.818951e+03 5.825614e+03 5.796315e+03
3.4 5.787542e+03 5.815253e+03 5.825732e+03 5.798020e+03
4.4 5.811467e+03 5.814104e+03 5.825769e+03 5.823132e+03
5.4 5.797069e+03 5.815144e+03 5.825702e+03 5.807628e+03
6.4 5.806940e+03 5.816792e+03 5.825613e+03 5.815762e+03
7.4 5.816946e+03 5.818538e+03 5.825549e+03 5.823956e+03
8.4 5.816406e+03 5.820484e+03 5.825513e+03 5.821435e+03
9.4 5.846568e+03 5.824194e+03 5.825497e+03 5.847872e+03
10.4 5.850912e+03 5.827597e+03 5.825493e+03 5.848808e+03
11.4 5.802104e+03 5.828910e+03 5.825496e+03 5.798690e+03
12.4 5.829166e+03 5.826780e+03 5.825502e+03 5.827888e+03
13.4 5.848883e+03 5.822601e+03 5.825507e+03 5.851789e+03
14.4 5.834148e+03 5.818721e+03 5.825511e+03 5.840939e+03
15.4 5.807380e+03 5.816240e+03 5.825514e+03 5.816654e+03
16.4 5.828348e+03 5.815040e+03 5.825516e+03 5.838823e+03
17.4 5.817057e+03 5.814705e+03 5.825516e+03 5.827869e+03
18.4 5.846631e+03 5.815451e+03 5.825517e+03 5.856697e+03
19.4 5.881015e+03 5.817340e+03 5.825517e+03 5.889193e+03
20.4 5.841741e+03 5.819006e+03 5.825517e+03 5.848252e+03
21.4 5.822696e+03 5.819819e+03 5.825517e+03 5.828394e+03
0.1 5.809479e+03 5.828672e+03 5.825517e+03 5.806324e+03
1.1 5.841330e+03 5.830481e+03 5.825523e+03 5.836372e+03
2.1 5.840602e+03 5.827824e+03 5.825586e+03 5.838363e+03
3.1 5.777839e+03 5.822857e+03 5.825704e+03 5.780686e+03
4.1 5.796033e+03 5.818965e+03 5.825771e+03 5.802840e+03
5.1 5.782373e+03 5.817627e+03 5.825728e+03 5.790475e+03
6.1 5.793069e+03 5.816994e+03 5.825691e+03 5.801766e+03
7.1 5.778593e+03 5.817094e+03 5.825695e+03 5.787193e+03
8.1 5.818342e+03 5.820642e+03 5.825654e+03 5.823353e+03
9.1 5.860053e+03 5.823507e+03 5.825585e+03 5.862131e+03
10.1 5.884413e+03 5.826227e+03 5.825532e+03 5.883718e+03
11.1 5.855885e+03 5.826847e+03 5.825505e+03 5.854542e+03
12.1 5.836656e+03 5.824416e+03 5.825494e+03 5.837735e+03
13.1 5.810060e+03 5.820804e+03 5.825494e+03 5.814749e+03
14.1 5.868336e+03 5.824756e+03 5.825498e+03 5.869078e+03
15.1 5.852541e+03 5.844613e+03 5.825503e+03 5.833431e+03
16.1 5.868133e+03 5.859403e+03 5.825508e+03 5.834238e+03
17.1 5.842910e+03 5.856006e+03 5.825512e+03 5.812416e+03
18.1 5.818343e+03 5.843055e+03 5.825514e+03 5.800802e+03
19.1 5.875767e+03 5.832865e+03 5.825516e+03 5.868418e+03
20.1 5.865514e+03 5.826044e+03 5.825516e+03 5.864987e+03
21.1 5.891422e+03 5.820767e+03 5.825517e+03 5.896172e+03
1.0 5.782373e+03 5.817627e+03 5.825728e+03 5.790475e+03
2.0 5.793069e+03 5.816994e+03 5.825691e+03 5.801766e+03
3.0 5.778593e+03 5.817094e+03 5.825695e+03 5.787193e+03
4.0 5.818342e+03 5.820642e+03 5.825654e+03 5.823353e+03
5.0 5.860053e+03 5.823507e+03 5.825585e+03 5.862131e+03
6.0 5.884413e+03 5.826227e+03 5.825532e+03 5.883718e+03
7.0 5.855885e+03 5.826847e+03 5.825505e+03 5.854542e+03
8.0 5.836656e+03 5.824416e+03 5.825494e+03 5.837735e+03
9.0 5.810060e+03 5.820804e+03 5.825494e+03 5.814749e+03
10.0 5.868336e+03 5.824756e+03 5.825498e+03 5.869078e+03
11.0 5.852541e+03 5.844613e+03 5.825503e+03 5.833431e+03
12.0 5.868133e+03 5.859403e+03 5.825508e+03 5.834238e+03
13.0 5.842910e+03 5.856006e+03 5.825512e+03 5.812416e+03
14.0 5.818343e+03 5.843055e+03 5.825514e+03 5.800802e+03
15.0 5.875767e+03 5.832865e+03 5.825516e+03 5.868418e+03
16.0 5.865514e+03 5.826044e+03 5.825516e+03 5.864987e+03
17.0 5.891422e+03 5.820767e+03 5.825517e+03 5.896172e+03
18.0 5.854644e+03 5.819259e+03 5.825517e+03 5.860902e+03
19.0 5.837886e+03 5.820383e+03 5.825517e+03 5.843021e+03
20.0 5.832106e+03 5.820429e+03 5.825517e+03 5.837194e+03
21.0 5.809959e+03 5.818721e+03 5.825517e+03 5.816756e+03
22.0 5.842500e+03 5.816755e+03 5.825517e+03 5.851262e+03
0.8 5.812004e+03 5.820451e+03 5.825518e+03 5.817071e+03
1.8 5.777618e+03 5.819641e+03 5.825557e+03 5.783535e+03
2.8 5.815916e+03 5.817578e+03 5.825661e+03 5.823999e+03
3.8 5.843286e+03 5.817790e+03 5.825718e+03 5.851215e+03
4.8 5.852203e+03 5.821278e+03 5.825677e+03 5.856602e+03
5.8 5.867403e+03 5.828304e+03 5.825605e+03 5.864704e+03
6.8 5.888989e+03 5.843718e+03 5.825550e+03 5.870821e+03
7.8 5.857781e+03 5.850606e+03 5.825518e+03 5.832694e+03
8.8 5.818315e+03 5.845911e+03 5.825503e+03 5.797907e+03
9.8 5.830621e+03 5.849174e+03 5.825499e+03 5.806946e+03
10.8 5.845109e+03 5.861205e+03 5.825500e+03 5.809404e+03
11.8 5.868446e+03 5.861037e+03 5.825504e+03 5.832913e+03
12.8 5.858106e+03 5.847770e+03 5.825509e+03 5.835846e+03
13.8 5.819333e+03 5.831620e+03 5.825512e+03 5.813225e+03
14.8 5.799036e+03 5.819909e+03 5.825519e+03 5.804646e+03
15.8 5.826432e+03 5.813639e+03 5.825578e+03 5.838371e+03
16.8 5.800197e+03 5.811247e+03 5.825697e+03 5.814647e+03
17.8 5.815995e+03 5.811794e+03 5.825770e+03 5.829971e+03
18.8 5.804657e+03 5.816886e+03 5.825730e+03 5.813500e+03
19.8 5.853659e+03 5.823120e+03 5.825640e+03 5.856179e+03
20.8 5.864214e+03 5.827677e+03 5.825566e+03 5.862102e+03
21.8 5.876928e+03 5.830094e+03 5.825522e+03 5.872355e+03
0.1 5.819333e+03 5.831620e+03 5.825512e+03 5.813225e+03
1.1 5.799036e+03 5.819909e+03 5.825519e+03 5.804646e+03
2.1 5.826432e+03 5.813639e+03 5.825578e+03 5.838371e+03
3.1 5.800197e+03 5.811247e+03 5.825697e+03 5.814647e+03
4.1 5.815995e+03 5.811794e+03 5.825770e+03 5.829971e+03
5.1 5.804657e+03 5.816886e+03 5.825730e+03 5.813500e+03
6.1 5.853659e+03 5.823120e+03 5.825640e+03 5.856179e+03
7.1 5.864214e+03 5.827677e+03 5.825566e+03 5.862102e+03
8.1 5.876928e+03 5.830094e+03 5.825522e+03 5.872355e+03
9.1 5.842048e+03 5.827797e+03 5.825500e+03 5.839752e+03
10.1 5.824755e+03 5.822776e+03 5.825493e+03 5.827473e+03
11.1 5.800039e+03 5.818485e+03 5.825496e+03 5.807051e+03
12.1 5.826594e+03 5.815981e+03 5.825544e+03 5.836157e+03
13.1 5.815080e+03 5.814934e+03 5.825661e+03 5.825808e+03
14.1 5.809836e+03 5.815064e+03 5.825758e+03 5.820531e+03
15.1 5.819486e+03 5.818781e+03 5.825741e+03 5.826446e+03
16.1 5.838879e+03 5.821969e+03 5.825656e+03 5.842566e+03
0.9 5.800039e+03 5.818485e+03 5.825496e+03 5.807051e+03
1.9 5.826594e+03 5.815981e+03 5.825544e+03 5.836157e+03
2.9 5.815080e+03 5.814934e+03 5.825661e+03 5.825808e+03
3.9 5.809836e+03 5.815064e+03 5.825758e+03 5.820531e+03
4.9 5.819486e+03 5.818781e+03 5.825741e+03 5.826446e+03
5.9 5.838879e+03 5.821969e+03 5.825656e+03 5.842566e+03
