0.4 1.098028e+04 1.091045e+04 1.090641e+04 1.097624e+04
1.4 1.098434e+04 1.092034e+04 1.091182e+04 1.097583e+04
2.4 1.100078e+04 1.093320e+04 1.093029e+04 1.099788e+04
3.4 1.097124e+04 1.092365e+04 1.093624e+04 1.098383e+04
4.4 1.087876e+04 1.089592e+04 1.092766e+04 1.091049e+04
5.4 1.083062e+04 1.087956e+04 1.091708e+04 1.086814e+04
6.4 1.096830e+04 1.089109e+04 1.090987e+04 1.098708e+04
7.4 1.092669e+04 1.090194e+04 1.090592e+04 1.093067e+04
8.4 1.091968e+04 1.090234e+04 1.090413e+04 1.092148e+04
9.4 1.090703e+04 1.090036e+04 1.090373e+04 1.091039e+04
10.4 1.095083e+04 1.090500e+04 1.091034e+04 1.095616e+04
11.4 1.096203e+04 1.092147e+04 1.092945e+04 1.097001e+04
12.4 1.093417e+04 1.092477e+04 1.093491e+04 1.094431e+04
13.4 1.094754e+04 1.091648e+04 1.092709e+04 1.095815e+04
14.4 1.092960e+04 1.091959e+04 1.093048e+04 1.094049e+04
15.4 1.089547e+04 1.092702e+04 1.093868e+04 1.090713e+04
16.4 1.091171e+04 1.092023e+04 1.093232e+04 1.092380e+04
17.4 1.099854e+04 1.091682e+04 1.091988e+04 1.100160e+04
18.4 1.095948e+04 1.093371e+04 1.091044e+04 1.093621e+04
19.4 1.091988e+04 1.095128e+04 1.091251e+04 1.088110e+04
20.4 1.095493e+04 1.095753e+04 1.092873e+04 1.092613e+04
0.5 1.090703e+04 1.090036e+04 1.090373e+04 1.091039e+04
1.5 1.095083e+04 1.090500e+04 1.091034e+04 1.095616e+04
2.5 1.096203e+04 1.092147e+04 1.092945e+04 1.097001e+04
3.5 1.093417e+04 1.092477e+04 1.093491e+04 1.094431e+04
4.5 1.094754e+04 1.091648e+04 1.092709e+04 1.095815e+04
5.5 1.092960e+04 1.091959e+04 1.093048e+04 1.094049e+04
6.5 1.089547e+04 1.092702e+04 1.093868e+04 1.090713e+04
7.5 1.091171e+04 1.092023e+04 1.093232e+04 1.092380e+04
8.5 1.099854e+04 1.091682e+04 1.091988e+04 1.100160e+04
9.5 1.095948e+04 1.093371e+04 1.091044e+04 1.093621e+04
10.5 1.091988e+04 1.095128e+04 1.091251e+04 1.088110e+04
11.5 1.095493e+04 1.095753e+04 1.092873e+04 1.092613e+04
12.5 1.091009e+04 1.094315e+04 1.093207e+04 1.089901e+04
13.5 1.087445e+04 1.093235e+04 1.092316e+04 1.086526e+04
14.5 1.093729e+04 1.093775e+04 1.091722e+04 1.091677e+04
15.5 1.093432e+04 1.094705e+04 1.092920e+04 1.091647e+04
16.5 1.092221e+04 1.094500e+04 1.093487e+04 1.091208e+04
17.5 1.088090e+04 1.094850e+04 1.092637e+04 1.085877e+04
18.5 1.092960e+04 1.095620e+04 1.091902e+04 1.089243e+04
19.5 1.098609e+04 1.095959e+04 1.092976e+04 1.095625e+04
20.5 1.094575e+04 1.094672e+04 1.093480e+04 1.093384e+04
0.9 1.094754e+04 1.091648e+04 1.092709e+04 1.095815e+04
1.9 1.092960e+04 1.091959e+04 1.093048e+04 1.094049e+04
2.9 1.089547e+04 1.092702e+04 1.093868e+04 1.090713e+04
3.9 1.091171e+04 1.092023e+04 1.093232e+04 1.092380e+04
4.9 1.099854e+04 1.091682e+04 1.091988e+04 1.100160e+04
5.9 1.095948e+04 1.093371e+04 1.091044e+04 1.093621e+04
6.9 1.091988e+04 1.095128e+04 1.091251e+04 1.088110e+04
7.9 1.095493e+04 1.095753e+04 1.092873e+04 1.092613e+04
8.9 1.091009e+04 1.094315e+04 1.093207e+04 1.089901e+04
9.9 1.087445e+04 1.093235e+04 1.092316e+04 1.086526e+04
10.9 1.093729e+04 1.093775e+04 1.091722e+04 1.091677e+04
11.9 1.093432e+04 1.094705e+04 1.092920e+04 1.091647e+04
12.9 1.092221e+04 1.094500e+04 1.093487e+04 1.091208e+04
13.9 1.088090e+04 1.094850e+04 1.092637e+04 1.085877e+04
14.9 1.092960e+04 1.095620e+04 1.091902e+04 1.089243e+04
15.9 1.098609e+04 1.095959e+04 1.092976e+04 1.095625e+04
16.9 1.094575e+04 1.094672e+04 1.093480e+04 1.093384e+04
17.9 1.090130e+04 1.092435e+04 1.092607e+04 1.090302e+04
18.9 1.093420e+04 1.090894e+04 1.091834e+04 1.094361e+04
19.9 1.094817e+04 1.091461e+04 1.092891e+04 1.096246e+04
20.9 1.091282e+04 1.091231e+04 1.093456e+04 1.093506e+04
0.5 1.095948e+04 1.093371e+04 1.091044e+04 1.093621e+04
1.5 1.091988e+04 1.095128e+04 1.091251e+04 1.088110e+04
2.5 1.095493e+04 1.095753e+04 1.092873e+04 1.092613e+04
3.5 1.091009e+04 1.094315e+04 1.093207e+04 1.089901e+04
4.5 1.087445e+04 1.093235e+04 1.092316e+04 1.086526e+04
5.5 1.093729e+04 1.093775e+04 1.091722e+04 1.091677e+04
6.5 1.093432e+04 1.094705e+04 1.092920e+04 1.091647e+04
7.5 1.092221e+04 1.094500e+04 1.093487e+04 1.091208e+04
8.5 1.088090e+04 1.094850e+04 1.092637e+04 1.085877e+04
9.5 1.092960e+04 1.095620e+04 1.091902e+04 1.089243e+04
10.5 1.098609e+04 1.095959e+04 1.092976e+04 1.095625e+04
11.5 1.094575e+04 1.094672e+04 1.093480e+04 1.093384e+04
12.5 1.090130e+04 1.092435e+04 1.092607e+04 1.090302e+04
13.5 1.093420e+04 1.090894e+04 1.091834e+04 1.094361e+04
14.5 1.094817e+04 1.091461e+04 1.092891e+04 1.096246e+04
15.5 1.091282e+04 1.091231e+04 1.093456e+04 1.093506e+04
16.5 1.082578e+04 1.089051e+04 1.092619e+04 1.086147e+04
17.5 1.084982e+04 1.087276e+04 1.091739e+04 1.089446e+04
18.5 1.094086e+04 1.088657e+04 1.092685e+04 1.098114e+04
19.5 1.088521e+04 1.090568e+04 1.093456e+04 1.091409e+04
20.5 1.077274e+04 1.091315e+04 1.092743e+04 1.078702e+04
0.3 1.087445e+04 1.093235e+04 1.092316e+04 1.086526e+04
1.3 1.093729e+04 1.093775e+04 1.091722e+04 1.091677e+04
2.3 1.093432e+04 1.094705e+04 1.092920e+04 1.091647e+04
3.3 1.092221e+04 1.094500e+04 1.093487e+04 1.091208e+04
4.3 1.088090e+04 1.094850e+04 1.092637e+04 1.085877e+04
5.3 1.092960e+04 1.095620e+04 1.091902e+04 1.089243e+04
6.3 1.098609e+04 1.095959e+04 1.092976e+04 1.095625e+04
7.3 1.094575e+04 1.094672e+04 1.093480e+04 1.093384e+04
8.3 1.090130e+04 1.092435e+04 1.092607e+04 1.090302e+04
9.3 1.093420e+04 1.090894e+04 1.091834e+04 1.094361e+04
10.3 1.094817e+04 1.091461e+04 1.092891e+04 1.096246e+04
11.3 1.091282e+04 1.091231e+04 1.093456e+04 1.093506e+04
12.3 1.082578e+04 1.089051e+04 1.092619e+04 1.086147e+04
13.3 1.084982e+04 1.087276e+04 1.091739e+04 1.089446e+04
14.3 1.094086e+04 1.088657e+04 1.092685e+04 1.098114e+04
15.3 1.088521e+04 1.090568e+04 1.093456e+04 1.091409e+04
16.3 1.077274e+04 1.091315e+04 1.092743e+04 1.078702e+04
17.3 1.077288e+04 1.091775e+04 1.091642e+04 1.077155e+04
18.3 1.085387e+04 1.092247e+04 1.091261e+04 1.084401e+04
19.3 1.098691e+04 1.093392e+04 1.092676e+04 1.097975e+04
20.3 1.096991e+04 1.093306e+04 1.093332e+04 1.097017e+04
0.3 1.088090e+04 1.094850e+04 1.092637e+04 1.085877e+04
1.3 1.092960e+04 1.095620e+04 1.091902e+04 1.089243e+04
2.3 1.098609e+04 1.095959e+04 1.092976e+04 1.095625e+04
3.3 1.094575e+04 1.094672e+04 1.093480e+04 1.093384e+04
4.3 1.090130e+04 1.092435e+04 1.092607e+04 1.090302e+04
5.3 1.093420e+04 1.090894e+04 1.091834e+04 1.094361e+04
6.3 1.094817e+04 1.091461e+04 1.092891e+04 1.096246e+04
7.3 1.091282e+04 1.091231e+04 1.093456e+04 1.093506e+04
8.3 1.082578e+04 1.089051e+04 1.092619e+04 1.086147e+04
9.3 1.084982e+04 1.087276e+04 1.091739e+04 1.089446e+04
10.3 1.094086e+04 1.088657e+04 1.092685e+04 1.098114e+04
11.3 1.088521e+04 1.090568e+04 1.093456e+04 1.091409e+04
12.3 1.077274e+04 1.091315e+04 1.092743e+04 1.078702e+04
13.3 1.077288e+04 1.091775e+04 1.091642e+04 1.077155e+04
14.3 1.085387e+04 1.092247e+04 1.091261e+04 1.084401e+04
15.3 1.098691e+04 1.093392e+04 1.092676e+04 1.097975e+04
16.3 1.096991e+04 1.093306e+04 1.093332e+04 1.097017e+04
17.3 1.089042e+04 1.091880e+04 1.092552e+04 1.089713e+04
18.3 1.088880e+04 1.090441e+04 1.091526e+04 1.089966e+04
19.3 1.090867e+04 1.089580e+04 1.090841e+04 1.092129e+04
20.3 1.087630e+04 1.090168e+04 1.090489e+04 1.087951e+04
0.2 1.090130e+04 1.092435e+04 1.092607e+04 1.090302e+04
1.2 1.093420e+04 1.090894e+04 1.091834e+04 1.094361e+04
2.2 1.094817e+04 1.091461e+04 1.092891e+04 1.096246e+04
3.2 1.091282e+04 1.091231e+04 1.093456e+04 1.093506e+04
4.2 1.082578e+04 1.089051e+04 1.092619e+04 1.086147e+04
5.2 1.084982e+04 1.087276e+04 1.091739e+04 1.089446e+04
6.2 1.094086e+04 1.088657e+04 1.092685e+04 1.098114e+04
7.2 1.088521e+04 1.090568e+04 1.093456e+04 1.091409e+04
8.2 1.077274e+04 1.091315e+04 1.092743e+04 1.078702e+04
9.2 1.077288e+04 1.091775e+04 1.091642e+04 1.077155e+04
10.2 1.085387e+04 1.092247e+04 1.091261e+04 1.084401e+04
11.2 1.098691e+04 1.093392e+04 1.092676e+04 1.097975e+04
12.2 1.096991e+04 1.093306e+04 1.093332e+04 1.097017e+04
13.2 1.089042e+04 1.091880e+04 1.092552e+04 1.089713e+04
14.2 1.088880e+04 1.090441e+04 1.091526e+04 1.089966e+04
15.2 1.090867e+04 1.089580e+04 1.090841e+04 1.092129e+04
16.2 1.087630e+04 1.090168e+04 1.090489e+04 1.087951e+04
17.2 1.083181e+04 1.092465e+04 1.090356e+04 1.081072e+04
18.2 1.088433e+04 1.094501e+04 1.091200e+04 1.085132e+04
19.2 1.096974e+04 1.095325e+04 1.093046e+04 1.094695e+04
20.2 1.096350e+04 1.094020e+04 1.093336e+04 1.095667e+04
0.1 1.082578e+04 1.089051e+04 1.092619e+04 1.086147e+04
1.1 1.084982e+04 1.087276e+04 1.091739e+04 1.089446e+04
2.1 1.094086e+04 1.088657e+04 1.092685e+04 1.098114e+04
3.1 1.088521e+04 1.090568e+04 1.093456e+04 1.091409e+04
4.1 1.077274e+04 1.091315e+04 1.092743e+04 1.078702e+04
5.1 1.077288e+04 1.091775e+04 1.091642e+04 1.077155e+04
6.1 1.085387e+04 1.092247e+04 1.091261e+04 1.084401e+04
7.1 1.098691e+04 1.093392e+04 1.092676e+04 1.097975e+04
8.1 1.096991e+04 1.093306e+04 1.093332e+04 1.097017e+04
9.1 1.089042e+04 1.091880e+04 1.092552e+04 1.089713e+04
10.1 1.088880e+04 1.090441e+04 1.091526e+04 1.089966e+04
11.1 1.090867e+04 1.089580e+04 1.090841e+04 1.092129e+04
12.1 1.087630e+04 1.090168e+04 1.090489e+04 1.087951e+04
13.1 1.083181e+04 1.092465e+04 1.090356e+04 1.081072e+04
14.1 1.088433e+04 1.094501e+04 1.091200e+04 1.085132e+04
15.1 1.096974e+04 1.095325e+04 1.093046e+04 1.094695e+04
16.1 1.096350e+04 1.094020e+04 1.093336e+04 1.095667e+04
17.1 1.089000e+04 1.092365e+04 1.092419e+04 1.089055e+04
18.1 1.082465e+04 1.091630e+04 1.091506e+04 1.082340e+04
19.1 1.087247e+04 1.092148e+04 1.092102e+04 1.087202e+04
20.1 1.086087e+04 1.092881e+04 1.093392e+04 1.086598e+04
0.3 1.077288e+04 1.091775e+04 1.091642e+04 1.077155e+04
1.3 1.085387e+04 1.092247e+04 1.091261e+04 1.084401e+04
2.3 1.098691e+04 1.093392e+04 1.092676e+04 1.097975e+04
3.3 1.096991e+04 1.093306e+04 1.093332e+04 1.097017e+04
4.3 1.089042e+04 1.091880e+04 1.092552e+04 1.089713e+04
5.3 1.088880e+04 1.090441e+04 1.091526e+04 1.089966e+04
6.3 1.090867e+04 1.089580e+04 1.090841e+04 1.092129e+04
7.3 1.087630e+04 1.090168e+04 1.090489e+04 1.087951e+04
8.3 1.083181e+04 1.092465e+04 1.090356e+04 1.081072e+04
9.3 1.088433e+04 1.094501e+04 1.091200e+04 1.085132e+04
10.3 1.096974e+04 1.095325e+04 1.093046e+04 1.094695e+04
11.3 1.096350e+04 1.094020e+04 1.093336e+04 1.095667e+04
12.3 1.089000e+04 1.092365e+04 1.092419e+04 1.089055e+04
13.3 1.082465e+04 1.091630e+04 1.091506e+04 1.082340e+04
14.3 1.087247e+04 1.092148e+04 1.092102e+04 1.087202e+04
15.3 1.086087e+04 1.092881e+04 1.093392e+04 1.086598e+04
16.3 1.083093e+04 1.092081e+04 1.093125e+04 1.084137e+04
17.3 1.092665e+04 1.090896e+04 1.092046e+04 1.093815e+04
18.3 1.095889e+04 1.090673e+04 1.091149e+04 1.096365e+04
19.3 1.094079e+04 1.091087e+04 1.090637e+04 1.093629e+04
20.3 1.092338e+04 1.091815e+04 1.090400e+04 1.090924e+04
0.6 1.083181e+04 1.092465e+04 1.090356e+04 1.081072e+04
1.6 1.088433e+04 1.094501e+04 1.091200e+04 1.085132e+04
2.6 1.096974e+04 1.095325e+04 1.093046e+04 1.094695e+04
3.6 1.096350e+04 1.094020e+04 1.093336e+04 1.095667e+04
4.6 1.089000e+04 1.092365e+04 1.092419e+04 1.089055e+04
5.6 1.082465e+04 1.091630e+04 1.091506e+04 1.082340e+04
6.6 1.087247e+04 1.092148e+04 1.092102e+04 1.087202e+04
7.6 1.086087e+04 1.092881e+04 1.093392e+04 1.086598e+04
8.6 1.083093e+04 1.092081e+04 1.093125e+04 1.084137e+04
9.6 1.092665e+04 1.090896e+04 1.092046e+04 1.093815e+04
10.6 1.095889e+04 1.090673e+04 1.091149e+04 1.096365e+04
11.6 1.094079e+04 1.091087e+04 1.090637e+04 1.093629e+04
12.6 1.092338e+04 1.091815e+04 1.090400e+04 1.090924e+04
13.6 1.096817e+04 1.092462e+04 1.090328e+04 1.094682e+04
14.6 1.094113e+04 1.091827e+04 1.090349e+04 1.092635e+04
15.6 1.093254e+04 1.090653e+04 1.090415e+04 1.093016e+04
16.6 1.091573e+04 1.089838e+04 1.090488e+04 1.092224e+04
17.6 1.088405e+04 1.090674e+04 1.090549e+04 1.088280e+04
18.6 1.090673e+04 1.092691e+04 1.090590e+04 1.088572e+04
19.6 1.095276e+04 1.094059e+04 1.090615e+04 1.091831e+04
20.6 1.093982e+04 1.093532e+04 1.090628e+04 1.091078e+04
0.8 1.082465e+04 1.091630e+04 1.091506e+04 1.082340e+04
1.8 1.087247e+04 1.092148e+04 1.092102e+04 1.087202e+04
2.8 1.086087e+04 1.092881e+04 1.093392e+04 1.086598e+04
3.8 1.083093e+04 1.092081e+04 1.093125e+04 1.084137e+04
4.8 1.092665e+04 1.090896e+04 1.092046e+04 1.093815e+04
5.8 1.095889e+04 1.090673e+04 1.091149e+04 1.096365e+04
6.8 1.094079e+04 1.091087e+04 1.090637e+04 1.093629e+04
7.8 1.092338e+04 1.091815e+04 1.090400e+04 1.090924e+04
8.8 1.096817e+04 1.092462e+04 1.090328e+04 1.094682e+04
9.8 1.094113e+04 1.091827e+04 1.090349e+04 1.092635e+04
10.8 1.093254e+04 1.090653e+04 1.090415e+04 1.093016e+04
11.8 1.091573e+04 1.089838e+04 1.090488e+04 1.092224e+04
12.8 1.088405e+04 1.090674e+04 1.090549e+04 1.088280e+04
13.8 1.090673e+04 1.092691e+04 1.090590e+04 1.088572e+04
14.8 1.095276e+04 1.094059e+04 1.090615e+04 1.091831e+04
15.8 1.093982e+04 1.093532e+04 1.090628e+04 1.091078e+04
16.8 1.095851e+04 1.093014e+04 1.090635e+04 1.093472e+04
17.8 1.100947e+04 1.094285e+04 1.090647e+04 1.097309e+04
18.8 1.100860e+04 1.095556e+04 1.091510e+04 1.096815e+04
19.8 1.102400e+04 1.095733e+04 1.093308e+04 1.099975e+04
20.8 1.098189e+04 1.093946e+04 1.093525e+04 1.097768e+04
0.6 1.100947e+04 1.094285e+04 1.090647e+04 1.097309e+04
1.6 1.100860e+04 1.095556e+04 1.091510e+04 1.096815e+04
2.6 1.102400e+04 1.095733e+04 1.093308e+04 1.099975e+04
3.6 1.098189e+04 1.093946e+04 1.093525e+04 1.097768e+04
4.6 1.093350e+04 1.091603e+04 1.092540e+04 1.094287e+04
5.6 1.086791e+04 1.089911e+04 1.091533e+04 1.088413e+04
6.6 1.089161e+04 1.089013e+04 1.090886e+04 1.091034e+04
7.6 1.086487e+04 1.088663e+04 1.090542e+04 1.088367e+04
8.6 1.091534e+04 1.088854e+04 1.090396e+04 1.093076e+04
9.6 1.097071e+04 1.090670e+04 1.090373e+04 1.096774e+04
10.6 1.100084e+04 1.093270e+04 1.090545e+04 1.097359e+04
11.6 1.094324e+04 1.095146e+04 1.092138e+04 1.091315e+04
12.6 1.087838e+04 1.095177e+04 1.093525e+04 1.086185e+04
13.6 1.091839e+04 1.093625e+04 1.093349e+04 1.091564e+04
14.6 1.096890e+04 1.093269e+04 1.093954e+04 1.097575e+04
15.6 1.095253e+04 1.093070e+04 1.094231e+04 1.096413e+04
16.6 1.085465e+04 1.092378e+04 1.093150e+04 1.086236e+04
17.6 1.089780e+04 1.091933e+04 1.091805e+04 1.089651e+04
18.6 1.088075e+04 1.091954e+04 1.090889e+04 1.087010e+04
19.6 1.089419e+04 1.092442e+04 1.090423e+04 1.087400e+04
20.6 1.088047e+04 1.091981e+04 1.090249e+04 1.086315e+04
1.0 1.100084e+04 1.093270e+04 1.090545e+04 1.097359e+04
2.0 1.094324e+04 1.095146e+04 1.092138e+04 1.091315e+04
3.0 1.087838e+04 1.095177e+04 1.093525e+04 1.086185e+04
4.0 1.091839e+04 1.093625e+04 1.093349e+04 1.091564e+04
5.0 1.096890e+04 1.093269e+04 1.093954e+04 1.097575e+04
6.0 1.095253e+04 1.093070e+04 1.094231e+04 1.096413e+04
7.0 1.085465e+04 1.092378e+04 1.093150e+04 1.086236e+04
8.0 1.089780e+04 1.091933e+04 1.091805e+04 1.089651e+04
9.0 1.088075e+04 1.091954e+04 1.090889e+04 1.087010e+04
10.0 1.089419e+04 1.092442e+04 1.090423e+04 1.087400e+04
11.0 1.088047e+04 1.091981e+04 1.090249e+04 1.086315e+04
12.0 1.087213e+04 1.090965e+04 1.090240e+04 1.086489e+04
13.0 1.095651e+04 1.090628e+04 1.090853e+04 1.095876e+04
14.0 1.098734e+04 1.091803e+04 1.092795e+04 1.099726e+04
15.0 1.089508e+04 1.091385e+04 1.093476e+04 1.091599e+04
16.0 1.081812e+04 1.090073e+04 1.092681e+04 1.084420e+04
17.0 1.090095e+04 1.090527e+04 1.091663e+04 1.091230e+04
18.0 1.093477e+04 1.090843e+04 1.090965e+04 1.093600e+04
19.0 1.089592e+04 1.090352e+04 1.090582e+04 1.089823e+04
20.0 1.079098e+04 1.089747e+04 1.090409e+04 1.079760e+04
21.0 1.079527e+04 1.089373e+04 1.090369e+04 1.080524e+04
0.1 1.087838e+04 1.095177e+04 1.093525e+04 1.086185e+04
1.1 1.091839e+04 1.093625e+04 1.093349e+04 1.091564e+04
2.1 1.096890e+04 1.093269e+04 1.093954e+04 1.097575e+04
3.1 1.095253e+04 1.093070e+04 1.094231e+04 1.096413e+04
4.1 1.085465e+04 1.092378e+04 1.093150e+04 1.086236e+04
5.1 1.089780e+04 1.091933e+04 1.091805e+04 1.089651e+04
6.1 1.088075e+04 1.091954e+04 1.090889e+04 1.087010e+04
7.1 1.089419e+04 1.092442e+04 1.090423e+04 1.087400e+04
8.1 1.088047e+04 1.091981e+04 1.090249e+04 1.086315e+04
9.1 1.087213e+04 1.090965e+04 1.090240e+04 1.086489e+04
10.1 1.095651e+04 1.090628e+04 1.090853e+04 1.095876e+04
11.1 1.098734e+04 1.091803e+04 1.092795e+04 1.099726e+04
12.1 1.089508e+04 1.091385e+04 1.093476e+04 1.091599e+04
13.1 1.081812e+04 1.090073e+04 1.092681e+04 1.084420e+04
14.1 1.090095e+04 1.090527e+04 1.091663e+04 1.091230e+04
15.1 1.093477e+04 1.090843e+04 1.090965e+04 1.093600e+04
16.1 1.089592e+04 1.090352e+04 1.090582e+04 1.089823e+04
17.1 1.079098e+04 1.089747e+04 1.090409e+04 1.079760e+04
18.1 1.079527e+04 1.089373e+04 1.090369e+04 1.080524e+04
19.1 1.094512e+04 1.089210e+04 1.090405e+04 1.095706e+04
20.1 1.094957e+04 1.089231e+04 1.090468e+04 1.096195e+04
0.4 1.087213e+04 1.090965e+04 1.090240e+04 1.086489e+04
1.4 1.095651e+04 1.090628e+04 1.090853e+04 1.095876e+04
2.4 1.098734e+04 1.091803e+04 1.092795e+04 1.099726e+04
3.4 1.089508e+04 1.091385e+04 1.093476e+04 1.091599e+04
4.4 1.081812e+04 1.090073e+04 1.092681e+04 1.084420e+04
5.4 1.090095e+04 1.090527e+04 1.091663e+04 1.091230e+04
6.4 1.093477e+04 1.090843e+04 1.090965e+04 1.093600e+04
7.4 1.089592e+04 1.090352e+04 1.090582e+04 1.089823e+04
8.4 1.079098e+04 1.089747e+04 1.090409e+04 1.079760e+04
9.4 1.079527e+04 1.089373e+04 1.090369e+04 1.080524e+04
10.4 1.094512e+04 1.089210e+04 1.090405e+04 1.095706e+04
11.4 1.094957e+04 1.089231e+04 1.090468e+04 1.096195e+04
12.4 1.093699e+04 1.089417e+04 1.090531e+04 1.094812e+04
13.4 1.088667e+04 1.090201e+04 1.090577e+04 1.089043e+04
14.4 1.087548e+04 1.091549e+04 1.090607e+04 1.086607e+04
15.4 1.091979e+04 1.091262e+04 1.090624e+04 1.091342e+04
16.4 1.099129e+04 1.089716e+04 1.090799e+04 1.100212e+04
17.4 1.097923e+04 1.090285e+04 1.092407e+04 1.100045e+04
18.4 1.093664e+04 1.091479e+04 1.093642e+04 1.095826e+04
19.4 1.084902e+04 1.091909e+04 1.093137e+04 1.086129e+04
20.4 1.086420e+04 1.093215e+04 1.092125e+04 1.085330e+04
0.1 1.091979e+04 1.091262e+04 1.090624e+04 1.091342e+04
1.1 1.099129e+04 1.089716e+04 1.090799e+04 1.100212e+04
2.1 1.097923e+04 1.090285e+04 1.092407e+04 1.100045e+04
3.1 1.093664e+04 1.091479e+04 1.093642e+04 1.095826e+04
4.1 1.084902e+04 1.091909e+04 1.093137e+04 1.086129e+04
5.1 1.086420e+04 1.093215e+04 1.092125e+04 1.085330e+04
6.1 1.085701e+04 1.094806e+04 1.092675e+04 1.083570e+04
7.1 1.102931e+04 1.094988e+04 1.093643e+04 1.101586e+04
8.1 1.099351e+04 1.093240e+04 1.093092e+04 1.099203e+04
9.1 1.100446e+04 1.091200e+04 1.091926e+04 1.101172e+04
10.1 1.087813e+04 1.089808e+04 1.091038e+04 1.089042e+04
11.1 1.088535e+04 1.089084e+04 1.090556e+04 1.090007e+04
12.1 1.082903e+04 1.089124e+04 1.090349e+04 1.084128e+04
13.1 1.086131e+04 1.090824e+04 1.090316e+04 1.085623e+04
14.1 1.087481e+04 1.093125e+04 1.091316e+04 1.085672e+04
15.1 1.090511e+04 1.094477e+04 1.093149e+04 1.089183e+04
16.1 1.087376e+04 1.093542e+04 1.093339e+04 1.087173e+04
17.1 1.091252e+04 1.091683e+04 1.092388e+04 1.091957e+04
18.1 1.088815e+04 1.089732e+04 1.091438e+04 1.090521e+04
19.1 1.096505e+04 1.087701e+04 1.090844e+04 1.099649e+04
20.1 1.091827e+04 1.087583e+04 1.091389e+04 1.095632e+04
0.9 1.086420e+04 1.093215e+04 1.092125e+04 1.085330e+04
1.9 1.085701e+04 1.094806e+04 1.092675e+04 1.083570e+04
2.9 1.102931e+04 1.094988e+04 1.093643e+04 1.101586e+04
3.9 1.099351e+04 1.093240e+04 1.093092e+04 1.099203e+04
4.9 1.100446e+04 1.091200e+04 1.091926e+04 1.101172e+04
5.9 1.087813e+04 1.089808e+04 1.091038e+04 1.089042e+04
6.9 1.088535e+04 1.089084e+04 1.090556e+04 1.090007e+04
7.9 1.082903e+04 1.089124e+04 1.090349e+04 1.084128e+04
8.9 1.086131e+04 1.090824e+04 1.090316e+04 1.085623e+04
9.9 1.087481e+04 1.093125e+04 1.091316e+04 1.085672e+04
10.9 1.090511e+04 1.094477e+04 1.093149e+04 1.089183e+04
11.9 1.087376e+04 1.093542e+04 1.093339e+04 1.087173e+04
12.9 1.091252e+04 1.091683e+04 1.092388e+04 1.091957e+04
13.9 1.088815e+04 1.089732e+04 1.091438e+04 1.090521e+04
14.9 1.096505e+04 1.087701e+04 1.090844e+04 1.099649e+04
15.9 1.091827e+04 1.087583e+04 1.091389e+04 1.095632e+04
16.9 1.088565e+04 1.089775e+04 1.093055e+04 1.091845e+04
17.9 1.087046e+04 1.090851e+04 1.093257e+04 1.089453e+04
18.9 1.089232e+04 1.090587e+04 1.092319e+04 1.090964e+04
19.9 1.083823e+04 1.090048e+04 1.091378e+04 1.085152e+04
20.9 1.092361e+04 1.089661e+04 1.090790e+04 1.093490e+04
0.7 1.086131e+04 1.090824e+04 1.090316e+04 1.085623e+04
1.7 1.087481e+04 1.093125e+04 1.091316e+04 1.085672e+04
2.7 1.090511e+04 1.094477e+04 1.093149e+04 1.089183e+04
3.7 1.087376e+04 1.093542e+04 1.093339e+04 1.087173e+04
4.7 1.091252e+04 1.091683e+04 1.092388e+04 1.091957e+04
5.7 1.088815e+04 1.089732e+04 1.091438e+04 1.090521e+04
6.7 1.096505e+04 1.087701e+04 1.090844e+04 1.099649e+04
7.7 1.091827e+04 1.087583e+04 1.091389e+04 1.095632e+04
8.7 1.088565e+04 1.089775e+04 1.093055e+04 1.091845e+04
9.7 1.087046e+04 1.090851e+04 1.093257e+04 1.089453e+04
10.7 1.089232e+04 1.090587e+04 1.092319e+04 1.090964e+04
11.7 1.083823e+04 1.090048e+04 1.091378e+04 1.085152e+04
12.7 1.092361e+04 1.089661e+04 1.090790e+04 1.093490e+04
13.7 1.096661e+04 1.089429e+04 1.090488e+04 1.097720e+04
14.7 1.096160e+04 1.089552e+04 1.090368e+04 1.096976e+04
15.7 1.091630e+04 1.091396e+04 1.090360e+04 1.090594e+04
16.7 1.093753e+04 1.094472e+04 1.090412e+04 1.089693e+04
17.7 1.097252e+04 1.096405e+04 1.091021e+04 1.091868e+04
18.7 1.100402e+04 1.096870e+04 1.092929e+04 1.096461e+04
19.7 1.099326e+04 1.095679e+04 1.093567e+04 1.097215e+04
20.7 1.093084e+04 1.094044e+04 1.092736e+04 1.091777e+04
0.6 1.096505e+04 1.087701e+04 1.090844e+04 1.099649e+04
1.6 1.091827e+04 1.087583e+04 1.091389e+04 1.095632e+04
2.6 1.088565e+04 1.089775e+04 1.093055e+04 1.091845e+04
3.6 1.087046e+04 1.090851e+04 1.093257e+04 1.089453e+04
4.6 1.089232e+04 1.090587e+04 1.092319e+04 1.090964e+04
5.6 1.083823e+04 1.090048e+04 1.091378e+04 1.085152e+04
6.6 1.092361e+04 1.089661e+04 1.090790e+04 1.093490e+04
7.6 1.096661e+04 1.089429e+04 1.090488e+04 1.097720e+04
8.6 1.096160e+04 1.089552e+04 1.090368e+04 1.096976e+04
9.6 1.091630e+04 1.091396e+04 1.090360e+04 1.090594e+04
10.6 1.093753e+04 1.094472e+04 1.090412e+04 1.089693e+04
11.6 1.097252e+04 1.096405e+04 1.091021e+04 1.091868e+04
12.6 1.100402e+04 1.096870e+04 1.092929e+04 1.096461e+04
13.6 1.099326e+04 1.095679e+04 1.093567e+04 1.097215e+04
14.6 1.093084e+04 1.094044e+04 1.092736e+04 1.091777e+04
15.6 1.090388e+04 1.092828e+04 1.091694e+04 1.089253e+04
16.6 1.084525e+04 1.092671e+04 1.090981e+04 1.082835e+04
17.6 1.087772e+04 1.092457e+04 1.090590e+04 1.085904e+04
18.6 1.098861e+04 1.092180e+04 1.090800e+04 1.097481e+04
19.6 1.101718e+04 1.092925e+04 1.092570e+04 1.101362e+04
20.6 1.099133e+04 1.092518e+04 1.093418e+04 1.100033e+04
0.4 1.093753e+04 1.094472e+04 1.090412e+04 1.089693e+04
1.4 1.097252e+04 1.096405e+04 1.091021e+04 1.091868e+04
2.4 1.100402e+04 1.096870e+04 1.092929e+04 1.096461e+04
3.4 1.099326e+04 1.095679e+04 1.093567e+04 1.097215e+04
4.4 1.093084e+04 1.094044e+04 1.092736e+04 1.091777e+04
5.4 1.090388e+04 1.092828e+04 1.091694e+04 1.089253e+04
6.4 1.084525e+04 1.092671e+04 1.090981e+04 1.082835e+04
7.4 1.087772e+04 1.092457e+04 1.090590e+04 1.085904e+04
8.4 1.098861e+04 1.092180e+04 1.090800e+04 1.097481e+04
9.4 1.101718e+04 1.092925e+04 1.092570e+04 1.101362e+04
10.4 1.099133e+04 1.092518e+04 1.093418e+04 1.100033e+04
11.4 1.095395e+04 1.090329e+04 1.092721e+04 1.097787e+04
12.4 1.097766e+04 1.089581e+04 1.091704e+04 1.099890e+04
13.4 1.096174e+04 1.090335e+04 1.090988e+04 1.096827e+04
14.4 1.086626e+04 1.090387e+04 1.090591e+04 1.086831e+04
15.4 1.089384e+04 1.090633e+04 1.090410e+04 1.089160e+04
16.4 1.096530e+04 1.092529e+04 1.090365e+04 1.094367e+04
17.4 1.090744e+04 1.094465e+04 1.091025e+04 1.087304e+04
18.4 1.088965e+04 1.095455e+04 1.092936e+04 1.086447e+04
19.4 1.088396e+04 1.094946e+04 1.093484e+04 1.086935e+04
20.4 1.087127e+04 1.094891e+04 1.092633e+04 1.084870e+04
0.3 1.087772e+04 1.092457e+04 1.090590e+04 1.085904e+04
1.3 1.098861e+04 1.092180e+04 1.090800e+04 1.097481e+04
2.3 1.101718e+04 1.092925e+04 1.092570e+04 1.101362e+04
3.3 1.099133e+04 1.092518e+04 1.093418e+04 1.100033e+04
4.3 1.095395e+04 1.090329e+04 1.092721e+04 1.097787e+04
5.3 1.097766e+04 1.089581e+04 1.091704e+04 1.099890e+04
6.3 1.096174e+04 1.090335e+04 1.090988e+04 1.096827e+04
7.3 1.086626e+04 1.090387e+04 1.090591e+04 1.086831e+04
8.3 1.089384e+04 1.090633e+04 1.090410e+04 1.089160e+04
9.3 1.096530e+04 1.092529e+04 1.090365e+04 1.094367e+04
10.3 1.090744e+04 1.094465e+04 1.091025e+04 1.087304e+04
11.3 1.088965e+04 1.095455e+04 1.092936e+04 1.086447e+04
12.3 1.088396e+04 1.094946e+04 1.093484e+04 1.086935e+04
13.3 1.087127e+04 1.094891e+04 1.092633e+04 1.084870e+04
14.3 1.093802e+04 1.095046e+04 1.091620e+04 1.090376e+04
15.3 1.094391e+04 1.094388e+04 1.090939e+04 1.090943e+04
16.3 1.092966e+04 1.093991e+04 1.090569e+04 1.089544e+04
17.3 1.085352e+04 1.094337e+04 1.090404e+04 1.081419e+04
18.3 1.084879e+04 1.094367e+04 1.090370e+04 1.080882e+04
19.3 1.087656e+04 1.092976e+04 1.090408e+04 1.085087e+04
20.3 1.092879e+04 1.091066e+04 1.090472e+04 1.092285e+04
0.5 1.096530e+04 1.092529e+04 1.090365e+04 1.094367e+04
1.5 1.090744e+04 1.094465e+04 1.091025e+04 1.087304e+04
2.5 1.088965e+04 1.095455e+04 1.092936e+04 1.086447e+04
3.5 1.088396e+04 1.094946e+04 1.093484e+04 1.086935e+04
4.5 1.087127e+04 1.094891e+04 1.092633e+04 1.084870e+04
5.5 1.093802e+04 1.095046e+04 1.091620e+04 1.090376e+04
6.5 1.094391e+04 1.094388e+04 1.090939e+04 1.090943e+04
7.5 1.092966e+04 1.093991e+04 1.090569e+04 1.089544e+04
8.5 1.085352e+04 1.094337e+04 1.090404e+04 1.081419e+04
9.5 1.084879e+04 1.094367e+04 1.090370e+04 1.080882e+04
10.5 1.087656e+04 1.092976e+04 1.090408e+04 1.085087e+04
11.5 1.092879e+04 1.091066e+04 1.090472e+04 1.092285e+04
12.5 1.093589e+04 1.089671e+04 1.090534e+04 1.094452e+04
13.5 1.086634e+04 1.088950e+04 1.090579e+04 1.088263e+04
14.5 1.089625e+04 1.088694e+04 1.090609e+04 1.091540e+04
15.5 1.093762e+04 1.088696e+04 1.090625e+04 1.095691e+04
16.5 1.090306e+04 1.088826e+04 1.090633e+04 1.092113e+04
17.5 1.088937e+04 1.089055e+04 1.090638e+04 1.090519e+04
18.5 1.087192e+04 1.089374e+04 1.090639e+04 1.088457e+04
19.5 1.084468e+04 1.089773e+04 1.090786e+04 1.085482e+04
20.5 1.084603e+04 1.091362e+04 1.092353e+04 1.085595e+04
1.0 1.084468e+04 1.089773e+04 1.090786e+04 1.085482e+04
2.0 1.084603e+04 1.091362e+04 1.092353e+04 1.085595e+04
3.0 1.092677e+04 1.092092e+04 1.093635e+04 1.094220e+04
4.0 1.101154e+04 1.090282e+04 1.093166e+04 1.104037e+04
5.0 1.095606e+04 1.088183e+04 1.092200e+04 1.099622e+04
6.0 1.087003e+04 1.089014e+04 1.092867e+04 1.090856e+04
7.0 1.087369e+04 1.090799e+04 1.093692e+04 1.090263e+04
8.0 1.088396e+04 1.091025e+04 1.093014e+04 1.090385e+04
9.0 1.093806e+04 1.090423e+04 1.091836e+04 1.095218e+04
10.0 1.093695e+04 1.090110e+04 1.090977e+04 1.094561e+04
11.0 1.089725e+04 1.091376e+04 1.090531e+04 1.088880e+04
12.0 1.087860e+04 1.093379e+04 1.091204e+04 1.085685e+04
13.0 1.094944e+04 1.094678e+04 1.092965e+04 1.093231e+04
14.0 1.101144e+04 1.094648e+04 1.093228e+04 1.099724e+04
15.0 1.102823e+04 1.094811e+04 1.092556e+04 1.100569e+04
16.0 1.098739e+04 1.095312e+04 1.093326e+04 1.096753e+04
17.0 1.091055e+04 1.094511e+04 1.093819e+04 1.090363e+04
18.0 1.089178e+04 1.092401e+04 1.092904e+04 1.089682e+04
19.0 1.087478e+04 1.090765e+04 1.091688e+04 1.088401e+04
20.0 1.091090e+04 1.091282e+04 1.090874e+04 1.090683e+04
21.0 1.098219e+04 1.092955e+04 1.091417e+04 1.096681e+04
1.0 1.095606e+04 1.088183e+04 1.092200e+04 1.099622e+04
2.0 1.087003e+04 1.089014e+04 1.092867e+04 1.090856e+04
3.0 1.087369e+04 1.090799e+04 1.093692e+04 1.090263e+04
4.0 1.088396e+04 1.091025e+04 1.093014e+04 1.090385e+04
5.0 1.093806e+04 1.090423e+04 1.091836e+04 1.095218e+04
6.0 1.093695e+04 1.090110e+04 1.090977e+04 1.094561e+04
7.0 1.089725e+04 1.091376e+04 1.090531e+04 1.088880e+04
8.0 1.087860e+04 1.093379e+04 1.091204e+04 1.085685e+04
9.0 1.094944e+04 1.094678e+04 1.092965e+04 1.093231e+04
10.0 1.101144e+04 1.094648e+04 1.093228e+04 1.099724e+04
11.0 1.102823e+04 1.094811e+04 1.092556e+04 1.100569e+04
12.0 1.098739e+04 1.095312e+04 1.093326e+04 1.096753e+04
13.0 1.091055e+04 1.094511e+04 1.093819e+04 1.090363e+04
14.0 1.089178e+04 1.092401e+04 1.092904e+04 1.089682e+04
15.0 1.087478e+04 1.090765e+04 1.091688e+04 1.088401e+04
16.0 1.091090e+04 1.091282e+04 1.090874e+04 1.090683e+04
17.0 1.098219e+04 1.092955e+04 1.091417e+04 1.096681e+04
18.0 1.093855e+04 1.094057e+04 1.093016e+04 1.092814e+04
19.0 1.086608e+04 1.093101e+04 1.093120e+04 1.086627e+04
20.0 1.075093e+04 1.091442e+04 1.092171e+04 1.075822e+04
21.0 1.079699e+04 1.090316e+04 1.091268e+04 1.080651e+04
0.6 1.089725e+04 1.091376e+04 1.090531e+04 1.088880e+04
1.6 1.087860e+04 1.093379e+04 1.091204e+04 1.085685e+04
2.6 1.094944e+04 1.094678e+04 1.092965e+04 1.093231e+04
3.6 1.101144e+04 1.094648e+04 1.093228e+04 1.099724e+04
4.6 1.102823e+04 1.094811e+04 1.092556e+04 1.100569e+04
5.6 1.098739e+04 1.095312e+04 1.093326e+04 1.096753e+04
6.6 1.091055e+04 1.094511e+04 1.093819e+04 1.090363e+04
7.6 1.089178e+04 1.092401e+04 1.092904e+04 1.089682e+04
8.6 1.087478e+04 1.090765e+04 1.091688e+04 1.088401e+04
9.6 1.091090e+04 1.091282e+04 1.090874e+04 1.090683e+04
10.6 1.098219e+04 1.092955e+04 1.091417e+04 1.096681e+04
11.6 1.093855e+04 1.094057e+04 1.093016e+04 1.092814e+04
12.6 1.086608e+04 1.093101e+04 1.093120e+04 1.086627e+04
13.6 1.075093e+04 1.091442e+04 1.092171e+04 1.075822e+04
14.6 1.079699e+04 1.090316e+04 1.091268e+04 1.080651e+04
15.6 1.092621e+04 1.090687e+04 1.090721e+04 1.092654e+04
16.6 1.098162e+04 1.091350e+04 1.090449e+04 1.097262e+04
17.6 1.092690e+04 1.090912e+04 1.090350e+04 1.092128e+04
18.6 1.090187e+04 1.090135e+04 1.090354e+04 1.090405e+04
19.6 1.084733e+04 1.089708e+04 1.090411e+04 1.085436e+04
20.6 1.087642e+04 1.089637e+04 1.090542e+04 1.088547e+04
0.1 1.101144e+04 1.094648e+04 1.093228e+04 1.099724e+04
1.1 1.102823e+04 1.094811e+04 1.092556e+04 1.100569e+04
2.1 1.098739e+04 1.095312e+04 1.093326e+04 1.096753e+04
3.1 1.091055e+04 1.094511e+04 1.093819e+04 1.090363e+04
4.1 1.089178e+04 1.092401e+04 1.092904e+04 1.089682e+04
5.1 1.087478e+04 1.090765e+04 1.091688e+04 1.088401e+04
6.1 1.091090e+04 1.091282e+04 1.090874e+04 1.090683e+04
7.1 1.098219e+04 1.092955e+04 1.091417e+04 1.096681e+04
8.1 1.093855e+04 1.094057e+04 1.093016e+04 1.092814e+04
9.1 1.086608e+04 1.093101e+04 1.093120e+04 1.086627e+04
10.1 1.075093e+04 1.091442e+04 1.092171e+04 1.075822e+04
11.1 1.079699e+04 1.090316e+04 1.091268e+04 1.080651e+04
12.1 1.092621e+04 1.090687e+04 1.090721e+04 1.092654e+04
13.1 1.098162e+04 1.091350e+04 1.090449e+04 1.097262e+04
14.1 1.092690e+04 1.090912e+04 1.090350e+04 1.092128e+04
15.1 1.090187e+04 1.090135e+04 1.090354e+04 1.090405e+04
16.1 1.084733e+04 1.089708e+04 1.090411e+04 1.085436e+04
17.1 1.087642e+04 1.089637e+04 1.090542e+04 1.088547e+04
18.1 1.094464e+04 1.090849e+04 1.091910e+04 1.095526e+04
19.1 1.099216e+04 1.093051e+04 1.093495e+04 1.099660e+04
20.1 1.102326e+04 1.095394e+04 1.093301e+04 1.100233e+04
0.7 1.091090e+04 1.091282e+04 1.090874e+04 1.090683e+04
1.7 1.098219e+04 1.092955e+04 1.091417e+04 1.096681e+04
2.7 1.093855e+04 1.094057e+04 1.093016e+04 1.092814e+04
3.7 1.086608e+04 1.093101e+04 1.093120e+04 1.086627e+04
4.7 1.075093e+04 1.091442e+04 1.092171e+04 1.075822e+04
5.7 1.079699e+04 1.090316e+04 1.091268e+04 1.080651e+04
6.7 1.092621e+04 1.090687e+04 1.090721e+04 1.092654e+04
7.7 1.098162e+04 1.091350e+04 1.090449e+04 1.097262e+04
8.7 1.092690e+04 1.090912e+04 1.090350e+04 1.092128e+04
9.7 1.090187e+04 1.090135e+04 1.090354e+04 1.090405e+04
10.7 1.084733e+04 1.089708e+04 1.090411e+04 1.085436e+04
11.7 1.087642e+04 1.089637e+04 1.090542e+04 1.088547e+04
12.7 1.094464e+04 1.090849e+04 1.091910e+04 1.095526e+04
13.7 1.099216e+04 1.093051e+04 1.093495e+04 1.099660e+04
14.7 1.102326e+04 1.095394e+04 1.093301e+04 1.100233e+04
15.7 1.101421e+04 1.097059e+04 1.092301e+04 1.096663e+04
16.7 1.100099e+04 1.097435e+04 1.092693e+04 1.095357e+04
17.7 1.099459e+04 1.096344e+04 1.093680e+04 1.096795e+04
18.7 1.093257e+04 1.093722e+04 1.093176e+04 1.092710e+04
19.7 1.090527e+04 1.091160e+04 1.091994e+04 1.091362e+04
20.7 1.094042e+04 1.089515e+04 1.091071e+04 1.095599e+04
0.9 1.087642e+04 1.089637e+04 1.090542e+04 1.088547e+04
1.9 1.094464e+04 1.090849e+04 1.091910e+04 1.095526e+04
2.9 1.099216e+04 1.093051e+04 1.093495e+04 1.099660e+04
3.9 1.102326e+04 1.095394e+04 1.093301e+04 1.100233e+04
4.9 1.101421e+04 1.097059e+04 1.092301e+04 1.096663e+04
5.9 1.100099e+04 1.097435e+04 1.092693e+04 1.095357e+04
6.9 1.099459e+04 1.096344e+04 1.093680e+04 1.096795e+04
7.9 1.093257e+04 1.093722e+04 1.093176e+04 1.092710e+04
8.9 1.090527e+04 1.091160e+04 1.091994e+04 1.091362e+04
9.9 1.094042e+04 1.089515e+04 1.091071e+04 1.095599e+04
10.9 1.091516e+04 1.088524e+04 1.090566e+04 1.093557e+04
11.9 1.091907e+04 1.087295e+04 1.090347e+04 1.094958e+04
12.9 1.086419e+04 1.086603e+04 1.090557e+04 1.090373e+04
13.9 1.083993e+04 1.088642e+04 1.092324e+04 1.087675e+04
14.9 1.082463e+04 1.090669e+04 1.093428e+04 1.085222e+04
15.9 1.084473e+04 1.090924e+04 1.092864e+04 1.086413e+04
16.9 1.094109e+04 1.090404e+04 1.091834e+04 1.095539e+04
17.9 1.089355e+04 1.089636e+04 1.091069e+04 1.090788e+04
18.9 1.085506e+04 1.088244e+04 1.090635e+04 1.087898e+04
19.9 1.081160e+04 1.087480e+04 1.090428e+04 1.084108e+04
20.9 1.081849e+04 1.089037e+04 1.090367e+04 1.083179e+04
0.9 1.101421e+04 1.097059e+04 1.092301e+04 1.096663e+04
1.9 1.100099e+04 1.097435e+04 1.092693e+04 1.095357e+04
2.9 1.099459e+04 1.096344e+04 1.093680e+04 1.096795e+04
3.9 1.093257e+04 1.093722e+04 1.093176e+04 1.092710e+04
4.9 1.090527e+04 1.091160e+04 1.091994e+04 1.091362e+04
5.9 1.094042e+04 1.089515e+04 1.091071e+04 1.095599e+04
6.9 1.091516e+04 1.088524e+04 1.090566e+04 1.093557e+04
7.9 1.091907e+04 1.087295e+04 1.090347e+04 1.094958e+04
8.9 1.086419e+04 1.086603e+04 1.090557e+04 1.090373e+04
9.9 1.083993e+04 1.088642e+04 1.092324e+04 1.087675e+04
10.9 1.082463e+04 1.090669e+04 1.093428e+04 1.085222e+04
11.9 1.084473e+04 1.090924e+04 1.092864e+04 1.086413e+04
12.9 1.094109e+04 1.090404e+04 1.091834e+04 1.095539e+04
13.9 1.089355e+04 1.089636e+04 1.091069e+04 1.090788e+04
14.9 1.085506e+04 1.088244e+04 1.090635e+04 1.087898e+04
15.9 1.081160e+04 1.087480e+04 1.090428e+04 1.084108e+04
16.9 1.081849e+04 1.089037e+04 1.090367e+04 1.083179e+04
17.9 1.081933e+04 1.090803e+04 1.090391e+04 1.081521e+04
18.9 1.094313e+04 1.092916e+04 1.090453e+04 1.091850e+04
19.9 1.096650e+04 1.094871e+04 1.090780e+04 1.092559e+04
20.9 1.100562e+04 1.096012e+04 1.092559e+04 1.097109e+04
0.2 1.091907e+04 1.087295e+04 1.090347e+04 1.094958e+04
1.2 1.086419e+04 1.086603e+04 1.090557e+04 1.090373e+04
2.2 1.083993e+04 1.088642e+04 1.092324e+04 1.087675e+04
3.2 1.082463e+04 1.090669e+04 1.093428e+04 1.085222e+04
4.2 1.084473e+04 1.090924e+04 1.092864e+04 1.086413e+04
5.2 1.094109e+04 1.090404e+04 1.091834e+04 1.095539e+04
6.2 1.089355e+04 1.089636e+04 1.091069e+04 1.090788e+04
7.2 1.085506e+04 1.088244e+04 1.090635e+04 1.087898e+04
8.2 1.081160e+04 1.087480e+04 1.090428e+04 1.084108e+04
9.2 1.081849e+04 1.089037e+04 1.090367e+04 1.083179e+04
10.2 1.081933e+04 1.090803e+04 1.090391e+04 1.081521e+04
11.2 1.094313e+04 1.092916e+04 1.090453e+04 1.091850e+04
12.2 1.096650e+04 1.094871e+04 1.090780e+04 1.092559e+04
13.2 1.100562e+04 1.096012e+04 1.092559e+04 1.097109e+04
14.2 1.098478e+04 1.095211e+04 1.093621e+04 1.096889e+04
15.2 1.091625e+04 1.092996e+04 1.092998e+04 1.091627e+04
16.2 1.090382e+04 1.091063e+04 1.091917e+04 1.091236e+04
17.2 1.085905e+04 1.089969e+04 1.091158e+04 1.087094e+04
18.2 1.089745e+04 1.090555e+04 1.091912e+04 1.091102e+04
19.2 1.089628e+04 1.091850e+04 1.093307e+04 1.091085e+04
20.2 1.088472e+04 1.091942e+04 1.093109e+04 1.089640e+04
0.2 1.094313e+04 1.092916e+04 1.090453e+04 1.091850e+04
1.2 1.096650e+04 1.094871e+04 1.090780e+04 1.092559e+04
2.2 1.100562e+04 1.096012e+04 1.092559e+04 1.097109e+04
3.2 1.098478e+04 1.095211e+04 1.093621e+04 1.096889e+04
4.2 1.091625e+04 1.092996e+04 1.092998e+04 1.091627e+04
5.2 1.090382e+04 1.091063e+04 1.091917e+04 1.091236e+04
6.2 1.085905e+04 1.089969e+04 1.091158e+04 1.087094e+04
7.2 1.089745e+04 1.090555e+04 1.091912e+04 1.091102e+04
8.2 1.089628e+04 1.091850e+04 1.093307e+04 1.091085e+04
9.2 1.088472e+04 1.091942e+04 1.093109e+04 1.089640e+04
10.2 1.089678e+04 1.091796e+04 1.092075e+04 1.089957e+04
11.2 1.097290e+04 1.092205e+04 1.091957e+04 1.097042e+04
12.2 1.102707e+04 1.093240e+04 1.093269e+04 1.102737e+04
13.2 1.100892e+04 1.093466e+04 1.093346e+04 1.100772e+04
14.2 1.100054e+04 1.093983e+04 1.092437e+04 1.098508e+04
15.2 1.096433e+04 1.094854e+04 1.092956e+04 1.094535e+04
16.2 1.094740e+04 1.094773e+04 1.093677e+04 1.093645e+04
17.2 1.098237e+04 1.094542e+04 1.092960e+04 1.096655e+04
18.2 1.100816e+04 1.095029e+04 1.091882e+04 1.097670e+04
19.2 1.097726e+04 1.095519e+04 1.092511e+04 1.094717e+04
20.2 1.096403e+04 1.094835e+04 1.093439e+04 1.095006e+04
0.8 1.085905e+04 1.089969e+04 1.091158e+04 1.087094e+04
1.8 1.089745e+04 1.090555e+04 1.091912e+04 1.091102e+04
2.8 1.089628e+04 1.091850e+04 1.093307e+04 1.091085e+04
3.8 1.088472e+04 1.091942e+04 1.093109e+04 1.089640e+04
4.8 1.089678e+04 1.091796e+04 1.092075e+04 1.089957e+04
5.8 1.097290e+04 1.092205e+04 1.091957e+04 1.097042e+04
6.8 1.102707e+04 1.093240e+04 1.093269e+04 1.102737e+04
7.8 1.100892e+04 1.093466e+04 1.093346e+04 1.100772e+04
8.8 1.100054e+04 1.093983e+04 1.092437e+04 1.098508e+04
9.8 1.096433e+04 1.094854e+04 1.092956e+04 1.094535e+04
10.8 1.094740e+04 1.094773e+04 1.093677e+04 1.093645e+04
11.8 1.098237e+04 1.094542e+04 1.092960e+04 1.096655e+04
12.8 1.100816e+04 1.095029e+04 1.091882e+04 1.097670e+04
13.8 1.097726e+04 1.095519e+04 1.092511e+04 1.094717e+04
14.8 1.096403e+04 1.094835e+04 1.093439e+04 1.095006e+04
15.8 1.086993e+04 1.092704e+04 1.092872e+04 1.087160e+04
16.8 1.087401e+04 1.090664e+04 1.091759e+04 1.088497e+04
17.8 1.091728e+04 1.089853e+04 1.090935e+04 1.092809e+04
18.8 1.088039e+04 1.090232e+04 1.090500e+04 1.088307e+04
19.8 1.088467e+04 1.090999e+04 1.090643e+04 1.088110e+04
20.8 1.099706e+04 1.092461e+04 1.092387e+04 1.099632e+04
0.5 1.089678e+04 1.091796e+04 1.092075e+04 1.089957e+04
1.5 1.097290e+04 1.092205e+04 1.091957e+04 1.097042e+04
2.5 1.102707e+04 1.093240e+04 1.093269e+04 1.102737e+04
3.5 1.100892e+04 1.093466e+04 1.093346e+04 1.100772e+04
4.5 1.100054e+04 1.093983e+04 1.092437e+04 1.098508e+04
5.5 1.096433e+04 1.094854e+04 1.092956e+04 1.094535e+04
6.5 1.094740e+04 1.094773e+04 1.093677e+04 1.093645e+04
7.5 1.098237e+04 1.094542e+04 1.092960e+04 1.096655e+04
8.5 1.100816e+04 1.095029e+04 1.091882e+04 1.097670e+04
9.5 1.097726e+04 1.095519e+04 1.092511e+04 1.094717e+04
10.5 1.096403e+04 1.094835e+04 1.093439e+04 1.095006e+04
11.5 1.086993e+04 1.092704e+04 1.092872e+04 1.087160e+04
12.5 1.087401e+04 1.090664e+04 1.091759e+04 1.088497e+04
13.5 1.091728e+04 1.089853e+04 1.090935e+04 1.092809e+04
14.5 1.088039e+04 1.090232e+04 1.090500e+04 1.088307e+04
15.5 1.088467e+04 1.090999e+04 1.090643e+04 1.088110e+04
16.5 1.099706e+04 1.092461e+04 1.092387e+04 1.099632e+04
17.5 1.099292e+04 1.092204e+04 1.093358e+04 1.100445e+04
18.5 1.097334e+04 1.090714e+04 1.093194e+04 1.099814e+04
19.5 1.088235e+04 1.091269e+04 1.094020e+04 1.090987e+04
20.5 1.079731e+04 1.091653e+04 1.093999e+04 1.082077e+04
1.0 1.100054e+04 1.093983e+04 1.092437e+04 1.098508e+04
2.0 1.096433e+04 1.094854e+04 1.092956e+04 1.094535e+04
3.0 1.094740e+04 1.094773e+04 1.093677e+04 1.093645e+04
4.0 1.098237e+04 1.094542e+04 1.092960e+04 1.096655e+04
5.0 1.100816e+04 1.095029e+04 1.091882e+04 1.097670e+04
6.0 1.097726e+04 1.095519e+04 1.092511e+04 1.094717e+04
7.0 1.096403e+04 1.094835e+04 1.093439e+04 1.095006e+04
8.0 1.086993e+04 1.092704e+04 1.092872e+04 1.087160e+04
9.0 1.087401e+04 1.090664e+04 1.091759e+04 1.088497e+04
10.0 1.091728e+04 1.089853e+04 1.090935e+04 1.092809e+04
11.0 1.088039e+04 1.090232e+04 1.090500e+04 1.088307e+04
12.0 1.088467e+04 1.090999e+04 1.090643e+04 1.088110e+04
13.0 1.099706e+04 1.092461e+04 1.092387e+04 1.099632e+04
14.0 1.099292e+04 1.092204e+04 1.093358e+04 1.100445e+04
15.0 1.097334e+04 1.090714e+04 1.093194e+04 1.099814e+04
16.0 1.088235e+04 1.091269e+04 1.094020e+04 1.090987e+04
17.0 1.079731e+04 1.091653e+04 1.093999e+04 1.082077e+04
18.0 1.078937e+04 1.090909e+04 1.092785e+04 1.080813e+04
19.0 1.084014e+04 1.090007e+04 1.091529e+04 1.085536e+04
20.0 1.080062e+04 1.089782e+04 1.090739e+04 1.081018e+04
21.0 1.085231e+04 1.090437e+04 1.090359e+04 1.085153e+04
1.0 1.100816e+04 1.095029e+04 1.091882e+04 1.097670e+04
2.0 1.097726e+04 1.095519e+04 1.092511e+04 1.094717e+04
3.0 1.096403e+04 1.094835e+04 1.093439e+04 1.095006e+04
4.0 1.086993e+04 1.092704e+04 1.092872e+04 1.087160e+04
5.0 1.087401e+04 1.090664e+04 1.091759e+04 1.088497e+04
6.0 1.091728e+04 1.089853e+04 1.090935e+04 1.092809e+04
7.0 1.088039e+04 1.090232e+04 1.090500e+04 1.088307e+04
8.0 1.088467e+04 1.090999e+04 1.090643e+04 1.088110e+04
9.0 1.099706e+04 1.092461e+04 1.092387e+04 1.099632e+04
10.0 1.099292e+04 1.092204e+04 1.093358e+04 1.100445e+04
11.0 1.097334e+04 1.090714e+04 1.093194e+04 1.099814e+04
12.0 1.088235e+04 1.091269e+04 1.094020e+04 1.090987e+04
13.0 1.079731e+04 1.091653e+04 1.093999e+04 1.082077e+04
14.0 1.078937e+04 1.090909e+04 1.092785e+04 1.080813e+04
15.0 1.084014e+04 1.090007e+04 1.091529e+04 1.085536e+04
16.0 1.080062e+04 1.089782e+04 1.090739e+04 1.081018e+04
17.0 1.085231e+04 1.090437e+04 1.090359e+04 1.085153e+04
18.0 1.087615e+04 1.091266e+04 1.090380e+04 1.086730e+04
19.0 1.092202e+04 1.092679e+04 1.091963e+04 1.091487e+04
20.0 1.095739e+04 1.093304e+04 1.093326e+04 1.095760e+04
0.2 1.088039e+04 1.090232e+04 1.090500e+04 1.088307e+04
1.2 1.088467e+04 1.090999e+04 1.090643e+04 1.088110e+04
2.2 1.099706e+04 1.092461e+04 1.092387e+04 1.099632e+04
3.2 1.099292e+04 1.092204e+04 1.093358e+04 1.100445e+04
4.2 1.097334e+04 1.090714e+04 1.093194e+04 1.099814e+04
5.2 1.088235e+04 1.091269e+04 1.094020e+04 1.090987e+04
6.2 1.079731e+04 1.091653e+04 1.093999e+04 1.082077e+04
7.2 1.078937e+04 1.090909e+04 1.092785e+04 1.080813e+04
8.2 1.084014e+04 1.090007e+04 1.091529e+04 1.085536e+04
9.2 1.080062e+04 1.089782e+04 1.090739e+04 1.081018e+04
10.2 1.085231e+04 1.090437e+04 1.090359e+04 1.085153e+04
11.2 1.087615e+04 1.091266e+04 1.090380e+04 1.086730e+04
12.2 1.092202e+04 1.092679e+04 1.091963e+04 1.091487e+04
13.2 1.095739e+04 1.093304e+04 1.093326e+04 1.095760e+04
0.4 1.099292e+04 1.092204e+04 1.093358e+04 1.100445e+04
1.4 1.097334e+04 1.090714e+04 1.093194e+04 1.099814e+04
2.4 1.088235e+04 1.091269e+04 1.094020e+04 1.090987e+04
3.4 1.079731e+04 1.091653e+04 1.093999e+04 1.082077e+04
4.4 1.078937e+04 1.090909e+04 1.092785e+04 1.080813e+04
5.4 1.084014e+04 1.090007e+04 1.091529e+04 1.085536e+04
6.4 1.080062e+04 1.089782e+04 1.090739e+04 1.081018e+04
7.4 1.085231e+04 1.090437e+04 1.090359e+04 1.085153e+04
8.4 1.087615e+04 1.091266e+04 1.090380e+04 1.086730e+04
9.4 1.092202e+04 1.092679e+04 1.091963e+04 1.091487e+04
10.4 1.095739e+04 1.093304e+04 1.093326e+04 1.095760e+04
1.0 1.087615e+04 1.091266e+04 1.090380e+04 1.086730e+04
2.0 1.092202e+04 1.092679e+04 1.091963e+04 1.091487e+04
3.0 1.095739e+04 1.093304e+04 1.093326e+04 1.095760e+04
