0.8 1.050637e+03 1.041032e+03 1.044021e+03 1.053626e+03
1.8 1.053234e+03 1.042640e+03 1.044610e+03 1.055204e+03
2.8 1.049826e+03 1.045603e+03 1.046268e+03 1.050491e+03
3.8 1.033628e+03 1.045845e+03 1.047240e+03 1.035023e+03
4.8 1.036216e+03 1.041578e+03 1.046611e+03 1.041249e+03
5.8 1.034240e+03 1.039897e+03 1.045495e+03 1.039837e+03
6.8 1.038483e+03 1.042027e+03 1.045371e+03 1.041827e+03
7.8 1.044860e+03 1.044280e+03 1.046078e+03 1.046658e+03
8.8 1.036282e+03 1.041523e+03 1.045908e+03 1.040666e+03
9.8 1.031440e+03 1.039835e+03 1.045422e+03 1.037027e+03
10.8 1.039964e+03 1.042569e+03 1.046173e+03 1.043568e+03
11.8 1.044925e+03 1.045210e+03 1.047116e+03 1.046832e+03
12.8 1.037240e+03 1.042552e+03 1.046651e+03 1.041339e+03
13.8 1.039513e+03 1.043278e+03 1.045472e+03 1.041706e+03
14.8 1.046408e+03 1.050465e+03 1.044503e+03 1.040446e+03
15.8 1.050892e+03 1.055518e+03 1.043950e+03 1.039324e+03
16.8 1.039272e+03 1.050715e+03 1.043702e+03 1.032259e+03
17.8 1.040405e+03 1.044684e+03 1.043638e+03 1.039358e+03
18.8 1.031197e+03 1.042825e+03 1.043675e+03 1.032047e+03
19.8 1.047699e+03 1.042649e+03 1.043755e+03 1.048804e+03
20.8 1.050271e+03 1.039433e+03 1.043838e+03 1.054676e+03
21.8 1.030082e+03 1.037432e+03 1.043905e+03 1.036555e+03
1.0 1.034240e+03 1.039897e+03 1.045495e+03 1.039837e+03
2.0 1.038483e+03 1.042027e+03 1.045371e+03 1.041827e+03
3.0 1.044860e+03 1.044280e+03 1.046078e+03 1.046658e+03
4.0 1.036282e+03 1.041523e+03 1.045908e+03 1.040666e+03
5.0 1.031440e+03 1.039835e+03 1.045422e+03 1.037027e+03
6.0 1.039964e+03 1.042569e+03 1.046173e+03 1.043568e+03
7.0 1.044925e+03 1.045210e+03 1.047116e+03 1.046832e+03
8.0 1.037240e+03 1.042552e+03 1.046651e+03 1.041339e+03
9.0 1.039513e+03 1.043278e+03 1.045472e+03 1.041706e+03
10.0 1.046408e+03 1.050465e+03 1.044503e+03 1.040446e+03
11.0 1.050892e+03 1.055518e+03 1.043950e+03 1.039324e+03
12.0 1.039272e+03 1.050715e+03 1.043702e+03 1.032259e+03
13.0 1.040405e+03 1.044684e+03 1.043638e+03 1.039358e+03
14.0 1.031197e+03 1.042825e+03 1.043675e+03 1.032047e+03
15.0 1.047699e+03 1.042649e+03 1.043755e+03 1.048804e+03
16.0 1.050271e+03 1.039433e+03 1.043838e+03 1.054676e+03
17.0 1.030082e+03 1.037432e+03 1.043905e+03 1.036555e+03
18.0 1.036440e+03 1.040331e+03 1.043950e+03 1.040059e+03
19.0 1.046709e+03 1.045395e+03 1.043977e+03 1.045290e+03
20.0 1.055279e+03 1.047860e+03 1.043992e+03 1.051410e+03
21.0 1.049188e+03 1.043990e+03 1.043999e+03 1.049197e+03
22.0 1.029778e+03 1.040923e+03 1.044002e+03 1.032857e+03
0.5 1.036282e+03 1.041523e+03 1.045908e+03 1.040666e+03
1.5 1.031440e+03 1.039835e+03 1.045422e+03 1.037027e+03
2.5 1.039964e+03 1.042569e+03 1.046173e+03 1.043568e+03
3.5 1.044925e+03 1.045210e+03 1.047116e+03 1.046832e+03
4.5 1.037240e+03 1.042552e+03 1.046651e+03 1.041339e+03
5.5 1.039513e+03 1.043278e+03 1.045472e+03 1.041706e+03
6.5 1.046408e+03 1.050465e+03 1.044503e+03 1.040446e+03
7.5 1.050892e+03 1.055518e+03 1.043950e+03 1.039324e+03
8.5 1.039272e+03 1.050715e+03 1.043702e+03 1.032259e+03
9.5 1.040405e+03 1.044684e+03 1.043638e+03 1.039358e+03
10.5 1.031197e+03 1.042825e+03 1.043675e+03 1.032047e+03
11.5 1.047699e+03 1.042649e+03 1.043755e+03 1.048804e+03
12.5 1.050271e+03 1.039433e+03 1.043838e+03 1.054676e+03
13.5 1.030082e+03 1.037432e+03 1.043905e+03 1.036555e+03
14.5 1.036440e+03 1.040331e+03 1.043950e+03 1.040059e+03
15.5 1.046709e+03 1.045395e+03 1.043977e+03 1.045290e+03
16.5 1.055279e+03 1.047860e+03 1.043992e+03 1.051410e+03
17.5 1.049188e+03 1.043990e+03 1.043999e+03 1.049197e+03
18.5 1.029778e+03 1.040923e+03 1.044002e+03 1.032857e+03
19.5 1.039148e+03 1.041407e+03 1.044004e+03 1.041746e+03
20.5 1.042415e+03 1.042976e+03 1.044004e+03 1.043444e+03
21.5 1.040830e+03 1.044158e+03 1.044005e+03 1.040676e+03
1.0 1.039520e+03 1.045106e+03 1.044061e+03 1.038474e+03
2.0 1.039223e+03 1.045614e+03 1.044897e+03 1.038507e+03
3.0 1.033857e+03 1.046686e+03 1.046089e+03 1.033260e+03
4.0 1.053818e+03 1.046632e+03 1.046095e+03 1.053281e+03
5.0 1.048009e+03 1.045951e+03 1.045367e+03 1.047425e+03
6.0 1.053013e+03 1.046077e+03 1.045364e+03 1.052300e+03
7.0 1.059839e+03 1.047432e+03 1.046616e+03 1.059023e+03
8.0 1.056857e+03 1.046129e+03 1.047192e+03 1.057920e+03
9.0 1.039956e+03 1.041243e+03 1.046349e+03 1.045062e+03
10.0 1.037146e+03 1.039592e+03 1.045169e+03 1.042724e+03
11.0 1.021998e+03 1.041007e+03 1.044334e+03 1.025324e+03
12.0 1.045342e+03 1.042852e+03 1.043886e+03 1.046376e+03
13.0 1.050534e+03 1.044133e+03 1.043697e+03 1.050098e+03
14.0 1.056471e+03 1.044878e+03 1.043662e+03 1.055256e+03
15.0 1.047079e+03 1.045207e+03 1.043710e+03 1.045581e+03
16.0 1.044953e+03 1.044969e+03 1.043789e+03 1.043773e+03
17.0 1.038834e+03 1.044156e+03 1.043866e+03 1.038545e+03
18.0 1.036247e+03 1.040612e+03 1.043924e+03 1.039559e+03
19.0 1.039776e+03 1.039818e+03 1.043961e+03 1.043919e+03
20.0 1.057339e+03 1.044767e+03 1.043983e+03 1.056555e+03
21.0 1.057599e+03 1.044480e+03 1.043995e+03 1.057114e+03
22.0 1.044237e+03 1.042006e+03 1.044000e+03 1.046231e+03
0.9 1.048009e+03 1.045951e+03 1.045367e+03 1.047425e+03
1.9 1.053013e+03 1.046077e+03 1.045364e+03 1.052300e+03
2.9 1.059839e+03 1.047432e+03 1.046616e+03 1.059023e+03
3.9 1.056857e+03 1.046129e+03 1.047192e+03 1.057920e+03
4.9 1.039956e+03 1.041243e+03 1.046349e+03 1.045062e+03
5.9 1.037146e+03 1.039592e+03 1.045169e+03 1.042724e+03
6.9 1.021998e+03 1.041007e+03 1.044334e+03 1.025324e+03
7.9 1.045342e+03 1.042852e+03 1.043886e+03 1.046376e+03
8.9 1.050534e+03 1.044133e+03 1.043697e+03 1.050098e+03
9.9 1.056471e+03 1.044878e+03 1.043662e+03 1.055256e+03
10.9 1.047079e+03 1.045207e+03 1.043710e+03 1.045581e+03
11.9 1.044953e+03 1.044969e+03 1.043789e+03 1.043773e+03
12.9 1.038834e+03 1.044156e+03 1.043866e+03 1.038545e+03
13.9 1.036247e+03 1.040612e+03 1.043924e+03 1.039559e+03
14.9 1.039776e+03 1.039818e+03 1.043961e+03 1.043919e+03
15.9 1.057339e+03 1.044767e+03 1.043983e+03 1.056555e+03
16.9 1.057599e+03 1.044480e+03 1.043995e+03 1.057114e+03
17.9 1.044237e+03 1.042006e+03 1.044000e+03 1.046231e+03
18.9 1.028280e+03 1.043606e+03 1.044003e+03 1.028676e+03
19.9 1.046005e+03 1.047287e+03 1.044004e+03 1.042722e+03
20.9 1.045826e+03 1.049133e+03 1.044004e+03 1.040697e+03
21.9 1.041891e+03 1.048866e+03 1.044005e+03 1.037029e+03
0.6 1.027027e+03 1.037461e+03 1.044009e+03 1.033575e+03
1.6 1.020794e+03 1.038790e+03 1.044420e+03 1.026424e+03
2.6 1.037755e+03 1.042458e+03 1.045708e+03 1.041006e+03
3.6 1.046335e+03 1.041947e+03 1.046241e+03 1.050629e+03
4.6 1.053900e+03 1.039392e+03 1.045668e+03 1.060175e+03
5.6 1.035302e+03 1.040021e+03 1.044870e+03 1.040150e+03
6.6 1.033608e+03 1.042225e+03 1.044303e+03 1.035687e+03
7.6 1.022290e+03 1.043999e+03 1.043987e+03 1.022278e+03
8.6 1.020715e+03 1.044985e+03 1.043840e+03 1.019571e+03
9.6 1.025255e+03 1.045366e+03 1.043802e+03 1.023691e+03
10.6 1.034384e+03 1.045100e+03 1.043824e+03 1.033108e+03
11.6 1.064957e+03 1.042607e+03 1.043871e+03 1.066221e+03
12.6 1.042415e+03 1.038606e+03 1.043918e+03 1.047727e+03
13.6 1.045799e+03 1.038466e+03 1.043954e+03 1.051287e+03
14.6 1.042797e+03 1.040859e+03 1.043978e+03 1.045916e+03
15.6 1.049470e+03 1.043179e+03 1.043991e+03 1.050283e+03
16.6 1.043876e+03 1.044665e+03 1.043999e+03 1.043210e+03
17.6 1.043043e+03 1.043482e+03 1.044002e+03 1.043563e+03
18.6 1.029204e+03 1.039659e+03 1.044004e+03 1.033549e+03
19.6 1.054746e+03 1.039137e+03 1.044004e+03 1.059613e+03
20.6 1.047717e+03 1.041222e+03 1.044004e+03 1.050499e+03
21.6 1.056158e+03 1.043332e+03 1.044005e+03 1.056831e+03
0.3 1.058496e+03 1.045331e+03 1.044005e+03 1.057170e+03
1.3 1.047279e+03 1.045758e+03 1.044161e+03 1.045682e+03
2.3 1.052065e+03 1.046965e+03 1.045348e+03 1.050448e+03
3.3 1.061144e+03 1.048775e+03 1.047273e+03 1.059642e+03
4.3 1.067643e+03 1.048244e+03 1.048127e+03 1.067526e+03
5.3 1.039454e+03 1.043096e+03 1.047208e+03 1.043566e+03
6.3 1.031086e+03 1.041393e+03 1.045746e+03 1.035440e+03
7.3 1.044014e+03 1.044463e+03 1.044633e+03 1.044184e+03
8.3 1.046580e+03 1.047475e+03 1.043993e+03 1.043098e+03
9.3 1.054625e+03 1.047878e+03 1.043696e+03 1.050443e+03
10.3 1.059281e+03 1.047911e+03 1.043613e+03 1.054984e+03
11.3 1.057534e+03 1.047586e+03 1.043652e+03 1.053600e+03
12.3 1.039036e+03 1.042913e+03 1.043740e+03 1.039863e+03
13.3 1.039047e+03 1.039805e+03 1.043831e+03 1.043073e+03
14.3 1.019435e+03 1.040512e+03 1.043902e+03 1.022826e+03
15.3 1.036838e+03 1.042304e+03 1.043950e+03 1.038484e+03
16.3 1.036864e+03 1.043666e+03 1.043977e+03 1.037175e+03
17.3 1.030351e+03 1.044545e+03 1.043992e+03 1.029798e+03
18.3 1.054104e+03 1.044906e+03 1.043999e+03 1.053196e+03
19.3 1.034552e+03 1.044640e+03 1.044002e+03 1.033915e+03
20.3 1.047950e+03 1.042928e+03 1.044004e+03 1.049026e+03
21.3 1.027596e+03 1.038841e+03 1.044009e+03 1.032764e+03
0.6 1.027596e+03 1.038841e+03 1.044009e+03 1.032764e+03
1.6 1.034332e+03 1.038416e+03 1.044420e+03 1.040336e+03
2.6 1.057838e+03 1.041952e+03 1.045708e+03 1.061594e+03
3.6 1.057194e+03 1.044898e+03 1.046241e+03 1.058536e+03
4.6 1.054699e+03 1.045988e+03 1.045771e+03 1.054482e+03
5.6 1.049075e+03 1.047064e+03 1.045960e+03 1.047971e+03
6.6 1.046181e+03 1.047967e+03 1.046470e+03 1.044684e+03
7.6 1.044619e+03 1.047498e+03 1.045992e+03 1.043114e+03
8.6 1.065069e+03 1.046454e+03 1.045054e+03 1.063669e+03
9.6 1.058593e+03 1.045621e+03 1.044324e+03 1.057296e+03
10.6 1.051041e+03 1.045129e+03 1.043925e+03 1.049837e+03
11.6 1.058553e+03 1.044886e+03 1.043757e+03 1.057423e+03
12.6 1.060935e+03 1.044799e+03 1.043722e+03 1.059859e+03
13.6 1.053434e+03 1.044801e+03 1.043758e+03 1.052391e+03
14.6 1.049782e+03 1.044931e+03 1.043821e+03 1.048672e+03
15.6 1.040727e+03 1.047225e+03 1.043884e+03 1.037386e+03
16.6 1.042190e+03 1.053106e+03 1.043933e+03 1.033016e+03
17.6 1.043215e+03 1.057647e+03 1.043966e+03 1.029534e+03
18.6 1.064364e+03 1.053015e+03 1.043985e+03 1.055335e+03
19.6 1.065217e+03 1.045570e+03 1.043995e+03 1.063643e+03
20.6 1.050028e+03 1.042545e+03 1.044001e+03 1.051484e+03
21.6 1.056472e+03 1.042199e+03 1.044003e+03 1.058275e+03
0.2 1.057194e+03 1.044898e+03 1.046241e+03 1.058536e+03
1.2 1.054699e+03 1.045988e+03 1.045771e+03 1.054482e+03
2.2 1.049075e+03 1.047064e+03 1.045960e+03 1.047971e+03
3.2 1.046181e+03 1.047967e+03 1.046470e+03 1.044684e+03
4.2 1.044619e+03 1.047498e+03 1.045992e+03 1.043114e+03
5.2 1.065069e+03 1.046454e+03 1.045054e+03 1.063669e+03
6.2 1.058593e+03 1.045621e+03 1.044324e+03 1.057296e+03
7.2 1.051041e+03 1.045129e+03 1.043925e+03 1.049837e+03
8.2 1.058553e+03 1.044886e+03 1.043757e+03 1.057423e+03
9.2 1.060935e+03 1.044799e+03 1.043722e+03 1.059859e+03
10.2 1.053434e+03 1.044801e+03 1.043758e+03 1.052391e+03
11.2 1.049782e+03 1.044931e+03 1.043821e+03 1.048672e+03
12.2 1.040727e+03 1.047225e+03 1.043884e+03 1.037386e+03
13.2 1.042190e+03 1.053106e+03 1.043933e+03 1.033016e+03
14.2 1.043215e+03 1.057647e+03 1.043966e+03 1.029534e+03
15.2 1.064364e+03 1.053015e+03 1.043985e+03 1.055335e+03
16.2 1.065217e+03 1.045570e+03 1.043995e+03 1.063643e+03
17.2 1.050028e+03 1.042545e+03 1.044001e+03 1.051484e+03
18.2 1.056472e+03 1.042199e+03 1.044003e+03 1.058275e+03
19.2 1.044458e+03 1.039344e+03 1.044004e+03 1.049118e+03
20.2 1.047567e+03 1.036919e+03 1.044004e+03 1.054652e+03
21.2 1.041782e+03 1.038415e+03 1.044005e+03 1.047371e+03
0.7 1.066811e+03 1.053758e+03 1.044014e+03 1.057067e+03
1.7 1.062000e+03 1.046441e+03 1.044510e+03 1.060069e+03
2.7 1.054298e+03 1.044351e+03 1.046168e+03 1.056115e+03
3.7 1.037741e+03 1.045636e+03 1.047858e+03 1.039963e+03
4.7 1.022138e+03 1.043363e+03 1.047840e+03 1.026615e+03
5.7 1.017378e+03 1.039287e+03 1.046519e+03 1.024610e+03
6.7 1.020764e+03 1.039087e+03 1.045173e+03 1.026851e+03
7.7 1.037686e+03 1.041147e+03 1.044292e+03 1.040831e+03
8.7 1.052262e+03 1.043103e+03 1.043828e+03 1.052987e+03
9.7 1.037338e+03 1.044357e+03 1.043642e+03 1.036623e+03
10.7 1.034551e+03 1.045093e+03 1.043624e+03 1.033082e+03
11.7 1.050972e+03 1.044865e+03 1.043692e+03 1.049798e+03
12.7 1.053539e+03 1.041000e+03 1.043785e+03 1.056324e+03
13.7 1.055106e+03 1.038557e+03 1.043867e+03 1.060416e+03
14.7 1.049883e+03 1.039875e+03 1.043927e+03 1.053935e+03
15.7 1.067750e+03 1.042236e+03 1.043964e+03 1.069479e+03
16.7 1.052047e+03 1.044003e+03 1.043985e+03 1.052030e+03
17.7 1.044908e+03 1.045061e+03 1.043996e+03 1.043842e+03
18.7 1.045521e+03 1.045567e+03 1.044001e+03 1.043955e+03
19.7 1.043179e+03 1.045601e+03 1.044003e+03 1.041581e+03
20.7 1.043414e+03 1.045373e+03 1.044004e+03 1.042045e+03
21.7 1.049188e+03 1.044799e+03 1.044004e+03 1.048393e+03
