0.4 3.165311e+03 3.216849e+03 3.231270e+03 3.179733e+03
1.4 3.194013e+03 3.206548e+03 3.230617e+03 3.218083e+03
2.4 3.283584e+03 3.206172e+03 3.228210e+03 3.305623e+03
3.4 3.191256e+03 3.211995e+03 3.227362e+03 3.206623e+03
4.4 3.239984e+03 3.219675e+03 3.228454e+03 3.248763e+03
5.4 3.204240e+03 3.227041e+03 3.229843e+03 3.207042e+03
6.4 3.239608e+03 3.231636e+03 3.230798e+03 3.238770e+03
7.4 3.242248e+03 3.232679e+03 3.231324e+03 3.240893e+03
8.4 3.246828e+03 3.232202e+03 3.231564e+03 3.246190e+03
9.4 3.247716e+03 3.232398e+03 3.231623e+03 3.246942e+03
10.4 3.207238e+03 3.232089e+03 3.231581e+03 3.206730e+03
11.4 3.218882e+03 3.230778e+03 3.231498e+03 3.219603e+03
12.4 3.266325e+03 3.229353e+03 3.231417e+03 3.268389e+03
13.4 3.308923e+03 3.230177e+03 3.231355e+03 3.310101e+03
14.4 3.248684e+03 3.234846e+03 3.231316e+03 3.245153e+03
15.4 3.242985e+03 3.237767e+03 3.231293e+03 3.236511e+03
16.4 3.268162e+03 3.235970e+03 3.231281e+03 3.263473e+03
17.4 3.253857e+03 3.232563e+03 3.231275e+03 3.252570e+03
18.4 3.245767e+03 3.232152e+03 3.231273e+03 3.244887e+03
19.4 3.219085e+03 3.234377e+03 3.231272e+03 3.215980e+03
20.4 3.222257e+03 3.234034e+03 3.231271e+03 3.219495e+03
0.7 3.263529e+03 3.254990e+03 3.231241e+03 3.239779e+03
1.7 3.274718e+03 3.255120e+03 3.229854e+03 3.249452e+03
2.7 3.234644e+03 3.243525e+03 3.227625e+03 3.218744e+03
3.7 3.270716e+03 3.233117e+03 3.227606e+03 3.265205e+03
4.7 3.239353e+03 3.227549e+03 3.228958e+03 3.240761e+03
5.7 3.222330e+03 3.225376e+03 3.230227e+03 3.227181e+03
6.7 3.222990e+03 3.227358e+03 3.231019e+03 3.226651e+03
7.7 3.233363e+03 3.230840e+03 3.230879e+03 3.233402e+03
8.7 3.238188e+03 3.229198e+03 3.228664e+03 3.237654e+03
9.7 3.232077e+03 3.226696e+03 3.227689e+03 3.233069e+03
10.7 3.281347e+03 3.228339e+03 3.228654e+03 3.281661e+03
11.7 3.247417e+03 3.234098e+03 3.229971e+03 3.243290e+03
12.7 3.223542e+03 3.237233e+03 3.230878e+03 3.217188e+03
13.7 3.286814e+03 3.235466e+03 3.231371e+03 3.282719e+03
14.7 3.212524e+03 3.232096e+03 3.231591e+03 3.212019e+03
15.7 3.226034e+03 3.229449e+03 3.231640e+03 3.228225e+03
16.7 3.206118e+03 3.227896e+03 3.231592e+03 3.209814e+03
17.7 3.234009e+03 3.227149e+03 3.231506e+03 3.238367e+03
18.7 3.217825e+03 3.226919e+03 3.231422e+03 3.222329e+03
19.7 3.234297e+03 3.227055e+03 3.231359e+03 3.238601e+03
20.7 3.248796e+03 3.227741e+03 3.231317e+03 3.252373e+03
0.3 3.222990e+03 3.227358e+03 3.231019e+03 3.226651e+03
1.3 3.233363e+03 3.230840e+03 3.230879e+03 3.233402e+03
2.3 3.238188e+03 3.229198e+03 3.228664e+03 3.237654e+03
3.3 3.232077e+03 3.226696e+03 3.227689e+03 3.233069e+03
4.3 3.281347e+03 3.228339e+03 3.228654e+03 3.281661e+03
5.3 3.247417e+03 3.234098e+03 3.229971e+03 3.243290e+03
6.3 3.223542e+03 3.237233e+03 3.230878e+03 3.217188e+03
7.3 3.286814e+03 3.235466e+03 3.231371e+03 3.282719e+03
8.3 3.212524e+03 3.232096e+03 3.231591e+03 3.212019e+03
9.3 3.226034e+03 3.229449e+03 3.231640e+03 3.228225e+03
10.3 3.206118e+03 3.227896e+03 3.231592e+03 3.209814e+03
11.3 3.234009e+03 3.227149e+03 3.231506e+03 3.238367e+03
12.3 3.217825e+03 3.226919e+03 3.231422e+03 3.222329e+03
13.3 3.234297e+03 3.227055e+03 3.231359e+03 3.238601e+03
14.3 3.248796e+03 3.227741e+03 3.231317e+03 3.252373e+03
15.3 3.245314e+03 3.228629e+03 3.231294e+03 3.247978e+03
16.3 3.218994e+03 3.229060e+03 3.231282e+03 3.221215e+03
17.3 3.200533e+03 3.229679e+03 3.231276e+03 3.202129e+03
18.3 3.264381e+03 3.230890e+03 3.231273e+03 3.264764e+03
19.3 3.211774e+03 3.231041e+03 3.231272e+03 3.212006e+03
20.3 3.224048e+03 3.231841e+03 3.231271e+03 3.223479e+03
0.5 3.232159e+03 3.255036e+03 3.231265e+03 3.208388e+03
1.5 3.239551e+03 3.258265e+03 3.230265e+03 3.211551e+03
2.5 3.229085e+03 3.247576e+03 3.227881e+03 3.209390e+03
3.5 3.253890e+03 3.237393e+03 3.227459e+03 3.243957e+03
4.5 3.268432e+03 3.233011e+03 3.228706e+03 3.264127e+03
5.5 3.236604e+03 3.231060e+03 3.230042e+03 3.235587e+03
6.5 3.259863e+03 3.228608e+03 3.230914e+03 3.262169e+03
7.5 3.226676e+03 3.222105e+03 3.231380e+03 3.235951e+03
8.5 3.228137e+03 3.214940e+03 3.230821e+03 3.244018e+03
9.5 3.210201e+03 3.213018e+03 3.228443e+03 3.225627e+03
10.5 3.233825e+03 3.216455e+03 3.227685e+03 3.245056e+03
11.5 3.231895e+03 3.221408e+03 3.228750e+03 3.239237e+03
12.5 3.243934e+03 3.225227e+03 3.230045e+03 3.248752e+03
13.5 3.213037e+03 3.227501e+03 3.230914e+03 3.216450e+03
14.5 3.273999e+03 3.228649e+03 3.231384e+03 3.276734e+03
15.5 3.229210e+03 3.229871e+03 3.231590e+03 3.230929e+03
16.5 3.212951e+03 3.231903e+03 3.231620e+03 3.212667e+03
17.5 3.225905e+03 3.231561e+03 3.230443e+03 3.224787e+03
18.5 3.177358e+03 3.227971e+03 3.228010e+03 3.177397e+03
19.5 3.209432e+03 3.223249e+03 3.227645e+03 3.213828e+03
20.5 3.233006e+03 3.216824e+03 3.228872e+03 3.245054e+03
0.4 3.226676e+03 3.222105e+03 3.231380e+03 3.235951e+03
1.4 3.228137e+03 3.214940e+03 3.230821e+03 3.244018e+03
2.4 3.210201e+03 3.213018e+03 3.228443e+03 3.225627e+03
3.4 3.233825e+03 3.216455e+03 3.227685e+03 3.245056e+03
4.4 3.231895e+03 3.221408e+03 3.228750e+03 3.239237e+03
5.4 3.243934e+03 3.225227e+03 3.230045e+03 3.248752e+03
6.4 3.213037e+03 3.227501e+03 3.230914e+03 3.216450e+03
7.4 3.273999e+03 3.228649e+03 3.231384e+03 3.276734e+03
8.4 3.229210e+03 3.229871e+03 3.231590e+03 3.230929e+03
9.4 3.212951e+03 3.231903e+03 3.231620e+03 3.212667e+03
10.4 3.225905e+03 3.231561e+03 3.230443e+03 3.224787e+03
11.4 3.177358e+03 3.227971e+03 3.228010e+03 3.177397e+03
12.4 3.209432e+03 3.223249e+03 3.227645e+03 3.213828e+03
13.4 3.233006e+03 3.216824e+03 3.228872e+03 3.245054e+03
14.4 3.180557e+03 3.215916e+03 3.230148e+03 3.194788e+03
15.4 3.198635e+03 3.219890e+03 3.230971e+03 3.209716e+03
16.4 3.208696e+03 3.225374e+03 3.231409e+03 3.214732e+03
17.4 3.213071e+03 3.232169e+03 3.231594e+03 3.212497e+03
18.4 3.233135e+03 3.235460e+03 3.231622e+03 3.229297e+03
19.4 3.279430e+03 3.234439e+03 3.231564e+03 3.276555e+03
20.4 3.247546e+03 3.231989e+03 3.231479e+03 3.247036e+03
0.6 3.212951e+03 3.231903e+03 3.231620e+03 3.212667e+03
1.6 3.225905e+03 3.231561e+03 3.230443e+03 3.224787e+03
2.6 3.177358e+03 3.227971e+03 3.228010e+03 3.177397e+03
3.6 3.209432e+03 3.223249e+03 3.227645e+03 3.213828e+03
4.6 3.233006e+03 3.216824e+03 3.228872e+03 3.245054e+03
5.6 3.180557e+03 3.215916e+03 3.230148e+03 3.194788e+03
6.6 3.198635e+03 3.219890e+03 3.230971e+03 3.209716e+03
7.6 3.208696e+03 3.225374e+03 3.231409e+03 3.214732e+03
8.6 3.213071e+03 3.232169e+03 3.231594e+03 3.212497e+03
9.6 3.233135e+03 3.235460e+03 3.231622e+03 3.229297e+03
10.6 3.279430e+03 3.234439e+03 3.231564e+03 3.276555e+03
11.6 3.247546e+03 3.231989e+03 3.231479e+03 3.247036e+03
12.6 3.221721e+03 3.229901e+03 3.231401e+03 3.223221e+03
13.6 3.224467e+03 3.228531e+03 3.231344e+03 3.227281e+03
14.6 3.212082e+03 3.227763e+03 3.231309e+03 3.215628e+03
15.6 3.202618e+03 3.227523e+03 3.231289e+03 3.206384e+03
16.6 3.189333e+03 3.227957e+03 3.231279e+03 3.192655e+03
17.6 3.232493e+03 3.228505e+03 3.231275e+03 3.235263e+03
18.6 3.252223e+03 3.228675e+03 3.231273e+03 3.254821e+03
19.6 3.216105e+03 3.228459e+03 3.231272e+03 3.218918e+03
20.6 3.222973e+03 3.228015e+03 3.231271e+03 3.226229e+03
0.3 3.242343e+03 3.253576e+03 3.231271e+03 3.220038e+03
1.3 3.223151e+03 3.259340e+03 3.230764e+03 3.194575e+03
2.3 3.221826e+03 3.250575e+03 3.228399e+03 3.199651e+03
3.3 3.253813e+03 3.244444e+03 3.227336e+03 3.236705e+03
4.3 3.233193e+03 3.246081e+03 3.228329e+03 3.215441e+03
5.3 3.289931e+03 3.242822e+03 3.229738e+03 3.276847e+03
6.3 3.197206e+03 3.233812e+03 3.230735e+03 3.194129e+03
7.3 3.264182e+03 3.221413e+03 3.231213e+03 3.273982e+03
8.3 3.251463e+03 3.213458e+03 3.229765e+03 3.267770e+03
9.3 3.227658e+03 3.212924e+03 3.227823e+03 3.242558e+03
10.3 3.149439e+03 3.217139e+03 3.228076e+03 3.160376e+03
11.3 3.166820e+03 3.222092e+03 3.229398e+03 3.174127e+03
12.3 3.183712e+03 3.226201e+03 3.230521e+03 3.188033e+03
13.3 3.176836e+03 3.228774e+03 3.231186e+03 3.179249e+03
14.3 3.255838e+03 3.229805e+03 3.231516e+03 3.257549e+03
15.3 3.159656e+03 3.231018e+03 3.231633e+03 3.160272e+03
16.3 3.179927e+03 3.234428e+03 3.231513e+03 3.177012e+03
17.3 3.207951e+03 3.233721e+03 3.229610e+03 3.203840e+03
18.3 3.181750e+03 3.229924e+03 3.227613e+03 3.179439e+03
19.3 3.195006e+03 3.230668e+03 3.227939e+03 3.192278e+03
20.3 3.213690e+03 3.232745e+03 3.228486e+03 3.209431e+03
0.9 3.264182e+03 3.221413e+03 3.231213e+03 3.273982e+03
1.9 3.251463e+03 3.213458e+03 3.229765e+03 3.267770e+03
2.9 3.227658e+03 3.212924e+03 3.227823e+03 3.242558e+03
3.9 3.149439e+03 3.217139e+03 3.228076e+03 3.160376e+03
4.9 3.166820e+03 3.222092e+03 3.229398e+03 3.174127e+03
5.9 3.183712e+03 3.226201e+03 3.230521e+03 3.188033e+03
6.9 3.176836e+03 3.228774e+03 3.231186e+03 3.179249e+03
7.9 3.255838e+03 3.229805e+03 3.231516e+03 3.257549e+03
8.9 3.159656e+03 3.231018e+03 3.231633e+03 3.160272e+03
9.9 3.179927e+03 3.234428e+03 3.231513e+03 3.177012e+03
10.9 3.207951e+03 3.233721e+03 3.229610e+03 3.203840e+03
11.9 3.181750e+03 3.229924e+03 3.227613e+03 3.179439e+03
12.9 3.195006e+03 3.230668e+03 3.227939e+03 3.192278e+03
13.9 3.213690e+03 3.232745e+03 3.228486e+03 3.209431e+03
14.9 3.213438e+03 3.229964e+03 3.227220e+03 3.210695e+03
15.9 3.228544e+03 3.227087e+03 3.227275e+03 3.228731e+03
16.9 3.240194e+03 3.226339e+03 3.228797e+03 3.242652e+03
17.9 3.201992e+03 3.226595e+03 3.230289e+03 3.205686e+03
18.9 3.221347e+03 3.226987e+03 3.231196e+03 3.225556e+03
19.9 3.252602e+03 3.227312e+03 3.231621e+03 3.256911e+03
20.9 3.238737e+03 3.227564e+03 3.231756e+03 3.242930e+03
0.9 3.179927e+03 3.234428e+03 3.231513e+03 3.177012e+03
1.9 3.207951e+03 3.233721e+03 3.229610e+03 3.203840e+03
2.9 3.181750e+03 3.229924e+03 3.227613e+03 3.179439e+03
3.9 3.195006e+03 3.230668e+03 3.227939e+03 3.192278e+03
4.9 3.213690e+03 3.232745e+03 3.228486e+03 3.209431e+03
5.9 3.213438e+03 3.229964e+03 3.227220e+03 3.210695e+03
6.9 3.228544e+03 3.227087e+03 3.227275e+03 3.228731e+03
7.9 3.240194e+03 3.226339e+03 3.228797e+03 3.242652e+03
8.9 3.201992e+03 3.226595e+03 3.230289e+03 3.205686e+03
9.9 3.221347e+03 3.226987e+03 3.231196e+03 3.225556e+03
10.9 3.252602e+03 3.227312e+03 3.231621e+03 3.256911e+03
11.9 3.238737e+03 3.227564e+03 3.231756e+03 3.242930e+03
12.9 3.202801e+03 3.227774e+03 3.231732e+03 3.206759e+03
13.9 3.163090e+03 3.228733e+03 3.231634e+03 3.165991e+03
14.9 3.196081e+03 3.231008e+03 3.231521e+03 3.196594e+03
15.9 3.224609e+03 3.232885e+03 3.231425e+03 3.223149e+03
16.9 3.198291e+03 3.232530e+03 3.231357e+03 3.197118e+03
17.9 3.268404e+03 3.227634e+03 3.231316e+03 3.272086e+03
18.9 3.179063e+03 3.217078e+03 3.231293e+03 3.193278e+03
19.9 3.228182e+03 3.208306e+03 3.231281e+03 3.251157e+03
20.9 3.206479e+03 3.209289e+03 3.231275e+03 3.228465e+03
0.5 3.195006e+03 3.230668e+03 3.227939e+03 3.192278e+03
1.5 3.213690e+03 3.232745e+03 3.228486e+03 3.209431e+03
2.5 3.213438e+03 3.229964e+03 3.227220e+03 3.210695e+03
3.5 3.228544e+03 3.227087e+03 3.227275e+03 3.228731e+03
4.5 3.240194e+03 3.226339e+03 3.228797e+03 3.242652e+03
5.5 3.201992e+03 3.226595e+03 3.230289e+03 3.205686e+03
6.5 3.221347e+03 3.226987e+03 3.231196e+03 3.225556e+03
7.5 3.252602e+03 3.227312e+03 3.231621e+03 3.256911e+03
8.5 3.238737e+03 3.227564e+03 3.231756e+03 3.242930e+03
9.5 3.202801e+03 3.227774e+03 3.231732e+03 3.206759e+03
10.5 3.163090e+03 3.228733e+03 3.231634e+03 3.165991e+03
11.5 3.196081e+03 3.231008e+03 3.231521e+03 3.196594e+03
12.5 3.224609e+03 3.232885e+03 3.231425e+03 3.223149e+03
13.5 3.198291e+03 3.232530e+03 3.231357e+03 3.197118e+03
14.5 3.268404e+03 3.227634e+03 3.231316e+03 3.272086e+03
15.5 3.179063e+03 3.217078e+03 3.231293e+03 3.193278e+03
16.5 3.228182e+03 3.208306e+03 3.231281e+03 3.251157e+03
17.5 3.206479e+03 3.209289e+03 3.231275e+03 3.228465e+03
18.5 3.228860e+03 3.216177e+03 3.231273e+03 3.243956e+03
19.5 3.215588e+03 3.222582e+03 3.231272e+03 3.224278e+03
20.5 3.194620e+03 3.226626e+03 3.231271e+03 3.199266e+03
1.0 3.217432e+03 3.231388e+03 3.231145e+03 3.217189e+03
2.0 3.287298e+03 3.229661e+03 3.229259e+03 3.286896e+03
3.0 3.231645e+03 3.226507e+03 3.227406e+03 3.232544e+03
4.0 3.223082e+03 3.225612e+03 3.227863e+03 3.225333e+03
5.0 3.222733e+03 3.226804e+03 3.229284e+03 3.225213e+03
6.0 3.235033e+03 3.229608e+03 3.230449e+03 3.235874e+03
7.0 3.252611e+03 3.232221e+03 3.231141e+03 3.251531e+03
8.0 3.255453e+03 3.232684e+03 3.231489e+03 3.254258e+03
9.0 3.261856e+03 3.232953e+03 3.231615e+03 3.260517e+03
10.0 3.261771e+03 3.236534e+03 3.231607e+03 3.256844e+03
11.0 3.231256e+03 3.240638e+03 3.231535e+03 3.222154e+03
12.0 3.253519e+03 3.240023e+03 3.231450e+03 3.244947e+03
13.0 3.256312e+03 3.235722e+03 3.231379e+03 3.251969e+03
14.0 3.248486e+03 3.231385e+03 3.231330e+03 3.248431e+03
15.0 3.233827e+03 3.228545e+03 3.231301e+03 3.236583e+03
16.0 3.218538e+03 3.227082e+03 3.231285e+03 3.222741e+03
17.0 3.237276e+03 3.225092e+03 3.231277e+03 3.243461e+03
18.0 3.229835e+03 3.217979e+03 3.231274e+03 3.243130e+03
19.0 3.218497e+03 3.210973e+03 3.231272e+03 3.238797e+03
20.0 3.186089e+03 3.212374e+03 3.231272e+03 3.204986e+03
21.0 3.220147e+03 3.218440e+03 3.231271e+03 3.232978e+03
0.3 3.166119e+03 3.219696e+03 3.231271e+03 3.177694e+03
1.3 3.196417e+03 3.212751e+03 3.230717e+03 3.214383e+03
2.3 3.193269e+03 3.211936e+03 3.228335e+03 3.209668e+03
3.3 3.192749e+03 3.216445e+03 3.227343e+03 3.203647e+03
4.3 3.252792e+03 3.222624e+03 3.228370e+03 3.258539e+03
5.3 3.222224e+03 3.227389e+03 3.229773e+03 3.224608e+03
6.3 3.258553e+03 3.229852e+03 3.230756e+03 3.259457e+03
7.3 3.196748e+03 3.230527e+03 3.231303e+03 3.197524e+03
8.3 3.192286e+03 3.230761e+03 3.231556e+03 3.193081e+03
9.3 3.215624e+03 3.232119e+03 3.231623e+03 3.215128e+03
10.3 3.190106e+03 3.233663e+03 3.231585e+03 3.188028e+03
11.3 3.248057e+03 3.233428e+03 3.231503e+03 3.246132e+03
12.3 3.215462e+03 3.231845e+03 3.231421e+03 3.215039e+03
13.3 3.221877e+03 3.234805e+03 3.231358e+03 3.218431e+03
14.3 3.291318e+03 3.246504e+03 3.231317e+03 3.276131e+03
15.3 3.275447e+03 3.253064e+03 3.231294e+03 3.253677e+03
16.3 3.263498e+03 3.247799e+03 3.231282e+03 3.246981e+03
17.3 3.277582e+03 3.238942e+03 3.231276e+03 3.269916e+03
18.3 3.261004e+03 3.232542e+03 3.231273e+03 3.259735e+03
19.3 3.208595e+03 3.228900e+03 3.231272e+03 3.210967e+03
20.3 3.188191e+03 3.226992e+03 3.231271e+03 3.192471e+03
