0.9 3.231700e+03 3.226280e+03 3.230674e+03 3.236094e+03
1.9 3.252788e+03 3.225470e+03 3.230967e+03 3.258286e+03
2.9 3.220494e+03 3.226202e+03 3.231661e+03 3.225953e+03
3.9 3.206349e+03 3.227200e+03 3.231992e+03 3.211141e+03
4.9 3.273249e+03 3.227780e+03 3.231690e+03 3.277158e+03
5.9 3.233770e+03 3.228460e+03 3.231215e+03 3.236524e+03
6.9 3.200600e+03 3.235668e+03 3.230861e+03 3.195793e+03
7.9 3.216312e+03 3.248850e+03 3.230659e+03 3.198121e+03
8.9 3.190925e+03 3.252670e+03 3.230565e+03 3.168820e+03
9.9 3.225567e+03 3.245771e+03 3.230538e+03 3.210334e+03
10.9 3.203513e+03 3.237016e+03 3.230550e+03 3.197047e+03
11.9 3.232744e+03 3.233824e+03 3.230578e+03 3.229498e+03
12.9 3.247544e+03 3.242461e+03 3.230606e+03 3.235689e+03
13.9 3.263529e+03 3.254990e+03 3.230629e+03 3.239168e+03
14.9 3.274718e+03 3.255120e+03 3.230644e+03 3.250241e+03
15.9 3.234644e+03 3.243525e+03 3.230652e+03 3.221772e+03
16.9 3.270716e+03 3.233117e+03 3.230657e+03 3.268255e+03
17.9 3.239353e+03 3.227549e+03 3.230659e+03 3.242463e+03
18.9 3.222330e+03 3.225376e+03 3.230660e+03 3.227615e+03
19.9 3.222990e+03 3.227358e+03 3.230661e+03 3.226293e+03
20.9 3.233363e+03 3.230840e+03 3.230661e+03 3.233184e+03
21.9 3.238188e+03 3.229198e+03 3.230661e+03 3.239651e+03
0.3 3.217825e+03 3.226919e+03 3.230661e+03 3.221568e+03
1.3 3.234297e+03 3.227055e+03 3.230725e+03 3.237967e+03
2.3 3.248796e+03 3.227741e+03 3.231205e+03 3.252260e+03
3.3 3.245314e+03 3.228629e+03 3.231858e+03 3.248543e+03
4.3 3.218994e+03 3.229060e+03 3.231910e+03 3.221844e+03
5.3 3.200533e+03 3.229679e+03 3.231489e+03 3.202342e+03
6.3 3.264381e+03 3.230890e+03 3.231051e+03 3.264542e+03
7.3 3.211774e+03 3.231041e+03 3.230765e+03 3.211499e+03
8.3 3.224048e+03 3.231841e+03 3.230613e+03 3.222820e+03
9.3 3.234734e+03 3.241044e+03 3.230550e+03 3.224241e+03
10.3 3.232159e+03 3.255036e+03 3.230541e+03 3.207665e+03
11.3 3.239551e+03 3.258265e+03 3.230561e+03 3.211847e+03
12.3 3.229085e+03 3.247576e+03 3.230590e+03 3.212099e+03
13.3 3.253890e+03 3.237393e+03 3.230617e+03 3.247114e+03
14.3 3.268432e+03 3.233011e+03 3.230636e+03 3.266057e+03
15.3 3.236604e+03 3.231060e+03 3.230648e+03 3.236192e+03
16.3 3.259863e+03 3.228608e+03 3.230655e+03 3.261909e+03
17.3 3.226676e+03 3.222105e+03 3.230658e+03 3.235229e+03
18.3 3.228137e+03 3.214940e+03 3.230660e+03 3.243857e+03
19.3 3.210201e+03 3.213018e+03 3.230661e+03 3.227844e+03
20.3 3.233825e+03 3.216455e+03 3.230661e+03 3.248031e+03
21.3 3.231895e+03 3.221408e+03 3.230661e+03 3.241148e+03
0.4 3.212082e+03 3.227763e+03 3.230661e+03 3.214980e+03
1.4 3.202618e+03 3.227523e+03 3.230753e+03 3.205848e+03
2.4 3.189333e+03 3.227957e+03 3.231239e+03 3.192614e+03
3.4 3.232493e+03 3.228505e+03 3.231589e+03 3.235577e+03
4.4 3.252223e+03 3.228675e+03 3.231432e+03 3.254980e+03
5.4 3.216105e+03 3.228459e+03 3.231096e+03 3.218743e+03
6.4 3.222973e+03 3.228015e+03 3.230832e+03 3.225789e+03
7.4 3.237712e+03 3.224332e+03 3.230678e+03 3.244058e+03
8.4 3.221192e+03 3.215713e+03 3.230603e+03 3.236082e+03
9.4 3.221870e+03 3.211603e+03 3.230578e+03 3.240845e+03
10.4 3.249781e+03 3.215445e+03 3.230582e+03 3.264918e+03
11.4 3.215432e+03 3.221291e+03 3.230600e+03 3.224741e+03
12.4 3.224392e+03 3.225536e+03 3.230620e+03 3.229476e+03
13.4 3.226889e+03 3.227919e+03 3.230637e+03 3.229607e+03
14.4 3.252436e+03 3.229025e+03 3.230648e+03 3.254058e+03
15.4 3.224480e+03 3.229331e+03 3.230654e+03 3.225803e+03
16.4 3.223426e+03 3.229674e+03 3.230658e+03 3.224411e+03
17.4 3.226539e+03 3.233067e+03 3.230660e+03 3.224131e+03
18.4 3.241798e+03 3.238773e+03 3.230660e+03 3.233685e+03
19.4 3.248441e+03 3.241251e+03 3.230661e+03 3.237850e+03
20.4 3.224726e+03 3.239124e+03 3.230661e+03 3.216263e+03
21.4 3.198486e+03 3.242352e+03 3.230661e+03 3.186795e+03
0.7 3.149439e+03 3.217139e+03 3.230665e+03 3.162966e+03
1.7 3.166820e+03 3.222092e+03 3.230879e+03 3.175608e+03
2.7 3.183712e+03 3.226201e+03 3.231540e+03 3.189051e+03
3.7 3.176836e+03 3.228774e+03 3.231971e+03 3.180034e+03
4.7 3.255838e+03 3.229805e+03 3.231744e+03 3.257777e+03
5.7 3.159656e+03 3.231018e+03 3.231274e+03 3.159912e+03
6.7 3.179927e+03 3.234428e+03 3.230901e+03 3.176400e+03
7.7 3.207951e+03 3.233721e+03 3.230682e+03 3.204912e+03
8.7 3.181750e+03 3.229924e+03 3.230576e+03 3.182401e+03
9.7 3.195006e+03 3.230668e+03 3.230541e+03 3.194879e+03
10.7 3.213690e+03 3.232745e+03 3.230548e+03 3.211494e+03
11.7 3.213438e+03 3.229964e+03 3.230574e+03 3.214049e+03
12.7 3.228544e+03 3.227087e+03 3.230603e+03 3.232060e+03
13.7 3.240194e+03 3.226339e+03 3.230627e+03 3.244481e+03
14.7 3.201992e+03 3.226595e+03 3.230642e+03 3.206039e+03
15.7 3.221347e+03 3.226987e+03 3.230652e+03 3.225011e+03
16.7 3.252602e+03 3.227312e+03 3.230657e+03 3.255947e+03
17.7 3.238737e+03 3.227564e+03 3.230659e+03 3.241833e+03
18.7 3.202801e+03 3.227774e+03 3.230660e+03 3.205687e+03
19.7 3.163090e+03 3.228733e+03 3.230661e+03 3.165017e+03
20.7 3.196081e+03 3.231008e+03 3.230661e+03 3.195734e+03
21.7 3.224609e+03 3.232885e+03 3.230661e+03 3.222385e+03
0.3 3.194620e+03 3.226626e+03 3.230661e+03 3.198656e+03
1.3 3.237665e+03 3.228801e+03 3.230731e+03 3.239595e+03
2.3 3.213260e+03 3.230086e+03 3.231185e+03 3.214359e+03
3.3 3.229402e+03 3.230616e+03 3.231562e+03 3.230348e+03
4.3 3.273353e+03 3.230372e+03 3.231444e+03 3.274425e+03
5.3 3.237718e+03 3.229894e+03 3.231379e+03 3.239203e+03
6.3 3.226296e+03 3.229680e+03 3.231632e+03 3.228249e+03
7.3 3.229553e+03 3.229427e+03 3.231567e+03 3.231693e+03
8.3 3.227811e+03 3.228952e+03 3.231205e+03 3.230065e+03
9.3 3.209089e+03 3.228414e+03 3.230869e+03 3.211543e+03
10.3 3.220238e+03 3.228108e+03 3.230751e+03 3.222881e+03
11.3 3.267682e+03 3.228371e+03 3.231131e+03 3.270442e+03
12.3 3.209968e+03 3.228746e+03 3.231453e+03 3.212674e+03
13.3 3.224373e+03 3.228786e+03 3.231312e+03 3.226899e+03
14.3 3.188913e+03 3.228651e+03 3.231007e+03 3.191269e+03
15.3 3.185556e+03 3.229697e+03 3.230774e+03 3.186633e+03
16.3 3.217432e+03 3.231388e+03 3.230644e+03 3.216689e+03
17.3 3.287298e+03 3.229661e+03 3.230585e+03 3.288223e+03
18.3 3.231645e+03 3.226507e+03 3.230570e+03 3.235708e+03
19.3 3.223082e+03 3.225612e+03 3.230579e+03 3.228049e+03
20.3 3.222733e+03 3.226804e+03 3.230599e+03 3.226528e+03
21.3 3.235033e+03 3.229608e+03 3.230620e+03 3.236046e+03
0.9 3.273353e+03 3.230372e+03 3.231444e+03 3.274425e+03
1.9 3.237718e+03 3.229894e+03 3.231379e+03 3.239203e+03
2.9 3.226296e+03 3.229680e+03 3.231632e+03 3.228249e+03
3.9 3.229553e+03 3.229427e+03 3.231567e+03 3.231693e+03
4.9 3.227811e+03 3.228952e+03 3.231205e+03 3.230065e+03
5.9 3.209089e+03 3.228414e+03 3.230869e+03 3.211543e+03
6.9 3.220238e+03 3.228108e+03 3.230751e+03 3.222881e+03
7.9 3.267682e+03 3.228371e+03 3.231131e+03 3.270442e+03
8.9 3.209968e+03 3.228746e+03 3.231453e+03 3.212674e+03
9.9 3.224373e+03 3.228786e+03 3.231312e+03 3.226899e+03
10.9 3.188913e+03 3.228651e+03 3.231007e+03 3.191269e+03
11.9 3.185556e+03 3.229697e+03 3.230774e+03 3.186633e+03
12.9 3.217432e+03 3.231388e+03 3.230644e+03 3.216689e+03
13.9 3.287298e+03 3.229661e+03 3.230585e+03 3.288223e+03
14.9 3.231645e+03 3.226507e+03 3.230570e+03 3.235708e+03
15.9 3.223082e+03 3.225612e+03 3.230579e+03 3.228049e+03
16.9 3.222733e+03 3.226804e+03 3.230599e+03 3.226528e+03
17.9 3.235033e+03 3.229608e+03 3.230620e+03 3.236046e+03
18.9 3.252611e+03 3.232221e+03 3.230637e+03 3.251027e+03
19.9 3.255453e+03 3.232684e+03 3.230648e+03 3.253417e+03
20.9 3.261856e+03 3.232953e+03 3.230655e+03 3.259557e+03
21.9 3.261771e+03 3.236534e+03 3.230658e+03 3.255895e+03
0.4 3.209089e+03 3.228414e+03 3.230869e+03 3.211543e+03
1.4 3.220238e+03 3.228108e+03 3.230751e+03 3.222881e+03
2.4 3.267682e+03 3.228371e+03 3.231131e+03 3.270442e+03
3.4 3.209968e+03 3.228746e+03 3.231453e+03 3.212674e+03
4.4 3.224373e+03 3.228786e+03 3.231312e+03 3.226899e+03
5.4 3.188913e+03 3.228651e+03 3.231007e+03 3.191269e+03
6.4 3.185556e+03 3.229697e+03 3.230774e+03 3.186633e+03
7.4 3.217432e+03 3.231388e+03 3.230644e+03 3.216689e+03
8.4 3.287298e+03 3.229661e+03 3.230585e+03 3.288223e+03
9.4 3.231645e+03 3.226507e+03 3.230570e+03 3.235708e+03
10.4 3.223082e+03 3.225612e+03 3.230579e+03 3.228049e+03
11.4 3.222733e+03 3.226804e+03 3.230599e+03 3.226528e+03
12.4 3.235033e+03 3.229608e+03 3.230620e+03 3.236046e+03
13.4 3.252611e+03 3.232221e+03 3.230637e+03 3.251027e+03
14.4 3.255453e+03 3.232684e+03 3.230648e+03 3.253417e+03
15.4 3.261856e+03 3.232953e+03 3.230655e+03 3.259557e+03
16.4 3.261771e+03 3.236534e+03 3.230658e+03 3.255895e+03
17.4 3.231256e+03 3.240638e+03 3.230660e+03 3.221278e+03
18.4 3.253519e+03 3.240023e+03 3.230660e+03 3.244157e+03
19.4 3.256312e+03 3.235722e+03 3.230661e+03 3.251251e+03
20.4 3.248486e+03 3.231385e+03 3.230661e+03 3.247762e+03
21.4 3.233827e+03 3.228545e+03 3.230661e+03 3.235943e+03
0.5 3.193269e+03 3.211936e+03 3.230661e+03 3.211995e+03
1.5 3.192749e+03 3.216445e+03 3.230778e+03 3.207082e+03
2.5 3.252792e+03 3.222624e+03 3.231352e+03 3.261520e+03
3.5 3.222224e+03 3.227389e+03 3.231941e+03 3.226776e+03
4.5 3.258553e+03 3.229852e+03 3.231870e+03 3.260571e+03
5.5 3.196748e+03 3.230527e+03 3.231412e+03 3.197633e+03
6.5 3.192286e+03 3.230761e+03 3.230992e+03 3.192517e+03
7.5 3.215624e+03 3.232119e+03 3.230730e+03 3.214235e+03
8.5 3.190106e+03 3.233663e+03 3.230595e+03 3.187038e+03
9.5 3.248057e+03 3.233428e+03 3.230543e+03 3.245172e+03
10.5 3.215462e+03 3.231845e+03 3.230542e+03 3.214159e+03
11.5 3.221877e+03 3.234805e+03 3.230565e+03 3.217637e+03
12.5 3.291318e+03 3.246504e+03 3.230595e+03 3.275409e+03
13.5 3.275447e+03 3.253064e+03 3.230620e+03 3.253003e+03
14.5 3.263498e+03 3.247799e+03 3.230642e+03 3.246341e+03
15.5 3.277582e+03 3.238942e+03 3.230854e+03 3.269494e+03
16.5 3.261004e+03 3.232542e+03 3.231387e+03 3.259849e+03
17.5 3.208595e+03 3.228900e+03 3.231559e+03 3.211254e+03
18.5 3.188191e+03 3.226992e+03 3.231364e+03 3.192563e+03
19.5 3.224865e+03 3.226556e+03 3.231512e+03 3.229821e+03
20.5 3.274784e+03 3.227108e+03 3.231952e+03 3.279629e+03
21.5 3.214539e+03 3.227674e+03 3.231903e+03 3.218768e+03
0.7 3.263498e+03 3.247799e+03 3.230642e+03 3.246341e+03
1.7 3.277582e+03 3.238942e+03 3.230854e+03 3.269494e+03
2.7 3.261004e+03 3.232542e+03 3.231387e+03 3.259849e+03
3.7 3.208595e+03 3.228900e+03 3.231559e+03 3.211254e+03
4.7 3.188191e+03 3.226992e+03 3.231364e+03 3.192563e+03
5.7 3.224865e+03 3.226556e+03 3.231512e+03 3.229821e+03
6.7 3.274784e+03 3.227108e+03 3.231952e+03 3.279629e+03
7.7 3.214539e+03 3.227674e+03 3.231903e+03 3.218768e+03
8.7 3.234726e+03 3.227875e+03 3.231433e+03 3.238284e+03
9.7 3.206791e+03 3.227799e+03 3.230980e+03 3.209972e+03
10.7 3.238459e+03 3.228251e+03 3.230699e+03 3.240907e+03
11.7 3.260094e+03 3.235484e+03 3.230563e+03 3.255174e+03
12.7 3.291968e+03 3.250230e+03 3.230517e+03 3.272255e+03
13.7 3.277846e+03 3.259496e+03 3.230522e+03 3.248872e+03
14.7 3.287331e+03 3.254272e+03 3.230550e+03 3.263610e+03
15.7 3.270499e+03 3.238798e+03 3.230585e+03 3.262286e+03
16.7 3.216022e+03 3.223655e+03 3.230614e+03 3.222981e+03
17.7 3.187748e+03 3.218380e+03 3.230635e+03 3.200002e+03
18.7 3.198134e+03 3.219553e+03 3.230647e+03 3.209228e+03
19.7 3.193460e+03 3.222155e+03 3.230654e+03 3.201960e+03
20.7 3.200869e+03 3.224662e+03 3.230658e+03 3.206865e+03
21.7 3.208348e+03 3.231764e+03 3.230660e+03 3.207244e+03
0.3 3.208595e+03 3.228900e+03 3.231559e+03 3.211254e+03
1.3 3.188191e+03 3.226992e+03 3.231364e+03 3.192563e+03
2.3 3.224865e+03 3.226556e+03 3.231512e+03 3.229821e+03
3.3 3.274784e+03 3.227108e+03 3.231952e+03 3.279629e+03
4.3 3.214539e+03 3.227674e+03 3.231903e+03 3.218768e+03
5.3 3.234726e+03 3.227875e+03 3.231433e+03 3.238284e+03
6.3 3.206791e+03 3.227799e+03 3.230980e+03 3.209972e+03
7.3 3.238459e+03 3.228251e+03 3.230699e+03 3.240907e+03
8.3 3.260094e+03 3.235484e+03 3.230563e+03 3.255174e+03
9.3 3.291968e+03 3.250230e+03 3.230517e+03 3.272255e+03
10.3 3.277846e+03 3.259496e+03 3.230522e+03 3.248872e+03
11.3 3.287331e+03 3.254272e+03 3.230550e+03 3.263610e+03
12.3 3.270499e+03 3.238798e+03 3.230585e+03 3.262286e+03
13.3 3.216022e+03 3.223655e+03 3.230614e+03 3.222981e+03
14.3 3.187748e+03 3.218380e+03 3.230635e+03 3.200002e+03
15.3 3.198134e+03 3.219553e+03 3.230647e+03 3.209228e+03
16.3 3.193460e+03 3.222155e+03 3.230654e+03 3.201960e+03
17.3 3.200869e+03 3.224662e+03 3.230658e+03 3.206865e+03
18.3 3.208348e+03 3.231764e+03 3.230660e+03 3.207244e+03
19.3 3.237458e+03 3.246879e+03 3.230661e+03 3.221239e+03
20.3 3.260266e+03 3.259096e+03 3.230661e+03 3.231830e+03
21.3 3.268498e+03 3.256900e+03 3.230661e+03 3.242260e+03
