0.8 1.023545e+04 1.022191e+04 1.022181e+04 1.023535e+04
1.8 1.030381e+04 1.022575e+04 1.022798e+04 1.030604e+04
2.8 1.027293e+04 1.024117e+04 1.024533e+04 1.027709e+04
3.8 1.025197e+04 1.025194e+04 1.025550e+04 1.025553e+04
4.8 1.024201e+04 1.024922e+04 1.024892e+04 1.024170e+04
5.8 1.021552e+04 1.023828e+04 1.023724e+04 1.021448e+04
6.8 1.020884e+04 1.023478e+04 1.023594e+04 1.021000e+04
7.8 1.024028e+04 1.024070e+04 1.024334e+04 1.024292e+04
8.8 1.023021e+04 1.024173e+04 1.024156e+04 1.023004e+04
9.8 1.020940e+04 1.023796e+04 1.023647e+04 1.020791e+04
10.8 1.021015e+04 1.024378e+04 1.024434e+04 1.021070e+04
11.8 1.025194e+04 1.025189e+04 1.025421e+04 1.025426e+04
12.8 1.028412e+04 1.024950e+04 1.024934e+04 1.028396e+04
13.8 1.024312e+04 1.023729e+04 1.023700e+04 1.024282e+04
14.8 1.020268e+04 1.022292e+04 1.022686e+04 1.020662e+04
15.8 1.022359e+04 1.021395e+04 1.022107e+04 1.023072e+04
16.8 1.023813e+04 1.021437e+04 1.021848e+04 1.024224e+04
17.8 1.022793e+04 1.021197e+04 1.021781e+04 1.023376e+04
18.8 1.018357e+04 1.020074e+04 1.021819e+04 1.020102e+04
19.8 1.019817e+04 1.019216e+04 1.021903e+04 1.022504e+04
20.8 1.022807e+04 1.019854e+04 1.021990e+04 1.024943e+04
21.8 1.021361e+04 1.021025e+04 1.022060e+04 1.022396e+04
1.0 1.021552e+04 1.023828e+04 1.023724e+04 1.021448e+04
2.0 1.020884e+04 1.023478e+04 1.023594e+04 1.021000e+04
3.0 1.024028e+04 1.024070e+04 1.024334e+04 1.024292e+04
4.0 1.023021e+04 1.024173e+04 1.024156e+04 1.023004e+04
5.0 1.020940e+04 1.023796e+04 1.023647e+04 1.020791e+04
6.0 1.021015e+04 1.024378e+04 1.024434e+04 1.021070e+04
7.0 1.025194e+04 1.025189e+04 1.025421e+04 1.025426e+04
8.0 1.028412e+04 1.024950e+04 1.024934e+04 1.028396e+04
9.0 1.024312e+04 1.023729e+04 1.023700e+04 1.024282e+04
10.0 1.020268e+04 1.022292e+04 1.022686e+04 1.020662e+04
11.0 1.022359e+04 1.021395e+04 1.022107e+04 1.023072e+04
12.0 1.023813e+04 1.021437e+04 1.021848e+04 1.024224e+04
13.0 1.022793e+04 1.021197e+04 1.021781e+04 1.023376e+04
14.0 1.018357e+04 1.020074e+04 1.021819e+04 1.020102e+04
15.0 1.019817e+04 1.019216e+04 1.021903e+04 1.022504e+04
16.0 1.022807e+04 1.019854e+04 1.021990e+04 1.024943e+04
17.0 1.021361e+04 1.021025e+04 1.022060e+04 1.022396e+04
18.0 1.017897e+04 1.022239e+04 1.022107e+04 1.017766e+04
19.0 1.017593e+04 1.023585e+04 1.022136e+04 1.016144e+04
20.0 1.025075e+04 1.024369e+04 1.022151e+04 1.022857e+04
21.0 1.029507e+04 1.024341e+04 1.022158e+04 1.027324e+04
22.0 1.025855e+04 1.023625e+04 1.022162e+04 1.024392e+04
0.5 1.023021e+04 1.024173e+04 1.024156e+04 1.023004e+04
1.5 1.020940e+04 1.023796e+04 1.023647e+04 1.020791e+04
2.5 1.021015e+04 1.024378e+04 1.024434e+04 1.021070e+04
3.5 1.025194e+04 1.025189e+04 1.025421e+04 1.025426e+04
4.5 1.028412e+04 1.024950e+04 1.024934e+04 1.028396e+04
5.5 1.024312e+04 1.023729e+04 1.023700e+04 1.024282e+04
6.5 1.020268e+04 1.022292e+04 1.022686e+04 1.020662e+04
7.5 1.022359e+04 1.021395e+04 1.022107e+04 1.023072e+04
8.5 1.023813e+04 1.021437e+04 1.021848e+04 1.024224e+04
9.5 1.022793e+04 1.021197e+04 1.021781e+04 1.023376e+04
10.5 1.018357e+04 1.020074e+04 1.021819e+04 1.020102e+04
11.5 1.019817e+04 1.019216e+04 1.021903e+04 1.022504e+04
12.5 1.022807e+04 1.019854e+04 1.021990e+04 1.024943e+04
13.5 1.021361e+04 1.021025e+04 1.022060e+04 1.022396e+04
14.5 1.017897e+04 1.022239e+04 1.022107e+04 1.017766e+04
15.5 1.017593e+04 1.023585e+04 1.022136e+04 1.016144e+04
16.5 1.025075e+04 1.024369e+04 1.022151e+04 1.022857e+04
17.5 1.029507e+04 1.024341e+04 1.022158e+04 1.027324e+04
18.5 1.025855e+04 1.023625e+04 1.022162e+04 1.024392e+04
19.5 1.020679e+04 1.022697e+04 1.022163e+04 1.020145e+04
20.5 1.020457e+04 1.021988e+04 1.022164e+04 1.020633e+04
21.5 1.021660e+04 1.021593e+04 1.022164e+04 1.022231e+04
1.0 1.022300e+04 1.021818e+04 1.022223e+04 1.022705e+04
2.0 1.020439e+04 1.022379e+04 1.023098e+04 1.021158e+04
3.0 1.023086e+04 1.023666e+04 1.024346e+04 1.023766e+04
4.0 1.025197e+04 1.024329e+04 1.024352e+04 1.025220e+04
5.0 1.025745e+04 1.023897e+04 1.023590e+04 1.025438e+04
6.0 1.026785e+04 1.023682e+04 1.023586e+04 1.026689e+04
7.0 1.030034e+04 1.024672e+04 1.024897e+04 1.030260e+04
8.0 1.027634e+04 1.025255e+04 1.025500e+04 1.027878e+04
9.0 1.028560e+04 1.024680e+04 1.024618e+04 1.028497e+04
10.0 1.025204e+04 1.023444e+04 1.023383e+04 1.025143e+04
11.0 1.022042e+04 1.022325e+04 1.022509e+04 1.022227e+04
12.0 1.020368e+04 1.021631e+04 1.022041e+04 1.020778e+04
13.0 1.021579e+04 1.021302e+04 1.021842e+04 1.022119e+04
14.0 1.022213e+04 1.021207e+04 1.021806e+04 1.022812e+04
15.0 1.025767e+04 1.021297e+04 1.021856e+04 1.026327e+04
16.0 1.026790e+04 1.021816e+04 1.021939e+04 1.026913e+04
17.0 1.025622e+04 1.022528e+04 1.022019e+04 1.025113e+04
18.0 1.021853e+04 1.023016e+04 1.022080e+04 1.020916e+04
19.0 1.017853e+04 1.022942e+04 1.022119e+04 1.017030e+04
20.0 1.022152e+04 1.022385e+04 1.022142e+04 1.021908e+04
21.0 1.025875e+04 1.022256e+04 1.022154e+04 1.025773e+04
22.0 1.022763e+04 1.022404e+04 1.022160e+04 1.022518e+04
0.9 1.025745e+04 1.023897e+04 1.023590e+04 1.025438e+04
1.9 1.026785e+04 1.023682e+04 1.023586e+04 1.026689e+04
2.9 1.030034e+04 1.024672e+04 1.024897e+04 1.030260e+04
3.9 1.027634e+04 1.025255e+04 1.025500e+04 1.027878e+04
4.9 1.028560e+04 1.024680e+04 1.024618e+04 1.028497e+04
5.9 1.025204e+04 1.023444e+04 1.023383e+04 1.025143e+04
6.9 1.022042e+04 1.022325e+04 1.022509e+04 1.022227e+04
7.9 1.020368e+04 1.021631e+04 1.022041e+04 1.020778e+04
8.9 1.021579e+04 1.021302e+04 1.021842e+04 1.022119e+04
9.9 1.022213e+04 1.021207e+04 1.021806e+04 1.022812e+04
10.9 1.025767e+04 1.021297e+04 1.021856e+04 1.026327e+04
11.9 1.026790e+04 1.021816e+04 1.021939e+04 1.026913e+04
12.9 1.025622e+04 1.022528e+04 1.022019e+04 1.025113e+04
13.9 1.021853e+04 1.023016e+04 1.022080e+04 1.020916e+04
14.9 1.017853e+04 1.022942e+04 1.022119e+04 1.017030e+04
15.9 1.022152e+04 1.022385e+04 1.022142e+04 1.021908e+04
16.9 1.025875e+04 1.022256e+04 1.022154e+04 1.025773e+04
17.9 1.022763e+04 1.022404e+04 1.022160e+04 1.022518e+04
18.9 1.019205e+04 1.022970e+04 1.022162e+04 1.018397e+04
19.9 1.020501e+04 1.023833e+04 1.022164e+04 1.018831e+04
20.9 1.020930e+04 1.024295e+04 1.022164e+04 1.018799e+04
21.9 1.020975e+04 1.024229e+04 1.022164e+04 1.018911e+04
0.6 1.019444e+04 1.021543e+04 1.022169e+04 1.020070e+04
1.6 1.017259e+04 1.022201e+04 1.022599e+04 1.017657e+04
2.6 1.018872e+04 1.023567e+04 1.023947e+04 1.019253e+04
3.6 1.020880e+04 1.024412e+04 1.024505e+04 1.020973e+04
4.6 1.031255e+04 1.024126e+04 1.023905e+04 1.031033e+04
5.6 1.027858e+04 1.023194e+04 1.023070e+04 1.027734e+04
6.6 1.028927e+04 1.022323e+04 1.022477e+04 1.029081e+04
7.6 1.022643e+04 1.021764e+04 1.022146e+04 1.023024e+04
8.6 1.022130e+04 1.021478e+04 1.021992e+04 1.022645e+04
9.6 1.016890e+04 1.021454e+04 1.021952e+04 1.017388e+04
10.6 1.016485e+04 1.021894e+04 1.021975e+04 1.016566e+04
11.6 1.019019e+04 1.022489e+04 1.022024e+04 1.018555e+04
12.6 1.020105e+04 1.022831e+04 1.022074e+04 1.019347e+04
13.6 1.019268e+04 1.022612e+04 1.022112e+04 1.018767e+04
14.6 1.020312e+04 1.022157e+04 1.022136e+04 1.020291e+04
15.6 1.021859e+04 1.021396e+04 1.022151e+04 1.022613e+04
16.6 1.025466e+04 1.020187e+04 1.022158e+04 1.027437e+04
17.6 1.022177e+04 1.019805e+04 1.022162e+04 1.024533e+04
18.6 1.021355e+04 1.020640e+04 1.022163e+04 1.022878e+04
19.6 1.018888e+04 1.021393e+04 1.022164e+04 1.019658e+04
20.6 1.019351e+04 1.021701e+04 1.022164e+04 1.019814e+04
21.6 1.018435e+04 1.021785e+04 1.022164e+04 1.018814e+04
0.3 1.024838e+04 1.021766e+04 1.022164e+04 1.025236e+04
1.3 1.024442e+04 1.021888e+04 1.022328e+04 1.024882e+04
2.3 1.021605e+04 1.023090e+04 1.023571e+04 1.022086e+04
3.3 1.023746e+04 1.025076e+04 1.025585e+04 1.024255e+04
4.3 1.027085e+04 1.026082e+04 1.026479e+04 1.027481e+04
5.3 1.028206e+04 1.025609e+04 1.025517e+04 1.028113e+04
6.3 1.024651e+04 1.024819e+04 1.023987e+04 1.023818e+04
7.3 1.021864e+04 1.024586e+04 1.022822e+04 1.020100e+04
8.3 1.022408e+04 1.024448e+04 1.022152e+04 1.020112e+04
9.3 1.021132e+04 1.024205e+04 1.021841e+04 1.018767e+04
10.3 1.025321e+04 1.023954e+04 1.021755e+04 1.023122e+04
11.3 1.028501e+04 1.023809e+04 1.021795e+04 1.026487e+04
12.3 1.027669e+04 1.023542e+04 1.021887e+04 1.026015e+04
13.3 1.024008e+04 1.022696e+04 1.021983e+04 1.023294e+04
14.3 1.022507e+04 1.021208e+04 1.022057e+04 1.023356e+04
15.3 1.022528e+04 1.020785e+04 1.022107e+04 1.023850e+04
16.3 1.020468e+04 1.021397e+04 1.022136e+04 1.021207e+04
17.3 1.015985e+04 1.021725e+04 1.022151e+04 1.016411e+04
18.3 1.020392e+04 1.021901e+04 1.022158e+04 1.020649e+04
19.3 1.023754e+04 1.022423e+04 1.022162e+04 1.023493e+04
20.3 1.020695e+04 1.022924e+04 1.022163e+04 1.019934e+04
21.3 1.019405e+04 1.023154e+04 1.022169e+04 1.018420e+04
0.6 1.019405e+04 1.023154e+04 1.022169e+04 1.018420e+04
1.6 1.017349e+04 1.023273e+04 1.022599e+04 1.016674e+04
2.6 1.019530e+04 1.024105e+04 1.023947e+04 1.019372e+04
3.6 1.023135e+04 1.024727e+04 1.024505e+04 1.022913e+04
4.6 1.023789e+04 1.024508e+04 1.024013e+04 1.023294e+04
5.6 1.022237e+04 1.024484e+04 1.024211e+04 1.021964e+04
6.6 1.019753e+04 1.024828e+04 1.024745e+04 1.019670e+04
7.6 1.019273e+04 1.024686e+04 1.024244e+04 1.018831e+04
8.6 1.022907e+04 1.023722e+04 1.023263e+04 1.022447e+04
9.6 1.023658e+04 1.022575e+04 1.022499e+04 1.023582e+04
10.6 1.023149e+04 1.021775e+04 1.022081e+04 1.023455e+04
11.6 1.021116e+04 1.021369e+04 1.021905e+04 1.021652e+04
12.6 1.023654e+04 1.021228e+04 1.021869e+04 1.024295e+04
13.6 1.026166e+04 1.021234e+04 1.021906e+04 1.026839e+04
14.6 1.022415e+04 1.021307e+04 1.021972e+04 1.023081e+04
15.6 1.018299e+04 1.021322e+04 1.022038e+04 1.019015e+04
16.6 1.016557e+04 1.021202e+04 1.022089e+04 1.017444e+04
17.6 1.015894e+04 1.021129e+04 1.022124e+04 1.016890e+04
18.6 1.016935e+04 1.021566e+04 1.022144e+04 1.017514e+04
19.6 1.023600e+04 1.021663e+04 1.022155e+04 1.024092e+04
20.6 1.026859e+04 1.020652e+04 1.022160e+04 1.028366e+04
21.6 1.021555e+04 1.019610e+04 1.022163e+04 1.024108e+04
0.2 1.023135e+04 1.024727e+04 1.024505e+04 1.022913e+04
1.2 1.023789e+04 1.024508e+04 1.024013e+04 1.023294e+04
2.2 1.022237e+04 1.024484e+04 1.024211e+04 1.021964e+04
3.2 1.019753e+04 1.024828e+04 1.024745e+04 1.019670e+04
4.2 1.019273e+04 1.024686e+04 1.024244e+04 1.018831e+04
5.2 1.022907e+04 1.023722e+04 1.023263e+04 1.022447e+04
6.2 1.023658e+04 1.022575e+04 1.022499e+04 1.023582e+04
7.2 1.023149e+04 1.021775e+04 1.022081e+04 1.023455e+04
8.2 1.021116e+04 1.021369e+04 1.021905e+04 1.021652e+04
9.2 1.023654e+04 1.021228e+04 1.021869e+04 1.024295e+04
10.2 1.026166e+04 1.021234e+04 1.021906e+04 1.026839e+04
11.2 1.022415e+04 1.021307e+04 1.021972e+04 1.023081e+04
12.2 1.018299e+04 1.021322e+04 1.022038e+04 1.019015e+04
13.2 1.016557e+04 1.021202e+04 1.022089e+04 1.017444e+04
14.2 1.015894e+04 1.021129e+04 1.022124e+04 1.016890e+04
15.2 1.016935e+04 1.021566e+04 1.022144e+04 1.017514e+04
16.2 1.023600e+04 1.021663e+04 1.022155e+04 1.024092e+04
17.2 1.026859e+04 1.020652e+04 1.022160e+04 1.028366e+04
18.2 1.021555e+04 1.019610e+04 1.022163e+04 1.024108e+04
19.2 1.017782e+04 1.019986e+04 1.022164e+04 1.019959e+04
20.2 1.018218e+04 1.021029e+04 1.022164e+04 1.019353e+04
21.2 1.018748e+04 1.021636e+04 1.022164e+04 1.019276e+04
0.7 1.024314e+04 1.021466e+04 1.022174e+04 1.025021e+04
1.7 1.028994e+04 1.022482e+04 1.022694e+04 1.029205e+04
2.7 1.029202e+04 1.024321e+04 1.024428e+04 1.029308e+04
3.7 1.027979e+04 1.025966e+04 1.026197e+04 1.028209e+04
4.7 1.026500e+04 1.026113e+04 1.026178e+04 1.026565e+04
5.7 1.024480e+04 1.025003e+04 1.024796e+04 1.024273e+04
6.7 1.021272e+04 1.023488e+04 1.023387e+04 1.021171e+04
7.7 1.020665e+04 1.022283e+04 1.022465e+04 1.020847e+04
8.7 1.022371e+04 1.021570e+04 1.021980e+04 1.022781e+04
9.7 1.023490e+04 1.021076e+04 1.021785e+04 1.024199e+04
10.7 1.021804e+04 1.020157e+04 1.021766e+04 1.023414e+04
11.7 1.019285e+04 1.019409e+04 1.021837e+04 1.021713e+04
12.7 1.017567e+04 1.020030e+04 1.021934e+04 1.019471e+04
13.7 1.016545e+04 1.021051e+04 1.022021e+04 1.017514e+04
14.7 1.019369e+04 1.021594e+04 1.022083e+04 1.019858e+04
15.7 1.024394e+04 1.021770e+04 1.022122e+04 1.024746e+04
16.7 1.021685e+04 1.021578e+04 1.022144e+04 1.022251e+04
17.7 1.019085e+04 1.020656e+04 1.022155e+04 1.020584e+04
18.7 1.016376e+04 1.020007e+04 1.022160e+04 1.018529e+04
19.7 1.016443e+04 1.020836e+04 1.022163e+04 1.017770e+04
20.7 1.017391e+04 1.021858e+04 1.022164e+04 1.017697e+04
21.7 1.025047e+04 1.022646e+04 1.022164e+04 1.024566e+04
