0.4 1.194398e+03 1.197649e+03 1.195356e+03 1.192105e+03
1.4 1.206012e+03 1.197309e+03 1.194556e+03 1.203260e+03
2.4 1.202225e+03 1.193957e+03 1.191827e+03 1.200094e+03
3.4 1.187359e+03 1.191112e+03 1.190948e+03 1.187195e+03
4.4 1.186024e+03 1.189785e+03 1.192217e+03 1.188455e+03
5.4 1.181185e+03 1.189374e+03 1.193780e+03 1.185592e+03
6.4 1.185772e+03 1.188658e+03 1.194845e+03 1.191959e+03
7.4 1.220350e+03 1.189845e+03 1.195429e+03 1.225933e+03
8.4 1.199693e+03 1.193173e+03 1.195693e+03 1.202213e+03
9.4 1.207252e+03 1.197626e+03 1.195753e+03 1.205379e+03
10.4 1.211406e+03 1.199462e+03 1.194776e+03 1.206720e+03
11.4 1.191567e+03 1.196571e+03 1.191952e+03 1.186948e+03
12.4 1.207040e+03 1.194959e+03 1.191144e+03 1.203225e+03
13.4 1.191535e+03 1.196591e+03 1.192300e+03 1.187244e+03
14.4 1.215360e+03 1.195999e+03 1.191799e+03 1.211160e+03
15.4 1.193236e+03 1.193526e+03 1.190587e+03 1.190297e+03
16.4 1.220932e+03 1.193168e+03 1.191527e+03 1.219291e+03
17.4 1.213970e+03 1.195365e+03 1.193367e+03 1.211971e+03
18.4 1.216128e+03 1.199734e+03 1.194761e+03 1.211155e+03
19.4 1.206105e+03 1.201270e+03 1.194455e+03 1.199290e+03
20.4 1.182781e+03 1.197596e+03 1.192058e+03 1.177243e+03
0.5 1.207252e+03 1.197626e+03 1.195753e+03 1.205379e+03
1.5 1.211406e+03 1.199462e+03 1.194776e+03 1.206720e+03
2.5 1.191567e+03 1.196571e+03 1.191952e+03 1.186948e+03
3.5 1.207040e+03 1.194959e+03 1.191144e+03 1.203225e+03
4.5 1.191535e+03 1.196591e+03 1.192300e+03 1.187244e+03
5.5 1.215360e+03 1.195999e+03 1.191799e+03 1.211160e+03
6.5 1.193236e+03 1.193526e+03 1.190587e+03 1.190297e+03
7.5 1.220932e+03 1.193168e+03 1.191527e+03 1.219291e+03
8.5 1.213970e+03 1.195365e+03 1.193367e+03 1.211971e+03
9.5 1.216128e+03 1.199734e+03 1.194761e+03 1.211155e+03
10.5 1.206105e+03 1.201270e+03 1.194455e+03 1.199290e+03
11.5 1.182781e+03 1.197596e+03 1.192058e+03 1.177243e+03
12.5 1.190500e+03 1.194901e+03 1.191565e+03 1.187164e+03
13.5 1.203279e+03 1.196056e+03 1.192881e+03 1.200104e+03
14.5 1.201518e+03 1.198454e+03 1.193759e+03 1.196822e+03
15.5 1.190074e+03 1.196394e+03 1.191988e+03 1.185668e+03
16.5 1.178204e+03 1.194601e+03 1.191150e+03 1.174754e+03
17.5 1.196972e+03 1.197410e+03 1.192407e+03 1.191969e+03
18.5 1.213708e+03 1.200429e+03 1.193492e+03 1.206771e+03
19.5 1.201040e+03 1.197998e+03 1.191906e+03 1.194948e+03
20.5 1.201090e+03 1.196112e+03 1.191160e+03 1.196138e+03
0.9 1.191535e+03 1.196591e+03 1.192300e+03 1.187244e+03
1.9 1.215360e+03 1.195999e+03 1.191799e+03 1.211160e+03
2.9 1.193236e+03 1.193526e+03 1.190587e+03 1.190297e+03
3.9 1.220932e+03 1.193168e+03 1.191527e+03 1.219291e+03
4.9 1.213970e+03 1.195365e+03 1.193367e+03 1.211971e+03
5.9 1.216128e+03 1.199734e+03 1.194761e+03 1.211155e+03
6.9 1.206105e+03 1.201270e+03 1.194455e+03 1.199290e+03
7.9 1.182781e+03 1.197596e+03 1.192058e+03 1.177243e+03
8.9 1.190500e+03 1.194901e+03 1.191565e+03 1.187164e+03
9.9 1.203279e+03 1.196056e+03 1.192881e+03 1.200104e+03
10.9 1.201518e+03 1.198454e+03 1.193759e+03 1.196822e+03
11.9 1.190074e+03 1.196394e+03 1.191988e+03 1.185668e+03
12.9 1.178204e+03 1.194601e+03 1.191150e+03 1.174754e+03
13.9 1.196972e+03 1.197410e+03 1.192407e+03 1.191969e+03
14.9 1.213708e+03 1.200429e+03 1.193492e+03 1.206771e+03
15.9 1.201040e+03 1.197998e+03 1.191906e+03 1.194948e+03
16.9 1.201090e+03 1.196112e+03 1.191160e+03 1.196138e+03
17.9 1.191933e+03 1.197982e+03 1.192451e+03 1.186402e+03
18.9 1.198861e+03 1.199591e+03 1.193593e+03 1.192864e+03
19.9 1.189108e+03 1.196587e+03 1.192032e+03 1.184552e+03
20.9 1.213341e+03 1.192841e+03 1.191196e+03 1.211697e+03
0.5 1.216128e+03 1.199734e+03 1.194761e+03 1.211155e+03
1.5 1.206105e+03 1.201270e+03 1.194455e+03 1.199290e+03
2.5 1.182781e+03 1.197596e+03 1.192058e+03 1.177243e+03
3.5 1.190500e+03 1.194901e+03 1.191565e+03 1.187164e+03
4.5 1.203279e+03 1.196056e+03 1.192881e+03 1.200104e+03
5.5 1.201518e+03 1.198454e+03 1.193759e+03 1.196822e+03
6.5 1.190074e+03 1.196394e+03 1.191988e+03 1.185668e+03
7.5 1.178204e+03 1.194601e+03 1.191150e+03 1.174754e+03
8.5 1.196972e+03 1.197410e+03 1.192407e+03 1.191969e+03
9.5 1.213708e+03 1.200429e+03 1.193492e+03 1.206771e+03
10.5 1.201040e+03 1.197998e+03 1.191906e+03 1.194948e+03
11.5 1.201090e+03 1.196112e+03 1.191160e+03 1.196138e+03
12.5 1.191933e+03 1.197982e+03 1.192451e+03 1.186402e+03
13.5 1.198861e+03 1.199591e+03 1.193593e+03 1.192864e+03
14.5 1.189108e+03 1.196587e+03 1.192032e+03 1.184552e+03
15.5 1.213341e+03 1.192841e+03 1.191196e+03 1.211697e+03
16.5 1.208764e+03 1.190622e+03 1.192433e+03 1.210574e+03
17.5 1.205472e+03 1.189703e+03 1.193734e+03 1.209502e+03
18.5 1.195503e+03 1.188509e+03 1.192335e+03 1.199329e+03
19.5 1.183618e+03 1.188892e+03 1.191196e+03 1.185922e+03
20.5 1.216013e+03 1.191895e+03 1.192249e+03 1.216367e+03
0.3 1.203279e+03 1.196056e+03 1.192881e+03 1.200104e+03
1.3 1.201518e+03 1.198454e+03 1.193759e+03 1.196822e+03
2.3 1.190074e+03 1.196394e+03 1.191988e+03 1.185668e+03
3.3 1.178204e+03 1.194601e+03 1.191150e+03 1.174754e+03
4.3 1.196972e+03 1.197410e+03 1.192407e+03 1.191969e+03
5.3 1.213708e+03 1.200429e+03 1.193492e+03 1.206771e+03
6.3 1.201040e+03 1.197998e+03 1.191906e+03 1.194948e+03
7.3 1.201090e+03 1.196112e+03 1.191160e+03 1.196138e+03
8.3 1.191933e+03 1.197982e+03 1.192451e+03 1.186402e+03
9.3 1.198861e+03 1.199591e+03 1.193593e+03 1.192864e+03
10.3 1.189108e+03 1.196587e+03 1.192032e+03 1.184552e+03
11.3 1.213341e+03 1.192841e+03 1.191196e+03 1.211697e+03
12.3 1.208764e+03 1.190622e+03 1.192433e+03 1.210574e+03
13.3 1.205472e+03 1.189703e+03 1.193734e+03 1.209502e+03
14.3 1.195503e+03 1.188509e+03 1.192335e+03 1.199329e+03
15.3 1.183618e+03 1.188892e+03 1.191196e+03 1.185922e+03
16.3 1.216013e+03 1.191895e+03 1.192249e+03 1.216367e+03
17.3 1.190466e+03 1.195489e+03 1.193878e+03 1.188855e+03
18.3 1.198463e+03 1.197172e+03 1.194441e+03 1.195732e+03
19.3 1.210324e+03 1.194944e+03 1.192349e+03 1.207729e+03
20.3 1.197386e+03 1.193274e+03 1.191379e+03 1.195492e+03
0.3 1.196972e+03 1.197410e+03 1.192407e+03 1.191969e+03
1.3 1.213708e+03 1.200429e+03 1.193492e+03 1.206771e+03
2.3 1.201040e+03 1.197998e+03 1.191906e+03 1.194948e+03
3.3 1.201090e+03 1.196112e+03 1.191160e+03 1.196138e+03
4.3 1.191933e+03 1.197982e+03 1.192451e+03 1.186402e+03
5.3 1.198861e+03 1.199591e+03 1.193593e+03 1.192864e+03
6.3 1.189108e+03 1.196587e+03 1.192032e+03 1.184552e+03
7.3 1.213341e+03 1.192841e+03 1.191196e+03 1.211697e+03
8.3 1.208764e+03 1.190622e+03 1.192433e+03 1.210574e+03
9.3 1.205472e+03 1.189703e+03 1.193734e+03 1.209502e+03
10.3 1.195503e+03 1.188509e+03 1.192335e+03 1.199329e+03
11.3 1.183618e+03 1.188892e+03 1.191196e+03 1.185922e+03
12.3 1.216013e+03 1.191895e+03 1.192249e+03 1.216367e+03
13.3 1.190466e+03 1.195489e+03 1.193878e+03 1.188855e+03
14.3 1.198463e+03 1.197172e+03 1.194441e+03 1.195732e+03
15.3 1.210324e+03 1.194944e+03 1.192349e+03 1.207729e+03
16.3 1.197386e+03 1.193274e+03 1.191379e+03 1.195492e+03
17.3 1.198325e+03 1.193777e+03 1.192533e+03 1.197081e+03
18.3 1.205984e+03 1.194859e+03 1.194049e+03 1.205174e+03
19.3 1.209793e+03 1.195507e+03 1.195061e+03 1.209347e+03
20.3 1.189584e+03 1.193171e+03 1.195581e+03 1.191994e+03
0.2 1.191933e+03 1.197982e+03 1.192451e+03 1.186402e+03
1.2 1.198861e+03 1.199591e+03 1.193593e+03 1.192864e+03
2.2 1.189108e+03 1.196587e+03 1.192032e+03 1.184552e+03
3.2 1.213341e+03 1.192841e+03 1.191196e+03 1.211697e+03
4.2 1.208764e+03 1.190622e+03 1.192433e+03 1.210574e+03
5.2 1.205472e+03 1.189703e+03 1.193734e+03 1.209502e+03
6.2 1.195503e+03 1.188509e+03 1.192335e+03 1.199329e+03
7.2 1.183618e+03 1.188892e+03 1.191196e+03 1.185922e+03
8.2 1.216013e+03 1.191895e+03 1.192249e+03 1.216367e+03
9.2 1.190466e+03 1.195489e+03 1.193878e+03 1.188855e+03
10.2 1.198463e+03 1.197172e+03 1.194441e+03 1.195732e+03
11.2 1.210324e+03 1.194944e+03 1.192349e+03 1.207729e+03
12.2 1.197386e+03 1.193274e+03 1.191379e+03 1.195492e+03
13.2 1.198325e+03 1.193777e+03 1.192533e+03 1.197081e+03
14.2 1.205984e+03 1.194859e+03 1.194049e+03 1.205174e+03
15.2 1.209793e+03 1.195507e+03 1.195061e+03 1.209347e+03
16.2 1.189584e+03 1.193171e+03 1.195581e+03 1.191994e+03
17.2 1.185613e+03 1.186838e+03 1.195778e+03 1.194553e+03
18.2 1.192859e+03 1.182516e+03 1.194531e+03 1.204874e+03
19.2 1.185390e+03 1.182664e+03 1.191802e+03 1.194527e+03
20.2 1.184529e+03 1.186764e+03 1.191373e+03 1.189138e+03
0.1 1.208764e+03 1.190622e+03 1.192433e+03 1.210574e+03
1.1 1.205472e+03 1.189703e+03 1.193734e+03 1.209502e+03
2.1 1.195503e+03 1.188509e+03 1.192335e+03 1.199329e+03
3.1 1.183618e+03 1.188892e+03 1.191196e+03 1.185922e+03
4.1 1.216013e+03 1.191895e+03 1.192249e+03 1.216367e+03
5.1 1.190466e+03 1.195489e+03 1.193878e+03 1.188855e+03
6.1 1.198463e+03 1.197172e+03 1.194441e+03 1.195732e+03
7.1 1.210324e+03 1.194944e+03 1.192349e+03 1.207729e+03
8.1 1.197386e+03 1.193274e+03 1.191379e+03 1.195492e+03
9.1 1.198325e+03 1.193777e+03 1.192533e+03 1.197081e+03
10.1 1.205984e+03 1.194859e+03 1.194049e+03 1.205174e+03
11.1 1.209793e+03 1.195507e+03 1.195061e+03 1.209347e+03
12.1 1.189584e+03 1.193171e+03 1.195581e+03 1.191994e+03
13.1 1.185613e+03 1.186838e+03 1.195778e+03 1.194553e+03
14.1 1.192859e+03 1.182516e+03 1.194531e+03 1.204874e+03
15.1 1.185390e+03 1.182664e+03 1.191802e+03 1.194527e+03
16.1 1.184529e+03 1.186764e+03 1.191373e+03 1.189138e+03
17.1 1.189882e+03 1.191953e+03 1.192728e+03 1.190657e+03
18.1 1.178792e+03 1.196106e+03 1.194078e+03 1.176764e+03
19.1 1.177044e+03 1.196370e+03 1.193197e+03 1.173870e+03
20.1 1.204014e+03 1.194242e+03 1.191291e+03 1.201063e+03
0.3 1.190466e+03 1.195489e+03 1.193878e+03 1.188855e+03
1.3 1.198463e+03 1.197172e+03 1.194441e+03 1.195732e+03
2.3 1.210324e+03 1.194944e+03 1.192349e+03 1.207729e+03
3.3 1.197386e+03 1.193274e+03 1.191379e+03 1.195492e+03
4.3 1.198325e+03 1.193777e+03 1.192533e+03 1.197081e+03
5.3 1.205984e+03 1.194859e+03 1.194049e+03 1.205174e+03
6.3 1.209793e+03 1.195507e+03 1.195061e+03 1.209347e+03
7.3 1.189584e+03 1.193171e+03 1.195581e+03 1.191994e+03
8.3 1.185613e+03 1.186838e+03 1.195778e+03 1.194553e+03
9.3 1.192859e+03 1.182516e+03 1.194531e+03 1.204874e+03
10.3 1.185390e+03 1.182664e+03 1.191802e+03 1.194527e+03
11.3 1.184529e+03 1.186764e+03 1.191373e+03 1.189138e+03
12.3 1.189882e+03 1.191953e+03 1.192728e+03 1.190657e+03
13.3 1.178792e+03 1.196106e+03 1.194078e+03 1.176764e+03
14.3 1.177044e+03 1.196370e+03 1.193197e+03 1.173870e+03
15.3 1.204014e+03 1.194242e+03 1.191291e+03 1.201063e+03
16.3 1.188882e+03 1.193935e+03 1.191685e+03 1.186632e+03
17.3 1.181078e+03 1.195060e+03 1.193280e+03 1.179298e+03
18.3 1.184840e+03 1.196705e+03 1.194606e+03 1.182741e+03
19.3 1.187027e+03 1.198068e+03 1.195362e+03 1.184321e+03
20.3 1.189950e+03 1.196916e+03 1.195712e+03 1.188747e+03
0.6 1.185613e+03 1.186838e+03 1.195778e+03 1.194553e+03
1.6 1.192859e+03 1.182516e+03 1.194531e+03 1.204874e+03
2.6 1.185390e+03 1.182664e+03 1.191802e+03 1.194527e+03
3.6 1.184529e+03 1.186764e+03 1.191373e+03 1.189138e+03
4.6 1.189882e+03 1.191953e+03 1.192728e+03 1.190657e+03
5.6 1.178792e+03 1.196106e+03 1.194078e+03 1.176764e+03
6.6 1.177044e+03 1.196370e+03 1.193197e+03 1.173870e+03
7.6 1.204014e+03 1.194242e+03 1.191291e+03 1.201063e+03
8.6 1.188882e+03 1.193935e+03 1.191685e+03 1.186632e+03
9.6 1.181078e+03 1.195060e+03 1.193280e+03 1.179298e+03
10.6 1.184840e+03 1.196705e+03 1.194606e+03 1.182741e+03
11.6 1.187027e+03 1.198068e+03 1.195362e+03 1.184321e+03
12.6 1.189950e+03 1.196916e+03 1.195712e+03 1.188747e+03
13.6 1.211073e+03 1.193950e+03 1.195820e+03 1.212943e+03
14.6 1.202899e+03 1.193154e+03 1.195788e+03 1.205533e+03
15.6 1.195043e+03 1.193997e+03 1.195690e+03 1.196736e+03
16.6 1.191850e+03 1.195092e+03 1.195582e+03 1.192340e+03
17.6 1.211533e+03 1.197444e+03 1.195493e+03 1.209583e+03
18.6 1.197812e+03 1.199655e+03 1.195432e+03 1.193589e+03
19.6 1.190216e+03 1.197324e+03 1.195395e+03 1.188287e+03
20.6 1.190941e+03 1.194839e+03 1.195375e+03 1.191477e+03
0.8 1.178792e+03 1.196106e+03 1.194078e+03 1.176764e+03
1.8 1.177044e+03 1.196370e+03 1.193197e+03 1.173870e+03
2.8 1.204014e+03 1.194242e+03 1.191291e+03 1.201063e+03
3.8 1.188882e+03 1.193935e+03 1.191685e+03 1.186632e+03
4.8 1.181078e+03 1.195060e+03 1.193280e+03 1.179298e+03
5.8 1.184840e+03 1.196705e+03 1.194606e+03 1.182741e+03
6.8 1.187027e+03 1.198068e+03 1.195362e+03 1.184321e+03
7.8 1.189950e+03 1.196916e+03 1.195712e+03 1.188747e+03
8.8 1.211073e+03 1.193950e+03 1.195820e+03 1.212943e+03
9.8 1.202899e+03 1.193154e+03 1.195788e+03 1.205533e+03
10.8 1.195043e+03 1.193997e+03 1.195690e+03 1.196736e+03
11.8 1.191850e+03 1.195092e+03 1.195582e+03 1.192340e+03
12.8 1.211533e+03 1.197444e+03 1.195493e+03 1.209583e+03
13.8 1.197812e+03 1.199655e+03 1.195432e+03 1.193589e+03
14.8 1.190216e+03 1.197324e+03 1.195395e+03 1.188287e+03
15.8 1.190941e+03 1.194839e+03 1.195375e+03 1.191477e+03
16.8 1.195645e+03 1.195888e+03 1.195365e+03 1.195122e+03
17.8 1.186495e+03 1.199852e+03 1.195347e+03 1.181990e+03
18.8 1.193992e+03 1.200732e+03 1.194072e+03 1.187332e+03
19.8 1.193271e+03 1.196891e+03 1.191415e+03 1.187795e+03
20.8 1.198458e+03 1.194402e+03 1.191094e+03 1.195149e+03
0.6 1.186495e+03 1.199852e+03 1.195347e+03 1.181990e+03
1.6 1.193992e+03 1.200732e+03 1.194072e+03 1.187332e+03
2.6 1.193271e+03 1.196891e+03 1.191415e+03 1.187795e+03
3.6 1.198458e+03 1.194402e+03 1.191094e+03 1.195149e+03
4.6 1.176489e+03 1.194211e+03 1.192550e+03 1.174828e+03
5.6 1.199194e+03 1.194736e+03 1.194038e+03 1.198496e+03
6.6 1.195597e+03 1.195216e+03 1.194995e+03 1.195375e+03
7.6 1.195876e+03 1.195565e+03 1.195503e+03 1.195814e+03
8.6 1.187501e+03 1.195215e+03 1.195719e+03 1.188005e+03
9.6 1.186720e+03 1.190856e+03 1.195752e+03 1.191616e+03
10.6 1.182671e+03 1.184608e+03 1.195499e+03 1.193562e+03
11.6 1.154621e+03 1.181900e+03 1.193145e+03 1.165866e+03
12.6 1.181188e+03 1.184702e+03 1.191094e+03 1.187581e+03
13.6 1.196309e+03 1.190843e+03 1.191354e+03 1.196819e+03
14.6 1.208805e+03 1.193013e+03 1.190460e+03 1.206252e+03
15.6 1.193000e+03 1.193234e+03 1.190051e+03 1.189818e+03
16.6 1.191876e+03 1.195090e+03 1.191649e+03 1.188434e+03
17.6 1.186861e+03 1.197463e+03 1.193636e+03 1.183035e+03
18.6 1.180751e+03 1.197514e+03 1.194990e+03 1.178227e+03
19.6 1.172213e+03 1.194876e+03 1.195678e+03 1.173016e+03
20.6 1.190400e+03 1.195208e+03 1.195936e+03 1.191127e+03
1.0 1.182671e+03 1.184608e+03 1.195499e+03 1.193562e+03
2.0 1.154621e+03 1.181900e+03 1.193145e+03 1.165866e+03
3.0 1.181188e+03 1.184702e+03 1.191094e+03 1.187581e+03
4.0 1.196309e+03 1.190843e+03 1.191354e+03 1.196819e+03
5.0 1.208805e+03 1.193013e+03 1.190460e+03 1.206252e+03
6.0 1.193000e+03 1.193234e+03 1.190051e+03 1.189818e+03
7.0 1.191876e+03 1.195090e+03 1.191649e+03 1.188434e+03
8.0 1.186861e+03 1.197463e+03 1.193636e+03 1.183035e+03
9.0 1.180751e+03 1.197514e+03 1.194990e+03 1.178227e+03
10.0 1.172213e+03 1.194876e+03 1.195678e+03 1.173016e+03
11.0 1.190400e+03 1.195208e+03 1.195936e+03 1.191127e+03
12.0 1.181014e+03 1.198447e+03 1.195949e+03 1.178515e+03
13.0 1.202048e+03 1.199781e+03 1.195044e+03 1.197310e+03
14.0 1.197315e+03 1.196383e+03 1.192173e+03 1.193104e+03
15.0 1.189106e+03 1.192893e+03 1.191167e+03 1.187380e+03
16.0 1.192463e+03 1.190869e+03 1.192342e+03 1.193936e+03
17.0 1.191099e+03 1.189190e+03 1.193846e+03 1.195755e+03
18.0 1.200575e+03 1.189892e+03 1.194877e+03 1.205561e+03
19.0 1.201679e+03 1.192240e+03 1.195444e+03 1.204883e+03
20.0 1.199413e+03 1.194388e+03 1.195699e+03 1.200725e+03
21.0 1.199891e+03 1.195728e+03 1.195758e+03 1.199921e+03
0.1 1.181188e+03 1.184702e+03 1.191094e+03 1.187581e+03
1.1 1.196309e+03 1.190843e+03 1.191354e+03 1.196819e+03
2.1 1.208805e+03 1.193013e+03 1.190460e+03 1.206252e+03
3.1 1.193000e+03 1.193234e+03 1.190051e+03 1.189818e+03
4.1 1.191876e+03 1.195090e+03 1.191649e+03 1.188434e+03
5.1 1.186861e+03 1.197463e+03 1.193636e+03 1.183035e+03
6.1 1.180751e+03 1.197514e+03 1.194990e+03 1.178227e+03
7.1 1.172213e+03 1.194876e+03 1.195678e+03 1.173016e+03
8.1 1.190400e+03 1.195208e+03 1.195936e+03 1.191127e+03
9.1 1.181014e+03 1.198447e+03 1.195949e+03 1.178515e+03
10.1 1.202048e+03 1.199781e+03 1.195044e+03 1.197310e+03
11.1 1.197315e+03 1.196383e+03 1.192173e+03 1.193104e+03
12.1 1.189106e+03 1.192893e+03 1.191167e+03 1.187380e+03
13.1 1.192463e+03 1.190869e+03 1.192342e+03 1.193936e+03
14.1 1.191099e+03 1.189190e+03 1.193846e+03 1.195755e+03
15.1 1.200575e+03 1.189892e+03 1.194877e+03 1.205561e+03
16.1 1.201679e+03 1.192240e+03 1.195444e+03 1.204883e+03
17.1 1.199413e+03 1.194388e+03 1.195699e+03 1.200725e+03
18.1 1.199891e+03 1.195728e+03 1.195758e+03 1.199921e+03
19.1 1.194455e+03 1.196426e+03 1.195706e+03 1.193734e+03
20.1 1.189117e+03 1.197582e+03 1.195612e+03 1.187146e+03
0.4 1.181014e+03 1.198447e+03 1.195949e+03 1.178515e+03
1.4 1.202048e+03 1.199781e+03 1.195044e+03 1.197310e+03
2.4 1.197315e+03 1.196383e+03 1.192173e+03 1.193104e+03
3.4 1.189106e+03 1.192893e+03 1.191167e+03 1.187380e+03
4.4 1.192463e+03 1.190869e+03 1.192342e+03 1.193936e+03
5.4 1.191099e+03 1.189190e+03 1.193846e+03 1.195755e+03
6.4 1.200575e+03 1.189892e+03 1.194877e+03 1.205561e+03
7.4 1.201679e+03 1.192240e+03 1.195444e+03 1.204883e+03
8.4 1.199413e+03 1.194388e+03 1.195699e+03 1.200725e+03
9.4 1.199891e+03 1.195728e+03 1.195758e+03 1.199921e+03
10.4 1.194455e+03 1.196426e+03 1.195706e+03 1.193734e+03
11.4 1.189117e+03 1.197582e+03 1.195612e+03 1.187146e+03
12.4 1.186499e+03 1.199830e+03 1.195520e+03 1.182189e+03
13.4 1.205009e+03 1.199620e+03 1.195451e+03 1.200840e+03
14.4 1.189570e+03 1.195986e+03 1.195407e+03 1.188990e+03
15.4 1.184880e+03 1.193415e+03 1.195381e+03 1.186846e+03
16.4 1.169083e+03 1.191921e+03 1.195123e+03 1.172285e+03
17.4 1.196505e+03 1.189865e+03 1.192746e+03 1.199386e+03
18.4 1.174590e+03 1.189291e+03 1.190922e+03 1.176221e+03
19.4 1.187077e+03 1.192059e+03 1.191668e+03 1.186686e+03
20.4 1.198439e+03 1.196965e+03 1.193164e+03 1.194638e+03
0.1 1.184880e+03 1.193415e+03 1.195381e+03 1.186846e+03
1.1 1.169083e+03 1.191921e+03 1.195123e+03 1.172285e+03
2.1 1.196505e+03 1.189865e+03 1.192746e+03 1.199386e+03
3.1 1.174590e+03 1.189291e+03 1.190922e+03 1.176221e+03
4.1 1.187077e+03 1.192059e+03 1.191668e+03 1.186686e+03
5.1 1.198439e+03 1.196965e+03 1.193164e+03 1.194638e+03
6.1 1.221040e+03 1.197657e+03 1.192350e+03 1.215733e+03
7.1 1.180567e+03 1.195225e+03 1.190920e+03 1.176263e+03
8.1 1.202044e+03 1.194424e+03 1.191734e+03 1.199354e+03
9.1 1.186662e+03 1.194930e+03 1.193457e+03 1.185190e+03
10.1 1.176618e+03 1.195516e+03 1.194770e+03 1.175873e+03
11.1 1.189479e+03 1.195858e+03 1.195482e+03 1.189103e+03
12.1 1.193920e+03 1.195177e+03 1.195788e+03 1.194532e+03
13.1 1.178134e+03 1.190681e+03 1.195837e+03 1.183290e+03
14.1 1.171289e+03 1.185992e+03 1.194358e+03 1.179656e+03
15.1 1.166873e+03 1.184847e+03 1.191650e+03 1.173676e+03
16.1 1.167938e+03 1.187791e+03 1.191369e+03 1.171516e+03
17.1 1.179805e+03 1.191689e+03 1.192775e+03 1.180891e+03
18.1 1.181543e+03 1.193845e+03 1.194178e+03 1.181876e+03
19.1 1.194341e+03 1.193677e+03 1.195056e+03 1.195720e+03
20.1 1.183889e+03 1.192250e+03 1.194251e+03 1.185890e+03
0.9 1.198439e+03 1.196965e+03 1.193164e+03 1.194638e+03
1.9 1.221040e+03 1.197657e+03 1.192350e+03 1.215733e+03
2.9 1.180567e+03 1.195225e+03 1.190920e+03 1.176263e+03
3.9 1.202044e+03 1.194424e+03 1.191734e+03 1.199354e+03
4.9 1.186662e+03 1.194930e+03 1.193457e+03 1.185190e+03
5.9 1.176618e+03 1.195516e+03 1.194770e+03 1.175873e+03
6.9 1.189479e+03 1.195858e+03 1.195482e+03 1.189103e+03
7.9 1.193920e+03 1.195177e+03 1.195788e+03 1.194532e+03
8.9 1.178134e+03 1.190681e+03 1.195837e+03 1.183290e+03
9.9 1.171289e+03 1.185992e+03 1.194358e+03 1.179656e+03
10.9 1.166873e+03 1.184847e+03 1.191650e+03 1.173676e+03
11.9 1.167938e+03 1.187791e+03 1.191369e+03 1.171516e+03
12.9 1.179805e+03 1.191689e+03 1.192775e+03 1.180891e+03
13.9 1.181543e+03 1.193845e+03 1.194178e+03 1.181876e+03
14.9 1.194341e+03 1.193677e+03 1.195056e+03 1.195720e+03
15.9 1.183889e+03 1.192250e+03 1.194251e+03 1.185890e+03
16.9 1.167880e+03 1.190504e+03 1.191789e+03 1.169164e+03
17.9 1.194550e+03 1.191243e+03 1.191490e+03 1.194796e+03
18.9 1.189778e+03 1.193343e+03 1.192877e+03 1.189312e+03
19.9 1.209009e+03 1.195095e+03 1.194268e+03 1.208181e+03
20.9 1.186063e+03 1.196103e+03 1.195137e+03 1.185097e+03
0.7 1.178134e+03 1.190681e+03 1.195837e+03 1.183290e+03
1.7 1.171289e+03 1.185992e+03 1.194358e+03 1.179656e+03
2.7 1.166873e+03 1.184847e+03 1.191650e+03 1.173676e+03
3.7 1.167938e+03 1.187791e+03 1.191369e+03 1.171516e+03
4.7 1.179805e+03 1.191689e+03 1.192775e+03 1.180891e+03
5.7 1.181543e+03 1.193845e+03 1.194178e+03 1.181876e+03
6.7 1.194341e+03 1.193677e+03 1.195056e+03 1.195720e+03
7.7 1.183889e+03 1.192250e+03 1.194251e+03 1.185890e+03
8.7 1.167880e+03 1.190504e+03 1.191789e+03 1.169164e+03
9.7 1.194550e+03 1.191243e+03 1.191490e+03 1.194796e+03
10.7 1.189778e+03 1.193343e+03 1.192877e+03 1.189312e+03
11.7 1.209009e+03 1.195095e+03 1.194268e+03 1.208181e+03
12.7 1.186063e+03 1.196103e+03 1.195137e+03 1.185097e+03
13.7 1.194116e+03 1.196557e+03 1.195583e+03 1.193142e+03
14.7 1.187907e+03 1.196991e+03 1.195760e+03 1.186676e+03
15.7 1.201163e+03 1.199337e+03 1.195772e+03 1.197597e+03
16.7 1.198430e+03 1.203106e+03 1.195696e+03 1.191019e+03
17.7 1.212589e+03 1.203885e+03 1.194795e+03 1.203499e+03
18.7 1.215293e+03 1.199201e+03 1.191975e+03 1.208067e+03
19.7 1.188981e+03 1.195784e+03 1.191032e+03 1.184229e+03
20.7 1.194281e+03 1.195736e+03 1.192260e+03 1.190805e+03
0.6 1.194341e+03 1.193677e+03 1.195056e+03 1.195720e+03
1.6 1.183889e+03 1.192250e+03 1.194251e+03 1.185890e+03
2.6 1.167880e+03 1.190504e+03 1.191789e+03 1.169164e+03
3.6 1.194550e+03 1.191243e+03 1.191490e+03 1.194796e+03
4.6 1.189778e+03 1.193343e+03 1.192877e+03 1.189312e+03
5.6 1.209009e+03 1.195095e+03 1.194268e+03 1.208181e+03
6.6 1.186063e+03 1.196103e+03 1.195137e+03 1.185097e+03
7.6 1.194116e+03 1.196557e+03 1.195583e+03 1.193142e+03
8.6 1.187907e+03 1.196991e+03 1.195760e+03 1.186676e+03
9.6 1.201163e+03 1.199337e+03 1.195772e+03 1.197597e+03
10.6 1.198430e+03 1.203106e+03 1.195696e+03 1.191019e+03
11.6 1.212589e+03 1.203885e+03 1.194795e+03 1.203499e+03
12.6 1.215293e+03 1.199201e+03 1.191975e+03 1.208067e+03
13.6 1.188981e+03 1.195784e+03 1.191032e+03 1.184229e+03
14.6 1.194281e+03 1.195736e+03 1.192260e+03 1.190805e+03
15.6 1.194440e+03 1.196000e+03 1.193801e+03 1.192241e+03
16.6 1.190414e+03 1.193579e+03 1.194854e+03 1.191690e+03
17.6 1.186013e+03 1.192543e+03 1.195433e+03 1.188903e+03
18.6 1.196814e+03 1.193393e+03 1.195121e+03 1.198541e+03
19.6 1.199114e+03 1.192099e+03 1.192506e+03 1.199521e+03
20.6 1.193877e+03 1.191131e+03 1.191253e+03 1.193999e+03
0.4 1.198430e+03 1.203106e+03 1.195696e+03 1.191019e+03
1.4 1.212589e+03 1.203885e+03 1.194795e+03 1.203499e+03
2.4 1.215293e+03 1.199201e+03 1.191975e+03 1.208067e+03
3.4 1.188981e+03 1.195784e+03 1.191032e+03 1.184229e+03
4.4 1.194281e+03 1.195736e+03 1.192260e+03 1.190805e+03
5.4 1.194440e+03 1.196000e+03 1.193801e+03 1.192241e+03
6.4 1.190414e+03 1.193579e+03 1.194854e+03 1.191690e+03
7.4 1.186013e+03 1.192543e+03 1.195433e+03 1.188903e+03
8.4 1.196814e+03 1.193393e+03 1.195121e+03 1.198541e+03
9.4 1.199114e+03 1.192099e+03 1.192506e+03 1.199521e+03
10.4 1.193877e+03 1.191131e+03 1.191253e+03 1.193999e+03
11.4 1.185631e+03 1.191034e+03 1.192282e+03 1.186879e+03
12.4 1.172960e+03 1.190230e+03 1.193785e+03 1.176515e+03
13.4 1.174534e+03 1.189763e+03 1.194844e+03 1.179615e+03
14.4 1.171469e+03 1.191438e+03 1.195430e+03 1.175462e+03
15.4 1.186116e+03 1.191755e+03 1.195699e+03 1.190060e+03
16.4 1.167702e+03 1.187210e+03 1.195764e+03 1.176256e+03
17.4 1.180720e+03 1.183097e+03 1.194790e+03 1.192413e+03
18.4 1.169297e+03 1.182841e+03 1.191965e+03 1.178421e+03
19.4 1.178825e+03 1.187401e+03 1.191154e+03 1.182578e+03
20.4 1.199194e+03 1.194622e+03 1.192412e+03 1.196984e+03
0.3 1.186013e+03 1.192543e+03 1.195433e+03 1.188903e+03
1.3 1.196814e+03 1.193393e+03 1.195121e+03 1.198541e+03
2.3 1.199114e+03 1.192099e+03 1.192506e+03 1.199521e+03
3.3 1.193877e+03 1.191131e+03 1.191253e+03 1.193999e+03
4.3 1.185631e+03 1.191034e+03 1.192282e+03 1.186879e+03
5.3 1.172960e+03 1.190230e+03 1.193785e+03 1.176515e+03
6.3 1.174534e+03 1.189763e+03 1.194844e+03 1.179615e+03
7.3 1.171469e+03 1.191438e+03 1.195430e+03 1.175462e+03
8.3 1.186116e+03 1.191755e+03 1.195699e+03 1.190060e+03
9.3 1.167702e+03 1.187210e+03 1.195764e+03 1.176256e+03
10.3 1.180720e+03 1.183097e+03 1.194790e+03 1.192413e+03
11.3 1.169297e+03 1.182841e+03 1.191965e+03 1.178421e+03
12.3 1.178825e+03 1.187401e+03 1.191154e+03 1.182578e+03
13.3 1.199194e+03 1.194622e+03 1.192412e+03 1.196984e+03
14.3 1.185909e+03 1.197204e+03 1.193909e+03 1.182615e+03
15.3 1.201005e+03 1.196102e+03 1.194916e+03 1.199818e+03
16.3 1.195707e+03 1.197682e+03 1.195463e+03 1.193488e+03
17.3 1.189844e+03 1.199460e+03 1.195706e+03 1.186090e+03
18.3 1.189180e+03 1.196944e+03 1.195757e+03 1.187993e+03
19.3 1.201331e+03 1.194759e+03 1.195701e+03 1.202273e+03
20.3 1.198111e+03 1.194566e+03 1.195606e+03 1.199151e+03
0.5 1.167702e+03 1.187210e+03 1.195764e+03 1.176256e+03
1.5 1.180720e+03 1.183097e+03 1.194790e+03 1.192413e+03
2.5 1.169297e+03 1.182841e+03 1.191965e+03 1.178421e+03
3.5 1.178825e+03 1.187401e+03 1.191154e+03 1.182578e+03
4.5 1.199194e+03 1.194622e+03 1.192412e+03 1.196984e+03
5.5 1.185909e+03 1.197204e+03 1.193909e+03 1.182615e+03
6.5 1.201005e+03 1.196102e+03 1.194916e+03 1.199818e+03
7.5 1.195707e+03 1.197682e+03 1.195463e+03 1.193488e+03
8.5 1.189844e+03 1.199460e+03 1.195706e+03 1.186090e+03
9.5 1.189180e+03 1.196944e+03 1.195757e+03 1.187993e+03
10.5 1.201331e+03 1.194759e+03 1.195701e+03 1.202273e+03
11.5 1.198111e+03 1.194566e+03 1.195606e+03 1.199151e+03
12.5 1.194192e+03 1.195091e+03 1.195515e+03 1.194617e+03
13.5 1.208493e+03 1.195552e+03 1.195448e+03 1.208389e+03
14.5 1.200094e+03 1.195841e+03 1.195405e+03 1.199658e+03
15.5 1.197594e+03 1.196010e+03 1.195380e+03 1.196965e+03
16.5 1.196355e+03 1.196126e+03 1.195368e+03 1.195597e+03
17.5 1.190505e+03 1.197070e+03 1.195362e+03 1.188796e+03
18.5 1.200159e+03 1.199465e+03 1.195359e+03 1.196053e+03
19.5 1.185284e+03 1.201220e+03 1.195142e+03 1.179206e+03
20.5 1.200917e+03 1.198398e+03 1.192826e+03 1.195345e+03
1.0 1.185284e+03 1.201220e+03 1.195142e+03 1.179206e+03
2.0 1.200917e+03 1.198398e+03 1.192826e+03 1.195345e+03
3.0 1.187245e+03 1.193906e+03 1.190932e+03 1.184271e+03
4.0 1.189818e+03 1.191007e+03 1.191625e+03 1.190436e+03
5.0 1.199087e+03 1.189754e+03 1.193053e+03 1.202386e+03
6.0 1.179506e+03 1.188509e+03 1.192067e+03 1.183063e+03
7.0 1.173489e+03 1.188536e+03 1.190847e+03 1.175800e+03
8.0 1.200421e+03 1.190889e+03 1.191849e+03 1.201381e+03
9.0 1.185358e+03 1.193582e+03 1.193591e+03 1.185367e+03
10.0 1.192905e+03 1.194755e+03 1.194860e+03 1.193011e+03
11.0 1.191318e+03 1.191424e+03 1.195519e+03 1.195413e+03
12.0 1.202600e+03 1.186969e+03 1.194525e+03 1.210156e+03
13.0 1.212325e+03 1.185439e+03 1.191922e+03 1.218808e+03
14.0 1.189263e+03 1.185592e+03 1.191533e+03 1.195204e+03
15.0 1.179995e+03 1.184138e+03 1.192526e+03 1.188383e+03
16.0 1.196737e+03 1.183560e+03 1.191388e+03 1.204565e+03
17.0 1.199917e+03 1.186190e+03 1.190659e+03 1.204386e+03
18.0 1.167611e+03 1.190683e+03 1.192012e+03 1.168940e+03
19.0 1.196550e+03 1.193573e+03 1.193810e+03 1.196787e+03
20.0 1.217437e+03 1.191210e+03 1.195012e+03 1.221239e+03
21.0 1.205686e+03 1.187381e+03 1.194210e+03 1.212515e+03
1.0 1.199087e+03 1.189754e+03 1.193053e+03 1.202386e+03
2.0 1.179506e+03 1.188509e+03 1.192067e+03 1.183063e+03
3.0 1.173489e+03 1.188536e+03 1.190847e+03 1.175800e+03
4.0 1.200421e+03 1.190889e+03 1.191849e+03 1.201381e+03
5.0 1.185358e+03 1.193582e+03 1.193591e+03 1.185367e+03
6.0 1.192905e+03 1.194755e+03 1.194860e+03 1.193011e+03
7.0 1.191318e+03 1.191424e+03 1.195519e+03 1.195413e+03
8.0 1.202600e+03 1.186969e+03 1.194525e+03 1.210156e+03
9.0 1.212325e+03 1.185439e+03 1.191922e+03 1.218808e+03
10.0 1.189263e+03 1.185592e+03 1.191533e+03 1.195204e+03
11.0 1.179995e+03 1.184138e+03 1.192526e+03 1.188383e+03
12.0 1.196737e+03 1.183560e+03 1.191388e+03 1.204565e+03
13.0 1.199917e+03 1.186190e+03 1.190659e+03 1.204386e+03
14.0 1.167611e+03 1.190683e+03 1.192012e+03 1.168940e+03
15.0 1.196550e+03 1.193573e+03 1.193810e+03 1.196787e+03
16.0 1.217437e+03 1.191210e+03 1.195012e+03 1.221239e+03
17.0 1.205686e+03 1.187381e+03 1.194210e+03 1.212515e+03
18.0 1.188338e+03 1.186345e+03 1.191846e+03 1.193840e+03
19.0 1.177456e+03 1.189226e+03 1.191693e+03 1.179923e+03
20.0 1.186411e+03 1.194314e+03 1.193096e+03 1.185193e+03
21.0 1.195048e+03 1.198954e+03 1.194430e+03 1.190524e+03
0.6 1.191318e+03 1.191424e+03 1.195519e+03 1.195413e+03
1.6 1.202600e+03 1.186969e+03 1.194525e+03 1.210156e+03
2.6 1.212325e+03 1.185439e+03 1.191922e+03 1.218808e+03
3.6 1.189263e+03 1.185592e+03 1.191533e+03 1.195204e+03
4.6 1.179995e+03 1.184138e+03 1.192526e+03 1.188383e+03
5.6 1.196737e+03 1.183560e+03 1.191388e+03 1.204565e+03
6.6 1.199917e+03 1.186190e+03 1.190659e+03 1.204386e+03
7.6 1.167611e+03 1.190683e+03 1.192012e+03 1.168940e+03
8.6 1.196550e+03 1.193573e+03 1.193810e+03 1.196787e+03
9.6 1.217437e+03 1.191210e+03 1.195012e+03 1.221239e+03
10.6 1.205686e+03 1.187381e+03 1.194210e+03 1.212515e+03
11.6 1.188338e+03 1.186345e+03 1.191846e+03 1.193840e+03
12.6 1.177456e+03 1.189226e+03 1.191693e+03 1.179923e+03
13.6 1.186411e+03 1.194314e+03 1.193096e+03 1.185193e+03
14.6 1.195048e+03 1.198954e+03 1.194430e+03 1.190524e+03
15.6 1.205883e+03 1.198626e+03 1.195239e+03 1.202496e+03
16.6 1.196502e+03 1.195855e+03 1.195640e+03 1.196287e+03
17.6 1.188647e+03 1.194935e+03 1.195787e+03 1.189499e+03
18.6 1.194771e+03 1.195972e+03 1.195781e+03 1.194580e+03
19.6 1.195389e+03 1.198669e+03 1.195697e+03 1.192417e+03
20.6 1.202503e+03 1.201099e+03 1.195504e+03 1.196908e+03
0.1 1.189263e+03 1.185592e+03 1.191533e+03 1.195204e+03
1.1 1.179995e+03 1.184138e+03 1.192526e+03 1.188383e+03
2.1 1.196737e+03 1.183560e+03 1.191388e+03 1.204565e+03
3.1 1.199917e+03 1.186190e+03 1.190659e+03 1.204386e+03
4.1 1.167611e+03 1.190683e+03 1.192012e+03 1.168940e+03
5.1 1.196550e+03 1.193573e+03 1.193810e+03 1.196787e+03
6.1 1.217437e+03 1.191210e+03 1.195012e+03 1.221239e+03
7.1 1.205686e+03 1.187381e+03 1.194210e+03 1.212515e+03
8.1 1.188338e+03 1.186345e+03 1.191846e+03 1.193840e+03
9.1 1.177456e+03 1.189226e+03 1.191693e+03 1.179923e+03
10.1 1.186411e+03 1.194314e+03 1.193096e+03 1.185193e+03
11.1 1.195048e+03 1.198954e+03 1.194430e+03 1.190524e+03
12.1 1.205883e+03 1.198626e+03 1.195239e+03 1.202496e+03
13.1 1.196502e+03 1.195855e+03 1.195640e+03 1.196287e+03
14.1 1.188647e+03 1.194935e+03 1.195787e+03 1.189499e+03
15.1 1.194771e+03 1.195972e+03 1.195781e+03 1.194580e+03
16.1 1.195389e+03 1.198669e+03 1.195697e+03 1.192417e+03
17.1 1.202503e+03 1.201099e+03 1.195504e+03 1.196908e+03
18.1 1.214286e+03 1.199269e+03 1.193481e+03 1.208498e+03
19.1 1.207466e+03 1.196269e+03 1.191138e+03 1.202336e+03
20.1 1.206228e+03 1.198161e+03 1.191426e+03 1.199493e+03
0.7 1.217437e+03 1.191210e+03 1.195012e+03 1.221239e+03
1.7 1.205686e+03 1.187381e+03 1.194210e+03 1.212515e+03
2.7 1.188338e+03 1.186345e+03 1.191846e+03 1.193840e+03
3.7 1.177456e+03 1.189226e+03 1.191693e+03 1.179923e+03
4.7 1.186411e+03 1.194314e+03 1.193096e+03 1.185193e+03
5.7 1.195048e+03 1.198954e+03 1.194430e+03 1.190524e+03
6.7 1.205883e+03 1.198626e+03 1.195239e+03 1.202496e+03
7.7 1.196502e+03 1.195855e+03 1.195640e+03 1.196287e+03
8.7 1.188647e+03 1.194935e+03 1.195787e+03 1.189499e+03
9.7 1.194771e+03 1.195972e+03 1.195781e+03 1.194580e+03
10.7 1.195389e+03 1.198669e+03 1.195697e+03 1.192417e+03
11.7 1.202503e+03 1.201099e+03 1.195504e+03 1.196908e+03
12.7 1.214286e+03 1.199269e+03 1.193481e+03 1.208498e+03
13.7 1.207466e+03 1.196269e+03 1.191138e+03 1.202336e+03
14.7 1.206228e+03 1.198161e+03 1.191426e+03 1.199493e+03
15.7 1.197274e+03 1.201884e+03 1.192903e+03 1.188293e+03
16.7 1.193866e+03 1.200608e+03 1.192324e+03 1.185582e+03
17.7 1.192095e+03 1.196168e+03 1.190865e+03 1.186792e+03
18.7 1.202619e+03 1.194116e+03 1.191610e+03 1.200113e+03
19.7 1.209042e+03 1.194139e+03 1.193356e+03 1.208259e+03
20.7 1.186477e+03 1.194673e+03 1.194721e+03 1.186526e+03
0.9 1.202503e+03 1.201099e+03 1.195504e+03 1.196908e+03
1.9 1.214286e+03 1.199269e+03 1.193481e+03 1.208498e+03
2.9 1.207466e+03 1.196269e+03 1.191138e+03 1.202336e+03
3.9 1.206228e+03 1.198161e+03 1.191426e+03 1.199493e+03
4.9 1.197274e+03 1.201884e+03 1.192903e+03 1.188293e+03
5.9 1.193866e+03 1.200608e+03 1.192324e+03 1.185582e+03
6.9 1.192095e+03 1.196168e+03 1.190865e+03 1.186792e+03
7.9 1.202619e+03 1.194116e+03 1.191610e+03 1.200113e+03
8.9 1.209042e+03 1.194139e+03 1.193356e+03 1.208259e+03
9.9 1.186477e+03 1.194673e+03 1.194721e+03 1.186526e+03
10.9 1.203287e+03 1.194847e+03 1.195468e+03 1.203909e+03
11.9 1.180639e+03 1.193734e+03 1.195791e+03 1.182696e+03
12.9 1.197970e+03 1.192095e+03 1.195481e+03 1.201356e+03
13.9 1.196267e+03 1.189884e+03 1.192870e+03 1.199253e+03
14.9 1.197365e+03 1.189612e+03 1.191237e+03 1.198991e+03
15.9 1.194644e+03 1.191656e+03 1.192071e+03 1.195060e+03
16.9 1.236137e+03 1.193928e+03 1.193593e+03 1.235802e+03
17.9 1.191326e+03 1.195048e+03 1.194723e+03 1.191002e+03
18.9 1.192908e+03 1.194256e+03 1.195366e+03 1.194018e+03
19.9 1.207572e+03 1.192659e+03 1.195671e+03 1.210585e+03
20.9 1.206022e+03 1.190556e+03 1.195762e+03 1.211228e+03
0.9 1.197274e+03 1.201884e+03 1.192903e+03 1.188293e+03
1.9 1.193866e+03 1.200608e+03 1.192324e+03 1.185582e+03
2.9 1.192095e+03 1.196168e+03 1.190865e+03 1.186792e+03
3.9 1.202619e+03 1.194116e+03 1.191610e+03 1.200113e+03
4.9 1.209042e+03 1.194139e+03 1.193356e+03 1.208259e+03
5.9 1.186477e+03 1.194673e+03 1.194721e+03 1.186526e+03
6.9 1.203287e+03 1.194847e+03 1.195468e+03 1.203909e+03
7.9 1.180639e+03 1.193734e+03 1.195791e+03 1.182696e+03
8.9 1.197970e+03 1.192095e+03 1.195481e+03 1.201356e+03
9.9 1.196267e+03 1.189884e+03 1.192870e+03 1.199253e+03
10.9 1.197365e+03 1.189612e+03 1.191237e+03 1.198991e+03
11.9 1.194644e+03 1.191656e+03 1.192071e+03 1.195060e+03
12.9 1.236137e+03 1.193928e+03 1.193593e+03 1.235802e+03
13.9 1.191326e+03 1.195048e+03 1.194723e+03 1.191002e+03
14.9 1.192908e+03 1.194256e+03 1.195366e+03 1.194018e+03
15.9 1.207572e+03 1.192659e+03 1.195671e+03 1.210585e+03
16.9 1.206022e+03 1.190556e+03 1.195762e+03 1.211228e+03
17.9 1.207487e+03 1.189496e+03 1.195726e+03 1.213717e+03
18.9 1.198713e+03 1.186059e+03 1.195635e+03 1.208289e+03
19.9 1.198440e+03 1.182104e+03 1.195152e+03 1.211488e+03
20.9 1.180932e+03 1.181461e+03 1.192522e+03 1.191993e+03
0.2 1.180639e+03 1.193734e+03 1.195791e+03 1.182696e+03
1.2 1.197970e+03 1.192095e+03 1.195481e+03 1.201356e+03
2.2 1.196267e+03 1.189884e+03 1.192870e+03 1.199253e+03
3.2 1.197365e+03 1.189612e+03 1.191237e+03 1.198991e+03
4.2 1.194644e+03 1.191656e+03 1.192071e+03 1.195060e+03
5.2 1.236137e+03 1.193928e+03 1.193593e+03 1.235802e+03
6.2 1.191326e+03 1.195048e+03 1.194723e+03 1.191002e+03
7.2 1.192908e+03 1.194256e+03 1.195366e+03 1.194018e+03
8.2 1.207572e+03 1.192659e+03 1.195671e+03 1.210585e+03
9.2 1.206022e+03 1.190556e+03 1.195762e+03 1.211228e+03
10.2 1.207487e+03 1.189496e+03 1.195726e+03 1.213717e+03
11.2 1.198713e+03 1.186059e+03 1.195635e+03 1.208289e+03
12.2 1.198440e+03 1.182104e+03 1.195152e+03 1.211488e+03
13.2 1.180932e+03 1.181461e+03 1.192522e+03 1.191993e+03
14.2 1.190542e+03 1.184865e+03 1.190952e+03 1.196629e+03
15.2 1.172188e+03 1.190571e+03 1.191873e+03 1.173489e+03
16.2 1.192895e+03 1.196802e+03 1.193471e+03 1.189564e+03
17.2 1.194197e+03 1.201426e+03 1.194593e+03 1.187364e+03
18.2 1.213429e+03 1.200773e+03 1.193479e+03 1.206135e+03
19.2 1.182729e+03 1.196870e+03 1.191417e+03 1.177276e+03
20.2 1.200649e+03 1.195334e+03 1.191709e+03 1.197023e+03
0.2 1.198713e+03 1.186059e+03 1.195635e+03 1.208289e+03
1.2 1.198440e+03 1.182104e+03 1.195152e+03 1.211488e+03
2.2 1.180932e+03 1.181461e+03 1.192522e+03 1.191993e+03
3.2 1.190542e+03 1.184865e+03 1.190952e+03 1.196629e+03
4.2 1.172188e+03 1.190571e+03 1.191873e+03 1.173489e+03
5.2 1.192895e+03 1.196802e+03 1.193471e+03 1.189564e+03
6.2 1.194197e+03 1.201426e+03 1.194593e+03 1.187364e+03
7.2 1.213429e+03 1.200773e+03 1.193479e+03 1.206135e+03
8.2 1.182729e+03 1.196870e+03 1.191417e+03 1.177276e+03
9.2 1.200649e+03 1.195334e+03 1.191709e+03 1.197023e+03
10.2 1.193103e+03 1.196180e+03 1.193238e+03 1.190160e+03
11.2 1.216688e+03 1.195915e+03 1.193412e+03 1.214184e+03
12.2 1.197318e+03 1.193139e+03 1.191472e+03 1.195651e+03
13.2 1.190125e+03 1.190388e+03 1.191359e+03 1.191096e+03
14.2 1.160144e+03 1.186347e+03 1.192702e+03 1.166499e+03
15.2 1.187435e+03 1.183817e+03 1.191935e+03 1.195553e+03
16.2 1.183341e+03 1.184567e+03 1.190869e+03 1.189642e+03
17.2 1.180923e+03 1.184285e+03 1.191930e+03 1.188568e+03
18.2 1.181514e+03 1.181807e+03 1.193522e+03 1.193229e+03
19.2 1.190367e+03 1.181407e+03 1.192593e+03 1.201554e+03
20.2 1.186824e+03 1.184494e+03 1.191222e+03 1.193552e+03
0.8 1.194197e+03 1.201426e+03 1.194593e+03 1.187364e+03
1.8 1.213429e+03 1.200773e+03 1.193479e+03 1.206135e+03
2.8 1.182729e+03 1.196870e+03 1.191417e+03 1.177276e+03
3.8 1.200649e+03 1.195334e+03 1.191709e+03 1.197023e+03
4.8 1.193103e+03 1.196180e+03 1.193238e+03 1.190160e+03
5.8 1.216688e+03 1.195915e+03 1.193412e+03 1.214184e+03
6.8 1.197318e+03 1.193139e+03 1.191472e+03 1.195651e+03
7.8 1.190125e+03 1.190388e+03 1.191359e+03 1.191096e+03
8.8 1.160144e+03 1.186347e+03 1.192702e+03 1.166499e+03
9.8 1.187435e+03 1.183817e+03 1.191935e+03 1.195553e+03
10.8 1.183341e+03 1.184567e+03 1.190869e+03 1.189642e+03
11.8 1.180923e+03 1.184285e+03 1.191930e+03 1.188568e+03
12.8 1.181514e+03 1.181807e+03 1.193522e+03 1.193229e+03
13.8 1.190367e+03 1.181407e+03 1.192593e+03 1.201554e+03
14.8 1.186824e+03 1.184494e+03 1.191222e+03 1.193552e+03
15.8 1.195040e+03 1.189623e+03 1.192059e+03 1.197476e+03
16.8 1.201187e+03 1.193958e+03 1.193704e+03 1.200933e+03
17.8 1.194341e+03 1.196957e+03 1.194922e+03 1.192307e+03
18.8 1.213331e+03 1.199038e+03 1.195566e+03 1.209858e+03
19.8 1.192484e+03 1.199409e+03 1.195354e+03 1.188429e+03
20.8 1.197720e+03 1.196148e+03 1.192776e+03 1.194348e+03
0.5 1.193103e+03 1.196180e+03 1.193238e+03 1.190160e+03
1.5 1.216688e+03 1.195915e+03 1.193412e+03 1.214184e+03
2.5 1.197318e+03 1.193139e+03 1.191472e+03 1.195651e+03
3.5 1.190125e+03 1.190388e+03 1.191359e+03 1.191096e+03
4.5 1.160144e+03 1.186347e+03 1.192702e+03 1.166499e+03
5.5 1.187435e+03 1.183817e+03 1.191935e+03 1.195553e+03
6.5 1.183341e+03 1.184567e+03 1.190869e+03 1.189642e+03
7.5 1.180923e+03 1.184285e+03 1.191930e+03 1.188568e+03
8.5 1.181514e+03 1.181807e+03 1.193522e+03 1.193229e+03
9.5 1.190367e+03 1.181407e+03 1.192593e+03 1.201554e+03
10.5 1.186824e+03 1.184494e+03 1.191222e+03 1.193552e+03
11.5 1.195040e+03 1.189623e+03 1.192059e+03 1.197476e+03
12.5 1.201187e+03 1.193958e+03 1.193704e+03 1.200933e+03
13.5 1.194341e+03 1.196957e+03 1.194922e+03 1.192307e+03
14.5 1.213331e+03 1.199038e+03 1.195566e+03 1.209858e+03
15.5 1.192484e+03 1.199409e+03 1.195354e+03 1.188429e+03
16.5 1.197720e+03 1.196148e+03 1.192776e+03 1.194348e+03
17.5 1.183968e+03 1.192725e+03 1.191342e+03 1.182584e+03
18.5 1.188416e+03 1.190842e+03 1.191583e+03 1.189157e+03
19.5 1.195733e+03 1.189082e+03 1.190362e+03 1.197013e+03
20.5 1.167553e+03 1.189613e+03 1.190393e+03 1.168333e+03
1.0 1.160144e+03 1.186347e+03 1.192702e+03 1.166499e+03
2.0 1.187435e+03 1.183817e+03 1.191935e+03 1.195553e+03
3.0 1.183341e+03 1.184567e+03 1.190869e+03 1.189642e+03
4.0 1.180923e+03 1.184285e+03 1.191930e+03 1.188568e+03
5.0 1.181514e+03 1.181807e+03 1.193522e+03 1.193229e+03
6.0 1.190367e+03 1.181407e+03 1.192593e+03 1.201554e+03
7.0 1.186824e+03 1.184494e+03 1.191222e+03 1.193552e+03
8.0 1.195040e+03 1.189623e+03 1.192059e+03 1.197476e+03
9.0 1.201187e+03 1.193958e+03 1.193704e+03 1.200933e+03
10.0 1.194341e+03 1.196957e+03 1.194922e+03 1.192307e+03
11.0 1.213331e+03 1.199038e+03 1.195566e+03 1.209858e+03
12.0 1.192484e+03 1.199409e+03 1.195354e+03 1.188429e+03
13.0 1.197720e+03 1.196148e+03 1.192776e+03 1.194348e+03
14.0 1.183968e+03 1.192725e+03 1.191342e+03 1.182584e+03
15.0 1.188416e+03 1.190842e+03 1.191583e+03 1.189157e+03
16.0 1.195733e+03 1.189082e+03 1.190362e+03 1.197013e+03
17.0 1.167553e+03 1.189613e+03 1.190393e+03 1.168333e+03
18.0 1.197183e+03 1.192034e+03 1.192188e+03 1.197337e+03
19.0 1.179928e+03 1.194353e+03 1.194044e+03 1.179619e+03
20.0 1.181167e+03 1.196156e+03 1.195212e+03 1.180223e+03
21.0 1.195698e+03 1.197801e+03 1.195773e+03 1.193671e+03
1.0 1.181514e+03 1.181807e+03 1.193522e+03 1.193229e+03
2.0 1.190367e+03 1.181407e+03 1.192593e+03 1.201554e+03
3.0 1.186824e+03 1.184494e+03 1.191222e+03 1.193552e+03
4.0 1.195040e+03 1.189623e+03 1.192059e+03 1.197476e+03
5.0 1.201187e+03 1.193958e+03 1.193704e+03 1.200933e+03
6.0 1.194341e+03 1.196957e+03 1.194922e+03 1.192307e+03
7.0 1.213331e+03 1.199038e+03 1.195566e+03 1.209858e+03
8.0 1.192484e+03 1.199409e+03 1.195354e+03 1.188429e+03
9.0 1.197720e+03 1.196148e+03 1.192776e+03 1.194348e+03
10.0 1.183968e+03 1.192725e+03 1.191342e+03 1.182584e+03
11.0 1.188416e+03 1.190842e+03 1.191583e+03 1.189157e+03
12.0 1.195733e+03 1.189082e+03 1.190362e+03 1.197013e+03
13.0 1.167553e+03 1.189613e+03 1.190393e+03 1.168333e+03
14.0 1.197183e+03 1.192034e+03 1.192188e+03 1.197337e+03
15.0 1.179928e+03 1.194353e+03 1.194044e+03 1.179619e+03
16.0 1.181167e+03 1.196156e+03 1.195212e+03 1.180223e+03
17.0 1.195698e+03 1.197801e+03 1.195773e+03 1.193671e+03
18.0 1.220271e+03 1.198596e+03 1.195742e+03 1.217416e+03
19.0 1.209666e+03 1.196069e+03 1.193402e+03 1.207000e+03
20.0 1.197846e+03 1.193282e+03 1.191389e+03 1.195953e+03
0.2 1.213331e+03 1.199038e+03 1.195566e+03 1.209858e+03
1.2 1.192484e+03 1.199409e+03 1.195354e+03 1.188429e+03
2.2 1.197720e+03 1.196148e+03 1.192776e+03 1.194348e+03
3.2 1.183968e+03 1.192725e+03 1.191342e+03 1.182584e+03
4.2 1.188416e+03 1.190842e+03 1.191583e+03 1.189157e+03
5.2 1.195733e+03 1.189082e+03 1.190362e+03 1.197013e+03
6.2 1.167553e+03 1.189613e+03 1.190393e+03 1.168333e+03
7.2 1.197183e+03 1.192034e+03 1.192188e+03 1.197337e+03
8.2 1.179928e+03 1.194353e+03 1.194044e+03 1.179619e+03
9.2 1.181167e+03 1.196156e+03 1.195212e+03 1.180223e+03
10.2 1.195698e+03 1.197801e+03 1.195773e+03 1.193671e+03
11.2 1.220271e+03 1.198596e+03 1.195742e+03 1.217416e+03
12.2 1.209666e+03 1.196069e+03 1.193402e+03 1.207000e+03
13.2 1.197846e+03 1.193282e+03 1.191389e+03 1.195953e+03
0.4 1.183968e+03 1.192725e+03 1.191342e+03 1.182584e+03
1.4 1.188416e+03 1.190842e+03 1.191583e+03 1.189157e+03
2.4 1.195733e+03 1.189082e+03 1.190362e+03 1.197013e+03
3.4 1.167553e+03 1.189613e+03 1.190393e+03 1.168333e+03
4.4 1.197183e+03 1.192034e+03 1.192188e+03 1.197337e+03
5.4 1.179928e+03 1.194353e+03 1.194044e+03 1.179619e+03
6.4 1.181167e+03 1.196156e+03 1.195212e+03 1.180223e+03
7.4 1.195698e+03 1.197801e+03 1.195773e+03 1.193671e+03
8.4 1.220271e+03 1.198596e+03 1.195742e+03 1.217416e+03
9.4 1.209666e+03 1.196069e+03 1.193402e+03 1.207000e+03
10.4 1.197846e+03 1.193282e+03 1.191389e+03 1.195953e+03
1.0 1.220271e+03 1.198596e+03 1.195742e+03 1.217416e+03
2.0 1.209666e+03 1.196069e+03 1.193402e+03 1.207000e+03
3.0 1.197846e+03 1.193282e+03 1.191389e+03 1.195953e+03
