0.4 1.033150e+03 1.048851e+03 1.047016e+03 1.031316e+03
1.4 1.037562e+03 1.048668e+03 1.045785e+03 1.034680e+03
2.4 1.031463e+03 1.043389e+03 1.041582e+03 1.029655e+03
3.4 1.034165e+03 1.040342e+03 1.040229e+03 1.034052e+03
4.4 1.030078e+03 1.041045e+03 1.042182e+03 1.031215e+03
5.4 1.038985e+03 1.042698e+03 1.044590e+03 1.040876e+03
6.4 1.047687e+03 1.043848e+03 1.046229e+03 1.050069e+03
7.4 1.039818e+03 1.044588e+03 1.047128e+03 1.042358e+03
8.4 1.046401e+03 1.046756e+03 1.047535e+03 1.047180e+03
9.4 1.040487e+03 1.052285e+03 1.047627e+03 1.035829e+03
10.4 1.046485e+03 1.054382e+03 1.046123e+03 1.038226e+03
11.4 1.037197e+03 1.048321e+03 1.041775e+03 1.030651e+03
12.4 1.034504e+03 1.044621e+03 1.040531e+03 1.030414e+03
13.4 1.031839e+03 1.047625e+03 1.042311e+03 1.026525e+03
14.4 1.049115e+03 1.046974e+03 1.041539e+03 1.043680e+03
15.4 1.036823e+03 1.042454e+03 1.039673e+03 1.034041e+03
16.4 1.050637e+03 1.041032e+03 1.041121e+03 1.050726e+03
17.4 1.053234e+03 1.042640e+03 1.043953e+03 1.054546e+03
18.4 1.049826e+03 1.045603e+03 1.046100e+03 1.050323e+03
19.4 1.033628e+03 1.045845e+03 1.045629e+03 1.033412e+03
20.4 1.036216e+03 1.041578e+03 1.041938e+03 1.036576e+03
0.5 1.040487e+03 1.052285e+03 1.047627e+03 1.035829e+03
1.5 1.046485e+03 1.054382e+03 1.046123e+03 1.038226e+03
2.5 1.037197e+03 1.048321e+03 1.041775e+03 1.030651e+03
3.5 1.034504e+03 1.044621e+03 1.040531e+03 1.030414e+03
4.5 1.031839e+03 1.047625e+03 1.042311e+03 1.026525e+03
5.5 1.049115e+03 1.046974e+03 1.041539e+03 1.043680e+03
6.5 1.036823e+03 1.042454e+03 1.039673e+03 1.034041e+03
7.5 1.050637e+03 1.041032e+03 1.041121e+03 1.050726e+03
8.5 1.053234e+03 1.042640e+03 1.043953e+03 1.054546e+03
9.5 1.049826e+03 1.045603e+03 1.046100e+03 1.050323e+03
10.5 1.033628e+03 1.045845e+03 1.045629e+03 1.033412e+03
11.5 1.036216e+03 1.041578e+03 1.041938e+03 1.036576e+03
12.5 1.034240e+03 1.039897e+03 1.041179e+03 1.035521e+03
13.5 1.038483e+03 1.042027e+03 1.043205e+03 1.039661e+03
14.5 1.044860e+03 1.044280e+03 1.044557e+03 1.045137e+03
15.5 1.036282e+03 1.041523e+03 1.041830e+03 1.036589e+03
16.5 1.031440e+03 1.039835e+03 1.040541e+03 1.032146e+03
17.5 1.039964e+03 1.042569e+03 1.042475e+03 1.039869e+03
18.5 1.044925e+03 1.045210e+03 1.044146e+03 1.043862e+03
19.5 1.037240e+03 1.042552e+03 1.041704e+03 1.036392e+03
20.5 1.039513e+03 1.043278e+03 1.040556e+03 1.036791e+03
0.9 1.031839e+03 1.047625e+03 1.042311e+03 1.026525e+03
1.9 1.049115e+03 1.046974e+03 1.041539e+03 1.043680e+03
2.9 1.036823e+03 1.042454e+03 1.039673e+03 1.034041e+03
3.9 1.050637e+03 1.041032e+03 1.041121e+03 1.050726e+03
4.9 1.053234e+03 1.042640e+03 1.043953e+03 1.054546e+03
5.9 1.049826e+03 1.045603e+03 1.046100e+03 1.050323e+03
6.9 1.033628e+03 1.045845e+03 1.045629e+03 1.033412e+03
7.9 1.036216e+03 1.041578e+03 1.041938e+03 1.036576e+03
8.9 1.034240e+03 1.039897e+03 1.041179e+03 1.035521e+03
9.9 1.038483e+03 1.042027e+03 1.043205e+03 1.039661e+03
10.9 1.044860e+03 1.044280e+03 1.044557e+03 1.045137e+03
11.9 1.036282e+03 1.041523e+03 1.041830e+03 1.036589e+03
12.9 1.031440e+03 1.039835e+03 1.040541e+03 1.032146e+03
13.9 1.039964e+03 1.042569e+03 1.042475e+03 1.039869e+03
14.9 1.044925e+03 1.045210e+03 1.044146e+03 1.043862e+03
15.9 1.037240e+03 1.042552e+03 1.041704e+03 1.036392e+03
16.9 1.039513e+03 1.043278e+03 1.040556e+03 1.036791e+03
17.9 1.046408e+03 1.050465e+03 1.042543e+03 1.038486e+03
18.9 1.050892e+03 1.055518e+03 1.044302e+03 1.039676e+03
19.9 1.039272e+03 1.050715e+03 1.041898e+03 1.030455e+03
20.9 1.040405e+03 1.044684e+03 1.040612e+03 1.036332e+03
0.5 1.049826e+03 1.045603e+03 1.046100e+03 1.050323e+03
1.5 1.033628e+03 1.045845e+03 1.045629e+03 1.033412e+03
2.5 1.036216e+03 1.041578e+03 1.041938e+03 1.036576e+03
3.5 1.034240e+03 1.039897e+03 1.041179e+03 1.035521e+03
4.5 1.038483e+03 1.042027e+03 1.043205e+03 1.039661e+03
5.5 1.044860e+03 1.044280e+03 1.044557e+03 1.045137e+03
6.5 1.036282e+03 1.041523e+03 1.041830e+03 1.036589e+03
7.5 1.031440e+03 1.039835e+03 1.040541e+03 1.032146e+03
8.5 1.039964e+03 1.042569e+03 1.042475e+03 1.039869e+03
9.5 1.044925e+03 1.045210e+03 1.044146e+03 1.043862e+03
10.5 1.037240e+03 1.042552e+03 1.041704e+03 1.036392e+03
11.5 1.039513e+03 1.043278e+03 1.040556e+03 1.036791e+03
12.5 1.046408e+03 1.050465e+03 1.042543e+03 1.038486e+03
13.5 1.050892e+03 1.055518e+03 1.044302e+03 1.039676e+03
14.5 1.039272e+03 1.050715e+03 1.041898e+03 1.030455e+03
15.5 1.040405e+03 1.044684e+03 1.040612e+03 1.036332e+03
16.5 1.031197e+03 1.042825e+03 1.042515e+03 1.030887e+03
17.5 1.047699e+03 1.042649e+03 1.044518e+03 1.049568e+03
18.5 1.050271e+03 1.039433e+03 1.042365e+03 1.053202e+03
19.5 1.030082e+03 1.037432e+03 1.040611e+03 1.033261e+03
20.5 1.036440e+03 1.040331e+03 1.042233e+03 1.038342e+03
0.3 1.038483e+03 1.042027e+03 1.043205e+03 1.039661e+03
1.3 1.044860e+03 1.044280e+03 1.044557e+03 1.045137e+03
2.3 1.036282e+03 1.041523e+03 1.041830e+03 1.036589e+03
3.3 1.031440e+03 1.039835e+03 1.040541e+03 1.032146e+03
4.3 1.039964e+03 1.042569e+03 1.042475e+03 1.039869e+03
5.3 1.044925e+03 1.045210e+03 1.044146e+03 1.043862e+03
6.3 1.037240e+03 1.042552e+03 1.041704e+03 1.036392e+03
7.3 1.039513e+03 1.043278e+03 1.040556e+03 1.036791e+03
8.3 1.046408e+03 1.050465e+03 1.042543e+03 1.038486e+03
9.3 1.050892e+03 1.055518e+03 1.044302e+03 1.039676e+03
10.3 1.039272e+03 1.050715e+03 1.041898e+03 1.030455e+03
11.3 1.040405e+03 1.044684e+03 1.040612e+03 1.036332e+03
12.3 1.031197e+03 1.042825e+03 1.042515e+03 1.030887e+03
13.3 1.047699e+03 1.042649e+03 1.044518e+03 1.049568e+03
14.3 1.050271e+03 1.039433e+03 1.042365e+03 1.053202e+03
15.3 1.030082e+03 1.037432e+03 1.040611e+03 1.033261e+03
16.3 1.036440e+03 1.040331e+03 1.042233e+03 1.038342e+03
17.3 1.046709e+03 1.045395e+03 1.044740e+03 1.046053e+03
18.3 1.055279e+03 1.047860e+03 1.045607e+03 1.053026e+03
19.3 1.049188e+03 1.043990e+03 1.042387e+03 1.047585e+03
20.3 1.029778e+03 1.040923e+03 1.040893e+03 1.029748e+03
0.3 1.039964e+03 1.042569e+03 1.042475e+03 1.039869e+03
1.3 1.044925e+03 1.045210e+03 1.044146e+03 1.043862e+03
2.3 1.037240e+03 1.042552e+03 1.041704e+03 1.036392e+03
3.3 1.039513e+03 1.043278e+03 1.040556e+03 1.036791e+03
4.3 1.046408e+03 1.050465e+03 1.042543e+03 1.038486e+03
5.3 1.050892e+03 1.055518e+03 1.044302e+03 1.039676e+03
6.3 1.039272e+03 1.050715e+03 1.041898e+03 1.030455e+03
7.3 1.040405e+03 1.044684e+03 1.040612e+03 1.036332e+03
8.3 1.031197e+03 1.042825e+03 1.042515e+03 1.030887e+03
9.3 1.047699e+03 1.042649e+03 1.044518e+03 1.049568e+03
10.3 1.050271e+03 1.039433e+03 1.042365e+03 1.053202e+03
11.3 1.030082e+03 1.037432e+03 1.040611e+03 1.033261e+03
12.3 1.036440e+03 1.040331e+03 1.042233e+03 1.038342e+03
13.3 1.046709e+03 1.045395e+03 1.044740e+03 1.046053e+03
14.3 1.055279e+03 1.047860e+03 1.045607e+03 1.053026e+03
15.3 1.049188e+03 1.043990e+03 1.042387e+03 1.047585e+03
16.3 1.029778e+03 1.040923e+03 1.040893e+03 1.029748e+03
17.3 1.039148e+03 1.041407e+03 1.042669e+03 1.040411e+03
18.3 1.042415e+03 1.042976e+03 1.045004e+03 1.044443e+03
19.3 1.040830e+03 1.044158e+03 1.046562e+03 1.043233e+03
20.3 1.027016e+03 1.044626e+03 1.047362e+03 1.029752e+03
0.2 1.046408e+03 1.050465e+03 1.042543e+03 1.038486e+03
1.2 1.050892e+03 1.055518e+03 1.044302e+03 1.039676e+03
2.2 1.039272e+03 1.050715e+03 1.041898e+03 1.030455e+03
3.2 1.040405e+03 1.044684e+03 1.040612e+03 1.036332e+03
4.2 1.031197e+03 1.042825e+03 1.042515e+03 1.030887e+03
5.2 1.047699e+03 1.042649e+03 1.044518e+03 1.049568e+03
6.2 1.050271e+03 1.039433e+03 1.042365e+03 1.053202e+03
7.2 1.030082e+03 1.037432e+03 1.040611e+03 1.033261e+03
8.2 1.036440e+03 1.040331e+03 1.042233e+03 1.038342e+03
9.2 1.046709e+03 1.045395e+03 1.044740e+03 1.046053e+03
10.2 1.055279e+03 1.047860e+03 1.045607e+03 1.053026e+03
11.2 1.049188e+03 1.043990e+03 1.042387e+03 1.047585e+03
12.2 1.029778e+03 1.040923e+03 1.040893e+03 1.029748e+03
13.2 1.039148e+03 1.041407e+03 1.042669e+03 1.040411e+03
14.2 1.042415e+03 1.042976e+03 1.045004e+03 1.044443e+03
15.2 1.040830e+03 1.044158e+03 1.046562e+03 1.043233e+03
16.2 1.027016e+03 1.044626e+03 1.047362e+03 1.029752e+03
17.2 1.038024e+03 1.044439e+03 1.047665e+03 1.041250e+03
18.2 1.028028e+03 1.042370e+03 1.045745e+03 1.031403e+03
19.2 1.036580e+03 1.038511e+03 1.041544e+03 1.039613e+03
20.2 1.040280e+03 1.038390e+03 1.040883e+03 1.042774e+03
0.1 1.031197e+03 1.042825e+03 1.042515e+03 1.030887e+03
1.1 1.047699e+03 1.042649e+03 1.044518e+03 1.049568e+03
2.1 1.050271e+03 1.039433e+03 1.042365e+03 1.053202e+03
3.1 1.030082e+03 1.037432e+03 1.040611e+03 1.033261e+03
4.1 1.036440e+03 1.040331e+03 1.042233e+03 1.038342e+03
5.1 1.046709e+03 1.045395e+03 1.044740e+03 1.046053e+03
6.1 1.055279e+03 1.047860e+03 1.045607e+03 1.053026e+03
7.1 1.049188e+03 1.043990e+03 1.042387e+03 1.047585e+03
8.1 1.029778e+03 1.040923e+03 1.040893e+03 1.029748e+03
9.1 1.039148e+03 1.041407e+03 1.042669e+03 1.040411e+03
10.1 1.042415e+03 1.042976e+03 1.045004e+03 1.044443e+03
11.1 1.040830e+03 1.044158e+03 1.046562e+03 1.043233e+03
12.1 1.027016e+03 1.044626e+03 1.047362e+03 1.029752e+03
13.1 1.038024e+03 1.044439e+03 1.047665e+03 1.041250e+03
14.1 1.028028e+03 1.042370e+03 1.045745e+03 1.031403e+03
15.1 1.036580e+03 1.038511e+03 1.041544e+03 1.039613e+03
16.1 1.040280e+03 1.038390e+03 1.040883e+03 1.042774e+03
17.1 1.035752e+03 1.041930e+03 1.042970e+03 1.036793e+03
18.1 1.043638e+03 1.046242e+03 1.045049e+03 1.042445e+03
19.1 1.052750e+03 1.045550e+03 1.043691e+03 1.050892e+03
20.1 1.041703e+03 1.041554e+03 1.040757e+03 1.040906e+03
0.3 1.046709e+03 1.045395e+03 1.044740e+03 1.046053e+03
1.3 1.055279e+03 1.047860e+03 1.045607e+03 1.053026e+03
2.3 1.049188e+03 1.043990e+03 1.042387e+03 1.047585e+03
3.3 1.029778e+03 1.040923e+03 1.040893e+03 1.029748e+03
4.3 1.039148e+03 1.041407e+03 1.042669e+03 1.040411e+03
5.3 1.042415e+03 1.042976e+03 1.045004e+03 1.044443e+03
6.3 1.040830e+03 1.044158e+03 1.046562e+03 1.043233e+03
7.3 1.027016e+03 1.044626e+03 1.047362e+03 1.029752e+03
8.3 1.038024e+03 1.044439e+03 1.047665e+03 1.041250e+03
9.3 1.028028e+03 1.042370e+03 1.045745e+03 1.031403e+03
10.3 1.036580e+03 1.038511e+03 1.041544e+03 1.039613e+03
11.3 1.040280e+03 1.038390e+03 1.040883e+03 1.042774e+03
12.3 1.035752e+03 1.041930e+03 1.042970e+03 1.036793e+03
13.3 1.043638e+03 1.046242e+03 1.045049e+03 1.042445e+03
14.3 1.052750e+03 1.045550e+03 1.043691e+03 1.050892e+03
15.3 1.041703e+03 1.041554e+03 1.040757e+03 1.040906e+03
16.3 1.039568e+03 1.040805e+03 1.041363e+03 1.040127e+03
17.3 1.049466e+03 1.042763e+03 1.043819e+03 1.050523e+03
18.3 1.040336e+03 1.046126e+03 1.045862e+03 1.040072e+03
19.3 1.042583e+03 1.049212e+03 1.047025e+03 1.040396e+03
20.3 1.030977e+03 1.049920e+03 1.047565e+03 1.028622e+03
0.6 1.038024e+03 1.044439e+03 1.047665e+03 1.041250e+03
1.6 1.028028e+03 1.042370e+03 1.045745e+03 1.031403e+03
2.6 1.036580e+03 1.038511e+03 1.041544e+03 1.039613e+03
3.6 1.040280e+03 1.038390e+03 1.040883e+03 1.042774e+03
4.6 1.035752e+03 1.041930e+03 1.042970e+03 1.036793e+03
5.6 1.043638e+03 1.046242e+03 1.045049e+03 1.042445e+03
6.6 1.052750e+03 1.045550e+03 1.043691e+03 1.050892e+03
7.6 1.041703e+03 1.041554e+03 1.040757e+03 1.040906e+03
8.6 1.039568e+03 1.040805e+03 1.041363e+03 1.040127e+03
9.6 1.049466e+03 1.042763e+03 1.043819e+03 1.050523e+03
10.6 1.040336e+03 1.046126e+03 1.045862e+03 1.040072e+03
11.6 1.042583e+03 1.049212e+03 1.047025e+03 1.040396e+03
12.6 1.030977e+03 1.049920e+03 1.047565e+03 1.028622e+03
13.6 1.032056e+03 1.048547e+03 1.047730e+03 1.031239e+03
14.6 1.031731e+03 1.046891e+03 1.047681e+03 1.032520e+03
15.6 1.050477e+03 1.045726e+03 1.047531e+03 1.052282e+03
16.6 1.039520e+03 1.045106e+03 1.047364e+03 1.041778e+03
17.6 1.039223e+03 1.045614e+03 1.047227e+03 1.040837e+03
18.6 1.033857e+03 1.046686e+03 1.047133e+03 1.034304e+03
19.6 1.053818e+03 1.046632e+03 1.047077e+03 1.054262e+03
20.6 1.048009e+03 1.045951e+03 1.047046e+03 1.049104e+03
0.8 1.043638e+03 1.046242e+03 1.045049e+03 1.042445e+03
1.8 1.052750e+03 1.045550e+03 1.043691e+03 1.050892e+03
2.8 1.041703e+03 1.041554e+03 1.040757e+03 1.040906e+03
3.8 1.039568e+03 1.040805e+03 1.041363e+03 1.040127e+03
4.8 1.049466e+03 1.042763e+03 1.043819e+03 1.050523e+03
5.8 1.040336e+03 1.046126e+03 1.045862e+03 1.040072e+03
6.8 1.042583e+03 1.049212e+03 1.047025e+03 1.040396e+03
7.8 1.030977e+03 1.049920e+03 1.047565e+03 1.028622e+03
8.8 1.032056e+03 1.048547e+03 1.047730e+03 1.031239e+03
9.8 1.031731e+03 1.046891e+03 1.047681e+03 1.032520e+03
10.8 1.050477e+03 1.045726e+03 1.047531e+03 1.052282e+03
11.8 1.039520e+03 1.045106e+03 1.047364e+03 1.041778e+03
12.8 1.039223e+03 1.045614e+03 1.047227e+03 1.040837e+03
13.8 1.033857e+03 1.046686e+03 1.047133e+03 1.034304e+03
14.8 1.053818e+03 1.046632e+03 1.047077e+03 1.054262e+03
15.8 1.048009e+03 1.045951e+03 1.047046e+03 1.049104e+03
16.8 1.053013e+03 1.046077e+03 1.047030e+03 1.053966e+03
17.8 1.059839e+03 1.047432e+03 1.047003e+03 1.059410e+03
18.8 1.056857e+03 1.046129e+03 1.045039e+03 1.055767e+03
19.8 1.039956e+03 1.041243e+03 1.040948e+03 1.039661e+03
20.8 1.037146e+03 1.039592e+03 1.040453e+03 1.038008e+03
0.6 1.059839e+03 1.047432e+03 1.047003e+03 1.059410e+03
1.6 1.056857e+03 1.046129e+03 1.045039e+03 1.055767e+03
2.6 1.039956e+03 1.041243e+03 1.040948e+03 1.039661e+03
3.6 1.037146e+03 1.039592e+03 1.040453e+03 1.038008e+03
4.6 1.021998e+03 1.041007e+03 1.042696e+03 1.023686e+03
5.6 1.045342e+03 1.042852e+03 1.044987e+03 1.047477e+03
6.6 1.050534e+03 1.044133e+03 1.046460e+03 1.052861e+03
7.6 1.056471e+03 1.044878e+03 1.047242e+03 1.058836e+03
8.6 1.047079e+03 1.045207e+03 1.047574e+03 1.049446e+03
9.6 1.044953e+03 1.044969e+03 1.047626e+03 1.047609e+03
10.6 1.038834e+03 1.044156e+03 1.047236e+03 1.041915e+03
11.6 1.036247e+03 1.040612e+03 1.043611e+03 1.039247e+03
12.6 1.039776e+03 1.039818e+03 1.040453e+03 1.040411e+03
13.6 1.057339e+03 1.044767e+03 1.040854e+03 1.053426e+03
14.6 1.057599e+03 1.044480e+03 1.039478e+03 1.052597e+03
15.6 1.044237e+03 1.042006e+03 1.038849e+03 1.041079e+03
16.6 1.028280e+03 1.043606e+03 1.041308e+03 1.025981e+03
17.6 1.046005e+03 1.047287e+03 1.044368e+03 1.043087e+03
18.6 1.045826e+03 1.049133e+03 1.046452e+03 1.043145e+03
19.6 1.041891e+03 1.048866e+03 1.047512e+03 1.040537e+03
20.6 1.046861e+03 1.051182e+03 1.047909e+03 1.043587e+03
1.0 1.038834e+03 1.044156e+03 1.047236e+03 1.041915e+03
2.0 1.036247e+03 1.040612e+03 1.043611e+03 1.039247e+03
3.0 1.039776e+03 1.039818e+03 1.040453e+03 1.040411e+03
4.0 1.057339e+03 1.044767e+03 1.040854e+03 1.053426e+03
5.0 1.057599e+03 1.044480e+03 1.039478e+03 1.052597e+03
6.0 1.044237e+03 1.042006e+03 1.038849e+03 1.041079e+03
7.0 1.028280e+03 1.043606e+03 1.041308e+03 1.025981e+03
8.0 1.046005e+03 1.047287e+03 1.044368e+03 1.043087e+03
9.0 1.045826e+03 1.049133e+03 1.046452e+03 1.043145e+03
10.0 1.041891e+03 1.048866e+03 1.047512e+03 1.040537e+03
11.0 1.046861e+03 1.051182e+03 1.047909e+03 1.043587e+03
12.0 1.057306e+03 1.056349e+03 1.047929e+03 1.048886e+03
13.0 1.064619e+03 1.057305e+03 1.046536e+03 1.053849e+03
14.0 1.043841e+03 1.049822e+03 1.042115e+03 1.036134e+03
15.0 1.051465e+03 1.043639e+03 1.040567e+03 1.048393e+03
16.0 1.032057e+03 1.041991e+03 1.042376e+03 1.032441e+03
17.0 1.043635e+03 1.042277e+03 1.044692e+03 1.046050e+03
18.0 1.041221e+03 1.042958e+03 1.046279e+03 1.044542e+03
19.0 1.034752e+03 1.043663e+03 1.047151e+03 1.038239e+03
20.0 1.051886e+03 1.044270e+03 1.047545e+03 1.055161e+03
21.0 1.050007e+03 1.044702e+03 1.047635e+03 1.052941e+03
0.1 1.039776e+03 1.039818e+03 1.040453e+03 1.040411e+03
1.1 1.057339e+03 1.044767e+03 1.040854e+03 1.053426e+03
2.1 1.057599e+03 1.044480e+03 1.039478e+03 1.052597e+03
3.1 1.044237e+03 1.042006e+03 1.038849e+03 1.041079e+03
4.1 1.028280e+03 1.043606e+03 1.041308e+03 1.025981e+03
5.1 1.046005e+03 1.047287e+03 1.044368e+03 1.043087e+03
6.1 1.045826e+03 1.049133e+03 1.046452e+03 1.043145e+03
7.1 1.041891e+03 1.048866e+03 1.047512e+03 1.040537e+03
8.1 1.046861e+03 1.051182e+03 1.047909e+03 1.043587e+03
9.1 1.057306e+03 1.056349e+03 1.047929e+03 1.048886e+03
10.1 1.064619e+03 1.057305e+03 1.046536e+03 1.053849e+03
11.1 1.043841e+03 1.049822e+03 1.042115e+03 1.036134e+03
12.1 1.051465e+03 1.043639e+03 1.040567e+03 1.048393e+03
13.1 1.032057e+03 1.041991e+03 1.042376e+03 1.032441e+03
14.1 1.043635e+03 1.042277e+03 1.044692e+03 1.046050e+03
15.1 1.041221e+03 1.042958e+03 1.046279e+03 1.044542e+03
16.1 1.034752e+03 1.043663e+03 1.047151e+03 1.038239e+03
17.1 1.051886e+03 1.044270e+03 1.047545e+03 1.055161e+03
18.1 1.050007e+03 1.044702e+03 1.047635e+03 1.052941e+03
19.1 1.068788e+03 1.045036e+03 1.047555e+03 1.071307e+03
20.1 1.040346e+03 1.047383e+03 1.047410e+03 1.040373e+03
0.4 1.057306e+03 1.056349e+03 1.047929e+03 1.048886e+03
1.4 1.064619e+03 1.057305e+03 1.046536e+03 1.053849e+03
2.4 1.043841e+03 1.049822e+03 1.042115e+03 1.036134e+03
3.4 1.051465e+03 1.043639e+03 1.040567e+03 1.048393e+03
4.4 1.032057e+03 1.041991e+03 1.042376e+03 1.032441e+03
5.4 1.043635e+03 1.042277e+03 1.044692e+03 1.046050e+03
6.4 1.041221e+03 1.042958e+03 1.046279e+03 1.044542e+03
7.4 1.034752e+03 1.043663e+03 1.047151e+03 1.038239e+03
8.4 1.051886e+03 1.044270e+03 1.047545e+03 1.055161e+03
9.4 1.050007e+03 1.044702e+03 1.047635e+03 1.052941e+03
10.4 1.068788e+03 1.045036e+03 1.047555e+03 1.071307e+03
11.4 1.040346e+03 1.047383e+03 1.047410e+03 1.040373e+03
12.4 1.040765e+03 1.052915e+03 1.047269e+03 1.035119e+03
13.4 1.031829e+03 1.055554e+03 1.047162e+03 1.023437e+03
14.4 1.038078e+03 1.053077e+03 1.047094e+03 1.032095e+03
15.4 1.039555e+03 1.049305e+03 1.047055e+03 1.037305e+03
16.4 1.050253e+03 1.046209e+03 1.046657e+03 1.050701e+03
17.4 1.042937e+03 1.041013e+03 1.042998e+03 1.044922e+03
18.4 1.027027e+03 1.037461e+03 1.040189e+03 1.029755e+03
19.4 1.020794e+03 1.038790e+03 1.041338e+03 1.023342e+03
20.4 1.037755e+03 1.042458e+03 1.043640e+03 1.038938e+03
0.1 1.039555e+03 1.049305e+03 1.047055e+03 1.037305e+03
1.1 1.050253e+03 1.046209e+03 1.046657e+03 1.050701e+03
2.1 1.042937e+03 1.041013e+03 1.042998e+03 1.044922e+03
3.1 1.027027e+03 1.037461e+03 1.040189e+03 1.029755e+03
4.1 1.020794e+03 1.038790e+03 1.041338e+03 1.023342e+03
5.1 1.037755e+03 1.042458e+03 1.043640e+03 1.038938e+03
6.1 1.046335e+03 1.041947e+03 1.042388e+03 1.046776e+03
7.1 1.053900e+03 1.039392e+03 1.040187e+03 1.054694e+03
8.1 1.035302e+03 1.040021e+03 1.041439e+03 1.036719e+03
9.1 1.033608e+03 1.042225e+03 1.044093e+03 1.035476e+03
10.1 1.022290e+03 1.043999e+03 1.046115e+03 1.024405e+03
11.1 1.020715e+03 1.044985e+03 1.047210e+03 1.022941e+03
12.1 1.025255e+03 1.045366e+03 1.047681e+03 1.027571e+03
13.1 1.034384e+03 1.045100e+03 1.047756e+03 1.037040e+03
14.1 1.064957e+03 1.042607e+03 1.045480e+03 1.067831e+03
15.1 1.042415e+03 1.038606e+03 1.041310e+03 1.045119e+03
16.1 1.045799e+03 1.038466e+03 1.040877e+03 1.048210e+03
17.1 1.042797e+03 1.040859e+03 1.043043e+03 1.044981e+03
18.1 1.049470e+03 1.043179e+03 1.045203e+03 1.051494e+03
19.1 1.043876e+03 1.044665e+03 1.046554e+03 1.045766e+03
20.1 1.043043e+03 1.043482e+03 1.045315e+03 1.044876e+03
0.9 1.037755e+03 1.042458e+03 1.043640e+03 1.038938e+03
1.9 1.046335e+03 1.041947e+03 1.042388e+03 1.046776e+03
2.9 1.053900e+03 1.039392e+03 1.040187e+03 1.054694e+03
3.9 1.035302e+03 1.040021e+03 1.041439e+03 1.036719e+03
4.9 1.033608e+03 1.042225e+03 1.044093e+03 1.035476e+03
5.9 1.022290e+03 1.043999e+03 1.046115e+03 1.024405e+03
6.9 1.020715e+03 1.044985e+03 1.047210e+03 1.022941e+03
7.9 1.025255e+03 1.045366e+03 1.047681e+03 1.027571e+03
8.9 1.034384e+03 1.045100e+03 1.047756e+03 1.037040e+03
9.9 1.064957e+03 1.042607e+03 1.045480e+03 1.067831e+03
10.9 1.042415e+03 1.038606e+03 1.041310e+03 1.045119e+03
11.9 1.045799e+03 1.038466e+03 1.040877e+03 1.048210e+03
12.9 1.042797e+03 1.040859e+03 1.043043e+03 1.044981e+03
13.9 1.049470e+03 1.043179e+03 1.045203e+03 1.051494e+03
14.9 1.043876e+03 1.044665e+03 1.046554e+03 1.045766e+03
15.9 1.043043e+03 1.043482e+03 1.045315e+03 1.044876e+03
16.9 1.029204e+03 1.039659e+03 1.041524e+03 1.031069e+03
17.9 1.054746e+03 1.039137e+03 1.041063e+03 1.056672e+03
18.9 1.047717e+03 1.041222e+03 1.043199e+03 1.049694e+03
19.9 1.056158e+03 1.043332e+03 1.045341e+03 1.058167e+03
20.9 1.058930e+03 1.044652e+03 1.046679e+03 1.060957e+03
0.7 1.034384e+03 1.045100e+03 1.047756e+03 1.037040e+03
1.7 1.064957e+03 1.042607e+03 1.045480e+03 1.067831e+03
2.7 1.042415e+03 1.038606e+03 1.041310e+03 1.045119e+03
3.7 1.045799e+03 1.038466e+03 1.040877e+03 1.048210e+03
4.7 1.042797e+03 1.040859e+03 1.043043e+03 1.044981e+03
5.7 1.049470e+03 1.043179e+03 1.045203e+03 1.051494e+03
6.7 1.043876e+03 1.044665e+03 1.046554e+03 1.045766e+03
7.7 1.043043e+03 1.043482e+03 1.045315e+03 1.044876e+03
8.7 1.029204e+03 1.039659e+03 1.041524e+03 1.031069e+03
9.7 1.054746e+03 1.039137e+03 1.041063e+03 1.056672e+03
10.7 1.047717e+03 1.041222e+03 1.043199e+03 1.049694e+03
11.7 1.056158e+03 1.043332e+03 1.045341e+03 1.058167e+03
12.7 1.058930e+03 1.044652e+03 1.046679e+03 1.060957e+03
13.7 1.058496e+03 1.045331e+03 1.047365e+03 1.060531e+03
14.7 1.047279e+03 1.045758e+03 1.047638e+03 1.049159e+03
15.7 1.052065e+03 1.046965e+03 1.047656e+03 1.052756e+03
16.7 1.061144e+03 1.048775e+03 1.047539e+03 1.059908e+03
17.7 1.067643e+03 1.048244e+03 1.046152e+03 1.065551e+03
18.7 1.039454e+03 1.043096e+03 1.041810e+03 1.038168e+03
19.7 1.031086e+03 1.041393e+03 1.040358e+03 1.030052e+03
20.7 1.044014e+03 1.044463e+03 1.042249e+03 1.041799e+03
0.6 1.043876e+03 1.044665e+03 1.046554e+03 1.045766e+03
1.6 1.043043e+03 1.043482e+03 1.045315e+03 1.044876e+03
2.6 1.029204e+03 1.039659e+03 1.041524e+03 1.031069e+03
3.6 1.054746e+03 1.039137e+03 1.041063e+03 1.056672e+03
4.6 1.047717e+03 1.041222e+03 1.043199e+03 1.049694e+03
5.6 1.056158e+03 1.043332e+03 1.045341e+03 1.058167e+03
6.6 1.058930e+03 1.044652e+03 1.046679e+03 1.060957e+03
7.6 1.058496e+03 1.045331e+03 1.047365e+03 1.060531e+03
8.6 1.047279e+03 1.045758e+03 1.047638e+03 1.049159e+03
9.6 1.052065e+03 1.046965e+03 1.047656e+03 1.052756e+03
10.6 1.061144e+03 1.048775e+03 1.047539e+03 1.059908e+03
11.6 1.067643e+03 1.048244e+03 1.046152e+03 1.065551e+03
12.6 1.039454e+03 1.043096e+03 1.041810e+03 1.038168e+03
13.6 1.031086e+03 1.041393e+03 1.040358e+03 1.030052e+03
14.6 1.044014e+03 1.044463e+03 1.042249e+03 1.041799e+03
15.6 1.046580e+03 1.047475e+03 1.044621e+03 1.043726e+03
16.6 1.054625e+03 1.047878e+03 1.046243e+03 1.052991e+03
17.6 1.059281e+03 1.047911e+03 1.047134e+03 1.058505e+03
18.6 1.057534e+03 1.047586e+03 1.046654e+03 1.056603e+03
19.6 1.039036e+03 1.042913e+03 1.042628e+03 1.038751e+03
20.6 1.039047e+03 1.039805e+03 1.040698e+03 1.039940e+03
0.4 1.061144e+03 1.048775e+03 1.047539e+03 1.059908e+03
1.4 1.067643e+03 1.048244e+03 1.046152e+03 1.065551e+03
2.4 1.039454e+03 1.043096e+03 1.041810e+03 1.038168e+03
3.4 1.031086e+03 1.041393e+03 1.040358e+03 1.030052e+03
4.4 1.044014e+03 1.044463e+03 1.042249e+03 1.041799e+03
5.4 1.046580e+03 1.047475e+03 1.044621e+03 1.043726e+03
6.4 1.054625e+03 1.047878e+03 1.046243e+03 1.052991e+03
7.4 1.059281e+03 1.047911e+03 1.047134e+03 1.058505e+03
8.4 1.057534e+03 1.047586e+03 1.046654e+03 1.056603e+03
9.4 1.039036e+03 1.042913e+03 1.042628e+03 1.038751e+03
10.4 1.039047e+03 1.039805e+03 1.040698e+03 1.039940e+03
11.4 1.019435e+03 1.040512e+03 1.042283e+03 1.021207e+03
12.4 1.036838e+03 1.042304e+03 1.044597e+03 1.039132e+03
13.4 1.036864e+03 1.043666e+03 1.046228e+03 1.039426e+03
14.4 1.030351e+03 1.044545e+03 1.047130e+03 1.032937e+03
15.4 1.054104e+03 1.044906e+03 1.047544e+03 1.056741e+03
16.4 1.034552e+03 1.044640e+03 1.047644e+03 1.037557e+03
17.4 1.047950e+03 1.042928e+03 1.046144e+03 1.051167e+03
18.4 1.027596e+03 1.038841e+03 1.041795e+03 1.030550e+03
19.4 1.034332e+03 1.038416e+03 1.040546e+03 1.036463e+03
20.4 1.057838e+03 1.041952e+03 1.042483e+03 1.058369e+03
0.3 1.059281e+03 1.047911e+03 1.047134e+03 1.058505e+03
1.3 1.057534e+03 1.047586e+03 1.046654e+03 1.056603e+03
2.3 1.039036e+03 1.042913e+03 1.042628e+03 1.038751e+03
3.3 1.039047e+03 1.039805e+03 1.040698e+03 1.039940e+03
4.3 1.019435e+03 1.040512e+03 1.042283e+03 1.021207e+03
5.3 1.036838e+03 1.042304e+03 1.044597e+03 1.039132e+03
6.3 1.036864e+03 1.043666e+03 1.046228e+03 1.039426e+03
7.3 1.030351e+03 1.044545e+03 1.047130e+03 1.032937e+03
8.3 1.054104e+03 1.044906e+03 1.047544e+03 1.056741e+03
9.3 1.034552e+03 1.044640e+03 1.047644e+03 1.037557e+03
10.3 1.047950e+03 1.042928e+03 1.046144e+03 1.051167e+03
11.3 1.027596e+03 1.038841e+03 1.041795e+03 1.030550e+03
12.3 1.034332e+03 1.038416e+03 1.040546e+03 1.036463e+03
13.3 1.057838e+03 1.041952e+03 1.042483e+03 1.058369e+03
14.3 1.057194e+03 1.044898e+03 1.044789e+03 1.057084e+03
15.3 1.054699e+03 1.045988e+03 1.046338e+03 1.055049e+03
16.3 1.049075e+03 1.047064e+03 1.047181e+03 1.049191e+03
17.3 1.046181e+03 1.047967e+03 1.047555e+03 1.045769e+03
18.3 1.044619e+03 1.047498e+03 1.047634e+03 1.044756e+03
19.3 1.065069e+03 1.046454e+03 1.047548e+03 1.066163e+03
20.3 1.058593e+03 1.045621e+03 1.047401e+03 1.060373e+03
0.5 1.034552e+03 1.044640e+03 1.047644e+03 1.037557e+03
1.5 1.047950e+03 1.042928e+03 1.046144e+03 1.051167e+03
2.5 1.027596e+03 1.038841e+03 1.041795e+03 1.030550e+03
3.5 1.034332e+03 1.038416e+03 1.040546e+03 1.036463e+03
4.5 1.057838e+03 1.041952e+03 1.042483e+03 1.058369e+03
5.5 1.057194e+03 1.044898e+03 1.044789e+03 1.057084e+03
6.5 1.054699e+03 1.045988e+03 1.046338e+03 1.055049e+03
7.5 1.049075e+03 1.047064e+03 1.047181e+03 1.049191e+03
8.5 1.046181e+03 1.047967e+03 1.047555e+03 1.045769e+03
9.5 1.044619e+03 1.047498e+03 1.047634e+03 1.044756e+03
10.5 1.065069e+03 1.046454e+03 1.047548e+03 1.066163e+03
11.5 1.058593e+03 1.045621e+03 1.047401e+03 1.060373e+03
12.5 1.051041e+03 1.045129e+03 1.047261e+03 1.053174e+03
13.5 1.058553e+03 1.044886e+03 1.047157e+03 1.060824e+03
14.5 1.060935e+03 1.044799e+03 1.047091e+03 1.063228e+03
15.5 1.053434e+03 1.044801e+03 1.047054e+03 1.055687e+03
16.5 1.049782e+03 1.044931e+03 1.047034e+03 1.051885e+03
17.5 1.040727e+03 1.047225e+03 1.047025e+03 1.040527e+03
18.5 1.042190e+03 1.053106e+03 1.047021e+03 1.036104e+03
19.5 1.043215e+03 1.057647e+03 1.046686e+03 1.032255e+03
20.5 1.064364e+03 1.053015e+03 1.043120e+03 1.054470e+03
1.0 1.043215e+03 1.057647e+03 1.046686e+03 1.032255e+03
2.0 1.064364e+03 1.053015e+03 1.043120e+03 1.054470e+03
3.0 1.065217e+03 1.045570e+03 1.040205e+03 1.059852e+03
4.0 1.050028e+03 1.042545e+03 1.041271e+03 1.048754e+03
5.0 1.056472e+03 1.042199e+03 1.043470e+03 1.057742e+03
6.0 1.044458e+03 1.039344e+03 1.041951e+03 1.047065e+03
7.0 1.047567e+03 1.036919e+03 1.040073e+03 1.050721e+03
8.0 1.041782e+03 1.038415e+03 1.041617e+03 1.044983e+03
9.0 1.055489e+03 1.041310e+03 1.044298e+03 1.058478e+03
10.0 1.048577e+03 1.043497e+03 1.046253e+03 1.051334e+03
11.0 1.047360e+03 1.044416e+03 1.047267e+03 1.050212e+03
12.0 1.058140e+03 1.042778e+03 1.045736e+03 1.061098e+03
13.0 1.056576e+03 1.038974e+03 1.041729e+03 1.059331e+03
14.0 1.061240e+03 1.038490e+03 1.041130e+03 1.063880e+03
15.0 1.052928e+03 1.039860e+03 1.042659e+03 1.055728e+03
16.0 1.024405e+03 1.038173e+03 1.040906e+03 1.027138e+03
17.0 1.031547e+03 1.037335e+03 1.039784e+03 1.033996e+03
18.0 1.017840e+03 1.039679e+03 1.041867e+03 1.020028e+03
19.0 1.032440e+03 1.042538e+03 1.044636e+03 1.034537e+03
20.0 1.033400e+03 1.044100e+03 1.046486e+03 1.035786e+03
21.0 1.030072e+03 1.042619e+03 1.045251e+03 1.032705e+03
1.0 1.056472e+03 1.042199e+03 1.043470e+03 1.057742e+03
2.0 1.044458e+03 1.039344e+03 1.041951e+03 1.047065e+03
3.0 1.047567e+03 1.036919e+03 1.040073e+03 1.050721e+03
4.0 1.041782e+03 1.038415e+03 1.041617e+03 1.044983e+03
5.0 1.055489e+03 1.041310e+03 1.044298e+03 1.058478e+03
6.0 1.048577e+03 1.043497e+03 1.046253e+03 1.051334e+03
7.0 1.047360e+03 1.044416e+03 1.047267e+03 1.050212e+03
8.0 1.058140e+03 1.042778e+03 1.045736e+03 1.061098e+03
9.0 1.056576e+03 1.038974e+03 1.041729e+03 1.059331e+03
10.0 1.061240e+03 1.038490e+03 1.041130e+03 1.063880e+03
11.0 1.052928e+03 1.039860e+03 1.042659e+03 1.055728e+03
12.0 1.024405e+03 1.038173e+03 1.040906e+03 1.027138e+03
13.0 1.031547e+03 1.037335e+03 1.039784e+03 1.033996e+03
14.0 1.017840e+03 1.039679e+03 1.041867e+03 1.020028e+03
15.0 1.032440e+03 1.042538e+03 1.044636e+03 1.034537e+03
16.0 1.033400e+03 1.044100e+03 1.046486e+03 1.035786e+03
17.0 1.030072e+03 1.042619e+03 1.045251e+03 1.032705e+03
18.0 1.028618e+03 1.039087e+03 1.041612e+03 1.031143e+03
19.0 1.033520e+03 1.039504e+03 1.041377e+03 1.035393e+03
20.0 1.035687e+03 1.045473e+03 1.043536e+03 1.033750e+03
21.0 1.046983e+03 1.052986e+03 1.045590e+03 1.039587e+03
0.6 1.047360e+03 1.044416e+03 1.047267e+03 1.050212e+03
1.6 1.058140e+03 1.042778e+03 1.045736e+03 1.061098e+03
2.6 1.056576e+03 1.038974e+03 1.041729e+03 1.059331e+03
3.6 1.061240e+03 1.038490e+03 1.041130e+03 1.063880e+03
4.6 1.052928e+03 1.039860e+03 1.042659e+03 1.055728e+03
5.6 1.024405e+03 1.038173e+03 1.040906e+03 1.027138e+03
6.6 1.031547e+03 1.037335e+03 1.039784e+03 1.033996e+03
7.6 1.017840e+03 1.039679e+03 1.041867e+03 1.020028e+03
8.6 1.032440e+03 1.042538e+03 1.044636e+03 1.034537e+03
9.6 1.033400e+03 1.044100e+03 1.046486e+03 1.035786e+03
10.6 1.030072e+03 1.042619e+03 1.045251e+03 1.032705e+03
11.6 1.028618e+03 1.039087e+03 1.041612e+03 1.031143e+03
12.6 1.033520e+03 1.039504e+03 1.041377e+03 1.035393e+03
13.6 1.035687e+03 1.045473e+03 1.043536e+03 1.033750e+03
14.6 1.046983e+03 1.052986e+03 1.045590e+03 1.039587e+03
15.6 1.058167e+03 1.054939e+03 1.046836e+03 1.050064e+03
16.6 1.058547e+03 1.052214e+03 1.047453e+03 1.053787e+03
17.6 1.048429e+03 1.048922e+03 1.047680e+03 1.047188e+03
18.6 1.060215e+03 1.048301e+03 1.047671e+03 1.059585e+03
19.6 1.047901e+03 1.052415e+03 1.047541e+03 1.043027e+03
20.6 1.062300e+03 1.057073e+03 1.047243e+03 1.052470e+03
0.1 1.061240e+03 1.038490e+03 1.041130e+03 1.063880e+03
1.1 1.052928e+03 1.039860e+03 1.042659e+03 1.055728e+03
2.1 1.024405e+03 1.038173e+03 1.040906e+03 1.027138e+03
3.1 1.031547e+03 1.037335e+03 1.039784e+03 1.033996e+03
4.1 1.017840e+03 1.039679e+03 1.041867e+03 1.020028e+03
5.1 1.032440e+03 1.042538e+03 1.044636e+03 1.034537e+03
6.1 1.033400e+03 1.044100e+03 1.046486e+03 1.035786e+03
7.1 1.030072e+03 1.042619e+03 1.045251e+03 1.032705e+03
8.1 1.028618e+03 1.039087e+03 1.041612e+03 1.031143e+03
9.1 1.033520e+03 1.039504e+03 1.041377e+03 1.035393e+03
10.1 1.035687e+03 1.045473e+03 1.043536e+03 1.033750e+03
11.1 1.046983e+03 1.052986e+03 1.045590e+03 1.039587e+03
12.1 1.058167e+03 1.054939e+03 1.046836e+03 1.050064e+03
13.1 1.058547e+03 1.052214e+03 1.047453e+03 1.053787e+03
14.1 1.048429e+03 1.048922e+03 1.047680e+03 1.047188e+03
15.1 1.060215e+03 1.048301e+03 1.047671e+03 1.059585e+03
16.1 1.047901e+03 1.052415e+03 1.047541e+03 1.043027e+03
17.1 1.062300e+03 1.057073e+03 1.047243e+03 1.052470e+03
18.1 1.066811e+03 1.053758e+03 1.044129e+03 1.057182e+03
19.1 1.062000e+03 1.046441e+03 1.040522e+03 1.056081e+03
20.1 1.054298e+03 1.044351e+03 1.040965e+03 1.050912e+03
0.7 1.033400e+03 1.044100e+03 1.046486e+03 1.035786e+03
1.7 1.030072e+03 1.042619e+03 1.045251e+03 1.032705e+03
2.7 1.028618e+03 1.039087e+03 1.041612e+03 1.031143e+03
3.7 1.033520e+03 1.039504e+03 1.041377e+03 1.035393e+03
4.7 1.035687e+03 1.045473e+03 1.043536e+03 1.033750e+03
5.7 1.046983e+03 1.052986e+03 1.045590e+03 1.039587e+03
6.7 1.058167e+03 1.054939e+03 1.046836e+03 1.050064e+03
7.7 1.058547e+03 1.052214e+03 1.047453e+03 1.053787e+03
8.7 1.048429e+03 1.048922e+03 1.047680e+03 1.047188e+03
9.7 1.060215e+03 1.048301e+03 1.047671e+03 1.059585e+03
10.7 1.047901e+03 1.052415e+03 1.047541e+03 1.043027e+03
11.7 1.062300e+03 1.057073e+03 1.047243e+03 1.052470e+03
12.7 1.066811e+03 1.053758e+03 1.044129e+03 1.057182e+03
13.7 1.062000e+03 1.046441e+03 1.040522e+03 1.056081e+03
14.7 1.054298e+03 1.044351e+03 1.040965e+03 1.050912e+03
15.7 1.037741e+03 1.045636e+03 1.043239e+03 1.035344e+03
16.7 1.022138e+03 1.043363e+03 1.042347e+03 1.021122e+03
17.7 1.017378e+03 1.039287e+03 1.040101e+03 1.018192e+03
18.7 1.020764e+03 1.039087e+03 1.041248e+03 1.022925e+03
19.7 1.037686e+03 1.041147e+03 1.043937e+03 1.040477e+03
20.7 1.052262e+03 1.043103e+03 1.046039e+03 1.055197e+03
0.9 1.062300e+03 1.057073e+03 1.047243e+03 1.052470e+03
1.9 1.066811e+03 1.053758e+03 1.044129e+03 1.057182e+03
2.9 1.062000e+03 1.046441e+03 1.040522e+03 1.056081e+03
3.9 1.054298e+03 1.044351e+03 1.040965e+03 1.050912e+03
4.9 1.037741e+03 1.045636e+03 1.043239e+03 1.035344e+03
5.9 1.022138e+03 1.043363e+03 1.042347e+03 1.021122e+03
6.9 1.017378e+03 1.039287e+03 1.040101e+03 1.018192e+03
7.9 1.020764e+03 1.039087e+03 1.041248e+03 1.022925e+03
8.9 1.037686e+03 1.041147e+03 1.043937e+03 1.040477e+03
9.9 1.052262e+03 1.043103e+03 1.046039e+03 1.055197e+03
10.9 1.037338e+03 1.044357e+03 1.047189e+03 1.040170e+03
11.9 1.034551e+03 1.045093e+03 1.047686e+03 1.037144e+03
12.9 1.050972e+03 1.044865e+03 1.047208e+03 1.053314e+03
13.9 1.053539e+03 1.041000e+03 1.043188e+03 1.055728e+03
14.9 1.055106e+03 1.038557e+03 1.040674e+03 1.057223e+03
15.9 1.049883e+03 1.039875e+03 1.041959e+03 1.051967e+03
16.9 1.067750e+03 1.042236e+03 1.044302e+03 1.069816e+03
17.9 1.052047e+03 1.044003e+03 1.046042e+03 1.054087e+03
18.9 1.044908e+03 1.045061e+03 1.047031e+03 1.046878e+03
19.9 1.045521e+03 1.045567e+03 1.047502e+03 1.047455e+03
20.9 1.043179e+03 1.045601e+03 1.047641e+03 1.045219e+03
0.9 1.037741e+03 1.045636e+03 1.043239e+03 1.035344e+03
1.9 1.022138e+03 1.043363e+03 1.042347e+03 1.021122e+03
2.9 1.017378e+03 1.039287e+03 1.040101e+03 1.018192e+03
3.9 1.020764e+03 1.039087e+03 1.041248e+03 1.022925e+03
4.9 1.037686e+03 1.041147e+03 1.043937e+03 1.040477e+03
5.9 1.052262e+03 1.043103e+03 1.046039e+03 1.055197e+03
6.9 1.037338e+03 1.044357e+03 1.047189e+03 1.040170e+03
7.9 1.034551e+03 1.045093e+03 1.047686e+03 1.037144e+03
8.9 1.050972e+03 1.044865e+03 1.047208e+03 1.053314e+03
9.9 1.053539e+03 1.041000e+03 1.043188e+03 1.055728e+03
10.9 1.055106e+03 1.038557e+03 1.040674e+03 1.057223e+03
11.9 1.049883e+03 1.039875e+03 1.041959e+03 1.051967e+03
12.9 1.067750e+03 1.042236e+03 1.044302e+03 1.069816e+03
13.9 1.052047e+03 1.044003e+03 1.046042e+03 1.054087e+03
14.9 1.044908e+03 1.045061e+03 1.047031e+03 1.046878e+03
15.9 1.045521e+03 1.045567e+03 1.047502e+03 1.047455e+03
16.9 1.043179e+03 1.045601e+03 1.047641e+03 1.045219e+03
17.9 1.043414e+03 1.045373e+03 1.047586e+03 1.045627e+03
18.9 1.049188e+03 1.044799e+03 1.047446e+03 1.051834e+03
19.9 1.039677e+03 1.043638e+03 1.046701e+03 1.042740e+03
20.9 1.051913e+03 1.039672e+03 1.042653e+03 1.054894e+03
0.2 1.034551e+03 1.045093e+03 1.047686e+03 1.037144e+03
1.2 1.050972e+03 1.044865e+03 1.047208e+03 1.053314e+03
2.2 1.053539e+03 1.041000e+03 1.043188e+03 1.055728e+03
3.2 1.055106e+03 1.038557e+03 1.040674e+03 1.057223e+03
4.2 1.049883e+03 1.039875e+03 1.041959e+03 1.051967e+03
5.2 1.067750e+03 1.042236e+03 1.044302e+03 1.069816e+03
6.2 1.052047e+03 1.044003e+03 1.046042e+03 1.054087e+03
7.2 1.044908e+03 1.045061e+03 1.047031e+03 1.046878e+03
8.2 1.045521e+03 1.045567e+03 1.047502e+03 1.047455e+03
9.2 1.043179e+03 1.045601e+03 1.047641e+03 1.045219e+03
10.2 1.043414e+03 1.045373e+03 1.047586e+03 1.045627e+03
11.2 1.049188e+03 1.044799e+03 1.047446e+03 1.051834e+03
12.2 1.039677e+03 1.043638e+03 1.046701e+03 1.042740e+03
13.2 1.051913e+03 1.039672e+03 1.042653e+03 1.054894e+03
14.2 1.035267e+03 1.037641e+03 1.040235e+03 1.037862e+03
15.2 1.041585e+03 1.040822e+03 1.041653e+03 1.042416e+03
16.2 1.055354e+03 1.048719e+03 1.044113e+03 1.050748e+03
17.2 1.068047e+03 1.056238e+03 1.045841e+03 1.057650e+03
18.2 1.069457e+03 1.054861e+03 1.044126e+03 1.058721e+03
19.2 1.066097e+03 1.047519e+03 1.040951e+03 1.059529e+03
20.2 1.059565e+03 1.044244e+03 1.041400e+03 1.056722e+03
0.2 1.049188e+03 1.044799e+03 1.047446e+03 1.051834e+03
1.2 1.039677e+03 1.043638e+03 1.046701e+03 1.042740e+03
2.2 1.051913e+03 1.039672e+03 1.042653e+03 1.054894e+03
3.2 1.035267e+03 1.037641e+03 1.040235e+03 1.037862e+03
4.2 1.041585e+03 1.040822e+03 1.041653e+03 1.042416e+03
5.2 1.055354e+03 1.048719e+03 1.044113e+03 1.050748e+03
6.2 1.068047e+03 1.056238e+03 1.045841e+03 1.057650e+03
7.2 1.069457e+03 1.054861e+03 1.044126e+03 1.058721e+03
8.2 1.066097e+03 1.047519e+03 1.040951e+03 1.059529e+03
9.2 1.059565e+03 1.044244e+03 1.041400e+03 1.056722e+03
10.2 1.060072e+03 1.045619e+03 1.043755e+03 1.058208e+03
11.2 1.057341e+03 1.045400e+03 1.044022e+03 1.055964e+03
12.2 1.039596e+03 1.040954e+03 1.041036e+03 1.039678e+03
13.2 1.034472e+03 1.039143e+03 1.040861e+03 1.036190e+03
14.2 1.037931e+03 1.039951e+03 1.042930e+03 1.040910e+03
15.2 1.026348e+03 1.038325e+03 1.041749e+03 1.029772e+03
16.2 1.033176e+03 1.036813e+03 1.040107e+03 1.036470e+03
17.2 1.045402e+03 1.038444e+03 1.041740e+03 1.048698e+03
18.2 1.044545e+03 1.040713e+03 1.044193e+03 1.048024e+03
19.2 1.054138e+03 1.039471e+03 1.042762e+03 1.057429e+03
20.2 1.041978e+03 1.037839e+03 1.040651e+03 1.044790e+03
0.8 1.068047e+03 1.056238e+03 1.045841e+03 1.057650e+03
1.8 1.069457e+03 1.054861e+03 1.044126e+03 1.058721e+03
2.8 1.066097e+03 1.047519e+03 1.040951e+03 1.059529e+03
3.8 1.059565e+03 1.044244e+03 1.041400e+03 1.056722e+03
4.8 1.060072e+03 1.045619e+03 1.043755e+03 1.058208e+03
5.8 1.057341e+03 1.045400e+03 1.044022e+03 1.055964e+03
6.8 1.039596e+03 1.040954e+03 1.041036e+03 1.039678e+03
7.8 1.034472e+03 1.039143e+03 1.040861e+03 1.036190e+03
8.8 1.037931e+03 1.039951e+03 1.042930e+03 1.040910e+03
9.8 1.026348e+03 1.038325e+03 1.041749e+03 1.029772e+03
10.8 1.033176e+03 1.036813e+03 1.040107e+03 1.036470e+03
11.8 1.045402e+03 1.038444e+03 1.041740e+03 1.048698e+03
12.8 1.044545e+03 1.040713e+03 1.044193e+03 1.048024e+03
13.8 1.054138e+03 1.039471e+03 1.042762e+03 1.057429e+03
14.8 1.041978e+03 1.037839e+03 1.040651e+03 1.044790e+03
15.8 1.044721e+03 1.039559e+03 1.041940e+03 1.047102e+03
16.8 1.047216e+03 1.042446e+03 1.044473e+03 1.049243e+03
17.8 1.060618e+03 1.045579e+03 1.046348e+03 1.061388e+03
18.8 1.061054e+03 1.048893e+03 1.047339e+03 1.059499e+03
19.8 1.043595e+03 1.049989e+03 1.047013e+03 1.040619e+03
20.8 1.060325e+03 1.045210e+03 1.043044e+03 1.058159e+03
0.5 1.060072e+03 1.045619e+03 1.043755e+03 1.058208e+03
1.5 1.057341e+03 1.045400e+03 1.044022e+03 1.055964e+03
2.5 1.039596e+03 1.040954e+03 1.041036e+03 1.039678e+03
3.5 1.034472e+03 1.039143e+03 1.040861e+03 1.036190e+03
4.5 1.037931e+03 1.039951e+03 1.042930e+03 1.040910e+03
5.5 1.026348e+03 1.038325e+03 1.041749e+03 1.029772e+03
6.5 1.033176e+03 1.036813e+03 1.040107e+03 1.036470e+03
7.5 1.045402e+03 1.038444e+03 1.041740e+03 1.048698e+03
8.5 1.044545e+03 1.040713e+03 1.044193e+03 1.048024e+03
9.5 1.054138e+03 1.039471e+03 1.042762e+03 1.057429e+03
10.5 1.041978e+03 1.037839e+03 1.040651e+03 1.044790e+03
11.5 1.044721e+03 1.039559e+03 1.041940e+03 1.047102e+03
12.5 1.047216e+03 1.042446e+03 1.044473e+03 1.049243e+03
13.5 1.060618e+03 1.045579e+03 1.046348e+03 1.061388e+03
14.5 1.061054e+03 1.048893e+03 1.047339e+03 1.059499e+03
15.5 1.043595e+03 1.049989e+03 1.047013e+03 1.040619e+03
16.5 1.060325e+03 1.045210e+03 1.043044e+03 1.058159e+03
17.5 1.045067e+03 1.041275e+03 1.040835e+03 1.044627e+03
18.5 1.034118e+03 1.040245e+03 1.041207e+03 1.035081e+03
19.5 1.032213e+03 1.037494e+03 1.039327e+03 1.034045e+03
20.5 1.036934e+03 1.037086e+03 1.039375e+03 1.039223e+03
1.0 1.037931e+03 1.039951e+03 1.042930e+03 1.040910e+03
2.0 1.026348e+03 1.038325e+03 1.041749e+03 1.029772e+03
3.0 1.033176e+03 1.036813e+03 1.040107e+03 1.036470e+03
4.0 1.045402e+03 1.038444e+03 1.041740e+03 1.048698e+03
5.0 1.044545e+03 1.040713e+03 1.044193e+03 1.048024e+03
6.0 1.054138e+03 1.039471e+03 1.042762e+03 1.057429e+03
7.0 1.041978e+03 1.037839e+03 1.040651e+03 1.044790e+03
8.0 1.044721e+03 1.039559e+03 1.041940e+03 1.047102e+03
9.0 1.047216e+03 1.042446e+03 1.044473e+03 1.049243e+03
10.0 1.060618e+03 1.045579e+03 1.046348e+03 1.061388e+03
11.0 1.061054e+03 1.048893e+03 1.047339e+03 1.059499e+03
12.0 1.043595e+03 1.049989e+03 1.047013e+03 1.040619e+03
13.0 1.060325e+03 1.045210e+03 1.043044e+03 1.058159e+03
14.0 1.045067e+03 1.041275e+03 1.040835e+03 1.044627e+03
15.0 1.034118e+03 1.040245e+03 1.041207e+03 1.035081e+03
16.0 1.032213e+03 1.037494e+03 1.039327e+03 1.034045e+03
17.0 1.036934e+03 1.037086e+03 1.039375e+03 1.039223e+03
18.0 1.051282e+03 1.039679e+03 1.042139e+03 1.053742e+03
19.0 1.040843e+03 1.042574e+03 1.044995e+03 1.043264e+03
20.0 1.046158e+03 1.045289e+03 1.046795e+03 1.047663e+03
21.0 1.050208e+03 1.048413e+03 1.047659e+03 1.049455e+03
1.0 1.044545e+03 1.040713e+03 1.044193e+03 1.048024e+03
2.0 1.054138e+03 1.039471e+03 1.042762e+03 1.057429e+03
3.0 1.041978e+03 1.037839e+03 1.040651e+03 1.044790e+03
4.0 1.044721e+03 1.039559e+03 1.041940e+03 1.047102e+03
5.0 1.047216e+03 1.042446e+03 1.044473e+03 1.049243e+03
6.0 1.060618e+03 1.045579e+03 1.046348e+03 1.061388e+03
7.0 1.061054e+03 1.048893e+03 1.047339e+03 1.059499e+03
8.0 1.043595e+03 1.049989e+03 1.047013e+03 1.040619e+03
9.0 1.060325e+03 1.045210e+03 1.043044e+03 1.058159e+03
10.0 1.045067e+03 1.041275e+03 1.040835e+03 1.044627e+03
11.0 1.034118e+03 1.040245e+03 1.041207e+03 1.035081e+03
12.0 1.032213e+03 1.037494e+03 1.039327e+03 1.034045e+03
13.0 1.036934e+03 1.037086e+03 1.039375e+03 1.039223e+03
14.0 1.051282e+03 1.039679e+03 1.042139e+03 1.053742e+03
15.0 1.040843e+03 1.042574e+03 1.044995e+03 1.043264e+03
16.0 1.046158e+03 1.045289e+03 1.046795e+03 1.047663e+03
17.0 1.050208e+03 1.048413e+03 1.047659e+03 1.049455e+03
18.0 1.058639e+03 1.050240e+03 1.047610e+03 1.056009e+03
19.0 1.051742e+03 1.046300e+03 1.044008e+03 1.049450e+03
20.0 1.053313e+03 1.041556e+03 1.040908e+03 1.052665e+03
0.2 1.061054e+03 1.048893e+03 1.047339e+03 1.059499e+03
1.2 1.043595e+03 1.049989e+03 1.047013e+03 1.040619e+03
2.2 1.060325e+03 1.045210e+03 1.043044e+03 1.058159e+03
3.2 1.045067e+03 1.041275e+03 1.040835e+03 1.044627e+03
4.2 1.034118e+03 1.040245e+03 1.041207e+03 1.035081e+03
5.2 1.032213e+03 1.037494e+03 1.039327e+03 1.034045e+03
6.2 1.036934e+03 1.037086e+03 1.039375e+03 1.039223e+03
7.2 1.051282e+03 1.039679e+03 1.042139e+03 1.053742e+03
8.2 1.040843e+03 1.042574e+03 1.044995e+03 1.043264e+03
9.2 1.046158e+03 1.045289e+03 1.046795e+03 1.047663e+03
10.2 1.050208e+03 1.048413e+03 1.047659e+03 1.049455e+03
11.2 1.058639e+03 1.050240e+03 1.047610e+03 1.056009e+03
12.2 1.051742e+03 1.046300e+03 1.044008e+03 1.049450e+03
13.2 1.053313e+03 1.041556e+03 1.040908e+03 1.052665e+03
0.4 1.045067e+03 1.041275e+03 1.040835e+03 1.044627e+03
1.4 1.034118e+03 1.040245e+03 1.041207e+03 1.035081e+03
2.4 1.032213e+03 1.037494e+03 1.039327e+03 1.034045e+03
3.4 1.036934e+03 1.037086e+03 1.039375e+03 1.039223e+03
4.4 1.051282e+03 1.039679e+03 1.042139e+03 1.053742e+03
5.4 1.040843e+03 1.042574e+03 1.044995e+03 1.043264e+03
6.4 1.046158e+03 1.045289e+03 1.046795e+03 1.047663e+03
7.4 1.050208e+03 1.048413e+03 1.047659e+03 1.049455e+03
8.4 1.058639e+03 1.050240e+03 1.047610e+03 1.056009e+03
9.4 1.051742e+03 1.046300e+03 1.044008e+03 1.049450e+03
10.4 1.053313e+03 1.041556e+03 1.040908e+03 1.052665e+03
1.0 1.058639e+03 1.050240e+03 1.047610e+03 1.056009e+03
2.0 1.051742e+03 1.046300e+03 1.044008e+03 1.049450e+03
3.0 1.053313e+03 1.041556e+03 1.040908e+03 1.052665e+03
