0.7 9.474745e+03 9.460772e+03 9.455299e+03 9.469271e+03
1.7 9.479270e+03 9.465176e+03 9.458225e+03 9.472319e+03
2.7 9.463193e+03 9.472964e+03 9.467256e+03 9.457485e+03
3.7 9.458716e+03 9.474822e+03 9.473159e+03 9.457053e+03
4.7 9.461567e+03 9.462884e+03 9.470069e+03 9.468751e+03
5.7 9.479456e+03 9.455732e+03 9.465772e+03 9.489496e+03
6.7 9.475007e+03 9.460696e+03 9.467788e+03 9.482100e+03
7.7 9.462403e+03 9.459348e+03 9.467962e+03 9.471016e+03
8.7 9.452000e+03 9.451427e+03 9.463430e+03 9.464002e+03
9.7 9.483178e+03 9.449379e+03 9.458510e+03 9.492309e+03
10.7 9.530150e+03 9.456109e+03 9.455422e+03 9.529462e+03
11.7 9.501160e+03 9.471422e+03 9.453988e+03 9.483726e+03
12.7 9.470651e+03 9.477626e+03 9.453549e+03 9.446574e+03
13.7 9.448186e+03 9.466132e+03 9.453639e+03 9.435694e+03
14.7 9.443111e+03 9.456506e+03 9.453972e+03 9.440576e+03
15.7 9.474927e+03 9.459666e+03 9.454358e+03 9.469619e+03
16.7 9.501073e+03 9.467912e+03 9.454689e+03 9.487850e+03
17.7 9.460221e+03 9.461840e+03 9.454927e+03 9.453308e+03
18.7 9.439057e+03 9.455889e+03 9.455075e+03 9.438243e+03
19.7 9.464961e+03 9.465296e+03 9.455159e+03 9.454823e+03
20.7 9.473638e+03 9.475654e+03 9.455202e+03 9.453185e+03
21.7 9.451237e+03 9.468025e+03 9.455628e+03 9.438840e+03
0.6 9.461567e+03 9.462884e+03 9.470069e+03 9.468751e+03
1.6 9.479456e+03 9.455732e+03 9.465772e+03 9.489496e+03
2.6 9.475007e+03 9.460696e+03 9.467788e+03 9.482100e+03
3.6 9.462403e+03 9.459348e+03 9.467962e+03 9.471016e+03
4.6 9.452000e+03 9.451427e+03 9.463430e+03 9.464002e+03
5.6 9.483178e+03 9.449379e+03 9.458510e+03 9.492309e+03
6.6 9.530150e+03 9.456109e+03 9.455422e+03 9.529462e+03
7.6 9.501160e+03 9.471422e+03 9.453988e+03 9.483726e+03
8.6 9.470651e+03 9.477626e+03 9.453549e+03 9.446574e+03
9.6 9.448186e+03 9.466132e+03 9.453639e+03 9.435694e+03
10.6 9.443111e+03 9.456506e+03 9.453972e+03 9.440576e+03
11.6 9.474927e+03 9.459666e+03 9.454358e+03 9.469619e+03
12.6 9.501073e+03 9.467912e+03 9.454689e+03 9.487850e+03
13.6 9.460221e+03 9.461840e+03 9.454927e+03 9.453308e+03
14.6 9.439057e+03 9.455889e+03 9.455075e+03 9.438243e+03
15.6 9.464961e+03 9.465296e+03 9.455159e+03 9.454823e+03
16.6 9.473638e+03 9.475654e+03 9.455202e+03 9.453185e+03
17.6 9.451237e+03 9.468025e+03 9.455628e+03 9.438840e+03
18.6 9.444264e+03 9.462053e+03 9.460827e+03 9.443038e+03
19.6 9.462669e+03 9.468756e+03 9.471331e+03 9.465244e+03
20.6 9.457465e+03 9.474284e+03 9.477881e+03 9.461062e+03
21.6 9.425664e+03 9.464165e+03 9.474215e+03 9.435713e+03
0.1 9.473638e+03 9.475654e+03 9.455202e+03 9.453185e+03
1.1 9.451237e+03 9.468025e+03 9.455628e+03 9.438840e+03
2.1 9.444264e+03 9.462053e+03 9.460827e+03 9.443038e+03
3.1 9.462669e+03 9.468756e+03 9.471331e+03 9.465244e+03
4.1 9.457465e+03 9.474284e+03 9.477881e+03 9.461062e+03
5.1 9.425664e+03 9.464165e+03 9.474215e+03 9.435713e+03
6.1 9.431252e+03 9.450726e+03 9.466190e+03 9.446717e+03
7.1 9.423619e+03 9.441946e+03 9.459592e+03 9.441265e+03
8.1 9.456822e+03 9.437886e+03 9.455651e+03 9.474587e+03
9.1 9.474101e+03 9.434208e+03 9.453733e+03 9.493626e+03
10.1 9.450696e+03 9.435930e+03 9.453108e+03 9.467874e+03
11.1 9.449395e+03 9.448208e+03 9.453232e+03 9.454419e+03
12.1 9.444247e+03 9.465056e+03 9.453691e+03 9.432882e+03
13.1 9.494485e+03 9.473667e+03 9.454200e+03 9.475018e+03
14.1 9.505530e+03 9.465099e+03 9.454615e+03 9.495047e+03
15.1 9.462230e+03 9.455694e+03 9.454898e+03 9.461434e+03
16.1 9.440033e+03 9.453321e+03 9.455066e+03 9.441778e+03
17.1 9.447873e+03 9.454124e+03 9.455157e+03 9.448907e+03
18.1 9.439560e+03 9.455025e+03 9.455202e+03 9.439737e+03
19.1 9.447700e+03 9.451766e+03 9.455223e+03 9.451157e+03
20.1 9.457056e+03 9.442684e+03 9.455232e+03 9.469603e+03
21.1 9.475874e+03 9.434903e+03 9.455236e+03 9.496207e+03
0.8 9.408422e+03 9.432847e+03 9.455346e+03 9.430921e+03
1.8 9.409333e+03 9.436643e+03 9.458759e+03 9.431449e+03
2.8 9.461593e+03 9.450785e+03 9.465896e+03 9.476704e+03
3.8 9.480780e+03 9.453804e+03 9.467360e+03 9.494335e+03
4.8 9.423409e+03 9.452082e+03 9.463550e+03 9.434877e+03
5.8 9.414482e+03 9.459575e+03 9.459286e+03 9.414193e+03
6.8 9.427935e+03 9.471574e+03 9.456447e+03 9.412808e+03
7.8 9.439077e+03 9.479275e+03 9.454914e+03 9.414716e+03
8.8 9.436615e+03 9.482595e+03 9.455033e+03 9.409053e+03
9.8 9.452497e+03 9.483560e+03 9.461297e+03 9.430234e+03
10.8 9.459496e+03 9.485664e+03 9.472118e+03 9.445950e+03
11.8 9.502036e+03 9.481495e+03 9.477230e+03 9.497771e+03
12.8 9.496177e+03 9.464538e+03 9.472489e+03 9.504128e+03
13.8 9.470021e+03 9.449081e+03 9.464629e+03 9.485569e+03
14.8 9.446686e+03 9.444605e+03 9.458607e+03 9.460688e+03
15.8 9.441976e+03 9.452960e+03 9.455138e+03 9.444154e+03
16.8 9.425329e+03 9.459365e+03 9.453522e+03 9.419486e+03
17.8 9.434378e+03 9.460082e+03 9.453077e+03 9.427373e+03
18.8 9.433404e+03 9.458946e+03 9.453291e+03 9.427749e+03
19.8 9.469434e+03 9.457967e+03 9.453778e+03 9.465245e+03
20.8 9.517444e+03 9.457479e+03 9.454430e+03 9.514396e+03
21.8 9.492259e+03 9.460880e+03 9.458646e+03 9.490025e+03
0.3 9.439077e+03 9.479275e+03 9.454914e+03 9.414716e+03
1.3 9.436615e+03 9.482595e+03 9.455033e+03 9.409053e+03
2.3 9.452497e+03 9.483560e+03 9.461297e+03 9.430234e+03
3.3 9.459496e+03 9.485664e+03 9.472118e+03 9.445950e+03
4.3 9.502036e+03 9.481495e+03 9.477230e+03 9.497771e+03
5.3 9.496177e+03 9.464538e+03 9.472489e+03 9.504128e+03
6.3 9.470021e+03 9.449081e+03 9.464629e+03 9.485569e+03
7.3 9.446686e+03 9.444605e+03 9.458607e+03 9.460688e+03
8.3 9.441976e+03 9.452960e+03 9.455138e+03 9.444154e+03
9.3 9.425329e+03 9.459365e+03 9.453522e+03 9.419486e+03
10.3 9.434378e+03 9.460082e+03 9.453077e+03 9.427373e+03
11.3 9.433404e+03 9.458946e+03 9.453291e+03 9.427749e+03
12.3 9.469434e+03 9.457967e+03 9.453778e+03 9.465245e+03
13.3 9.517444e+03 9.457479e+03 9.454430e+03 9.514396e+03
14.3 9.492259e+03 9.460880e+03 9.458646e+03 9.490025e+03
15.3 9.446060e+03 9.470076e+03 9.468296e+03 9.444280e+03
16.3 9.443934e+03 9.477810e+03 9.473044e+03 9.439168e+03
17.3 9.460611e+03 9.480457e+03 9.469103e+03 9.449257e+03
18.3 9.461192e+03 9.473162e+03 9.462730e+03 9.450761e+03
19.3 9.486680e+03 9.459939e+03 9.457960e+03 9.484701e+03
20.3 9.450183e+03 9.445751e+03 9.455232e+03 9.459665e+03
21.3 9.413634e+03 9.439128e+03 9.453950e+03 9.428455e+03
0.9 9.517444e+03 9.457479e+03 9.454430e+03 9.514396e+03
1.9 9.492259e+03 9.460880e+03 9.458646e+03 9.490025e+03
2.9 9.446060e+03 9.470076e+03 9.468296e+03 9.444280e+03
3.9 9.443934e+03 9.477810e+03 9.473044e+03 9.439168e+03
4.9 9.460611e+03 9.480457e+03 9.469103e+03 9.449257e+03
5.9 9.461192e+03 9.473162e+03 9.462730e+03 9.450761e+03
6.9 9.486680e+03 9.459939e+03 9.457960e+03 9.484701e+03
7.9 9.450183e+03 9.445751e+03 9.455232e+03 9.459665e+03
8.9 9.413634e+03 9.439128e+03 9.453950e+03 9.428455e+03
9.9 9.403580e+03 9.445292e+03 9.453582e+03 9.411870e+03
10.9 9.436132e+03 9.460751e+03 9.453737e+03 9.429119e+03
11.9 9.471385e+03 9.463771e+03 9.454111e+03 9.461725e+03
12.9 9.502278e+03 9.456288e+03 9.454499e+03 9.500488e+03
13.9 9.447899e+03 9.453090e+03 9.454803e+03 9.449612e+03
14.9 9.467732e+03 9.453937e+03 9.455005e+03 9.468800e+03
15.9 9.413157e+03 9.455336e+03 9.455122e+03 9.412943e+03
16.9 9.410243e+03 9.456234e+03 9.455184e+03 9.409193e+03
17.9 9.381276e+03 9.455499e+03 9.455215e+03 9.380992e+03
18.9 9.378458e+03 9.449006e+03 9.455228e+03 9.384680e+03
19.9 9.411905e+03 9.440283e+03 9.455234e+03 9.426856e+03
20.9 9.413382e+03 9.435175e+03 9.455237e+03 9.433444e+03
21.9 9.400192e+03 9.439338e+03 9.455238e+03 9.416092e+03
0.9 9.484232e+03 9.454522e+03 9.455389e+03 9.485099e+03
1.9 9.454552e+03 9.459080e+03 9.459211e+03 9.454683e+03
2.9 9.418740e+03 9.469713e+03 9.469156e+03 9.418183e+03
3.9 9.430847e+03 9.477873e+03 9.477408e+03 9.430382e+03
4.9 9.446660e+03 9.469750e+03 9.475562e+03 9.452473e+03
5.9 9.492125e+03 9.454708e+03 9.467790e+03 9.505207e+03
6.9 9.481727e+03 9.443943e+03 9.460693e+03 9.498477e+03
7.9 9.445749e+03 9.438657e+03 9.456250e+03 9.463343e+03
8.9 9.426059e+03 9.434548e+03 9.453993e+03 9.445503e+03
9.9 9.445785e+03 9.434770e+03 9.453158e+03 9.464173e+03
10.9 9.452613e+03 9.441790e+03 9.453169e+03 9.463992e+03
11.9 9.436681e+03 9.449760e+03 9.453588e+03 9.440509e+03
12.9 9.429273e+03 9.454232e+03 9.454103e+03 9.429143e+03
13.9 9.431489e+03 9.450710e+03 9.454543e+03 9.435322e+03
14.9 9.434691e+03 9.442961e+03 9.454851e+03 9.446582e+03
15.9 9.497216e+03 9.437198e+03 9.455040e+03 9.515058e+03
16.9 9.515197e+03 9.436814e+03 9.455144e+03 9.533527e+03
17.9 9.472591e+03 9.435884e+03 9.455196e+03 9.491903e+03
18.9 9.435322e+03 9.433421e+03 9.455220e+03 9.457121e+03
19.9 9.400426e+03 9.436301e+03 9.455231e+03 9.419356e+03
20.9 9.404886e+03 9.444756e+03 9.455235e+03 9.415366e+03
21.9 9.401403e+03 9.451442e+03 9.455237e+03 9.405198e+03
0.2 9.433926e+03 9.438064e+03 9.455238e+03 9.451101e+03
1.2 9.423055e+03 9.442594e+03 9.455950e+03 9.436411e+03
2.2 9.423273e+03 9.455980e+03 9.462136e+03 9.429428e+03
3.2 9.455388e+03 9.471047e+03 9.471270e+03 9.455610e+03
4.2 9.522203e+03 9.480754e+03 9.472525e+03 9.513974e+03
5.2 9.514237e+03 9.481766e+03 9.466940e+03 9.499411e+03
6.2 9.473032e+03 9.474746e+03 9.460929e+03 9.459216e+03
7.2 9.486791e+03 9.469311e+03 9.459818e+03 9.477298e+03
8.2 9.481086e+03 9.472655e+03 9.466992e+03 9.475423e+03
9.2 9.496260e+03 9.478329e+03 9.475405e+03 9.493336e+03
10.2 9.538758e+03 9.471179e+03 9.475039e+03 9.542617e+03
11.2 9.549224e+03 9.460769e+03 9.467875e+03 9.556329e+03
12.2 9.473127e+03 9.467161e+03 9.460745e+03 9.466711e+03
13.2 9.428740e+03 9.479948e+03 9.456191e+03 9.404983e+03
14.2 9.416685e+03 9.476090e+03 9.453877e+03 9.394472e+03
15.2 9.407924e+03 9.461155e+03 9.453015e+03 9.399784e+03
16.2 9.408884e+03 9.453053e+03 9.453017e+03 9.408848e+03
17.2 9.409717e+03 9.451727e+03 9.453447e+03 9.411437e+03
18.2 9.416418e+03 9.452604e+03 9.453991e+03 9.417805e+03
19.2 9.429836e+03 9.452850e+03 9.454465e+03 9.431451e+03
20.2 9.430737e+03 9.449401e+03 9.454803e+03 9.436139e+03
21.2 9.428307e+03 9.444565e+03 9.455013e+03 9.438755e+03
0.7 9.473032e+03 9.474746e+03 9.460929e+03 9.459216e+03
1.7 9.486791e+03 9.469311e+03 9.459818e+03 9.477298e+03
2.7 9.481086e+03 9.472655e+03 9.466992e+03 9.475423e+03
3.7 9.496260e+03 9.478329e+03 9.475405e+03 9.493336e+03
4.7 9.538758e+03 9.471179e+03 9.475039e+03 9.542617e+03
5.7 9.549224e+03 9.460769e+03 9.467875e+03 9.556329e+03
6.7 9.473127e+03 9.467161e+03 9.460745e+03 9.466711e+03
7.7 9.428740e+03 9.479948e+03 9.456191e+03 9.404983e+03
8.7 9.416685e+03 9.476090e+03 9.453877e+03 9.394472e+03
9.7 9.407924e+03 9.461155e+03 9.453015e+03 9.399784e+03
10.7 9.408884e+03 9.453053e+03 9.453017e+03 9.408848e+03
11.7 9.409717e+03 9.451727e+03 9.453447e+03 9.411437e+03
12.7 9.416418e+03 9.452604e+03 9.453991e+03 9.417805e+03
13.7 9.429836e+03 9.452850e+03 9.454465e+03 9.431451e+03
14.7 9.430737e+03 9.449401e+03 9.454803e+03 9.436139e+03
15.7 9.428307e+03 9.444565e+03 9.455013e+03 9.438755e+03
16.7 9.430664e+03 9.438587e+03 9.455130e+03 9.447206e+03
17.7 9.457837e+03 9.438318e+03 9.455189e+03 9.474709e+03
18.7 9.499558e+03 9.444507e+03 9.455217e+03 9.510268e+03
19.7 9.547902e+03 9.451183e+03 9.455230e+03 9.551949e+03
20.7 9.495734e+03 9.454372e+03 9.455235e+03 9.496597e+03
21.7 9.458764e+03 9.451767e+03 9.455237e+03 9.462235e+03
0.7 9.449411e+03 9.435061e+03 9.455270e+03 9.469619e+03
1.7 9.454058e+03 9.445188e+03 9.457708e+03 9.466578e+03
2.7 9.454499e+03 9.461866e+03 9.466614e+03 9.459247e+03
3.7 9.457020e+03 9.476470e+03 9.476297e+03 9.456847e+03
4.7 9.482962e+03 9.474590e+03 9.476807e+03 9.485179e+03
5.7 9.501216e+03 9.461843e+03 9.469672e+03 9.509046e+03
6.7 9.505743e+03 9.457833e+03 9.462089e+03 9.509999e+03
7.7 9.515006e+03 9.464758e+03 9.457043e+03 9.507292e+03
8.7 9.545926e+03 9.466674e+03 9.454359e+03 9.533611e+03
9.7 9.499718e+03 9.456647e+03 9.453256e+03 9.496327e+03
10.7 9.451858e+03 9.447709e+03 9.453117e+03 9.457266e+03
11.7 9.418270e+03 9.440206e+03 9.453474e+03 9.431539e+03
12.7 9.413097e+03 9.433707e+03 9.453988e+03 9.433378e+03
13.7 9.408284e+03 9.432717e+03 9.454453e+03 9.430021e+03
14.7 9.424789e+03 9.433640e+03 9.454792e+03 9.445941e+03
15.7 9.440377e+03 9.432326e+03 9.455006e+03 9.463057e+03
16.7 9.437405e+03 9.430828e+03 9.455125e+03 9.461702e+03
17.7 9.412480e+03 9.433897e+03 9.455187e+03 9.433770e+03
18.7 9.421583e+03 9.442880e+03 9.455216e+03 9.433920e+03
19.7 9.439793e+03 9.451972e+03 9.455229e+03 9.443050e+03
20.7 9.471186e+03 9.461890e+03 9.455235e+03 9.464531e+03
21.7 9.497058e+03 9.473459e+03 9.455237e+03 9.478836e+03
