0.7 1.220350e+03 1.189845e+03 1.193094e+03 1.223598e+03
1.7 1.199693e+03 1.193173e+03 1.193806e+03 1.200325e+03
2.7 1.207252e+03 1.197626e+03 1.196002e+03 1.205628e+03
3.7 1.211406e+03 1.199462e+03 1.197439e+03 1.209383e+03
4.7 1.191567e+03 1.196571e+03 1.196687e+03 1.191683e+03
5.7 1.207040e+03 1.194959e+03 1.195641e+03 1.207723e+03
6.7 1.191535e+03 1.196591e+03 1.196132e+03 1.191075e+03
7.7 1.215360e+03 1.195999e+03 1.196174e+03 1.215535e+03
8.7 1.193236e+03 1.193526e+03 1.195072e+03 1.194782e+03
9.7 1.220932e+03 1.193168e+03 1.193875e+03 1.221639e+03
10.7 1.213970e+03 1.195365e+03 1.193124e+03 1.211728e+03
11.7 1.216128e+03 1.199734e+03 1.192775e+03 1.209169e+03
12.7 1.206105e+03 1.201270e+03 1.192668e+03 1.197503e+03
13.7 1.182781e+03 1.197596e+03 1.192690e+03 1.177875e+03
14.7 1.190500e+03 1.194901e+03 1.192771e+03 1.188370e+03
15.7 1.203279e+03 1.196056e+03 1.192865e+03 1.200088e+03
16.7 1.201518e+03 1.198454e+03 1.192945e+03 1.196009e+03
17.7 1.190074e+03 1.196394e+03 1.193003e+03 1.186683e+03
18.7 1.178204e+03 1.194601e+03 1.193039e+03 1.176643e+03
19.7 1.196972e+03 1.197410e+03 1.193060e+03 1.192622e+03
20.7 1.213708e+03 1.200429e+03 1.193070e+03 1.206348e+03
21.7 1.201040e+03 1.197998e+03 1.193174e+03 1.196215e+03
0.6 1.191567e+03 1.196571e+03 1.196687e+03 1.191683e+03
1.6 1.207040e+03 1.194959e+03 1.195641e+03 1.207723e+03
2.6 1.191535e+03 1.196591e+03 1.196132e+03 1.191075e+03
3.6 1.215360e+03 1.195999e+03 1.196174e+03 1.215535e+03
4.6 1.193236e+03 1.193526e+03 1.195072e+03 1.194782e+03
5.6 1.220932e+03 1.193168e+03 1.193875e+03 1.221639e+03
6.6 1.213970e+03 1.195365e+03 1.193124e+03 1.211728e+03
7.6 1.216128e+03 1.199734e+03 1.192775e+03 1.209169e+03
8.6 1.206105e+03 1.201270e+03 1.192668e+03 1.197503e+03
9.6 1.182781e+03 1.197596e+03 1.192690e+03 1.177875e+03
10.6 1.190500e+03 1.194901e+03 1.192771e+03 1.188370e+03
11.6 1.203279e+03 1.196056e+03 1.192865e+03 1.200088e+03
12.6 1.201518e+03 1.198454e+03 1.192945e+03 1.196009e+03
13.6 1.190074e+03 1.196394e+03 1.193003e+03 1.186683e+03
14.6 1.178204e+03 1.194601e+03 1.193039e+03 1.176643e+03
15.6 1.196972e+03 1.197410e+03 1.193060e+03 1.192622e+03
16.6 1.213708e+03 1.200429e+03 1.193070e+03 1.206348e+03
17.6 1.201040e+03 1.197998e+03 1.193174e+03 1.196215e+03
18.6 1.201090e+03 1.196112e+03 1.194438e+03 1.199416e+03
19.6 1.191933e+03 1.197982e+03 1.196994e+03 1.190945e+03
20.6 1.198861e+03 1.199591e+03 1.198587e+03 1.197858e+03
21.6 1.189108e+03 1.196587e+03 1.197695e+03 1.190216e+03
0.1 1.213708e+03 1.200429e+03 1.193070e+03 1.206348e+03
1.1 1.201040e+03 1.197998e+03 1.193174e+03 1.196215e+03
2.1 1.201090e+03 1.196112e+03 1.194438e+03 1.199416e+03
3.1 1.191933e+03 1.197982e+03 1.196994e+03 1.190945e+03
4.1 1.198861e+03 1.199591e+03 1.198587e+03 1.197858e+03
5.1 1.189108e+03 1.196587e+03 1.197695e+03 1.190216e+03
6.1 1.213341e+03 1.192841e+03 1.195743e+03 1.216244e+03
7.1 1.208764e+03 1.190622e+03 1.194138e+03 1.212280e+03
8.1 1.205472e+03 1.189703e+03 1.193179e+03 1.208948e+03
9.1 1.195503e+03 1.188509e+03 1.192713e+03 1.199707e+03
10.1 1.183618e+03 1.188892e+03 1.192561e+03 1.187286e+03
11.1 1.216013e+03 1.191895e+03 1.192591e+03 1.216708e+03
12.1 1.190466e+03 1.195489e+03 1.192702e+03 1.187680e+03
13.1 1.198463e+03 1.197172e+03 1.192826e+03 1.194117e+03
14.1 1.210324e+03 1.194944e+03 1.192927e+03 1.208307e+03
15.1 1.197386e+03 1.193274e+03 1.192996e+03 1.197108e+03
16.1 1.198325e+03 1.193777e+03 1.193037e+03 1.197585e+03
17.1 1.205984e+03 1.194859e+03 1.193059e+03 1.204184e+03
18.1 1.209793e+03 1.195507e+03 1.193070e+03 1.207356e+03
19.1 1.189584e+03 1.193171e+03 1.193075e+03 1.189488e+03
20.1 1.185613e+03 1.186838e+03 1.193077e+03 1.191852e+03
21.1 1.192859e+03 1.182516e+03 1.193078e+03 1.203421e+03
0.8 1.154621e+03 1.181900e+03 1.193105e+03 1.165826e+03
1.8 1.181188e+03 1.184702e+03 1.193935e+03 1.190422e+03
2.8 1.196309e+03 1.190843e+03 1.195672e+03 1.201137e+03
3.8 1.208805e+03 1.193013e+03 1.196028e+03 1.211820e+03
4.8 1.193000e+03 1.193234e+03 1.195101e+03 1.194867e+03
5.8 1.191876e+03 1.195090e+03 1.194064e+03 1.190849e+03
6.8 1.186861e+03 1.197463e+03 1.193373e+03 1.182772e+03
7.8 1.180751e+03 1.197514e+03 1.193000e+03 1.176237e+03
8.8 1.172213e+03 1.194876e+03 1.193029e+03 1.170366e+03
9.8 1.190400e+03 1.195208e+03 1.194553e+03 1.189744e+03
10.8 1.181014e+03 1.198447e+03 1.197185e+03 1.179752e+03
11.8 1.202048e+03 1.199781e+03 1.198429e+03 1.200695e+03
12.8 1.197315e+03 1.196383e+03 1.197276e+03 1.198207e+03
13.8 1.189106e+03 1.192893e+03 1.195363e+03 1.191576e+03
14.8 1.192463e+03 1.190869e+03 1.193898e+03 1.195492e+03
15.8 1.191099e+03 1.189190e+03 1.193054e+03 1.194963e+03
16.8 1.200575e+03 1.189892e+03 1.192661e+03 1.203345e+03
17.8 1.201679e+03 1.192240e+03 1.192553e+03 1.201993e+03
18.8 1.199413e+03 1.194388e+03 1.192605e+03 1.197630e+03
19.8 1.199891e+03 1.195728e+03 1.192724e+03 1.196887e+03
20.8 1.194455e+03 1.196426e+03 1.192882e+03 1.190911e+03
21.8 1.189117e+03 1.197582e+03 1.193908e+03 1.185443e+03
0.3 1.180751e+03 1.197514e+03 1.193000e+03 1.176237e+03
1.3 1.172213e+03 1.194876e+03 1.193029e+03 1.170366e+03
2.3 1.190400e+03 1.195208e+03 1.194553e+03 1.189744e+03
3.3 1.181014e+03 1.198447e+03 1.197185e+03 1.179752e+03
4.3 1.202048e+03 1.199781e+03 1.198429e+03 1.200695e+03
5.3 1.197315e+03 1.196383e+03 1.197276e+03 1.198207e+03
6.3 1.189106e+03 1.192893e+03 1.195363e+03 1.191576e+03
7.3 1.192463e+03 1.190869e+03 1.193898e+03 1.195492e+03
8.3 1.191099e+03 1.189190e+03 1.193054e+03 1.194963e+03
9.3 1.200575e+03 1.189892e+03 1.192661e+03 1.203345e+03
10.3 1.201679e+03 1.192240e+03 1.192553e+03 1.201993e+03
11.3 1.199413e+03 1.194388e+03 1.192605e+03 1.197630e+03
12.3 1.199891e+03 1.195728e+03 1.192724e+03 1.196887e+03
13.3 1.194455e+03 1.196426e+03 1.192882e+03 1.190911e+03
14.3 1.189117e+03 1.197582e+03 1.193908e+03 1.185443e+03
15.3 1.186499e+03 1.199830e+03 1.196256e+03 1.182925e+03
16.3 1.205009e+03 1.199620e+03 1.197411e+03 1.202800e+03
17.3 1.189570e+03 1.195986e+03 1.196452e+03 1.190035e+03
18.3 1.184880e+03 1.193415e+03 1.194902e+03 1.186366e+03
19.3 1.169083e+03 1.191921e+03 1.193741e+03 1.170903e+03
20.3 1.196505e+03 1.189865e+03 1.193077e+03 1.199717e+03
21.3 1.174590e+03 1.189291e+03 1.192765e+03 1.178065e+03
0.9 1.194455e+03 1.196426e+03 1.192882e+03 1.190911e+03
1.9 1.189117e+03 1.197582e+03 1.193908e+03 1.185443e+03
2.9 1.186499e+03 1.199830e+03 1.196256e+03 1.182925e+03
3.9 1.205009e+03 1.199620e+03 1.197411e+03 1.202800e+03
4.9 1.189570e+03 1.195986e+03 1.196452e+03 1.190035e+03
5.9 1.184880e+03 1.193415e+03 1.194902e+03 1.186366e+03
6.9 1.169083e+03 1.191921e+03 1.193741e+03 1.170903e+03
7.9 1.196505e+03 1.189865e+03 1.193077e+03 1.199717e+03
8.9 1.174590e+03 1.189291e+03 1.192765e+03 1.178065e+03
9.9 1.187077e+03 1.192059e+03 1.192676e+03 1.187694e+03
10.9 1.198439e+03 1.196965e+03 1.192714e+03 1.194188e+03
11.9 1.221040e+03 1.197657e+03 1.192805e+03 1.216187e+03
12.9 1.180567e+03 1.195225e+03 1.192899e+03 1.178242e+03
13.9 1.202044e+03 1.194424e+03 1.192973e+03 1.200593e+03
14.9 1.186662e+03 1.194930e+03 1.193022e+03 1.184755e+03
15.9 1.176618e+03 1.195516e+03 1.193051e+03 1.174153e+03
16.9 1.189479e+03 1.195858e+03 1.193066e+03 1.186687e+03
17.9 1.193920e+03 1.195177e+03 1.193073e+03 1.191817e+03
18.9 1.178134e+03 1.190681e+03 1.193076e+03 1.180530e+03
19.9 1.171289e+03 1.185992e+03 1.193078e+03 1.178375e+03
20.9 1.166873e+03 1.184847e+03 1.193079e+03 1.175105e+03
21.9 1.167938e+03 1.187791e+03 1.193079e+03 1.173226e+03
0.9 1.196355e+03 1.196126e+03 1.193115e+03 1.193345e+03
1.9 1.190505e+03 1.197070e+03 1.194045e+03 1.187480e+03
2.9 1.200159e+03 1.199465e+03 1.196465e+03 1.197158e+03
3.9 1.185284e+03 1.201220e+03 1.198472e+03 1.182536e+03
4.9 1.200917e+03 1.198398e+03 1.198023e+03 1.200543e+03
5.9 1.187245e+03 1.193906e+03 1.196132e+03 1.189471e+03
6.9 1.189818e+03 1.191007e+03 1.194406e+03 1.193217e+03
7.9 1.199087e+03 1.189754e+03 1.193325e+03 1.202658e+03
8.9 1.179506e+03 1.188509e+03 1.192776e+03 1.183772e+03
9.9 1.173489e+03 1.188536e+03 1.192573e+03 1.177526e+03
10.9 1.200421e+03 1.190889e+03 1.192575e+03 1.202107e+03
11.9 1.185358e+03 1.193582e+03 1.192677e+03 1.184454e+03
12.9 1.192905e+03 1.194755e+03 1.192803e+03 1.190953e+03
13.9 1.191318e+03 1.191424e+03 1.192910e+03 1.192804e+03
14.9 1.202600e+03 1.186969e+03 1.192985e+03 1.208616e+03
15.9 1.212325e+03 1.185439e+03 1.193031e+03 1.219917e+03
16.9 1.189263e+03 1.185592e+03 1.193056e+03 1.196727e+03
17.9 1.179995e+03 1.184138e+03 1.193069e+03 1.188925e+03
18.9 1.196737e+03 1.183560e+03 1.193074e+03 1.206252e+03
19.9 1.199917e+03 1.186190e+03 1.193077e+03 1.206804e+03
20.9 1.167611e+03 1.190683e+03 1.193078e+03 1.170007e+03
21.9 1.196550e+03 1.193573e+03 1.193079e+03 1.196056e+03
0.2 1.188338e+03 1.186345e+03 1.193079e+03 1.195073e+03
1.2 1.177456e+03 1.189226e+03 1.193252e+03 1.181482e+03
2.2 1.186411e+03 1.194314e+03 1.194757e+03 1.186854e+03
3.2 1.195048e+03 1.198954e+03 1.196979e+03 1.193073e+03
4.2 1.205883e+03 1.198626e+03 1.197284e+03 1.204541e+03
5.2 1.196502e+03 1.195855e+03 1.195926e+03 1.196573e+03
6.2 1.188647e+03 1.194935e+03 1.194463e+03 1.188175e+03
7.2 1.194771e+03 1.195972e+03 1.194193e+03 1.192992e+03
8.2 1.195389e+03 1.198669e+03 1.195938e+03 1.192658e+03
9.2 1.202503e+03 1.201099e+03 1.197985e+03 1.199389e+03
10.2 1.214286e+03 1.199269e+03 1.197896e+03 1.212913e+03
11.2 1.207466e+03 1.196269e+03 1.196153e+03 1.207350e+03
12.2 1.206228e+03 1.198161e+03 1.194418e+03 1.202485e+03
13.2 1.197274e+03 1.201884e+03 1.193311e+03 1.188701e+03
14.2 1.193866e+03 1.200608e+03 1.192748e+03 1.186006e+03
15.2 1.192095e+03 1.196168e+03 1.192538e+03 1.188465e+03
16.2 1.202619e+03 1.194116e+03 1.192538e+03 1.201042e+03
17.2 1.209042e+03 1.194139e+03 1.192643e+03 1.207546e+03
18.2 1.186477e+03 1.194673e+03 1.192775e+03 1.184580e+03
19.2 1.203287e+03 1.194847e+03 1.192891e+03 1.201331e+03
20.2 1.180639e+03 1.193734e+03 1.192973e+03 1.179877e+03
21.2 1.197970e+03 1.192095e+03 1.193024e+03 1.198899e+03
0.7 1.188647e+03 1.194935e+03 1.194463e+03 1.188175e+03
1.7 1.194771e+03 1.195972e+03 1.194193e+03 1.192992e+03
2.7 1.195389e+03 1.198669e+03 1.195938e+03 1.192658e+03
3.7 1.202503e+03 1.201099e+03 1.197985e+03 1.199389e+03
4.7 1.214286e+03 1.199269e+03 1.197896e+03 1.212913e+03
5.7 1.207466e+03 1.196269e+03 1.196153e+03 1.207350e+03
6.7 1.206228e+03 1.198161e+03 1.194418e+03 1.202485e+03
7.7 1.197274e+03 1.201884e+03 1.193311e+03 1.188701e+03
8.7 1.193866e+03 1.200608e+03 1.192748e+03 1.186006e+03
9.7 1.192095e+03 1.196168e+03 1.192538e+03 1.188465e+03
10.7 1.202619e+03 1.194116e+03 1.192538e+03 1.201042e+03
11.7 1.209042e+03 1.194139e+03 1.192643e+03 1.207546e+03
12.7 1.186477e+03 1.194673e+03 1.192775e+03 1.184580e+03
13.7 1.203287e+03 1.194847e+03 1.192891e+03 1.201331e+03
14.7 1.180639e+03 1.193734e+03 1.192973e+03 1.179877e+03
15.7 1.197970e+03 1.192095e+03 1.193024e+03 1.198899e+03
16.7 1.196267e+03 1.189884e+03 1.193052e+03 1.199436e+03
17.7 1.197365e+03 1.189612e+03 1.193067e+03 1.200820e+03
18.7 1.194644e+03 1.191656e+03 1.193074e+03 1.196062e+03
19.7 1.236137e+03 1.193928e+03 1.193077e+03 1.235285e+03
20.7 1.191326e+03 1.195048e+03 1.193078e+03 1.189357e+03
21.7 1.192908e+03 1.194256e+03 1.193079e+03 1.191730e+03
0.7 1.190542e+03 1.184865e+03 1.193086e+03 1.198763e+03
1.7 1.172188e+03 1.190571e+03 1.193680e+03 1.175296e+03
2.7 1.192895e+03 1.196802e+03 1.195846e+03 1.191940e+03
3.7 1.194197e+03 1.201426e+03 1.198202e+03 1.190973e+03
4.7 1.213429e+03 1.200773e+03 1.198326e+03 1.210982e+03
5.7 1.182729e+03 1.196870e+03 1.196590e+03 1.182450e+03
6.7 1.200649e+03 1.195334e+03 1.194746e+03 1.200060e+03
7.7 1.193103e+03 1.196180e+03 1.193518e+03 1.190441e+03
8.7 1.216688e+03 1.195915e+03 1.192865e+03 1.213637e+03
9.7 1.197318e+03 1.193139e+03 1.192597e+03 1.196775e+03
10.7 1.190125e+03 1.190388e+03 1.192563e+03 1.192300e+03
11.7 1.160144e+03 1.186347e+03 1.192650e+03 1.166447e+03
12.7 1.187435e+03 1.183817e+03 1.192775e+03 1.196392e+03
13.7 1.183341e+03 1.184567e+03 1.192888e+03 1.191662e+03
14.7 1.180923e+03 1.184285e+03 1.192970e+03 1.189609e+03
15.7 1.181514e+03 1.181807e+03 1.193022e+03 1.192729e+03
16.7 1.190367e+03 1.181407e+03 1.193051e+03 1.202012e+03
17.7 1.186824e+03 1.184494e+03 1.193066e+03 1.195396e+03
18.7 1.195040e+03 1.189623e+03 1.193073e+03 1.198491e+03
19.7 1.201187e+03 1.193958e+03 1.193077e+03 1.200305e+03
20.7 1.194341e+03 1.196957e+03 1.193078e+03 1.190462e+03
21.7 1.213331e+03 1.199038e+03 1.193079e+03 1.207371e+03
