0.3 8.608723e+03 8.638322e+03 8.600684e+03 8.571085e+03
1.3 8.639692e+03 8.624611e+03 8.600585e+03 8.615666e+03
2.3 8.636522e+03 8.607202e+03 8.599785e+03 8.629105e+03
3.3 8.609915e+03 8.596128e+03 8.598447e+03 8.612234e+03
4.3 8.610089e+03 8.592379e+03 8.597816e+03 8.615527e+03
5.3 8.646715e+03 8.595991e+03 8.598430e+03 8.649153e+03
6.3 8.643830e+03 8.598627e+03 8.599447e+03 8.644650e+03
7.3 8.629340e+03 8.599084e+03 8.600230e+03 8.630486e+03
8.3 8.600130e+03 8.600808e+03 8.600683e+03 8.600005e+03
9.3 8.600828e+03 8.600574e+03 8.600895e+03 8.601148e+03
10.3 8.631201e+03 8.595135e+03 8.600956e+03 8.637021e+03
11.3 8.616600e+03 8.592565e+03 8.600930e+03 8.624965e+03
12.3 8.620674e+03 8.595074e+03 8.600870e+03 8.626469e+03
13.3 8.586410e+03 8.594541e+03 8.600806e+03 8.592675e+03
14.3 8.578960e+03 8.591445e+03 8.600756e+03 8.588271e+03
15.3 8.600508e+03 8.591537e+03 8.600723e+03 8.609694e+03
16.3 8.672565e+03 8.596318e+03 8.600703e+03 8.676950e+03
17.3 8.641339e+03 8.606106e+03 8.600693e+03 8.635926e+03
18.3 8.629697e+03 8.610267e+03 8.600688e+03 8.620118e+03
19.3 8.583081e+03 8.603627e+03 8.600685e+03 8.580139e+03
20.3 8.577713e+03 8.597570e+03 8.600684e+03 8.580828e+03
21.3 8.595638e+03 8.599088e+03 8.600684e+03 8.597234e+03
1.0 8.588840e+03 8.595974e+03 8.600654e+03 8.593519e+03
2.0 8.590136e+03 8.591296e+03 8.600104e+03 8.598944e+03
3.0 8.586131e+03 8.589969e+03 8.598823e+03 8.594986e+03
4.0 8.619842e+03 8.590126e+03 8.597876e+03 8.627592e+03
5.0 8.649584e+03 8.588138e+03 8.598209e+03 8.659655e+03
6.0 8.624542e+03 8.588505e+03 8.599199e+03 8.635236e+03
7.0 8.613273e+03 8.601837e+03 8.600062e+03 8.611498e+03
8.0 8.609269e+03 8.625208e+03 8.600591e+03 8.584652e+03
9.0 8.668403e+03 8.637949e+03 8.600854e+03 8.631308e+03
10.0 8.672945e+03 8.627193e+03 8.600947e+03 8.646699e+03
11.0 8.628772e+03 8.610539e+03 8.600940e+03 8.619173e+03
12.0 8.582462e+03 8.600049e+03 8.600885e+03 8.583298e+03
13.0 8.589881e+03 8.595091e+03 8.600821e+03 8.595610e+03
14.0 8.574635e+03 8.593021e+03 8.600767e+03 8.582380e+03
15.0 8.580376e+03 8.590506e+03 8.600730e+03 8.590600e+03
16.0 8.576086e+03 8.585884e+03 8.600707e+03 8.590909e+03
17.0 8.597030e+03 8.582401e+03 8.600695e+03 8.615325e+03
18.0 8.587762e+03 8.581489e+03 8.600689e+03 8.606962e+03
19.0 8.569003e+03 8.585931e+03 8.600686e+03 8.583758e+03
20.0 8.543754e+03 8.600998e+03 8.600685e+03 8.543441e+03
21.0 8.550872e+03 8.622784e+03 8.600684e+03 8.528772e+03
22.0 8.577378e+03 8.627355e+03 8.600684e+03 8.550708e+03
0.1 8.656205e+03 8.604696e+03 8.600684e+03 8.652193e+03
1.1 8.648249e+03 8.594352e+03 8.600620e+03 8.654517e+03
2.1 8.609425e+03 8.588123e+03 8.599954e+03 8.621255e+03
3.1 8.598846e+03 8.588768e+03 8.599188e+03 8.609266e+03
4.1 8.610969e+03 8.595439e+03 8.599278e+03 8.614808e+03
5.1 8.597288e+03 8.599383e+03 8.599824e+03 8.597729e+03
6.1 8.574190e+03 8.599294e+03 8.600310e+03 8.575206e+03
7.1 8.572405e+03 8.598076e+03 8.600608e+03 8.574936e+03
8.1 8.605598e+03 8.597106e+03 8.600760e+03 8.609252e+03
9.1 8.683582e+03 8.596551e+03 8.600819e+03 8.687850e+03
10.1 8.668229e+03 8.597429e+03 8.600820e+03 8.671620e+03
11.1 8.615273e+03 8.600307e+03 8.600794e+03 8.615760e+03
12.1 8.558032e+03 8.603901e+03 8.600759e+03 8.554890e+03
13.1 8.554735e+03 8.607116e+03 8.600721e+03 8.548339e+03
14.1 8.579770e+03 8.605334e+03 8.600315e+03 8.574751e+03
15.1 8.620281e+03 8.600211e+03 8.599402e+03 8.619473e+03
16.1 8.592332e+03 8.593106e+03 8.599159e+03 8.598385e+03
17.1 8.568310e+03 8.588866e+03 8.599613e+03 8.579057e+03
18.1 8.553172e+03 8.591592e+03 8.600152e+03 8.561732e+03
19.1 8.570643e+03 8.600189e+03 8.600518e+03 8.570971e+03
20.1 8.598021e+03 8.601815e+03 8.600717e+03 8.596924e+03
21.1 8.655235e+03 8.597182e+03 8.600806e+03 8.658858e+03
0.8 8.554735e+03 8.607116e+03 8.600721e+03 8.548339e+03
1.8 8.579770e+03 8.605334e+03 8.600315e+03 8.574751e+03
2.8 8.620281e+03 8.600211e+03 8.599402e+03 8.619473e+03
3.8 8.592332e+03 8.593106e+03 8.599159e+03 8.598385e+03
4.8 8.568310e+03 8.588866e+03 8.599613e+03 8.579057e+03
5.8 8.553172e+03 8.591592e+03 8.600152e+03 8.561732e+03
6.8 8.570643e+03 8.600189e+03 8.600518e+03 8.570971e+03
7.8 8.598021e+03 8.601815e+03 8.600717e+03 8.596924e+03
8.8 8.655235e+03 8.597182e+03 8.600806e+03 8.658858e+03
9.8 8.600831e+03 8.594810e+03 8.600825e+03 8.606846e+03
10.8 8.641884e+03 8.594855e+03 8.600805e+03 8.647834e+03
11.8 8.599039e+03 8.595414e+03 8.600772e+03 8.604397e+03
12.8 8.578328e+03 8.595833e+03 8.600740e+03 8.583235e+03
13.8 8.534561e+03 8.595446e+03 8.600716e+03 8.539832e+03
14.8 8.520109e+03 8.592001e+03 8.600701e+03 8.528808e+03
15.8 8.550782e+03 8.587372e+03 8.600692e+03 8.564103e+03
16.8 8.552005e+03 8.584678e+03 8.600688e+03 8.568015e+03
17.8 8.538455e+03 8.586942e+03 8.600685e+03 8.552198e+03
18.8 8.555892e+03 8.591139e+03 8.600666e+03 8.565419e+03
19.8 8.576057e+03 8.594003e+03 8.600187e+03 8.582241e+03
20.8 8.615633e+03 8.594754e+03 8.599011e+03 8.619891e+03
21.8 8.600341e+03 8.593165e+03 8.598436e+03 8.605612e+03
0.9 8.555892e+03 8.591139e+03 8.600666e+03 8.565419e+03
1.9 8.576057e+03 8.594003e+03 8.600187e+03 8.582241e+03
2.9 8.615633e+03 8.594754e+03 8.599011e+03 8.619891e+03
3.9 8.600341e+03 8.593165e+03 8.598436e+03 8.605612e+03
4.9 8.595701e+03 8.589914e+03 8.598939e+03 8.604726e+03
5.9 8.580886e+03 8.590131e+03 8.599742e+03 8.590497e+03
6.9 8.599203e+03 8.592681e+03 8.600341e+03 8.606864e+03
7.9 8.601246e+03 8.595007e+03 8.600684e+03 8.606922e+03
8.9 8.645130e+03 8.596402e+03 8.600845e+03 8.649573e+03
9.9 8.641209e+03 8.597073e+03 8.600891e+03 8.645026e+03
10.9 8.624489e+03 8.598058e+03 8.600872e+03 8.627303e+03
11.9 8.618223e+03 8.603789e+03 8.600825e+03 8.615259e+03
12.9 8.642079e+03 8.612979e+03 8.600776e+03 8.629876e+03
13.9 8.662019e+03 8.615726e+03 8.600738e+03 8.647032e+03
14.9 8.631894e+03 8.607937e+03 8.600713e+03 8.624670e+03
15.9 8.591155e+03 8.610000e+03 8.600698e+03 8.581853e+03
16.9 8.590315e+03 8.626541e+03 8.600691e+03 8.564465e+03
17.9 8.614997e+03 8.638103e+03 8.600687e+03 8.577581e+03
18.9 8.620449e+03 8.635434e+03 8.600685e+03 8.585700e+03
19.9 8.663294e+03 8.631474e+03 8.600684e+03 8.632504e+03
20.9 8.684300e+03 8.630002e+03 8.600684e+03 8.654982e+03
21.9 8.656073e+03 8.616884e+03 8.600682e+03 8.639871e+03
0.6 8.656073e+03 8.616884e+03 8.600682e+03 8.639871e+03
1.6 8.600524e+03 8.601699e+03 8.600433e+03 8.599257e+03
2.6 8.564511e+03 8.592867e+03 8.599548e+03 8.571192e+03
3.6 8.565851e+03 8.592968e+03 8.599125e+03 8.572008e+03
4.6 8.565327e+03 8.596996e+03 8.599496e+03 8.567826e+03
5.6 8.554724e+03 8.597902e+03 8.600054e+03 8.556877e+03
6.6 8.573288e+03 8.595327e+03 8.600459e+03 8.578419e+03
7.6 8.596533e+03 8.589530e+03 8.600687e+03 8.607690e+03
8.6 8.568781e+03 8.584532e+03 8.600794e+03 8.585044e+03
9.6 8.577893e+03 8.582029e+03 8.600825e+03 8.596688e+03
10.6 8.525367e+03 8.586499e+03 8.600811e+03 8.539679e+03
11.6 8.540672e+03 8.597898e+03 8.600779e+03 8.543553e+03
12.6 8.585059e+03 8.608066e+03 8.600746e+03 8.577738e+03
13.6 8.568741e+03 8.611890e+03 8.600720e+03 8.557572e+03
14.6 8.561215e+03 8.613299e+03 8.600703e+03 8.548620e+03
15.6 8.555092e+03 8.615070e+03 8.600693e+03 8.540715e+03
16.6 8.585900e+03 8.615000e+03 8.600688e+03 8.571588e+03
17.6 8.619256e+03 8.610037e+03 8.600686e+03 8.609904e+03
18.6 8.614174e+03 8.603311e+03 8.600685e+03 8.611549e+03
19.6 8.606088e+03 8.598311e+03 8.600684e+03 8.608462e+03
20.6 8.597226e+03 8.595619e+03 8.600684e+03 8.602292e+03
21.6 8.622004e+03 8.594551e+03 8.600684e+03 8.628137e+03
0.9 8.569937e+03 8.598832e+03 8.600668e+03 8.571772e+03
1.9 8.630668e+03 8.593168e+03 8.600213e+03 8.637712e+03
2.9 8.626355e+03 8.590797e+03 8.598981e+03 8.634539e+03
3.9 8.586462e+03 8.590521e+03 8.597922e+03 8.593862e+03
4.9 8.561237e+03 8.588522e+03 8.598118e+03 8.570833e+03
5.9 8.567134e+03 8.587382e+03 8.599083e+03 8.578835e+03
6.9 8.562701e+03 8.589802e+03 8.599980e+03 8.572879e+03
7.9 8.567229e+03 8.593138e+03 8.600546e+03 8.574636e+03
8.9 8.574418e+03 8.594990e+03 8.600835e+03 8.580263e+03
9.9 8.564619e+03 8.592840e+03 8.600943e+03 8.572721e+03
10.9 8.582990e+03 8.588615e+03 8.600944e+03 8.595318e+03
11.9 8.634496e+03 8.585564e+03 8.600892e+03 8.649824e+03
12.9 8.662150e+03 8.585433e+03 8.600828e+03 8.677544e+03
13.9 8.633704e+03 8.585004e+03 8.600772e+03 8.649472e+03
14.9 8.602829e+03 8.583738e+03 8.600733e+03 8.619825e+03
15.9 8.562082e+03 8.585318e+03 8.600709e+03 8.577473e+03
16.9 8.558087e+03 8.589871e+03 8.600696e+03 8.568913e+03
17.9 8.538892e+03 8.593464e+03 8.600689e+03 8.546117e+03
18.9 8.586299e+03 8.592443e+03 8.600686e+03 8.594542e+03
19.9 8.594655e+03 8.588818e+03 8.600685e+03 8.606522e+03
20.9 8.583421e+03 8.586297e+03 8.600684e+03 8.597808e+03
21.9 8.539963e+03 8.588573e+03 8.600684e+03 8.552074e+03
0.5 8.576209e+03 8.594232e+03 8.600683e+03 8.582660e+03
1.5 8.570234e+03 8.594424e+03 8.600483e+03 8.576293e+03
2.5 8.562999e+03 8.593957e+03 8.599501e+03 8.568542e+03
3.5 8.555865e+03 8.592877e+03 8.598492e+03 8.561481e+03
4.5 8.563477e+03 8.589536e+03 8.598614e+03 8.572556e+03
5.5 8.601350e+03 8.588270e+03 8.599398e+03 8.612478e+03
6.5 8.636135e+03 8.590551e+03 8.600117e+03 8.645700e+03
7.5 8.669307e+03 8.593486e+03 8.600563e+03 8.676384e+03
8.5 8.635034e+03 8.595264e+03 8.600527e+03 8.640297e+03
9.5 8.592607e+03 8.595321e+03 8.599559e+03 8.596845e+03
10.5 8.572101e+03 8.595964e+03 8.598676e+03 8.574812e+03
11.5 8.584231e+03 8.600801e+03 8.598893e+03 8.582323e+03
12.5 8.588020e+03 8.602484e+03 8.599637e+03 8.585173e+03
13.5 8.636745e+03 8.596761e+03 8.600269e+03 8.640253e+03
14.5 8.622868e+03 8.589370e+03 8.600647e+03 8.634145e+03
15.5 8.611552e+03 8.584261e+03 8.600833e+03 8.628124e+03
16.5 8.589854e+03 8.584353e+03 8.600896e+03 8.606398e+03
17.5 8.560466e+03 8.589176e+03 8.600886e+03 8.572176e+03
18.5 8.566218e+03 8.596217e+03 8.600841e+03 8.570842e+03
19.5 8.569361e+03 8.602024e+03 8.600790e+03 8.568127e+03
20.5 8.597289e+03 8.600998e+03 8.600748e+03 8.597039e+03
21.5 8.633570e+03 8.595949e+03 8.600719e+03 8.638339e+03
0.6 8.669307e+03 8.593486e+03 8.600563e+03 8.676384e+03
1.6 8.635034e+03 8.595264e+03 8.600527e+03 8.640297e+03
2.6 8.592607e+03 8.595321e+03 8.599559e+03 8.596845e+03
3.6 8.572101e+03 8.595964e+03 8.598676e+03 8.574812e+03
4.6 8.584231e+03 8.600801e+03 8.598893e+03 8.582323e+03
5.6 8.588020e+03 8.602484e+03 8.599637e+03 8.585173e+03
6.6 8.636745e+03 8.596761e+03 8.600269e+03 8.640253e+03
7.6 8.622868e+03 8.589370e+03 8.600647e+03 8.634145e+03
8.6 8.611552e+03 8.584261e+03 8.600833e+03 8.628124e+03
9.6 8.589854e+03 8.584353e+03 8.600896e+03 8.606398e+03
10.6 8.560466e+03 8.589176e+03 8.600886e+03 8.572176e+03
11.6 8.566218e+03 8.596217e+03 8.600841e+03 8.570842e+03
12.6 8.569361e+03 8.602024e+03 8.600790e+03 8.568127e+03
13.6 8.597289e+03 8.600998e+03 8.600748e+03 8.597039e+03
14.6 8.633570e+03 8.595949e+03 8.600719e+03 8.638339e+03
15.6 8.637522e+03 8.600464e+03 8.600702e+03 8.637760e+03
16.6 8.657454e+03 8.618630e+03 8.600692e+03 8.639517e+03
17.6 8.684963e+03 8.627629e+03 8.600688e+03 8.658022e+03
18.6 8.669824e+03 8.617223e+03 8.600685e+03 8.653286e+03
19.6 8.608745e+03 8.603227e+03 8.600684e+03 8.606203e+03
20.6 8.580725e+03 8.592065e+03 8.600684e+03 8.589344e+03
21.6 8.557307e+03 8.584392e+03 8.600684e+03 8.573599e+03
0.1 8.669414e+03 8.640456e+03 8.600684e+03 8.629642e+03
1.1 8.719247e+03 8.629360e+03 8.600639e+03 8.690526e+03
2.1 8.676784e+03 8.611107e+03 8.600037e+03 8.665714e+03
3.1 8.629108e+03 8.597917e+03 8.599222e+03 8.630413e+03
4.1 8.557121e+03 8.588453e+03 8.599242e+03 8.567910e+03
5.1 8.536433e+03 8.585297e+03 8.599776e+03 8.550911e+03
6.1 8.520935e+03 8.587276e+03 8.600275e+03 8.533935e+03
7.1 8.558510e+03 8.590891e+03 8.600589e+03 8.568208e+03
8.1 8.566299e+03 8.600938e+03 8.600751e+03 8.566113e+03
9.1 8.617195e+03 8.621695e+03 8.600817e+03 8.596317e+03
10.1 8.640587e+03 8.638105e+03 8.600822e+03 8.603304e+03
11.1 8.656649e+03 8.631569e+03 8.600796e+03 8.625877e+03
12.1 8.649167e+03 8.614050e+03 8.600762e+03 8.635879e+03
