0.4 8.371406e+03 8.349704e+03 8.334116e+03 8.355818e+03
1.4 8.328536e+03 8.342271e+03 8.336771e+03 8.323035e+03
2.4 8.326964e+03 8.343452e+03 8.346544e+03 8.330056e+03
3.4 8.365141e+03 8.341005e+03 8.349988e+03 8.374124e+03
4.4 8.349720e+03 8.329611e+03 8.345556e+03 8.365665e+03
5.4 8.329774e+03 8.311208e+03 8.339914e+03 8.358480e+03
6.4 8.309569e+03 8.307159e+03 8.336035e+03 8.338446e+03
7.4 8.336191e+03 8.331321e+03 8.333899e+03 8.338769e+03
8.4 8.355727e+03 8.342192e+03 8.332924e+03 8.346459e+03
9.4 8.376503e+03 8.330132e+03 8.332683e+03 8.379054e+03
10.4 8.351163e+03 8.334152e+03 8.332857e+03 8.349867e+03
11.4 8.314810e+03 8.350004e+03 8.333192e+03 8.297998e+03
12.4 8.254203e+03 8.349038e+03 8.333522e+03 8.238687e+03
13.4 8.301474e+03 8.337135e+03 8.333772e+03 8.298111e+03
14.4 8.344365e+03 8.324148e+03 8.333933e+03 8.354150e+03
15.4 8.346881e+03 8.325029e+03 8.334026e+03 8.355878e+03
16.4 8.353256e+03 8.345624e+03 8.334073e+03 8.341706e+03
17.4 8.316345e+03 8.351738e+03 8.334096e+03 8.298704e+03
18.4 8.273836e+03 8.340994e+03 8.334106e+03 8.266948e+03
19.4 8.298129e+03 8.331918e+03 8.334111e+03 8.300322e+03
20.4 8.364498e+03 8.346203e+03 8.334113e+03 8.352408e+03
0.7 8.354293e+03 8.314102e+03 8.334237e+03 8.374428e+03
1.7 8.353489e+03 8.316579e+03 8.339868e+03 8.376778e+03
2.7 8.360396e+03 8.327899e+03 8.348923e+03 8.381420e+03
3.7 8.354740e+03 8.331651e+03 8.348997e+03 8.372086e+03
4.7 8.312314e+03 8.329215e+03 8.343509e+03 8.326608e+03
5.7 8.332588e+03 8.325986e+03 8.338355e+03 8.344957e+03
6.7 8.310258e+03 8.322039e+03 8.335138e+03 8.323357e+03
7.7 8.292290e+03 8.320409e+03 8.335708e+03 8.307589e+03
8.7 8.301156e+03 8.329507e+03 8.344702e+03 8.316352e+03
9.7 8.307613e+03 8.335050e+03 8.348663e+03 8.321226e+03
10.7 8.302710e+03 8.330997e+03 8.344745e+03 8.316458e+03
11.7 8.334698e+03 8.322754e+03 8.339394e+03 8.351337e+03
12.7 8.375206e+03 8.327871e+03 8.335709e+03 8.383044e+03
13.7 8.406474e+03 8.349036e+03 8.333708e+03 8.391146e+03
14.7 8.399640e+03 8.353395e+03 8.332815e+03 8.379059e+03
15.7 8.354906e+03 8.343424e+03 8.332615e+03 8.344098e+03
16.7 8.296180e+03 8.332710e+03 8.332810e+03 8.296280e+03
17.7 8.279407e+03 8.325825e+03 8.333159e+03 8.286741e+03
18.7 8.271207e+03 8.322172e+03 8.333499e+03 8.282534e+03
19.7 8.308017e+03 8.321233e+03 8.333758e+03 8.320543e+03
20.7 8.367858e+03 8.325808e+03 8.333926e+03 8.375975e+03
0.3 8.310258e+03 8.322039e+03 8.335138e+03 8.323357e+03
1.3 8.292290e+03 8.320409e+03 8.335708e+03 8.307589e+03
2.3 8.301156e+03 8.329507e+03 8.344702e+03 8.316352e+03
3.3 8.307613e+03 8.335050e+03 8.348663e+03 8.321226e+03
4.3 8.302710e+03 8.330997e+03 8.344745e+03 8.316458e+03
5.3 8.334698e+03 8.322754e+03 8.339394e+03 8.351337e+03
6.3 8.375206e+03 8.327871e+03 8.335709e+03 8.383044e+03
7.3 8.406474e+03 8.349036e+03 8.333708e+03 8.391146e+03
8.3 8.399640e+03 8.353395e+03 8.332815e+03 8.379059e+03
9.3 8.354906e+03 8.343424e+03 8.332615e+03 8.344098e+03
10.3 8.296180e+03 8.332710e+03 8.332810e+03 8.296280e+03
11.3 8.279407e+03 8.325825e+03 8.333159e+03 8.286741e+03
12.3 8.271207e+03 8.322172e+03 8.333499e+03 8.282534e+03
13.3 8.308017e+03 8.321233e+03 8.333758e+03 8.320543e+03
14.3 8.367858e+03 8.325808e+03 8.333926e+03 8.375975e+03
15.3 8.388468e+03 8.334360e+03 8.334022e+03 8.388130e+03
16.3 8.396523e+03 8.353532e+03 8.334071e+03 8.377063e+03
17.3 8.347644e+03 8.361317e+03 8.334095e+03 8.320422e+03
18.3 8.287170e+03 8.345712e+03 8.334106e+03 8.275564e+03
19.3 8.330980e+03 8.348105e+03 8.334111e+03 8.316985e+03
20.3 8.375294e+03 8.354097e+03 8.334112e+03 8.355309e+03
0.5 8.305831e+03 8.325513e+03 8.334141e+03 8.314458e+03
1.5 8.311133e+03 8.319359e+03 8.338198e+03 8.329973e+03
2.5 8.339578e+03 8.326362e+03 8.347882e+03 8.361098e+03
3.5 8.323695e+03 8.321954e+03 8.349595e+03 8.351336e+03
4.5 8.306813e+03 8.305866e+03 8.344531e+03 8.345478e+03
5.5 8.312488e+03 8.302792e+03 8.339104e+03 8.348800e+03
6.5 8.391020e+03 8.329089e+03 8.335562e+03 8.397493e+03
7.5 8.391616e+03 8.346303e+03 8.333670e+03 8.378983e+03
8.5 8.347849e+03 8.347707e+03 8.335941e+03 8.336083e+03
9.5 8.321763e+03 8.349372e+03 8.345598e+03 8.317989e+03
10.5 8.339673e+03 8.345296e+03 8.348677e+03 8.343054e+03
11.5 8.351852e+03 8.336188e+03 8.344354e+03 8.360018e+03
12.5 8.323225e+03 8.328102e+03 8.339094e+03 8.334217e+03
13.5 8.267427e+03 8.323217e+03 8.335564e+03 8.279773e+03
14.5 8.315218e+03 8.320788e+03 8.333656e+03 8.328087e+03
15.5 8.385229e+03 8.315335e+03 8.332817e+03 8.402710e+03
16.5 8.427049e+03 8.303732e+03 8.332698e+03 8.456015e+03
17.5 8.388862e+03 8.303081e+03 8.337478e+03 8.423259e+03
18.5 8.339153e+03 8.318366e+03 8.347356e+03 8.368143e+03
19.5 8.288869e+03 8.328675e+03 8.348839e+03 8.309032e+03
20.5 8.298040e+03 8.333027e+03 8.343858e+03 8.308871e+03
0.4 8.391616e+03 8.346303e+03 8.333670e+03 8.378983e+03
1.4 8.347849e+03 8.347707e+03 8.335941e+03 8.336083e+03
2.4 8.321763e+03 8.349372e+03 8.345598e+03 8.317989e+03
3.4 8.339673e+03 8.345296e+03 8.348677e+03 8.343054e+03
4.4 8.351852e+03 8.336188e+03 8.344354e+03 8.360018e+03
5.4 8.323225e+03 8.328102e+03 8.339094e+03 8.334217e+03
6.4 8.267427e+03 8.323217e+03 8.335564e+03 8.279773e+03
7.4 8.315218e+03 8.320788e+03 8.333656e+03 8.328087e+03
8.4 8.385229e+03 8.315335e+03 8.332817e+03 8.402710e+03
9.4 8.427049e+03 8.303732e+03 8.332698e+03 8.456015e+03
10.4 8.388862e+03 8.303081e+03 8.337478e+03 8.423259e+03
11.4 8.339153e+03 8.318366e+03 8.347356e+03 8.368143e+03
12.4 8.288869e+03 8.328675e+03 8.348839e+03 8.309032e+03
13.4 8.298040e+03 8.333027e+03 8.343858e+03 8.308871e+03
14.4 8.345806e+03 8.350676e+03 8.338674e+03 8.333805e+03
15.4 8.372429e+03 8.362974e+03 8.335331e+03 8.344786e+03
16.4 8.340240e+03 8.354027e+03 8.333553e+03 8.319767e+03
17.4 8.285349e+03 8.337654e+03 8.332801e+03 8.280495e+03
18.4 8.260994e+03 8.342105e+03 8.332690e+03 8.251579e+03
19.4 8.328103e+03 8.354503e+03 8.332924e+03 8.306524e+03
20.4 8.365792e+03 8.349747e+03 8.333271e+03 8.349316e+03
0.6 8.427049e+03 8.303732e+03 8.332698e+03 8.456015e+03
1.6 8.388862e+03 8.303081e+03 8.337478e+03 8.423259e+03
2.6 8.339153e+03 8.318366e+03 8.347356e+03 8.368143e+03
3.6 8.288869e+03 8.328675e+03 8.348839e+03 8.309032e+03
4.6 8.298040e+03 8.333027e+03 8.343858e+03 8.308871e+03
5.6 8.345806e+03 8.350676e+03 8.338674e+03 8.333805e+03
6.6 8.372429e+03 8.362974e+03 8.335331e+03 8.344786e+03
7.6 8.340240e+03 8.354027e+03 8.333553e+03 8.319767e+03
8.6 8.285349e+03 8.337654e+03 8.332801e+03 8.280495e+03
9.6 8.260994e+03 8.342105e+03 8.332690e+03 8.251579e+03
10.6 8.328103e+03 8.354503e+03 8.332924e+03 8.306524e+03
11.6 8.365792e+03 8.349747e+03 8.333271e+03 8.349316e+03
12.6 8.376261e+03 8.337319e+03 8.333587e+03 8.372528e+03
13.6 8.423528e+03 8.327644e+03 8.333816e+03 8.429700e+03
14.6 8.399580e+03 8.322384e+03 8.333960e+03 8.411155e+03
15.6 8.394513e+03 8.321018e+03 8.334040e+03 8.407534e+03
16.6 8.318421e+03 8.325533e+03 8.334080e+03 8.326969e+03
17.6 8.304724e+03 8.340842e+03 8.334099e+03 8.297982e+03
18.6 8.324299e+03 8.360861e+03 8.334108e+03 8.297546e+03
19.6 8.318096e+03 8.359641e+03 8.334111e+03 8.292565e+03
20.6 8.308257e+03 8.345675e+03 8.334113e+03 8.296694e+03
0.3 8.354449e+03 8.338934e+03 8.334114e+03 8.349629e+03
1.3 8.309075e+03 8.327376e+03 8.336172e+03 8.317871e+03
2.3 8.281679e+03 8.330965e+03 8.345778e+03 8.296491e+03
3.3 8.280568e+03 8.332379e+03 8.350094e+03 8.298283e+03
4.3 8.344472e+03 8.330594e+03 8.346062e+03 8.359940e+03
5.3 8.403750e+03 8.347297e+03 8.340341e+03 8.396793e+03
6.3 8.426403e+03 8.356204e+03 8.336291e+03 8.406490e+03
7.3 8.404113e+03 8.349166e+03 8.334349e+03 8.389295e+03
8.3 8.369237e+03 8.344582e+03 8.340229e+03 8.364884e+03
9.3 8.360164e+03 8.343840e+03 8.348116e+03 8.364440e+03
10.3 8.333312e+03 8.337417e+03 8.347092e+03 8.342986e+03
11.3 8.315043e+03 8.331346e+03 8.341722e+03 8.325419e+03
12.3 8.340089e+03 8.332408e+03 8.337160e+03 8.344841e+03
13.3 8.380700e+03 8.341530e+03 8.334458e+03 8.373628e+03
14.3 8.382570e+03 8.360330e+03 8.333120e+03 8.355360e+03
15.3 8.330709e+03 8.360578e+03 8.332643e+03 8.302773e+03
16.3 8.307724e+03 8.344243e+03 8.333131e+03 8.296612e+03
17.3 8.337018e+03 8.336548e+03 8.340860e+03 8.341331e+03
18.3 8.372428e+03 8.336611e+03 8.348969e+03 8.384786e+03
19.3 8.355423e+03 8.330130e+03 8.347645e+03 8.372938e+03
20.3 8.312983e+03 8.324877e+03 8.345427e+03 8.333533e+03
0.9 8.404113e+03 8.349166e+03 8.334349e+03 8.389295e+03
1.9 8.369237e+03 8.344582e+03 8.340229e+03 8.364884e+03
2.9 8.360164e+03 8.343840e+03 8.348116e+03 8.364440e+03
3.9 8.333312e+03 8.337417e+03 8.347092e+03 8.342986e+03
4.9 8.315043e+03 8.331346e+03 8.341722e+03 8.325419e+03
5.9 8.340089e+03 8.332408e+03 8.337160e+03 8.344841e+03
6.9 8.380700e+03 8.341530e+03 8.334458e+03 8.373628e+03
7.9 8.382570e+03 8.360330e+03 8.333120e+03 8.355360e+03
8.9 8.330709e+03 8.360578e+03 8.332643e+03 8.302773e+03
9.9 8.307724e+03 8.344243e+03 8.333131e+03 8.296612e+03
10.9 8.337018e+03 8.336548e+03 8.340860e+03 8.341331e+03
11.9 8.372428e+03 8.336611e+03 8.348969e+03 8.384786e+03
12.9 8.355423e+03 8.330130e+03 8.347645e+03 8.372938e+03
13.9 8.312983e+03 8.324877e+03 8.345427e+03 8.333533e+03
14.9 8.276597e+03 8.330974e+03 8.350565e+03 8.296188e+03
15.9 8.291573e+03 8.333646e+03 8.350344e+03 8.308270e+03
16.9 8.338330e+03 8.330137e+03 8.344161e+03 8.352355e+03
17.9 8.351824e+03 8.325880e+03 8.338101e+03 8.364045e+03
18.9 8.322349e+03 8.323219e+03 8.334418e+03 8.333549e+03
19.9 8.285516e+03 8.321968e+03 8.332693e+03 8.296241e+03
20.9 8.329963e+03 8.321557e+03 8.332144e+03 8.340550e+03
0.9 8.307724e+03 8.344243e+03 8.333131e+03 8.296612e+03
1.9 8.337018e+03 8.336548e+03 8.340860e+03 8.341331e+03
2.9 8.372428e+03 8.336611e+03 8.348969e+03 8.384786e+03
3.9 8.355423e+03 8.330130e+03 8.347645e+03 8.372938e+03
4.9 8.312983e+03 8.324877e+03 8.345427e+03 8.333533e+03
5.9 8.276597e+03 8.330974e+03 8.350565e+03 8.296188e+03
6.9 8.291573e+03 8.333646e+03 8.350344e+03 8.308270e+03
7.9 8.338330e+03 8.330137e+03 8.344161e+03 8.352355e+03
8.9 8.351824e+03 8.325880e+03 8.338101e+03 8.364045e+03
9.9 8.322349e+03 8.323219e+03 8.334418e+03 8.333549e+03
10.9 8.285516e+03 8.321968e+03 8.332693e+03 8.296241e+03
11.9 8.329963e+03 8.321557e+03 8.332144e+03 8.340550e+03
12.9 8.385657e+03 8.321431e+03 8.332241e+03 8.396468e+03
13.9 8.376241e+03 8.316885e+03 8.332638e+03 8.391995e+03
14.9 8.358675e+03 8.304633e+03 8.333099e+03 8.387141e+03
15.9 8.303461e+03 8.296216e+03 8.333489e+03 8.340733e+03
16.9 8.265757e+03 8.317375e+03 8.333763e+03 8.282146e+03
17.9 8.283783e+03 8.343165e+03 8.333933e+03 8.274551e+03
18.9 8.362961e+03 8.348332e+03 8.334027e+03 8.348656e+03
19.9 8.400447e+03 8.343966e+03 8.334074e+03 8.390556e+03
20.9 8.370250e+03 8.354499e+03 8.334097e+03 8.349849e+03
0.5 8.355423e+03 8.330130e+03 8.347645e+03 8.372938e+03
1.5 8.312983e+03 8.324877e+03 8.345427e+03 8.333533e+03
2.5 8.276597e+03 8.330974e+03 8.350565e+03 8.296188e+03
3.5 8.291573e+03 8.333646e+03 8.350344e+03 8.308270e+03
4.5 8.338330e+03 8.330137e+03 8.344161e+03 8.352355e+03
5.5 8.351824e+03 8.325880e+03 8.338101e+03 8.364045e+03
6.5 8.322349e+03 8.323219e+03 8.334418e+03 8.333549e+03
7.5 8.285516e+03 8.321968e+03 8.332693e+03 8.296241e+03
8.5 8.329963e+03 8.321557e+03 8.332144e+03 8.340550e+03
9.5 8.385657e+03 8.321431e+03 8.332241e+03 8.396468e+03
10.5 8.376241e+03 8.316885e+03 8.332638e+03 8.391995e+03
11.5 8.358675e+03 8.304633e+03 8.333099e+03 8.387141e+03
12.5 8.303461e+03 8.296216e+03 8.333489e+03 8.340733e+03
13.5 8.265757e+03 8.317375e+03 8.333763e+03 8.282146e+03
14.5 8.283783e+03 8.343165e+03 8.333933e+03 8.274551e+03
15.5 8.362961e+03 8.348332e+03 8.334027e+03 8.348656e+03
16.5 8.400447e+03 8.343966e+03 8.334074e+03 8.390556e+03
17.5 8.370250e+03 8.354499e+03 8.334097e+03 8.349849e+03
18.5 8.328742e+03 8.364069e+03 8.334107e+03 8.298780e+03
19.5 8.324678e+03 8.354838e+03 8.334111e+03 8.303950e+03
20.5 8.305769e+03 8.339602e+03 8.334113e+03 8.300279e+03
1.0 8.254296e+03 8.310593e+03 8.334626e+03 8.278329e+03
2.0 8.288923e+03 8.309580e+03 8.342287e+03 8.321630e+03
3.0 8.371291e+03 8.320822e+03 8.349811e+03 8.400280e+03
4.0 8.387539e+03 8.325511e+03 8.347954e+03 8.409983e+03
5.0 8.344965e+03 8.321402e+03 8.342184e+03 8.365747e+03
6.0 8.297791e+03 8.308451e+03 8.337452e+03 8.326792e+03
7.0 8.258684e+03 8.296680e+03 8.334641e+03 8.296645e+03
8.0 8.255824e+03 8.312040e+03 8.333231e+03 8.277015e+03
9.0 8.340398e+03 8.338321e+03 8.332719e+03 8.334796e+03
10.0 8.376916e+03 8.341333e+03 8.332750e+03 8.368334e+03
11.0 8.388443e+03 8.331706e+03 8.333041e+03 8.389778e+03
12.0 8.375457e+03 8.339683e+03 8.333387e+03 8.369162e+03
13.0 8.389794e+03 8.355788e+03 8.333676e+03 8.367682e+03
14.0 8.367375e+03 8.353104e+03 8.333874e+03 8.348145e+03
15.0 8.320140e+03 8.340696e+03 8.333993e+03 8.313436e+03
16.0 8.301283e+03 8.330197e+03 8.334057e+03 8.305144e+03
17.0 8.329836e+03 8.324331e+03 8.334089e+03 8.339593e+03
18.0 8.354997e+03 8.322665e+03 8.334103e+03 8.366434e+03
19.0 8.325367e+03 8.326073e+03 8.334109e+03 8.333403e+03
20.0 8.300785e+03 8.346479e+03 8.334112e+03 8.288418e+03
21.0 8.286475e+03 8.358266e+03 8.334113e+03 8.262322e+03
0.3 8.419477e+03 8.324607e+03 8.334115e+03 8.428985e+03
1.3 8.368928e+03 8.325561e+03 8.336362e+03 8.379730e+03
2.3 8.307383e+03 8.334224e+03 8.346039e+03 8.319198e+03
3.3 8.261903e+03 8.338734e+03 8.350066e+03 8.273235e+03
4.3 8.296634e+03 8.340254e+03 8.345894e+03 8.302274e+03
5.3 8.340433e+03 8.343883e+03 8.340197e+03 8.336746e+03
6.3 8.380427e+03 8.360004e+03 8.336205e+03 8.356627e+03
7.3 8.416077e+03 8.365619e+03 8.333985e+03 8.384442e+03
8.3 8.384858e+03 8.349885e+03 8.332957e+03 8.367930e+03
9.3 8.323384e+03 8.322906e+03 8.332683e+03 8.333161e+03
10.3 8.275407e+03 8.300484e+03 8.332841e+03 8.307764e+03
11.3 8.247590e+03 8.308629e+03 8.333172e+03 8.272133e+03
12.3 8.275822e+03 8.334518e+03 8.333504e+03 8.274809e+03
13.3 8.288818e+03 8.340742e+03 8.333760e+03 8.281836e+03
14.3 8.283977e+03 8.331141e+03 8.333926e+03 8.286762e+03
15.3 8.320232e+03 8.331175e+03 8.334022e+03 8.323079e+03
16.3 8.363639e+03 8.350069e+03 8.334071e+03 8.347641e+03
17.3 8.392062e+03 8.356251e+03 8.334095e+03 8.369906e+03
18.3 8.405960e+03 8.352667e+03 8.334106e+03 8.387399e+03
19.3 8.383270e+03 8.361205e+03 8.334111e+03 8.356176e+03
20.3 8.355557e+03 8.367807e+03 8.334112e+03 8.321863e+03
