0.3 9.459948e+03 9.474326e+03 9.458538e+03 9.444159e+03
1.3 9.462574e+03 9.461853e+03 9.458078e+03 9.458800e+03
2.3 9.473491e+03 9.448713e+03 9.454355e+03 9.479133e+03
3.3 9.450280e+03 9.440781e+03 9.448130e+03 9.457628e+03
4.3 9.445631e+03 9.441069e+03 9.445196e+03 9.449757e+03
5.3 9.480258e+03 9.452325e+03 9.448049e+03 9.475982e+03
6.3 9.474745e+03 9.460772e+03 9.452782e+03 9.466754e+03
7.3 9.479270e+03 9.465176e+03 9.456425e+03 9.470519e+03
8.3 9.463193e+03 9.472964e+03 9.458533e+03 9.448762e+03
9.3 9.458716e+03 9.474822e+03 9.459521e+03 9.443415e+03
10.3 9.461567e+03 9.462884e+03 9.459802e+03 9.458485e+03
11.3 9.479456e+03 9.455732e+03 9.459685e+03 9.483410e+03
12.3 9.475007e+03 9.460696e+03 9.459402e+03 9.473714e+03
13.3 9.462403e+03 9.459348e+03 9.459107e+03 9.462161e+03
14.3 9.452000e+03 9.451427e+03 9.458874e+03 9.459447e+03
15.3 9.483178e+03 9.449379e+03 9.458719e+03 9.492518e+03
16.3 9.530150e+03 9.456109e+03 9.458628e+03 9.532669e+03
17.3 9.501160e+03 9.471422e+03 9.458580e+03 9.488318e+03
18.3 9.470651e+03 9.477626e+03 9.458556e+03 9.451582e+03
19.3 9.448186e+03 9.466132e+03 9.458545e+03 9.440600e+03
20.3 9.443111e+03 9.456506e+03 9.458541e+03 9.445145e+03
21.3 9.474927e+03 9.459666e+03 9.458539e+03 9.473799e+03
1.0 9.425664e+03 9.464165e+03 9.458399e+03 9.419898e+03
2.0 9.431252e+03 9.450726e+03 9.455838e+03 9.436364e+03
3.0 9.423619e+03 9.441946e+03 9.449881e+03 9.431554e+03
4.0 9.456822e+03 9.437886e+03 9.445473e+03 9.464409e+03
5.0 9.474101e+03 9.434208e+03 9.447022e+03 9.486915e+03
6.0 9.450696e+03 9.435930e+03 9.451631e+03 9.466397e+03
7.0 9.449395e+03 9.448208e+03 9.455644e+03 9.456831e+03
8.0 9.444247e+03 9.465056e+03 9.458104e+03 9.437295e+03
9.0 9.494485e+03 9.473667e+03 9.459332e+03 9.480150e+03
10.0 9.505530e+03 9.465099e+03 9.459764e+03 9.500195e+03
11.0 9.462230e+03 9.455694e+03 9.459728e+03 9.466264e+03
12.0 9.440033e+03 9.453321e+03 9.459474e+03 9.446186e+03
13.0 9.447873e+03 9.454124e+03 9.459174e+03 9.452924e+03
14.0 9.439560e+03 9.455025e+03 9.458924e+03 9.443459e+03
15.0 9.447700e+03 9.451766e+03 9.458751e+03 9.454685e+03
16.0 9.457056e+03 9.442684e+03 9.458646e+03 9.473017e+03
17.0 9.475874e+03 9.434903e+03 9.458589e+03 9.499560e+03
18.0 9.456761e+03 9.431821e+03 9.458561e+03 9.483501e+03
19.0 9.437158e+03 9.437915e+03 9.458547e+03 9.457791e+03
20.0 9.421903e+03 9.451372e+03 9.458542e+03 9.429073e+03
21.0 9.424079e+03 9.466270e+03 9.458539e+03 9.416347e+03
22.0 9.435292e+03 9.467455e+03 9.458538e+03 9.426375e+03
0.1 9.502036e+03 9.481495e+03 9.458538e+03 9.479079e+03
1.1 9.496177e+03 9.464538e+03 9.458239e+03 9.489877e+03
2.1 9.470021e+03 9.449081e+03 9.455141e+03 9.476082e+03
3.1 9.446686e+03 9.444605e+03 9.451576e+03 9.453657e+03
4.1 9.441976e+03 9.452960e+03 9.451995e+03 9.441012e+03
5.1 9.425329e+03 9.459365e+03 9.454539e+03 9.420502e+03
6.1 9.434378e+03 9.460082e+03 9.456797e+03 9.431092e+03
7.1 9.433404e+03 9.458946e+03 9.458183e+03 9.432641e+03
8.1 9.469434e+03 9.457967e+03 9.458893e+03 9.470360e+03
9.1 9.517444e+03 9.457479e+03 9.459167e+03 9.519132e+03
10.1 9.492259e+03 9.460880e+03 9.459174e+03 9.490553e+03
11.1 9.446060e+03 9.470076e+03 9.459048e+03 9.435033e+03
12.1 9.443934e+03 9.477810e+03 9.458889e+03 9.425013e+03
13.1 9.460611e+03 9.480457e+03 9.458709e+03 9.438863e+03
14.1 9.461192e+03 9.473162e+03 9.456824e+03 9.444854e+03
15.1 9.486680e+03 9.459939e+03 9.452575e+03 9.479316e+03
16.1 9.450183e+03 9.445751e+03 9.451443e+03 9.455876e+03
17.1 9.413634e+03 9.439128e+03 9.453555e+03 9.428060e+03
18.1 9.403580e+03 9.445292e+03 9.456064e+03 9.414351e+03
19.1 9.436132e+03 9.460751e+03 9.457764e+03 9.433146e+03
20.1 9.471385e+03 9.463771e+03 9.458692e+03 9.466306e+03
21.1 9.502278e+03 9.456288e+03 9.459104e+03 9.505094e+03
0.8 9.460611e+03 9.480457e+03 9.458709e+03 9.438863e+03
1.8 9.461192e+03 9.473162e+03 9.456824e+03 9.444854e+03
2.8 9.486680e+03 9.459939e+03 9.452575e+03 9.479316e+03
3.8 9.450183e+03 9.445751e+03 9.451443e+03 9.455876e+03
4.8 9.413634e+03 9.439128e+03 9.453555e+03 9.428060e+03
5.8 9.403580e+03 9.445292e+03 9.456064e+03 9.414351e+03
6.8 9.436132e+03 9.460751e+03 9.457764e+03 9.433146e+03
7.8 9.471385e+03 9.463771e+03 9.458692e+03 9.466306e+03
8.8 9.502278e+03 9.456288e+03 9.459104e+03 9.505094e+03
9.8 9.447899e+03 9.453090e+03 9.459193e+03 9.454002e+03
10.8 9.467732e+03 9.453937e+03 9.459103e+03 9.472898e+03
11.8 9.413157e+03 9.455336e+03 9.458948e+03 9.416768e+03
12.8 9.410243e+03 9.456234e+03 9.458799e+03 9.412808e+03
13.8 9.381276e+03 9.455499e+03 9.458688e+03 9.384465e+03
14.8 9.378458e+03 9.449006e+03 9.458616e+03 9.388068e+03
15.8 9.411905e+03 9.440283e+03 9.458576e+03 9.430198e+03
16.8 9.413382e+03 9.435175e+03 9.458555e+03 9.436762e+03
17.8 9.400192e+03 9.439338e+03 9.458545e+03 9.419400e+03
18.8 9.405618e+03 9.447076e+03 9.458453e+03 9.416994e+03
19.8 9.428852e+03 9.451064e+03 9.456225e+03 9.434013e+03
20.8 9.463109e+03 9.449179e+03 9.450755e+03 9.464686e+03
21.8 9.450281e+03 9.444604e+03 9.448078e+03 9.453755e+03
0.9 9.405618e+03 9.447076e+03 9.458453e+03 9.416994e+03
1.9 9.428852e+03 9.451064e+03 9.456225e+03 9.434013e+03
2.9 9.463109e+03 9.449179e+03 9.450755e+03 9.464686e+03
3.9 9.450281e+03 9.444604e+03 9.448078e+03 9.453755e+03
4.9 9.448790e+03 9.439939e+03 9.450421e+03 9.459272e+03
5.9 9.450812e+03 9.442581e+03 9.454156e+03 9.462387e+03
6.9 9.464997e+03 9.449009e+03 9.456945e+03 9.472933e+03
7.9 9.474372e+03 9.454305e+03 9.458538e+03 9.478605e+03
8.9 9.504206e+03 9.457355e+03 9.459287e+03 9.506138e+03
9.9 9.520949e+03 9.458738e+03 9.459502e+03 9.521713e+03
10.9 9.514290e+03 9.460304e+03 9.459412e+03 9.513397e+03
11.9 9.485148e+03 9.469219e+03 9.459194e+03 9.475124e+03
12.9 9.517244e+03 9.483560e+03 9.458968e+03 9.492652e+03
13.9 9.532302e+03 9.487393e+03 9.458791e+03 9.503700e+03
14.9 9.484874e+03 9.472688e+03 9.458674e+03 9.470860e+03
15.9 9.439201e+03 9.463535e+03 9.458605e+03 9.434270e+03
16.9 9.441480e+03 9.467540e+03 9.458569e+03 9.432509e+03
17.9 9.455958e+03 9.473565e+03 9.458551e+03 9.440944e+03
18.9 9.476079e+03 9.477652e+03 9.458543e+03 9.456970e+03
19.9 9.511640e+03 9.478741e+03 9.458540e+03 9.491438e+03
20.9 9.526409e+03 9.475651e+03 9.458539e+03 9.509296e+03
21.9 9.479650e+03 9.461793e+03 9.458529e+03 9.476387e+03
0.6 9.479650e+03 9.461793e+03 9.458529e+03 9.476387e+03
1.6 9.422565e+03 9.449698e+03 9.457370e+03 9.430236e+03
2.6 9.401497e+03 9.443619e+03 9.453254e+03 9.411132e+03
3.6 9.413516e+03 9.448226e+03 9.451285e+03 9.416574e+03
4.6 9.420192e+03 9.457874e+03 9.453011e+03 9.415329e+03
5.6 9.414412e+03 9.461416e+03 9.455608e+03 9.408604e+03
6.6 9.430224e+03 9.457687e+03 9.457492e+03 9.430028e+03
7.6 9.438509e+03 9.446989e+03 9.458554e+03 9.450074e+03
8.6 9.416625e+03 9.437229e+03 9.459053e+03 9.438449e+03
9.6 9.407939e+03 9.431953e+03 9.459194e+03 9.435180e+03
10.6 9.405273e+03 9.439162e+03 9.459130e+03 9.425240e+03
11.6 9.452373e+03 9.458118e+03 9.458980e+03 9.453236e+03
12.6 9.480432e+03 9.474791e+03 9.458826e+03 9.464467e+03
13.6 9.478440e+03 9.481070e+03 9.458707e+03 9.456076e+03
14.6 9.463454e+03 9.483565e+03 9.458628e+03 9.438516e+03
15.6 9.462703e+03 9.486484e+03 9.458582e+03 9.434801e+03
16.6 9.470759e+03 9.486147e+03 9.458558e+03 9.443171e+03
17.6 9.501435e+03 9.478216e+03 9.458547e+03 9.481765e+03
18.6 9.491424e+03 9.467696e+03 9.458541e+03 9.482270e+03
19.6 9.479791e+03 9.459921e+03 9.458539e+03 9.478409e+03
20.6 9.475802e+03 9.455740e+03 9.458538e+03 9.478600e+03
21.6 9.510102e+03 9.454081e+03 9.458538e+03 9.514559e+03
0.9 9.446660e+03 9.469750e+03 9.458463e+03 9.435374e+03
1.9 9.492125e+03 9.454708e+03 9.456345e+03 9.493762e+03
2.9 9.481727e+03 9.443943e+03 9.450616e+03 9.488400e+03
3.9 9.445749e+03 9.438657e+03 9.445687e+03 9.452779e+03
4.9 9.426059e+03 9.434548e+03 9.446598e+03 9.438109e+03
5.9 9.445785e+03 9.434770e+03 9.451091e+03 9.462106e+03
6.9 9.452613e+03 9.441790e+03 9.455264e+03 9.466087e+03
7.9 9.436681e+03 9.449760e+03 9.457894e+03 9.444815e+03
8.9 9.429273e+03 9.454232e+03 9.459239e+03 9.434279e+03
9.9 9.431489e+03 9.450710e+03 9.459744e+03 9.440523e+03
10.9 9.434691e+03 9.442961e+03 9.459747e+03 9.451478e+03
11.9 9.497216e+03 9.437198e+03 9.459507e+03 9.519526e+03
12.9 9.515197e+03 9.436814e+03 9.459207e+03 9.537590e+03
13.9 9.472591e+03 9.435884e+03 9.458949e+03 9.495656e+03
14.9 9.435322e+03 9.433421e+03 9.458767e+03 9.460668e+03
15.9 9.400426e+03 9.436301e+03 9.458656e+03 9.422781e+03
16.9 9.404886e+03 9.444756e+03 9.458594e+03 9.418724e+03
17.9 9.401403e+03 9.451442e+03 9.458563e+03 9.408523e+03
18.9 9.439313e+03 9.449535e+03 9.458548e+03 9.448326e+03
19.9 9.459620e+03 9.442771e+03 9.458542e+03 9.475390e+03
20.9 9.433926e+03 9.438064e+03 9.458539e+03 9.454402e+03
21.9 9.423055e+03 9.442594e+03 9.458538e+03 9.438999e+03
0.5 9.416418e+03 9.452604e+03 9.458534e+03 9.422348e+03
1.5 9.429836e+03 9.452850e+03 9.457604e+03 9.434590e+03
2.5 9.430737e+03 9.449401e+03 9.453032e+03 9.434368e+03
3.5 9.428307e+03 9.444565e+03 9.448340e+03 9.432082e+03
4.5 9.430664e+03 9.438587e+03 9.448906e+03 9.440983e+03
5.5 9.457837e+03 9.438318e+03 9.452553e+03 9.472072e+03
6.5 9.499558e+03 9.444507e+03 9.455899e+03 9.510950e+03
7.5 9.547902e+03 9.451183e+03 9.457978e+03 9.554697e+03
8.5 9.495734e+03 9.454372e+03 9.457807e+03 9.499169e+03
9.5 9.458764e+03 9.451767e+03 9.453303e+03 9.460301e+03
10.5 9.446883e+03 9.450128e+03 9.449194e+03 9.445949e+03
11.5 9.448855e+03 9.458154e+03 9.450203e+03 9.440904e+03
12.5 9.463384e+03 9.462702e+03 9.453665e+03 9.454347e+03
13.5 9.500090e+03 9.454484e+03 9.456606e+03 9.502212e+03
14.5 9.469718e+03 9.442700e+03 9.458366e+03 9.485385e+03
15.5 9.455180e+03 9.434343e+03 9.459232e+03 9.480068e+03
16.5 9.449411e+03 9.435061e+03 9.459525e+03 9.473875e+03
17.5 9.454058e+03 9.445188e+03 9.459477e+03 9.468347e+03
18.5 9.454499e+03 9.461866e+03 9.459270e+03 9.451903e+03
19.5 9.457020e+03 9.476470e+03 9.459033e+03 9.439583e+03
20.5 9.482962e+03 9.474590e+03 9.458837e+03 9.467209e+03
21.5 9.501216e+03 9.461843e+03 9.458702e+03 9.498075e+03
0.6 9.547902e+03 9.451183e+03 9.457978e+03 9.554697e+03
1.6 9.495734e+03 9.454372e+03 9.457807e+03 9.499169e+03
2.6 9.458764e+03 9.451767e+03 9.453303e+03 9.460301e+03
3.6 9.446883e+03 9.450128e+03 9.449194e+03 9.445949e+03
4.6 9.448855e+03 9.458154e+03 9.450203e+03 9.440904e+03
5.6 9.463384e+03 9.462702e+03 9.453665e+03 9.454347e+03
6.6 9.500090e+03 9.454484e+03 9.456606e+03 9.502212e+03
7.6 9.469718e+03 9.442700e+03 9.458366e+03 9.485385e+03
8.6 9.455180e+03 9.434343e+03 9.459232e+03 9.480068e+03
9.6 9.449411e+03 9.435061e+03 9.459525e+03 9.473875e+03
10.6 9.454058e+03 9.445188e+03 9.459477e+03 9.468347e+03
11.6 9.454499e+03 9.461866e+03 9.459270e+03 9.451903e+03
12.6 9.457020e+03 9.476470e+03 9.459033e+03 9.439583e+03
13.6 9.482962e+03 9.474590e+03 9.458837e+03 9.467209e+03
14.6 9.501216e+03 9.461843e+03 9.458702e+03 9.498075e+03
15.6 9.505743e+03 9.457833e+03 9.458621e+03 9.506531e+03
16.6 9.515006e+03 9.464758e+03 9.458577e+03 9.508825e+03
17.6 9.545926e+03 9.466674e+03 9.458555e+03 9.537808e+03
18.6 9.499718e+03 9.456647e+03 9.458545e+03 9.501616e+03
19.6 9.451858e+03 9.447709e+03 9.458541e+03 9.462690e+03
20.6 9.418270e+03 9.440206e+03 9.458539e+03 9.436604e+03
21.6 9.413097e+03 9.433707e+03 9.458538e+03 9.437928e+03
0.1 9.502384e+03 9.478470e+03 9.458538e+03 9.482452e+03
1.1 9.553700e+03 9.467433e+03 9.458330e+03 9.544597e+03
2.1 9.497884e+03 9.453189e+03 9.455526e+03 9.500220e+03
3.1 9.465665e+03 9.443991e+03 9.451736e+03 9.473410e+03
4.1 9.400532e+03 9.436950e+03 9.451829e+03 9.415411e+03
5.1 9.399692e+03 9.437689e+03 9.454312e+03 9.416315e+03
6.1 9.399486e+03 9.444449e+03 9.456638e+03 9.411675e+03
7.1 9.410508e+03 9.451334e+03 9.458095e+03 9.417269e+03
8.1 9.420111e+03 9.459058e+03 9.458852e+03 9.419906e+03
9.1 9.449906e+03 9.469945e+03 9.459156e+03 9.439117e+03
10.1 9.477850e+03 9.477344e+03 9.459180e+03 9.459687e+03
11.1 9.500131e+03 9.469267e+03 9.459062e+03 9.489926e+03
12.1 9.515751e+03 9.456867e+03 9.458903e+03 9.517786e+03
