0.3 1.087877e+04 1.085802e+04 1.084992e+04 1.087068e+04
1.3 1.088314e+04 1.085855e+04 1.084957e+04 1.087416e+04
2.3 1.087605e+04 1.085059e+04 1.084676e+04 1.087222e+04
3.3 1.083022e+04 1.083835e+04 1.084205e+04 1.083392e+04
4.3 1.081914e+04 1.083277e+04 1.083983e+04 1.082620e+04
5.3 1.087467e+04 1.084087e+04 1.084199e+04 1.087578e+04
6.3 1.087291e+04 1.084628e+04 1.084557e+04 1.087219e+04
7.3 1.084056e+04 1.084557e+04 1.084832e+04 1.084331e+04
8.3 1.083442e+04 1.084542e+04 1.084992e+04 1.083892e+04
9.3 1.087096e+04 1.084689e+04 1.085066e+04 1.087473e+04
10.3 1.087216e+04 1.084952e+04 1.085088e+04 1.087352e+04
11.3 1.086565e+04 1.084864e+04 1.085079e+04 1.086780e+04
12.3 1.086429e+04 1.084691e+04 1.085057e+04 1.086796e+04
13.3 1.086367e+04 1.084792e+04 1.085035e+04 1.086610e+04
14.3 1.081843e+04 1.084869e+04 1.085018e+04 1.081992e+04
15.3 1.084476e+04 1.084551e+04 1.085006e+04 1.084932e+04
16.3 1.087870e+04 1.084760e+04 1.084999e+04 1.088110e+04
17.3 1.087442e+04 1.086281e+04 1.084995e+04 1.086157e+04
18.3 1.085764e+04 1.087397e+04 1.084993e+04 1.083361e+04
19.3 1.087757e+04 1.087159e+04 1.084993e+04 1.085591e+04
20.3 1.084697e+04 1.086038e+04 1.084992e+04 1.083651e+04
21.3 1.086038e+04 1.085673e+04 1.084992e+04 1.085358e+04
1.0 1.084799e+04 1.084719e+04 1.084982e+04 1.085061e+04
2.0 1.085187e+04 1.084315e+04 1.084788e+04 1.085660e+04
3.0 1.081010e+04 1.083431e+04 1.084337e+04 1.081917e+04
4.0 1.082951e+04 1.082797e+04 1.084004e+04 1.084158e+04
5.0 1.087189e+04 1.083196e+04 1.084121e+04 1.088114e+04
6.0 1.082957e+04 1.083850e+04 1.084470e+04 1.083576e+04
7.0 1.081267e+04 1.084483e+04 1.084773e+04 1.081558e+04
8.0 1.079757e+04 1.085304e+04 1.084959e+04 1.079412e+04
9.0 1.085270e+04 1.085832e+04 1.085052e+04 1.084491e+04
10.0 1.090108e+04 1.085929e+04 1.085085e+04 1.089263e+04
11.0 1.085246e+04 1.085443e+04 1.085082e+04 1.084885e+04
12.0 1.080511e+04 1.084674e+04 1.085063e+04 1.080900e+04
13.0 1.081321e+04 1.084052e+04 1.085040e+04 1.082309e+04
14.0 1.083343e+04 1.083703e+04 1.085021e+04 1.084661e+04
15.0 1.083170e+04 1.083781e+04 1.085008e+04 1.084397e+04
16.0 1.081989e+04 1.084306e+04 1.085000e+04 1.082683e+04
17.0 1.083338e+04 1.084838e+04 1.084996e+04 1.083496e+04
18.0 1.086562e+04 1.085145e+04 1.084994e+04 1.086411e+04
19.0 1.087220e+04 1.084912e+04 1.084993e+04 1.087301e+04
20.0 1.083712e+04 1.084836e+04 1.084992e+04 1.083868e+04
21.0 1.081670e+04 1.085232e+04 1.084992e+04 1.081430e+04
22.0 1.084719e+04 1.085551e+04 1.084992e+04 1.084161e+04
0.1 1.086543e+04 1.085046e+04 1.084992e+04 1.086489e+04
1.1 1.087853e+04 1.084930e+04 1.084969e+04 1.087892e+04
2.1 1.084059e+04 1.084387e+04 1.084735e+04 1.084407e+04
3.1 1.080231e+04 1.083916e+04 1.084466e+04 1.080780e+04
4.1 1.084198e+04 1.084503e+04 1.084497e+04 1.084192e+04
5.1 1.085913e+04 1.084779e+04 1.084690e+04 1.085824e+04
6.1 1.083554e+04 1.084447e+04 1.084860e+04 1.083968e+04
7.1 1.079943e+04 1.084031e+04 1.084965e+04 1.080877e+04
8.1 1.081580e+04 1.083767e+04 1.085019e+04 1.082832e+04
9.1 1.087096e+04 1.083646e+04 1.085040e+04 1.088490e+04
10.1 1.088534e+04 1.083742e+04 1.085040e+04 1.089832e+04
11.1 1.084821e+04 1.084096e+04 1.085031e+04 1.085755e+04
12.1 1.082970e+04 1.084729e+04 1.085019e+04 1.083260e+04
13.1 1.084344e+04 1.085520e+04 1.085005e+04 1.083829e+04
14.1 1.084951e+04 1.085288e+04 1.084862e+04 1.084525e+04
15.1 1.089923e+04 1.084364e+04 1.084541e+04 1.090099e+04
16.1 1.088789e+04 1.084127e+04 1.084455e+04 1.089118e+04
17.1 1.084211e+04 1.084265e+04 1.084615e+04 1.084561e+04
18.1 1.081677e+04 1.084584e+04 1.084805e+04 1.081898e+04
19.1 1.085161e+04 1.085784e+04 1.084934e+04 1.084310e+04
20.1 1.083627e+04 1.086595e+04 1.085004e+04 1.082036e+04
21.1 1.091582e+04 1.086299e+04 1.085035e+04 1.090318e+04
0.8 1.084344e+04 1.085520e+04 1.085005e+04 1.083829e+04
1.8 1.084951e+04 1.085288e+04 1.084862e+04 1.084525e+04
2.8 1.089923e+04 1.084364e+04 1.084541e+04 1.090099e+04
3.8 1.088789e+04 1.084127e+04 1.084455e+04 1.089118e+04
4.8 1.084211e+04 1.084265e+04 1.084615e+04 1.084561e+04
5.8 1.081677e+04 1.084584e+04 1.084805e+04 1.081898e+04
6.8 1.085161e+04 1.085784e+04 1.084934e+04 1.084310e+04
7.8 1.083627e+04 1.086595e+04 1.085004e+04 1.082036e+04
8.8 1.091582e+04 1.086299e+04 1.085035e+04 1.090318e+04
9.8 1.087433e+04 1.085321e+04 1.085042e+04 1.087154e+04
10.8 1.088289e+04 1.084408e+04 1.085035e+04 1.088916e+04
11.8 1.081573e+04 1.083830e+04 1.085023e+04 1.082766e+04
12.8 1.084987e+04 1.083541e+04 1.085012e+04 1.086458e+04
13.8 1.077680e+04 1.083515e+04 1.085003e+04 1.079168e+04
14.8 1.079460e+04 1.083919e+04 1.084998e+04 1.080539e+04
15.8 1.082901e+04 1.084526e+04 1.084995e+04 1.083370e+04
16.8 1.083538e+04 1.084956e+04 1.084993e+04 1.083575e+04
17.8 1.081108e+04 1.084779e+04 1.084993e+04 1.081322e+04
18.8 1.081666e+04 1.084324e+04 1.084986e+04 1.082327e+04
19.8 1.082295e+04 1.083786e+04 1.084817e+04 1.083326e+04
20.8 1.087200e+04 1.083156e+04 1.084403e+04 1.088448e+04
21.8 1.085062e+04 1.083087e+04 1.084201e+04 1.086176e+04
0.9 1.081666e+04 1.084324e+04 1.084986e+04 1.082327e+04
1.9 1.082295e+04 1.083786e+04 1.084817e+04 1.083326e+04
2.9 1.087200e+04 1.083156e+04 1.084403e+04 1.088448e+04
3.9 1.085062e+04 1.083087e+04 1.084201e+04 1.086176e+04
4.9 1.085016e+04 1.083729e+04 1.084378e+04 1.085666e+04
5.9 1.082590e+04 1.084082e+04 1.084661e+04 1.083168e+04
6.9 1.083840e+04 1.084051e+04 1.084872e+04 1.084661e+04
7.9 1.084539e+04 1.083926e+04 1.084992e+04 1.085605e+04
8.9 1.086105e+04 1.083829e+04 1.085049e+04 1.087325e+04
9.9 1.087391e+04 1.083768e+04 1.085065e+04 1.088688e+04
10.9 1.089069e+04 1.083903e+04 1.085058e+04 1.090224e+04
11.9 1.086565e+04 1.085190e+04 1.085042e+04 1.086416e+04
12.9 1.086701e+04 1.087304e+04 1.085025e+04 1.084422e+04
13.9 1.089554e+04 1.088397e+04 1.085011e+04 1.086169e+04
14.9 1.091142e+04 1.087947e+04 1.085002e+04 1.088197e+04
15.9 1.085257e+04 1.086982e+04 1.084997e+04 1.083272e+04
16.9 1.084625e+04 1.086419e+04 1.084994e+04 1.083201e+04
17.9 1.084810e+04 1.086128e+04 1.084993e+04 1.083675e+04
18.9 1.082648e+04 1.086198e+04 1.084993e+04 1.081442e+04
19.9 1.085384e+04 1.086126e+04 1.084992e+04 1.084251e+04
20.9 1.090628e+04 1.085872e+04 1.084992e+04 1.089748e+04
21.9 1.090667e+04 1.085602e+04 1.084991e+04 1.090056e+04
0.6 1.090667e+04 1.085602e+04 1.084991e+04 1.090056e+04
1.6 1.085957e+04 1.084947e+04 1.084904e+04 1.085914e+04
2.6 1.084424e+04 1.083939e+04 1.084592e+04 1.085077e+04
3.6 1.084624e+04 1.083914e+04 1.084443e+04 1.085153e+04
4.6 1.083865e+04 1.084553e+04 1.084574e+04 1.083885e+04
5.6 1.080288e+04 1.084558e+04 1.084771e+04 1.080500e+04
6.6 1.086060e+04 1.084347e+04 1.084913e+04 1.086626e+04
7.6 1.084437e+04 1.084553e+04 1.084993e+04 1.084878e+04
8.6 1.084217e+04 1.084899e+04 1.085031e+04 1.084349e+04
9.6 1.079758e+04 1.085160e+04 1.085042e+04 1.079640e+04
10.6 1.081892e+04 1.085355e+04 1.085037e+04 1.081573e+04
11.6 1.083579e+04 1.086285e+04 1.085026e+04 1.082320e+04
12.6 1.086851e+04 1.087147e+04 1.085014e+04 1.084718e+04
13.6 1.088312e+04 1.087124e+04 1.085005e+04 1.086193e+04
14.6 1.084377e+04 1.087072e+04 1.084999e+04 1.082304e+04
15.6 1.082784e+04 1.087379e+04 1.084995e+04 1.080401e+04
16.6 1.081226e+04 1.087352e+04 1.084994e+04 1.078868e+04
17.6 1.085846e+04 1.086333e+04 1.084993e+04 1.084505e+04
18.6 1.086230e+04 1.084977e+04 1.084992e+04 1.086245e+04
19.6 1.083683e+04 1.083990e+04 1.084992e+04 1.084685e+04
20.6 1.083390e+04 1.083474e+04 1.084992e+04 1.084908e+04
21.6 1.085145e+04 1.083284e+04 1.084992e+04 1.086853e+04
0.9 1.079463e+04 1.084904e+04 1.084986e+04 1.079546e+04
1.9 1.085746e+04 1.084837e+04 1.084826e+04 1.085735e+04
2.9 1.087064e+04 1.084027e+04 1.084393e+04 1.087430e+04
3.9 1.085470e+04 1.083231e+04 1.084020e+04 1.086259e+04
4.9 1.079846e+04 1.083404e+04 1.084089e+04 1.080531e+04
5.9 1.080767e+04 1.083942e+04 1.084429e+04 1.081254e+04
6.9 1.081895e+04 1.084072e+04 1.084744e+04 1.082567e+04
7.9 1.083914e+04 1.083961e+04 1.084943e+04 1.084896e+04
8.9 1.082474e+04 1.083902e+04 1.085045e+04 1.083618e+04
9.9 1.082149e+04 1.084197e+04 1.085083e+04 1.083035e+04
10.9 1.081513e+04 1.084696e+04 1.085084e+04 1.081900e+04
11.9 1.085524e+04 1.085076e+04 1.085065e+04 1.085514e+04
12.9 1.090179e+04 1.085077e+04 1.085043e+04 1.090144e+04
13.9 1.089313e+04 1.085077e+04 1.085023e+04 1.089259e+04
14.9 1.086760e+04 1.085224e+04 1.085009e+04 1.086545e+04
15.9 1.084573e+04 1.085062e+04 1.085001e+04 1.084512e+04
16.9 1.083980e+04 1.084536e+04 1.084996e+04 1.084440e+04
17.9 1.080502e+04 1.084104e+04 1.084994e+04 1.081391e+04
18.9 1.081577e+04 1.084183e+04 1.084993e+04 1.082386e+04
19.9 1.086520e+04 1.084591e+04 1.084992e+04 1.086922e+04
20.9 1.086943e+04 1.084918e+04 1.084992e+04 1.087018e+04
21.9 1.081514e+04 1.084728e+04 1.084992e+04 1.081778e+04
0.5 1.083475e+04 1.083615e+04 1.084992e+04 1.084852e+04
1.5 1.081155e+04 1.083221e+04 1.084921e+04 1.082855e+04
2.5 1.085049e+04 1.082810e+04 1.084576e+04 1.086815e+04
3.5 1.080304e+04 1.082595e+04 1.084221e+04 1.081930e+04
4.5 1.079410e+04 1.083231e+04 1.084264e+04 1.080442e+04
5.5 1.081421e+04 1.083905e+04 1.084539e+04 1.082056e+04
6.5 1.084173e+04 1.084069e+04 1.084792e+04 1.084896e+04
7.5 1.085906e+04 1.083984e+04 1.084950e+04 1.086872e+04
8.5 1.083213e+04 1.083783e+04 1.084937e+04 1.084366e+04
9.5 1.081797e+04 1.083335e+04 1.084596e+04 1.083059e+04
10.5 1.081296e+04 1.083187e+04 1.084285e+04 1.082394e+04
11.5 1.082198e+04 1.084172e+04 1.084362e+04 1.082388e+04
12.5 1.081630e+04 1.084919e+04 1.084624e+04 1.081335e+04
13.5 1.086755e+04 1.085221e+04 1.084846e+04 1.086381e+04
14.5 1.087767e+04 1.085373e+04 1.084979e+04 1.087373e+04
15.5 1.088877e+04 1.085491e+04 1.085045e+04 1.088430e+04
16.5 1.084593e+04 1.085229e+04 1.085067e+04 1.084431e+04
17.5 1.084764e+04 1.084709e+04 1.085063e+04 1.085118e+04
18.5 1.084634e+04 1.084488e+04 1.085047e+04 1.085194e+04
19.5 1.082616e+04 1.084525e+04 1.085030e+04 1.083120e+04
20.5 1.082276e+04 1.084727e+04 1.085015e+04 1.082564e+04
21.5 1.082195e+04 1.084877e+04 1.085004e+04 1.082322e+04
0.6 1.085906e+04 1.083984e+04 1.084950e+04 1.086872e+04
1.6 1.083213e+04 1.083783e+04 1.084937e+04 1.084366e+04
2.6 1.081797e+04 1.083335e+04 1.084596e+04 1.083059e+04
3.6 1.081296e+04 1.083187e+04 1.084285e+04 1.082394e+04
4.6 1.082198e+04 1.084172e+04 1.084362e+04 1.082388e+04
5.6 1.081630e+04 1.084919e+04 1.084624e+04 1.081335e+04
6.6 1.086755e+04 1.085221e+04 1.084846e+04 1.086381e+04
7.6 1.087767e+04 1.085373e+04 1.084979e+04 1.087373e+04
8.6 1.088877e+04 1.085491e+04 1.085045e+04 1.088430e+04
9.6 1.084593e+04 1.085229e+04 1.085067e+04 1.084431e+04
10.6 1.084764e+04 1.084709e+04 1.085063e+04 1.085118e+04
11.6 1.084634e+04 1.084488e+04 1.085047e+04 1.085194e+04
12.6 1.082616e+04 1.084525e+04 1.085030e+04 1.083120e+04
13.6 1.082276e+04 1.084727e+04 1.085015e+04 1.082564e+04
14.6 1.082195e+04 1.084877e+04 1.085004e+04 1.082322e+04
15.6 1.083476e+04 1.084870e+04 1.084998e+04 1.083604e+04
16.6 1.084173e+04 1.085217e+04 1.084995e+04 1.083952e+04
17.6 1.088895e+04 1.085545e+04 1.084993e+04 1.088343e+04
18.6 1.091331e+04 1.085578e+04 1.084993e+04 1.090745e+04
19.6 1.088108e+04 1.085224e+04 1.084992e+04 1.087877e+04
20.6 1.084018e+04 1.085001e+04 1.084992e+04 1.084009e+04
21.6 1.083877e+04 1.085062e+04 1.084992e+04 1.083807e+04
0.1 1.083212e+04 1.085536e+04 1.084992e+04 1.082668e+04
1.1 1.089862e+04 1.085716e+04 1.084976e+04 1.089122e+04
2.1 1.087182e+04 1.085124e+04 1.084764e+04 1.086822e+04
3.1 1.087998e+04 1.084260e+04 1.084478e+04 1.088216e+04
4.1 1.085079e+04 1.084179e+04 1.084485e+04 1.085384e+04
5.1 1.081302e+04 1.084210e+04 1.084672e+04 1.081765e+04
6.1 1.080527e+04 1.084004e+04 1.084848e+04 1.081371e+04
7.1 1.082380e+04 1.083795e+04 1.084959e+04 1.083544e+04
8.1 1.081293e+04 1.083996e+04 1.085016e+04 1.082312e+04
9.1 1.080989e+04 1.084796e+04 1.085039e+04 1.081233e+04
10.1 1.083845e+04 1.085534e+04 1.085041e+04 1.083352e+04
11.1 1.086141e+04 1.085829e+04 1.085032e+04 1.085344e+04
12.1 1.090106e+04 1.085552e+04 1.085020e+04 1.089574e+04
