0.3 1.042667e+03 1.044991e+03 1.043804e+03 1.041480e+03
1.3 1.029419e+03 1.045161e+03 1.043975e+03 1.028232e+03
2.3 1.033980e+03 1.046545e+03 1.045359e+03 1.032793e+03
3.3 1.033150e+03 1.048851e+03 1.047666e+03 1.031965e+03
4.3 1.037562e+03 1.048668e+03 1.048714e+03 1.037609e+03
5.3 1.031463e+03 1.043389e+03 1.047633e+03 1.035706e+03
6.3 1.034165e+03 1.040342e+03 1.045891e+03 1.039714e+03
7.3 1.030078e+03 1.041045e+03 1.044561e+03 1.033594e+03
8.3 1.038985e+03 1.042698e+03 1.043796e+03 1.040083e+03
9.3 1.047687e+03 1.043848e+03 1.043439e+03 1.047278e+03
10.3 1.039818e+03 1.044588e+03 1.043339e+03 1.038569e+03
11.3 1.046401e+03 1.046756e+03 1.043384e+03 1.043029e+03
12.3 1.040487e+03 1.052285e+03 1.043488e+03 1.031690e+03
13.3 1.046485e+03 1.054382e+03 1.043597e+03 1.035700e+03
14.3 1.037197e+03 1.048321e+03 1.043682e+03 1.032558e+03
15.3 1.034504e+03 1.044621e+03 1.043738e+03 1.033621e+03
16.3 1.031839e+03 1.047625e+03 1.043771e+03 1.027985e+03
17.3 1.049115e+03 1.046974e+03 1.043789e+03 1.045929e+03
18.3 1.036823e+03 1.042454e+03 1.043797e+03 1.038166e+03
19.3 1.050637e+03 1.041032e+03 1.043801e+03 1.053406e+03
20.3 1.053234e+03 1.042640e+03 1.043803e+03 1.054396e+03
21.3 1.049826e+03 1.045603e+03 1.043804e+03 1.048026e+03
0.2 1.050271e+03 1.039433e+03 1.043804e+03 1.054641e+03
1.2 1.030082e+03 1.037432e+03 1.043915e+03 1.036565e+03
2.2 1.036440e+03 1.040331e+03 1.045126e+03 1.041235e+03
3.2 1.046709e+03 1.045395e+03 1.047418e+03 1.048731e+03
4.2 1.055279e+03 1.047860e+03 1.048717e+03 1.056136e+03
5.2 1.049188e+03 1.043990e+03 1.047822e+03 1.053020e+03
6.2 1.029778e+03 1.040923e+03 1.046079e+03 1.034933e+03
7.2 1.039148e+03 1.041407e+03 1.044683e+03 1.042425e+03
8.2 1.042415e+03 1.042976e+03 1.043859e+03 1.043299e+03
9.2 1.040830e+03 1.044158e+03 1.043464e+03 1.040136e+03
10.2 1.027016e+03 1.044626e+03 1.043341e+03 1.025730e+03
11.2 1.038024e+03 1.044439e+03 1.043374e+03 1.036959e+03
12.2 1.028028e+03 1.042370e+03 1.043475e+03 1.029133e+03
13.1 1.036580e+03 1.038511e+03 1.043585e+03 1.041654e+03
14.1 1.040280e+03 1.038390e+03 1.043761e+03 1.045651e+03
15.1 1.035752e+03 1.041930e+03 1.044944e+03 1.038767e+03
16.1 1.043638e+03 1.046242e+03 1.047023e+03 1.044420e+03
17.1 1.052750e+03 1.045550e+03 1.047616e+03 1.054817e+03
18.1 1.041703e+03 1.041554e+03 1.046534e+03 1.046683e+03
19.1 1.039568e+03 1.040805e+03 1.045188e+03 1.043952e+03
20.1 1.049466e+03 1.042763e+03 1.044711e+03 1.051414e+03
21.1 1.040336e+03 1.046126e+03 1.046054e+03 1.040264e+03
0.1 1.036580e+03 1.038511e+03 1.043585e+03 1.041654e+03
1.1 1.040280e+03 1.038390e+03 1.043761e+03 1.045651e+03
2.1 1.035752e+03 1.041930e+03 1.044944e+03 1.038767e+03
3.1 1.043638e+03 1.046242e+03 1.047023e+03 1.044420e+03
4.1 1.052750e+03 1.045550e+03 1.047616e+03 1.054817e+03
5.1 1.041703e+03 1.041554e+03 1.046534e+03 1.046683e+03
6.1 1.039568e+03 1.040805e+03 1.045188e+03 1.043952e+03
7.1 1.049466e+03 1.042763e+03 1.044711e+03 1.051414e+03
8.1 1.040336e+03 1.046126e+03 1.046054e+03 1.040264e+03
9.1 1.042583e+03 1.049212e+03 1.047995e+03 1.041366e+03
10.1 1.030977e+03 1.049920e+03 1.048231e+03 1.029288e+03
11.1 1.032056e+03 1.048547e+03 1.046787e+03 1.030296e+03
12.1 1.031731e+03 1.046891e+03 1.045185e+03 1.030025e+03
13.1 1.050477e+03 1.045726e+03 1.044117e+03 1.048869e+03
14.1 1.039520e+03 1.045106e+03 1.043558e+03 1.037971e+03
15.1 1.039223e+03 1.045614e+03 1.043335e+03 1.036945e+03
16.1 1.033857e+03 1.046686e+03 1.043315e+03 1.030486e+03
17.1 1.053818e+03 1.046632e+03 1.043400e+03 1.050586e+03
18.1 1.048009e+03 1.045951e+03 1.043517e+03 1.045576e+03
19.1 1.053013e+03 1.046077e+03 1.043624e+03 1.050560e+03
20.1 1.059839e+03 1.047432e+03 1.043701e+03 1.056108e+03
21.1 1.056857e+03 1.046129e+03 1.043750e+03 1.054478e+03
0.6 1.039568e+03 1.040805e+03 1.045188e+03 1.043952e+03
1.6 1.049466e+03 1.042763e+03 1.044711e+03 1.051414e+03
2.6 1.040336e+03 1.046126e+03 1.046054e+03 1.040264e+03
3.6 1.042583e+03 1.049212e+03 1.047995e+03 1.041366e+03
4.6 1.030977e+03 1.049920e+03 1.048231e+03 1.029288e+03
5.6 1.032056e+03 1.048547e+03 1.046787e+03 1.030296e+03
6.6 1.031731e+03 1.046891e+03 1.045185e+03 1.030025e+03
7.6 1.050477e+03 1.045726e+03 1.044117e+03 1.048869e+03
8.6 1.039520e+03 1.045106e+03 1.043558e+03 1.037971e+03
9.6 1.039223e+03 1.045614e+03 1.043335e+03 1.036945e+03
10.6 1.033857e+03 1.046686e+03 1.043315e+03 1.030486e+03
11.6 1.053818e+03 1.046632e+03 1.043400e+03 1.050586e+03
12.6 1.048009e+03 1.045951e+03 1.043517e+03 1.045576e+03
13.6 1.053013e+03 1.046077e+03 1.043624e+03 1.050560e+03
14.6 1.059839e+03 1.047432e+03 1.043701e+03 1.056108e+03
15.6 1.056857e+03 1.046129e+03 1.043750e+03 1.054478e+03
16.6 1.039956e+03 1.041243e+03 1.043778e+03 1.042490e+03
17.6 1.037146e+03 1.039592e+03 1.043792e+03 1.041347e+03
18.6 1.021998e+03 1.041007e+03 1.043799e+03 1.024789e+03
19.6 1.045342e+03 1.042852e+03 1.043802e+03 1.046292e+03
20.6 1.050534e+03 1.044133e+03 1.043803e+03 1.050204e+03
21.6 1.056471e+03 1.044878e+03 1.043804e+03 1.055397e+03
0.4 1.057599e+03 1.044480e+03 1.043804e+03 1.056923e+03
1.4 1.044237e+03 1.042006e+03 1.044075e+03 1.046306e+03
2.4 1.028280e+03 1.043606e+03 1.045669e+03 1.030343e+03
3.4 1.046005e+03 1.047287e+03 1.047949e+03 1.046668e+03
4.4 1.045826e+03 1.049133e+03 1.048667e+03 1.045360e+03
5.4 1.041891e+03 1.048866e+03 1.047387e+03 1.040412e+03
6.4 1.046861e+03 1.051182e+03 1.045665e+03 1.041343e+03
7.4 1.057306e+03 1.056349e+03 1.044420e+03 1.045378e+03
8.4 1.064619e+03 1.057305e+03 1.043724e+03 1.051038e+03
9.4 1.043841e+03 1.049822e+03 1.043412e+03 1.037431e+03
10.4 1.051465e+03 1.043639e+03 1.043339e+03 1.051165e+03
11.4 1.032057e+03 1.041991e+03 1.043397e+03 1.033462e+03
12.4 1.043635e+03 1.042277e+03 1.043504e+03 1.044862e+03
13.4 1.041221e+03 1.042958e+03 1.043610e+03 1.041873e+03
14.4 1.034752e+03 1.043663e+03 1.043691e+03 1.034780e+03
15.4 1.051886e+03 1.044270e+03 1.043744e+03 1.051360e+03
16.4 1.050007e+03 1.044702e+03 1.043774e+03 1.049079e+03
17.4 1.068788e+03 1.045036e+03 1.043790e+03 1.067542e+03
18.4 1.040346e+03 1.047383e+03 1.043798e+03 1.036761e+03
19.4 1.040765e+03 1.052915e+03 1.043802e+03 1.031652e+03
20.4 1.031829e+03 1.055554e+03 1.043803e+03 1.020078e+03
21.4 1.038078e+03 1.053077e+03 1.043804e+03 1.028804e+03
0.1 1.067643e+03 1.048244e+03 1.043804e+03 1.063203e+03
1.1 1.039454e+03 1.043096e+03 1.043915e+03 1.040273e+03
2.1 1.031086e+03 1.041393e+03 1.045126e+03 1.034820e+03
3.1 1.044014e+03 1.044463e+03 1.047418e+03 1.046969e+03
4.1 1.046580e+03 1.047475e+03 1.048717e+03 1.047822e+03
5.1 1.054625e+03 1.047878e+03 1.047890e+03 1.054637e+03
6.1 1.059281e+03 1.047911e+03 1.047156e+03 1.058527e+03
7.1 1.057534e+03 1.047586e+03 1.047234e+03 1.057182e+03
8.1 1.039036e+03 1.042913e+03 1.046442e+03 1.042565e+03
9.1 1.039047e+03 1.039805e+03 1.045118e+03 1.044360e+03
10.1 1.019435e+03 1.040512e+03 1.044097e+03 1.023021e+03
11.1 1.036838e+03 1.042304e+03 1.043561e+03 1.038096e+03
12.1 1.036864e+03 1.043666e+03 1.043364e+03 1.036562e+03
13.1 1.030351e+03 1.044545e+03 1.043352e+03 1.029159e+03
14.1 1.054104e+03 1.044906e+03 1.043428e+03 1.052625e+03
15.1 1.034552e+03 1.044640e+03 1.043531e+03 1.033443e+03
16.1 1.047950e+03 1.042928e+03 1.043627e+03 1.048649e+03
17.1 1.027596e+03 1.038841e+03 1.043699e+03 1.032454e+03
18.1 1.034332e+03 1.038416e+03 1.043747e+03 1.039664e+03
19.1 1.057838e+03 1.041952e+03 1.043775e+03 1.059662e+03
20.1 1.057194e+03 1.044898e+03 1.043791e+03 1.056086e+03
21.1 1.054699e+03 1.045988e+03 1.043798e+03 1.052509e+03
1.0 1.054625e+03 1.047878e+03 1.047890e+03 1.054637e+03
2.0 1.059281e+03 1.047911e+03 1.047156e+03 1.058527e+03
3.0 1.057534e+03 1.047586e+03 1.047234e+03 1.057182e+03
4.0 1.039036e+03 1.042913e+03 1.046442e+03 1.042565e+03
5.0 1.039047e+03 1.039805e+03 1.045118e+03 1.044360e+03
6.0 1.019435e+03 1.040512e+03 1.044097e+03 1.023021e+03
7.0 1.036838e+03 1.042304e+03 1.043561e+03 1.038096e+03
8.0 1.036864e+03 1.043666e+03 1.043364e+03 1.036562e+03
9.0 1.030351e+03 1.044545e+03 1.043352e+03 1.029159e+03
10.0 1.054104e+03 1.044906e+03 1.043428e+03 1.052625e+03
11.0 1.034552e+03 1.044640e+03 1.043531e+03 1.033443e+03
12.0 1.047950e+03 1.042928e+03 1.043627e+03 1.048649e+03
13.0 1.027596e+03 1.038841e+03 1.043699e+03 1.032454e+03
14.0 1.034332e+03 1.038416e+03 1.043747e+03 1.039664e+03
15.0 1.057838e+03 1.041952e+03 1.043775e+03 1.059662e+03
16.0 1.057194e+03 1.044898e+03 1.043791e+03 1.056086e+03
17.0 1.054699e+03 1.045988e+03 1.043798e+03 1.052509e+03
18.0 1.049075e+03 1.047064e+03 1.043802e+03 1.045812e+03
19.0 1.046181e+03 1.047967e+03 1.043803e+03 1.042017e+03
20.0 1.044619e+03 1.047498e+03 1.043804e+03 1.040925e+03
21.0 1.065069e+03 1.046454e+03 1.043804e+03 1.062419e+03
22.0 1.058593e+03 1.045621e+03 1.043804e+03 1.056776e+03
0.8 1.066097e+03 1.047519e+03 1.043827e+03 1.062405e+03
1.8 1.059565e+03 1.044244e+03 1.044575e+03 1.059896e+03
2.8 1.060072e+03 1.045619e+03 1.046583e+03 1.061037e+03
3.8 1.057341e+03 1.045400e+03 1.047694e+03 1.059635e+03
4.8 1.039596e+03 1.040954e+03 1.046898e+03 1.045540e+03
5.8 1.034472e+03 1.039143e+03 1.045506e+03 1.040835e+03
6.8 1.037931e+03 1.039951e+03 1.044442e+03 1.042422e+03
7.8 1.026348e+03 1.038325e+03 1.043828e+03 1.031851e+03
8.8 1.033176e+03 1.036813e+03 1.043535e+03 1.039898e+03
9.8 1.045402e+03 1.038444e+03 1.043446e+03 1.050404e+03
10.8 1.044545e+03 1.040713e+03 1.043475e+03 1.047307e+03
11.8 1.054138e+03 1.039471e+03 1.043555e+03 1.058222e+03
12.8 1.041978e+03 1.037839e+03 1.043639e+03 1.047778e+03
13.8 1.044721e+03 1.039559e+03 1.043707e+03 1.048869e+03
14.8 1.047216e+03 1.042446e+03 1.043839e+03 1.048609e+03
15.8 1.060618e+03 1.045579e+03 1.044989e+03 1.060029e+03
16.8 1.061054e+03 1.048893e+03 1.047276e+03 1.059437e+03
17.8 1.043595e+03 1.049989e+03 1.048701e+03 1.042307e+03
18.8 1.060325e+03 1.045210e+03 1.047910e+03 1.063025e+03
19.8 1.045067e+03 1.041275e+03 1.046174e+03 1.049966e+03
20.8 1.034118e+03 1.040245e+03 1.044746e+03 1.038619e+03
21.8 1.032213e+03 1.037494e+03 1.043893e+03 1.038611e+03
0.1 1.044721e+03 1.039559e+03 1.043707e+03 1.048869e+03
1.1 1.047216e+03 1.042446e+03 1.043839e+03 1.048609e+03
2.1 1.060618e+03 1.045579e+03 1.044989e+03 1.060029e+03
3.1 1.061054e+03 1.048893e+03 1.047276e+03 1.059437e+03
4.1 1.043595e+03 1.049989e+03 1.048701e+03 1.042307e+03
5.1 1.060325e+03 1.045210e+03 1.047910e+03 1.063025e+03
6.1 1.045067e+03 1.041275e+03 1.046174e+03 1.049966e+03
7.1 1.034118e+03 1.040245e+03 1.044746e+03 1.038619e+03
8.1 1.032213e+03 1.037494e+03 1.043893e+03 1.038611e+03
9.1 1.036934e+03 1.037086e+03 1.043478e+03 1.043327e+03
10.1 1.051282e+03 1.039679e+03 1.043343e+03 1.054946e+03
11.1 1.040843e+03 1.042574e+03 1.043402e+03 1.041671e+03
12.1 1.046158e+03 1.045289e+03 1.044329e+03 1.045197e+03
13.1 1.050208e+03 1.048413e+03 1.046593e+03 1.048389e+03
14.1 1.058639e+03 1.050240e+03 1.048469e+03 1.056868e+03
15.1 1.051742e+03 1.046300e+03 1.048130e+03 1.053572e+03
16.1 1.053313e+03 1.041556e+03 1.046484e+03 1.058242e+03
0.9 1.040843e+03 1.042574e+03 1.043402e+03 1.041671e+03
1.9 1.046158e+03 1.045289e+03 1.044329e+03 1.045197e+03
2.9 1.050208e+03 1.048413e+03 1.046593e+03 1.048389e+03
3.9 1.058639e+03 1.050240e+03 1.048469e+03 1.056868e+03
4.9 1.051742e+03 1.046300e+03 1.048130e+03 1.053572e+03
5.9 1.053313e+03 1.041556e+03 1.046484e+03 1.058242e+03
