0.3 1.206012e+03 1.197309e+03 1.193971e+03 1.202674e+03
1.3 1.202225e+03 1.193957e+03 1.193823e+03 1.202090e+03
2.3 1.187359e+03 1.191112e+03 1.192619e+03 1.188867e+03
3.3 1.186024e+03 1.189785e+03 1.190608e+03 1.186846e+03
4.3 1.181185e+03 1.189374e+03 1.189660e+03 1.181471e+03
5.3 1.185772e+03 1.188658e+03 1.190582e+03 1.187695e+03
6.3 1.220350e+03 1.189845e+03 1.192111e+03 1.222615e+03
7.3 1.199693e+03 1.193173e+03 1.193288e+03 1.199808e+03
8.3 1.207252e+03 1.197626e+03 1.193969e+03 1.203595e+03
9.3 1.211406e+03 1.199462e+03 1.194289e+03 1.206233e+03
10.3 1.191567e+03 1.196571e+03 1.194380e+03 1.189376e+03
11.3 1.207040e+03 1.194959e+03 1.194342e+03 1.206423e+03
12.3 1.191535e+03 1.196591e+03 1.194250e+03 1.189194e+03
13.3 1.215360e+03 1.195999e+03 1.194155e+03 1.213516e+03
14.3 1.193236e+03 1.193526e+03 1.194080e+03 1.193790e+03
15.3 1.220932e+03 1.193168e+03 1.194030e+03 1.221793e+03
16.3 1.213970e+03 1.195365e+03 1.194000e+03 1.212605e+03
17.3 1.216128e+03 1.199734e+03 1.193985e+03 1.210379e+03
18.3 1.206105e+03 1.201270e+03 1.193977e+03 1.198812e+03
19.3 1.182781e+03 1.197596e+03 1.193973e+03 1.179159e+03
20.3 1.190500e+03 1.194901e+03 1.193972e+03 1.189572e+03
21.3 1.203279e+03 1.196056e+03 1.193971e+03 1.201195e+03
1.0 1.189108e+03 1.196587e+03 1.193926e+03 1.186447e+03
2.0 1.213341e+03 1.192841e+03 1.193099e+03 1.213599e+03
3.0 1.208764e+03 1.190622e+03 1.191174e+03 1.209315e+03
4.0 1.205472e+03 1.189703e+03 1.189749e+03 1.205518e+03
5.0 1.195503e+03 1.188509e+03 1.190250e+03 1.197244e+03
6.0 1.183618e+03 1.188892e+03 1.191739e+03 1.186465e+03
7.0 1.216013e+03 1.191895e+03 1.193036e+03 1.217153e+03
8.0 1.190466e+03 1.195489e+03 1.193831e+03 1.188808e+03
9.0 1.198463e+03 1.197172e+03 1.194228e+03 1.195518e+03
10.0 1.210324e+03 1.194944e+03 1.194367e+03 1.209747e+03
11.0 1.197386e+03 1.193274e+03 1.194356e+03 1.198468e+03
12.0 1.198325e+03 1.193777e+03 1.194273e+03 1.198821e+03
13.0 1.205984e+03 1.194859e+03 1.194177e+03 1.205301e+03
14.0 1.209793e+03 1.195507e+03 1.194096e+03 1.208382e+03
15.0 1.189584e+03 1.193171e+03 1.194040e+03 1.190453e+03
16.0 1.185613e+03 1.186838e+03 1.194006e+03 1.192781e+03
17.0 1.192859e+03 1.182516e+03 1.193988e+03 1.204331e+03
18.0 1.185390e+03 1.182664e+03 1.193978e+03 1.196704e+03
19.0 1.184529e+03 1.186764e+03 1.193974e+03 1.191739e+03
20.0 1.189882e+03 1.191953e+03 1.193972e+03 1.191901e+03
21.0 1.178792e+03 1.196106e+03 1.193971e+03 1.176657e+03
22.0 1.177044e+03 1.196370e+03 1.193971e+03 1.174645e+03
0.1 1.202048e+03 1.199781e+03 1.193971e+03 1.196237e+03
1.1 1.197315e+03 1.196383e+03 1.193874e+03 1.194806e+03
2.1 1.189106e+03 1.192893e+03 1.192873e+03 1.189086e+03
3.1 1.192463e+03 1.190869e+03 1.191721e+03 1.193315e+03
4.1 1.191099e+03 1.189190e+03 1.191857e+03 1.193766e+03
5.1 1.200575e+03 1.189892e+03 1.192679e+03 1.203362e+03
6.1 1.201679e+03 1.192240e+03 1.193408e+03 1.202848e+03
7.1 1.199413e+03 1.194388e+03 1.193856e+03 1.198881e+03
8.1 1.199891e+03 1.195728e+03 1.194086e+03 1.198249e+03
9.1 1.194455e+03 1.196426e+03 1.194174e+03 1.192202e+03
10.1 1.189117e+03 1.197582e+03 1.194176e+03 1.185711e+03
11.1 1.186499e+03 1.199830e+03 1.194136e+03 1.180805e+03
12.1 1.205009e+03 1.199620e+03 1.194085e+03 1.199474e+03
13.1 1.189570e+03 1.195986e+03 1.194026e+03 1.187610e+03
14.1 1.184880e+03 1.193415e+03 1.193417e+03 1.184882e+03
15.1 1.169083e+03 1.191921e+03 1.192044e+03 1.169206e+03
16.1 1.196505e+03 1.189865e+03 1.191678e+03 1.198318e+03
17.1 1.174590e+03 1.189291e+03 1.192361e+03 1.177660e+03
18.1 1.187077e+03 1.192059e+03 1.193171e+03 1.188190e+03
19.1 1.198439e+03 1.196965e+03 1.193721e+03 1.195195e+03
20.1 1.221040e+03 1.197657e+03 1.194021e+03 1.217404e+03
21.1 1.180567e+03 1.195225e+03 1.194154e+03 1.179497e+03
0.8 1.189570e+03 1.195986e+03 1.194026e+03 1.187610e+03
1.8 1.184880e+03 1.193415e+03 1.193417e+03 1.184882e+03
2.8 1.169083e+03 1.191921e+03 1.192044e+03 1.169206e+03
3.8 1.196505e+03 1.189865e+03 1.191678e+03 1.198318e+03
4.8 1.174590e+03 1.189291e+03 1.192361e+03 1.177660e+03
5.8 1.187077e+03 1.192059e+03 1.193171e+03 1.188190e+03
6.8 1.198439e+03 1.196965e+03 1.193721e+03 1.195195e+03
7.8 1.221040e+03 1.197657e+03 1.194021e+03 1.217404e+03
8.8 1.180567e+03 1.195225e+03 1.194154e+03 1.179497e+03
9.8 1.202044e+03 1.194424e+03 1.194183e+03 1.201803e+03
10.8 1.186662e+03 1.194930e+03 1.194154e+03 1.185886e+03
11.8 1.176618e+03 1.195516e+03 1.194103e+03 1.175206e+03
12.8 1.189479e+03 1.195858e+03 1.194055e+03 1.187677e+03
13.8 1.193920e+03 1.195177e+03 1.194019e+03 1.192763e+03
14.8 1.178134e+03 1.190681e+03 1.193996e+03 1.181450e+03
15.8 1.171289e+03 1.185992e+03 1.193983e+03 1.179281e+03
16.8 1.166873e+03 1.184847e+03 1.193977e+03 1.176003e+03
17.8 1.167938e+03 1.187791e+03 1.193973e+03 1.174121e+03
18.8 1.179805e+03 1.191689e+03 1.193944e+03 1.182060e+03
19.8 1.181543e+03 1.193845e+03 1.193224e+03 1.180921e+03
20.8 1.194341e+03 1.193677e+03 1.191456e+03 1.192120e+03
21.8 1.183889e+03 1.192250e+03 1.190591e+03 1.182230e+03
0.9 1.179805e+03 1.191689e+03 1.193944e+03 1.182060e+03
1.9 1.181543e+03 1.193845e+03 1.193224e+03 1.180921e+03
2.9 1.194341e+03 1.193677e+03 1.191456e+03 1.192120e+03
3.9 1.183889e+03 1.192250e+03 1.190591e+03 1.182230e+03
4.9 1.167880e+03 1.190504e+03 1.191348e+03 1.168724e+03
5.9 1.194550e+03 1.191243e+03 1.192555e+03 1.195862e+03
6.9 1.189778e+03 1.193343e+03 1.193456e+03 1.189891e+03
7.9 1.209009e+03 1.195095e+03 1.193971e+03 1.207885e+03
8.9 1.186063e+03 1.196103e+03 1.194213e+03 1.184173e+03
9.9 1.194116e+03 1.196557e+03 1.194283e+03 1.191842e+03
10.9 1.187907e+03 1.196991e+03 1.194253e+03 1.185169e+03
11.9 1.201163e+03 1.199337e+03 1.194183e+03 1.196008e+03
12.9 1.198430e+03 1.203106e+03 1.194110e+03 1.189434e+03
13.9 1.212589e+03 1.203885e+03 1.194053e+03 1.202757e+03
14.9 1.215293e+03 1.199201e+03 1.194015e+03 1.210107e+03
15.9 1.188981e+03 1.195784e+03 1.193993e+03 1.187190e+03
16.9 1.194281e+03 1.195736e+03 1.193981e+03 1.192526e+03
17.9 1.194440e+03 1.196000e+03 1.193975e+03 1.192415e+03
18.9 1.190414e+03 1.193579e+03 1.193973e+03 1.190808e+03
19.9 1.186013e+03 1.192543e+03 1.193972e+03 1.187442e+03
20.9 1.196814e+03 1.193393e+03 1.193971e+03 1.197392e+03
21.9 1.199114e+03 1.192099e+03 1.193968e+03 1.200983e+03
0.6 1.199114e+03 1.192099e+03 1.193968e+03 1.200983e+03
1.6 1.193877e+03 1.191131e+03 1.193593e+03 1.196340e+03
2.6 1.185631e+03 1.191034e+03 1.192263e+03 1.186860e+03
3.6 1.172960e+03 1.190230e+03 1.191627e+03 1.174358e+03
4.6 1.174534e+03 1.189763e+03 1.192185e+03 1.176956e+03
5.6 1.171469e+03 1.191438e+03 1.193024e+03 1.173056e+03
6.6 1.186116e+03 1.191755e+03 1.193633e+03 1.187994e+03
7.6 1.167702e+03 1.187210e+03 1.193976e+03 1.174468e+03
8.6 1.180720e+03 1.183097e+03 1.194137e+03 1.191760e+03
9.6 1.169297e+03 1.182841e+03 1.194183e+03 1.180639e+03
10.6 1.178825e+03 1.187401e+03 1.194162e+03 1.185586e+03
11.6 1.199194e+03 1.194622e+03 1.194114e+03 1.198686e+03
12.6 1.185909e+03 1.197204e+03 1.194064e+03 1.182769e+03
13.6 1.201005e+03 1.196102e+03 1.194025e+03 1.198928e+03
14.6 1.195707e+03 1.197682e+03 1.194000e+03 1.192025e+03
15.6 1.189844e+03 1.199460e+03 1.193985e+03 1.184369e+03
16.6 1.189180e+03 1.196944e+03 1.193978e+03 1.186213e+03
17.6 1.201331e+03 1.194759e+03 1.193974e+03 1.200545e+03
18.6 1.198111e+03 1.194566e+03 1.193972e+03 1.197517e+03
19.6 1.194192e+03 1.195091e+03 1.193971e+03 1.193073e+03
20.6 1.208493e+03 1.195552e+03 1.193971e+03 1.206912e+03
21.6 1.200094e+03 1.195841e+03 1.193971e+03 1.198224e+03
0.9 1.200917e+03 1.198398e+03 1.193947e+03 1.196466e+03
1.9 1.187245e+03 1.193906e+03 1.193263e+03 1.186602e+03
2.9 1.189818e+03 1.191007e+03 1.191411e+03 1.190222e+03
3.9 1.199087e+03 1.189754e+03 1.189818e+03 1.199151e+03
4.9 1.179506e+03 1.188509e+03 1.190113e+03 1.181109e+03
5.9 1.173489e+03 1.188536e+03 1.191565e+03 1.176518e+03
6.9 1.200421e+03 1.190889e+03 1.192913e+03 1.202445e+03
7.9 1.185358e+03 1.193582e+03 1.193763e+03 1.185539e+03
8.9 1.192905e+03 1.194755e+03 1.194198e+03 1.192348e+03
9.9 1.191318e+03 1.191424e+03 1.194361e+03 1.194255e+03
10.9 1.202600e+03 1.186969e+03 1.194362e+03 1.209993e+03
11.9 1.212325e+03 1.185439e+03 1.194284e+03 1.221170e+03
12.9 1.189263e+03 1.185592e+03 1.194187e+03 1.197858e+03
13.9 1.179995e+03 1.184138e+03 1.194104e+03 1.189960e+03
14.9 1.196737e+03 1.183560e+03 1.194045e+03 1.207222e+03
15.9 1.199917e+03 1.186190e+03 1.194009e+03 1.207736e+03
16.9 1.167611e+03 1.190683e+03 1.193989e+03 1.170918e+03
17.9 1.196550e+03 1.193573e+03 1.193979e+03 1.196956e+03
18.9 1.217437e+03 1.191210e+03 1.193974e+03 1.220202e+03
19.9 1.205686e+03 1.187381e+03 1.193972e+03 1.212277e+03
20.9 1.188338e+03 1.186345e+03 1.193971e+03 1.195965e+03
21.9 1.177456e+03 1.189226e+03 1.193971e+03 1.182201e+03
0.5 1.186477e+03 1.194673e+03 1.193970e+03 1.185775e+03
1.5 1.203287e+03 1.194847e+03 1.193669e+03 1.202110e+03
2.5 1.180639e+03 1.193734e+03 1.192192e+03 1.179096e+03
3.5 1.197970e+03 1.192095e+03 1.190676e+03 1.196551e+03
4.5 1.196267e+03 1.189884e+03 1.190859e+03 1.197242e+03
5.5 1.197365e+03 1.189612e+03 1.192037e+03 1.199790e+03
6.5 1.194644e+03 1.191656e+03 1.193118e+03 1.196106e+03
7.5 1.236137e+03 1.193928e+03 1.193790e+03 1.235999e+03
8.5 1.191326e+03 1.195048e+03 1.193735e+03 1.190014e+03
9.5 1.192908e+03 1.194256e+03 1.192279e+03 1.190931e+03
10.5 1.207572e+03 1.192659e+03 1.190952e+03 1.205865e+03
11.5 1.206022e+03 1.190556e+03 1.191278e+03 1.206744e+03
12.5 1.207487e+03 1.189496e+03 1.192396e+03 1.210387e+03
13.5 1.198713e+03 1.186059e+03 1.193347e+03 1.206001e+03
14.5 1.198440e+03 1.182104e+03 1.193916e+03 1.210252e+03
15.5 1.180932e+03 1.181461e+03 1.194195e+03 1.193666e+03
16.5 1.190542e+03 1.184865e+03 1.194290e+03 1.199967e+03
17.5 1.172188e+03 1.190571e+03 1.194275e+03 1.175891e+03
18.5 1.192895e+03 1.196802e+03 1.194207e+03 1.190301e+03
19.5 1.194197e+03 1.201426e+03 1.194131e+03 1.186902e+03
20.5 1.213429e+03 1.200773e+03 1.194068e+03 1.206723e+03
21.5 1.182729e+03 1.196870e+03 1.194024e+03 1.179883e+03
0.6 1.236137e+03 1.193928e+03 1.193790e+03 1.235999e+03
1.6 1.191326e+03 1.195048e+03 1.193735e+03 1.190014e+03
2.6 1.192908e+03 1.194256e+03 1.192279e+03 1.190931e+03
3.6 1.207572e+03 1.192659e+03 1.190952e+03 1.205865e+03
4.6 1.206022e+03 1.190556e+03 1.191278e+03 1.206744e+03
5.6 1.207487e+03 1.189496e+03 1.192396e+03 1.210387e+03
6.6 1.198713e+03 1.186059e+03 1.193347e+03 1.206001e+03
7.6 1.198440e+03 1.182104e+03 1.193916e+03 1.210252e+03
8.6 1.180932e+03 1.181461e+03 1.194195e+03 1.193666e+03
9.6 1.190542e+03 1.184865e+03 1.194290e+03 1.199967e+03
10.6 1.172188e+03 1.190571e+03 1.194275e+03 1.175891e+03
11.6 1.192895e+03 1.196802e+03 1.194207e+03 1.190301e+03
12.6 1.194197e+03 1.201426e+03 1.194131e+03 1.186902e+03
13.6 1.213429e+03 1.200773e+03 1.194068e+03 1.206723e+03
14.6 1.182729e+03 1.196870e+03 1.194024e+03 1.179883e+03
15.6 1.200649e+03 1.195334e+03 1.193998e+03 1.199312e+03
16.6 1.193103e+03 1.196180e+03 1.193984e+03 1.190906e+03
17.6 1.216688e+03 1.195915e+03 1.193977e+03 1.214749e+03
18.6 1.197318e+03 1.193139e+03 1.193973e+03 1.198152e+03
19.6 1.190125e+03 1.190388e+03 1.193972e+03 1.193709e+03
20.6 1.160144e+03 1.186347e+03 1.193971e+03 1.167768e+03
21.6 1.187435e+03 1.183817e+03 1.193971e+03 1.197589e+03
0.1 1.192484e+03 1.199409e+03 1.193971e+03 1.187045e+03
1.1 1.197720e+03 1.196148e+03 1.193904e+03 1.195475e+03
2.1 1.183968e+03 1.192725e+03 1.192998e+03 1.184240e+03
3.1 1.188416e+03 1.190842e+03 1.191773e+03 1.189347e+03
4.1 1.195733e+03 1.189082e+03 1.191803e+03 1.198454e+03
5.1 1.167553e+03 1.189613e+03 1.192605e+03 1.170545e+03
6.1 1.197183e+03 1.192034e+03 1.193357e+03 1.198506e+03
7.1 1.179928e+03 1.194353e+03 1.193828e+03 1.179403e+03
8.1 1.181167e+03 1.196156e+03 1.194073e+03 1.179083e+03
9.1 1.195698e+03 1.197801e+03 1.194171e+03 1.192068e+03
10.1 1.220271e+03 1.198596e+03 1.194178e+03 1.215853e+03
11.1 1.209666e+03 1.196069e+03 1.194140e+03 1.207738e+03
12.1 1.197846e+03 1.193282e+03 1.194089e+03 1.198653e+03
