0.7 3.191256e+03 3.211995e+03 3.230306e+03 3.209567e+03
1.7 3.239984e+03 3.219675e+03 3.230964e+03 3.251272e+03
2.7 3.204240e+03 3.227041e+03 3.232992e+03 3.210191e+03
3.7 3.239608e+03 3.231636e+03 3.234317e+03 3.242290e+03
4.7 3.242248e+03 3.232679e+03 3.233623e+03 3.243192e+03
5.7 3.246828e+03 3.232202e+03 3.232658e+03 3.247284e+03
6.7 3.247716e+03 3.232398e+03 3.233111e+03 3.248430e+03
7.7 3.207238e+03 3.232089e+03 3.233150e+03 3.208299e+03
8.7 3.218882e+03 3.230778e+03 3.232132e+03 3.220237e+03
9.7 3.266325e+03 3.229353e+03 3.231028e+03 3.268000e+03
10.7 3.308923e+03 3.230177e+03 3.230334e+03 3.309080e+03
11.7 3.248684e+03 3.234846e+03 3.230012e+03 3.243850e+03
12.7 3.242985e+03 3.237767e+03 3.229913e+03 3.235132e+03
13.7 3.268162e+03 3.235970e+03 3.229934e+03 3.262126e+03
14.7 3.253857e+03 3.232563e+03 3.230008e+03 3.251303e+03
15.7 3.245767e+03 3.232152e+03 3.230095e+03 3.243709e+03
16.7 3.219085e+03 3.234377e+03 3.230169e+03 3.214877e+03
17.7 3.222257e+03 3.234034e+03 3.230223e+03 3.218446e+03
18.7 3.233892e+03 3.232605e+03 3.230256e+03 3.231543e+03
19.7 3.232851e+03 3.234887e+03 3.230275e+03 3.228238e+03
20.7 3.246719e+03 3.237776e+03 3.230285e+03 3.239227e+03
21.7 3.258994e+03 3.236534e+03 3.230380e+03 3.252840e+03
0.6 3.242248e+03 3.232679e+03 3.233623e+03 3.243192e+03
1.6 3.246828e+03 3.232202e+03 3.232658e+03 3.247284e+03
2.6 3.247716e+03 3.232398e+03 3.233111e+03 3.248430e+03
3.6 3.207238e+03 3.232089e+03 3.233150e+03 3.208299e+03
4.6 3.218882e+03 3.230778e+03 3.232132e+03 3.220237e+03
5.6 3.266325e+03 3.229353e+03 3.231028e+03 3.268000e+03
6.6 3.308923e+03 3.230177e+03 3.230334e+03 3.309080e+03
7.6 3.248684e+03 3.234846e+03 3.230012e+03 3.243850e+03
8.6 3.242985e+03 3.237767e+03 3.229913e+03 3.235132e+03
9.6 3.268162e+03 3.235970e+03 3.229934e+03 3.262126e+03
10.6 3.253857e+03 3.232563e+03 3.230008e+03 3.251303e+03
11.6 3.245767e+03 3.232152e+03 3.230095e+03 3.243709e+03
12.6 3.219085e+03 3.234377e+03 3.230169e+03 3.214877e+03
13.6 3.222257e+03 3.234034e+03 3.230223e+03 3.218446e+03
14.6 3.233892e+03 3.232605e+03 3.230256e+03 3.231543e+03
15.6 3.232851e+03 3.234887e+03 3.230275e+03 3.228238e+03
16.6 3.246719e+03 3.237776e+03 3.230285e+03 3.239227e+03
17.6 3.258994e+03 3.236534e+03 3.230380e+03 3.252840e+03
18.6 3.218915e+03 3.234053e+03 3.231548e+03 3.216410e+03
19.6 3.227429e+03 3.233266e+03 3.233907e+03 3.228070e+03
20.6 3.237905e+03 3.232909e+03 3.235378e+03 3.240374e+03
21.6 3.224643e+03 3.231214e+03 3.234555e+03 3.227983e+03
0.1 3.246719e+03 3.237776e+03 3.230285e+03 3.239227e+03
1.1 3.258994e+03 3.236534e+03 3.230380e+03 3.252840e+03
2.1 3.218915e+03 3.234053e+03 3.231548e+03 3.216410e+03
3.1 3.227429e+03 3.233266e+03 3.233907e+03 3.228070e+03
4.1 3.237905e+03 3.232909e+03 3.235378e+03 3.240374e+03
5.1 3.224643e+03 3.231214e+03 3.234555e+03 3.227983e+03
6.1 3.250028e+03 3.225297e+03 3.232752e+03 3.257483e+03
7.1 3.234308e+03 3.214579e+03 3.231270e+03 3.250999e+03
8.1 3.204076e+03 3.206996e+03 3.230385e+03 3.227465e+03
9.1 3.214838e+03 3.209343e+03 3.229955e+03 3.235449e+03
10.1 3.229318e+03 3.217383e+03 3.229814e+03 3.241749e+03
11.1 3.259695e+03 3.231561e+03 3.229842e+03 3.257977e+03
12.1 3.230524e+03 3.250317e+03 3.229945e+03 3.210152e+03
13.1 3.259746e+03 3.260770e+03 3.230060e+03 3.229035e+03
14.1 3.266385e+03 3.255913e+03 3.230153e+03 3.240625e+03
15.1 3.273269e+03 3.244697e+03 3.230216e+03 3.258788e+03
16.1 3.240198e+03 3.235195e+03 3.230254e+03 3.235258e+03
17.1 3.214530e+03 3.229290e+03 3.230274e+03 3.215515e+03
18.1 3.231700e+03 3.226280e+03 3.230285e+03 3.235704e+03
19.1 3.252788e+03 3.225470e+03 3.230289e+03 3.257608e+03
20.1 3.220494e+03 3.226202e+03 3.230291e+03 3.224583e+03
21.1 3.206349e+03 3.227200e+03 3.230292e+03 3.209441e+03
0.8 3.218994e+03 3.229060e+03 3.230317e+03 3.220250e+03
1.8 3.200533e+03 3.229679e+03 3.231083e+03 3.201937e+03
2.8 3.264381e+03 3.230890e+03 3.232686e+03 3.266177e+03
3.8 3.211774e+03 3.231041e+03 3.233015e+03 3.213749e+03
4.8 3.224048e+03 3.231841e+03 3.232159e+03 3.224367e+03
5.8 3.234734e+03 3.241044e+03 3.231202e+03 3.224892e+03
6.8 3.232159e+03 3.255036e+03 3.230564e+03 3.207688e+03
7.8 3.239551e+03 3.258265e+03 3.230220e+03 3.211505e+03
8.8 3.229085e+03 3.247576e+03 3.230247e+03 3.211756e+03
9.8 3.253890e+03 3.237393e+03 3.231653e+03 3.248151e+03
10.8 3.268432e+03 3.233011e+03 3.234084e+03 3.269505e+03
11.8 3.236604e+03 3.231060e+03 3.235232e+03 3.240776e+03
12.8 3.259863e+03 3.228608e+03 3.234167e+03 3.265422e+03
13.8 3.226676e+03 3.222105e+03 3.232402e+03 3.236973e+03
14.8 3.228137e+03 3.214940e+03 3.231049e+03 3.244246e+03
15.8 3.210201e+03 3.213018e+03 3.230270e+03 3.227454e+03
16.8 3.233825e+03 3.216455e+03 3.229907e+03 3.247278e+03
17.8 3.231895e+03 3.221408e+03 3.229807e+03 3.240294e+03
18.8 3.243934e+03 3.225227e+03 3.229855e+03 3.248563e+03
19.8 3.213037e+03 3.227501e+03 3.229965e+03 3.215501e+03
20.8 3.273999e+03 3.228649e+03 3.230111e+03 3.275461e+03
21.8 3.229210e+03 3.229871e+03 3.231058e+03 3.230396e+03
0.3 3.239551e+03 3.258265e+03 3.230220e+03 3.211505e+03
1.3 3.229085e+03 3.247576e+03 3.230247e+03 3.211756e+03
2.3 3.253890e+03 3.237393e+03 3.231653e+03 3.248151e+03
3.3 3.268432e+03 3.233011e+03 3.234084e+03 3.269505e+03
4.3 3.236604e+03 3.231060e+03 3.235232e+03 3.240776e+03
5.3 3.259863e+03 3.228608e+03 3.234167e+03 3.265422e+03
6.3 3.226676e+03 3.222105e+03 3.232402e+03 3.236973e+03
7.3 3.228137e+03 3.214940e+03 3.231049e+03 3.244246e+03
8.3 3.210201e+03 3.213018e+03 3.230270e+03 3.227454e+03
9.3 3.233825e+03 3.216455e+03 3.229907e+03 3.247278e+03
10.3 3.231895e+03 3.221408e+03 3.229807e+03 3.240294e+03
11.3 3.243934e+03 3.225227e+03 3.229855e+03 3.248563e+03
12.3 3.213037e+03 3.227501e+03 3.229965e+03 3.215501e+03
13.3 3.273999e+03 3.228649e+03 3.230111e+03 3.275461e+03
14.3 3.229210e+03 3.229871e+03 3.231058e+03 3.230396e+03
15.3 3.212951e+03 3.231903e+03 3.233225e+03 3.214273e+03
16.3 3.225905e+03 3.231561e+03 3.234292e+03 3.228636e+03
17.3 3.177358e+03 3.227971e+03 3.233407e+03 3.182793e+03
18.3 3.209432e+03 3.223249e+03 3.231975e+03 3.218158e+03
19.3 3.233006e+03 3.216824e+03 3.230904e+03 3.247086e+03
20.3 3.180557e+03 3.215916e+03 3.230291e+03 3.194932e+03
21.3 3.198635e+03 3.219890e+03 3.230003e+03 3.208748e+03
0.9 3.273999e+03 3.228649e+03 3.230111e+03 3.275461e+03
1.9 3.229210e+03 3.229871e+03 3.231058e+03 3.230396e+03
2.9 3.212951e+03 3.231903e+03 3.233225e+03 3.214273e+03
3.9 3.225905e+03 3.231561e+03 3.234292e+03 3.228636e+03
4.9 3.177358e+03 3.227971e+03 3.233407e+03 3.182793e+03
5.9 3.209432e+03 3.223249e+03 3.231975e+03 3.218158e+03
6.9 3.233006e+03 3.216824e+03 3.230904e+03 3.247086e+03
7.9 3.180557e+03 3.215916e+03 3.230291e+03 3.194932e+03
8.9 3.198635e+03 3.219890e+03 3.230003e+03 3.208748e+03
9.9 3.208696e+03 3.225374e+03 3.229921e+03 3.213243e+03
10.9 3.213071e+03 3.232169e+03 3.229956e+03 3.210858e+03
11.9 3.233135e+03 3.235460e+03 3.230039e+03 3.227715e+03
12.9 3.279430e+03 3.234439e+03 3.230127e+03 3.275117e+03
13.9 3.247546e+03 3.231989e+03 3.230195e+03 3.245753e+03
14.9 3.221721e+03 3.229901e+03 3.230240e+03 3.222060e+03
15.9 3.224467e+03 3.228531e+03 3.230267e+03 3.226203e+03
16.9 3.212082e+03 3.227763e+03 3.230281e+03 3.214599e+03
17.9 3.202618e+03 3.227523e+03 3.230287e+03 3.205382e+03
18.9 3.189333e+03 3.227957e+03 3.230290e+03 3.191666e+03
19.9 3.232493e+03 3.228505e+03 3.230292e+03 3.234280e+03
20.9 3.252223e+03 3.228675e+03 3.230292e+03 3.253840e+03
21.9 3.216105e+03 3.228459e+03 3.230293e+03 3.217939e+03
0.9 3.202801e+03 3.227774e+03 3.230326e+03 3.205353e+03
1.9 3.163090e+03 3.228733e+03 3.231185e+03 3.165541e+03
2.9 3.196081e+03 3.231008e+03 3.233418e+03 3.198491e+03
3.9 3.224609e+03 3.232885e+03 3.235272e+03 3.226995e+03
4.9 3.198291e+03 3.232530e+03 3.234857e+03 3.200618e+03
5.9 3.268404e+03 3.227634e+03 3.233112e+03 3.273882e+03
6.9 3.179063e+03 3.217078e+03 3.231518e+03 3.193503e+03
7.9 3.228182e+03 3.208306e+03 3.230520e+03 3.250397e+03
8.9 3.206479e+03 3.209289e+03 3.230013e+03 3.227203e+03
9.9 3.228860e+03 3.216177e+03 3.229825e+03 3.242509e+03
10.9 3.215588e+03 3.222582e+03 3.229828e+03 3.222834e+03
11.9 3.194620e+03 3.226626e+03 3.229922e+03 3.197917e+03
12.9 3.237665e+03 3.228801e+03 3.230038e+03 3.238902e+03
13.9 3.213260e+03 3.230086e+03 3.230136e+03 3.213310e+03
14.9 3.229402e+03 3.230616e+03 3.230206e+03 3.228992e+03
15.9 3.273353e+03 3.230372e+03 3.230248e+03 3.273229e+03
16.9 3.237718e+03 3.229894e+03 3.230271e+03 3.238095e+03
17.9 3.226296e+03 3.229680e+03 3.230283e+03 3.226899e+03
18.9 3.229553e+03 3.229427e+03 3.230289e+03 3.230415e+03
19.9 3.227811e+03 3.228952e+03 3.230291e+03 3.229151e+03
20.9 3.209089e+03 3.228414e+03 3.230292e+03 3.210967e+03
21.9 3.220238e+03 3.228108e+03 3.230292e+03 3.222423e+03
0.2 3.224373e+03 3.228786e+03 3.230293e+03 3.225880e+03
1.2 3.188913e+03 3.228651e+03 3.230453e+03 3.190715e+03
2.2 3.185556e+03 3.229697e+03 3.231842e+03 3.187700e+03
3.2 3.217432e+03 3.231388e+03 3.233893e+03 3.219938e+03
4.2 3.287298e+03 3.229661e+03 3.234175e+03 3.291813e+03
5.2 3.231645e+03 3.226507e+03 3.232921e+03 3.238059e+03
6.2 3.223082e+03 3.225612e+03 3.231571e+03 3.229041e+03
7.2 3.222733e+03 3.226804e+03 3.231321e+03 3.227250e+03
8.2 3.235033e+03 3.229608e+03 3.232932e+03 3.238358e+03
9.2 3.252611e+03 3.232221e+03 3.234822e+03 3.255212e+03
10.2 3.255453e+03 3.232684e+03 3.234740e+03 3.257509e+03
11.2 3.261856e+03 3.232953e+03 3.233131e+03 3.262033e+03
12.2 3.261771e+03 3.236534e+03 3.231529e+03 3.256766e+03
13.2 3.231256e+03 3.240638e+03 3.230507e+03 3.221125e+03
14.2 3.253519e+03 3.240023e+03 3.229987e+03 3.243484e+03
15.2 3.256312e+03 3.235722e+03 3.229793e+03 3.250384e+03
16.2 3.248486e+03 3.231385e+03 3.229794e+03 3.246895e+03
17.2 3.233827e+03 3.228545e+03 3.229890e+03 3.235173e+03
18.2 3.218538e+03 3.227082e+03 3.230013e+03 3.221469e+03
19.2 3.237276e+03 3.225092e+03 3.230119e+03 3.242303e+03
20.2 3.229835e+03 3.217979e+03 3.230195e+03 3.242051e+03
21.2 3.218497e+03 3.210973e+03 3.230242e+03 3.237766e+03
0.7 3.223082e+03 3.225612e+03 3.231571e+03 3.229041e+03
1.7 3.222733e+03 3.226804e+03 3.231321e+03 3.227250e+03
2.7 3.235033e+03 3.229608e+03 3.232932e+03 3.238358e+03
3.7 3.252611e+03 3.232221e+03 3.234822e+03 3.255212e+03
4.7 3.255453e+03 3.232684e+03 3.234740e+03 3.257509e+03
5.7 3.261856e+03 3.232953e+03 3.233131e+03 3.262033e+03
6.7 3.261771e+03 3.236534e+03 3.231529e+03 3.256766e+03
7.7 3.231256e+03 3.240638e+03 3.230507e+03 3.221125e+03
8.7 3.253519e+03 3.240023e+03 3.229987e+03 3.243484e+03
9.7 3.256312e+03 3.235722e+03 3.229793e+03 3.250384e+03
10.7 3.248486e+03 3.231385e+03 3.229794e+03 3.246895e+03
11.7 3.233827e+03 3.228545e+03 3.229890e+03 3.235173e+03
12.7 3.218538e+03 3.227082e+03 3.230013e+03 3.221469e+03
13.7 3.237276e+03 3.225092e+03 3.230119e+03 3.242303e+03
14.7 3.229835e+03 3.217979e+03 3.230195e+03 3.242051e+03
15.7 3.218497e+03 3.210973e+03 3.230242e+03 3.237766e+03
16.7 3.186089e+03 3.212374e+03 3.230268e+03 3.203983e+03
17.7 3.220147e+03 3.218440e+03 3.230282e+03 3.231989e+03
18.7 3.213554e+03 3.223767e+03 3.230288e+03 3.220075e+03
19.7 3.214126e+03 3.226997e+03 3.230291e+03 3.217419e+03
20.7 3.219188e+03 3.226711e+03 3.230292e+03 3.222769e+03
21.7 3.166119e+03 3.219696e+03 3.230292e+03 3.176715e+03
0.7 3.196748e+03 3.230527e+03 3.230300e+03 3.196520e+03
1.7 3.192286e+03 3.230761e+03 3.230847e+03 3.192372e+03
2.7 3.215624e+03 3.232119e+03 3.232848e+03 3.216353e+03
3.7 3.190106e+03 3.233663e+03 3.235022e+03 3.191465e+03
4.7 3.248057e+03 3.233428e+03 3.235137e+03 3.249766e+03
5.7 3.215462e+03 3.231845e+03 3.233534e+03 3.217152e+03
6.7 3.221877e+03 3.234805e+03 3.231831e+03 3.218904e+03
7.7 3.291318e+03 3.246504e+03 3.230698e+03 3.275512e+03
8.7 3.275447e+03 3.253064e+03 3.230095e+03 3.252478e+03
9.7 3.263498e+03 3.247799e+03 3.229847e+03 3.245547e+03
10.7 3.277582e+03 3.238942e+03 3.229816e+03 3.268456e+03
11.7 3.261004e+03 3.232542e+03 3.229897e+03 3.258359e+03
12.7 3.208595e+03 3.228900e+03 3.230012e+03 3.209707e+03
13.7 3.188191e+03 3.226992e+03 3.230116e+03 3.191316e+03
14.7 3.224865e+03 3.226556e+03 3.230193e+03 3.228502e+03
15.7 3.274784e+03 3.227108e+03 3.230240e+03 3.277917e+03
16.7 3.214539e+03 3.227674e+03 3.230267e+03 3.217132e+03
17.7 3.234726e+03 3.227875e+03 3.230281e+03 3.237132e+03
18.7 3.206791e+03 3.227799e+03 3.230288e+03 3.209280e+03
19.7 3.238459e+03 3.228251e+03 3.230291e+03 3.240498e+03
20.7 3.260094e+03 3.235484e+03 3.230292e+03 3.254902e+03
21.7 3.291968e+03 3.250230e+03 3.230292e+03 3.272030e+03
