0.4 1.083022e+04 1.083835e+04 1.084718e+04 1.083905e+04
1.4 1.081914e+04 1.083277e+04 1.084971e+04 1.083609e+04
2.4 1.087467e+04 1.084087e+04 1.085903e+04 1.089283e+04
3.4 1.087291e+04 1.084628e+04 1.086232e+04 1.088894e+04
4.4 1.084056e+04 1.084557e+04 1.085809e+04 1.085308e+04
5.4 1.083442e+04 1.084542e+04 1.085271e+04 1.084171e+04
6.4 1.087096e+04 1.084689e+04 1.084901e+04 1.087308e+04
7.4 1.087216e+04 1.084952e+04 1.084698e+04 1.086962e+04
8.4 1.086565e+04 1.084864e+04 1.084605e+04 1.086305e+04
9.4 1.086429e+04 1.084691e+04 1.084582e+04 1.086320e+04
10.4 1.086367e+04 1.084792e+04 1.084598e+04 1.086174e+04
11.4 1.081843e+04 1.084869e+04 1.084630e+04 1.081604e+04
12.4 1.084476e+04 1.084551e+04 1.084662e+04 1.084588e+04
13.4 1.087870e+04 1.084760e+04 1.084686e+04 1.087796e+04
14.4 1.087442e+04 1.086281e+04 1.084701e+04 1.085862e+04
15.4 1.085764e+04 1.087397e+04 1.084710e+04 1.083077e+04
16.4 1.087757e+04 1.087159e+04 1.084714e+04 1.085313e+04
17.4 1.084697e+04 1.086038e+04 1.084716e+04 1.083375e+04
18.4 1.086038e+04 1.085673e+04 1.084717e+04 1.085083e+04
19.4 1.085933e+04 1.086298e+04 1.084718e+04 1.084353e+04
20.4 1.084849e+04 1.086450e+04 1.084718e+04 1.083117e+04
0.7 1.086148e+04 1.085358e+04 1.084730e+04 1.085520e+04
1.7 1.085033e+04 1.085933e+04 1.085267e+04 1.084367e+04
2.7 1.086909e+04 1.086222e+04 1.086130e+04 1.086817e+04
3.7 1.087631e+04 1.085615e+04 1.086137e+04 1.088153e+04
4.7 1.086300e+04 1.084696e+04 1.085614e+04 1.087218e+04
5.7 1.082879e+04 1.084070e+04 1.085123e+04 1.083932e+04
6.7 1.084065e+04 1.084612e+04 1.084816e+04 1.084269e+04
7.7 1.087116e+04 1.085981e+04 1.084870e+04 1.086005e+04
8.7 1.087133e+04 1.086885e+04 1.085728e+04 1.085976e+04
9.7 1.086337e+04 1.086512e+04 1.086105e+04 1.085931e+04
10.7 1.089483e+04 1.086178e+04 1.085732e+04 1.089037e+04
11.7 1.091140e+04 1.087078e+04 1.085222e+04 1.089284e+04
12.7 1.089079e+04 1.087616e+04 1.084870e+04 1.086333e+04
13.7 1.088640e+04 1.087005e+04 1.084679e+04 1.086315e+04
14.7 1.087534e+04 1.085689e+04 1.084594e+04 1.086440e+04
15.7 1.083733e+04 1.084483e+04 1.084575e+04 1.083825e+04
16.7 1.081494e+04 1.083733e+04 1.084594e+04 1.082355e+04
17.7 1.082008e+04 1.083380e+04 1.084627e+04 1.083255e+04
18.7 1.081517e+04 1.083280e+04 1.084660e+04 1.082897e+04
19.7 1.083696e+04 1.083368e+04 1.084684e+04 1.085013e+04
20.7 1.085881e+04 1.083850e+04 1.084700e+04 1.086732e+04
0.3 1.084065e+04 1.084612e+04 1.084816e+04 1.084269e+04
1.3 1.087116e+04 1.085981e+04 1.084870e+04 1.086005e+04
2.3 1.087133e+04 1.086885e+04 1.085728e+04 1.085976e+04
3.3 1.086337e+04 1.086512e+04 1.086105e+04 1.085931e+04
4.3 1.089483e+04 1.086178e+04 1.085732e+04 1.089037e+04
5.3 1.091140e+04 1.087078e+04 1.085222e+04 1.089284e+04
6.3 1.089079e+04 1.087616e+04 1.084870e+04 1.086333e+04
7.3 1.088640e+04 1.087005e+04 1.084679e+04 1.086315e+04
8.3 1.087534e+04 1.085689e+04 1.084594e+04 1.086440e+04
9.3 1.083733e+04 1.084483e+04 1.084575e+04 1.083825e+04
10.3 1.081494e+04 1.083733e+04 1.084594e+04 1.082355e+04
11.3 1.082008e+04 1.083380e+04 1.084627e+04 1.083255e+04
12.3 1.081517e+04 1.083280e+04 1.084660e+04 1.082897e+04
13.3 1.083696e+04 1.083368e+04 1.084684e+04 1.085013e+04
14.3 1.085881e+04 1.083850e+04 1.084700e+04 1.086732e+04
15.3 1.085510e+04 1.084513e+04 1.084709e+04 1.085706e+04
16.3 1.085324e+04 1.085066e+04 1.084714e+04 1.084972e+04
17.3 1.083519e+04 1.085281e+04 1.084716e+04 1.082955e+04
18.3 1.084990e+04 1.085170e+04 1.084717e+04 1.084537e+04
19.3 1.089190e+04 1.085175e+04 1.084718e+04 1.088733e+04
20.3 1.084569e+04 1.085100e+04 1.084718e+04 1.084187e+04
0.5 1.084313e+04 1.085626e+04 1.084721e+04 1.083408e+04
1.5 1.083527e+04 1.086000e+04 1.085108e+04 1.082635e+04
2.5 1.083257e+04 1.086325e+04 1.086031e+04 1.082963e+04
3.5 1.083040e+04 1.086022e+04 1.086194e+04 1.083211e+04
4.5 1.082077e+04 1.085468e+04 1.085711e+04 1.082321e+04
5.5 1.086543e+04 1.085046e+04 1.085194e+04 1.086691e+04
6.5 1.087853e+04 1.084930e+04 1.084856e+04 1.087779e+04
7.5 1.084059e+04 1.084387e+04 1.084676e+04 1.084348e+04
8.5 1.080231e+04 1.083916e+04 1.084892e+04 1.081207e+04
9.5 1.084198e+04 1.084503e+04 1.085813e+04 1.085508e+04
10.5 1.085913e+04 1.084779e+04 1.086107e+04 1.087241e+04
11.5 1.083554e+04 1.084447e+04 1.085695e+04 1.084802e+04
12.5 1.079943e+04 1.084031e+04 1.085193e+04 1.081105e+04
13.5 1.081580e+04 1.083767e+04 1.084856e+04 1.082669e+04
14.5 1.087096e+04 1.083646e+04 1.084675e+04 1.088124e+04
15.5 1.088534e+04 1.083742e+04 1.084594e+04 1.089387e+04
16.5 1.084821e+04 1.084096e+04 1.084583e+04 1.085308e+04
17.5 1.082970e+04 1.084729e+04 1.085039e+04 1.083280e+04
18.5 1.084344e+04 1.085520e+04 1.085981e+04 1.084805e+04
19.5 1.084951e+04 1.085288e+04 1.086122e+04 1.085785e+04
20.5 1.089923e+04 1.084364e+04 1.085647e+04 1.091206e+04
0.4 1.084059e+04 1.084387e+04 1.084676e+04 1.084348e+04
1.4 1.080231e+04 1.083916e+04 1.084892e+04 1.081207e+04
2.4 1.084198e+04 1.084503e+04 1.085813e+04 1.085508e+04
3.4 1.085913e+04 1.084779e+04 1.086107e+04 1.087241e+04
4.4 1.083554e+04 1.084447e+04 1.085695e+04 1.084802e+04
5.4 1.079943e+04 1.084031e+04 1.085193e+04 1.081105e+04
6.4 1.081580e+04 1.083767e+04 1.084856e+04 1.082669e+04
7.4 1.087096e+04 1.083646e+04 1.084675e+04 1.088124e+04
8.4 1.088534e+04 1.083742e+04 1.084594e+04 1.089387e+04
9.4 1.084821e+04 1.084096e+04 1.084583e+04 1.085308e+04
10.4 1.082970e+04 1.084729e+04 1.085039e+04 1.083280e+04
11.4 1.084344e+04 1.085520e+04 1.085981e+04 1.084805e+04
12.4 1.084951e+04 1.085288e+04 1.086122e+04 1.085785e+04
13.4 1.089923e+04 1.084364e+04 1.085647e+04 1.091206e+04
14.4 1.088789e+04 1.084127e+04 1.085153e+04 1.089816e+04
15.4 1.084211e+04 1.084265e+04 1.084834e+04 1.084780e+04
16.4 1.081677e+04 1.084584e+04 1.084665e+04 1.081758e+04
17.4 1.085161e+04 1.085784e+04 1.084593e+04 1.083970e+04
18.4 1.083627e+04 1.086595e+04 1.084582e+04 1.081614e+04
19.4 1.091582e+04 1.086299e+04 1.084605e+04 1.089888e+04
20.4 1.087433e+04 1.085321e+04 1.084638e+04 1.086750e+04
0.6 1.084821e+04 1.084096e+04 1.084583e+04 1.085308e+04
1.6 1.082970e+04 1.084729e+04 1.085039e+04 1.083280e+04
2.6 1.084344e+04 1.085520e+04 1.085981e+04 1.084805e+04
3.6 1.084951e+04 1.085288e+04 1.086122e+04 1.085785e+04
4.6 1.089923e+04 1.084364e+04 1.085647e+04 1.091206e+04
5.6 1.088789e+04 1.084127e+04 1.085153e+04 1.089816e+04
6.6 1.084211e+04 1.084265e+04 1.084834e+04 1.084780e+04
7.6 1.081677e+04 1.084584e+04 1.084665e+04 1.081758e+04
8.6 1.085161e+04 1.085784e+04 1.084593e+04 1.083970e+04
9.6 1.083627e+04 1.086595e+04 1.084582e+04 1.081614e+04
10.6 1.091582e+04 1.086299e+04 1.084605e+04 1.089888e+04
11.6 1.087433e+04 1.085321e+04 1.084638e+04 1.086750e+04
12.6 1.088289e+04 1.084408e+04 1.084668e+04 1.088549e+04
13.6 1.081573e+04 1.083830e+04 1.084690e+04 1.082433e+04
14.6 1.084987e+04 1.083541e+04 1.084703e+04 1.086149e+04
15.6 1.077680e+04 1.083515e+04 1.084711e+04 1.078875e+04
16.6 1.079460e+04 1.083919e+04 1.084715e+04 1.080256e+04
17.6 1.082901e+04 1.084526e+04 1.084717e+04 1.083092e+04
18.6 1.083538e+04 1.084956e+04 1.084718e+04 1.083300e+04
19.6 1.081108e+04 1.084779e+04 1.084718e+04 1.081047e+04
20.6 1.081666e+04 1.084324e+04 1.084718e+04 1.082059e+04
0.3 1.084625e+04 1.086419e+04 1.084718e+04 1.082925e+04
1.3 1.084810e+04 1.086128e+04 1.084914e+04 1.083596e+04
2.3 1.082648e+04 1.086198e+04 1.085830e+04 1.082280e+04
3.3 1.085384e+04 1.086126e+04 1.086242e+04 1.085500e+04
4.3 1.090628e+04 1.085872e+04 1.085857e+04 1.090614e+04
5.3 1.090667e+04 1.085602e+04 1.085312e+04 1.090377e+04
6.3 1.085957e+04 1.084947e+04 1.084926e+04 1.085936e+04
7.3 1.084424e+04 1.083939e+04 1.084741e+04 1.085225e+04
8.3 1.084624e+04 1.083914e+04 1.085301e+04 1.086011e+04
9.3 1.083865e+04 1.084553e+04 1.086053e+04 1.085365e+04
10.3 1.080288e+04 1.084558e+04 1.085956e+04 1.081685e+04
11.3 1.086060e+04 1.084347e+04 1.085444e+04 1.087157e+04
12.3 1.084437e+04 1.084553e+04 1.085009e+04 1.084893e+04
13.3 1.084217e+04 1.084899e+04 1.084751e+04 1.084069e+04
14.3 1.079758e+04 1.085160e+04 1.084623e+04 1.079221e+04
15.3 1.081892e+04 1.085355e+04 1.084578e+04 1.081114e+04
16.3 1.083579e+04 1.086285e+04 1.084624e+04 1.081919e+04
17.3 1.086851e+04 1.087147e+04 1.085361e+04 1.085066e+04
18.3 1.088312e+04 1.087124e+04 1.086135e+04 1.087322e+04
19.3 1.084377e+04 1.087072e+04 1.086008e+04 1.083314e+04
20.3 1.082784e+04 1.087379e+04 1.085797e+04 1.081203e+04
0.9 1.084424e+04 1.083939e+04 1.084741e+04 1.085225e+04
1.9 1.084624e+04 1.083914e+04 1.085301e+04 1.086011e+04
2.9 1.083865e+04 1.084553e+04 1.086053e+04 1.085365e+04
3.9 1.080288e+04 1.084558e+04 1.085956e+04 1.081685e+04
4.9 1.086060e+04 1.084347e+04 1.085444e+04 1.087157e+04
5.9 1.084437e+04 1.084553e+04 1.085009e+04 1.084893e+04
6.9 1.084217e+04 1.084899e+04 1.084751e+04 1.084069e+04
7.9 1.079758e+04 1.085160e+04 1.084623e+04 1.079221e+04
8.9 1.081892e+04 1.085355e+04 1.084578e+04 1.081114e+04
9.9 1.083579e+04 1.086285e+04 1.084624e+04 1.081919e+04
10.9 1.086851e+04 1.087147e+04 1.085361e+04 1.085066e+04
11.9 1.088312e+04 1.087124e+04 1.086135e+04 1.087322e+04
12.9 1.084377e+04 1.087072e+04 1.086008e+04 1.083314e+04
13.9 1.082784e+04 1.087379e+04 1.085797e+04 1.081203e+04
14.9 1.081226e+04 1.087352e+04 1.086287e+04 1.080161e+04
15.9 1.085846e+04 1.086333e+04 1.086266e+04 1.085778e+04
16.9 1.086230e+04 1.084977e+04 1.085676e+04 1.086929e+04
17.9 1.083683e+04 1.083990e+04 1.085098e+04 1.084792e+04
18.9 1.083390e+04 1.083474e+04 1.084747e+04 1.084663e+04
19.9 1.085145e+04 1.083284e+04 1.084583e+04 1.086444e+04
20.9 1.085909e+04 1.083277e+04 1.084530e+04 1.087162e+04
0.9 1.083579e+04 1.086285e+04 1.084624e+04 1.081919e+04
1.9 1.086851e+04 1.087147e+04 1.085361e+04 1.085066e+04
2.9 1.088312e+04 1.087124e+04 1.086135e+04 1.087322e+04
3.9 1.084377e+04 1.087072e+04 1.086008e+04 1.083314e+04
4.9 1.082784e+04 1.087379e+04 1.085797e+04 1.081203e+04
5.9 1.081226e+04 1.087352e+04 1.086287e+04 1.080161e+04
6.9 1.085846e+04 1.086333e+04 1.086266e+04 1.085778e+04
7.9 1.086230e+04 1.084977e+04 1.085676e+04 1.086929e+04
8.9 1.083683e+04 1.083990e+04 1.085098e+04 1.084792e+04
9.9 1.083390e+04 1.083474e+04 1.084747e+04 1.084663e+04
10.9 1.085145e+04 1.083284e+04 1.084583e+04 1.086444e+04
11.9 1.085909e+04 1.083277e+04 1.084530e+04 1.087162e+04
12.9 1.083416e+04 1.083365e+04 1.084540e+04 1.084591e+04
13.9 1.082512e+04 1.083614e+04 1.084577e+04 1.083476e+04
14.9 1.084187e+04 1.084080e+04 1.084621e+04 1.084729e+04
15.9 1.081652e+04 1.084498e+04 1.084659e+04 1.081813e+04
16.9 1.079463e+04 1.084904e+04 1.084685e+04 1.079245e+04
17.9 1.085746e+04 1.084837e+04 1.084701e+04 1.085610e+04
18.9 1.087064e+04 1.084027e+04 1.084710e+04 1.087747e+04
19.9 1.085470e+04 1.083231e+04 1.084714e+04 1.086953e+04
20.9 1.079846e+04 1.083404e+04 1.084717e+04 1.081158e+04
0.5 1.084377e+04 1.087072e+04 1.086008e+04 1.083314e+04
1.5 1.082784e+04 1.087379e+04 1.085797e+04 1.081203e+04
2.5 1.081226e+04 1.087352e+04 1.086287e+04 1.080161e+04
3.5 1.085846e+04 1.086333e+04 1.086266e+04 1.085778e+04
4.5 1.086230e+04 1.084977e+04 1.085676e+04 1.086929e+04
5.5 1.083683e+04 1.083990e+04 1.085098e+04 1.084792e+04
6.5 1.083390e+04 1.083474e+04 1.084747e+04 1.084663e+04
7.5 1.085145e+04 1.083284e+04 1.084583e+04 1.086444e+04
8.5 1.085909e+04 1.083277e+04 1.084530e+04 1.087162e+04
9.5 1.083416e+04 1.083365e+04 1.084540e+04 1.084591e+04
10.5 1.082512e+04 1.083614e+04 1.084577e+04 1.083476e+04
11.5 1.084187e+04 1.084080e+04 1.084621e+04 1.084729e+04
12.5 1.081652e+04 1.084498e+04 1.084659e+04 1.081813e+04
13.5 1.079463e+04 1.084904e+04 1.084685e+04 1.079245e+04
14.5 1.085746e+04 1.084837e+04 1.084701e+04 1.085610e+04
15.5 1.087064e+04 1.084027e+04 1.084710e+04 1.087747e+04
16.5 1.085470e+04 1.083231e+04 1.084714e+04 1.086953e+04
17.5 1.079846e+04 1.083404e+04 1.084717e+04 1.081158e+04
18.5 1.080767e+04 1.083942e+04 1.084717e+04 1.081543e+04
19.5 1.081895e+04 1.084072e+04 1.084718e+04 1.082541e+04
20.5 1.083914e+04 1.083961e+04 1.084718e+04 1.084671e+04
1.0 1.082783e+04 1.084542e+04 1.084767e+04 1.083008e+04
2.0 1.087502e+04 1.085121e+04 1.085497e+04 1.087879e+04
3.0 1.089237e+04 1.085545e+04 1.086215e+04 1.089907e+04
4.0 1.086623e+04 1.085126e+04 1.086038e+04 1.087535e+04
5.0 1.087913e+04 1.084552e+04 1.085488e+04 1.088849e+04
6.0 1.083379e+04 1.084398e+04 1.085036e+04 1.084017e+04
7.0 1.082328e+04 1.084490e+04 1.084768e+04 1.082607e+04
8.0 1.087180e+04 1.084738e+04 1.084634e+04 1.087076e+04
9.0 1.088151e+04 1.085413e+04 1.084585e+04 1.087323e+04
10.0 1.089322e+04 1.086923e+04 1.084588e+04 1.086986e+04
11.0 1.089764e+04 1.088367e+04 1.084616e+04 1.086014e+04
12.0 1.088498e+04 1.088403e+04 1.084649e+04 1.084744e+04
13.0 1.084866e+04 1.087219e+04 1.084676e+04 1.082322e+04
14.0 1.082093e+04 1.085620e+04 1.084695e+04 1.081169e+04
15.0 1.083411e+04 1.084353e+04 1.084707e+04 1.083765e+04
16.0 1.083475e+04 1.083615e+04 1.084713e+04 1.084573e+04
17.0 1.081155e+04 1.083221e+04 1.084716e+04 1.082649e+04
18.0 1.085049e+04 1.082810e+04 1.084717e+04 1.086957e+04
19.0 1.080304e+04 1.082595e+04 1.084718e+04 1.082427e+04
20.0 1.079410e+04 1.083231e+04 1.084718e+04 1.080897e+04
21.0 1.081421e+04 1.083905e+04 1.084718e+04 1.082235e+04
0.3 1.081797e+04 1.083335e+04 1.084718e+04 1.083181e+04
1.3 1.081296e+04 1.083187e+04 1.084933e+04 1.083042e+04
2.3 1.082198e+04 1.084172e+04 1.085855e+04 1.083882e+04
3.3 1.081630e+04 1.084919e+04 1.086239e+04 1.082951e+04
4.3 1.086755e+04 1.085221e+04 1.085841e+04 1.087376e+04
5.3 1.087767e+04 1.085373e+04 1.085298e+04 1.087692e+04
6.3 1.088877e+04 1.085491e+04 1.084917e+04 1.088303e+04
7.3 1.084593e+04 1.085229e+04 1.084706e+04 1.084070e+04
8.3 1.084764e+04 1.084709e+04 1.084608e+04 1.084663e+04
9.3 1.084634e+04 1.084488e+04 1.084582e+04 1.084728e+04
10.3 1.082616e+04 1.084525e+04 1.084597e+04 1.082687e+04
11.3 1.082276e+04 1.084727e+04 1.084628e+04 1.082178e+04
12.3 1.082195e+04 1.084877e+04 1.084660e+04 1.081978e+04
13.3 1.083476e+04 1.084870e+04 1.084684e+04 1.083290e+04
14.3 1.084173e+04 1.085217e+04 1.084700e+04 1.083657e+04
15.3 1.088895e+04 1.085545e+04 1.084709e+04 1.088059e+04
16.3 1.091331e+04 1.085578e+04 1.084714e+04 1.090467e+04
17.3 1.088108e+04 1.085224e+04 1.084716e+04 1.087601e+04
18.3 1.084018e+04 1.085001e+04 1.084717e+04 1.083734e+04
19.3 1.083877e+04 1.085062e+04 1.084718e+04 1.083532e+04
20.3 1.085012e+04 1.085008e+04 1.084718e+04 1.084722e+04
