0.8 1.180991e+04 1.193355e+04 1.191574e+04 1.179210e+04
1.8 1.185890e+04 1.190627e+04 1.191373e+04 1.186637e+04
2.8 1.185560e+04 1.188092e+04 1.190810e+04 1.188277e+04
3.8 1.194229e+04 1.188271e+04 1.190479e+04 1.196437e+04
4.8 1.195212e+04 1.192091e+04 1.190693e+04 1.193813e+04
5.8 1.191674e+04 1.193202e+04 1.191073e+04 1.189545e+04
6.8 1.176872e+04 1.191256e+04 1.191115e+04 1.176730e+04
7.8 1.185477e+04 1.189685e+04 1.190874e+04 1.186666e+04
8.8 1.195516e+04 1.192388e+04 1.190932e+04 1.194061e+04
9.8 1.191151e+04 1.193802e+04 1.191097e+04 1.188447e+04
10.8 1.187000e+04 1.191659e+04 1.190842e+04 1.186183e+04
11.8 1.181846e+04 1.189708e+04 1.190521e+04 1.182659e+04
12.8 1.188823e+04 1.192225e+04 1.190679e+04 1.187277e+04
13.8 1.194652e+04 1.193501e+04 1.191080e+04 1.192231e+04
14.8 1.191624e+04 1.191405e+04 1.191410e+04 1.191629e+04
15.8 1.189012e+04 1.189575e+04 1.191598e+04 1.191036e+04
16.8 1.191218e+04 1.192194e+04 1.191682e+04 1.190707e+04
17.8 1.192365e+04 1.194273e+04 1.191704e+04 1.189796e+04
18.8 1.188363e+04 1.193714e+04 1.191692e+04 1.186340e+04
19.8 1.187245e+04 1.192660e+04 1.191664e+04 1.186250e+04
20.8 1.191080e+04 1.194558e+04 1.191636e+04 1.188158e+04
21.8 1.190396e+04 1.195472e+04 1.191613e+04 1.186537e+04
1.0 1.191674e+04 1.193202e+04 1.191073e+04 1.189545e+04
2.0 1.176872e+04 1.191256e+04 1.191115e+04 1.176730e+04
3.0 1.185477e+04 1.189685e+04 1.190874e+04 1.186666e+04
4.0 1.195516e+04 1.192388e+04 1.190932e+04 1.194061e+04
5.0 1.191151e+04 1.193802e+04 1.191097e+04 1.188447e+04
6.0 1.187000e+04 1.191659e+04 1.190842e+04 1.186183e+04
7.0 1.181846e+04 1.189708e+04 1.190521e+04 1.182659e+04
8.0 1.188823e+04 1.192225e+04 1.190679e+04 1.187277e+04
9.0 1.194652e+04 1.193501e+04 1.191080e+04 1.192231e+04
10.0 1.191624e+04 1.191405e+04 1.191410e+04 1.191629e+04
11.0 1.189012e+04 1.189575e+04 1.191598e+04 1.191036e+04
12.0 1.191218e+04 1.192194e+04 1.191682e+04 1.190707e+04
13.0 1.192365e+04 1.194273e+04 1.191704e+04 1.189796e+04
14.0 1.188363e+04 1.193714e+04 1.191692e+04 1.186340e+04
15.0 1.187245e+04 1.192660e+04 1.191664e+04 1.186250e+04
16.0 1.191080e+04 1.194558e+04 1.191636e+04 1.188158e+04
17.0 1.190396e+04 1.195472e+04 1.191613e+04 1.186537e+04
18.0 1.196214e+04 1.192900e+04 1.191598e+04 1.194912e+04
19.0 1.187846e+04 1.189450e+04 1.191589e+04 1.189985e+04
20.0 1.176232e+04 1.188050e+04 1.191584e+04 1.179766e+04
21.0 1.188046e+04 1.191312e+04 1.191581e+04 1.188315e+04
22.0 1.192901e+04 1.193189e+04 1.191580e+04 1.191293e+04
0.5 1.195516e+04 1.192388e+04 1.190932e+04 1.194061e+04
1.5 1.191151e+04 1.193802e+04 1.191097e+04 1.188447e+04
2.5 1.187000e+04 1.191659e+04 1.190842e+04 1.186183e+04
3.5 1.181846e+04 1.189708e+04 1.190521e+04 1.182659e+04
4.5 1.188823e+04 1.192225e+04 1.190679e+04 1.187277e+04
5.5 1.194652e+04 1.193501e+04 1.191080e+04 1.192231e+04
6.5 1.191624e+04 1.191405e+04 1.191410e+04 1.191629e+04
7.5 1.189012e+04 1.189575e+04 1.191598e+04 1.191036e+04
8.5 1.191218e+04 1.192194e+04 1.191682e+04 1.190707e+04
9.5 1.192365e+04 1.194273e+04 1.191704e+04 1.189796e+04
10.5 1.188363e+04 1.193714e+04 1.191692e+04 1.186340e+04
11.5 1.187245e+04 1.192660e+04 1.191664e+04 1.186250e+04
12.5 1.191080e+04 1.194558e+04 1.191636e+04 1.188158e+04
13.5 1.190396e+04 1.195472e+04 1.191613e+04 1.186537e+04
14.5 1.196214e+04 1.192900e+04 1.191598e+04 1.194912e+04
15.5 1.187846e+04 1.189450e+04 1.191589e+04 1.189985e+04
16.5 1.176232e+04 1.188050e+04 1.191584e+04 1.179766e+04
17.5 1.188046e+04 1.191312e+04 1.191581e+04 1.188315e+04
18.5 1.192901e+04 1.193189e+04 1.191580e+04 1.191293e+04
19.5 1.196114e+04 1.191838e+04 1.191580e+04 1.195855e+04
20.5 1.189848e+04 1.189813e+04 1.191580e+04 1.191615e+04
21.5 1.187615e+04 1.188484e+04 1.191579e+04 1.190711e+04
1.0 1.191322e+04 1.188877e+04 1.191560e+04 1.194005e+04
2.0 1.194375e+04 1.187867e+04 1.191276e+04 1.197784e+04
3.0 1.187026e+04 1.187721e+04 1.190870e+04 1.190176e+04
4.0 1.192055e+04 1.190313e+04 1.190868e+04 1.192611e+04
5.0 1.192089e+04 1.191688e+04 1.191116e+04 1.191517e+04
6.0 1.185373e+04 1.190564e+04 1.191117e+04 1.185927e+04
7.0 1.191330e+04 1.188623e+04 1.190691e+04 1.193399e+04
8.0 1.188011e+04 1.189279e+04 1.190495e+04 1.189227e+04
9.0 1.192403e+04 1.192973e+04 1.190782e+04 1.190212e+04
10.0 1.199051e+04 1.193599e+04 1.191183e+04 1.196636e+04
11.0 1.199839e+04 1.191641e+04 1.191467e+04 1.199666e+04
12.0 1.193371e+04 1.189616e+04 1.191620e+04 1.195374e+04
13.0 1.186974e+04 1.188345e+04 1.191684e+04 1.190312e+04
14.0 1.185311e+04 1.187692e+04 1.191696e+04 1.189314e+04
15.0 1.181792e+04 1.187671e+04 1.191680e+04 1.185800e+04
16.0 1.184435e+04 1.189498e+04 1.191653e+04 1.186590e+04
17.0 1.190952e+04 1.192400e+04 1.191627e+04 1.190179e+04
18.0 1.196722e+04 1.196119e+04 1.191607e+04 1.192210e+04
19.0 1.199054e+04 1.197402e+04 1.191594e+04 1.193246e+04
20.0 1.189520e+04 1.194985e+04 1.191587e+04 1.186122e+04
21.0 1.191186e+04 1.195150e+04 1.191583e+04 1.187619e+04
22.0 1.197869e+04 1.195285e+04 1.191581e+04 1.194164e+04
0.9 1.192089e+04 1.191688e+04 1.191116e+04 1.191517e+04
1.9 1.185373e+04 1.190564e+04 1.191117e+04 1.185927e+04
2.9 1.191330e+04 1.188623e+04 1.190691e+04 1.193399e+04
3.9 1.188011e+04 1.189279e+04 1.190495e+04 1.189227e+04
4.9 1.192403e+04 1.192973e+04 1.190782e+04 1.190212e+04
5.9 1.199051e+04 1.193599e+04 1.191183e+04 1.196636e+04
6.9 1.199839e+04 1.191641e+04 1.191467e+04 1.199666e+04
7.9 1.193371e+04 1.189616e+04 1.191620e+04 1.195374e+04
8.9 1.186974e+04 1.188345e+04 1.191684e+04 1.190312e+04
9.9 1.185311e+04 1.187692e+04 1.191696e+04 1.189314e+04
10.9 1.181792e+04 1.187671e+04 1.191680e+04 1.185800e+04
11.9 1.184435e+04 1.189498e+04 1.191653e+04 1.186590e+04
12.9 1.190952e+04 1.192400e+04 1.191627e+04 1.190179e+04
13.9 1.196722e+04 1.196119e+04 1.191607e+04 1.192210e+04
14.9 1.199054e+04 1.197402e+04 1.191594e+04 1.193246e+04
15.9 1.189520e+04 1.194985e+04 1.191587e+04 1.186122e+04
16.9 1.191186e+04 1.195150e+04 1.191583e+04 1.187619e+04
17.9 1.197869e+04 1.195285e+04 1.191581e+04 1.194164e+04
18.9 1.189534e+04 1.192451e+04 1.191580e+04 1.188663e+04
19.9 1.198171e+04 1.189015e+04 1.191580e+04 1.200736e+04
20.9 1.192758e+04 1.188112e+04 1.191580e+04 1.196226e+04
21.9 1.196573e+04 1.190257e+04 1.191579e+04 1.197895e+04
0.6 1.204113e+04 1.195860e+04 1.191578e+04 1.199832e+04
1.6 1.197238e+04 1.193692e+04 1.191438e+04 1.194984e+04
2.6 1.193327e+04 1.190505e+04 1.191000e+04 1.193823e+04
3.6 1.181887e+04 1.191339e+04 1.190819e+04 1.181367e+04
4.6 1.194631e+04 1.193657e+04 1.191014e+04 1.191988e+04
5.6 1.189184e+04 1.192778e+04 1.191285e+04 1.187692e+04
6.6 1.189716e+04 1.190482e+04 1.191478e+04 1.190712e+04
7.6 1.196290e+04 1.188706e+04 1.191586e+04 1.199169e+04
8.6 1.197847e+04 1.187753e+04 1.191635e+04 1.201729e+04
9.6 1.205069e+04 1.187700e+04 1.191649e+04 1.209017e+04
10.6 1.185030e+04 1.189519e+04 1.191641e+04 1.187152e+04
11.6 1.195252e+04 1.193085e+04 1.191625e+04 1.193791e+04
12.6 1.201154e+04 1.196529e+04 1.191609e+04 1.196234e+04
13.6 1.196122e+04 1.195643e+04 1.191597e+04 1.192076e+04
14.6 1.199977e+04 1.192524e+04 1.191589e+04 1.199042e+04
15.6 1.193892e+04 1.190194e+04 1.191584e+04 1.195282e+04
16.6 1.189296e+04 1.189502e+04 1.191582e+04 1.191376e+04
17.6 1.197090e+04 1.191059e+04 1.191580e+04 1.197611e+04
18.6 1.191831e+04 1.194376e+04 1.191580e+04 1.189035e+04
19.6 1.194801e+04 1.194268e+04 1.191580e+04 1.192112e+04
20.6 1.192255e+04 1.191798e+04 1.191580e+04 1.192036e+04
21.6 1.189365e+04 1.189509e+04 1.191579e+04 1.191436e+04
0.3 1.183094e+04 1.187443e+04 1.191579e+04 1.187230e+04
1.3 1.187013e+04 1.187153e+04 1.191526e+04 1.191386e+04
2.3 1.190069e+04 1.186774e+04 1.191122e+04 1.194417e+04
3.3 1.179479e+04 1.186275e+04 1.190468e+04 1.183672e+04
4.3 1.180225e+04 1.187366e+04 1.190177e+04 1.183036e+04
5.3 1.189037e+04 1.191900e+04 1.190490e+04 1.187626e+04
6.3 1.199505e+04 1.193525e+04 1.190987e+04 1.196968e+04
7.3 1.197788e+04 1.191502e+04 1.191366e+04 1.197651e+04
8.3 1.189498e+04 1.189677e+04 1.191583e+04 1.191404e+04
9.3 1.184052e+04 1.191137e+04 1.191685e+04 1.184599e+04
10.3 1.180579e+04 1.191708e+04 1.191713e+04 1.180584e+04
11.3 1.191727e+04 1.190996e+04 1.191699e+04 1.192430e+04
12.3 1.202016e+04 1.193455e+04 1.191669e+04 1.200230e+04
13.3 1.198995e+04 1.194673e+04 1.191639e+04 1.195960e+04
14.3 1.202144e+04 1.193495e+04 1.191614e+04 1.200264e+04
15.3 1.199430e+04 1.193361e+04 1.191598e+04 1.197667e+04
16.3 1.200832e+04 1.193767e+04 1.191589e+04 1.198654e+04
17.3 1.192047e+04 1.192176e+04 1.191584e+04 1.191455e+04
18.3 1.180478e+04 1.190734e+04 1.191581e+04 1.181325e+04
19.3 1.195103e+04 1.191683e+04 1.191580e+04 1.195000e+04
20.3 1.205937e+04 1.193933e+04 1.191580e+04 1.203583e+04
21.3 1.205078e+04 1.196867e+04 1.191578e+04 1.199789e+04
0.6 1.205078e+04 1.196867e+04 1.191578e+04 1.199789e+04
1.6 1.195056e+04 1.195992e+04 1.191438e+04 1.190502e+04
2.6 1.193924e+04 1.192385e+04 1.191000e+04 1.192539e+04
3.6 1.197845e+04 1.191334e+04 1.190819e+04 1.197329e+04
4.6 1.193615e+04 1.191900e+04 1.190979e+04 1.192694e+04
5.6 1.199899e+04 1.190516e+04 1.190914e+04 1.200297e+04
6.6 1.198210e+04 1.189383e+04 1.190741e+04 1.199568e+04
7.6 1.186840e+04 1.191036e+04 1.190904e+04 1.186708e+04
8.6 1.188197e+04 1.191489e+04 1.191223e+04 1.187930e+04
9.6 1.194210e+04 1.190212e+04 1.191471e+04 1.195469e+04
10.6 1.190775e+04 1.188820e+04 1.191607e+04 1.193561e+04
11.6 1.189784e+04 1.187967e+04 1.191664e+04 1.193480e+04
12.6 1.179386e+04 1.187572e+04 1.191675e+04 1.183489e+04
13.6 1.187654e+04 1.187450e+04 1.191663e+04 1.191867e+04
14.6 1.196720e+04 1.187472e+04 1.191642e+04 1.200890e+04
15.6 1.189952e+04 1.187396e+04 1.191620e+04 1.194176e+04
16.6 1.195429e+04 1.187050e+04 1.191604e+04 1.199982e+04
17.6 1.191631e+04 1.187091e+04 1.191593e+04 1.196133e+04
18.6 1.181755e+04 1.190734e+04 1.191586e+04 1.182607e+04
19.6 1.184832e+04 1.194336e+04 1.191583e+04 1.182078e+04
20.6 1.191933e+04 1.194615e+04 1.191581e+04 1.188898e+04
21.6 1.196721e+04 1.193521e+04 1.191580e+04 1.194780e+04
0.2 1.197845e+04 1.191334e+04 1.190819e+04 1.197329e+04
1.2 1.193615e+04 1.191900e+04 1.190979e+04 1.192694e+04
2.2 1.199899e+04 1.190516e+04 1.190914e+04 1.200297e+04
3.2 1.198210e+04 1.189383e+04 1.190741e+04 1.199568e+04
4.2 1.186840e+04 1.191036e+04 1.190904e+04 1.186708e+04
5.2 1.188197e+04 1.191489e+04 1.191223e+04 1.187930e+04
6.2 1.194210e+04 1.190212e+04 1.191471e+04 1.195469e+04
7.2 1.190775e+04 1.188820e+04 1.191607e+04 1.193561e+04
8.2 1.189784e+04 1.187967e+04 1.191664e+04 1.193480e+04
9.2 1.179386e+04 1.187572e+04 1.191675e+04 1.183489e+04
10.2 1.187654e+04 1.187450e+04 1.191663e+04 1.191867e+04
11.2 1.196720e+04 1.187472e+04 1.191642e+04 1.200890e+04
12.2 1.189952e+04 1.187396e+04 1.191620e+04 1.194176e+04
13.2 1.195429e+04 1.187050e+04 1.191604e+04 1.199982e+04
14.2 1.191631e+04 1.187091e+04 1.191593e+04 1.196133e+04
15.2 1.181755e+04 1.190734e+04 1.191586e+04 1.182607e+04
16.2 1.184832e+04 1.194336e+04 1.191583e+04 1.182078e+04
17.2 1.191933e+04 1.194615e+04 1.191581e+04 1.188898e+04
18.2 1.196721e+04 1.193521e+04 1.191580e+04 1.194780e+04
19.2 1.197125e+04 1.194958e+04 1.191580e+04 1.193747e+04
20.2 1.197145e+04 1.196076e+04 1.191580e+04 1.192649e+04
21.2 1.185784e+04 1.193874e+04 1.191579e+04 1.183490e+04
0.7 1.177152e+04 1.189553e+04 1.191576e+04 1.179176e+04
1.7 1.183423e+04 1.193110e+04 1.191407e+04 1.181720e+04
2.7 1.197683e+04 1.192471e+04 1.190844e+04 1.196056e+04
3.7 1.192087e+04 1.189983e+04 1.190269e+04 1.192373e+04
4.7 1.202319e+04 1.191068e+04 1.190275e+04 1.201527e+04
5.7 1.192804e+04 1.193828e+04 1.190724e+04 1.189700e+04
6.7 1.195407e+04 1.193226e+04 1.191182e+04 1.193363e+04
7.7 1.185565e+04 1.190920e+04 1.191482e+04 1.186126e+04
8.7 1.188998e+04 1.189025e+04 1.191639e+04 1.191613e+04
9.7 1.195159e+04 1.188111e+04 1.191703e+04 1.198750e+04
10.7 1.198182e+04 1.188388e+04 1.191709e+04 1.201503e+04
11.7 1.184531e+04 1.189609e+04 1.191686e+04 1.186608e+04
12.7 1.189538e+04 1.193393e+04 1.191654e+04 1.187799e+04
13.7 1.194025e+04 1.195199e+04 1.191626e+04 1.190452e+04
14.7 1.182841e+04 1.193365e+04 1.191606e+04 1.181081e+04
15.7 1.186110e+04 1.190722e+04 1.191593e+04 1.186981e+04
16.7 1.193256e+04 1.189048e+04 1.191586e+04 1.195794e+04
17.7 1.197733e+04 1.188837e+04 1.191582e+04 1.200479e+04
18.7 1.196694e+04 1.189705e+04 1.191581e+04 1.198569e+04
19.7 1.185508e+04 1.192155e+04 1.191580e+04 1.184933e+04
20.7 1.181163e+04 1.193225e+04 1.191580e+04 1.179518e+04
21.7 1.185369e+04 1.193896e+04 1.191580e+04 1.183053e+04
