0.3 1.195540e+03 1.195958e+03 1.193380e+03 1.192962e+03
1.3 1.200413e+03 1.196033e+03 1.193455e+03 1.197835e+03
2.3 1.207349e+03 1.196639e+03 1.194062e+03 1.204772e+03
3.3 1.194398e+03 1.197649e+03 1.195073e+03 1.191821e+03
4.3 1.206012e+03 1.197309e+03 1.195532e+03 1.204236e+03
5.3 1.202225e+03 1.193957e+03 1.195059e+03 1.203326e+03
6.3 1.187359e+03 1.191112e+03 1.194295e+03 1.190542e+03
7.3 1.186024e+03 1.189785e+03 1.193712e+03 1.189951e+03
8.3 1.181185e+03 1.189374e+03 1.193377e+03 1.185188e+03
9.3 1.185772e+03 1.188658e+03 1.193220e+03 1.190334e+03
10.3 1.220350e+03 1.189845e+03 1.193176e+03 1.223681e+03
11.3 1.199693e+03 1.193173e+03 1.193196e+03 1.199716e+03
12.3 1.207252e+03 1.197626e+03 1.193242e+03 1.202867e+03
13.3 1.211406e+03 1.199462e+03 1.193289e+03 1.205233e+03
14.3 1.191567e+03 1.196571e+03 1.193327e+03 1.188323e+03
15.3 1.207040e+03 1.194959e+03 1.193351e+03 1.205433e+03
16.3 1.191535e+03 1.196591e+03 1.193366e+03 1.188309e+03
17.3 1.215360e+03 1.195999e+03 1.193373e+03 1.212734e+03
18.3 1.193236e+03 1.193526e+03 1.193377e+03 1.193088e+03
19.3 1.220932e+03 1.193168e+03 1.193379e+03 1.221143e+03
20.3 1.213970e+03 1.195365e+03 1.193380e+03 1.211984e+03
21.3 1.216128e+03 1.199734e+03 1.193380e+03 1.209774e+03
0.2 1.195503e+03 1.188509e+03 1.193380e+03 1.200375e+03
1.2 1.183618e+03 1.188892e+03 1.193429e+03 1.188154e+03
2.2 1.216013e+03 1.191895e+03 1.193960e+03 1.218077e+03
3.2 1.190466e+03 1.195489e+03 1.194964e+03 1.189941e+03
4.2 1.198463e+03 1.197172e+03 1.195534e+03 1.196824e+03
5.2 1.210324e+03 1.194944e+03 1.195141e+03 1.210521e+03
6.2 1.197386e+03 1.193274e+03 1.194377e+03 1.198489e+03
7.2 1.198325e+03 1.193777e+03 1.193765e+03 1.198314e+03
8.2 1.205984e+03 1.194859e+03 1.193404e+03 1.204529e+03
9.2 1.209793e+03 1.195507e+03 1.193231e+03 1.207517e+03
10.2 1.189584e+03 1.193171e+03 1.193177e+03 1.189590e+03
11.2 1.185613e+03 1.186838e+03 1.193192e+03 1.191967e+03
12.2 1.192859e+03 1.182516e+03 1.193236e+03 1.203579e+03
13.1 1.185390e+03 1.182664e+03 1.193284e+03 1.196010e+03
14.1 1.184529e+03 1.186764e+03 1.193361e+03 1.191126e+03
15.1 1.189882e+03 1.191953e+03 1.193880e+03 1.191809e+03
16.1 1.178792e+03 1.196106e+03 1.194791e+03 1.177477e+03
17.1 1.177044e+03 1.196370e+03 1.195051e+03 1.175725e+03
18.1 1.204014e+03 1.194242e+03 1.194577e+03 1.204349e+03
19.1 1.188882e+03 1.193935e+03 1.193987e+03 1.188934e+03
20.1 1.181078e+03 1.195060e+03 1.193778e+03 1.179796e+03
21.1 1.184840e+03 1.196705e+03 1.194366e+03 1.182502e+03
0.1 1.185390e+03 1.182664e+03 1.193284e+03 1.196010e+03
1.1 1.184529e+03 1.186764e+03 1.193361e+03 1.191126e+03
2.1 1.189882e+03 1.191953e+03 1.193880e+03 1.191809e+03
3.1 1.178792e+03 1.196106e+03 1.194791e+03 1.177477e+03
4.1 1.177044e+03 1.196370e+03 1.195051e+03 1.175725e+03
5.1 1.204014e+03 1.194242e+03 1.194577e+03 1.204349e+03
6.1 1.188882e+03 1.193935e+03 1.193987e+03 1.188934e+03
7.1 1.181078e+03 1.195060e+03 1.193778e+03 1.179796e+03
8.1 1.184840e+03 1.196705e+03 1.194366e+03 1.182502e+03
9.1 1.187027e+03 1.198068e+03 1.195217e+03 1.184176e+03
10.1 1.189950e+03 1.196916e+03 1.195320e+03 1.188355e+03
11.1 1.211073e+03 1.193950e+03 1.194688e+03 1.211811e+03
12.1 1.202899e+03 1.193154e+03 1.193986e+03 1.203731e+03
13.1 1.195043e+03 1.193997e+03 1.193518e+03 1.194563e+03
14.1 1.191850e+03 1.195092e+03 1.193272e+03 1.190031e+03
15.1 1.211533e+03 1.197444e+03 1.193175e+03 1.207264e+03
16.1 1.197812e+03 1.199655e+03 1.193166e+03 1.191323e+03
17.1 1.190216e+03 1.197324e+03 1.193203e+03 1.186095e+03
18.1 1.190941e+03 1.194839e+03 1.193255e+03 1.189357e+03
19.1 1.195645e+03 1.195888e+03 1.193301e+03 1.193058e+03
20.1 1.186495e+03 1.199852e+03 1.193335e+03 1.179978e+03
21.1 1.193992e+03 1.200732e+03 1.193357e+03 1.186617e+03
0.6 1.188882e+03 1.193935e+03 1.193987e+03 1.188934e+03
1.6 1.181078e+03 1.195060e+03 1.193778e+03 1.179796e+03
2.6 1.184840e+03 1.196705e+03 1.194366e+03 1.182502e+03
3.6 1.187027e+03 1.198068e+03 1.195217e+03 1.184176e+03
4.6 1.189950e+03 1.196916e+03 1.195320e+03 1.188355e+03
5.6 1.211073e+03 1.193950e+03 1.194688e+03 1.211811e+03
6.6 1.202899e+03 1.193154e+03 1.193986e+03 1.203731e+03
7.6 1.195043e+03 1.193997e+03 1.193518e+03 1.194563e+03
8.6 1.191850e+03 1.195092e+03 1.193272e+03 1.190031e+03
9.6 1.211533e+03 1.197444e+03 1.193175e+03 1.207264e+03
10.6 1.197812e+03 1.199655e+03 1.193166e+03 1.191323e+03
11.6 1.190216e+03 1.197324e+03 1.193203e+03 1.186095e+03
12.6 1.190941e+03 1.194839e+03 1.193255e+03 1.189357e+03
13.6 1.195645e+03 1.195888e+03 1.193301e+03 1.193058e+03
14.6 1.186495e+03 1.199852e+03 1.193335e+03 1.179978e+03
15.6 1.193992e+03 1.200732e+03 1.193357e+03 1.186617e+03
16.6 1.193271e+03 1.196891e+03 1.193369e+03 1.189749e+03
17.6 1.198458e+03 1.194402e+03 1.193375e+03 1.197430e+03
18.6 1.176489e+03 1.194211e+03 1.193378e+03 1.175656e+03
19.6 1.199194e+03 1.194736e+03 1.193379e+03 1.197837e+03
20.6 1.195597e+03 1.195216e+03 1.193380e+03 1.193760e+03
21.6 1.195876e+03 1.195565e+03 1.193380e+03 1.193692e+03
0.4 1.208805e+03 1.193013e+03 1.193380e+03 1.209173e+03
1.4 1.193000e+03 1.193234e+03 1.193499e+03 1.193265e+03
2.4 1.191876e+03 1.195090e+03 1.194198e+03 1.190983e+03
3.4 1.186861e+03 1.197463e+03 1.195197e+03 1.184596e+03
4.4 1.180751e+03 1.197514e+03 1.195512e+03 1.178749e+03
5.4 1.172213e+03 1.194876e+03 1.194951e+03 1.172288e+03
6.4 1.190400e+03 1.195208e+03 1.194196e+03 1.189387e+03
7.4 1.181014e+03 1.198447e+03 1.193650e+03 1.176217e+03
8.4 1.202048e+03 1.199781e+03 1.193345e+03 1.195611e+03
9.4 1.197315e+03 1.196383e+03 1.193208e+03 1.194140e+03
10.4 1.189106e+03 1.192893e+03 1.193176e+03 1.189389e+03
11.4 1.192463e+03 1.190869e+03 1.193202e+03 1.194795e+03
12.4 1.191099e+03 1.189190e+03 1.193249e+03 1.195158e+03
13.4 1.200575e+03 1.189892e+03 1.193295e+03 1.203979e+03
14.4 1.201679e+03 1.192240e+03 1.193331e+03 1.202770e+03
15.4 1.199413e+03 1.194388e+03 1.193354e+03 1.198379e+03
16.4 1.199891e+03 1.195728e+03 1.193367e+03 1.197530e+03
17.4 1.194455e+03 1.196426e+03 1.193374e+03 1.191402e+03
18.4 1.189117e+03 1.197582e+03 1.193378e+03 1.184912e+03
19.4 1.186499e+03 1.199830e+03 1.193379e+03 1.180048e+03
20.4 1.205009e+03 1.199620e+03 1.193380e+03 1.198769e+03
21.4 1.189570e+03 1.195986e+03 1.193380e+03 1.186963e+03
0.1 1.212589e+03 1.203885e+03 1.193380e+03 1.202084e+03
1.1 1.215293e+03 1.199201e+03 1.193429e+03 1.209521e+03
2.1 1.188981e+03 1.195784e+03 1.193960e+03 1.187157e+03
3.1 1.194281e+03 1.195736e+03 1.194964e+03 1.193509e+03
4.1 1.194440e+03 1.196000e+03 1.195534e+03 1.193974e+03
5.1 1.190414e+03 1.193579e+03 1.195171e+03 1.192006e+03
6.1 1.186013e+03 1.192543e+03 1.194850e+03 1.188320e+03
7.1 1.196814e+03 1.193393e+03 1.194883e+03 1.198304e+03
8.1 1.199114e+03 1.192099e+03 1.194536e+03 1.201551e+03
9.1 1.193877e+03 1.191131e+03 1.193956e+03 1.196702e+03
10.1 1.185631e+03 1.191034e+03 1.193509e+03 1.188106e+03
11.1 1.172960e+03 1.190230e+03 1.193274e+03 1.176004e+03
12.1 1.174534e+03 1.189763e+03 1.193187e+03 1.177959e+03
13.1 1.171469e+03 1.191438e+03 1.193182e+03 1.173214e+03
14.1 1.186116e+03 1.191755e+03 1.193215e+03 1.187577e+03
15.1 1.167702e+03 1.187210e+03 1.193261e+03 1.173753e+03
16.1 1.180720e+03 1.183097e+03 1.193302e+03 1.190925e+03
17.1 1.169297e+03 1.182841e+03 1.193334e+03 1.179790e+03
18.1 1.178825e+03 1.187401e+03 1.193355e+03 1.184779e+03
19.1 1.199194e+03 1.194622e+03 1.193368e+03 1.197940e+03
20.1 1.185909e+03 1.197204e+03 1.193374e+03 1.182079e+03
21.1 1.201005e+03 1.196102e+03 1.193378e+03 1.198280e+03
1.0 1.190414e+03 1.193579e+03 1.195171e+03 1.192006e+03
2.0 1.186013e+03 1.192543e+03 1.194850e+03 1.188320e+03
3.0 1.196814e+03 1.193393e+03 1.194883e+03 1.198304e+03
4.0 1.199114e+03 1.192099e+03 1.194536e+03 1.201551e+03
5.0 1.193877e+03 1.191131e+03 1.193956e+03 1.196702e+03
6.0 1.185631e+03 1.191034e+03 1.193509e+03 1.188106e+03
7.0 1.172960e+03 1.190230e+03 1.193274e+03 1.176004e+03
8.0 1.174534e+03 1.189763e+03 1.193187e+03 1.177959e+03
9.0 1.171469e+03 1.191438e+03 1.193182e+03 1.173214e+03
10.0 1.186116e+03 1.191755e+03 1.193215e+03 1.187577e+03
11.0 1.167702e+03 1.187210e+03 1.193261e+03 1.173753e+03
12.0 1.180720e+03 1.183097e+03 1.193302e+03 1.190925e+03
13.0 1.169297e+03 1.182841e+03 1.193334e+03 1.179790e+03
14.0 1.178825e+03 1.187401e+03 1.193355e+03 1.184779e+03
15.0 1.199194e+03 1.194622e+03 1.193368e+03 1.197940e+03
16.0 1.185909e+03 1.197204e+03 1.193374e+03 1.182079e+03
17.0 1.201005e+03 1.196102e+03 1.193378e+03 1.198280e+03
18.0 1.195707e+03 1.197682e+03 1.193379e+03 1.191404e+03
19.0 1.189844e+03 1.199460e+03 1.193380e+03 1.183763e+03
20.0 1.189180e+03 1.196944e+03 1.193380e+03 1.185616e+03
21.0 1.201331e+03 1.194759e+03 1.193380e+03 1.199952e+03
22.0 1.198111e+03 1.194566e+03 1.193380e+03 1.196925e+03
0.8 1.182729e+03 1.196870e+03 1.193390e+03 1.179250e+03
1.8 1.200649e+03 1.195334e+03 1.193718e+03 1.199032e+03
2.8 1.193103e+03 1.196180e+03 1.194598e+03 1.191521e+03
3.8 1.216688e+03 1.195915e+03 1.195085e+03 1.215857e+03
4.8 1.197318e+03 1.193139e+03 1.194736e+03 1.198915e+03
5.8 1.190125e+03 1.190388e+03 1.194126e+03 1.193863e+03
6.8 1.160144e+03 1.186347e+03 1.193660e+03 1.167457e+03
7.8 1.187435e+03 1.183817e+03 1.193391e+03 1.197008e+03
8.8 1.183341e+03 1.184567e+03 1.193262e+03 1.192036e+03
9.8 1.180923e+03 1.184285e+03 1.193223e+03 1.189862e+03
10.8 1.181514e+03 1.181807e+03 1.193236e+03 1.192943e+03
11.8 1.190367e+03 1.181407e+03 1.193271e+03 1.202232e+03
12.8 1.186824e+03 1.184494e+03 1.193308e+03 1.195638e+03
13.8 1.195040e+03 1.189623e+03 1.193338e+03 1.198755e+03
14.8 1.201187e+03 1.193958e+03 1.193396e+03 1.200624e+03
15.8 1.194341e+03 1.196957e+03 1.193900e+03 1.191284e+03
16.8 1.213331e+03 1.199038e+03 1.194902e+03 1.209195e+03
17.8 1.192484e+03 1.199409e+03 1.195527e+03 1.188601e+03
18.8 1.197720e+03 1.196148e+03 1.195180e+03 1.196751e+03
19.8 1.183968e+03 1.192725e+03 1.194419e+03 1.185662e+03
20.8 1.188416e+03 1.190842e+03 1.193793e+03 1.191367e+03
21.8 1.195733e+03 1.189082e+03 1.193419e+03 1.200070e+03
0.1 1.195040e+03 1.189623e+03 1.193338e+03 1.198755e+03
1.1 1.201187e+03 1.193958e+03 1.193396e+03 1.200624e+03
2.1 1.194341e+03 1.196957e+03 1.193900e+03 1.191284e+03
3.1 1.213331e+03 1.199038e+03 1.194902e+03 1.209195e+03
4.1 1.192484e+03 1.199409e+03 1.195527e+03 1.188601e+03
5.1 1.197720e+03 1.196148e+03 1.195180e+03 1.196751e+03
6.1 1.183968e+03 1.192725e+03 1.194419e+03 1.185662e+03
7.1 1.188416e+03 1.190842e+03 1.193793e+03 1.191367e+03
8.1 1.195733e+03 1.189082e+03 1.193419e+03 1.200070e+03
9.1 1.167553e+03 1.189613e+03 1.193237e+03 1.171177e+03
10.1 1.197183e+03 1.192034e+03 1.193178e+03 1.198327e+03
11.1 1.179928e+03 1.194353e+03 1.193204e+03 1.178779e+03
12.1 1.181167e+03 1.196156e+03 1.193610e+03 1.178621e+03
13.1 1.195698e+03 1.197801e+03 1.194602e+03 1.192500e+03
14.1 1.220271e+03 1.198596e+03 1.195425e+03 1.217099e+03
15.1 1.209666e+03 1.196069e+03 1.195277e+03 1.208874e+03
16.1 1.197846e+03 1.193282e+03 1.194555e+03 1.199119e+03
0.9 1.179928e+03 1.194353e+03 1.193204e+03 1.178779e+03
1.9 1.181167e+03 1.196156e+03 1.193610e+03 1.178621e+03
2.9 1.195698e+03 1.197801e+03 1.194602e+03 1.192500e+03
3.9 1.220271e+03 1.198596e+03 1.195425e+03 1.217099e+03
4.9 1.209666e+03 1.196069e+03 1.195277e+03 1.208874e+03
5.9 1.197846e+03 1.193282e+03 1.194555e+03 1.199119e+03
