0.8 4.253262e+03 4.245049e+03 4.245808e+03 4.254022e+03
1.8 4.222073e+03 4.243168e+03 4.245380e+03 4.224286e+03
2.8 4.235081e+03 4.240811e+03 4.244177e+03 4.238447e+03
3.8 4.252934e+03 4.240526e+03 4.243473e+03 4.255881e+03
4.8 4.217864e+03 4.243399e+03 4.243929e+03 4.218394e+03
5.8 4.197988e+03 4.244716e+03 4.244739e+03 4.198011e+03
6.8 4.220060e+03 4.243516e+03 4.244828e+03 4.221372e+03
7.8 4.213417e+03 4.242139e+03 4.244316e+03 4.215594e+03
8.8 4.250846e+03 4.244004e+03 4.244439e+03 4.251280e+03
9.8 4.222620e+03 4.245180e+03 4.244792e+03 4.222231e+03
10.8 4.244711e+03 4.243397e+03 4.244246e+03 4.245561e+03
11.8 4.252405e+03 4.241643e+03 4.243562e+03 4.254324e+03
12.8 4.263634e+03 4.243536e+03 4.243900e+03 4.263998e+03
13.8 4.232795e+03 4.245046e+03 4.244755e+03 4.232504e+03
14.8 4.254303e+03 4.244318e+03 4.245458e+03 4.255443e+03
15.8 4.262922e+03 4.243494e+03 4.245859e+03 4.265287e+03
16.8 4.223948e+03 4.245313e+03 4.246039e+03 4.224674e+03
17.8 4.245991e+03 4.247164e+03 4.246086e+03 4.244913e+03
18.8 4.265596e+03 4.248017e+03 4.246059e+03 4.263639e+03
19.8 4.221753e+03 4.248215e+03 4.246001e+03 4.219540e+03
20.8 4.265835e+03 4.249042e+03 4.245941e+03 4.262734e+03
21.8 4.275261e+03 4.248434e+03 4.245892e+03 4.272719e+03
1.0 4.197988e+03 4.244716e+03 4.244739e+03 4.198011e+03
2.0 4.220060e+03 4.243516e+03 4.244828e+03 4.221372e+03
3.0 4.213417e+03 4.242139e+03 4.244316e+03 4.215594e+03
4.0 4.250846e+03 4.244004e+03 4.244439e+03 4.251280e+03
5.0 4.222620e+03 4.245180e+03 4.244792e+03 4.222231e+03
6.0 4.244711e+03 4.243397e+03 4.244246e+03 4.245561e+03
7.0 4.252405e+03 4.241643e+03 4.243562e+03 4.254324e+03
8.0 4.263634e+03 4.243536e+03 4.243900e+03 4.263998e+03
9.0 4.232795e+03 4.245046e+03 4.244755e+03 4.232504e+03
10.0 4.254303e+03 4.244318e+03 4.245458e+03 4.255443e+03
11.0 4.262922e+03 4.243494e+03 4.245859e+03 4.265287e+03
12.0 4.223948e+03 4.245313e+03 4.246039e+03 4.224674e+03
13.0 4.245991e+03 4.247164e+03 4.246086e+03 4.244913e+03
14.0 4.265596e+03 4.248017e+03 4.246059e+03 4.263639e+03
15.0 4.221753e+03 4.248215e+03 4.246001e+03 4.219540e+03
16.0 4.265835e+03 4.249042e+03 4.245941e+03 4.262734e+03
17.0 4.275261e+03 4.248434e+03 4.245892e+03 4.272719e+03
18.0 4.215059e+03 4.244424e+03 4.245859e+03 4.216494e+03
19.0 4.225475e+03 4.238953e+03 4.245840e+03 4.232361e+03
20.0 4.230995e+03 4.236259e+03 4.245829e+03 4.240565e+03
21.0 4.239756e+03 4.239340e+03 4.245824e+03 4.246240e+03
22.0 4.226792e+03 4.242594e+03 4.245822e+03 4.230019e+03
0.5 4.250846e+03 4.244004e+03 4.244439e+03 4.251280e+03
1.5 4.222620e+03 4.245180e+03 4.244792e+03 4.222231e+03
2.5 4.244711e+03 4.243397e+03 4.244246e+03 4.245561e+03
3.5 4.252405e+03 4.241643e+03 4.243562e+03 4.254324e+03
4.5 4.263634e+03 4.243536e+03 4.243900e+03 4.263998e+03
5.5 4.232795e+03 4.245046e+03 4.244755e+03 4.232504e+03
6.5 4.254303e+03 4.244318e+03 4.245458e+03 4.255443e+03
7.5 4.262922e+03 4.243494e+03 4.245859e+03 4.265287e+03
8.5 4.223948e+03 4.245313e+03 4.246039e+03 4.224674e+03
9.5 4.245991e+03 4.247164e+03 4.246086e+03 4.244913e+03
10.5 4.265596e+03 4.248017e+03 4.246059e+03 4.263639e+03
11.5 4.221753e+03 4.248215e+03 4.246001e+03 4.219540e+03
12.5 4.265835e+03 4.249042e+03 4.245941e+03 4.262734e+03
13.5 4.275261e+03 4.248434e+03 4.245892e+03 4.272719e+03
14.5 4.215059e+03 4.244424e+03 4.245859e+03 4.216494e+03
15.5 4.225475e+03 4.238953e+03 4.245840e+03 4.232361e+03
16.5 4.230995e+03 4.236259e+03 4.245829e+03 4.240565e+03
17.5 4.239756e+03 4.239340e+03 4.245824e+03 4.246240e+03
18.5 4.226792e+03 4.242594e+03 4.245822e+03 4.230019e+03
19.5 4.240973e+03 4.243378e+03 4.245820e+03 4.243415e+03
20.5 4.258364e+03 4.243067e+03 4.245820e+03 4.261116e+03
21.5 4.228936e+03 4.242690e+03 4.245820e+03 4.232066e+03
1.0 4.245460e+03 4.246908e+03 4.245779e+03 4.244331e+03
2.0 4.264811e+03 4.243055e+03 4.245172e+03 4.266928e+03
3.0 4.223101e+03 4.242919e+03 4.244307e+03 4.224489e+03
4.0 4.258125e+03 4.252982e+03 4.244303e+03 4.249446e+03
5.0 4.240095e+03 4.257842e+03 4.244831e+03 4.227085e+03
6.0 4.250349e+03 4.253296e+03 4.244834e+03 4.241886e+03
7.0 4.257976e+03 4.246269e+03 4.243925e+03 4.255632e+03
8.0 4.242689e+03 4.242887e+03 4.243508e+03 4.243310e+03
9.0 4.244127e+03 4.243821e+03 4.244119e+03 4.244425e+03
10.0 4.251990e+03 4.243968e+03 4.244975e+03 4.252997e+03
11.0 4.230875e+03 4.242906e+03 4.245581e+03 4.233549e+03
12.0 4.244331e+03 4.241982e+03 4.245906e+03 4.248254e+03
13.0 4.232697e+03 4.241569e+03 4.246043e+03 4.237171e+03
14.0 4.249679e+03 4.241477e+03 4.246068e+03 4.254270e+03
15.0 4.255083e+03 4.241596e+03 4.246033e+03 4.259521e+03
16.0 4.280320e+03 4.242258e+03 4.245976e+03 4.284038e+03
17.0 4.253709e+03 4.243326e+03 4.245921e+03 4.256304e+03
18.0 4.251782e+03 4.245716e+03 4.245878e+03 4.251944e+03
19.0 4.232584e+03 4.247189e+03 4.245851e+03 4.231247e+03
20.0 4.252524e+03 4.246307e+03 4.245835e+03 4.252052e+03
21.0 4.285802e+03 4.246826e+03 4.245827e+03 4.284803e+03
22.0 4.225650e+03 4.246749e+03 4.245823e+03 4.224724e+03
0.9 4.240095e+03 4.257842e+03 4.244831e+03 4.227085e+03
1.9 4.250349e+03 4.253296e+03 4.244834e+03 4.241886e+03
2.9 4.257976e+03 4.246269e+03 4.243925e+03 4.255632e+03
3.9 4.242689e+03 4.242887e+03 4.243508e+03 4.243310e+03
4.9 4.244127e+03 4.243821e+03 4.244119e+03 4.244425e+03
5.9 4.251990e+03 4.243968e+03 4.244975e+03 4.252997e+03
6.9 4.230875e+03 4.242906e+03 4.245581e+03 4.233549e+03
7.9 4.244331e+03 4.241982e+03 4.245906e+03 4.248254e+03
8.9 4.232697e+03 4.241569e+03 4.246043e+03 4.237171e+03
9.9 4.249679e+03 4.241477e+03 4.246068e+03 4.254270e+03
10.9 4.255083e+03 4.241596e+03 4.246033e+03 4.259521e+03
11.9 4.280320e+03 4.242258e+03 4.245976e+03 4.284038e+03
12.9 4.253709e+03 4.243326e+03 4.245921e+03 4.256304e+03
13.9 4.251782e+03 4.245716e+03 4.245878e+03 4.251944e+03
14.9 4.232584e+03 4.247189e+03 4.245851e+03 4.231247e+03
15.9 4.252524e+03 4.246307e+03 4.245835e+03 4.252052e+03
16.9 4.285802e+03 4.246826e+03 4.245827e+03 4.284803e+03
17.9 4.225650e+03 4.246749e+03 4.245823e+03 4.224724e+03
18.9 4.282931e+03 4.243070e+03 4.245821e+03 4.285683e+03
19.9 4.247432e+03 4.238174e+03 4.245820e+03 4.255078e+03
20.9 4.266321e+03 4.240520e+03 4.245820e+03 4.271621e+03
21.9 4.272902e+03 4.252479e+03 4.245820e+03 4.266242e+03
0.6 4.237341e+03 4.249490e+03 4.245817e+03 4.233668e+03
1.6 4.247731e+03 4.245618e+03 4.245519e+03 4.247633e+03
2.6 4.249716e+03 4.241790e+03 4.244584e+03 4.252510e+03
3.6 4.264402e+03 4.241763e+03 4.244197e+03 4.266837e+03
4.6 4.258625e+03 4.243706e+03 4.244613e+03 4.259532e+03
5.6 4.226319e+03 4.243840e+03 4.245192e+03 4.227671e+03
6.6 4.260894e+03 4.242938e+03 4.245603e+03 4.263558e+03
7.6 4.255131e+03 4.242184e+03 4.245833e+03 4.258780e+03
8.6 4.265567e+03 4.241800e+03 4.245939e+03 4.269705e+03
9.6 4.253525e+03 4.241762e+03 4.245967e+03 4.257731e+03
10.6 4.252045e+03 4.242337e+03 4.245951e+03 4.255659e+03
11.6 4.248000e+03 4.244204e+03 4.245917e+03 4.249713e+03
12.6 4.215818e+03 4.246668e+03 4.245883e+03 4.215033e+03
13.6 4.212339e+03 4.246532e+03 4.245856e+03 4.211663e+03
14.6 4.239558e+03 4.244854e+03 4.245839e+03 4.240544e+03
15.6 4.221838e+03 4.244029e+03 4.245829e+03 4.223638e+03
16.6 4.272520e+03 4.244904e+03 4.245824e+03 4.273440e+03
17.6 4.234157e+03 4.246561e+03 4.245822e+03 4.233417e+03
18.6 4.256954e+03 4.248205e+03 4.245821e+03 4.254569e+03
19.6 4.210799e+03 4.247269e+03 4.245820e+03 4.209350e+03
20.6 4.253029e+03 4.244993e+03 4.245820e+03 4.253857e+03
21.6 4.245493e+03 4.243108e+03 4.245820e+03 4.248205e+03
0.3 4.297191e+03 4.241512e+03 4.245820e+03 4.301499e+03
1.3 4.253529e+03 4.241258e+03 4.245706e+03 4.257978e+03
2.3 4.259062e+03 4.240460e+03 4.244845e+03 4.263447e+03
3.3 4.231746e+03 4.239215e+03 4.243448e+03 4.235979e+03
4.3 4.255481e+03 4.239542e+03 4.242829e+03 4.258768e+03
5.3 4.252491e+03 4.242878e+03 4.243496e+03 4.253109e+03
6.3 4.258704e+03 4.243297e+03 4.244556e+03 4.259963e+03
7.3 4.247423e+03 4.239891e+03 4.245364e+03 4.252896e+03
8.3 4.263487e+03 4.239455e+03 4.245828e+03 4.269860e+03
9.3 4.226257e+03 4.250558e+03 4.246044e+03 4.221743e+03
10.3 4.244286e+03 4.255882e+03 4.246104e+03 4.234508e+03
11.3 4.281828e+03 4.251513e+03 4.246076e+03 4.276391e+03
12.3 4.264819e+03 4.248616e+03 4.246012e+03 4.262215e+03
13.3 4.306638e+03 4.247348e+03 4.245946e+03 4.305235e+03
14.3 4.246746e+03 4.246815e+03 4.245894e+03 4.245824e+03
15.3 4.261557e+03 4.253298e+03 4.245860e+03 4.254118e+03
16.3 4.267159e+03 4.260810e+03 4.245840e+03 4.252189e+03
17.3 4.276350e+03 4.258218e+03 4.245829e+03 4.263960e+03
18.3 4.252888e+03 4.251413e+03 4.245824e+03 4.247299e+03
19.3 4.294572e+03 4.246485e+03 4.245821e+03 4.293909e+03
20.3 4.242203e+03 4.244609e+03 4.245820e+03 4.243414e+03
21.3 4.244158e+03 4.245467e+03 4.245817e+03 4.244507e+03
0.6 4.244158e+03 4.245467e+03 4.245817e+03 4.244507e+03
1.6 4.248847e+03 4.244838e+03 4.245519e+03 4.249528e+03
2.6 4.257300e+03 4.242790e+03 4.244584e+03 4.259094e+03
3.6 4.261454e+03 4.249421e+03 4.244197e+03 4.256230e+03
4.6 4.295517e+03 4.257821e+03 4.244538e+03 4.282234e+03
5.6 4.240244e+03 4.255633e+03 4.244401e+03 4.229012e+03
6.6 4.210135e+03 4.252543e+03 4.244031e+03 4.201622e+03
7.6 4.248910e+03 4.258672e+03 4.244378e+03 4.234615e+03
8.6 4.259907e+03 4.259196e+03 4.245058e+03 4.245769e+03
9.6 4.242561e+03 4.252876e+03 4.245588e+03 4.235273e+03
10.6 4.246966e+03 4.246440e+03 4.245878e+03 4.246403e+03
11.6 4.230261e+03 4.242488e+03 4.246000e+03 4.233773e+03
12.6 4.227489e+03 4.240616e+03 4.246025e+03 4.232898e+03
13.6 4.264901e+03 4.239997e+03 4.245999e+03 4.270902e+03
14.6 4.252293e+03 4.240073e+03 4.245953e+03 4.258174e+03
15.6 4.220711e+03 4.240422e+03 4.245907e+03 4.226196e+03
16.6 4.278669e+03 4.240756e+03 4.245872e+03 4.283784e+03
17.6 4.239339e+03 4.241260e+03 4.245848e+03 4.243927e+03
18.6 4.246688e+03 4.243889e+03 4.245834e+03 4.248632e+03
19.6 4.250602e+03 4.246766e+03 4.245826e+03 4.249663e+03
20.6 4.254836e+03 4.248214e+03 4.245823e+03 4.252444e+03
21.6 4.239340e+03 4.248580e+03 4.245821e+03 4.236581e+03
0.2 4.261454e+03 4.249421e+03 4.244197e+03 4.256230e+03
1.2 4.295517e+03 4.257821e+03 4.244538e+03 4.282234e+03
2.2 4.240244e+03 4.255633e+03 4.244401e+03 4.229012e+03
3.2 4.210135e+03 4.252543e+03 4.244031e+03 4.201622e+03
4.2 4.248910e+03 4.258672e+03 4.244378e+03 4.234615e+03
5.2 4.259907e+03 4.259196e+03 4.245058e+03 4.245769e+03
6.2 4.242561e+03 4.252876e+03 4.245588e+03 4.235273e+03
7.2 4.246966e+03 4.246440e+03 4.245878e+03 4.246403e+03
8.2 4.230261e+03 4.242488e+03 4.246000e+03 4.233773e+03
9.2 4.227489e+03 4.240616e+03 4.246025e+03 4.232898e+03
10.2 4.264901e+03 4.239997e+03 4.245999e+03 4.270902e+03
11.2 4.252293e+03 4.240073e+03 4.245953e+03 4.258174e+03
12.2 4.220711e+03 4.240422e+03 4.245907e+03 4.226196e+03
13.2 4.278669e+03 4.240756e+03 4.245872e+03 4.283784e+03
14.2 4.239339e+03 4.241260e+03 4.245848e+03 4.243927e+03
15.2 4.246688e+03 4.243889e+03 4.245834e+03 4.248632e+03
16.2 4.250602e+03 4.246766e+03 4.245826e+03 4.249663e+03
17.2 4.254836e+03 4.248214e+03 4.245823e+03 4.252444e+03
18.2 4.239340e+03 4.248580e+03 4.245821e+03 4.236581e+03
19.2 4.216571e+03 4.249305e+03 4.245820e+03 4.213086e+03
20.2 4.231122e+03 4.249024e+03 4.245820e+03 4.227918e+03
21.2 4.231005e+03 4.246644e+03 4.245820e+03 4.230181e+03
0.7 4.220704e+03 4.242591e+03 4.245813e+03 4.223925e+03
1.7 4.251733e+03 4.244077e+03 4.245453e+03 4.253109e+03
2.7 4.254379e+03 4.242740e+03 4.244250e+03 4.255890e+03
3.7 4.235870e+03 4.240460e+03 4.243024e+03 4.238434e+03
4.7 4.231072e+03 4.241470e+03 4.243037e+03 4.232639e+03
5.7 4.245733e+03 4.244203e+03 4.243995e+03 4.245525e+03
6.7 4.251027e+03 4.244670e+03 4.244972e+03 4.251329e+03
7.7 4.227179e+03 4.243717e+03 4.245611e+03 4.229073e+03
8.7 4.265045e+03 4.242775e+03 4.245948e+03 4.268218e+03
9.7 4.267155e+03 4.242515e+03 4.246083e+03 4.270723e+03
10.7 4.227260e+03 4.243752e+03 4.246096e+03 4.229603e+03
11.7 4.225750e+03 4.245585e+03 4.246047e+03 4.226212e+03
12.7 4.241311e+03 4.247899e+03 4.245979e+03 4.239390e+03
13.7 4.251651e+03 4.248226e+03 4.245919e+03 4.249345e+03
14.7 4.223968e+03 4.246240e+03 4.245876e+03 4.223604e+03
15.7 4.238961e+03 4.244018e+03 4.245849e+03 4.240792e+03
16.7 4.274997e+03 4.242947e+03 4.245834e+03 4.277884e+03
17.7 4.269926e+03 4.243817e+03 4.245826e+03 4.271935e+03
18.7 4.234189e+03 4.247424e+03 4.245823e+03 4.232588e+03
19.7 4.242709e+03 4.257909e+03 4.245821e+03 4.230622e+03
20.7 4.250684e+03 4.261461e+03 4.245820e+03 4.235043e+03
21.7 4.265689e+03 4.256533e+03 4.245820e+03 4.254976e+03
