0.4 1.249350e+03 1.268122e+03 1.264781e+03 1.246009e+03
1.4 1.269736e+03 1.263763e+03 1.264789e+03 1.270761e+03
2.4 1.230965e+03 1.260999e+03 1.264815e+03 1.234781e+03
3.4 1.237557e+03 1.259578e+03 1.264824e+03 1.242804e+03
4.4 1.265124e+03 1.255874e+03 1.264812e+03 1.274062e+03
5.4 1.269608e+03 1.246358e+03 1.264797e+03 1.288047e+03
6.4 1.242924e+03 1.244326e+03 1.264787e+03 1.263385e+03
7.4 1.300524e+03 1.259437e+03 1.264781e+03 1.305868e+03
8.4 1.326919e+03 1.267080e+03 1.264778e+03 1.324617e+03
9.4 1.213619e+03 1.259839e+03 1.264778e+03 1.218557e+03
10.4 1.277253e+03 1.261723e+03 1.264778e+03 1.280309e+03
11.4 1.260931e+03 1.271523e+03 1.264779e+03 1.254187e+03
12.4 1.278386e+03 1.272464e+03 1.264780e+03 1.270702e+03
13.4 1.252823e+03 1.269419e+03 1.264781e+03 1.248184e+03
14.4 1.268300e+03 1.269904e+03 1.264781e+03 1.263177e+03
15.4 1.299094e+03 1.274652e+03 1.264781e+03 1.289223e+03
16.4 1.297038e+03 1.283025e+03 1.264781e+03 1.278795e+03
17.4 1.272135e+03 1.281402e+03 1.264781e+03 1.255514e+03
18.4 1.282550e+03 1.274924e+03 1.264781e+03 1.272407e+03
19.4 1.286645e+03 1.272946e+03 1.264781e+03 1.278481e+03
20.4 1.338587e+03 1.279861e+03 1.264781e+03 1.323507e+03
0.7 1.234320e+03 1.242802e+03 1.264782e+03 1.256301e+03
1.7 1.247066e+03 1.240589e+03 1.264797e+03 1.271274e+03
2.7 1.299453e+03 1.245723e+03 1.264822e+03 1.318551e+03
3.7 1.286703e+03 1.251990e+03 1.264822e+03 1.299535e+03
4.7 1.264632e+03 1.256471e+03 1.264807e+03 1.272968e+03
5.7 1.253137e+03 1.259230e+03 1.264793e+03 1.258700e+03
6.7 1.240864e+03 1.263020e+03 1.264784e+03 1.242629e+03
7.7 1.216992e+03 1.267019e+03 1.264786e+03 1.214758e+03
8.7 1.265023e+03 1.266902e+03 1.264810e+03 1.262931e+03
9.7 1.265487e+03 1.264322e+03 1.264821e+03 1.265986e+03
10.7 1.184490e+03 1.263943e+03 1.264810e+03 1.185358e+03
11.7 1.197752e+03 1.267552e+03 1.264796e+03 1.194995e+03
12.7 1.301197e+03 1.274653e+03 1.264786e+03 1.291330e+03
13.7 1.290116e+03 1.283479e+03 1.264780e+03 1.271417e+03
14.7 1.281158e+03 1.281199e+03 1.264778e+03 1.264736e+03
15.7 1.264768e+03 1.272297e+03 1.264777e+03 1.257249e+03
16.7 1.271251e+03 1.264460e+03 1.264778e+03 1.271570e+03
17.7 1.244926e+03 1.259728e+03 1.264779e+03 1.249977e+03
18.7 1.245453e+03 1.257417e+03 1.264780e+03 1.252816e+03
19.7 1.258707e+03 1.257416e+03 1.264781e+03 1.266071e+03
20.7 1.273820e+03 1.263467e+03 1.264781e+03 1.275133e+03
0.3 1.240864e+03 1.263020e+03 1.264784e+03 1.242629e+03
1.3 1.216992e+03 1.267019e+03 1.264786e+03 1.214758e+03
2.3 1.265023e+03 1.266902e+03 1.264810e+03 1.262931e+03
3.3 1.265487e+03 1.264322e+03 1.264821e+03 1.265986e+03
4.3 1.184490e+03 1.263943e+03 1.264810e+03 1.185358e+03
5.3 1.197752e+03 1.267552e+03 1.264796e+03 1.194995e+03
6.3 1.301197e+03 1.274653e+03 1.264786e+03 1.291330e+03
7.3 1.290116e+03 1.283479e+03 1.264780e+03 1.271417e+03
8.3 1.281158e+03 1.281199e+03 1.264778e+03 1.264736e+03
9.3 1.264768e+03 1.272297e+03 1.264777e+03 1.257249e+03
10.3 1.271251e+03 1.264460e+03 1.264778e+03 1.271570e+03
11.3 1.244926e+03 1.259728e+03 1.264779e+03 1.249977e+03
12.3 1.245453e+03 1.257417e+03 1.264780e+03 1.252816e+03
13.3 1.258707e+03 1.257416e+03 1.264781e+03 1.266071e+03
14.3 1.273820e+03 1.263467e+03 1.264781e+03 1.275133e+03
15.3 1.290321e+03 1.272887e+03 1.264781e+03 1.282215e+03
16.3 1.300778e+03 1.283804e+03 1.264781e+03 1.281755e+03
17.3 1.292871e+03 1.284121e+03 1.264781e+03 1.273532e+03
18.3 1.242871e+03 1.270375e+03 1.264781e+03 1.237277e+03
19.3 1.218633e+03 1.269251e+03 1.264781e+03 1.214163e+03
20.3 1.275172e+03 1.272009e+03 1.264781e+03 1.267945e+03
0.5 1.311453e+03 1.248138e+03 1.264782e+03 1.328097e+03
1.5 1.256117e+03 1.241371e+03 1.264793e+03 1.279539e+03
2.5 1.217661e+03 1.243501e+03 1.264819e+03 1.238978e+03
3.5 1.230500e+03 1.242863e+03 1.264823e+03 1.252460e+03
4.5 1.221886e+03 1.236729e+03 1.264810e+03 1.249967e+03
5.5 1.281404e+03 1.238221e+03 1.264795e+03 1.307977e+03
6.5 1.280325e+03 1.256705e+03 1.264785e+03 1.288406e+03
7.5 1.264849e+03 1.268870e+03 1.264780e+03 1.260759e+03
8.5 1.248848e+03 1.269121e+03 1.264786e+03 1.244513e+03
9.5 1.278678e+03 1.265827e+03 1.264813e+03 1.277664e+03
10.5 1.262481e+03 1.263033e+03 1.264821e+03 1.264268e+03
11.5 1.275723e+03 1.261089e+03 1.264809e+03 1.279444e+03
12.5 1.262310e+03 1.259778e+03 1.264795e+03 1.267327e+03
13.5 1.216531e+03 1.259021e+03 1.264785e+03 1.222295e+03
14.5 1.213054e+03 1.258563e+03 1.264780e+03 1.219271e+03
15.5 1.242122e+03 1.254649e+03 1.264778e+03 1.252251e+03
16.5 1.305184e+03 1.245187e+03 1.264778e+03 1.324774e+03
17.5 1.287779e+03 1.240633e+03 1.264791e+03 1.311937e+03
18.5 1.235983e+03 1.244832e+03 1.264817e+03 1.255968e+03
19.5 1.247816e+03 1.251121e+03 1.264821e+03 1.261516e+03
20.5 1.295933e+03 1.256381e+03 1.264808e+03 1.304360e+03
0.4 1.264849e+03 1.268870e+03 1.264780e+03 1.260759e+03
1.4 1.248848e+03 1.269121e+03 1.264786e+03 1.244513e+03
2.4 1.278678e+03 1.265827e+03 1.264813e+03 1.277664e+03
3.4 1.262481e+03 1.263033e+03 1.264821e+03 1.264268e+03
4.4 1.275723e+03 1.261089e+03 1.264809e+03 1.279444e+03
5.4 1.262310e+03 1.259778e+03 1.264795e+03 1.267327e+03
6.4 1.216531e+03 1.259021e+03 1.264785e+03 1.222295e+03
7.4 1.213054e+03 1.258563e+03 1.264780e+03 1.219271e+03
8.4 1.242122e+03 1.254649e+03 1.264778e+03 1.252251e+03
9.4 1.305184e+03 1.245187e+03 1.264778e+03 1.324774e+03
10.4 1.287779e+03 1.240633e+03 1.264791e+03 1.311937e+03
11.4 1.235983e+03 1.244832e+03 1.264817e+03 1.255968e+03
12.4 1.247816e+03 1.251121e+03 1.264821e+03 1.261516e+03
13.4 1.295933e+03 1.256381e+03 1.264808e+03 1.304360e+03
14.4 1.245928e+03 1.269262e+03 1.264794e+03 1.241460e+03
15.4 1.246865e+03 1.278833e+03 1.264785e+03 1.232816e+03
16.4 1.195622e+03 1.277641e+03 1.264780e+03 1.182761e+03
17.4 1.235558e+03 1.275231e+03 1.264778e+03 1.225105e+03
18.4 1.264118e+03 1.280165e+03 1.264778e+03 1.248731e+03
19.4 1.289264e+03 1.284279e+03 1.264778e+03 1.269763e+03
20.4 1.321207e+03 1.278011e+03 1.264779e+03 1.307975e+03
0.6 1.305184e+03 1.245187e+03 1.264778e+03 1.324774e+03
1.6 1.287779e+03 1.240633e+03 1.264791e+03 1.311937e+03
2.6 1.235983e+03 1.244832e+03 1.264817e+03 1.255968e+03
3.6 1.247816e+03 1.251121e+03 1.264821e+03 1.261516e+03
4.6 1.295933e+03 1.256381e+03 1.264808e+03 1.304360e+03
5.6 1.245928e+03 1.269262e+03 1.264794e+03 1.241460e+03
6.6 1.246865e+03 1.278833e+03 1.264785e+03 1.232816e+03
7.6 1.195622e+03 1.277641e+03 1.264780e+03 1.182761e+03
8.6 1.235558e+03 1.275231e+03 1.264778e+03 1.225105e+03
9.6 1.264118e+03 1.280165e+03 1.264778e+03 1.248731e+03
10.6 1.289264e+03 1.284279e+03 1.264778e+03 1.269763e+03
11.6 1.321207e+03 1.278011e+03 1.264779e+03 1.307975e+03
12.6 1.242499e+03 1.268583e+03 1.264780e+03 1.238696e+03
13.6 1.287618e+03 1.261773e+03 1.264781e+03 1.290626e+03
14.6 1.230147e+03 1.258153e+03 1.264781e+03 1.236776e+03
15.6 1.238374e+03 1.257791e+03 1.264781e+03 1.245364e+03
16.6 1.261578e+03 1.263642e+03 1.264781e+03 1.262717e+03
17.6 1.294566e+03 1.274526e+03 1.264781e+03 1.284821e+03
18.6 1.274621e+03 1.284460e+03 1.264781e+03 1.254943e+03
19.6 1.291365e+03 1.281625e+03 1.264781e+03 1.274522e+03
20.6 1.286002e+03 1.272317e+03 1.264781e+03 1.278467e+03
0.3 1.271589e+03 1.260769e+03 1.264781e+03 1.275601e+03
1.3 1.276179e+03 1.247206e+03 1.264787e+03 1.293760e+03
2.3 1.262297e+03 1.244885e+03 1.264813e+03 1.282226e+03
3.3 1.238702e+03 1.244913e+03 1.264825e+03 1.258614e+03
4.3 1.177333e+03 1.246079e+03 1.264814e+03 1.196068e+03
5.3 1.235250e+03 1.260669e+03 1.264798e+03 1.239379e+03
6.3 1.313627e+03 1.271196e+03 1.264787e+03 1.307218e+03
7.3 1.266950e+03 1.270132e+03 1.264782e+03 1.261600e+03
8.3 1.279010e+03 1.265481e+03 1.264798e+03 1.278327e+03
9.3 1.220281e+03 1.262027e+03 1.264819e+03 1.223074e+03
10.3 1.217993e+03 1.260059e+03 1.264817e+03 1.222751e+03
11.3 1.298464e+03 1.261577e+03 1.264802e+03 1.301689e+03
12.3 1.276192e+03 1.269254e+03 1.264790e+03 1.271728e+03
13.3 1.288879e+03 1.278540e+03 1.264782e+03 1.275121e+03
14.3 1.307788e+03 1.287733e+03 1.264779e+03 1.284834e+03
15.3 1.280320e+03 1.286494e+03 1.264778e+03 1.258603e+03
16.3 1.344060e+03 1.280244e+03 1.264779e+03 1.328595e+03
17.3 1.299054e+03 1.272610e+03 1.264800e+03 1.291244e+03
18.3 1.316951e+03 1.265461e+03 1.264822e+03 1.316312e+03
19.3 1.299102e+03 1.263208e+03 1.264818e+03 1.300712e+03
20.3 1.280080e+03 1.263790e+03 1.264812e+03 1.281102e+03
0.9 1.266950e+03 1.270132e+03 1.264782e+03 1.261600e+03
1.9 1.279010e+03 1.265481e+03 1.264798e+03 1.278327e+03
2.9 1.220281e+03 1.262027e+03 1.264819e+03 1.223074e+03
3.9 1.217993e+03 1.260059e+03 1.264817e+03 1.222751e+03
4.9 1.298464e+03 1.261577e+03 1.264802e+03 1.301689e+03
5.9 1.276192e+03 1.269254e+03 1.264790e+03 1.271728e+03
6.9 1.288879e+03 1.278540e+03 1.264782e+03 1.275121e+03
7.9 1.307788e+03 1.287733e+03 1.264779e+03 1.284834e+03
8.9 1.280320e+03 1.286494e+03 1.264778e+03 1.258603e+03
9.9 1.344060e+03 1.280244e+03 1.264779e+03 1.328595e+03
10.9 1.299054e+03 1.272610e+03 1.264800e+03 1.291244e+03
11.9 1.316951e+03 1.265461e+03 1.264822e+03 1.316312e+03
12.9 1.299102e+03 1.263208e+03 1.264818e+03 1.300712e+03
13.9 1.280080e+03 1.263790e+03 1.264812e+03 1.281102e+03
14.9 1.266500e+03 1.262433e+03 1.264826e+03 1.268893e+03
15.9 1.249134e+03 1.260154e+03 1.264825e+03 1.253805e+03
16.9 1.283283e+03 1.258599e+03 1.264809e+03 1.289492e+03
17.9 1.295993e+03 1.257947e+03 1.264792e+03 1.302839e+03
18.9 1.269229e+03 1.257830e+03 1.264782e+03 1.276181e+03
19.9 1.235171e+03 1.257969e+03 1.264778e+03 1.241980e+03
20.9 1.259203e+03 1.258213e+03 1.264776e+03 1.265766e+03
0.9 1.344060e+03 1.280244e+03 1.264779e+03 1.328595e+03
1.9 1.299054e+03 1.272610e+03 1.264800e+03 1.291244e+03
2.9 1.316951e+03 1.265461e+03 1.264822e+03 1.316312e+03
3.9 1.299102e+03 1.263208e+03 1.264818e+03 1.300712e+03
4.9 1.280080e+03 1.263790e+03 1.264812e+03 1.281102e+03
5.9 1.266500e+03 1.262433e+03 1.264826e+03 1.268893e+03
6.9 1.249134e+03 1.260154e+03 1.264825e+03 1.253805e+03
7.9 1.283283e+03 1.258599e+03 1.264809e+03 1.289492e+03
8.9 1.295993e+03 1.257947e+03 1.264792e+03 1.302839e+03
9.9 1.269229e+03 1.257830e+03 1.264782e+03 1.276181e+03
10.9 1.235171e+03 1.257969e+03 1.264778e+03 1.241980e+03
11.9 1.259203e+03 1.258213e+03 1.264776e+03 1.265766e+03
12.9 1.262261e+03 1.258322e+03 1.264776e+03 1.268715e+03
13.9 1.299922e+03 1.254655e+03 1.264777e+03 1.310044e+03
14.9 1.302633e+03 1.244695e+03 1.264779e+03 1.322717e+03
15.9 1.218858e+03 1.237338e+03 1.264780e+03 1.246299e+03
16.9 1.201686e+03 1.249308e+03 1.264781e+03 1.217158e+03
17.9 1.280768e+03 1.265114e+03 1.264781e+03 1.280434e+03
18.9 1.264480e+03 1.268403e+03 1.264781e+03 1.260857e+03
19.9 1.297172e+03 1.265924e+03 1.264781e+03 1.296030e+03
20.9 1.264120e+03 1.272654e+03 1.264781e+03 1.256247e+03
0.5 1.299102e+03 1.263208e+03 1.264818e+03 1.300712e+03
1.5 1.280080e+03 1.263790e+03 1.264812e+03 1.281102e+03
2.5 1.266500e+03 1.262433e+03 1.264826e+03 1.268893e+03
3.5 1.249134e+03 1.260154e+03 1.264825e+03 1.253805e+03
4.5 1.283283e+03 1.258599e+03 1.264809e+03 1.289492e+03
5.5 1.295993e+03 1.257947e+03 1.264792e+03 1.302839e+03
6.5 1.269229e+03 1.257830e+03 1.264782e+03 1.276181e+03
7.5 1.235171e+03 1.257969e+03 1.264778e+03 1.241980e+03
8.5 1.259203e+03 1.258213e+03 1.264776e+03 1.265766e+03
9.5 1.262261e+03 1.258322e+03 1.264776e+03 1.268715e+03
10.5 1.299922e+03 1.254655e+03 1.264777e+03 1.310044e+03
11.5 1.302633e+03 1.244695e+03 1.264779e+03 1.322717e+03
12.5 1.218858e+03 1.237338e+03 1.264780e+03 1.246299e+03
13.5 1.201686e+03 1.249308e+03 1.264781e+03 1.217158e+03
14.5 1.280768e+03 1.265114e+03 1.264781e+03 1.280434e+03
15.5 1.264480e+03 1.268403e+03 1.264781e+03 1.260857e+03
16.5 1.297172e+03 1.265924e+03 1.264781e+03 1.296030e+03
17.5 1.264120e+03 1.272654e+03 1.264781e+03 1.256247e+03
18.5 1.296802e+03 1.279540e+03 1.264781e+03 1.282044e+03
19.5 1.227706e+03 1.275874e+03 1.264781e+03 1.216614e+03
20.5 1.254686e+03 1.268332e+03 1.264781e+03 1.251135e+03
1.0 1.241827e+03 1.246591e+03 1.264783e+03 1.260019e+03
2.0 1.272019e+03 1.241094e+03 1.264804e+03 1.295729e+03
3.0 1.267114e+03 1.244870e+03 1.264824e+03 1.287068e+03
4.0 1.259519e+03 1.250463e+03 1.264819e+03 1.273875e+03
5.0 1.251109e+03 1.251855e+03 1.264803e+03 1.264057e+03
6.0 1.242225e+03 1.245162e+03 1.264791e+03 1.261854e+03
7.0 1.214896e+03 1.237633e+03 1.264783e+03 1.242046e+03
8.0 1.229055e+03 1.246938e+03 1.264779e+03 1.246897e+03
9.0 1.269667e+03 1.265992e+03 1.264778e+03 1.268453e+03
10.0 1.224023e+03 1.277130e+03 1.264778e+03 1.211670e+03
11.0 1.287571e+03 1.280565e+03 1.264779e+03 1.271784e+03
12.0 1.256162e+03 1.285390e+03 1.264780e+03 1.235552e+03
13.0 1.325005e+03 1.288548e+03 1.264780e+03 1.301237e+03
14.0 1.308132e+03 1.281193e+03 1.264781e+03 1.291720e+03
15.0 1.318158e+03 1.270478e+03 1.264781e+03 1.312461e+03
16.0 1.243187e+03 1.262586e+03 1.264781e+03 1.245383e+03
17.0 1.293344e+03 1.258140e+03 1.264781e+03 1.299985e+03
18.0 1.303080e+03 1.255581e+03 1.264781e+03 1.312281e+03
19.0 1.297530e+03 1.256144e+03 1.264781e+03 1.306167e+03
20.0 1.293977e+03 1.267723e+03 1.264781e+03 1.291035e+03
21.0 1.268153e+03 1.275601e+03 1.264781e+03 1.257334e+03
0.3 1.327266e+03 1.258167e+03 1.264781e+03 1.333880e+03
1.3 1.239916e+03 1.256182e+03 1.264788e+03 1.248521e+03
2.3 1.244155e+03 1.255995e+03 1.264814e+03 1.252974e+03
3.3 1.247441e+03 1.258185e+03 1.264825e+03 1.254081e+03
4.3 1.272499e+03 1.266163e+03 1.264813e+03 1.271149e+03
5.3 1.209810e+03 1.275830e+03 1.264798e+03 1.198777e+03
6.3 1.251713e+03 1.286485e+03 1.264787e+03 1.230015e+03
7.3 1.309697e+03 1.287636e+03 1.264781e+03 1.286843e+03
8.3 1.262302e+03 1.275949e+03 1.264778e+03 1.251132e+03
9.3 1.284954e+03 1.256667e+03 1.264778e+03 1.293065e+03
10.3 1.258936e+03 1.240233e+03 1.264778e+03 1.283481e+03
11.3 1.209569e+03 1.243872e+03 1.264779e+03 1.230476e+03
12.3 1.212536e+03 1.259948e+03 1.264780e+03 1.217368e+03
13.3 1.242651e+03 1.263845e+03 1.264781e+03 1.243587e+03
14.3 1.228598e+03 1.255105e+03 1.264781e+03 1.238274e+03
15.3 1.240758e+03 1.253189e+03 1.264781e+03 1.252350e+03
16.3 1.262061e+03 1.266004e+03 1.264781e+03 1.260838e+03
17.3 1.240411e+03 1.274533e+03 1.264781e+03 1.230659e+03
18.3 1.306445e+03 1.278976e+03 1.264781e+03 1.292251e+03
19.3 1.289459e+03 1.286242e+03 1.264781e+03 1.267998e+03
20.3 1.262888e+03 1.289083e+03 1.264781e+03 1.238586e+03
