1.201606e+03 1.192539e+03 1.195958e+03 1.198187e+03
1.197097e+03 1.192539e+03 1.195958e+03 1.193678e+03
1.195540e+03 1.192538e+03 1.195958e+03 1.192121e+03
1.200413e+03 1.192519e+03 1.196033e+03 1.196899e+03
1.207349e+03 1.192356e+03 1.196639e+03 1.203067e+03
1.194398e+03 1.192086e+03 1.197649e+03 1.188835e+03
1.206012e+03 1.191963e+03 1.197309e+03 1.200666e+03
1.202225e+03 1.192169e+03 1.193957e+03 1.200437e+03
1.187359e+03 1.193016e+03 1.191112e+03 1.189264e+03
1.186024e+03 1.194248e+03 1.189785e+03 1.190486e+03
1.181185e+03 1.194844e+03 1.189374e+03 1.186655e+03
1.185772e+03 1.194393e+03 1.188658e+03 1.191507e+03
1.220350e+03 1.193595e+03 1.189845e+03 1.224100e+03
1.199693e+03 1.193341e+03 1.193173e+03 1.199861e+03
1.207252e+03 1.194139e+03 1.197626e+03 1.203765e+03
1.211406e+03 1.194723e+03 1.199462e+03 1.206667e+03
1.191567e+03 1.194263e+03 1.196571e+03 1.189259e+03
1.207040e+03 1.193718e+03 1.194959e+03 1.205799e+03
1.191535e+03 1.194025e+03 1.196591e+03 1.188968e+03
1.215360e+03 1.194097e+03 1.195999e+03 1.213457e+03
1.193236e+03 1.193546e+03 1.193526e+03 1.193257e+03
1.220932e+03 1.192951e+03 1.193168e+03 1.220714e+03
1.213970e+03 1.193207e+03 1.195365e+03 1.211812e+03
1.216128e+03 1.194836e+03 1.199734e+03 1.211230e+03
1.206105e+03 1.195842e+03 1.201270e+03 1.200677e+03
1.182781e+03 1.195170e+03 1.197596e+03 1.180355e+03
1.190500e+03 1.193997e+03 1.194901e+03 1.189597e+03
1.203279e+03 1.193913e+03 1.196056e+03 1.201137e+03
1.201518e+03 1.194727e+03 1.198454e+03 1.197790e+03
1.190074e+03 1.194572e+03 1.196394e+03 1.188253e+03
1.178204e+03 1.194062e+03 1.194601e+03 1.177665e+03
1.196972e+03 1.194892e+03 1.197410e+03 1.194454e+03
1.213708e+03 1.195926e+03 1.200429e+03 1.209204e+03
1.201040e+03 1.195474e+03 1.197998e+03 1.198516e+03
1.201090e+03 1.194864e+03 1.196112e+03 1.199842e+03
1.191933e+03 1.195174e+03 1.197982e+03 1.189126e+03
1.198861e+03 1.195423e+03 1.199591e+03 1.194694e+03
1.189108e+03 1.194700e+03 1.196587e+03 1.187221e+03
1.213341e+03 1.194029e+03 1.192841e+03 1.214530e+03
1.208764e+03 1.194241e+03 1.190622e+03 1.212382e+03
1.205472e+03 1.194576e+03 1.189703e+03 1.210345e+03
1.195503e+03 1.194150e+03 1.188509e+03 1.201145e+03
1.183618e+03 1.193333e+03 1.188892e+03 1.188058e+03
1.216013e+03 1.192563e+03 1.191895e+03 1.216681e+03
1.190466e+03 1.191959e+03 1.195489e+03 1.186936e+03
1.198463e+03 1.191677e+03 1.197172e+03 1.192967e+03
1.210324e+03 1.191769e+03 1.194944e+03 1.207149e+03
1.197386e+03 1.192020e+03 1.193274e+03 1.196132e+03
1.198325e+03 1.192251e+03 1.193777e+03 1.196799e+03
1.205984e+03 1.192411e+03 1.194859e+03 1.203535e+03
1.209793e+03 1.192539e+03 1.195507e+03 1.206825e+03
1.189584e+03 1.193322e+03 1.193171e+03 1.189735e+03
1.185613e+03 1.195078e+03 1.186838e+03 1.193852e+03
1.192859e+03 1.195905e+03 1.182516e+03 1.206248e+03
1.185390e+03 1.195139e+03 1.182664e+03 1.197864e+03
1.184529e+03 1.193930e+03 1.186764e+03 1.191695e+03
1.189882e+03 1.192906e+03 1.191953e+03 1.190835e+03
1.178792e+03 1.192157e+03 1.196106e+03 1.174843e+03
1.177044e+03 1.191851e+03 1.196370e+03 1.172525e+03
1.204014e+03 1.191910e+03 1.194242e+03 1.201682e+03
1.188882e+03 1.192098e+03 1.193935e+03 1.187045e+03
1.181078e+03 1.192223e+03 1.195060e+03 1.178241e+03
1.184840e+03 1.192138e+03 1.196705e+03 1.180273e+03
1.187027e+03 1.191967e+03 1.198068e+03 1.180926e+03
1.189950e+03 1.191977e+03 1.196916e+03 1.185011e+03
1.211073e+03 1.192168e+03 1.193950e+03 1.209290e+03
1.202899e+03 1.192367e+03 1.193154e+03 1.202112e+03
1.195043e+03 1.192497e+03 1.193997e+03 1.193543e+03
1.191850e+03 1.192627e+03 1.195092e+03 1.189385e+03
1.211533e+03 1.193565e+03 1.197444e+03 1.207655e+03
1.197812e+03 1.194867e+03 1.199655e+03 1.193024e+03
1.190216e+03 1.194864e+03 1.197324e+03 1.187756e+03
1.190941e+03 1.194057e+03 1.194839e+03 1.190159e+03
1.195645e+03 1.194041e+03 1.195888e+03 1.193798e+03
1.186495e+03 1.195397e+03 1.199852e+03 1.182039e+03
1.193992e+03 1.196018e+03 1.200732e+03 1.189279e+03
1.193271e+03 1.195097e+03 1.196891e+03 1.191477e+03
1.198458e+03 1.193809e+03 1.194402e+03 1.197865e+03
1.176489e+03 1.192898e+03 1.194211e+03 1.175176e+03
1.199194e+03 1.192410e+03 1.194736e+03 1.196868e+03
1.195597e+03 1.192203e+03 1.195216e+03 1.192584e+03
1.195876e+03 1.192165e+03 1.195565e+03 1.192477e+03
1.187501e+03 1.192377e+03 1.195215e+03 1.184664e+03
1.186720e+03 1.193669e+03 1.190856e+03 1.189533e+03
1.182671e+03 1.195389e+03 1.184608e+03 1.193452e+03
1.154621e+03 1.195596e+03 1.181900e+03 1.168317e+03
1.181188e+03 1.195025e+03 1.184702e+03 1.191512e+03
1.196309e+03 1.194880e+03 1.190843e+03 1.200345e+03
1.208805e+03 1.194365e+03 1.193013e+03 1.210158e+03
1.193000e+03 1.193463e+03 1.193234e+03 1.193229e+03
1.191876e+03 1.192566e+03 1.195090e+03 1.189352e+03
1.186861e+03 1.191909e+03 1.197463e+03 1.181308e+03
1.180751e+03 1.191676e+03 1.197514e+03 1.174913e+03
1.172213e+03 1.191915e+03 1.194876e+03 1.169252e+03
1.190400e+03 1.192997e+03 1.195208e+03 1.188189e+03
1.181014e+03 1.194599e+03 1.198447e+03 1.177165e+03
1.202048e+03 1.195375e+03 1.199781e+03 1.197641e+03
1.197315e+03 1.194864e+03 1.196383e+03 1.195795e+03
1.189106e+03 1.194394e+03 1.192893e+03 1.190607e+03
1.192463e+03 1.194224e+03 1.190869e+03 1.195817e+03
1.191099e+03 1.193689e+03 1.189190e+03 1.195598e+03
1.200575e+03 1.193028e+03 1.189892e+03 1.203712e+03
1.201679e+03 1.192571e+03 1.192240e+03 1.202011e+03
1.199413e+03 1.192354e+03 1.194388e+03 1.197379e+03
1.199891e+03 1.192291e+03 1.195728e+03 1.196454e+03
1.194455e+03 1.192326e+03 1.196426e+03 1.190355e+03
1.189117e+03 1.192873e+03 1.197582e+03 1.184407e+03
1.186499e+03 1.194149e+03 1.199830e+03 1.180818e+03
1.205009e+03 1.194793e+03 1.199620e+03 1.200183e+03
1.189570e+03 1.194312e+03 1.195986e+03 1.187895e+03
1.184880e+03 1.193809e+03 1.193415e+03 1.185274e+03
1.169083e+03 1.193922e+03 1.191921e+03 1.171084e+03
1.196505e+03 1.193763e+03 1.189865e+03 1.200403e+03
1.174590e+03 1.193236e+03 1.189291e+03 1.178536e+03
1.187077e+03 1.193203e+03 1.192059e+03 1.188221e+03
1.198439e+03 1.194334e+03 1.196965e+03 1.195808e+03
1.221040e+03 1.194803e+03 1.197657e+03 1.218186e+03
1.180567e+03 1.194157e+03 1.195225e+03 1.179500e+03
1.202044e+03 1.193312e+03 1.194424e+03 1.200932e+03
1.186662e+03 1.192736e+03 1.194930e+03 1.184469e+03
1.176618e+03 1.192433e+03 1.195516e+03 1.173535e+03
1.189479e+03 1.192308e+03 1.195858e+03 1.185929e+03
1.193920e+03 1.192518e+03 1.195177e+03 1.191262e+03
1.178134e+03 1.193775e+03 1.190681e+03 1.181228e+03
1.171289e+03 1.194713e+03 1.185992e+03 1.180011e+03
1.166873e+03 1.194374e+03 1.184847e+03 1.176400e+03
1.167938e+03 1.193572e+03 1.187791e+03 1.173720e+03
1.179805e+03 1.192953e+03 1.191689e+03 1.181069e+03
1.181543e+03 1.192966e+03 1.193845e+03 1.180664e+03
1.194341e+03 1.193730e+03 1.193677e+03 1.194394e+03
1.183889e+03 1.194133e+03 1.192250e+03 1.185772e+03
1.167880e+03 1.193742e+03 1.190504e+03 1.171117e+03
1.194550e+03 1.193143e+03 1.191243e+03 1.196449e+03
1.189778e+03 1.192712e+03 1.193343e+03 1.189147e+03
1.209009e+03 1.192478e+03 1.195095e+03 1.206391e+03
1.186063e+03 1.192376e+03 1.196103e+03 1.182336e+03
1.194116e+03 1.192356e+03 1.196557e+03 1.189915e+03
1.187907e+03 1.192551e+03 1.196991e+03 1.183467e+03
1.201163e+03 1.193886e+03 1.199337e+03 1.195712e+03
1.198430e+03 1.196026e+03 1.203106e+03 1.191349e+03
1.212589e+03 1.196987e+03 1.203885e+03 1.205692e+03
1.215293e+03 1.195993e+03 1.199201e+03 1.212085e+03
1.188981e+03 1.194270e+03 1.195784e+03 1.187467e+03
1.194281e+03 1.192795e+03 1.195736e+03 1.191340e+03
1.194440e+03 1.191948e+03 1.196000e+03 1.190388e+03
1.190414e+03 1.191722e+03 1.193579e+03 1.188558e+03
1.186013e+03 1.191719e+03 1.192543e+03 1.185189e+03
1.196814e+03 1.191752e+03 1.193393e+03 1.195172e+03
1.199114e+03 1.191943e+03 1.192099e+03 1.198957e+03
1.193877e+03 1.192397e+03 1.191131e+03 1.195143e+03
1.185631e+03 1.193305e+03 1.191034e+03 1.187902e+03
1.172960e+03 1.193760e+03 1.190230e+03 1.176490e+03
1.174534e+03 1.193515e+03 1.189763e+03 1.178286e+03
1.171469e+03 1.193095e+03 1.191438e+03 1.173126e+03
1.186116e+03 1.193305e+03 1.191755e+03 1.187666e+03
1.167702e+03 1.194768e+03 1.187210e+03 1.175260e+03
1.180720e+03 1.195754e+03 1.183097e+03 1.193377e+03
1.169297e+03 1.195157e+03 1.182841e+03 1.181613e+03
1.178825e+03 1.194432e+03 1.187401e+03 1.185855e+03
1.199194e+03 1.194924e+03 1.194622e+03 1.199497e+03
1.185909e+03 1.194980e+03 1.197204e+03 1.183685e+03
1.201005e+03 1.194221e+03 1.196102e+03 1.199124e+03
1.195707e+03 1.194354e+03 1.197682e+03 1.192379e+03
1.189844e+03 1.194936e+03 1.199460e+03 1.185319e+03
1.189180e+03 1.194484e+03 1.196944e+03 1.186719e+03
1.201331e+03 1.193536e+03 1.194759e+03 1.200107e+03
1.198111e+03 1.192800e+03 1.194566e+03 1.196344e+03
1.194192e+03 1.192404e+03 1.195091e+03 1.191506e+03
1.208493e+03 1.192245e+03 1.195552e+03 1.205186e+03
1.200094e+03 1.192220e+03 1.195841e+03 1.196473e+03
1.197594e+03 1.192265e+03 1.196010e+03 1.193850e+03
1.196355e+03 1.192356e+03 1.196126e+03 1.192585e+03
1.190505e+03 1.192923e+03 1.197070e+03 1.186357e+03
1.200159e+03 1.194270e+03 1.199465e+03 1.194964e+03
1.185284e+03 1.195379e+03 1.201220e+03 1.179443e+03
1.200917e+03 1.195173e+03 1.198398e+03 1.197692e+03
1.187245e+03 1.194539e+03 1.193906e+03 1.187878e+03
1.189818e+03 1.194612e+03 1.191007e+03 1.193423e+03
1.199087e+03 1.194888e+03 1.189754e+03 1.204221e+03
1.179506e+03 1.194438e+03 1.188509e+03 1.185435e+03
1.173489e+03 1.193554e+03 1.188536e+03 1.178507e+03
1.200421e+03 1.192835e+03 1.190889e+03 1.202367e+03
1.185358e+03 1.192435e+03 1.193582e+03 1.184211e+03
1.192905e+03 1.192445e+03 1.194755e+03 1.190596e+03
1.191318e+03 1.193554e+03 1.191424e+03 1.193448e+03
1.202600e+03 1.194538e+03 1.186969e+03 1.210170e+03
1.212325e+03 1.194309e+03 1.185439e+03 1.221195e+03
1.189263e+03 1.194211e+03 1.185592e+03 1.197882e+03
1.179995e+03 1.194897e+03 1.184138e+03 1.190754e+03
1.196737e+03 1.194768e+03 1.183560e+03 1.207945e+03
1.199917e+03 1.193882e+03 1.186190e+03 1.207608e+03
1.167611e+03 1.193049e+03 1.190683e+03 1.169977e+03
1.196550e+03 1.192760e+03 1.193573e+03 1.195737e+03
1.217437e+03 1.193714e+03 1.191210e+03 1.219942e+03
1.205686e+03 1.194524e+03 1.187381e+03 1.212828e+03
1.188338e+03 1.194169e+03 1.186345e+03 1.196163e+03
1.177456e+03 1.193497e+03 1.189226e+03 1.181727e+03
1.186411e+03 1.193719e+03 1.194314e+03 1.185816e+03
1.195048e+03 1.194581e+03 1.198954e+03 1.190676e+03
1.205883e+03 1.194597e+03 1.198626e+03 1.201854e+03
1.196502e+03 1.193831e+03 1.195855e+03 1.194478e+03
1.188647e+03 1.193073e+03 1.194935e+03 1.186785e+03
1.194771e+03 1.192979e+03 1.195972e+03 1.191778e+03
1.195389e+03 1.193965e+03 1.198669e+03 1.190685e+03
1.202503e+03 1.195100e+03 1.201099e+03 1.196504e+03
1.214286e+03 1.195090e+03 1.199269e+03 1.210108e+03
1.207466e+03 1.194717e+03 1.196269e+03 1.205914e+03
1.206228e+03 1.195605e+03 1.198161e+03 1.203672e+03
1.197274e+03 1.196859e+03 1.201884e+03 1.192249e+03
1.193866e+03 1.196540e+03 1.200608e+03 1.189799e+03
1.192095e+03 1.194990e+03 1.196168e+03 1.190916e+03
1.202619e+03 1.193523e+03 1.194116e+03 1.202027e+03
1.209042e+03 1.192619e+03 1.194139e+03 1.207522e+03
1.186477e+03 1.192185e+03 1.194673e+03 1.183990e+03
1.203287e+03 1.192204e+03 1.194847e+03 1.200645e+03
1.180639e+03 1.193019e+03 1.193734e+03 1.179923e+03
1.197970e+03 1.193930e+03 1.192095e+03 1.199805e+03
1.196267e+03 1.193948e+03 1.189884e+03 1.200332e+03
1.197365e+03 1.193416e+03 1.189612e+03 1.201170e+03
1.194644e+03 1.192907e+03 1.191656e+03 1.195895e+03
1.236137e+03 1.192590e+03 1.193928e+03 1.234799e+03
1.191326e+03 1.192643e+03 1.195048e+03 1.188922e+03
1.192908e+03 1.193433e+03 1.194256e+03 1.192085e+03
1.207572e+03 1.194148e+03 1.192659e+03 1.209062e+03
1.206022e+03 1.193978e+03 1.190556e+03 1.209444e+03
1.207487e+03 1.193673e+03 1.189496e+03 1.211664e+03
1.198713e+03 1.194605e+03 1.186059e+03 1.207259e+03
1.198440e+03 1.195777e+03 1.182104e+03 1.212113e+03
1.180932e+03 1.195450e+03 1.181461e+03 1.194921e+03
1.190542e+03 1.194256e+03 1.184865e+03 1.199932e+03
1.172188e+03 1.193528e+03 1.190571e+03 1.175144e+03
1.192895e+03 1.194064e+03 1.196802e+03 1.190157e+03
1.194197e+03 1.195026e+03 1.201426e+03 1.187797e+03
1.213429e+03 1.194996e+03 1.200773e+03 1.207652e+03
1.182729e+03 1.194085e+03 1.196870e+03 1.179944e+03
1.200649e+03 1.193084e+03 1.195334e+03 1.198398e+03
1.193103e+03 1.192274e+03 1.196180e+03 1.189197e+03
1.216688e+03 1.191863e+03 1.195915e+03 1.212635e+03
1.197318e+03 1.191869e+03 1.193139e+03 1.196048e+03
1.190125e+03 1.192546e+03 1.190388e+03 1.192283e+03
1.160144e+03 1.194054e+03 1.186347e+03 1.167851e+03
1.187435e+03 1.194625e+03 1.183817e+03 1.198243e+03
1.183341e+03 1.194230e+03 1.184567e+03 1.193004e+03
1.180923e+03 1.194655e+03 1.184285e+03 1.191294e+03
1.181514e+03 1.195785e+03 1.181807e+03 1.195492e+03
1.190367e+03 1.195667e+03 1.181407e+03 1.204627e+03
1.186824e+03 1.194487e+03 1.184494e+03 1.196817e+03
1.195040e+03 1.193346e+03 1.189623e+03 1.198763e+03
1.201187e+03 1.192629e+03 1.193958e+03 1.199858e+03
1.194341e+03 1.192155e+03 1.196957e+03 1.189539e+03
1.213331e+03 1.191771e+03 1.199038e+03 1.206063e+03
1.192484e+03 1.191615e+03 1.199409e+03 1.184690e+03
1.197720e+03 1.191816e+03 1.196148e+03 1.193387e+03
1.183968e+03 1.192589e+03 1.192725e+03 1.183832e+03
1.188416e+03 1.193485e+03 1.190842e+03 1.191058e+03
1.195733e+03 1.193620e+03 1.189082e+03 1.200271e+03
1.167553e+03 1.193272e+03 1.189613e+03 1.171212e+03
1.197183e+03 1.192904e+03 1.192034e+03 1.198053e+03
1.179928e+03 1.192655e+03 1.194353e+03 1.178230e+03
1.181167e+03 1.192420e+03 1.196156e+03 1.177430e+03
1.195698e+03 1.192104e+03 1.197801e+03 1.190002e+03
1.220271e+03 1.191881e+03 1.198596e+03 1.213555e+03
1.209666e+03 1.191941e+03 1.196069e+03 1.205539e+03
1.197846e+03 1.192161e+03 1.193282e+03 1.196725e+03
1.186572e+03 1.192363e+03 1.193123e+03 1.185813e+03
