8.640438e+03 8.595859e+03 8.596476e+03 8.639822e+03
8.614806e+03 8.595859e+03 8.596476e+03 8.614190e+03
8.625803e+03 8.595860e+03 8.596476e+03 8.625186e+03
8.641413e+03 8.597357e+03 8.597973e+03 8.640797e+03
8.601633e+03 8.609492e+03 8.610109e+03 8.601016e+03
8.605378e+03 8.629724e+03 8.630339e+03 8.604764e+03
8.608723e+03 8.638918e+03 8.638322e+03 8.609319e+03
8.639692e+03 8.629438e+03 8.624611e+03 8.644519e+03
8.636522e+03 8.614159e+03 8.607202e+03 8.643479e+03
8.609915e+03 8.602502e+03 8.596128e+03 8.616289e+03
8.610089e+03 8.595789e+03 8.592379e+03 8.613499e+03
8.646715e+03 8.592657e+03 8.595991e+03 8.643380e+03
8.643830e+03 8.591780e+03 8.598627e+03 8.636983e+03
8.629340e+03 8.592173e+03 8.599084e+03 8.622429e+03
8.600130e+03 8.593091e+03 8.600808e+03 8.592414e+03
8.600828e+03 8.594041e+03 8.600574e+03 8.594294e+03
8.631201e+03 8.594787e+03 8.595135e+03 8.630853e+03
8.616600e+03 8.595281e+03 8.592565e+03 8.619316e+03
8.620674e+03 8.595571e+03 8.595074e+03 8.621170e+03
8.586410e+03 8.595725e+03 8.594541e+03 8.587594e+03
8.578960e+03 8.595801e+03 8.591445e+03 8.583316e+03
8.600508e+03 8.595835e+03 8.591537e+03 8.604806e+03
8.672565e+03 8.595850e+03 8.596318e+03 8.672096e+03
8.641339e+03 8.595856e+03 8.606106e+03 8.631089e+03
8.629697e+03 8.595859e+03 8.610267e+03 8.615289e+03
8.583081e+03 8.595859e+03 8.603627e+03 8.575313e+03
8.577713e+03 8.595859e+03 8.597570e+03 8.576003e+03
8.595638e+03 8.595859e+03 8.599088e+03 8.592409e+03
8.633917e+03 8.595859e+03 8.603962e+03 8.625814e+03
8.608263e+03 8.595859e+03 8.600530e+03 8.603592e+03
8.574332e+03 8.595859e+03 8.596947e+03 8.573245e+03
8.574757e+03 8.595859e+03 8.602529e+03 8.568088e+03
8.594771e+03 8.595859e+03 8.608772e+03 8.581858e+03
8.613556e+03 8.595859e+03 8.604245e+03 8.605171e+03
8.587664e+03 8.595859e+03 8.599033e+03 8.584490e+03
8.581145e+03 8.595859e+03 8.599615e+03 8.577389e+03
8.586276e+03 8.595859e+03 8.600738e+03 8.581398e+03
8.588840e+03 8.595859e+03 8.595974e+03 8.588725e+03
8.590136e+03 8.595859e+03 8.591296e+03 8.594700e+03
8.586131e+03 8.595859e+03 8.589969e+03 8.592022e+03
8.619842e+03 8.595859e+03 8.590126e+03 8.625575e+03
8.649584e+03 8.595859e+03 8.588138e+03 8.657305e+03
8.624542e+03 8.596834e+03 8.588505e+03 8.632871e+03
8.613273e+03 8.607450e+03 8.601837e+03 8.618886e+03
8.609269e+03 8.627551e+03 8.625208e+03 8.611612e+03
8.668403e+03 8.638943e+03 8.637949e+03 8.669396e+03
8.672945e+03 8.631092e+03 8.627193e+03 8.676844e+03
8.628772e+03 8.615808e+03 8.610539e+03 8.634041e+03
8.582462e+03 8.603567e+03 8.600049e+03 8.585980e+03
8.589881e+03 8.596346e+03 8.595091e+03 8.591136e+03
8.574635e+03 8.592879e+03 8.593021e+03 8.574492e+03
8.580376e+03 8.591799e+03 8.590506e+03 8.581670e+03
8.576086e+03 8.592090e+03 8.585884e+03 8.582292e+03
8.597030e+03 8.592978e+03 8.582401e+03 8.607607e+03
8.587762e+03 8.593940e+03 8.581489e+03 8.600214e+03
8.569003e+03 8.595483e+03 8.585931e+03 8.578555e+03
8.543754e+03 8.605857e+03 8.600998e+03 8.548613e+03
8.550872e+03 8.624092e+03 8.622784e+03 8.552179e+03
8.577378e+03 8.629291e+03 8.627355e+03 8.579314e+03
8.565142e+03 8.619802e+03 8.615183e+03 8.569762e+03
8.566372e+03 8.607997e+03 8.603885e+03 8.570484e+03
8.604328e+03 8.603815e+03 8.601910e+03 8.606234e+03
8.620849e+03 8.615589e+03 8.615476e+03 8.620962e+03
8.595902e+03 8.632611e+03 8.633531e+03 8.594981e+03
8.613038e+03 8.634677e+03 8.638620e+03 8.609095e+03
8.615540e+03 8.622021e+03 8.630249e+03 8.607312e+03
8.613517e+03 8.607971e+03 8.616151e+03 8.605338e+03
8.603902e+03 8.598607e+03 8.604085e+03 8.598424e+03
8.610698e+03 8.593703e+03 8.596901e+03 8.607499e+03
8.583613e+03 8.591750e+03 8.597387e+03 8.577975e+03
8.603954e+03 8.591575e+03 8.603178e+03 8.592351e+03
8.629835e+03 8.592318e+03 8.608055e+03 8.614099e+03
8.641704e+03 8.593347e+03 8.607343e+03 8.627708e+03
8.651088e+03 8.594277e+03 8.606429e+03 8.638936e+03
8.682175e+03 8.594957e+03 8.610698e+03 8.666434e+03
8.650796e+03 8.595387e+03 8.610292e+03 8.635892e+03
8.625233e+03 8.595630e+03 8.601492e+03 8.619371e+03
8.561372e+03 8.595755e+03 8.594980e+03 8.562146e+03
8.558026e+03 8.595814e+03 8.593091e+03 8.560750e+03
8.560876e+03 8.595841e+03 8.593283e+03 8.563434e+03
8.608136e+03 8.595852e+03 8.593982e+03 8.610005e+03
8.635730e+03 8.595857e+03 8.594744e+03 8.636843e+03
8.666170e+03 8.595859e+03 8.594951e+03 8.667078e+03
8.642238e+03 8.595859e+03 8.591870e+03 8.646227e+03
8.598781e+03 8.595859e+03 8.587020e+03 8.607620e+03
8.572914e+03 8.595859e+03 8.583409e+03 8.585364e+03
8.562183e+03 8.595859e+03 8.584733e+03 8.573309e+03
8.607339e+03 8.595859e+03 8.590778e+03 8.612420e+03
8.617261e+03 8.595863e+03 8.592091e+03 8.621033e+03
8.586153e+03 8.598240e+03 8.593803e+03 8.590590e+03
8.577970e+03 8.612214e+03 8.609326e+03 8.580859e+03
8.589984e+03 8.632212e+03 8.631512e+03 8.590685e+03
8.603092e+03 8.638506e+03 8.641096e+03 8.600502e+03
8.596138e+03 8.627280e+03 8.635211e+03 8.588206e+03
8.598103e+03 8.612179e+03 8.623087e+03 8.587196e+03
8.619321e+03 8.601264e+03 8.613147e+03 8.607439e+03
8.656205e+03 8.595157e+03 8.604696e+03 8.646666e+03
8.648249e+03 8.592419e+03 8.594352e+03 8.646316e+03
8.609425e+03 8.591778e+03 8.588123e+03 8.613079e+03
8.598846e+03 8.592287e+03 8.588768e+03 8.602365e+03
8.610969e+03 8.593233e+03 8.595439e+03 8.608763e+03
8.597288e+03 8.594163e+03 8.599383e+03 8.592067e+03
8.574190e+03 8.594872e+03 8.599294e+03 8.569769e+03
8.572405e+03 8.595334e+03 8.598076e+03 8.569663e+03
8.605598e+03 8.595600e+03 8.597106e+03 8.604092e+03
8.683582e+03 8.595740e+03 8.596551e+03 8.682771e+03
8.668229e+03 8.595807e+03 8.597429e+03 8.666606e+03
8.615273e+03 8.595838e+03 8.600307e+03 8.610804e+03
8.558032e+03 8.595851e+03 8.603901e+03 8.549982e+03
8.554735e+03 8.595857e+03 8.607116e+03 8.543475e+03
8.579770e+03 8.595859e+03 8.605334e+03 8.570295e+03
8.620281e+03 8.595859e+03 8.600211e+03 8.615930e+03
8.592332e+03 8.595859e+03 8.593106e+03 8.595085e+03
8.568310e+03 8.595859e+03 8.588866e+03 8.575303e+03
8.553172e+03 8.595859e+03 8.591592e+03 8.557439e+03
8.570643e+03 8.595859e+03 8.600189e+03 8.566313e+03
8.598021e+03 8.595859e+03 8.601815e+03 8.592066e+03
8.655235e+03 8.595859e+03 8.597182e+03 8.653912e+03
8.600831e+03 8.595859e+03 8.594810e+03 8.601880e+03
8.641884e+03 8.595859e+03 8.594855e+03 8.642888e+03
8.599039e+03 8.595859e+03 8.595414e+03 8.599484e+03
8.578328e+03 8.595859e+03 8.595833e+03 8.578355e+03
8.534561e+03 8.595859e+03 8.595446e+03 8.534975e+03
8.520109e+03 8.595859e+03 8.592001e+03 8.523967e+03
8.550782e+03 8.595859e+03 8.587372e+03 8.559270e+03
8.552005e+03 8.595859e+03 8.584678e+03 8.563186e+03
8.538455e+03 8.595859e+03 8.586942e+03 8.547372e+03
8.555892e+03 8.595859e+03 8.591139e+03 8.560612e+03
8.576057e+03 8.595859e+03 8.594003e+03 8.577913e+03
8.615633e+03 8.595859e+03 8.594754e+03 8.616739e+03
8.600341e+03 8.595859e+03 8.593165e+03 8.603035e+03
8.595701e+03 8.595859e+03 8.589914e+03 8.601646e+03
8.580886e+03 8.595859e+03 8.590131e+03 8.586614e+03
8.599203e+03 8.595859e+03 8.592681e+03 8.602382e+03
8.601246e+03 8.595859e+03 8.595007e+03 8.602098e+03
8.645130e+03 8.595859e+03 8.596402e+03 8.644588e+03
8.641209e+03 8.595859e+03 8.597073e+03 8.639995e+03
8.624489e+03 8.595859e+03 8.598058e+03 8.622290e+03
8.618223e+03 8.595859e+03 8.603789e+03 8.610293e+03
8.642079e+03 8.595859e+03 8.612979e+03 8.624959e+03
8.662019e+03 8.595859e+03 8.615726e+03 8.642153e+03
8.631894e+03 8.596834e+03 8.607937e+03 8.620791e+03
8.591155e+03 8.607450e+03 8.610000e+03 8.588606e+03
8.590315e+03 8.627551e+03 8.626541e+03 8.591325e+03
8.614997e+03 8.638943e+03 8.638103e+03 8.615837e+03
8.620449e+03 8.631687e+03 8.635434e+03 8.616702e+03
8.663294e+03 8.625257e+03 8.631474e+03 8.657077e+03
8.684300e+03 8.625934e+03 8.630002e+03 8.680232e+03
8.656073e+03 8.618993e+03 8.616884e+03 8.658182e+03
8.600524e+03 8.607385e+03 8.601699e+03 8.606209e+03
8.564511e+03 8.598431e+03 8.592867e+03 8.570074e+03
8.565851e+03 8.593730e+03 8.592968e+03 8.566613e+03
8.565327e+03 8.592003e+03 8.596996e+03 8.560334e+03
8.554724e+03 8.591899e+03 8.597902e+03 8.548722e+03
8.573288e+03 8.592561e+03 8.595327e+03 8.570521e+03
8.596533e+03 8.593465e+03 8.589530e+03 8.600468e+03
8.568781e+03 8.594305e+03 8.584532e+03 8.578554e+03
8.577893e+03 8.594943e+03 8.582029e+03 8.590806e+03
8.525367e+03 8.595363e+03 8.586499e+03 8.534230e+03
8.540672e+03 8.595610e+03 8.597898e+03 8.538384e+03
8.585059e+03 8.595742e+03 8.608066e+03 8.572734e+03
8.568741e+03 8.595808e+03 8.611890e+03 8.552660e+03
8.561215e+03 8.595838e+03 8.613299e+03 8.543754e+03
8.555092e+03 8.595851e+03 8.615070e+03 8.535873e+03
8.585900e+03 8.595856e+03 8.615000e+03 8.566756e+03
8.619256e+03 8.595858e+03 8.610037e+03 8.605077e+03
8.614174e+03 8.595859e+03 8.603311e+03 8.606723e+03
8.606088e+03 8.595859e+03 8.598311e+03 8.603637e+03
8.597226e+03 8.595859e+03 8.595619e+03 8.597467e+03
8.622004e+03 8.595859e+03 8.594551e+03 8.623312e+03
8.658167e+03 8.595859e+03 8.594416e+03 8.659610e+03
8.617146e+03 8.595859e+03 8.594788e+03 8.618217e+03
8.576544e+03 8.595859e+03 8.596480e+03 8.575923e+03
8.541930e+03 8.595859e+03 8.600087e+03 8.537703e+03
8.553727e+03 8.595859e+03 8.602720e+03 8.546866e+03
8.569937e+03 8.595859e+03 8.598832e+03 8.566964e+03
8.630668e+03 8.595859e+03 8.593168e+03 8.633359e+03
8.626355e+03 8.595859e+03 8.590797e+03 8.631417e+03
8.586462e+03 8.595859e+03 8.590521e+03 8.591800e+03
8.561237e+03 8.595859e+03 8.588522e+03 8.568575e+03
8.567134e+03 8.595859e+03 8.587382e+03 8.575611e+03
8.562701e+03 8.595859e+03 8.589802e+03 8.568758e+03
8.567229e+03 8.595859e+03 8.593138e+03 8.569950e+03
8.574418e+03 8.595859e+03 8.594990e+03 8.575288e+03
8.564619e+03 8.595859e+03 8.592840e+03 8.567638e+03
8.582990e+03 8.595859e+03 8.588615e+03 8.590234e+03
8.634496e+03 8.595859e+03 8.585564e+03 8.644792e+03
8.662150e+03 8.595859e+03 8.585433e+03 8.672576e+03
8.633704e+03 8.595859e+03 8.585004e+03 8.644559e+03
8.602829e+03 8.595859e+03 8.583738e+03 8.614951e+03
8.562082e+03 8.595859e+03 8.585318e+03 8.572624e+03
8.558087e+03 8.595859e+03 8.589871e+03 8.564076e+03
8.538892e+03 8.595859e+03 8.593464e+03 8.541287e+03
8.586299e+03 8.595859e+03 8.592443e+03 8.589715e+03
8.594655e+03 8.595859e+03 8.588818e+03 8.601697e+03
8.583421e+03 8.595859e+03 8.586297e+03 8.592983e+03
8.539963e+03 8.595859e+03 8.588573e+03 8.547250e+03
8.530979e+03 8.595859e+03 8.594400e+03 8.532438e+03
8.565172e+03 8.595859e+03 8.600531e+03 8.560501e+03
8.645524e+03 8.595859e+03 8.606138e+03 8.635245e+03
8.622825e+03 8.595859e+03 8.608565e+03 8.610120e+03
8.584197e+03 8.595859e+03 8.605948e+03 8.574108e+03
8.588836e+03 8.595859e+03 8.602766e+03 8.581929e+03
8.572948e+03 8.595859e+03 8.602575e+03 8.566233e+03
8.589156e+03 8.595859e+03 8.603533e+03 8.581483e+03
8.643951e+03 8.595859e+03 8.599663e+03 8.640148e+03
8.669650e+03 8.595859e+03 8.595970e+03 8.669539e+03
8.625157e+03 8.595859e+03 8.602186e+03 8.618830e+03
8.585306e+03 8.595859e+03 8.611314e+03 8.569851e+03
8.580088e+03 8.595859e+03 8.609769e+03 8.566179e+03
8.555947e+03 8.595859e+03 8.600996e+03 8.550810e+03
8.547287e+03 8.595859e+03 8.595669e+03 8.547477e+03
8.553325e+03 8.595859e+03 8.594219e+03 8.554965e+03
8.576209e+03 8.595859e+03 8.594232e+03 8.577836e+03
8.570234e+03 8.595859e+03 8.594424e+03 8.571670e+03
8.562999e+03 8.595859e+03 8.593957e+03 8.564901e+03
8.555865e+03 8.595859e+03 8.592877e+03 8.558848e+03
8.563477e+03 8.595859e+03 8.589536e+03 8.569801e+03
8.601350e+03 8.595859e+03 8.588270e+03 8.608940e+03
8.636135e+03 8.595859e+03 8.590551e+03 8.641443e+03
8.669307e+03 8.595859e+03 8.593486e+03 8.671680e+03
8.635034e+03 8.595859e+03 8.595264e+03 8.635630e+03
8.592607e+03 8.595859e+03 8.595321e+03 8.593145e+03
8.572101e+03 8.595859e+03 8.595964e+03 8.571995e+03
8.584231e+03 8.595859e+03 8.600801e+03 8.579290e+03
8.588020e+03 8.595859e+03 8.602484e+03 8.581395e+03
8.636745e+03 8.595859e+03 8.596761e+03 8.635844e+03
8.622868e+03 8.595859e+03 8.589370e+03 8.629358e+03
8.611552e+03 8.595859e+03 8.584261e+03 8.623150e+03
8.589854e+03 8.595859e+03 8.584353e+03 8.601361e+03
8.560466e+03 8.595859e+03 8.589176e+03 8.567149e+03
8.566218e+03 8.595859e+03 8.596217e+03 8.565860e+03
8.569361e+03 8.595859e+03 8.602024e+03 8.563196e+03
8.597289e+03 8.595859e+03 8.600998e+03 8.592150e+03
8.633570e+03 8.596063e+03 8.595949e+03 8.633683e+03
8.637522e+03 8.602619e+03 8.600464e+03 8.639678e+03
8.657454e+03 8.620230e+03 8.618630e+03 8.659054e+03
8.684963e+03 8.629971e+03 8.627629e+03 8.687305e+03
8.669824e+03 8.622994e+03 8.617223e+03 8.675594e+03
8.608745e+03 8.610786e+03 8.603227e+03 8.616305e+03
8.580725e+03 8.601458e+03 8.592065e+03 8.590118e+03
8.557307e+03 8.596069e+03 8.584392e+03 8.568985e+03
8.555409e+03 8.593502e+03 8.581818e+03 8.567092e+03
8.570088e+03 8.592723e+03 8.581649e+03 8.581162e+03
8.597131e+03 8.592977e+03 8.581086e+03 8.609022e+03
8.577220e+03 8.593675e+03 8.580786e+03 8.590109e+03
8.567402e+03 8.594417e+03 8.582983e+03 8.578835e+03
8.560665e+03 8.595006e+03 8.588241e+03 8.567430e+03
8.583497e+03 8.596168e+03 8.593992e+03 8.585673e+03
8.630333e+03 8.606252e+03 8.606939e+03 8.629646e+03
8.655361e+03 8.626310e+03 8.628317e+03 8.653354e+03
8.669414e+03 8.638802e+03 8.640456e+03 8.667760e+03
8.719247e+03 8.631867e+03 8.629360e+03 8.721755e+03
8.676784e+03 8.616645e+03 8.611107e+03 8.682321e+03
8.629108e+03 8.604122e+03 8.597917e+03 8.635313e+03
8.557121e+03 8.596642e+03 8.588453e+03 8.565310e+03
8.536433e+03 8.593002e+03 8.585297e+03 8.544137e+03
8.520935e+03 8.591816e+03 8.587276e+03 8.525475e+03
8.558510e+03 8.592337e+03 8.590891e+03 8.559956e+03
8.566299e+03 8.600464e+03 8.600938e+03 8.565825e+03
8.617195e+03 8.620313e+03 8.621695e+03 8.615813e+03
8.640587e+03 8.636767e+03 8.638105e+03 8.639250e+03
8.656649e+03 8.633799e+03 8.631569e+03 8.658880e+03
8.649167e+03 8.619363e+03 8.614050e+03 8.654480e+03
8.602329e+03 8.606061e+03 8.601553e+03 8.606837e+03
