8.395861e+03 8.322088e+03 8.323165e+03 8.394783e+03
8.355687e+03 8.322088e+03 8.323165e+03 8.354610e+03
8.324971e+03 8.322088e+03 8.323165e+03 8.323893e+03
8.375920e+03 8.322088e+03 8.322806e+03 8.375201e+03
8.368187e+03 8.322088e+03 8.319891e+03 8.370384e+03
8.351523e+03 8.322098e+03 8.315042e+03 8.358579e+03
8.325961e+03 8.328507e+03 8.319244e+03 8.335224e+03
8.346557e+03 8.350388e+03 8.343532e+03 8.353413e+03
8.381653e+03 8.357429e+03 8.355300e+03 8.383782e+03
8.371406e+03 8.347262e+03 8.349704e+03 8.368964e+03
8.328536e+03 8.334730e+03 8.342271e+03 8.320994e+03
8.326964e+03 8.326196e+03 8.343452e+03 8.309708e+03
8.365141e+03 8.321515e+03 8.341005e+03 8.345651e+03
8.349720e+03 8.319398e+03 8.329611e+03 8.339506e+03
8.329774e+03 8.318917e+03 8.311208e+03 8.337484e+03
8.309569e+03 8.326748e+03 8.307159e+03 8.329158e+03
8.336191e+03 8.349384e+03 8.331321e+03 8.354254e+03
8.355727e+03 8.355860e+03 8.342192e+03 8.369395e+03
8.376503e+03 8.346591e+03 8.330132e+03 8.392961e+03
8.351163e+03 8.350610e+03 8.334152e+03 8.367621e+03
8.314810e+03 8.360326e+03 8.350004e+03 8.325133e+03
8.254203e+03 8.352789e+03 8.349038e+03 8.257954e+03
8.301474e+03 8.338045e+03 8.337135e+03 8.302384e+03
8.344365e+03 8.326866e+03 8.324148e+03 8.347083e+03
8.346881e+03 8.329318e+03 8.325029e+03 8.351171e+03
8.353256e+03 8.348535e+03 8.345624e+03 8.356167e+03
8.316345e+03 8.352487e+03 8.351738e+03 8.317095e+03
8.273836e+03 8.341940e+03 8.340994e+03 8.274782e+03
8.298129e+03 8.334901e+03 8.331918e+03 8.301112e+03
8.364498e+03 8.349094e+03 8.346203e+03 8.367390e+03
8.363219e+03 8.355807e+03 8.353842e+03 8.365184e+03
8.317761e+03 8.345739e+03 8.341945e+03 8.321556e+03
8.288707e+03 8.337037e+03 8.331025e+03 8.294719e+03
8.333273e+03 8.349750e+03 8.344265e+03 8.338759e+03
8.361991e+03 8.355727e+03 8.346347e+03 8.371371e+03
8.345598e+03 8.345385e+03 8.324894e+03 8.366088e+03
8.317504e+03 8.336229e+03 8.308692e+03 8.345042e+03
8.353167e+03 8.348742e+03 8.326466e+03 8.375443e+03
8.335195e+03 8.355439e+03 8.344223e+03 8.346411e+03
8.304789e+03 8.345530e+03 8.344297e+03 8.306022e+03
8.279390e+03 8.335103e+03 8.339941e+03 8.274552e+03
8.344847e+03 8.346313e+03 8.352954e+03 8.338207e+03
8.367910e+03 8.355441e+03 8.361179e+03 8.362172e+03
8.346724e+03 8.346999e+03 8.348786e+03 8.344937e+03
8.294686e+03 8.333948e+03 8.329566e+03 8.299068e+03
8.276522e+03 8.329434e+03 8.321286e+03 8.284670e+03
8.327565e+03 8.346197e+03 8.339268e+03 8.334493e+03
8.384965e+03 8.353972e+03 8.350358e+03 8.388579e+03
8.368523e+03 8.344729e+03 8.343910e+03 8.369341e+03
8.323731e+03 8.332573e+03 8.333457e+03 8.322848e+03
8.314975e+03 8.324464e+03 8.326324e+03 8.313115e+03
8.324341e+03 8.320297e+03 8.325403e+03 8.319235e+03
8.332149e+03 8.318719e+03 8.330790e+03 8.320078e+03
8.324047e+03 8.328714e+03 8.343925e+03 8.308836e+03
8.340141e+03 8.350584e+03 8.362512e+03 8.328212e+03
8.363049e+03 8.354023e+03 8.360784e+03 8.356289e+03
8.370060e+03 8.343161e+03 8.343858e+03 8.369362e+03
8.315521e+03 8.332339e+03 8.326620e+03 8.321240e+03
8.334728e+03 8.339406e+03 8.331484e+03 8.342651e+03
8.335861e+03 8.354679e+03 8.348764e+03 8.341776e+03
8.306307e+03 8.351525e+03 8.348564e+03 8.309268e+03
8.293807e+03 8.338739e+03 8.337064e+03 8.295482e+03
8.345727e+03 8.328109e+03 8.323896e+03 8.349940e+03
8.354293e+03 8.322051e+03 8.314102e+03 8.362242e+03
8.353489e+03 8.319243e+03 8.316579e+03 8.356153e+03
8.360396e+03 8.318381e+03 8.327899e+03 8.350877e+03
8.354740e+03 8.318639e+03 8.331651e+03 8.341728e+03
8.312314e+03 8.319419e+03 8.329215e+03 8.302518e+03
8.332588e+03 8.320285e+03 8.325986e+03 8.326887e+03
8.310258e+03 8.320999e+03 8.322039e+03 8.309217e+03
8.292290e+03 8.321489e+03 8.320409e+03 8.293369e+03
8.301156e+03 8.321784e+03 8.329507e+03 8.293433e+03
8.307613e+03 8.321944e+03 8.335050e+03 8.294507e+03
8.302710e+03 8.322025e+03 8.330997e+03 8.293738e+03
8.334698e+03 8.322168e+03 8.322754e+03 8.334111e+03
8.375206e+03 8.332393e+03 8.327871e+03 8.379728e+03
8.406474e+03 8.353685e+03 8.349036e+03 8.411123e+03
8.399640e+03 8.356262e+03 8.353395e+03 8.402506e+03
8.354906e+03 8.344589e+03 8.343424e+03 8.356071e+03
8.296180e+03 8.332660e+03 8.332710e+03 8.296130e+03
8.279407e+03 8.324995e+03 8.325825e+03 8.278577e+03
8.271207e+03 8.320923e+03 8.322172e+03 8.269957e+03
8.308017e+03 8.319193e+03 8.321233e+03 8.305977e+03
8.367858e+03 8.318924e+03 8.325808e+03 8.360974e+03
8.388468e+03 8.320955e+03 8.334360e+03 8.375064e+03
8.396523e+03 8.339823e+03 8.353532e+03 8.382815e+03
8.347644e+03 8.356262e+03 8.361317e+03 8.342588e+03
8.287170e+03 8.354175e+03 8.345712e+03 8.295633e+03
8.330980e+03 8.361341e+03 8.348105e+03 8.344216e+03
8.375294e+03 8.364616e+03 8.354097e+03 8.385813e+03
8.347814e+03 8.351813e+03 8.342707e+03 8.356921e+03
8.305831e+03 8.335882e+03 8.325513e+03 8.316199e+03
8.311133e+03 8.325034e+03 8.319359e+03 8.316808e+03
8.339578e+03 8.319516e+03 8.326362e+03 8.332731e+03
8.323695e+03 8.317451e+03 8.321954e+03 8.319192e+03
8.306813e+03 8.317348e+03 8.305866e+03 8.318295e+03
8.312488e+03 8.324600e+03 8.302792e+03 8.334296e+03
8.391020e+03 8.347612e+03 8.329089e+03 8.409542e+03
8.391616e+03 8.355672e+03 8.346303e+03 8.400985e+03
8.347849e+03 8.346254e+03 8.347707e+03 8.346396e+03
8.321763e+03 8.334198e+03 8.349372e+03 8.306589e+03
8.339673e+03 8.325935e+03 8.345296e+03 8.320312e+03
8.351852e+03 8.321396e+03 8.336188e+03 8.337060e+03
8.323225e+03 8.319346e+03 8.328102e+03 8.314469e+03
8.267427e+03 8.318874e+03 8.323217e+03 8.263084e+03
8.315218e+03 8.319292e+03 8.320788e+03 8.313722e+03
8.385229e+03 8.320048e+03 8.315335e+03 8.389942e+03
8.427049e+03 8.320784e+03 8.303732e+03 8.444101e+03
8.388862e+03 8.321337e+03 8.303081e+03 8.407119e+03
8.339153e+03 8.321693e+03 8.318366e+03 8.342479e+03
8.288869e+03 8.321895e+03 8.328675e+03 8.282089e+03
8.298040e+03 8.323967e+03 8.333027e+03 8.288980e+03
8.345806e+03 8.343015e+03 8.350676e+03 8.338145e+03
8.372429e+03 8.357639e+03 8.362974e+03 8.367094e+03
8.340240e+03 8.351656e+03 8.354027e+03 8.337869e+03
8.285349e+03 8.339671e+03 8.337654e+03 8.287365e+03
8.260994e+03 8.346192e+03 8.342105e+03 8.265080e+03
8.328103e+03 8.357650e+03 8.354503e+03 8.331250e+03
8.365792e+03 8.351130e+03 8.349747e+03 8.367176e+03
8.376261e+03 8.337317e+03 8.337319e+03 8.376259e+03
8.423528e+03 8.326792e+03 8.327644e+03 8.422676e+03
8.399580e+03 8.321089e+03 8.322384e+03 8.398284e+03
8.394513e+03 8.318635e+03 8.321018e+03 8.392130e+03
8.318421e+03 8.318245e+03 8.325533e+03 8.311134e+03
8.304724e+03 8.330094e+03 8.340842e+03 8.293976e+03
8.324299e+03 8.351801e+03 8.360861e+03 8.315239e+03
8.318096e+03 8.354058e+03 8.359641e+03 8.312512e+03
8.308257e+03 8.342783e+03 8.345675e+03 8.305365e+03
8.303642e+03 8.331537e+03 8.333474e+03 8.301705e+03
8.319281e+03 8.324502e+03 8.327214e+03 8.316568e+03
8.366506e+03 8.330953e+03 8.334165e+03 8.363295e+03
8.354741e+03 8.350689e+03 8.353278e+03 8.352152e+03
8.337555e+03 8.353089e+03 8.354798e+03 8.335846e+03
8.317160e+03 8.341970e+03 8.343091e+03 8.316039e+03
8.298299e+03 8.330820e+03 8.331654e+03 8.297466e+03
8.283070e+03 8.323853e+03 8.324585e+03 8.282338e+03
8.334005e+03 8.320281e+03 8.321019e+03 8.333268e+03
8.351500e+03 8.318862e+03 8.319301e+03 8.351061e+03
8.322732e+03 8.318765e+03 8.316562e+03 8.324936e+03
8.289270e+03 8.319376e+03 8.312830e+03 8.295815e+03
8.325101e+03 8.326597e+03 8.318147e+03 8.333550e+03
8.376866e+03 8.349200e+03 8.342658e+03 8.383408e+03
8.405764e+03 8.356760e+03 8.351042e+03 8.411482e+03
8.354449e+03 8.346916e+03 8.338934e+03 8.362432e+03
8.309075e+03 8.334565e+03 8.327376e+03 8.316263e+03
8.281679e+03 8.326121e+03 8.330965e+03 8.276834e+03
8.280568e+03 8.321485e+03 8.332379e+03 8.269674e+03
8.344472e+03 8.323982e+03 8.330594e+03 8.337860e+03
8.403750e+03 8.344939e+03 8.347297e+03 8.401392e+03
8.426403e+03 8.354987e+03 8.356204e+03 8.425185e+03
8.404113e+03 8.346736e+03 8.349166e+03 8.401682e+03
8.369237e+03 8.334691e+03 8.344582e+03 8.359346e+03
8.360164e+03 8.326201e+03 8.343840e+03 8.342525e+03
8.333312e+03 8.321504e+03 8.337417e+03 8.317398e+03
8.315043e+03 8.319350e+03 8.331346e+03 8.303048e+03
8.340089e+03 8.318829e+03 8.332408e+03 8.326510e+03
8.380700e+03 8.326637e+03 8.341530e+03 8.365807e+03
8.382570e+03 8.349278e+03 8.360330e+03 8.371518e+03
8.330709e+03 8.355778e+03 8.360578e+03 8.325909e+03
8.307724e+03 8.345695e+03 8.344243e+03 8.309175e+03
8.337018e+03 8.333693e+03 8.336548e+03 8.334164e+03
8.372428e+03 8.325628e+03 8.336611e+03 8.361445e+03
8.355423e+03 8.321240e+03 8.330130e+03 8.346533e+03
8.312983e+03 8.319291e+03 8.324877e+03 8.307397e+03
8.276597e+03 8.318883e+03 8.330974e+03 8.264506e+03
8.291573e+03 8.319331e+03 8.333646e+03 8.277258e+03
8.338330e+03 8.320094e+03 8.330137e+03 8.328287e+03
8.351824e+03 8.320821e+03 8.325880e+03 8.346765e+03
8.322349e+03 8.321363e+03 8.323219e+03 8.320493e+03
8.285516e+03 8.321708e+03 8.321968e+03 8.285256e+03
8.329963e+03 8.321903e+03 8.321557e+03 8.330309e+03
8.385657e+03 8.322004e+03 8.321431e+03 8.386230e+03
8.376241e+03 8.322052e+03 8.316885e+03 8.381408e+03
8.358675e+03 8.322073e+03 8.304633e+03 8.376116e+03
8.303461e+03 8.323815e+03 8.296216e+03 8.331059e+03
8.265757e+03 8.342378e+03 8.317375e+03 8.290761e+03
8.283783e+03 8.357556e+03 8.343165e+03 8.298174e+03
8.362961e+03 8.352005e+03 8.348332e+03 8.366634e+03
8.400447e+03 8.340558e+03 8.343966e+03 8.397039e+03
8.370250e+03 8.348464e+03 8.354499e+03 8.364215e+03
8.328742e+03 8.358242e+03 8.364069e+03 8.322915e+03
8.324678e+03 8.350207e+03 8.354838e+03 8.320046e+03
8.305769e+03 8.336247e+03 8.339602e+03 8.302414e+03
8.306965e+03 8.326071e+03 8.329098e+03 8.303938e+03
8.284506e+03 8.320792e+03 8.327706e+03 8.277591e+03
8.253835e+03 8.328762e+03 8.339094e+03 8.243503e+03
8.258606e+03 8.349621e+03 8.358592e+03 8.249635e+03
8.346613e+03 8.352738e+03 8.361001e+03 8.338349e+03
8.402079e+03 8.344779e+03 8.355609e+03 8.391248e+03
8.421737e+03 8.353905e+03 8.364095e+03 8.411546e+03
8.400901e+03 8.359744e+03 8.366298e+03 8.394347e+03
8.357705e+03 8.348904e+03 8.352066e+03 8.354542e+03
8.308723e+03 8.334491e+03 8.336474e+03 8.306741e+03
8.282331e+03 8.324858e+03 8.330679e+03 8.276509e+03
8.305603e+03 8.331285e+03 8.340367e+03 8.296521e+03
8.367493e+03 8.350231e+03 8.357883e+03 8.359841e+03
8.378062e+03 8.351455e+03 8.355121e+03 8.374397e+03
8.313573e+03 8.340215e+03 8.333680e+03 8.320108e+03
8.254296e+03 8.329520e+03 8.310593e+03 8.273223e+03
8.288923e+03 8.323035e+03 8.309580e+03 8.302379e+03
8.371291e+03 8.319823e+03 8.320822e+03 8.370292e+03
8.387539e+03 8.318644e+03 8.325511e+03 8.380673e+03
8.344965e+03 8.318692e+03 8.321402e+03 8.342255e+03
8.297791e+03 8.319365e+03 8.308451e+03 8.308705e+03
8.258684e+03 8.320916e+03 8.296680e+03 8.282920e+03
8.255824e+03 8.337129e+03 8.312040e+03 8.280914e+03
8.340398e+03 8.355903e+03 8.338321e+03 8.357980e+03
8.376916e+03 8.353599e+03 8.341333e+03 8.389183e+03
8.388443e+03 8.341760e+03 8.331706e+03 8.398496e+03
8.375457e+03 8.346403e+03 8.339683e+03 8.382178e+03
8.389794e+03 8.358095e+03 8.355788e+03 8.392101e+03
8.367375e+03 8.352127e+03 8.353104e+03 8.366398e+03
8.320140e+03 8.338125e+03 8.340696e+03 8.317569e+03
8.301283e+03 8.327188e+03 8.330197e+03 8.298275e+03
8.329836e+03 8.321201e+03 8.324331e+03 8.326705e+03
8.354997e+03 8.318610e+03 8.322665e+03 8.350941e+03
8.325367e+03 8.321100e+03 8.326073e+03 8.320394e+03
8.300785e+03 8.342026e+03 8.346479e+03 8.296331e+03
8.286475e+03 8.355112e+03 8.358266e+03 8.283321e+03
8.261085e+03 8.348425e+03 8.350457e+03 8.259053e+03
8.322679e+03 8.336230e+03 8.337570e+03 8.321339e+03
8.386739e+03 8.327169e+03 8.328503e+03 8.385405e+03
8.419477e+03 8.322020e+03 8.324607e+03 8.416890e+03
8.368928e+03 8.319571e+03 8.325561e+03 8.362939e+03
8.307383e+03 8.318845e+03 8.334224e+03 8.292004e+03
8.261903e+03 8.319134e+03 8.338734e+03 8.242303e+03
8.296634e+03 8.319862e+03 8.340254e+03 8.276242e+03
8.340433e+03 8.323737e+03 8.343883e+03 8.320287e+03
8.380427e+03 8.344814e+03 8.360004e+03 8.365237e+03
8.416077e+03 8.357398e+03 8.365619e+03 8.407856e+03
8.384858e+03 8.350017e+03 8.349885e+03 8.384991e+03
8.323384e+03 8.337209e+03 8.322906e+03 8.337687e+03
8.275407e+03 8.328215e+03 8.300484e+03 8.303138e+03
8.247590e+03 8.337144e+03 8.308629e+03 8.276105e+03
8.275822e+03 8.353672e+03 8.334518e+03 8.294977e+03
8.288818e+03 8.351332e+03 8.340742e+03 8.299408e+03
8.283977e+03 8.339077e+03 8.331141e+03 8.291913e+03
8.320232e+03 8.337683e+03 8.331175e+03 8.326739e+03
8.363639e+03 8.353229e+03 8.350069e+03 8.366799e+03
8.392062e+03 8.354138e+03 8.356251e+03 8.389949e+03
8.405960e+03 8.343368e+03 8.352667e+03 8.396661e+03
8.383270e+03 8.349516e+03 8.361205e+03 8.371581e+03
8.355557e+03 8.358064e+03 8.367807e+03 8.345815e+03
8.318428e+03 8.349562e+03 8.360556e+03 8.307434e+03
8.342086e+03 8.336797e+03 8.351914e+03 8.326968e+03
8.390601e+03 8.344242e+03 8.358539e+03 8.376304e+03
8.384318e+03 8.355234e+03 8.364528e+03 8.375024e+03
8.329387e+03 8.348525e+03 8.353055e+03 8.324856e+03
8.283310e+03 8.335339e+03 8.336741e+03 8.281908e+03
8.281474e+03 8.325574e+03 8.323174e+03 8.283874e+03
8.295691e+03 8.320419e+03 8.312730e+03 8.303380e+03
8.293907e+03 8.322115e+03 8.311470e+03 8.304552e+03
8.354464e+03 8.342776e+03 8.334146e+03 8.363095e+03
8.429382e+03 8.354274e+03 8.350443e+03 8.433213e+03
8.445697e+03 8.352338e+03 8.352886e+03 8.445149e+03
8.439936e+03 8.362125e+03 8.364653e+03 8.437409e+03
8.378146e+03 8.361878e+03 8.364704e+03 8.375319e+03
8.320632e+03 8.347489e+03 8.350011e+03 8.318109e+03
8.262624e+03 8.332618e+03 8.334638e+03 8.260605e+03
8.261556e+03 8.323251e+03 8.323121e+03 8.261687e+03
8.269794e+03 8.318753e+03 8.313777e+03 8.274769e+03
8.290350e+03 8.319006e+03 8.310075e+03 8.299282e+03
8.305139e+03 8.337758e+03 8.329575e+03 8.313322e+03
8.359625e+03 8.353897e+03 8.349227e+03 8.364296e+03
8.388344e+03 8.349480e+03 8.348043e+03 8.389780e+03
