8.605551e+03 8.611149e+03 8.608643e+03 8.608057e+03
8.537521e+03 8.611148e+03 8.608643e+03 8.540027e+03
8.647253e+03 8.611149e+03 8.608642e+03 8.649759e+03
8.634952e+03 8.612632e+03 8.605676e+03 8.641908e+03
8.557397e+03 8.624654e+03 8.581631e+03 8.600421e+03
8.644148e+03 8.644697e+03 8.541556e+03 8.747289e+03
8.543124e+03 8.653805e+03 8.530369e+03 8.666560e+03
8.633296e+03 8.644414e+03 8.572764e+03 8.704946e+03
8.481819e+03 8.629278e+03 8.607691e+03 8.503406e+03
8.562552e+03 8.617729e+03 8.614515e+03 8.565766e+03
8.576090e+03 8.611079e+03 8.611747e+03 8.575422e+03
8.503764e+03 8.607976e+03 8.611269e+03 8.500470e+03
8.426033e+03 8.607126e+03 8.611849e+03 8.421310e+03
8.576657e+03 8.608414e+03 8.609803e+03 8.575268e+03
8.694570e+03 8.612096e+03 8.603459e+03 8.703208e+03
8.525674e+03 8.614850e+03 8.607222e+03 8.533302e+03
8.527056e+03 8.614640e+03 8.632622e+03 8.509073e+03
8.427145e+03 8.613811e+03 8.641254e+03 8.399701e+03
8.677006e+03 8.614717e+03 8.629036e+03 8.662687e+03
8.754712e+03 8.614923e+03 8.632795e+03 8.736840e+03
8.756682e+03 8.613606e+03 8.645902e+03 8.724386e+03
8.628170e+03 8.612179e+03 8.640573e+03 8.599776e+03
8.626407e+03 8.613063e+03 8.629845e+03 8.609626e+03
8.545491e+03 8.617741e+03 8.628644e+03 8.534588e+03
8.578747e+03 8.620604e+03 8.637572e+03 8.561779e+03
8.668176e+03 8.618693e+03 8.654698e+03 8.632170e+03
8.650518e+03 8.615354e+03 8.651943e+03 8.613929e+03
8.643176e+03 8.615092e+03 8.639378e+03 8.618889e+03
8.615002e+03 8.617373e+03 8.635814e+03 8.596561e+03
8.764367e+03 8.616921e+03 8.650182e+03 8.731106e+03
8.696359e+03 8.615468e+03 8.654454e+03 8.657374e+03
8.737518e+03 8.617811e+03 8.647998e+03 8.707331e+03
8.711326e+03 8.620732e+03 8.644245e+03 8.687813e+03
8.581518e+03 8.619429e+03 8.655056e+03 8.545890e+03
8.566862e+03 8.617388e+03 8.651142e+03 8.533109e+03
8.606377e+03 8.617627e+03 8.627376e+03 8.596627e+03
8.668132e+03 8.617933e+03 8.609905e+03 8.676160e+03
8.628727e+03 8.616043e+03 8.624234e+03 8.620536e+03
8.657106e+03 8.613381e+03 8.634000e+03 8.636488e+03
8.649749e+03 8.611469e+03 8.622511e+03 8.638707e+03
8.583559e+03 8.610505e+03 8.610361e+03 8.583702e+03
8.561627e+03 8.610173e+03 8.625620e+03 8.546180e+03
8.530792e+03 8.611153e+03 8.638288e+03 8.503656e+03
8.558829e+03 8.621847e+03 8.611504e+03 8.569172e+03
8.533590e+03 8.641984e+03 8.559280e+03 8.616293e+03
8.605419e+03 8.653471e+03 8.532547e+03 8.726343e+03
8.422949e+03 8.645843e+03 8.566626e+03 8.502166e+03
8.669110e+03 8.630799e+03 8.605251e+03 8.694658e+03
8.655919e+03 8.618728e+03 8.619067e+03 8.655580e+03
8.549181e+03 8.611604e+03 8.619747e+03 8.541038e+03
8.687090e+03 8.608465e+03 8.618054e+03 8.677501e+03
8.668474e+03 8.613779e+03 8.628224e+03 8.654029e+03
8.600495e+03 8.629165e+03 8.656017e+03 8.573643e+03
8.682040e+03 8.637237e+03 8.679549e+03 8.639728e+03
8.739428e+03 8.631613e+03 8.688441e+03 8.682600e+03
8.724980e+03 8.622813e+03 8.668488e+03 8.679306e+03
8.726249e+03 8.625402e+03 8.620643e+03 8.731008e+03
8.608088e+03 8.639082e+03 8.563877e+03 8.683293e+03
8.559747e+03 8.642177e+03 8.557214e+03 8.644710e+03
8.619595e+03 8.632195e+03 8.591592e+03 8.660197e+03
8.595870e+03 8.620756e+03 8.612035e+03 8.604591e+03
8.525379e+03 8.617217e+03 8.607512e+03 8.535083e+03
8.532015e+03 8.629506e+03 8.573780e+03 8.587741e+03
8.617365e+03 8.646859e+03 8.534395e+03 8.729829e+03
8.663630e+03 8.649229e+03 8.528057e+03 8.784802e+03
8.514583e+03 8.636880e+03 8.552866e+03 8.598596e+03
8.596665e+03 8.623061e+03 8.581187e+03 8.638539e+03
8.539002e+03 8.613833e+03 8.600509e+03 8.552326e+03
8.609687e+03 8.609170e+03 8.611397e+03 8.607460e+03
8.532387e+03 8.609823e+03 8.621115e+03 8.521094e+03
8.689916e+03 8.613329e+03 8.629377e+03 8.673868e+03
8.596405e+03 8.614087e+03 8.628569e+03 8.581923e+03
8.633091e+03 8.612861e+03 8.622347e+03 8.623604e+03
8.595973e+03 8.613771e+03 8.620441e+03 8.589303e+03
8.489923e+03 8.618307e+03 8.626797e+03 8.481433e+03
8.647164e+03 8.620507e+03 8.640583e+03 8.627088e+03
8.743450e+03 8.618150e+03 8.658187e+03 8.703414e+03
8.597954e+03 8.614636e+03 8.653460e+03 8.559130e+03
8.706092e+03 8.612120e+03 8.635386e+03 8.682826e+03
8.637083e+03 8.610766e+03 8.619499e+03 8.628349e+03
8.555811e+03 8.610193e+03 8.609916e+03 8.556087e+03
8.559922e+03 8.610091e+03 8.605238e+03 8.564775e+03
8.580392e+03 8.611624e+03 8.606409e+03 8.585607e+03
8.577312e+03 8.622321e+03 8.627512e+03 8.572121e+03
8.664365e+03 8.636753e+03 8.658608e+03 8.642511e+03
8.711808e+03 8.638091e+03 8.681840e+03 8.668058e+03
8.679979e+03 8.630096e+03 8.679683e+03 8.630393e+03
8.672056e+03 8.622844e+03 8.654125e+03 8.640775e+03
8.627536e+03 8.617109e+03 8.648701e+03 8.595944e+03
8.691333e+03 8.615005e+03 8.643344e+03 8.662994e+03
8.648468e+03 8.626172e+03 8.601502e+03 8.673138e+03
8.561318e+03 8.644927e+03 8.545789e+03 8.660456e+03
8.528661e+03 8.651128e+03 8.523374e+03 8.656416e+03
8.550232e+03 8.640676e+03 8.541080e+03 8.649829e+03
8.563325e+03 8.628214e+03 8.566094e+03 8.625445e+03
8.541593e+03 8.621142e+03 8.581627e+03 8.581108e+03
8.459863e+03 8.616923e+03 8.598882e+03 8.477905e+03
8.566751e+03 8.612901e+03 8.632379e+03 8.547274e+03
8.638263e+03 8.609927e+03 8.644850e+03 8.603340e+03
8.587364e+03 8.608617e+03 8.634425e+03 8.561556e+03
8.598249e+03 8.608505e+03 8.622160e+03 8.584594e+03
8.529541e+03 8.608937e+03 8.614460e+03 8.524018e+03
8.653893e+03 8.609506e+03 8.610071e+03 8.653327e+03
8.561763e+03 8.610030e+03 8.607747e+03 8.564046e+03
8.488931e+03 8.610443e+03 8.606871e+03 8.492503e+03
8.538530e+03 8.610782e+03 8.606813e+03 8.542499e+03
8.528046e+03 8.612143e+03 8.604897e+03 8.535292e+03
8.662680e+03 8.615137e+03 8.599609e+03 8.678207e+03
8.656440e+03 8.616608e+03 8.597302e+03 8.675746e+03
8.679612e+03 8.615404e+03 8.600281e+03 8.694735e+03
8.798302e+03 8.613449e+03 8.602909e+03 8.808842e+03
8.653394e+03 8.611984e+03 8.604446e+03 8.660932e+03
8.588784e+03 8.611147e+03 8.625902e+03 8.574029e+03
8.574277e+03 8.610767e+03 8.644379e+03 8.540665e+03
8.825169e+03 8.611919e+03 8.642583e+03 8.794505e+03
8.685169e+03 8.615941e+03 8.638670e+03 8.662440e+03
8.672297e+03 8.617698e+03 8.649636e+03 8.640359e+03
8.677482e+03 8.616049e+03 8.658771e+03 8.634760e+03
8.678379e+03 8.613682e+03 8.646600e+03 8.645461e+03
8.542233e+03 8.611998e+03 8.627774e+03 8.526457e+03
8.589822e+03 8.611058e+03 8.614089e+03 8.586791e+03
8.610090e+03 8.610628e+03 8.606783e+03 8.613935e+03
8.711998e+03 8.612508e+03 8.607726e+03 8.716780e+03
8.677687e+03 8.623150e+03 8.628508e+03 8.672329e+03
8.660429e+03 8.630921e+03 8.657002e+03 8.634348e+03
8.703048e+03 8.627646e+03 8.674233e+03 8.656461e+03
8.684344e+03 8.620446e+03 8.662298e+03 8.642492e+03
8.668907e+03 8.614786e+03 8.638539e+03 8.645154e+03
8.636790e+03 8.611477e+03 8.617757e+03 8.630511e+03
8.599333e+03 8.609861e+03 8.602306e+03 8.606888e+03
8.636241e+03 8.609325e+03 8.606105e+03 8.639462e+03
8.651140e+03 8.609430e+03 8.629883e+03 8.630687e+03
8.650920e+03 8.609826e+03 8.636381e+03 8.624365e+03
8.663456e+03 8.610266e+03 8.627366e+03 8.646356e+03
8.608898e+03 8.610623e+03 8.617166e+03 8.602355e+03
8.627368e+03 8.610863e+03 8.610624e+03 8.627607e+03
8.624970e+03 8.611006e+03 8.607171e+03 8.628805e+03
8.653096e+03 8.611565e+03 8.606659e+03 8.658002e+03
8.607972e+03 8.615263e+03 8.613769e+03 8.609466e+03
8.586335e+03 8.621215e+03 8.626157e+03 8.581393e+03
8.567651e+03 8.623854e+03 8.639207e+03 8.552299e+03
8.647144e+03 8.621990e+03 8.656302e+03 8.612832e+03
8.782192e+03 8.628000e+03 8.634486e+03 8.775706e+03
8.600700e+03 8.644482e+03 8.576977e+03 8.668205e+03
8.617860e+03 8.653794e+03 8.536971e+03 8.734684e+03
8.593992e+03 8.645689e+03 8.540566e+03 8.699115e+03
8.496407e+03 8.639065e+03 8.547854e+03 8.587618e+03
8.609589e+03 8.639854e+03 8.549355e+03 8.700088e+03
8.473509e+03 8.633250e+03 8.586433e+03 8.520326e+03
8.650645e+03 8.622031e+03 8.619919e+03 8.652756e+03
8.734868e+03 8.613380e+03 8.625599e+03 8.722649e+03
8.671071e+03 8.608869e+03 8.620571e+03 8.659370e+03
8.647794e+03 8.607244e+03 8.616538e+03 8.638500e+03
8.627153e+03 8.607282e+03 8.613983e+03 8.620452e+03
8.675102e+03 8.612612e+03 8.621031e+03 8.666683e+03
8.606762e+03 8.627873e+03 8.648120e+03 8.586514e+03
8.720360e+03 8.638093e+03 8.674116e+03 8.684337e+03
8.718380e+03 8.633797e+03 8.687894e+03 8.664284e+03
8.733352e+03 8.625260e+03 8.676212e+03 8.682399e+03
8.694255e+03 8.621373e+03 8.656296e+03 8.659332e+03
8.643915e+03 8.618383e+03 8.636765e+03 8.625534e+03
8.649814e+03 8.614685e+03 8.620434e+03 8.644065e+03
8.668878e+03 8.614545e+03 8.615115e+03 8.668309e+03
8.653529e+03 8.616291e+03 8.616306e+03 8.653514e+03
8.679173e+03 8.615388e+03 8.614184e+03 8.680377e+03
8.563734e+03 8.613126e+03 8.610126e+03 8.566735e+03
8.648221e+03 8.611383e+03 8.607263e+03 8.652341e+03
8.585950e+03 8.610495e+03 8.606080e+03 8.590365e+03
8.593212e+03 8.610180e+03 8.605921e+03 8.597471e+03
8.611736e+03 8.610183e+03 8.606247e+03 8.615672e+03
8.545123e+03 8.610346e+03 8.606771e+03 8.548699e+03
8.505150e+03 8.610612e+03 8.607230e+03 8.508532e+03
8.745095e+03 8.611990e+03 8.605356e+03 8.751728e+03
8.786507e+03 8.615199e+03 8.599599e+03 8.802108e+03
8.663459e+03 8.617836e+03 8.596659e+03 8.684636e+03
8.623669e+03 8.617330e+03 8.618215e+03 8.622783e+03
8.690789e+03 8.614975e+03 8.637955e+03 8.667808e+03
8.652140e+03 8.612811e+03 8.631545e+03 8.633406e+03
8.744891e+03 8.611454e+03 8.617680e+03 8.738665e+03
8.735275e+03 8.610764e+03 8.628492e+03 8.717548e+03
8.633664e+03 8.610509e+03 8.643428e+03 8.600745e+03
8.654176e+03 8.610513e+03 8.638048e+03 8.626640e+03
8.589687e+03 8.610642e+03 8.624653e+03 8.575676e+03
8.623142e+03 8.612322e+03 8.617329e+03 8.618135e+03
8.568487e+03 8.622331e+03 8.631433e+03 8.559385e+03
8.681946e+03 8.630622e+03 8.656380e+03 8.656189e+03
8.568046e+03 8.628121e+03 8.673818e+03 8.522349e+03
8.603094e+03 8.626730e+03 8.674080e+03 8.555744e+03
8.632476e+03 8.632253e+03 8.676123e+03 8.588606e+03
8.699359e+03 8.630839e+03 8.683121e+03 8.647077e+03
8.719789e+03 8.622980e+03 8.673700e+03 8.669069e+03
8.735913e+03 8.615660e+03 8.647119e+03 8.704455e+03
8.606340e+03 8.613108e+03 8.626184e+03 8.593264e+03
8.681921e+03 8.621361e+03 8.632114e+03 8.671168e+03
8.464535e+03 8.628371e+03 8.653176e+03 8.439730e+03
8.716782e+03 8.625293e+03 8.667791e+03 8.674284e+03
8.629195e+03 8.618880e+03 8.655430e+03 8.592644e+03
8.631568e+03 8.615723e+03 8.629195e+03 8.618096e+03
8.634885e+03 8.615709e+03 8.606238e+03 8.644356e+03
8.588352e+03 8.614812e+03 8.596045e+03 8.607118e+03
8.567291e+03 8.612756e+03 8.595524e+03 8.584524e+03
8.668752e+03 8.611115e+03 8.598269e+03 8.681598e+03
8.545974e+03 8.611214e+03 8.599691e+03 8.557496e+03
8.633970e+03 8.613873e+03 8.596779e+03 8.651063e+03
8.599409e+03 8.616817e+03 8.593941e+03 8.622285e+03
8.592508e+03 8.616973e+03 8.612432e+03 8.597048e+03
8.624175e+03 8.616447e+03 8.640749e+03 8.599873e+03
8.584883e+03 8.619444e+03 8.652974e+03 8.551352e+03
8.666904e+03 8.623293e+03 8.653295e+03 8.636902e+03
8.656395e+03 8.622544e+03 8.659743e+03 8.619196e+03
8.671411e+03 8.618215e+03 8.664972e+03 8.624654e+03
8.671795e+03 8.614068e+03 8.650139e+03 8.635724e+03
8.629832e+03 8.611485e+03 8.629095e+03 8.612222e+03
8.777348e+03 8.610222e+03 8.613909e+03 8.773661e+03
8.736406e+03 8.609794e+03 8.605142e+03 8.741059e+03
8.682948e+03 8.609843e+03 8.598218e+03 8.694573e+03
8.573000e+03 8.610115e+03 8.597373e+03 8.585742e+03
8.591373e+03 8.610437e+03 8.621283e+03 8.580527e+03
8.595614e+03 8.610710e+03 8.639108e+03 8.567217e+03
8.655791e+03 8.610903e+03 8.634882e+03 8.631812e+03
8.474646e+03 8.611022e+03 8.623445e+03 8.462223e+03
8.671182e+03 8.611088e+03 8.613495e+03 8.668775e+03
8.602803e+03 8.611121e+03 8.604205e+03 8.609719e+03
8.553442e+03 8.611137e+03 8.598241e+03 8.566338e+03
8.617802e+03 8.611153e+03 8.598629e+03 8.630325e+03
8.699489e+03 8.613695e+03 8.607015e+03 8.706169e+03
8.607161e+03 8.626175e+03 8.635055e+03 8.598281e+03
8.590101e+03 8.638980e+03 8.666176e+03 8.562905e+03
8.643467e+03 8.637435e+03 8.686775e+03 8.594127e+03
8.643121e+03 8.627493e+03 8.680818e+03 8.589796e+03
8.743766e+03 8.619110e+03 8.652890e+03 8.709985e+03
8.563225e+03 8.616140e+03 8.621787e+03 8.557577e+03
8.570559e+03 8.616182e+03 8.599926e+03 8.586814e+03
8.454124e+03 8.615212e+03 8.607000e+03 8.462336e+03
8.616040e+03 8.613188e+03 8.628929e+03 8.600299e+03
8.465844e+03 8.617860e+03 8.618984e+03 8.464719e+03
8.421470e+03 8.634401e+03 8.575015e+03 8.480856e+03
8.611469e+03 8.643785e+03 8.556934e+03 8.698320e+03
8.471197e+03 8.637005e+03 8.589418e+03 8.518784e+03
8.583245e+03 8.629473e+03 8.623891e+03 8.588827e+03
8.686523e+03 8.631935e+03 8.653529e+03 8.664929e+03
8.723409e+03 8.630502e+03 8.678128e+03 8.675784e+03
8.647438e+03 8.623855e+03 8.683808e+03 8.587485e+03
8.586145e+03 8.626401e+03 8.682248e+03 8.530298e+03
8.776319e+03 8.636302e+03 8.686786e+03 8.725836e+03
8.693021e+03 8.635954e+03 8.691339e+03 8.637636e+03
8.664069e+03 8.626495e+03 8.681457e+03 8.609107e+03
8.622285e+03 8.617223e+03 8.653187e+03 8.586321e+03
8.665898e+03 8.612284e+03 8.624233e+03 8.653949e+03
8.524757e+03 8.619321e+03 8.587632e+03 8.556446e+03
8.484613e+03 8.638184e+03 8.540222e+03 8.582575e+03
8.427523e+03 8.650658e+03 8.517525e+03 8.560657e+03
8.430216e+03 8.644412e+03 8.554995e+03 8.519632e+03
8.547148e+03 8.630076e+03 8.596946e+03 8.580279e+03
8.558038e+03 8.618308e+03 8.617787e+03 8.558559e+03
8.732744e+03 8.611348e+03 8.644316e+03 8.699776e+03
8.707214e+03 8.608020e+03 8.653858e+03 8.661376e+03
8.623489e+03 8.607000e+03 8.642655e+03 8.587834e+03
8.606031e+03 8.607594e+03 8.626675e+03 8.586951e+03
8.627576e+03 8.615683e+03 8.600999e+03 8.642261e+03
8.574242e+03 8.635362e+03 8.557023e+03 8.652581e+03
8.463393e+03 8.651670e+03 8.524733e+03 8.590330e+03
8.578812e+03 8.648732e+03 8.551083e+03 8.676461e+03
8.556390e+03 8.634433e+03 8.597252e+03 8.593570e+03
8.657801e+03 8.621255e+03 8.618649e+03 8.660407e+03
