1.168584e+03 1.150060e+03 1.151657e+03 1.166988e+03
1.150949e+03 1.150060e+03 1.151657e+03 1.149353e+03
1.164759e+03 1.150060e+03 1.151657e+03 1.163163e+03
1.161104e+03 1.150060e+03 1.151582e+03 1.159582e+03
1.148268e+03 1.150060e+03 1.150981e+03 1.147348e+03
1.151464e+03 1.150061e+03 1.149980e+03 1.151545e+03
1.149302e+03 1.150436e+03 1.150054e+03 1.149684e+03
1.155051e+03 1.151715e+03 1.152185e+03 1.154580e+03
1.161629e+03 1.152126e+03 1.152328e+03 1.161427e+03
1.143922e+03 1.151533e+03 1.150065e+03 1.145389e+03
1.151044e+03 1.151354e+03 1.147636e+03 1.154762e+03
1.151316e+03 1.152895e+03 1.145117e+03 1.159094e+03
1.145379e+03 1.153341e+03 1.145270e+03 1.153450e+03
1.152078e+03 1.152292e+03 1.147236e+03 1.157134e+03
1.145075e+03 1.151086e+03 1.148512e+03 1.147649e+03
1.151498e+03 1.150734e+03 1.149933e+03 1.152299e+03
1.159829e+03 1.151611e+03 1.152824e+03 1.158616e+03
1.149214e+03 1.151786e+03 1.154052e+03 1.146948e+03
1.155357e+03 1.151194e+03 1.153033e+03 1.153518e+03
1.148263e+03 1.151465e+03 1.153192e+03 1.146536e+03
1.142900e+03 1.152103e+03 1.154311e+03 1.140693e+03
1.143630e+03 1.151732e+03 1.154071e+03 1.141290e+03
1.149865e+03 1.150922e+03 1.152998e+03 1.147788e+03
1.154357e+03 1.150302e+03 1.151926e+03 1.152734e+03
1.156655e+03 1.150465e+03 1.152000e+03 1.155119e+03
1.147892e+03 1.151598e+03 1.153653e+03 1.145837e+03
1.148392e+03 1.151834e+03 1.154097e+03 1.146128e+03
1.148752e+03 1.151219e+03 1.153198e+03 1.146774e+03
1.135499e+03 1.150809e+03 1.152475e+03 1.133833e+03
1.151731e+03 1.151639e+03 1.153647e+03 1.149723e+03
1.147871e+03 1.152032e+03 1.154256e+03 1.145647e+03
1.147992e+03 1.151443e+03 1.153306e+03 1.146129e+03
1.146548e+03 1.150934e+03 1.152445e+03 1.145038e+03
1.156632e+03 1.151677e+03 1.153517e+03 1.154792e+03
1.163718e+03 1.152027e+03 1.153617e+03 1.162128e+03
1.143576e+03 1.151422e+03 1.151762e+03 1.143236e+03
1.140659e+03 1.150887e+03 1.150373e+03 1.141173e+03
1.143226e+03 1.151619e+03 1.151797e+03 1.143047e+03
1.164208e+03 1.152010e+03 1.152410e+03 1.163808e+03
1.140214e+03 1.151431e+03 1.150389e+03 1.141256e+03
1.138581e+03 1.150821e+03 1.148528e+03 1.140874e+03
1.157552e+03 1.151477e+03 1.150149e+03 1.158879e+03
1.147824e+03 1.152010e+03 1.152393e+03 1.147441e+03
1.148746e+03 1.151517e+03 1.152438e+03 1.147825e+03
1.153786e+03 1.150754e+03 1.151100e+03 1.153440e+03
1.148722e+03 1.150490e+03 1.150499e+03 1.148713e+03
1.160178e+03 1.151470e+03 1.152367e+03 1.159281e+03
1.154651e+03 1.151924e+03 1.153724e+03 1.152852e+03
1.145471e+03 1.151384e+03 1.153466e+03 1.143390e+03
1.166223e+03 1.150673e+03 1.152713e+03 1.164184e+03
1.161842e+03 1.150199e+03 1.152122e+03 1.159919e+03
1.163607e+03 1.149956e+03 1.151616e+03 1.161946e+03
1.149612e+03 1.149863e+03 1.151067e+03 1.148408e+03
1.149091e+03 1.150448e+03 1.151654e+03 1.147885e+03
1.157984e+03 1.151726e+03 1.153566e+03 1.156144e+03
1.153556e+03 1.151927e+03 1.154023e+03 1.151460e+03
1.142878e+03 1.151292e+03 1.152798e+03 1.141372e+03
1.151640e+03 1.150660e+03 1.151107e+03 1.151192e+03
1.156607e+03 1.151073e+03 1.151484e+03 1.156196e+03
1.151164e+03 1.151966e+03 1.153230e+03 1.149899e+03
1.159371e+03 1.151781e+03 1.153548e+03 1.157604e+03
1.156071e+03 1.151034e+03 1.152684e+03 1.154421e+03
1.151049e+03 1.150412e+03 1.151206e+03 1.150255e+03
1.154806e+03 1.150084e+03 1.149813e+03 1.155076e+03
1.147787e+03 1.151095e+03 1.147809e+03 1.151074e+03
1.154263e+03 1.152935e+03 1.145687e+03 1.161512e+03
1.150790e+03 1.152966e+03 1.146380e+03 1.157376e+03
1.148574e+03 1.151866e+03 1.148527e+03 1.151912e+03
1.156844e+03 1.150841e+03 1.150354e+03 1.157330e+03
1.153588e+03 1.150211e+03 1.151338e+03 1.152460e+03
1.152629e+03 1.150358e+03 1.151046e+03 1.151941e+03
1.148250e+03 1.152253e+03 1.148377e+03 1.152126e+03
1.145649e+03 1.153089e+03 1.147276e+03 1.151461e+03
1.145223e+03 1.152276e+03 1.148394e+03 1.149105e+03
1.131594e+03 1.151167e+03 1.149770e+03 1.132991e+03
1.147397e+03 1.150996e+03 1.151598e+03 1.146794e+03
1.162276e+03 1.151823e+03 1.154060e+03 1.160039e+03
1.164334e+03 1.151787e+03 1.154701e+03 1.161420e+03
1.153679e+03 1.151063e+03 1.153913e+03 1.150829e+03
1.149972e+03 1.150406e+03 1.152933e+03 1.147445e+03
1.151329e+03 1.150031e+03 1.152224e+03 1.149136e+03
1.146972e+03 1.149864e+03 1.151791e+03 1.145045e+03
1.140338e+03 1.149817e+03 1.151531e+03 1.138624e+03
1.139538e+03 1.149836e+03 1.151191e+03 1.138183e+03
1.153687e+03 1.149975e+03 1.150972e+03 1.152690e+03
1.141953e+03 1.151088e+03 1.152469e+03 1.140573e+03
1.151312e+03 1.152054e+03 1.153669e+03 1.149697e+03
1.147906e+03 1.151935e+03 1.152948e+03 1.146892e+03
1.156614e+03 1.152354e+03 1.153531e+03 1.155437e+03
1.152196e+03 1.152546e+03 1.154178e+03 1.150564e+03
1.162666e+03 1.151798e+03 1.152923e+03 1.161540e+03
1.150402e+03 1.150872e+03 1.150921e+03 1.150354e+03
1.149302e+03 1.151085e+03 1.148670e+03 1.151717e+03
1.144701e+03 1.152784e+03 1.145883e+03 1.151602e+03
1.150448e+03 1.153021e+03 1.145260e+03 1.158210e+03
1.137614e+03 1.151958e+03 1.146101e+03 1.143472e+03
1.144433e+03 1.151249e+03 1.148043e+03 1.147639e+03
1.158607e+03 1.151855e+03 1.151542e+03 1.158919e+03
1.152995e+03 1.151931e+03 1.152656e+03 1.152270e+03
1.155117e+03 1.151855e+03 1.150691e+03 1.156281e+03
1.156019e+03 1.153166e+03 1.147307e+03 1.161877e+03
1.145898e+03 1.153326e+03 1.146661e+03 1.152562e+03
1.145477e+03 1.152158e+03 1.148301e+03 1.149334e+03
1.136935e+03 1.150940e+03 1.150083e+03 1.137791e+03
1.154327e+03 1.150175e+03 1.151248e+03 1.153254e+03
1.144665e+03 1.149802e+03 1.151856e+03 1.142611e+03
1.144791e+03 1.149671e+03 1.151707e+03 1.142754e+03
1.155681e+03 1.149689e+03 1.150713e+03 1.154657e+03
1.160230e+03 1.150719e+03 1.148780e+03 1.162170e+03
1.141409e+03 1.152802e+03 1.146263e+03 1.147947e+03
1.140598e+03 1.153123e+03 1.145929e+03 1.147792e+03
1.141654e+03 1.152204e+03 1.146725e+03 1.147133e+03
1.145356e+03 1.152236e+03 1.149762e+03 1.147830e+03
1.160756e+03 1.152393e+03 1.152775e+03 1.160374e+03
1.158066e+03 1.151672e+03 1.153592e+03 1.156146e+03
1.157190e+03 1.150814e+03 1.153165e+03 1.154839e+03
1.157822e+03 1.151172e+03 1.153917e+03 1.155077e+03
1.159823e+03 1.151891e+03 1.154969e+03 1.156745e+03
1.166524e+03 1.151582e+03 1.154439e+03 1.163668e+03
1.150245e+03 1.150841e+03 1.153235e+03 1.147851e+03
1.153936e+03 1.150273e+03 1.152280e+03 1.151929e+03
1.148791e+03 1.149970e+03 1.151733e+03 1.147028e+03
1.158844e+03 1.149843e+03 1.151424e+03 1.157263e+03
1.145398e+03 1.149829e+03 1.151093e+03 1.144134e+03
1.157229e+03 1.150525e+03 1.151860e+03 1.155895e+03
1.153309e+03 1.151796e+03 1.153722e+03 1.151384e+03
1.148306e+03 1.151929e+03 1.154078e+03 1.146157e+03
1.157618e+03 1.151270e+03 1.153253e+03 1.155635e+03
1.146932e+03 1.150613e+03 1.151688e+03 1.145857e+03
1.150639e+03 1.150202e+03 1.149389e+03 1.151451e+03
1.156329e+03 1.150579e+03 1.149075e+03 1.157832e+03
1.145734e+03 1.151732e+03 1.151457e+03 1.146010e+03
1.164017e+03 1.151873e+03 1.152845e+03 1.163045e+03
1.149353e+03 1.151223e+03 1.152810e+03 1.147766e+03
1.141207e+03 1.150571e+03 1.152392e+03 1.139386e+03
1.149800e+03 1.150164e+03 1.152050e+03 1.147913e+03
1.150331e+03 1.149955e+03 1.151820e+03 1.148465e+03
1.155198e+03 1.149872e+03 1.151650e+03 1.153420e+03
1.147791e+03 1.149866e+03 1.151398e+03 1.146259e+03
1.148734e+03 1.149902e+03 1.151097e+03 1.147539e+03
1.154307e+03 1.150324e+03 1.151512e+03 1.153119e+03
1.151594e+03 1.151645e+03 1.153428e+03 1.149811e+03
1.165739e+03 1.152087e+03 1.153718e+03 1.164109e+03
1.145760e+03 1.151512e+03 1.152058e+03 1.145214e+03
1.151806e+03 1.151220e+03 1.149952e+03 1.153073e+03
1.147073e+03 1.152731e+03 1.146818e+03 1.152986e+03
1.151451e+03 1.153361e+03 1.145490e+03 1.159322e+03
1.151551e+03 1.152665e+03 1.146847e+03 1.157369e+03
1.139921e+03 1.152696e+03 1.150597e+03 1.142020e+03
1.146207e+03 1.152438e+03 1.152813e+03 1.145832e+03
1.155344e+03 1.151550e+03 1.151815e+03 1.155079e+03
1.151745e+03 1.152074e+03 1.148677e+03 1.155142e+03
1.140983e+03 1.153224e+03 1.146283e+03 1.147924e+03
1.144946e+03 1.152735e+03 1.147032e+03 1.150650e+03
1.145136e+03 1.151489e+03 1.148896e+03 1.147728e+03
1.155924e+03 1.150506e+03 1.150143e+03 1.156287e+03
1.149247e+03 1.150398e+03 1.151475e+03 1.148171e+03
1.158003e+03 1.151442e+03 1.153876e+03 1.155570e+03
1.156535e+03 1.151723e+03 1.154703e+03 1.153554e+03
1.156252e+03 1.151235e+03 1.153677e+03 1.153810e+03
1.143701e+03 1.152147e+03 1.150387e+03 1.145461e+03
1.130880e+03 1.153368e+03 1.147410e+03 1.136839e+03
1.149027e+03 1.152836e+03 1.147402e+03 1.154461e+03
1.154837e+03 1.152259e+03 1.147802e+03 1.159293e+03
1.147916e+03 1.153307e+03 1.146300e+03 1.154924e+03
1.150619e+03 1.153287e+03 1.146519e+03 1.157387e+03
1.150481e+03 1.152041e+03 1.148499e+03 1.154024e+03
1.151162e+03 1.150819e+03 1.150397e+03 1.151584e+03
1.162374e+03 1.150082e+03 1.151548e+03 1.160908e+03
1.151651e+03 1.149742e+03 1.152088e+03 1.149305e+03
1.144336e+03 1.149638e+03 1.152260e+03 1.141715e+03
1.148667e+03 1.149665e+03 1.152213e+03 1.146118e+03
1.150734e+03 1.149750e+03 1.151675e+03 1.148809e+03
1.167524e+03 1.149848e+03 1.150453e+03 1.166918e+03
1.159935e+03 1.150031e+03 1.149581e+03 1.160386e+03
1.156159e+03 1.151173e+03 1.151208e+03 1.156124e+03
1.152394e+03 1.152096e+03 1.152575e+03 1.151914e+03
1.141258e+03 1.151791e+03 1.151019e+03 1.142030e+03
1.151377e+03 1.151132e+03 1.148958e+03 1.153550e+03
1.155990e+03 1.151599e+03 1.150143e+03 1.157446e+03
1.150879e+03 1.152172e+03 1.152482e+03 1.150570e+03
1.161768e+03 1.151704e+03 1.153155e+03 1.160316e+03
1.155551e+03 1.150888e+03 1.152800e+03 1.153639e+03
1.150986e+03 1.150293e+03 1.152297e+03 1.148983e+03
1.154069e+03 1.149985e+03 1.151733e+03 1.152321e+03
1.157227e+03 1.150451e+03 1.152158e+03 1.155519e+03
1.143611e+03 1.151670e+03 1.153848e+03 1.141433e+03
1.153255e+03 1.151852e+03 1.154033e+03 1.151074e+03
1.160342e+03 1.151387e+03 1.153151e+03 1.158578e+03
1.166116e+03 1.151920e+03 1.153879e+03 1.164157e+03
1.158212e+03 1.152262e+03 1.154518e+03 1.155956e+03
1.156811e+03 1.151628e+03 1.153781e+03 1.154658e+03
1.158864e+03 1.150785e+03 1.152642e+03 1.157007e+03
1.154409e+03 1.150222e+03 1.151638e+03 1.152993e+03
1.153660e+03 1.150598e+03 1.151996e+03 1.152262e+03
1.148520e+03 1.151706e+03 1.153637e+03 1.146589e+03
1.148233e+03 1.151777e+03 1.153823e+03 1.146187e+03
1.153176e+03 1.151120e+03 1.152345e+03 1.151951e+03
1.149584e+03 1.150602e+03 1.150387e+03 1.149799e+03
1.147733e+03 1.151822e+03 1.147484e+03 1.152071e+03
1.151882e+03 1.153205e+03 1.145613e+03 1.159474e+03
1.151788e+03 1.152748e+03 1.146711e+03 1.157825e+03
1.141235e+03 1.151547e+03 1.148529e+03 1.144253e+03
1.143928e+03 1.150598e+03 1.149190e+03 1.145336e+03
1.153872e+03 1.150102e+03 1.149226e+03 1.154748e+03
1.149730e+03 1.150755e+03 1.151015e+03 1.149470e+03
1.153669e+03 1.151746e+03 1.153421e+03 1.151994e+03
1.159365e+03 1.151618e+03 1.153754e+03 1.157229e+03
1.162283e+03 1.150987e+03 1.152937e+03 1.160332e+03
1.146283e+03 1.151330e+03 1.153473e+03 1.144140e+03
1.160666e+03 1.152074e+03 1.154639e+03 1.158101e+03
1.161423e+03 1.151766e+03 1.154282e+03 1.158907e+03
1.149125e+03 1.150973e+03 1.153171e+03 1.146926e+03
1.151013e+03 1.150347e+03 1.152255e+03 1.149105e+03
1.163421e+03 1.150003e+03 1.151427e+03 1.161996e+03
1.151554e+03 1.149855e+03 1.149706e+03 1.151703e+03
1.145139e+03 1.150002e+03 1.148371e+03 1.146770e+03
1.151973e+03 1.151226e+03 1.150256e+03 1.152943e+03
1.150279e+03 1.151991e+03 1.152490e+03 1.149779e+03
1.152220e+03 1.151600e+03 1.153000e+03 1.150821e+03
1.152182e+03 1.150887e+03 1.152653e+03 1.150417e+03
1.148658e+03 1.150357e+03 1.151845e+03 1.147171e+03
1.136129e+03 1.150057e+03 1.149971e+03 1.136215e+03
1.147733e+03 1.150383e+03 1.147784e+03 1.150332e+03
1.139933e+03 1.152360e+03 1.145191e+03 1.147102e+03
1.146465e+03 1.153218e+03 1.145076e+03 1.154607e+03
1.155961e+03 1.152389e+03 1.147006e+03 1.161345e+03
1.138090e+03 1.151427e+03 1.149259e+03 1.140257e+03
1.148063e+03 1.151825e+03 1.152496e+03 1.147393e+03
1.149853e+03 1.152098e+03 1.154527e+03 1.147424e+03
1.138956e+03 1.151452e+03 1.154164e+03 1.136244e+03
1.148951e+03 1.150646e+03 1.152291e+03 1.147306e+03
1.150037e+03 1.150153e+03 1.150445e+03 1.149745e+03
1.155991e+03 1.150744e+03 1.150994e+03 1.155741e+03
1.136649e+03 1.151780e+03 1.152985e+03 1.135443e+03
1.151398e+03 1.151696e+03 1.153177e+03 1.149917e+03
1.143478e+03 1.151014e+03 1.151761e+03 1.142732e+03
1.160039e+03 1.150953e+03 1.151406e+03 1.159586e+03
1.153511e+03 1.151872e+03 1.153127e+03 1.152256e+03
1.153223e+03 1.151930e+03 1.153701e+03 1.151452e+03
1.158069e+03 1.151303e+03 1.152946e+03 1.156426e+03
1.158339e+03 1.151663e+03 1.153571e+03 1.156431e+03
1.151568e+03 1.152163e+03 1.154458e+03 1.149273e+03
1.147081e+03 1.151666e+03 1.153678e+03 1.145070e+03
1.157876e+03 1.150920e+03 1.152352e+03 1.156444e+03
1.161767e+03 1.151355e+03 1.152946e+03 1.160177e+03
1.157435e+03 1.151998e+03 1.154062e+03 1.155371e+03
1.150342e+03 1.151606e+03 1.153717e+03 1.148231e+03
1.152525e+03 1.150835e+03 1.152717e+03 1.150642e+03
1.158803e+03 1.150264e+03 1.151482e+03 1.157585e+03
1.149032e+03 1.149963e+03 1.150087e+03 1.148908e+03
1.143722e+03 1.150062e+03 1.149606e+03 1.144178e+03
1.152281e+03 1.151270e+03 1.151575e+03 1.151975e+03
1.150729e+03 1.151942e+03 1.152361e+03 1.150310e+03
1.150156e+03 1.151829e+03 1.151589e+03 1.150395e+03
1.154586e+03 1.152401e+03 1.152787e+03 1.154200e+03
1.149303e+03 1.152386e+03 1.153738e+03 1.147952e+03
1.153656e+03 1.151545e+03 1.153350e+03 1.151852e+03
1.147254e+03 1.150676e+03 1.152561e+03 1.145369e+03
1.151633e+03 1.150128e+03 1.151626e+03 1.150135e+03
1.153042e+03 1.149865e+03 1.150368e+03 1.152540e+03
1.135599e+03 1.149880e+03 1.149582e+03 1.135898e+03
1.144981e+03 1.150976e+03 1.151241e+03 1.144717e+03
1.153255e+03 1.151920e+03 1.153239e+03 1.151936e+03
1.146800e+03 1.151662e+03 1.153488e+03 1.144974e+03
