9.194316e+01 2.475959e+01 9.001904e+01 2.668371e+01
3.790037e+01 -2.475959e+01 4.049986e+01 -2.735908e+01
4.975623e+01 2.475959e+01 3.838938e+01 3.612644e+01
-2.210238e+01 -2.475959e+01 -1.112980e+01 -3.573217e+01
1.655066e+01 2.475959e+01 2.253695e+01 1.877330e+01
-1.833587e+01 -2.475959e+01 -2.698223e+01 -1.611323e+01
6.517685e+01 2.475959e+01 6.322047e+01 2.671597e+01
1.201478e+01 -2.475959e+01 1.370130e+01 -2.644610e+01
6.382676e+01 2.475959e+01 6.516813e+01 2.341822e+01
1.666993e+01 -2.475959e+01 1.564895e+01 -2.373861e+01
