-7.361700e+01 9.899680e+01 1.191380e+01 1.346599e+01
-3.310773e+01 -9.899680e+01 -1.860798e+02 5.397527e+01
2.182670e+02 9.899680e+01 1.515692e+02 1.656946e+02
-1.002350e+02 -9.899680e+01 -4.642442e+01 -1.528074e+02
1.082621e+02 9.899680e+01 9.435053e+01 1.129084e+02
-1.203751e+02 -9.899680e+01 -1.036431e+02 -1.157288e+02
1.729361e+02 9.899680e+01 1.344076e+02 1.375253e+02
-9.374635e+01 -9.899680e+01 -6.358594e+01 -1.291572e+02
-4.838952e+01 9.899680e+01 1.780016e+02 -1.273943e+02
9.078162e+01 -9.899680e+01 -1.999200e+01 1.177682e+01
