0.4 9.282955e+03 9.269867e+03 9.277196e+03 9.290284e+03
1.4 9.236473e+03 9.266909e+03 9.276293e+03 9.245857e+03
2.4 9.262363e+03 9.265507e+03 9.273212e+03 9.270068e+03
3.4 9.245555e+03 9.264367e+03 9.272220e+03 9.253408e+03
4.4 9.285333e+03 9.262443e+03 9.273651e+03 9.296541e+03
5.4 9.277717e+03 9.262065e+03 9.274581e+03 9.290233e+03
6.4 9.281161e+03 9.263625e+03 9.272709e+03 9.290245e+03
7.4 9.252256e+03 9.267958e+03 9.272285e+03 9.256583e+03
8.4 9.293185e+03 9.274449e+03 9.273977e+03 9.292713e+03
9.4 9.302491e+03 9.282419e+03 9.275823e+03 9.295895e+03
10.4 9.268431e+03 9.286285e+03 9.276985e+03 9.259131e+03
11.4 9.293028e+03 9.282973e+03 9.277551e+03 9.287607e+03
12.4 9.263137e+03 9.280313e+03 9.277755e+03 9.260578e+03
13.4 9.304802e+03 9.282140e+03 9.277753e+03 9.300414e+03
14.4 9.282224e+03 9.281366e+03 9.277648e+03 9.278505e+03
15.4 9.308958e+03 9.277682e+03 9.277514e+03 9.308790e+03
16.4 9.284563e+03 9.276015e+03 9.277396e+03 9.285944e+03
17.4 9.343534e+03 9.280721e+03 9.277310e+03 9.340124e+03
18.4 9.301856e+03 9.294388e+03 9.277256e+03 9.284725e+03
19.4 9.314828e+03 9.301565e+03 9.277226e+03 9.290489e+03
20.4 9.258047e+03 9.294377e+03 9.277210e+03 9.240880e+03
0.4 9.285333e+03 9.262443e+03 9.273651e+03 9.296541e+03
1.4 9.277717e+03 9.262065e+03 9.274581e+03 9.290233e+03
2.4 9.281161e+03 9.263625e+03 9.272709e+03 9.290245e+03
3.4 9.252256e+03 9.267958e+03 9.272285e+03 9.256583e+03
4.4 9.293185e+03 9.274449e+03 9.273977e+03 9.292713e+03
5.4 9.302491e+03 9.282419e+03 9.275823e+03 9.295895e+03
6.4 9.268431e+03 9.286285e+03 9.276985e+03 9.259131e+03
7.4 9.293028e+03 9.282973e+03 9.277551e+03 9.287607e+03
8.4 9.263137e+03 9.280313e+03 9.277755e+03 9.260578e+03
9.4 9.304802e+03 9.282140e+03 9.277753e+03 9.300414e+03
10.4 9.282224e+03 9.281366e+03 9.277648e+03 9.278505e+03
11.4 9.308958e+03 9.277682e+03 9.277514e+03 9.308790e+03
12.4 9.284563e+03 9.276015e+03 9.277396e+03 9.285944e+03
13.4 9.343534e+03 9.280721e+03 9.277310e+03 9.340124e+03
14.4 9.301856e+03 9.294388e+03 9.277256e+03 9.284725e+03
15.4 9.314828e+03 9.301565e+03 9.277226e+03 9.290489e+03
16.4 9.258047e+03 9.294377e+03 9.277210e+03 9.240880e+03
17.4 9.313240e+03 9.285199e+03 9.277203e+03 9.305243e+03
18.4 9.322274e+03 9.285609e+03 9.277199e+03 9.313865e+03
19.4 9.303351e+03 9.292085e+03 9.276607e+03 9.287873e+03
20.4 9.307361e+03 9.288662e+03 9.273613e+03 9.292313e+03
0.3 9.322274e+03 9.285609e+03 9.277199e+03 9.313865e+03
1.3 9.303351e+03 9.292085e+03 9.276607e+03 9.287873e+03
2.3 9.307361e+03 9.288662e+03 9.273613e+03 9.292313e+03
3.3 9.289947e+03 9.283830e+03 9.272165e+03 9.278282e+03
4.3 9.287762e+03 9.291228e+03 9.273387e+03 9.269920e+03
5.3 9.310966e+03 9.300083e+03 9.275193e+03 9.286075e+03
6.3 9.325913e+03 9.295372e+03 9.276485e+03 9.307025e+03
7.3 9.295696e+03 9.287926e+03 9.277209e+03 9.284980e+03
8.3 9.299705e+03 9.286488e+03 9.277550e+03 9.290767e+03
9.3 9.286720e+03 9.286288e+03 9.277647e+03 9.278078e+03
10.3 9.305170e+03 9.280991e+03 9.277602e+03 9.301781e+03
11.3 9.298034e+03 9.273407e+03 9.277500e+03 9.302127e+03
12.3 9.286927e+03 9.265960e+03 9.277394e+03 9.298361e+03
13.3 9.292101e+03 9.261671e+03 9.277312e+03 9.307742e+03
14.3 9.276152e+03 9.261607e+03 9.277258e+03 9.291804e+03
15.3 9.273923e+03 9.264983e+03 9.277227e+03 9.286168e+03
16.3 9.270878e+03 9.267834e+03 9.277211e+03 9.280255e+03
17.3 9.279247e+03 9.267622e+03 9.277203e+03 9.288828e+03
18.3 9.290918e+03 9.267127e+03 9.277200e+03 9.300991e+03
19.3 9.338465e+03 9.267631e+03 9.277198e+03 9.348032e+03
20.3 9.359396e+03 9.270285e+03 9.277198e+03 9.366308e+03
0.6 9.282865e+03 9.275475e+03 9.277178e+03 9.284568e+03
1.6 9.285173e+03 9.272684e+03 9.275658e+03 9.288146e+03
2.6 9.318575e+03 9.270420e+03 9.272691e+03 9.320846e+03
3.6 9.292197e+03 9.271232e+03 9.272415e+03 9.293380e+03
4.6 9.322193e+03 9.271622e+03 9.274082e+03 9.324654e+03
5.6 9.269278e+03 9.269716e+03 9.275677e+03 9.275239e+03
6.6 9.234971e+03 9.267853e+03 9.274719e+03 9.241837e+03
7.6 9.238933e+03 9.267902e+03 9.272588e+03 9.243619e+03
8.6 9.244260e+03 9.270942e+03 9.273041e+03 9.246360e+03
9.6 9.287179e+03 9.273583e+03 9.274845e+03 9.288441e+03
10.6 9.240277e+03 9.272353e+03 9.276344e+03 9.244268e+03
11.6 9.337325e+03 9.269289e+03 9.277159e+03 9.345195e+03
12.6 9.271078e+03 9.267405e+03 9.275785e+03 9.279459e+03
13.6 9.327876e+03 9.267481e+03 9.273060e+03 9.333455e+03
14.6 9.303919e+03 9.270548e+03 9.273001e+03 9.306372e+03
15.6 9.286943e+03 9.274251e+03 9.274618e+03 9.287310e+03
16.6 9.279872e+03 9.277293e+03 9.276117e+03 9.278696e+03
17.6 9.250611e+03 9.285287e+03 9.277028e+03 9.242352e+03
18.6 9.299880e+03 9.294558e+03 9.276780e+03 9.282102e+03
19.6 9.296308e+03 9.291571e+03 9.273910e+03 9.278647e+03
20.6 9.293745e+03 9.284281e+03 9.272642e+03 9.282106e+03
0.8 9.269278e+03 9.269716e+03 9.275677e+03 9.275239e+03
1.8 9.234971e+03 9.267853e+03 9.274719e+03 9.241837e+03
2.8 9.238933e+03 9.267902e+03 9.272588e+03 9.243619e+03
3.8 9.244260e+03 9.270942e+03 9.273041e+03 9.246360e+03
4.8 9.287179e+03 9.273583e+03 9.274845e+03 9.288441e+03
5.8 9.240277e+03 9.272353e+03 9.276344e+03 9.244268e+03
6.8 9.337325e+03 9.269289e+03 9.277159e+03 9.345195e+03
7.8 9.271078e+03 9.267405e+03 9.275785e+03 9.279459e+03
8.8 9.327876e+03 9.267481e+03 9.273060e+03 9.333455e+03
9.8 9.303919e+03 9.270548e+03 9.273001e+03 9.306372e+03
10.8 9.286943e+03 9.274251e+03 9.274618e+03 9.287310e+03
11.8 9.279872e+03 9.277293e+03 9.276117e+03 9.278696e+03
12.8 9.250611e+03 9.285287e+03 9.277028e+03 9.242352e+03
13.8 9.299880e+03 9.294558e+03 9.276780e+03 9.282102e+03
14.8 9.296308e+03 9.291571e+03 9.273910e+03 9.278647e+03
15.8 9.293745e+03 9.284281e+03 9.272642e+03 9.282106e+03
16.8 9.298651e+03 9.285266e+03 9.273863e+03 9.287248e+03
17.8 9.274068e+03 9.296740e+03 9.275540e+03 9.252868e+03
18.8 9.276101e+03 9.301208e+03 9.276697e+03 9.251589e+03
19.8 9.286854e+03 9.292644e+03 9.277325e+03 9.271535e+03
20.8 9.272271e+03 9.283220e+03 9.277606e+03 9.266657e+03
0.7 9.337325e+03 9.269289e+03 9.277159e+03 9.345195e+03
1.7 9.271078e+03 9.267405e+03 9.275785e+03 9.279459e+03
2.7 9.327876e+03 9.267481e+03 9.273060e+03 9.333455e+03
3.7 9.303919e+03 9.270548e+03 9.273001e+03 9.306372e+03
4.7 9.286943e+03 9.274251e+03 9.274618e+03 9.287310e+03
5.7 9.279872e+03 9.277293e+03 9.276117e+03 9.278696e+03
6.7 9.250611e+03 9.285287e+03 9.277028e+03 9.242352e+03
7.7 9.299880e+03 9.294558e+03 9.276780e+03 9.282102e+03
8.7 9.296308e+03 9.291571e+03 9.273910e+03 9.278647e+03
9.7 9.293745e+03 9.284281e+03 9.272642e+03 9.282106e+03
10.7 9.298651e+03 9.285266e+03 9.273863e+03 9.287248e+03
11.7 9.274068e+03 9.296740e+03 9.275540e+03 9.252868e+03
12.7 9.276101e+03 9.301208e+03 9.276697e+03 9.251589e+03
13.7 9.286854e+03 9.292644e+03 9.277325e+03 9.271535e+03
14.7 9.272271e+03 9.283220e+03 9.277606e+03 9.266657e+03
15.7 9.275990e+03 9.277964e+03 9.277668e+03 9.275695e+03
16.7 9.299683e+03 9.275702e+03 9.277607e+03 9.301587e+03
17.7 9.278634e+03 9.274963e+03 9.277497e+03 9.281169e+03
18.7 9.297062e+03 9.275043e+03 9.277390e+03 9.299410e+03
19.7 9.272360e+03 9.275333e+03 9.277309e+03 9.274337e+03
20.7 9.293242e+03 9.274353e+03 9.277256e+03 9.296145e+03
0.3 9.250611e+03 9.285287e+03 9.277028e+03 9.242352e+03
1.3 9.299880e+03 9.294558e+03 9.276780e+03 9.282102e+03
2.3 9.296308e+03 9.291571e+03 9.273910e+03 9.278647e+03
3.3 9.293745e+03 9.284281e+03 9.272642e+03 9.282106e+03
4.3 9.298651e+03 9.285266e+03 9.273863e+03 9.287248e+03
5.3 9.274068e+03 9.296740e+03 9.275540e+03 9.252868e+03
6.3 9.276101e+03 9.301208e+03 9.276697e+03 9.251589e+03
7.3 9.286854e+03 9.292644e+03 9.277325e+03 9.271535e+03
8.3 9.272271e+03 9.283220e+03 9.277606e+03 9.266657e+03
9.3 9.275990e+03 9.277964e+03 9.277668e+03 9.275695e+03
10.3 9.299683e+03 9.275702e+03 9.277607e+03 9.301587e+03
11.3 9.278634e+03 9.274963e+03 9.277497e+03 9.281169e+03
12.3 9.297062e+03 9.275043e+03 9.277390e+03 9.299410e+03
13.3 9.272360e+03 9.275333e+03 9.277309e+03 9.274337e+03
14.3 9.293242e+03 9.274353e+03 9.277256e+03 9.296145e+03
15.3 9.310649e+03 9.272540e+03 9.277226e+03 9.315335e+03
16.3 9.299230e+03 9.270705e+03 9.277210e+03 9.305736e+03
17.3 9.289530e+03 9.272136e+03 9.277203e+03 9.294597e+03
18.3 9.332483e+03 9.277399e+03 9.277200e+03 9.332284e+03
19.3 9.297059e+03 9.278312e+03 9.277198e+03 9.295945e+03
20.3 9.321897e+03 9.276131e+03 9.277198e+03 9.322964e+03
0.9 9.272700e+03 9.287827e+03 9.277058e+03 9.261932e+03
1.9 9.304220e+03 9.291976e+03 9.274723e+03 9.286967e+03
2.9 9.295941e+03 9.286168e+03 9.272285e+03 9.282059e+03
3.9 9.260677e+03 9.280808e+03 9.272799e+03 9.252668e+03
4.9 9.281243e+03 9.278152e+03 9.274608e+03 9.277700e+03
5.9 9.265128e+03 9.276969e+03 9.276114e+03 9.264272e+03
6.9 9.290931e+03 9.276477e+03 9.277013e+03 9.291467e+03
7.9 9.293287e+03 9.276119e+03 9.277467e+03 9.294634e+03
8.9 9.279855e+03 9.274709e+03 9.277634e+03 9.282781e+03
9.9 9.291386e+03 9.272504e+03 9.277628e+03 9.296510e+03
10.9 9.272247e+03 9.270914e+03 9.277537e+03 9.278870e+03
11.9 9.238103e+03 9.272069e+03 9.277428e+03 9.243462e+03
12.9 9.250076e+03 9.274303e+03 9.277337e+03 9.253110e+03
13.9 9.281293e+03 9.274034e+03 9.277274e+03 9.284533e+03
14.9 9.281853e+03 9.269876e+03 9.277221e+03 9.289197e+03
15.9 9.267652e+03 9.266399e+03 9.275763e+03 9.277016e+03
16.9 9.260135e+03 9.265810e+03 9.272755e+03 9.267079e+03
17.9 9.237801e+03 9.268986e+03 9.272388e+03 9.241202e+03
18.9 9.311994e+03 9.273172e+03 9.274030e+03 9.312852e+03
19.9 9.298736e+03 9.276237e+03 9.275709e+03 9.298208e+03
20.9 9.195566e+03 9.277919e+03 9.276788e+03 9.194436e+03
0.6 9.281853e+03 9.269876e+03 9.277221e+03 9.289197e+03
1.6 9.267652e+03 9.266399e+03 9.275763e+03 9.277016e+03
2.6 9.260135e+03 9.265810e+03 9.272755e+03 9.267079e+03
3.6 9.237801e+03 9.268986e+03 9.272388e+03 9.241202e+03
4.6 9.311994e+03 9.273172e+03 9.274030e+03 9.312852e+03
5.6 9.298736e+03 9.276237e+03 9.275709e+03 9.298208e+03
6.6 9.195566e+03 9.277919e+03 9.276788e+03 9.194436e+03
7.6 9.220039e+03 9.278621e+03 9.277361e+03 9.218780e+03
8.6 9.216453e+03 9.279978e+03 9.277605e+03 9.214080e+03
9.6 9.247222e+03 9.289223e+03 9.277643e+03 9.235641e+03
10.6 9.289005e+03 9.304178e+03 9.277570e+03 9.262397e+03
11.6 9.303041e+03 9.309610e+03 9.277462e+03 9.270893e+03
12.6 9.336336e+03 9.299233e+03 9.277363e+03 9.314466e+03
13.6 9.300970e+03 9.284476e+03 9.277291e+03 9.293785e+03
14.6 9.249538e+03 9.272411e+03 9.277246e+03 9.254373e+03
15.6 9.252062e+03 9.265751e+03 9.277220e+03 9.263531e+03
16.6 9.230982e+03 9.263556e+03 9.277208e+03 9.244634e+03
17.6 9.241130e+03 9.263790e+03 9.277201e+03 9.254541e+03
18.6 9.240558e+03 9.264590e+03 9.276492e+03 9.252460e+03
19.6 9.280709e+03 9.265351e+03 9.273447e+03 9.288805e+03
20.6 9.292362e+03 9.267242e+03 9.272180e+03 9.297301e+03
0.3 9.241130e+03 9.263790e+03 9.277201e+03 9.254541e+03
1.3 9.240558e+03 9.264590e+03 9.276492e+03 9.252460e+03
2.3 9.280709e+03 9.265351e+03 9.273447e+03 9.288805e+03
3.3 9.292362e+03 9.267242e+03 9.272180e+03 9.297301e+03
4.3 9.307842e+03 9.267533e+03 9.273492e+03 9.313801e+03
5.3 9.257191e+03 9.267234e+03 9.275284e+03 9.265241e+03
6.3 9.247103e+03 9.268642e+03 9.276540e+03 9.255000e+03
7.3 9.284881e+03 9.272159e+03 9.277238e+03 9.289960e+03
8.3 9.328280e+03 9.274793e+03 9.277561e+03 9.331048e+03
9.3 9.266519e+03 9.274661e+03 9.277647e+03 9.269504e+03
10.3 9.248704e+03 9.273338e+03 9.277598e+03 9.252964e+03
11.3 9.259303e+03 9.271880e+03 9.277493e+03 9.264916e+03
12.3 9.269829e+03 9.275926e+03 9.277389e+03 9.271292e+03
13.3 9.257748e+03 9.288213e+03 9.277170e+03 9.246705e+03
14.3 9.322715e+03 9.291955e+03 9.274782e+03 9.305541e+03
15.3 9.306637e+03 9.286927e+03 9.272314e+03 9.292024e+03
16.3 9.304596e+03 9.289686e+03 9.272813e+03 9.287723e+03
17.3 9.304421e+03 9.294866e+03 9.274614e+03 9.284168e+03
18.3 9.310544e+03 9.289819e+03 9.276116e+03 9.296841e+03
19.3 9.259642e+03 9.282267e+03 9.277014e+03 9.254389e+03
20.3 9.271101e+03 9.277853e+03 9.277467e+03 9.270714e+03
0.9 9.257748e+03 9.288213e+03 9.277170e+03 9.246705e+03
1.9 9.322715e+03 9.291955e+03 9.274782e+03 9.305541e+03
2.9 9.306637e+03 9.286927e+03 9.272314e+03 9.292024e+03
3.9 9.304596e+03 9.289686e+03 9.272813e+03 9.287723e+03
4.9 9.304421e+03 9.294866e+03 9.274614e+03 9.284168e+03
5.9 9.310544e+03 9.289819e+03 9.276116e+03 9.296841e+03
6.9 9.259642e+03 9.282267e+03 9.277014e+03 9.254389e+03
7.9 9.271101e+03 9.277853e+03 9.277467e+03 9.270714e+03
8.9 9.252941e+03 9.276064e+03 9.277634e+03 9.254511e+03
9.9 9.245302e+03 9.275550e+03 9.277628e+03 9.247380e+03
10.9 9.258065e+03 9.275639e+03 9.277537e+03 9.259963e+03
11.9 9.242448e+03 9.276019e+03 9.277428e+03 9.243857e+03
12.9 9.260206e+03 9.276546e+03 9.277337e+03 9.260997e+03
13.9 9.290012e+03 9.278760e+03 9.277274e+03 9.288525e+03
14.9 9.300245e+03 9.283781e+03 9.277236e+03 9.293700e+03
15.9 9.284521e+03 9.287685e+03 9.277215e+03 9.274052e+03
16.9 9.311247e+03 9.284676e+03 9.277205e+03 9.303776e+03
17.9 9.283859e+03 9.277131e+03 9.277201e+03 9.283929e+03
18.9 9.261046e+03 9.268844e+03 9.277199e+03 9.269400e+03
19.9 9.282822e+03 9.263358e+03 9.277198e+03 9.296662e+03
20.9 9.235199e+03 9.262313e+03 9.277197e+03 9.250083e+03
0.6 9.318932e+03 9.276692e+03 9.277182e+03 9.319422e+03
1.6 9.291695e+03 9.274413e+03 9.275744e+03 9.293026e+03
2.6 9.277528e+03 9.271710e+03 9.272747e+03 9.278565e+03
3.6 9.261948e+03 9.271260e+03 9.272384e+03 9.263072e+03
4.6 9.257354e+03 9.271418e+03 9.274028e+03 9.259964e+03
5.6 9.230878e+03 9.270738e+03 9.275708e+03 9.235848e+03
6.6 9.259686e+03 9.271362e+03 9.276788e+03 9.265111e+03
7.6 9.263765e+03 9.273766e+03 9.277361e+03 9.267360e+03
8.6 9.275955e+03 9.275821e+03 9.277605e+03 9.277739e+03
9.6 9.262229e+03 9.275665e+03 9.277643e+03 9.264207e+03
10.6 9.245268e+03 9.273844e+03 9.277570e+03 9.248994e+03
11.6 9.264084e+03 9.272118e+03 9.277462e+03 9.269428e+03
12.6 9.274892e+03 9.273306e+03 9.277363e+03 9.278949e+03
13.6 9.278522e+03 9.278303e+03 9.277291e+03 9.277510e+03
14.6 9.326359e+03 9.284151e+03 9.277084e+03 9.319292e+03
15.6 9.270584e+03 9.283275e+03 9.274650e+03 9.261959e+03
16.6 9.269391e+03 9.278657e+03 9.272271e+03 9.263004e+03
17.6 9.256614e+03 9.276472e+03 9.272849e+03 9.252991e+03
18.6 9.255657e+03 9.277683e+03 9.274661e+03 9.252635e+03
19.6 9.266659e+03 9.282452e+03 9.276148e+03 9.260355e+03
20.6 9.267281e+03 9.287054e+03 9.277032e+03 9.257259e+03
1.0 9.326359e+03 9.284151e+03 9.277084e+03 9.319292e+03
2.0 9.270584e+03 9.283275e+03 9.274650e+03 9.261959e+03
3.0 9.269391e+03 9.278657e+03 9.272271e+03 9.263004e+03
4.0 9.256614e+03 9.276472e+03 9.272849e+03 9.252991e+03
5.0 9.255657e+03 9.277683e+03 9.274661e+03 9.252635e+03
6.0 9.266659e+03 9.282452e+03 9.276148e+03 9.260355e+03
7.0 9.267281e+03 9.287054e+03 9.277032e+03 9.257259e+03
8.0 9.233642e+03 9.285348e+03 9.277475e+03 9.225769e+03
9.0 9.252077e+03 9.283920e+03 9.277636e+03 9.245793e+03
10.0 9.263210e+03 9.294049e+03 9.277626e+03 9.246787e+03
11.0 9.315974e+03 9.306629e+03 9.277534e+03 9.286879e+03
12.0 9.292678e+03 9.304754e+03 9.277426e+03 9.265349e+03
13.0 9.269336e+03 9.292411e+03 9.277335e+03 9.254259e+03
14.0 9.291288e+03 9.282327e+03 9.277272e+03 9.286234e+03
15.0 9.259003e+03 9.277086e+03 9.277235e+03 9.259152e+03
16.0 9.285696e+03 9.274882e+03 9.277215e+03 9.288029e+03
17.0 9.259729e+03 9.273410e+03 9.277205e+03 9.263524e+03
18.0 9.271592e+03 9.269348e+03 9.277200e+03 9.279444e+03
19.0 9.284102e+03 9.265170e+03 9.276712e+03 9.295644e+03
20.0 9.261528e+03 9.263603e+03 9.273787e+03 9.271712e+03
21.0 9.283143e+03 9.266020e+03 9.272159e+03 9.289282e+03
0.2 9.271592e+03 9.269348e+03 9.277200e+03 9.279444e+03
1.2 9.284102e+03 9.265170e+03 9.276712e+03 9.295644e+03
2.2 9.261528e+03 9.263603e+03 9.273787e+03 9.271712e+03
3.2 9.283143e+03 9.266020e+03 9.272159e+03 9.289282e+03
4.2 9.297093e+03 9.270664e+03 9.273283e+03 9.299712e+03
5.2 9.258992e+03 9.274639e+03 9.275100e+03 9.259453e+03
6.2 9.266225e+03 9.275886e+03 9.276428e+03 9.266766e+03
7.2 9.224439e+03 9.272363e+03 9.277180e+03 9.229256e+03
8.2 9.245965e+03 9.268097e+03 9.276831e+03 9.254699e+03
9.2 9.217126e+03 9.266135e+03 9.273895e+03 9.224885e+03
10.2 9.241168e+03 9.267767e+03 9.272590e+03 9.245991e+03
11.2 9.275329e+03 9.269907e+03 9.273801e+03 9.279223e+03
12.2 9.259306e+03 9.270893e+03 9.275001e+03 9.263413e+03
13.2 9.260676e+03 9.270238e+03 9.273248e+03 9.263686e+03
14.2 9.248223e+03 9.271048e+03 9.272263e+03 9.249437e+03
15.2 9.275030e+03 9.274942e+03 9.273678e+03 9.273766e+03
16.2 9.280832e+03 9.281730e+03 9.275564e+03 9.274666e+03
17.2 9.258311e+03 9.287775e+03 9.276834e+03 9.247370e+03
18.2 9.268171e+03 9.286997e+03 9.277479e+03 9.258653e+03
19.2 9.248798e+03 9.281469e+03 9.277731e+03 9.245060e+03
20.2 9.285419e+03 9.276351e+03 9.277757e+03 9.286825e+03
0.3 9.224439e+03 9.272363e+03 9.277180e+03 9.229256e+03
1.3 9.245965e+03 9.268097e+03 9.276831e+03 9.254699e+03
2.3 9.217126e+03 9.266135e+03 9.273895e+03 9.224885e+03
3.3 9.241168e+03 9.267767e+03 9.272590e+03 9.245991e+03
4.3 9.275329e+03 9.269907e+03 9.273801e+03 9.279223e+03
5.3 9.259306e+03 9.270893e+03 9.275001e+03 9.263413e+03
6.3 9.260676e+03 9.270238e+03 9.273248e+03 9.263686e+03
7.3 9.248223e+03 9.271048e+03 9.272263e+03 9.249437e+03
8.3 9.275030e+03 9.274942e+03 9.273678e+03 9.273766e+03
9.3 9.280832e+03 9.281730e+03 9.275564e+03 9.274666e+03
10.3 9.258311e+03 9.287775e+03 9.276834e+03 9.247370e+03
11.3 9.268171e+03 9.286997e+03 9.277479e+03 9.258653e+03
12.3 9.248798e+03 9.281469e+03 9.277731e+03 9.245060e+03
13.3 9.285419e+03 9.276351e+03 9.277757e+03 9.286825e+03
14.3 9.283813e+03 9.271178e+03 9.277666e+03 9.290302e+03
15.3 9.289630e+03 9.267771e+03 9.277535e+03 9.299394e+03
16.3 9.266761e+03 9.267000e+03 9.277413e+03 9.277173e+03
17.3 9.255419e+03 9.268903e+03 9.277322e+03 9.263838e+03
18.3 9.279238e+03 9.270614e+03 9.277263e+03 9.285888e+03
19.3 9.262826e+03 9.270750e+03 9.277230e+03 9.269306e+03
20.3 9.273319e+03 9.271161e+03 9.277212e+03 9.279371e+03
0.2 9.275329e+03 9.269907e+03 9.273801e+03 9.279223e+03
1.2 9.259306e+03 9.270893e+03 9.275001e+03 9.263413e+03
2.2 9.260676e+03 9.270238e+03 9.273248e+03 9.263686e+03
3.2 9.248223e+03 9.271048e+03 9.272263e+03 9.249437e+03
4.2 9.275030e+03 9.274942e+03 9.273678e+03 9.273766e+03
5.2 9.280832e+03 9.281730e+03 9.275564e+03 9.274666e+03
6.2 9.258311e+03 9.287775e+03 9.276834e+03 9.247370e+03
7.2 9.268171e+03 9.286997e+03 9.277479e+03 9.258653e+03
8.2 9.248798e+03 9.281469e+03 9.277731e+03 9.245060e+03
9.2 9.285419e+03 9.276351e+03 9.277757e+03 9.286825e+03
10.2 9.283813e+03 9.271178e+03 9.277666e+03 9.290302e+03
11.2 9.289630e+03 9.267771e+03 9.277535e+03 9.299394e+03
12.2 9.266761e+03 9.267000e+03 9.277413e+03 9.277173e+03
13.2 9.255419e+03 9.268903e+03 9.277322e+03 9.263838e+03
14.2 9.279238e+03 9.270614e+03 9.277263e+03 9.285888e+03
15.2 9.262826e+03 9.270750e+03 9.277230e+03 9.269306e+03
16.2 9.273319e+03 9.271161e+03 9.277212e+03 9.279371e+03
17.2 9.264757e+03 9.271916e+03 9.277203e+03 9.270044e+03
18.2 9.254586e+03 9.271960e+03 9.277200e+03 9.259825e+03
19.2 9.254887e+03 9.271177e+03 9.277198e+03 9.260908e+03
20.2 9.242554e+03 9.271414e+03 9.277198e+03 9.248338e+03
0.2 9.311525e+03 9.271314e+03 9.277197e+03 9.317409e+03
1.2 9.275460e+03 9.268201e+03 9.276660e+03 9.283920e+03
2.2 9.253032e+03 9.266505e+03 9.273699e+03 9.260226e+03
3.2 9.231896e+03 9.265392e+03 9.272160e+03 9.238664e+03
4.2 9.217415e+03 9.264724e+03 9.272565e+03 9.225256e+03
5.2 9.223389e+03 9.265113e+03 9.271316e+03 9.229591e+03
6.2 9.251702e+03 9.268380e+03 9.271450e+03 9.254773e+03
7.2 9.272569e+03 9.272932e+03 9.273543e+03 9.273181e+03
8.2 9.279987e+03 9.276324e+03 9.275676e+03 9.279339e+03
9.2 9.269686e+03 9.276561e+03 9.277015e+03 9.270140e+03
10.2 9.253058e+03 9.273050e+03 9.277659e+03 9.257667e+03
11.2 9.227238e+03 9.269402e+03 9.277872e+03 9.235708e+03
12.2 9.231695e+03 9.267795e+03 9.277847e+03 9.241747e+03
13.2 9.216103e+03 9.268992e+03 9.277712e+03 9.224822e+03
0.4 9.231896e+03 9.265392e+03 9.272160e+03 9.238664e+03
1.4 9.217415e+03 9.264724e+03 9.272565e+03 9.225256e+03
2.4 9.223389e+03 9.265113e+03 9.271316e+03 9.229591e+03
3.4 9.251702e+03 9.268380e+03 9.271450e+03 9.254773e+03
4.4 9.272569e+03 9.272932e+03 9.273543e+03 9.273181e+03
5.4 9.279987e+03 9.276324e+03 9.275676e+03 9.279339e+03
6.4 9.269686e+03 9.276561e+03 9.277015e+03 9.270140e+03
7.4 9.253058e+03 9.273050e+03 9.277659e+03 9.257667e+03
8.4 9.227238e+03 9.269402e+03 9.277872e+03 9.235708e+03
9.4 9.231695e+03 9.267795e+03 9.277847e+03 9.241747e+03
10.4 9.216103e+03 9.268992e+03 9.277712e+03 9.224822e+03
