0.3 1.149818e+04 1.144864e+04 1.141231e+04 1.146185e+04
1.3 1.146000e+04 1.145343e+04 1.141433e+04 1.142090e+04
2.3 1.146750e+04 1.145157e+04 1.143070e+04 1.144663e+04
3.3 1.145180e+04 1.145255e+04 1.145808e+04 1.145733e+04
4.3 1.145544e+04 1.144964e+04 1.147098e+04 1.147677e+04
5.3 1.148155e+04 1.144289e+04 1.145843e+04 1.149709e+04
6.3 1.146856e+04 1.142335e+04 1.143762e+04 1.148283e+04
7.3 1.146646e+04 1.140892e+04 1.142160e+04 1.147914e+04
8.3 1.146724e+04 1.142337e+04 1.141233e+04 1.145620e+04
9.3 1.143748e+04 1.143750e+04 1.140799e+04 1.140796e+04
10.3 1.146842e+04 1.142941e+04 1.140675e+04 1.144575e+04
11.3 1.143977e+04 1.141615e+04 1.140726e+04 1.143088e+04
12.3 1.144987e+04 1.142289e+04 1.140851e+04 1.143549e+04
13.3 1.145122e+04 1.142661e+04 1.140981e+04 1.143441e+04
14.3 1.150963e+04 1.141442e+04 1.141083e+04 1.150604e+04
15.3 1.144629e+04 1.139566e+04 1.141151e+04 1.146214e+04
16.3 1.137492e+04 1.139175e+04 1.141191e+04 1.139508e+04
17.3 1.137072e+04 1.141447e+04 1.141212e+04 1.136838e+04
18.3 1.149245e+04 1.143188e+04 1.141223e+04 1.147279e+04
19.3 1.148499e+04 1.142630e+04 1.141227e+04 1.147096e+04
20.3 1.142956e+04 1.140802e+04 1.141229e+04 1.143383e+04
21.3 1.147968e+04 1.140409e+04 1.141230e+04 1.148789e+04
1.0 1.146563e+04 1.144646e+04 1.141292e+04 1.143209e+04
2.0 1.149861e+04 1.142971e+04 1.142418e+04 1.149309e+04
3.0 1.144298e+04 1.143008e+04 1.145038e+04 1.146327e+04
4.0 1.142360e+04 1.143386e+04 1.146976e+04 1.145949e+04
5.0 1.140856e+04 1.142512e+04 1.146295e+04 1.144639e+04
6.0 1.145373e+04 1.140814e+04 1.144268e+04 1.148827e+04
7.0 1.146226e+04 1.140596e+04 1.142503e+04 1.148133e+04
8.0 1.145767e+04 1.142493e+04 1.141422e+04 1.144695e+04
9.0 1.142490e+04 1.143815e+04 1.140882e+04 1.139556e+04
10.0 1.140475e+04 1.143055e+04 1.140692e+04 1.138112e+04
11.0 1.141385e+04 1.141018e+04 1.140707e+04 1.141074e+04
12.0 1.139725e+04 1.139009e+04 1.140819e+04 1.141535e+04
13.0 1.139588e+04 1.137689e+04 1.140951e+04 1.142850e+04
14.0 1.143684e+04 1.137102e+04 1.141061e+04 1.147642e+04
15.0 1.147097e+04 1.138419e+04 1.141137e+04 1.149815e+04
16.0 1.150498e+04 1.142058e+04 1.141183e+04 1.149623e+04
17.0 1.143465e+04 1.144728e+04 1.141208e+04 1.139946e+04
18.0 1.145240e+04 1.145012e+04 1.141221e+04 1.141448e+04
19.0 1.141023e+04 1.143011e+04 1.141227e+04 1.139239e+04
20.0 1.140073e+04 1.141913e+04 1.141229e+04 1.139390e+04
21.0 1.144263e+04 1.142852e+04 1.141230e+04 1.142642e+04
22.0 1.148941e+04 1.143747e+04 1.141231e+04 1.146424e+04
0.1 1.139294e+04 1.145830e+04 1.141231e+04 1.134694e+04
1.1 1.149773e+04 1.144289e+04 1.141362e+04 1.146846e+04
2.1 1.141579e+04 1.142825e+04 1.142724e+04 1.141478e+04
3.1 1.143596e+04 1.142165e+04 1.144292e+04 1.145723e+04
4.1 1.141502e+04 1.141151e+04 1.144108e+04 1.144459e+04
5.1 1.135209e+04 1.139552e+04 1.142989e+04 1.138647e+04
6.1 1.138085e+04 1.138092e+04 1.141996e+04 1.141990e+04
7.1 1.139278e+04 1.137227e+04 1.141387e+04 1.143438e+04
8.1 1.135877e+04 1.136888e+04 1.141074e+04 1.140063e+04
9.1 1.137863e+04 1.136914e+04 1.140954e+04 1.141903e+04
10.1 1.137274e+04 1.138421e+04 1.140951e+04 1.139804e+04
11.1 1.141348e+04 1.142001e+04 1.141006e+04 1.140354e+04
12.1 1.147759e+04 1.144128e+04 1.141076e+04 1.144707e+04
13.1 1.140655e+04 1.143434e+04 1.141155e+04 1.138376e+04
14.1 1.136433e+04 1.142051e+04 1.141985e+04 1.136367e+04
15.1 1.143027e+04 1.141920e+04 1.143853e+04 1.144959e+04
16.1 1.144048e+04 1.141646e+04 1.144350e+04 1.146752e+04
17.1 1.144321e+04 1.140470e+04 1.143422e+04 1.147273e+04
18.1 1.131682e+04 1.139703e+04 1.142319e+04 1.134298e+04
19.1 1.135091e+04 1.141055e+04 1.141571e+04 1.135608e+04
20.1 1.141529e+04 1.142803e+04 1.141163e+04 1.139889e+04
21.1 1.143778e+04 1.142933e+04 1.140982e+04 1.141827e+04
0.8 1.140655e+04 1.143434e+04 1.141155e+04 1.138376e+04
1.8 1.136433e+04 1.142051e+04 1.141985e+04 1.136367e+04
2.8 1.143027e+04 1.141920e+04 1.143853e+04 1.144959e+04
3.8 1.144048e+04 1.141646e+04 1.144350e+04 1.146752e+04
4.8 1.144321e+04 1.140470e+04 1.143422e+04 1.147273e+04
5.8 1.131682e+04 1.139703e+04 1.142319e+04 1.134298e+04
6.8 1.135091e+04 1.141055e+04 1.141571e+04 1.135608e+04
7.8 1.141529e+04 1.142803e+04 1.141163e+04 1.139889e+04
8.8 1.143778e+04 1.142933e+04 1.140982e+04 1.141827e+04
9.8 1.137165e+04 1.141167e+04 1.140943e+04 1.136940e+04
10.8 1.133886e+04 1.139187e+04 1.140982e+04 1.135681e+04
11.8 1.138349e+04 1.137870e+04 1.141050e+04 1.141529e+04
12.8 1.140270e+04 1.137203e+04 1.141116e+04 1.144183e+04
13.8 1.130395e+04 1.137435e+04 1.141165e+04 1.134125e+04
14.8 1.133036e+04 1.139942e+04 1.141196e+04 1.134290e+04
15.8 1.138919e+04 1.142164e+04 1.141214e+04 1.137969e+04
16.8 1.141621e+04 1.142093e+04 1.141223e+04 1.140751e+04
17.8 1.142787e+04 1.140545e+04 1.141227e+04 1.143469e+04
18.8 1.134882e+04 1.138999e+04 1.141268e+04 1.137152e+04
19.8 1.133335e+04 1.138926e+04 1.142248e+04 1.136657e+04
20.8 1.142101e+04 1.140784e+04 1.144653e+04 1.145971e+04
21.8 1.143546e+04 1.142563e+04 1.145830e+04 1.146813e+04
0.9 1.134882e+04 1.138999e+04 1.141268e+04 1.137152e+04
1.9 1.133335e+04 1.138926e+04 1.142248e+04 1.136657e+04
2.9 1.142101e+04 1.140784e+04 1.144653e+04 1.145971e+04
3.9 1.143546e+04 1.142563e+04 1.145830e+04 1.146813e+04
4.9 1.145099e+04 1.143233e+04 1.144800e+04 1.146667e+04
5.9 1.138935e+04 1.141889e+04 1.143158e+04 1.140204e+04
6.9 1.133403e+04 1.139844e+04 1.141931e+04 1.135491e+04
7.9 1.130148e+04 1.138290e+04 1.141231e+04 1.133089e+04
8.9 1.122978e+04 1.137420e+04 1.140901e+04 1.126459e+04
9.9 1.128704e+04 1.137046e+04 1.140807e+04 1.132465e+04
10.9 1.127658e+04 1.137264e+04 1.140846e+04 1.131240e+04
11.9 1.135713e+04 1.139556e+04 1.140942e+04 1.137098e+04
12.9 1.142076e+04 1.143268e+04 1.141041e+04 1.139850e+04
13.9 1.147564e+04 1.145133e+04 1.141119e+04 1.143551e+04
14.9 1.151022e+04 1.144301e+04 1.141171e+04 1.147892e+04
15.9 1.146749e+04 1.143532e+04 1.141201e+04 1.144418e+04
16.9 1.145167e+04 1.144382e+04 1.141217e+04 1.142002e+04
17.9 1.140188e+04 1.144793e+04 1.141225e+04 1.136619e+04
18.9 1.143555e+04 1.143515e+04 1.141228e+04 1.141268e+04
19.9 1.143156e+04 1.142510e+04 1.141230e+04 1.141875e+04
20.9 1.146765e+04 1.142715e+04 1.141230e+04 1.145280e+04
21.9 1.143462e+04 1.143113e+04 1.141234e+04 1.141584e+04
0.6 1.143462e+04 1.143113e+04 1.141234e+04 1.141584e+04
1.6 1.142919e+04 1.142465e+04 1.141744e+04 1.142198e+04
2.6 1.145182e+04 1.142186e+04 1.143554e+04 1.146551e+04
3.6 1.144905e+04 1.141812e+04 1.144420e+04 1.147514e+04
4.6 1.143386e+04 1.140664e+04 1.143661e+04 1.146383e+04
5.6 1.135335e+04 1.139112e+04 1.142519e+04 1.138743e+04
6.6 1.137500e+04 1.139048e+04 1.141691e+04 1.140143e+04
7.6 1.139954e+04 1.141865e+04 1.141223e+04 1.139313e+04
8.6 1.144412e+04 1.144070e+04 1.141004e+04 1.141346e+04
9.6 1.143943e+04 1.143505e+04 1.140942e+04 1.141381e+04
10.6 1.136521e+04 1.142080e+04 1.140971e+04 1.135411e+04
11.6 1.138280e+04 1.142436e+04 1.141036e+04 1.136880e+04
12.6 1.143544e+04 1.143385e+04 1.141104e+04 1.141263e+04
13.6 1.147608e+04 1.143230e+04 1.141157e+04 1.145535e+04
14.6 1.149060e+04 1.143111e+04 1.141191e+04 1.147140e+04
15.6 1.141432e+04 1.143282e+04 1.141211e+04 1.139361e+04
16.6 1.143210e+04 1.142290e+04 1.141222e+04 1.142142e+04
17.6 1.139542e+04 1.140341e+04 1.141227e+04 1.140427e+04
18.6 1.133843e+04 1.138539e+04 1.141229e+04 1.136533e+04
19.6 1.132311e+04 1.137431e+04 1.141230e+04 1.136110e+04
20.6 1.136117e+04 1.136939e+04 1.141231e+04 1.140408e+04
21.6 1.139208e+04 1.136830e+04 1.141231e+04 1.143609e+04
0.9 1.147586e+04 1.145572e+04 1.141269e+04 1.143283e+04
1.9 1.142162e+04 1.144205e+04 1.142248e+04 1.140205e+04
2.9 1.143084e+04 1.144028e+04 1.144797e+04 1.143853e+04
3.9 1.137175e+04 1.144235e+04 1.146947e+04 1.139887e+04
4.9 1.143932e+04 1.143220e+04 1.146516e+04 1.147229e+04
5.9 1.142859e+04 1.141207e+04 1.144518e+04 1.146170e+04
6.9 1.139211e+04 1.139128e+04 1.142671e+04 1.142753e+04
7.9 1.135052e+04 1.137708e+04 1.141508e+04 1.138852e+04
8.9 1.136667e+04 1.137367e+04 1.140915e+04 1.140215e+04
9.9 1.142627e+04 1.139516e+04 1.140694e+04 1.143805e+04
10.9 1.149000e+04 1.142342e+04 1.140694e+04 1.147351e+04
11.9 1.144405e+04 1.143606e+04 1.140801e+04 1.141600e+04
12.9 1.146261e+04 1.143660e+04 1.140934e+04 1.143536e+04
13.9 1.149999e+04 1.144280e+04 1.141049e+04 1.146768e+04
14.9 1.146192e+04 1.143688e+04 1.141129e+04 1.143633e+04
15.9 1.139971e+04 1.141642e+04 1.141179e+04 1.139507e+04
16.9 1.130470e+04 1.139395e+04 1.141206e+04 1.132281e+04
17.9 1.135777e+04 1.138288e+04 1.141220e+04 1.138708e+04
18.9 1.141112e+04 1.139970e+04 1.141226e+04 1.142368e+04
19.9 1.148844e+04 1.141864e+04 1.141229e+04 1.148209e+04
20.9 1.146706e+04 1.141725e+04 1.141230e+04 1.146211e+04
21.9 1.134526e+04 1.140471e+04 1.141231e+04 1.135285e+04
0.5 1.139033e+04 1.136984e+04 1.141232e+04 1.143282e+04
1.5 1.136289e+04 1.137047e+04 1.141641e+04 1.140883e+04
2.5 1.136334e+04 1.139068e+04 1.143648e+04 1.140914e+04
3.5 1.136093e+04 1.141548e+04 1.145668e+04 1.140213e+04
4.5 1.140416e+04 1.143162e+04 1.145384e+04 1.142638e+04
5.5 1.145995e+04 1.142703e+04 1.143794e+04 1.147087e+04
6.5 1.132626e+04 1.140768e+04 1.142353e+04 1.134212e+04
7.5 1.133264e+04 1.138934e+04 1.141462e+04 1.135792e+04
8.5 1.137400e+04 1.138319e+04 1.141550e+04 1.140632e+04
9.5 1.139162e+04 1.139906e+04 1.143538e+04 1.142793e+04
10.5 1.141539e+04 1.141929e+04 1.145347e+04 1.144957e+04
11.5 1.139610e+04 1.143170e+04 1.144903e+04 1.141343e+04
12.5 1.141588e+04 1.143001e+04 1.143379e+04 1.141966e+04
13.5 1.142623e+04 1.143993e+04 1.142084e+04 1.140714e+04
14.5 1.138398e+04 1.145528e+04 1.141308e+04 1.134179e+04
15.5 1.141605e+04 1.145727e+04 1.140927e+04 1.136805e+04
16.5 1.141297e+04 1.143813e+04 1.140797e+04 1.138281e+04
17.5 1.139707e+04 1.141773e+04 1.140818e+04 1.138751e+04
18.5 1.140997e+04 1.142695e+04 1.140909e+04 1.139211e+04
19.5 1.141187e+04 1.144927e+04 1.141013e+04 1.137273e+04
20.5 1.142372e+04 1.144992e+04 1.141099e+04 1.138480e+04
21.5 1.143543e+04 1.142909e+04 1.141159e+04 1.141792e+04
0.6 1.133264e+04 1.138934e+04 1.141462e+04 1.135792e+04
1.6 1.137400e+04 1.138319e+04 1.141550e+04 1.140632e+04
2.6 1.139162e+04 1.139906e+04 1.143538e+04 1.142793e+04
3.6 1.141539e+04 1.141929e+04 1.145347e+04 1.144957e+04
4.6 1.139610e+04 1.143170e+04 1.144903e+04 1.141343e+04
5.6 1.141588e+04 1.143001e+04 1.143379e+04 1.141966e+04
6.6 1.142623e+04 1.143993e+04 1.142084e+04 1.140714e+04
7.6 1.138398e+04 1.145528e+04 1.141308e+04 1.134179e+04
8.6 1.141605e+04 1.145727e+04 1.140927e+04 1.136805e+04
9.6 1.141297e+04 1.143813e+04 1.140797e+04 1.138281e+04
10.6 1.139707e+04 1.141773e+04 1.140818e+04 1.138751e+04
11.6 1.140997e+04 1.142695e+04 1.140909e+04 1.139211e+04
12.6 1.141187e+04 1.144927e+04 1.141013e+04 1.137273e+04
13.6 1.142372e+04 1.144992e+04 1.141099e+04 1.138480e+04
14.6 1.143543e+04 1.142909e+04 1.141159e+04 1.141792e+04
15.6 1.141520e+04 1.141329e+04 1.141194e+04 1.141386e+04
16.6 1.139212e+04 1.142123e+04 1.141214e+04 1.138302e+04
17.6 1.137336e+04 1.142762e+04 1.141223e+04 1.135798e+04
18.6 1.145352e+04 1.141832e+04 1.141228e+04 1.144748e+04
19.6 1.147631e+04 1.141018e+04 1.141229e+04 1.147843e+04
20.6 1.147500e+04 1.142179e+04 1.141230e+04 1.146552e+04
21.6 1.138079e+04 1.142629e+04 1.141231e+04 1.136681e+04
0.1 1.138631e+04 1.143800e+04 1.141231e+04 1.136062e+04
1.1 1.140486e+04 1.144653e+04 1.141334e+04 1.137168e+04
2.1 1.142037e+04 1.144631e+04 1.142619e+04 1.140024e+04
3.1 1.147914e+04 1.144306e+04 1.144303e+04 1.147912e+04
4.1 1.144537e+04 1.143919e+04 1.144240e+04 1.144858e+04
5.1 1.139579e+04 1.142239e+04 1.143119e+04 1.140459e+04
6.1 1.134141e+04 1.139865e+04 1.142076e+04 1.136352e+04
7.1 1.140585e+04 1.138104e+04 1.141425e+04 1.143906e+04
8.1 1.143191e+04 1.138284e+04 1.141086e+04 1.145993e+04
9.1 1.144381e+04 1.140891e+04 1.140952e+04 1.144441e+04
10.1 1.144931e+04 1.143386e+04 1.140942e+04 1.142487e+04
11.1 1.141995e+04 1.143536e+04 1.140996e+04 1.139455e+04
12.1 1.140286e+04 1.141874e+04 1.141067e+04 1.139480e+04
