0.7 1.010956e+03 1.024434e+03 1.032659e+03 1.019181e+03
1.7 1.047997e+03 1.028780e+03 1.032111e+03 1.051328e+03
2.7 1.052400e+03 1.031370e+03 1.030421e+03 1.051451e+03
3.7 1.057209e+03 1.033298e+03 1.029316e+03 1.053227e+03
4.7 1.018493e+03 1.036624e+03 1.029893e+03 1.011763e+03
5.7 1.008088e+03 1.038069e+03 1.030670e+03 1.000688e+03
6.7 1.002596e+03 1.036694e+03 1.030262e+03 9.961636e+02
7.7 1.040127e+03 1.036584e+03 1.030236e+03 1.033779e+03
8.7 1.032947e+03 1.037819e+03 1.031106e+03 1.026234e+03
9.7 1.051468e+03 1.037866e+03 1.032045e+03 1.045647e+03
10.7 1.033162e+03 1.037273e+03 1.032634e+03 1.028523e+03
11.7 1.040438e+03 1.037044e+03 1.032908e+03 1.036302e+03
12.7 1.025895e+03 1.037541e+03 1.032992e+03 1.021346e+03
13.7 1.052919e+03 1.038800e+03 1.032975e+03 1.047094e+03
14.7 1.012144e+03 1.038696e+03 1.032912e+03 1.006359e+03
15.7 1.030576e+03 1.037756e+03 1.032838e+03 1.025659e+03
16.7 1.013260e+03 1.035957e+03 1.032775e+03 1.010078e+03
17.7 1.012699e+03 1.029898e+03 1.032730e+03 1.015531e+03
18.7 1.058419e+03 1.026827e+03 1.032702e+03 1.064293e+03
19.7 9.951646e+02 1.029137e+03 1.032686e+03 9.987136e+02
20.7 1.047923e+03 1.032996e+03 1.032677e+03 1.047604e+03
21.7 1.027417e+03 1.036819e+03 1.032598e+03 1.023196e+03
0.6 1.018493e+03 1.036624e+03 1.029893e+03 1.011763e+03
1.6 1.008088e+03 1.038069e+03 1.030670e+03 1.000688e+03
2.6 1.002596e+03 1.036694e+03 1.030262e+03 9.961636e+02
3.6 1.040127e+03 1.036584e+03 1.030236e+03 1.033779e+03
4.6 1.032947e+03 1.037819e+03 1.031106e+03 1.026234e+03
5.6 1.051468e+03 1.037866e+03 1.032045e+03 1.045647e+03
6.6 1.033162e+03 1.037273e+03 1.032634e+03 1.028523e+03
7.6 1.040438e+03 1.037044e+03 1.032908e+03 1.036302e+03
8.6 1.025895e+03 1.037541e+03 1.032992e+03 1.021346e+03
9.6 1.052919e+03 1.038800e+03 1.032975e+03 1.047094e+03
10.6 1.012144e+03 1.038696e+03 1.032912e+03 1.006359e+03
11.6 1.030576e+03 1.037756e+03 1.032838e+03 1.025659e+03
12.6 1.013260e+03 1.035957e+03 1.032775e+03 1.010078e+03
13.6 1.012699e+03 1.029898e+03 1.032730e+03 1.015531e+03
14.6 1.058419e+03 1.026827e+03 1.032702e+03 1.064293e+03
15.6 9.951646e+02 1.029137e+03 1.032686e+03 9.987136e+02
16.6 1.047923e+03 1.032996e+03 1.032677e+03 1.047604e+03
17.6 1.027417e+03 1.036819e+03 1.032598e+03 1.023196e+03
18.6 1.016249e+03 1.037672e+03 1.031624e+03 1.010201e+03
19.6 1.043873e+03 1.035414e+03 1.029658e+03 1.038117e+03
20.6 1.032209e+03 1.033537e+03 1.028432e+03 1.027103e+03
21.6 1.019460e+03 1.034949e+03 1.029118e+03 1.013630e+03
0.1 1.047923e+03 1.032996e+03 1.032677e+03 1.047604e+03
1.1 1.027417e+03 1.036819e+03 1.032598e+03 1.023196e+03
2.1 1.016249e+03 1.037672e+03 1.031624e+03 1.010201e+03
3.1 1.043873e+03 1.035414e+03 1.029658e+03 1.038117e+03
4.1 1.032209e+03 1.033537e+03 1.028432e+03 1.027103e+03
5.1 1.019460e+03 1.034949e+03 1.029118e+03 1.013630e+03
6.1 1.040133e+03 1.035374e+03 1.030620e+03 1.035380e+03
7.1 1.065416e+03 1.032487e+03 1.031856e+03 1.064785e+03
8.1 1.039746e+03 1.029940e+03 1.032593e+03 1.042399e+03
9.1 1.045374e+03 1.031880e+03 1.032952e+03 1.046447e+03
10.1 1.029451e+03 1.034894e+03 1.033069e+03 1.027626e+03
11.1 1.035834e+03 1.034454e+03 1.033046e+03 1.034426e+03
12.1 1.008066e+03 1.031162e+03 1.032960e+03 1.009864e+03
13.1 1.015059e+03 1.029388e+03 1.032865e+03 1.018536e+03
14.1 1.059185e+03 1.032195e+03 1.032787e+03 1.059778e+03
15.1 1.046503e+03 1.035363e+03 1.032734e+03 1.043875e+03
16.1 1.034548e+03 1.036586e+03 1.032703e+03 1.030665e+03
17.1 1.051024e+03 1.036710e+03 1.032686e+03 1.047000e+03
18.1 1.032745e+03 1.036439e+03 1.032677e+03 1.028983e+03
19.1 1.014520e+03 1.034016e+03 1.032673e+03 1.013177e+03
20.1 1.003769e+03 1.028596e+03 1.032672e+03 1.007844e+03
21.1 1.039475e+03 1.023288e+03 1.032671e+03 1.048858e+03
0.8 1.015421e+03 1.027666e+03 1.032650e+03 1.020406e+03
1.8 1.002497e+03 1.031451e+03 1.032011e+03 1.003058e+03
2.8 1.048913e+03 1.033218e+03 1.030675e+03 1.046370e+03
3.8 1.042848e+03 1.035640e+03 1.030401e+03 1.037609e+03
4.8 1.054569e+03 1.037335e+03 1.031115e+03 1.048348e+03
5.8 1.033219e+03 1.035199e+03 1.031913e+03 1.029932e+03
6.8 1.057398e+03 1.031112e+03 1.032444e+03 1.058730e+03
7.8 1.042119e+03 1.030026e+03 1.032731e+03 1.044824e+03
8.8 1.037060e+03 1.032977e+03 1.032709e+03 1.036792e+03
9.8 1.034918e+03 1.034347e+03 1.031536e+03 1.032108e+03
10.8 1.027739e+03 1.033168e+03 1.029510e+03 1.024081e+03
11.8 1.032444e+03 1.032794e+03 1.028554e+03 1.028204e+03
12.8 1.052512e+03 1.035125e+03 1.029441e+03 1.046828e+03
13.8 1.054511e+03 1.035362e+03 1.030913e+03 1.050062e+03
14.8 1.043517e+03 1.034189e+03 1.032040e+03 1.041368e+03
15.8 1.060819e+03 1.035631e+03 1.032689e+03 1.057877e+03
16.8 1.046614e+03 1.036991e+03 1.032992e+03 1.042615e+03
17.8 1.047018e+03 1.037023e+03 1.033075e+03 1.043070e+03
18.8 1.038279e+03 1.036552e+03 1.033035e+03 1.034762e+03
19.8 1.031988e+03 1.036134e+03 1.032944e+03 1.028798e+03
20.8 1.004985e+03 1.035831e+03 1.032822e+03 1.001976e+03
21.8 1.037820e+03 1.034947e+03 1.032033e+03 1.034906e+03
0.3 1.042119e+03 1.030026e+03 1.032731e+03 1.044824e+03
1.3 1.037060e+03 1.032977e+03 1.032709e+03 1.036792e+03
2.3 1.034918e+03 1.034347e+03 1.031536e+03 1.032108e+03
3.3 1.027739e+03 1.033168e+03 1.029510e+03 1.024081e+03
4.3 1.032444e+03 1.032794e+03 1.028554e+03 1.028204e+03
5.3 1.052512e+03 1.035125e+03 1.029441e+03 1.046828e+03
6.3 1.054511e+03 1.035362e+03 1.030913e+03 1.050062e+03
7.3 1.043517e+03 1.034189e+03 1.032040e+03 1.041368e+03
8.3 1.060819e+03 1.035631e+03 1.032689e+03 1.057877e+03
9.3 1.046614e+03 1.036991e+03 1.032992e+03 1.042615e+03
10.3 1.047018e+03 1.037023e+03 1.033075e+03 1.043070e+03
11.3 1.038279e+03 1.036552e+03 1.033035e+03 1.034762e+03
12.3 1.031988e+03 1.036134e+03 1.032944e+03 1.028798e+03
13.3 1.004985e+03 1.035831e+03 1.032822e+03 1.001976e+03
14.3 1.037820e+03 1.034947e+03 1.032033e+03 1.034906e+03
15.3 1.008521e+03 1.033106e+03 1.030226e+03 1.005641e+03
16.3 1.033901e+03 1.033007e+03 1.029337e+03 1.030231e+03
17.3 1.055859e+03 1.035398e+03 1.030075e+03 1.050536e+03
18.3 1.052027e+03 1.035880e+03 1.031268e+03 1.047416e+03
19.3 1.040843e+03 1.033848e+03 1.032161e+03 1.039156e+03
20.3 1.031225e+03 1.034350e+03 1.032672e+03 1.029546e+03
21.3 1.043000e+03 1.036253e+03 1.032912e+03 1.039659e+03
0.9 1.004985e+03 1.035831e+03 1.032822e+03 1.001976e+03
1.9 1.037820e+03 1.034947e+03 1.032033e+03 1.034906e+03
2.9 1.008521e+03 1.033106e+03 1.030226e+03 1.005641e+03
3.9 1.033901e+03 1.033007e+03 1.029337e+03 1.030231e+03
4.9 1.055859e+03 1.035398e+03 1.030075e+03 1.050536e+03
5.9 1.052027e+03 1.035880e+03 1.031268e+03 1.047416e+03
6.9 1.040843e+03 1.033848e+03 1.032161e+03 1.039156e+03
7.9 1.031225e+03 1.034350e+03 1.032672e+03 1.029546e+03
8.9 1.043000e+03 1.036253e+03 1.032912e+03 1.039659e+03
9.9 1.022437e+03 1.036978e+03 1.032981e+03 1.018440e+03
10.9 1.036508e+03 1.036829e+03 1.032952e+03 1.032631e+03
11.9 1.046150e+03 1.032376e+03 1.032882e+03 1.046656e+03
12.9 1.024613e+03 1.027525e+03 1.032809e+03 1.029896e+03
13.9 1.020560e+03 1.028042e+03 1.032752e+03 1.025269e+03
14.9 1.037135e+03 1.031038e+03 1.032714e+03 1.038811e+03
15.9 1.063218e+03 1.033615e+03 1.032692e+03 1.062295e+03
16.9 1.048899e+03 1.035186e+03 1.032681e+03 1.046394e+03
17.9 1.051208e+03 1.035320e+03 1.032675e+03 1.048563e+03
18.9 1.035648e+03 1.032076e+03 1.032672e+03 1.036245e+03
19.9 1.046086e+03 1.030517e+03 1.032671e+03 1.048240e+03
20.9 1.029140e+03 1.033172e+03 1.032671e+03 1.028639e+03
21.9 1.025119e+03 1.035506e+03 1.032671e+03 1.022284e+03
0.9 1.021322e+03 1.035548e+03 1.032642e+03 1.018416e+03
1.9 1.014964e+03 1.034772e+03 1.031927e+03 1.012119e+03
2.9 1.034410e+03 1.032916e+03 1.030065e+03 1.031559e+03
3.9 1.038431e+03 1.031535e+03 1.028520e+03 1.035416e+03
4.9 1.034914e+03 1.033312e+03 1.028866e+03 1.030468e+03
5.9 1.035872e+03 1.034809e+03 1.030321e+03 1.031383e+03
6.9 1.009718e+03 1.032692e+03 1.031649e+03 1.008675e+03
7.9 1.040601e+03 1.030084e+03 1.032481e+03 1.042998e+03
8.9 1.043201e+03 1.031638e+03 1.032904e+03 1.044467e+03
9.9 1.038581e+03 1.034931e+03 1.033060e+03 1.036709e+03
10.9 1.042830e+03 1.036497e+03 1.033058e+03 1.039391e+03
11.9 1.022162e+03 1.036711e+03 1.032980e+03 1.018430e+03
12.9 1.048371e+03 1.036003e+03 1.032883e+03 1.045250e+03
13.9 1.038386e+03 1.032347e+03 1.032801e+03 1.038840e+03
14.9 1.040603e+03 1.026701e+03 1.032743e+03 1.046645e+03
15.9 1.027134e+03 1.021965e+03 1.032708e+03 1.037877e+03
16.9 1.035858e+03 1.021662e+03 1.032688e+03 1.046884e+03
17.9 1.023649e+03 1.022887e+03 1.032679e+03 1.033440e+03
18.9 1.029392e+03 1.027954e+03 1.032674e+03 1.034113e+03
19.9 1.058674e+03 1.033598e+03 1.032672e+03 1.057748e+03
20.9 1.039484e+03 1.036587e+03 1.032671e+03 1.035568e+03
21.9 1.020966e+03 1.036899e+03 1.032671e+03 1.016738e+03
0.2 1.034360e+03 1.033592e+03 1.032671e+03 1.033438e+03
1.2 1.029631e+03 1.035597e+03 1.032537e+03 1.026571e+03
2.2 1.025764e+03 1.035128e+03 1.031379e+03 1.022016e+03
3.2 1.047816e+03 1.033154e+03 1.029669e+03 1.044331e+03
4.2 1.021906e+03 1.028439e+03 1.029434e+03 1.022901e+03
5.2 1.031715e+03 1.025043e+03 1.030480e+03 1.037152e+03
6.2 1.006686e+03 1.027047e+03 1.031605e+03 1.011244e+03
7.2 1.017717e+03 1.030382e+03 1.031813e+03 1.019148e+03
8.2 1.011201e+03 1.031623e+03 1.030470e+03 1.010048e+03
9.2 1.035649e+03 1.031674e+03 1.028917e+03 1.032892e+03
10.2 1.039241e+03 1.033806e+03 1.029020e+03 1.034456e+03
11.2 1.009412e+03 1.036965e+03 1.030361e+03 1.002808e+03
12.2 1.022295e+03 1.038509e+03 1.031674e+03 1.015460e+03
13.2 1.044777e+03 1.038740e+03 1.032508e+03 1.038545e+03
14.2 1.038473e+03 1.039325e+03 1.032929e+03 1.032077e+03
15.2 1.030639e+03 1.039840e+03 1.033084e+03 1.023884e+03
16.2 1.060065e+03 1.038862e+03 1.033081e+03 1.054284e+03
17.2 1.038675e+03 1.037362e+03 1.033001e+03 1.034313e+03
18.2 1.041315e+03 1.036234e+03 1.032900e+03 1.037981e+03
19.2 1.025867e+03 1.035121e+03 1.032812e+03 1.023558e+03
20.2 1.033442e+03 1.032460e+03 1.032750e+03 1.033732e+03
21.2 1.016887e+03 1.029112e+03 1.032712e+03 1.020486e+03
0.7 1.006686e+03 1.027047e+03 1.031605e+03 1.011244e+03
1.7 1.017717e+03 1.030382e+03 1.031813e+03 1.019148e+03
2.7 1.011201e+03 1.031623e+03 1.030470e+03 1.010048e+03
3.7 1.035649e+03 1.031674e+03 1.028917e+03 1.032892e+03
4.7 1.039241e+03 1.033806e+03 1.029020e+03 1.034456e+03
5.7 1.009412e+03 1.036965e+03 1.030361e+03 1.002808e+03
6.7 1.022295e+03 1.038509e+03 1.031674e+03 1.015460e+03
7.7 1.044777e+03 1.038740e+03 1.032508e+03 1.038545e+03
8.7 1.038473e+03 1.039325e+03 1.032929e+03 1.032077e+03
9.7 1.030639e+03 1.039840e+03 1.033084e+03 1.023884e+03
10.7 1.060065e+03 1.038862e+03 1.033081e+03 1.054284e+03
11.7 1.038675e+03 1.037362e+03 1.033001e+03 1.034313e+03
12.7 1.041315e+03 1.036234e+03 1.032900e+03 1.037981e+03
13.7 1.025867e+03 1.035121e+03 1.032812e+03 1.023558e+03
14.7 1.033442e+03 1.032460e+03 1.032750e+03 1.033732e+03
15.7 1.016887e+03 1.029112e+03 1.032712e+03 1.020486e+03
16.7 1.034091e+03 1.024201e+03 1.032690e+03 1.042580e+03
17.7 1.025398e+03 1.023230e+03 1.032680e+03 1.034848e+03
18.7 1.034532e+03 1.027058e+03 1.032674e+03 1.040148e+03
19.7 1.024393e+03 1.031467e+03 1.032672e+03 1.025598e+03
20.7 1.036789e+03 1.033806e+03 1.032671e+03 1.035654e+03
21.7 1.027337e+03 1.032832e+03 1.032671e+03 1.027176e+03
0.7 9.996963e+02 1.021754e+03 1.032665e+03 1.010607e+03
1.7 1.012022e+03 1.026903e+03 1.032208e+03 1.017327e+03
2.7 1.025460e+03 1.030447e+03 1.030541e+03 1.025554e+03
3.7 1.021625e+03 1.031823e+03 1.028728e+03 1.018531e+03
4.7 1.006243e+03 1.034282e+03 1.028633e+03 1.000594e+03
5.7 1.008924e+03 1.037459e+03 1.029968e+03 1.001433e+03
6.7 9.982081e+02 1.037402e+03 1.031388e+03 9.921943e+02
7.7 9.916393e+02 1.033912e+03 1.032333e+03 9.900598e+02
8.7 9.781528e+02 1.032267e+03 1.032835e+03 9.787210e+02
9.7 9.774889e+02 1.034490e+03 1.033042e+03 9.760407e+02
10.7 1.022848e+03 1.034846e+03 1.033068e+03 1.021070e+03
11.7 1.028230e+03 1.031394e+03 1.033001e+03 1.029837e+03
12.7 1.063740e+03 1.031331e+03 1.032905e+03 1.065313e+03
13.7 1.046585e+03 1.033724e+03 1.032818e+03 1.045678e+03
14.7 1.029833e+03 1.031902e+03 1.032754e+03 1.030685e+03
15.7 1.030671e+03 1.027598e+03 1.032714e+03 1.035787e+03
16.7 1.006792e+03 1.028590e+03 1.032692e+03 1.010894e+03
17.7 1.029658e+03 1.032819e+03 1.032680e+03 1.029520e+03
18.7 1.020543e+03 1.035515e+03 1.032675e+03 1.017703e+03
19.7 1.005952e+03 1.036342e+03 1.032672e+03 1.002283e+03
20.7 1.028935e+03 1.034842e+03 1.032671e+03 1.026764e+03
21.7 1.009720e+03 1.031323e+03 1.032671e+03 1.011067e+03
