0.9 1.143904e+04 1.137188e+04 1.141190e+04 1.147906e+04
1.9 1.147495e+04 1.138545e+04 1.142717e+04 1.151667e+04
2.9 1.151082e+04 1.142206e+04 1.146307e+04 1.155183e+04
3.9 1.142969e+04 1.144810e+04 1.147953e+04 1.146111e+04
4.9 1.145044e+04 1.144947e+04 1.146359e+04 1.146455e+04
5.9 1.141381e+04 1.142922e+04 1.143923e+04 1.142382e+04
6.9 1.141133e+04 1.141897e+04 1.142124e+04 1.141360e+04
7.9 1.145358e+04 1.142912e+04 1.141102e+04 1.143548e+04
8.9 1.148883e+04 1.143761e+04 1.140625e+04 1.145747e+04
9.9 1.147289e+04 1.143261e+04 1.140492e+04 1.144520e+04
10.9 1.143356e+04 1.141238e+04 1.140555e+04 1.142673e+04
11.9 1.138452e+04 1.139782e+04 1.140698e+04 1.139367e+04
12.9 1.144756e+04 1.140991e+04 1.140845e+04 1.144610e+04
13.9 1.144322e+04 1.143348e+04 1.140960e+04 1.141934e+04
14.9 1.144852e+04 1.144467e+04 1.141036e+04 1.141420e+04
15.9 1.143549e+04 1.143954e+04 1.141080e+04 1.140674e+04
16.9 1.140304e+04 1.141805e+04 1.141103e+04 1.139601e+04
17.9 1.145246e+04 1.139502e+04 1.141114e+04 1.146858e+04
18.9 1.144472e+04 1.138062e+04 1.141119e+04 1.147529e+04
19.9 1.147027e+04 1.138890e+04 1.141121e+04 1.149259e+04
20.9 1.147088e+04 1.141288e+04 1.141122e+04 1.146923e+04
21.9 1.142703e+04 1.142920e+04 1.141123e+04 1.140906e+04
0.3 1.142710e+04 1.136944e+04 1.141123e+04 1.146889e+04
1.3 1.140709e+04 1.137374e+04 1.141454e+04 1.144789e+04
2.3 1.144535e+04 1.140051e+04 1.143957e+04 1.148441e+04
3.3 1.147166e+04 1.143657e+04 1.147357e+04 1.150866e+04
4.3 1.147061e+04 1.144488e+04 1.147626e+04 1.150200e+04
5.3 1.152535e+04 1.143964e+04 1.145433e+04 1.154004e+04
6.3 1.152163e+04 1.144283e+04 1.143156e+04 1.151036e+04
7.3 1.140794e+04 1.143502e+04 1.141665e+04 1.138958e+04
8.3 1.138025e+04 1.141777e+04 1.140874e+04 1.137122e+04
9.3 1.139164e+04 1.141819e+04 1.140544e+04 1.137890e+04
10.3 1.139783e+04 1.143539e+04 1.140499e+04 1.136743e+04
11.3 1.142512e+04 1.144035e+04 1.140604e+04 1.139080e+04
12.3 1.140908e+04 1.142814e+04 1.140755e+04 1.138849e+04
13.3 1.146722e+04 1.142901e+04 1.140892e+04 1.144714e+04
14.3 1.137151e+04 1.144985e+04 1.140992e+04 1.133158e+04
15.3 1.140416e+04 1.145847e+04 1.141055e+04 1.135624e+04
16.3 1.150668e+04 1.144188e+04 1.141090e+04 1.147570e+04
17.3 1.141736e+04 1.142762e+04 1.141108e+04 1.140082e+04
18.3 1.143959e+04 1.142219e+04 1.141116e+04 1.142857e+04
19.3 1.141793e+04 1.141117e+04 1.141120e+04 1.141797e+04
20.3 1.134544e+04 1.139467e+04 1.141122e+04 1.136199e+04
21.3 1.137752e+04 1.138068e+04 1.141123e+04 1.140807e+04
0.4 1.141056e+04 1.137313e+04 1.141123e+04 1.144867e+04
1.4 1.130973e+04 1.137560e+04 1.141600e+04 1.135012e+04
2.4 1.132930e+04 1.140075e+04 1.144102e+04 1.136957e+04
3.4 1.138907e+04 1.142205e+04 1.145852e+04 1.142554e+04
4.4 1.141265e+04 1.141964e+04 1.145019e+04 1.144319e+04
5.4 1.143237e+04 1.140403e+04 1.143307e+04 1.146140e+04
6.4 1.135271e+04 1.138951e+04 1.141975e+04 1.138296e+04
7.4 1.133107e+04 1.139021e+04 1.141200e+04 1.135287e+04
8.4 1.142077e+04 1.141064e+04 1.140822e+04 1.141836e+04
9.4 1.143418e+04 1.142869e+04 1.140698e+04 1.141247e+04
10.4 1.144897e+04 1.143353e+04 1.140723e+04 1.142267e+04
11.4 1.138391e+04 1.141904e+04 1.140816e+04 1.137303e+04
12.4 1.134410e+04 1.139866e+04 1.140918e+04 1.135462e+04
13.4 1.130017e+04 1.138348e+04 1.141001e+04 1.132669e+04
14.4 1.122859e+04 1.137506e+04 1.141057e+04 1.126410e+04
15.4 1.129619e+04 1.137150e+04 1.141090e+04 1.133558e+04
16.4 1.127383e+04 1.137390e+04 1.141107e+04 1.131100e+04
17.4 1.136442e+04 1.139768e+04 1.141116e+04 1.137790e+04
18.4 1.141890e+04 1.143610e+04 1.141120e+04 1.139400e+04
19.4 1.147033e+04 1.145473e+04 1.141122e+04 1.142681e+04
20.4 1.151010e+04 1.144401e+04 1.141122e+04 1.147731e+04
21.4 1.145729e+04 1.143485e+04 1.141123e+04 1.143366e+04
0.8 1.134832e+04 1.139066e+04 1.141151e+04 1.136918e+04
1.8 1.136795e+04 1.139071e+04 1.142330e+04 1.140055e+04
2.8 1.139809e+04 1.141954e+04 1.145819e+04 1.143674e+04
3.8 1.143918e+04 1.144139e+04 1.148046e+04 1.147824e+04
4.8 1.144653e+04 1.143411e+04 1.146818e+04 1.148059e+04
5.8 1.136743e+04 1.141969e+04 1.144336e+04 1.139110e+04
6.8 1.139255e+04 1.142485e+04 1.142375e+04 1.139145e+04
7.8 1.143952e+04 1.143452e+04 1.141224e+04 1.141724e+04
8.8 1.148464e+04 1.143211e+04 1.140667e+04 1.145920e+04
9.8 1.149856e+04 1.143164e+04 1.140487e+04 1.147180e+04
10.8 1.141578e+04 1.143408e+04 1.140528e+04 1.138697e+04
11.8 1.142545e+04 1.142280e+04 1.140666e+04 1.140931e+04
12.8 1.138706e+04 1.140260e+04 1.140819e+04 1.139265e+04
13.8 1.133726e+04 1.138508e+04 1.140941e+04 1.136160e+04
14.8 1.133087e+04 1.137474e+04 1.141024e+04 1.136637e+04
15.8 1.135973e+04 1.137033e+04 1.141073e+04 1.140014e+04
16.8 1.139575e+04 1.136951e+04 1.141100e+04 1.143724e+04
17.8 1.136456e+04 1.137053e+04 1.141113e+04 1.140517e+04
18.8 1.138442e+04 1.137278e+04 1.141119e+04 1.142283e+04
19.8 1.138362e+04 1.138838e+04 1.141121e+04 1.140645e+04
20.8 1.147052e+04 1.142592e+04 1.141122e+04 1.145583e+04
21.8 1.150351e+04 1.145723e+04 1.141123e+04 1.145750e+04
0.3 1.133906e+04 1.137723e+04 1.141123e+04 1.137306e+04
1.3 1.137321e+04 1.137433e+04 1.141487e+04 1.141375e+04
2.3 1.142913e+04 1.139617e+04 1.143852e+04 1.147148e+04
3.3 1.148801e+04 1.142397e+04 1.145815e+04 1.152218e+04
4.3 1.143680e+04 1.143527e+04 1.145202e+04 1.145355e+04
5.3 1.146427e+04 1.143566e+04 1.144861e+04 1.147723e+04
6.3 1.149276e+04 1.144243e+04 1.146180e+04 1.151213e+04
7.3 1.146457e+04 1.143565e+04 1.145840e+04 1.148731e+04
8.3 1.140536e+04 1.141461e+04 1.143957e+04 1.143032e+04
9.3 1.130212e+04 1.139294e+04 1.142203e+04 1.133121e+04
10.3 1.135799e+04 1.138300e+04 1.141592e+04 1.139091e+04
11.3 1.141508e+04 1.140063e+04 1.143568e+04 1.145014e+04
12.3 1.149710e+04 1.141909e+04 1.145247e+04 1.153048e+04
13.3 1.147108e+04 1.141618e+04 1.144510e+04 1.150000e+04
14.3 1.135309e+04 1.140352e+04 1.142922e+04 1.137879e+04
15.3 1.140898e+04 1.141180e+04 1.141711e+04 1.141429e+04
16.3 1.139712e+04 1.143703e+04 1.141036e+04 1.137046e+04
17.3 1.142962e+04 1.144985e+04 1.140729e+04 1.138706e+04
18.3 1.144627e+04 1.144046e+04 1.140647e+04 1.141228e+04
19.3 1.138700e+04 1.141579e+04 1.140696e+04 1.137818e+04
20.3 1.137009e+04 1.140331e+04 1.140802e+04 1.137480e+04
21.3 1.143588e+04 1.142287e+04 1.140911e+04 1.142213e+04
0.9 1.143680e+04 1.143527e+04 1.145202e+04 1.145355e+04
1.9 1.146427e+04 1.143566e+04 1.144861e+04 1.147723e+04
2.9 1.149276e+04 1.144243e+04 1.146180e+04 1.151213e+04
3.9 1.146457e+04 1.143565e+04 1.145840e+04 1.148731e+04
4.9 1.140536e+04 1.141461e+04 1.143957e+04 1.143032e+04
5.9 1.130212e+04 1.139294e+04 1.142203e+04 1.133121e+04
6.9 1.135799e+04 1.138300e+04 1.141592e+04 1.139091e+04
7.9 1.141508e+04 1.140063e+04 1.143568e+04 1.145014e+04
8.9 1.149710e+04 1.141909e+04 1.145247e+04 1.153048e+04
9.9 1.147108e+04 1.141618e+04 1.144510e+04 1.150000e+04
10.9 1.135309e+04 1.140352e+04 1.142922e+04 1.137879e+04
11.9 1.140898e+04 1.141180e+04 1.141711e+04 1.141429e+04
12.9 1.139712e+04 1.143703e+04 1.141036e+04 1.137046e+04
13.9 1.142962e+04 1.144985e+04 1.140729e+04 1.138706e+04
14.9 1.144627e+04 1.144046e+04 1.140647e+04 1.141228e+04
15.9 1.138700e+04 1.141579e+04 1.140696e+04 1.137818e+04
16.9 1.137009e+04 1.140331e+04 1.140802e+04 1.137480e+04
17.9 1.143588e+04 1.142287e+04 1.140911e+04 1.142213e+04
18.9 1.145794e+04 1.144966e+04 1.140997e+04 1.141826e+04
19.9 1.144883e+04 1.144966e+04 1.141055e+04 1.140971e+04
20.9 1.146706e+04 1.143656e+04 1.141089e+04 1.144138e+04
21.9 1.143986e+04 1.144255e+04 1.141107e+04 1.140838e+04
0.4 1.130212e+04 1.139294e+04 1.142203e+04 1.133121e+04
1.4 1.135799e+04 1.138300e+04 1.141592e+04 1.139091e+04
2.4 1.141508e+04 1.140063e+04 1.143568e+04 1.145014e+04
3.4 1.149710e+04 1.141909e+04 1.145247e+04 1.153048e+04
4.4 1.147108e+04 1.141618e+04 1.144510e+04 1.150000e+04
5.4 1.135309e+04 1.140352e+04 1.142922e+04 1.137879e+04
6.4 1.140898e+04 1.141180e+04 1.141711e+04 1.141429e+04
7.4 1.139712e+04 1.143703e+04 1.141036e+04 1.137046e+04
8.4 1.142962e+04 1.144985e+04 1.140729e+04 1.138706e+04
9.4 1.144627e+04 1.144046e+04 1.140647e+04 1.141228e+04
10.4 1.138700e+04 1.141579e+04 1.140696e+04 1.137818e+04
11.4 1.137009e+04 1.140331e+04 1.140802e+04 1.137480e+04
12.4 1.143588e+04 1.142287e+04 1.140911e+04 1.142213e+04
13.4 1.145794e+04 1.144966e+04 1.140997e+04 1.141826e+04
14.4 1.144883e+04 1.144966e+04 1.141055e+04 1.140971e+04
15.4 1.146706e+04 1.143656e+04 1.141089e+04 1.144138e+04
16.4 1.143986e+04 1.144255e+04 1.141107e+04 1.140838e+04
17.4 1.139296e+04 1.145691e+04 1.141116e+04 1.134721e+04
18.4 1.137168e+04 1.145000e+04 1.141120e+04 1.133288e+04
19.4 1.137700e+04 1.142457e+04 1.141122e+04 1.136365e+04
20.4 1.136706e+04 1.139780e+04 1.141122e+04 1.138049e+04
21.4 1.141083e+04 1.137963e+04 1.141123e+04 1.144243e+04
0.5 1.139297e+04 1.143327e+04 1.141125e+04 1.137094e+04
1.5 1.140395e+04 1.143015e+04 1.141733e+04 1.139114e+04
2.5 1.142949e+04 1.144000e+04 1.144716e+04 1.143666e+04
3.5 1.139082e+04 1.145556e+04 1.147717e+04 1.141243e+04
4.5 1.141433e+04 1.145650e+04 1.147296e+04 1.143079e+04
5.5 1.141552e+04 1.143678e+04 1.144933e+04 1.142808e+04
6.5 1.140132e+04 1.141703e+04 1.142791e+04 1.141219e+04
7.5 1.140632e+04 1.142722e+04 1.141459e+04 1.139369e+04
8.5 1.141620e+04 1.145020e+04 1.140777e+04 1.137377e+04
9.5 1.143188e+04 1.145005e+04 1.140517e+04 1.138700e+04
10.5 1.142983e+04 1.142779e+04 1.140512e+04 1.140716e+04
11.5 1.141904e+04 1.141213e+04 1.140633e+04 1.141324e+04
12.5 1.138889e+04 1.142109e+04 1.140785e+04 1.137564e+04
13.5 1.138054e+04 1.142757e+04 1.140916e+04 1.136212e+04
14.5 1.145337e+04 1.141701e+04 1.141026e+04 1.144663e+04
15.5 1.146277e+04 1.140882e+04 1.142127e+04 1.147522e+04
16.5 1.147140e+04 1.142134e+04 1.144903e+04 1.149910e+04
17.5 1.137680e+04 1.142534e+04 1.145800e+04 1.140946e+04
18.5 1.131564e+04 1.141517e+04 1.144814e+04 1.134861e+04
19.5 1.129897e+04 1.142191e+04 1.145657e+04 1.133363e+04
20.5 1.141209e+04 1.144300e+04 1.147911e+04 1.144820e+04
21.5 1.140546e+04 1.144263e+04 1.147550e+04 1.143833e+04
0.7 1.145337e+04 1.141701e+04 1.141026e+04 1.144663e+04
1.7 1.146277e+04 1.140882e+04 1.142127e+04 1.147522e+04
2.7 1.147140e+04 1.142134e+04 1.144903e+04 1.149910e+04
3.7 1.137680e+04 1.142534e+04 1.145800e+04 1.140946e+04
4.7 1.131564e+04 1.141517e+04 1.144814e+04 1.134861e+04
5.7 1.129897e+04 1.142191e+04 1.145657e+04 1.133363e+04
6.7 1.141209e+04 1.144300e+04 1.147911e+04 1.144820e+04
7.7 1.140546e+04 1.144263e+04 1.147550e+04 1.143833e+04
8.7 1.136451e+04 1.142147e+04 1.145072e+04 1.139376e+04
9.7 1.131265e+04 1.139751e+04 1.142727e+04 1.134241e+04
10.7 1.138053e+04 1.138219e+04 1.141291e+04 1.141125e+04
11.7 1.140913e+04 1.138905e+04 1.140599e+04 1.142608e+04
12.7 1.141263e+04 1.141711e+04 1.140368e+04 1.139920e+04
13.7 1.137824e+04 1.143936e+04 1.140398e+04 1.134286e+04
14.7 1.139794e+04 1.144654e+04 1.140550e+04 1.135690e+04
15.7 1.142135e+04 1.144618e+04 1.140729e+04 1.138245e+04
16.7 1.148202e+04 1.144391e+04 1.140881e+04 1.144692e+04
17.7 1.143942e+04 1.143932e+04 1.140987e+04 1.140998e+04
18.7 1.140023e+04 1.142190e+04 1.141053e+04 1.138886e+04
19.7 1.134420e+04 1.139855e+04 1.141089e+04 1.135655e+04
20.7 1.140655e+04 1.138157e+04 1.141108e+04 1.143605e+04
21.7 1.144330e+04 1.138385e+04 1.141116e+04 1.147062e+04
0.3 1.137680e+04 1.142534e+04 1.145800e+04 1.140946e+04
1.3 1.131564e+04 1.141517e+04 1.144814e+04 1.134861e+04
2.3 1.129897e+04 1.142191e+04 1.145657e+04 1.133363e+04
3.3 1.141209e+04 1.144300e+04 1.147911e+04 1.144820e+04
4.3 1.140546e+04 1.144263e+04 1.147550e+04 1.143833e+04
5.3 1.136451e+04 1.142147e+04 1.145072e+04 1.139376e+04
6.3 1.131265e+04 1.139751e+04 1.142727e+04 1.134241e+04
7.3 1.138053e+04 1.138219e+04 1.141291e+04 1.141125e+04
8.3 1.140913e+04 1.138905e+04 1.140599e+04 1.142608e+04
9.3 1.141263e+04 1.141711e+04 1.140368e+04 1.139920e+04
10.3 1.137824e+04 1.143936e+04 1.140398e+04 1.134286e+04
11.3 1.139794e+04 1.144654e+04 1.140550e+04 1.135690e+04
12.3 1.142135e+04 1.144618e+04 1.140729e+04 1.138245e+04
13.3 1.148202e+04 1.144391e+04 1.140881e+04 1.144692e+04
14.3 1.143942e+04 1.143932e+04 1.140987e+04 1.140998e+04
15.3 1.140023e+04 1.142190e+04 1.141053e+04 1.138886e+04
16.3 1.134420e+04 1.139855e+04 1.141089e+04 1.135655e+04
17.3 1.140655e+04 1.138157e+04 1.141108e+04 1.143605e+04
18.3 1.144330e+04 1.138385e+04 1.141116e+04 1.147062e+04
19.3 1.144949e+04 1.141023e+04 1.141120e+04 1.145046e+04
20.3 1.143116e+04 1.143520e+04 1.141122e+04 1.140718e+04
21.3 1.142959e+04 1.143522e+04 1.141123e+04 1.140560e+04
