0.3 6.679550e+03 6.685396e+03 6.691584e+03 6.685738e+03
1.3 6.667167e+03 6.685743e+03 6.691930e+03 6.673354e+03
2.3 6.686388e+03 6.688552e+03 6.694740e+03 6.692575e+03
3.3 6.664516e+03 6.693242e+03 6.699423e+03 6.670697e+03
4.3 6.729653e+03 6.699448e+03 6.701552e+03 6.731757e+03
5.3 6.739398e+03 6.709865e+03 6.699357e+03 6.728890e+03
6.3 6.741326e+03 6.700196e+03 6.695820e+03 6.736949e+03
7.3 6.696030e+03 6.673291e+03 6.693121e+03 6.715860e+03
8.3 6.699191e+03 6.659175e+03 6.691567e+03 6.731583e+03
9.3 6.696930e+03 6.675036e+03 6.690842e+03 6.712736e+03
10.3 6.674964e+03 6.690256e+03 6.690639e+03 6.675348e+03
11.3 6.692718e+03 6.693995e+03 6.690730e+03 6.689453e+03
12.3 6.704947e+03 6.694686e+03 6.690943e+03 6.701204e+03
13.3 6.703784e+03 6.696746e+03 6.691163e+03 6.698200e+03
14.3 6.698454e+03 6.701418e+03 6.691335e+03 6.688372e+03
15.3 6.727017e+03 6.700886e+03 6.691450e+03 6.717581e+03
16.3 6.722729e+03 6.697594e+03 6.691517e+03 6.716652e+03
17.3 6.658311e+03 6.698512e+03 6.691553e+03 6.651351e+03
18.3 6.669832e+03 6.700164e+03 6.691570e+03 6.661238e+03
19.3 6.669286e+03 6.696212e+03 6.691578e+03 6.664652e+03
20.3 6.693737e+03 6.691244e+03 6.691581e+03 6.694074e+03
21.3 6.688139e+03 6.689315e+03 6.691583e+03 6.690407e+03
0.2 6.642801e+03 6.659747e+03 6.691584e+03 6.674638e+03
1.2 6.677792e+03 6.676074e+03 6.691809e+03 6.693528e+03
2.2 6.660941e+03 6.687318e+03 6.694267e+03 6.667891e+03
3.2 6.730274e+03 6.694876e+03 6.698920e+03 6.734319e+03
4.2 6.674408e+03 6.699709e+03 6.701557e+03 6.676256e+03
5.2 6.740837e+03 6.704788e+03 6.699740e+03 6.735789e+03
6.2 6.696624e+03 6.703803e+03 6.696202e+03 6.689023e+03
7.2 6.724378e+03 6.697253e+03 6.693368e+03 6.720494e+03
8.2 6.687759e+03 6.690752e+03 6.691696e+03 6.688703e+03
9.2 6.699450e+03 6.686598e+03 6.690894e+03 6.703746e+03
10.2 6.707106e+03 6.684915e+03 6.690644e+03 6.712835e+03
11.2 6.710062e+03 6.685223e+03 6.690711e+03 6.715550e+03
12.2 6.761438e+03 6.692524e+03 6.690917e+03 6.759831e+03
13.1 6.720011e+03 6.705815e+03 6.691139e+03 6.705335e+03
14.1 6.733476e+03 6.706985e+03 6.691496e+03 6.717988e+03
15.1 6.703410e+03 6.701603e+03 6.693898e+03 6.695704e+03
16.1 6.704271e+03 6.698526e+03 6.698119e+03 6.703864e+03
17.1 6.733147e+03 6.704047e+03 6.699323e+03 6.728423e+03
18.1 6.768583e+03 6.711513e+03 6.697126e+03 6.754196e+03
19.1 6.720708e+03 6.706789e+03 6.694394e+03 6.708313e+03
20.1 6.720508e+03 6.697730e+03 6.693425e+03 6.716204e+03
21.1 6.710659e+03 6.693735e+03 6.696151e+03 6.713075e+03
0.1 6.720011e+03 6.705815e+03 6.691139e+03 6.705335e+03
1.1 6.733476e+03 6.706985e+03 6.691496e+03 6.717988e+03
2.1 6.703410e+03 6.701603e+03 6.693898e+03 6.695704e+03
3.1 6.704271e+03 6.698526e+03 6.698119e+03 6.703864e+03
4.1 6.733147e+03 6.704047e+03 6.699323e+03 6.728423e+03
5.1 6.768583e+03 6.711513e+03 6.697126e+03 6.754196e+03
6.1 6.720708e+03 6.706789e+03 6.694394e+03 6.708313e+03
7.1 6.720508e+03 6.697730e+03 6.693425e+03 6.716204e+03
8.1 6.710659e+03 6.693735e+03 6.696151e+03 6.713075e+03
9.1 6.680974e+03 6.694027e+03 6.700091e+03 6.687038e+03
10.1 6.703811e+03 6.700736e+03 6.700570e+03 6.703645e+03
11.1 6.712926e+03 6.710131e+03 6.697640e+03 6.700435e+03
12.1 6.718758e+03 6.707151e+03 6.694387e+03 6.705995e+03
13.1 6.735563e+03 6.697683e+03 6.692220e+03 6.730100e+03
14.1 6.694858e+03 6.689849e+03 6.691084e+03 6.696093e+03
15.1 6.688006e+03 6.686343e+03 6.690632e+03 6.692295e+03
16.1 6.627325e+03 6.688939e+03 6.690592e+03 6.628977e+03
17.1 6.774737e+03 6.702086e+03 6.690764e+03 6.763415e+03
18.1 6.704764e+03 6.707127e+03 6.691002e+03 6.688639e+03
19.1 6.724282e+03 6.701822e+03 6.691217e+03 6.713677e+03
20.1 6.713977e+03 6.696028e+03 6.691375e+03 6.709323e+03
21.1 6.684241e+03 6.694998e+03 6.691474e+03 6.680717e+03
0.6 6.720708e+03 6.706789e+03 6.694394e+03 6.708313e+03
1.6 6.720508e+03 6.697730e+03 6.693425e+03 6.716204e+03
2.6 6.710659e+03 6.693735e+03 6.696151e+03 6.713075e+03
3.6 6.680974e+03 6.694027e+03 6.700091e+03 6.687038e+03
4.6 6.703811e+03 6.700736e+03 6.700570e+03 6.703645e+03
5.6 6.712926e+03 6.710131e+03 6.697640e+03 6.700435e+03
6.6 6.718758e+03 6.707151e+03 6.694387e+03 6.705995e+03
7.6 6.735563e+03 6.697683e+03 6.692220e+03 6.730100e+03
8.6 6.694858e+03 6.689849e+03 6.691084e+03 6.696093e+03
9.6 6.688006e+03 6.686343e+03 6.690632e+03 6.692295e+03
10.6 6.627325e+03 6.688939e+03 6.690592e+03 6.628977e+03
11.6 6.774737e+03 6.702086e+03 6.690764e+03 6.763415e+03
12.6 6.704764e+03 6.707127e+03 6.691002e+03 6.688639e+03
13.6 6.724282e+03 6.701822e+03 6.691217e+03 6.713677e+03
14.6 6.713977e+03 6.696028e+03 6.691375e+03 6.709323e+03
15.6 6.684241e+03 6.694998e+03 6.691474e+03 6.680717e+03
16.6 6.721309e+03 6.698157e+03 6.691531e+03 6.714682e+03
17.6 6.687700e+03 6.696267e+03 6.691559e+03 6.682992e+03
18.6 6.684426e+03 6.691090e+03 6.691573e+03 6.684910e+03
19.6 6.740158e+03 6.686873e+03 6.691579e+03 6.744864e+03
20.6 6.692691e+03 6.684605e+03 6.691582e+03 6.699668e+03
21.6 6.693572e+03 6.683703e+03 6.691583e+03 6.701451e+03
0.4 6.724958e+03 6.702225e+03 6.691584e+03 6.714317e+03
1.4 6.681299e+03 6.702461e+03 6.692135e+03 6.670973e+03
2.4 6.714485e+03 6.700068e+03 6.695370e+03 6.709787e+03
3.4 6.714621e+03 6.698576e+03 6.699999e+03 6.716044e+03
4.4 6.711579e+03 6.698999e+03 6.701456e+03 6.714036e+03
5.4 6.759298e+03 6.701787e+03 6.698857e+03 6.756368e+03
6.4 6.707758e+03 6.700853e+03 6.695362e+03 6.702267e+03
7.4 6.687855e+03 6.697950e+03 6.692835e+03 6.682740e+03
8.4 6.701338e+03 6.696536e+03 6.691421e+03 6.696223e+03
9.4 6.698021e+03 6.698565e+03 6.690787e+03 6.690243e+03
10.4 6.677003e+03 6.688419e+03 6.690639e+03 6.679223e+03
11.4 6.687158e+03 6.675079e+03 6.690757e+03 6.702836e+03
12.4 6.682141e+03 6.678552e+03 6.690976e+03 6.694564e+03
13.4 6.725930e+03 6.685058e+03 6.691191e+03 6.732063e+03
14.4 6.740961e+03 6.686842e+03 6.691355e+03 6.745474e+03
15.4 6.703600e+03 6.686422e+03 6.691462e+03 6.708640e+03
16.4 6.705306e+03 6.685905e+03 6.691524e+03 6.710925e+03
17.4 6.689208e+03 6.685653e+03 6.691556e+03 6.695112e+03
18.4 6.714827e+03 6.686628e+03 6.691572e+03 6.719771e+03
19.4 6.670018e+03 6.689425e+03 6.691579e+03 6.672171e+03
20.4 6.753239e+03 6.694148e+03 6.691582e+03 6.750673e+03
21.4 6.663173e+03 6.699800e+03 6.691583e+03 6.654956e+03
0.1 6.694177e+03 6.692382e+03 6.691584e+03 6.693379e+03
1.1 6.690314e+03 6.698754e+03 6.691809e+03 6.683370e+03
2.1 6.736468e+03 6.701610e+03 6.694267e+03 6.729125e+03
3.1 6.749599e+03 6.701542e+03 6.698920e+03 6.746976e+03
4.1 6.686413e+03 6.700858e+03 6.701557e+03 6.687112e+03
5.1 6.716668e+03 6.703143e+03 6.699878e+03 6.713403e+03
6.1 6.662395e+03 6.703227e+03 6.698379e+03 6.657547e+03
7.1 6.731309e+03 6.702908e+03 6.698454e+03 6.726855e+03
8.1 6.702917e+03 6.710727e+03 6.696797e+03 6.688987e+03
9.1 6.741792e+03 6.707761e+03 6.694140e+03 6.728171e+03
10.1 6.719423e+03 6.686992e+03 6.692119e+03 6.724550e+03
11.1 6.656063e+03 6.676861e+03 6.691068e+03 6.670270e+03
12.1 6.696802e+03 6.681748e+03 6.690690e+03 6.705744e+03
13.1 6.735871e+03 6.685371e+03 6.690676e+03 6.741176e+03
14.1 6.709682e+03 6.685887e+03 6.690833e+03 6.714627e+03
15.1 6.693383e+03 6.686400e+03 6.691041e+03 6.698024e+03
16.1 6.695448e+03 6.689334e+03 6.691232e+03 6.697346e+03
17.1 6.659320e+03 6.696247e+03 6.691377e+03 6.654451e+03
18.1 6.685745e+03 6.698005e+03 6.691472e+03 6.679212e+03
19.1 6.671700e+03 6.696237e+03 6.691528e+03 6.666991e+03
20.1 6.676243e+03 6.703116e+03 6.691557e+03 6.664684e+03
21.1 6.738014e+03 6.710733e+03 6.691572e+03 6.718853e+03
1.0 6.716668e+03 6.703143e+03 6.699878e+03 6.713403e+03
2.0 6.662395e+03 6.703227e+03 6.698379e+03 6.657547e+03
3.0 6.731309e+03 6.702908e+03 6.698454e+03 6.726855e+03
4.0 6.702917e+03 6.710727e+03 6.696797e+03 6.688987e+03
5.0 6.741792e+03 6.707761e+03 6.694140e+03 6.728171e+03
6.0 6.719423e+03 6.686992e+03 6.692119e+03 6.724550e+03
7.0 6.656063e+03 6.676861e+03 6.691068e+03 6.670270e+03
8.0 6.696802e+03 6.681748e+03 6.690690e+03 6.705744e+03
9.0 6.735871e+03 6.685371e+03 6.690676e+03 6.741176e+03
10.0 6.709682e+03 6.685887e+03 6.690833e+03 6.714627e+03
11.0 6.693383e+03 6.686400e+03 6.691041e+03 6.698024e+03
12.0 6.695448e+03 6.689334e+03 6.691232e+03 6.697346e+03
13.0 6.659320e+03 6.696247e+03 6.691377e+03 6.654451e+03
14.0 6.685745e+03 6.698005e+03 6.691472e+03 6.679212e+03
15.0 6.671700e+03 6.696237e+03 6.691528e+03 6.666991e+03
16.0 6.676243e+03 6.703116e+03 6.691557e+03 6.664684e+03
17.0 6.738014e+03 6.710733e+03 6.691572e+03 6.718853e+03
18.0 6.726535e+03 6.707246e+03 6.691579e+03 6.710868e+03
19.0 6.720575e+03 6.701592e+03 6.691582e+03 6.710565e+03
20.0 6.758665e+03 6.701307e+03 6.691583e+03 6.748941e+03
21.0 6.736225e+03 6.698128e+03 6.691583e+03 6.729680e+03
22.0 6.602049e+03 6.691918e+03 6.691584e+03 6.601714e+03
0.9 6.722271e+03 6.699008e+03 6.691640e+03 6.714902e+03
1.9 6.695308e+03 6.697429e+03 6.693238e+03 6.691117e+03
2.9 6.721230e+03 6.696182e+03 6.697342e+03 6.722390e+03
3.9 6.585896e+03 6.697548e+03 6.699480e+03 6.587828e+03
4.9 6.667212e+03 6.700888e+03 6.697787e+03 6.664111e+03
5.9 6.721699e+03 6.698624e+03 6.694964e+03 6.718039e+03
6.9 6.674450e+03 6.693897e+03 6.692832e+03 6.673385e+03
7.9 6.654891e+03 6.695212e+03 6.691608e+03 6.651287e+03
8.9 6.676439e+03 6.697396e+03 6.691028e+03 6.670072e+03
9.9 6.618468e+03 6.694811e+03 6.690857e+03 6.614514e+03
10.9 6.659782e+03 6.691455e+03 6.690920e+03 6.659247e+03
11.9 6.674453e+03 6.694181e+03 6.691083e+03 6.671355e+03
12.9 6.658834e+03 6.697127e+03 6.691254e+03 6.652961e+03
13.9 6.686775e+03 6.694252e+03 6.691389e+03 6.683912e+03
14.9 6.700312e+03 6.689768e+03 6.691657e+03 6.702202e+03
15.9 6.704557e+03 6.688732e+03 6.693991e+03 6.709815e+03
16.9 6.644725e+03 6.691646e+03 6.698633e+03 6.651712e+03
17.9 6.706812e+03 6.696296e+03 6.701525e+03 6.712041e+03
18.9 6.628605e+03 6.707332e+03 6.699919e+03 6.621193e+03
19.9 6.701240e+03 6.702684e+03 6.696395e+03 6.694952e+03
20.9 6.690186e+03 6.687391e+03 6.693496e+03 6.696291e+03
21.9 6.696567e+03 6.692047e+03 6.691765e+03 6.696286e+03
0.1 6.686775e+03 6.694252e+03 6.691389e+03 6.683912e+03
1.1 6.700312e+03 6.689768e+03 6.691657e+03 6.702202e+03
2.1 6.704557e+03 6.688732e+03 6.693991e+03 6.709815e+03
3.1 6.644725e+03 6.691646e+03 6.698633e+03 6.651712e+03
4.1 6.706812e+03 6.696296e+03 6.701525e+03 6.712041e+03
5.1 6.628605e+03 6.707332e+03 6.699919e+03 6.621193e+03
6.1 6.701240e+03 6.702684e+03 6.696395e+03 6.694952e+03
7.1 6.690186e+03 6.687391e+03 6.693496e+03 6.696291e+03
8.1 6.696567e+03 6.692047e+03 6.691765e+03 6.696286e+03
9.1 6.656851e+03 6.698108e+03 6.690922e+03 6.649664e+03
10.1 6.696583e+03 6.695302e+03 6.690648e+03 6.691929e+03
11.1 6.668396e+03 6.690106e+03 6.690768e+03 6.669058e+03
12.1 6.687883e+03 6.688176e+03 6.692650e+03 6.692357e+03
13.1 6.672359e+03 6.690761e+03 6.697244e+03 6.678843e+03
14.1 6.676030e+03 6.694254e+03 6.701054e+03 6.682830e+03
15.1 6.737893e+03 6.699451e+03 6.700366e+03 6.738808e+03
16.1 6.735242e+03 6.701256e+03 6.697025e+03 6.731010e+03
0.9 6.668396e+03 6.690106e+03 6.690768e+03 6.669058e+03
1.9 6.687883e+03 6.688176e+03 6.692650e+03 6.692357e+03
2.9 6.672359e+03 6.690761e+03 6.697244e+03 6.678843e+03
3.9 6.676030e+03 6.694254e+03 6.701054e+03 6.682830e+03
4.9 6.737893e+03 6.699451e+03 6.700366e+03 6.738808e+03
5.9 6.735242e+03 6.701256e+03 6.697025e+03 6.731010e+03
