0.3 9.560989e+03 9.512614e+03 9.532950e+03 9.581326e+03
1.3 9.540883e+03 9.512713e+03 9.533049e+03 9.561219e+03
2.3 9.523785e+03 9.513514e+03 9.533850e+03 9.544122e+03
3.3 9.551544e+03 9.514865e+03 9.535186e+03 9.571865e+03
4.3 9.555092e+03 9.525479e+03 9.535793e+03 9.565405e+03
5.3 9.584175e+03 9.558490e+03 9.535167e+03 9.560853e+03
6.3 9.594493e+03 9.564203e+03 9.534158e+03 9.564449e+03
7.3 9.560177e+03 9.540429e+03 9.533389e+03 9.553136e+03
8.3 9.540763e+03 9.526309e+03 9.532946e+03 9.547399e+03
9.3 9.562141e+03 9.550128e+03 9.532739e+03 9.544752e+03
10.3 9.589304e+03 9.560219e+03 9.532681e+03 9.561765e+03
11.3 9.605055e+03 9.546618e+03 9.532707e+03 9.591143e+03
12.3 9.565937e+03 9.531603e+03 9.532768e+03 9.567101e+03
13.3 9.548326e+03 9.530295e+03 9.532830e+03 9.550862e+03
14.3 9.585936e+03 9.548327e+03 9.532880e+03 9.570489e+03
15.3 9.571344e+03 9.551167e+03 9.532912e+03 9.553090e+03
16.3 9.536722e+03 9.540399e+03 9.532931e+03 9.529255e+03
17.3 9.536187e+03 9.545452e+03 9.532942e+03 9.523677e+03
18.3 9.581215e+03 9.556003e+03 9.532947e+03 9.558159e+03
19.3 9.576006e+03 9.546725e+03 9.532949e+03 9.562230e+03
20.3 9.541686e+03 9.527050e+03 9.532950e+03 9.547586e+03
21.3 9.502734e+03 9.506935e+03 9.532950e+03 9.528749e+03
0.2 9.506267e+03 9.527085e+03 9.532950e+03 9.512132e+03
1.2 9.534385e+03 9.542431e+03 9.533015e+03 9.524969e+03
2.2 9.557273e+03 9.538000e+03 9.533716e+03 9.552989e+03
3.2 9.560279e+03 9.527327e+03 9.535042e+03 9.567994e+03
4.2 9.552730e+03 9.524454e+03 9.535794e+03 9.564070e+03
5.2 9.551996e+03 9.543643e+03 9.535276e+03 9.543629e+03
6.2 9.555643e+03 9.551533e+03 9.534267e+03 9.538378e+03
7.2 9.543965e+03 9.539948e+03 9.533459e+03 9.537476e+03
8.2 9.522443e+03 9.525302e+03 9.532983e+03 9.530123e+03
9.2 9.534176e+03 9.515400e+03 9.532754e+03 9.551529e+03
10.2 9.534665e+03 9.506800e+03 9.532682e+03 9.560548e+03
11.2 9.542210e+03 9.496564e+03 9.532702e+03 9.578347e+03
12.2 9.538736e+03 9.509303e+03 9.532760e+03 9.562194e+03
13.1 9.583880e+03 9.546634e+03 9.532824e+03 9.570070e+03
14.1 9.569457e+03 9.556488e+03 9.532926e+03 9.545894e+03
15.1 9.531844e+03 9.543834e+03 9.533610e+03 9.521620e+03
16.1 9.509111e+03 9.530443e+03 9.534814e+03 9.513482e+03
17.1 9.518203e+03 9.542965e+03 9.535157e+03 9.510395e+03
18.1 9.543157e+03 9.566531e+03 9.534531e+03 9.511157e+03
19.1 9.566882e+03 9.560713e+03 9.533752e+03 9.539921e+03
20.1 9.580262e+03 9.540164e+03 9.533476e+03 9.573574e+03
21.1 9.583684e+03 9.524009e+03 9.534253e+03 9.593928e+03
0.1 9.583880e+03 9.546634e+03 9.532824e+03 9.570070e+03
1.1 9.569457e+03 9.556488e+03 9.532926e+03 9.545894e+03
2.1 9.531844e+03 9.543834e+03 9.533610e+03 9.521620e+03
3.1 9.509111e+03 9.530443e+03 9.534814e+03 9.513482e+03
4.1 9.518203e+03 9.542965e+03 9.535157e+03 9.510395e+03
5.1 9.543157e+03 9.566531e+03 9.534531e+03 9.511157e+03
6.1 9.566882e+03 9.560713e+03 9.533752e+03 9.539921e+03
7.1 9.580262e+03 9.540164e+03 9.533476e+03 9.573574e+03
8.1 9.583684e+03 9.524009e+03 9.534253e+03 9.593928e+03
9.1 9.586369e+03 9.515834e+03 9.535376e+03 9.605911e+03
10.1 9.585763e+03 9.531033e+03 9.535513e+03 9.590243e+03
11.1 9.594370e+03 9.560313e+03 9.534677e+03 9.568734e+03
12.1 9.557074e+03 9.559982e+03 9.533750e+03 9.530841e+03
13.1 9.521872e+03 9.541415e+03 9.533132e+03 9.513589e+03
14.1 9.520049e+03 9.524207e+03 9.532808e+03 9.528650e+03
15.1 9.516669e+03 9.510229e+03 9.532679e+03 9.539119e+03
16.1 9.517580e+03 9.507633e+03 9.532668e+03 9.542615e+03
17.1 9.540356e+03 9.539477e+03 9.532717e+03 9.533596e+03
18.1 9.536322e+03 9.556860e+03 9.532785e+03 9.512246e+03
19.1 9.528121e+03 9.543401e+03 9.532846e+03 9.517566e+03
20.1 9.506476e+03 9.519365e+03 9.532891e+03 9.520001e+03
21.1 9.522695e+03 9.515629e+03 9.532919e+03 9.539984e+03
0.6 9.566882e+03 9.560713e+03 9.533752e+03 9.539921e+03
1.6 9.580262e+03 9.540164e+03 9.533476e+03 9.573574e+03
2.6 9.583684e+03 9.524009e+03 9.534253e+03 9.593928e+03
3.6 9.586369e+03 9.515834e+03 9.535376e+03 9.605911e+03
4.6 9.585763e+03 9.531033e+03 9.535513e+03 9.590243e+03
5.6 9.594370e+03 9.560313e+03 9.534677e+03 9.568734e+03
6.6 9.557074e+03 9.559982e+03 9.533750e+03 9.530841e+03
7.6 9.521872e+03 9.541415e+03 9.533132e+03 9.513589e+03
8.6 9.520049e+03 9.524207e+03 9.532808e+03 9.528650e+03
9.6 9.516669e+03 9.510229e+03 9.532679e+03 9.539119e+03
10.6 9.517580e+03 9.507633e+03 9.532668e+03 9.542615e+03
11.6 9.540356e+03 9.539477e+03 9.532717e+03 9.533596e+03
12.6 9.536322e+03 9.556860e+03 9.532785e+03 9.512246e+03
13.6 9.528121e+03 9.543401e+03 9.532846e+03 9.517566e+03
14.6 9.506476e+03 9.519365e+03 9.532891e+03 9.520001e+03
15.6 9.522695e+03 9.515629e+03 9.532919e+03 9.539984e+03
16.6 9.565564e+03 9.536706e+03 9.532935e+03 9.561793e+03
17.6 9.563643e+03 9.541816e+03 9.532944e+03 9.554771e+03
18.6 9.546483e+03 9.531557e+03 9.532947e+03 9.547873e+03
19.6 9.522948e+03 9.520647e+03 9.532949e+03 9.535250e+03
20.6 9.537844e+03 9.513974e+03 9.532950e+03 9.556821e+03
21.6 9.549754e+03 9.510676e+03 9.532950e+03 9.572028e+03
0.4 9.593448e+03 9.560058e+03 9.532951e+03 9.566340e+03
1.4 9.523657e+03 9.564548e+03 9.533108e+03 9.492216e+03
2.4 9.470228e+03 9.550257e+03 9.534030e+03 9.454001e+03
3.4 9.439079e+03 9.532665e+03 9.535350e+03 9.441764e+03
4.4 9.483260e+03 9.530299e+03 9.535766e+03 9.488727e+03
5.4 9.526459e+03 9.547599e+03 9.535025e+03 9.513884e+03
6.4 9.546877e+03 9.550325e+03 9.534028e+03 9.530579e+03
7.4 9.521797e+03 9.539887e+03 9.533307e+03 9.515217e+03
8.4 9.543631e+03 9.535455e+03 9.532904e+03 9.541080e+03
9.4 9.579891e+03 9.550516e+03 9.532723e+03 9.562098e+03
10.4 9.555190e+03 9.548688e+03 9.532681e+03 9.539182e+03
11.4 9.524489e+03 9.537699e+03 9.532715e+03 9.519505e+03
12.4 9.537128e+03 9.547944e+03 9.532777e+03 9.521960e+03
13.4 9.546086e+03 9.548812e+03 9.532838e+03 9.530112e+03
14.4 9.531664e+03 9.535124e+03 9.532885e+03 9.529425e+03
15.4 9.523536e+03 9.521091e+03 9.532916e+03 9.535361e+03
16.4 9.525576e+03 9.512559e+03 9.532933e+03 9.545950e+03
17.4 9.533141e+03 9.508715e+03 9.532943e+03 9.557369e+03
18.4 9.555689e+03 9.508825e+03 9.532947e+03 9.579811e+03
19.4 9.547645e+03 9.512361e+03 9.532949e+03 9.568233e+03
20.4 9.554177e+03 9.526524e+03 9.532950e+03 9.560603e+03
21.4 9.565425e+03 9.550582e+03 9.532950e+03 9.547794e+03
0.1 9.527246e+03 9.499577e+03 9.532950e+03 9.560620e+03
1.1 9.579799e+03 9.529766e+03 9.533015e+03 9.583048e+03
2.1 9.567062e+03 9.544955e+03 9.533716e+03 9.555823e+03
3.1 9.526947e+03 9.539751e+03 9.535042e+03 9.522238e+03
4.1 9.493821e+03 9.534600e+03 9.535794e+03 9.495016e+03
5.1 9.514026e+03 9.550414e+03 9.535316e+03 9.498927e+03
6.1 9.525695e+03 9.556159e+03 9.534888e+03 9.504424e+03
7.1 9.543038e+03 9.551258e+03 9.534910e+03 9.526689e+03
8.1 9.561328e+03 9.569043e+03 9.534437e+03 9.526722e+03
9.1 9.563270e+03 9.570771e+03 9.533679e+03 9.526179e+03
10.1 9.556629e+03 9.546534e+03 9.533103e+03 9.543199e+03
11.1 9.556825e+03 9.539701e+03 9.532803e+03 9.549928e+03
12.1 9.591300e+03 9.548229e+03 9.532696e+03 9.575766e+03
13.1 9.604621e+03 9.541127e+03 9.532692e+03 9.596186e+03
14.1 9.558766e+03 9.523504e+03 9.532736e+03 9.567998e+03
15.1 9.496803e+03 9.504151e+03 9.532796e+03 9.525447e+03
16.1 9.474718e+03 9.501731e+03 9.532850e+03 9.505838e+03
17.1 9.507026e+03 9.527509e+03 9.532892e+03 9.512409e+03
18.1 9.524093e+03 9.537960e+03 9.532919e+03 9.519052e+03
19.1 9.524714e+03 9.527045e+03 9.532934e+03 9.530604e+03
20.1 9.550148e+03 9.540334e+03 9.532943e+03 9.542757e+03
21.1 9.580339e+03 9.562390e+03 9.532947e+03 9.550896e+03
1.0 9.514026e+03 9.550414e+03 9.535316e+03 9.498927e+03
2.0 9.525695e+03 9.556159e+03 9.534888e+03 9.504424e+03
3.0 9.543038e+03 9.551258e+03 9.534910e+03 9.526689e+03
4.0 9.561328e+03 9.569043e+03 9.534437e+03 9.526722e+03
5.0 9.563270e+03 9.570771e+03 9.533679e+03 9.526179e+03
6.0 9.556629e+03 9.546534e+03 9.533103e+03 9.543199e+03
7.0 9.556825e+03 9.539701e+03 9.532803e+03 9.549928e+03
8.0 9.591300e+03 9.548229e+03 9.532696e+03 9.575766e+03
9.0 9.604621e+03 9.541127e+03 9.532692e+03 9.596186e+03
10.0 9.558766e+03 9.523504e+03 9.532736e+03 9.567998e+03
11.0 9.496803e+03 9.504151e+03 9.532796e+03 9.525447e+03
12.0 9.474718e+03 9.501731e+03 9.532850e+03 9.505838e+03
13.0 9.507026e+03 9.527509e+03 9.532892e+03 9.512409e+03
14.0 9.524093e+03 9.537960e+03 9.532919e+03 9.519052e+03
15.0 9.524714e+03 9.527045e+03 9.532934e+03 9.530604e+03
16.0 9.550148e+03 9.540334e+03 9.532943e+03 9.542757e+03
17.0 9.580339e+03 9.562390e+03 9.532947e+03 9.550896e+03
18.0 9.553717e+03 9.551851e+03 9.532949e+03 9.534815e+03
19.0 9.521776e+03 9.536122e+03 9.532950e+03 9.518604e+03
20.0 9.581741e+03 9.546104e+03 9.532950e+03 9.568587e+03
21.0 9.581115e+03 9.547277e+03 9.532950e+03 9.566788e+03
22.0 9.504734e+03 9.534082e+03 9.532950e+03 9.503602e+03
0.9 9.549066e+03 9.551752e+03 9.532966e+03 9.530280e+03
1.9 9.564171e+03 9.547312e+03 9.533422e+03 9.550282e+03
2.9 9.538798e+03 9.533207e+03 9.534592e+03 9.540184e+03
3.9 9.521430e+03 9.532311e+03 9.535202e+03 9.524321e+03
4.9 9.588992e+03 9.549230e+03 9.534719e+03 9.574482e+03
5.9 9.596598e+03 9.546434e+03 9.533914e+03 9.584078e+03
6.9 9.549171e+03 9.527128e+03 9.533307e+03 9.555349e+03
7.9 9.516530e+03 9.532059e+03 9.532957e+03 9.517428e+03
8.9 9.443865e+03 9.544298e+03 9.532792e+03 9.432359e+03
9.9 9.393738e+03 9.532813e+03 9.532743e+03 9.393669e+03
10.9 9.393838e+03 9.513351e+03 9.532761e+03 9.413248e+03
11.9 9.441860e+03 9.523364e+03 9.532808e+03 9.451303e+03
12.9 9.490982e+03 9.541182e+03 9.532856e+03 9.482657e+03
13.9 9.537023e+03 9.538561e+03 9.532895e+03 9.531356e+03
14.9 9.538692e+03 9.526954e+03 9.532971e+03 9.544709e+03
15.9 9.516297e+03 9.518251e+03 9.533637e+03 9.531682e+03
16.9 9.497534e+03 9.514361e+03 9.534961e+03 9.518134e+03
17.9 9.507888e+03 9.518732e+03 9.535785e+03 9.524942e+03
18.9 9.538122e+03 9.550108e+03 9.535327e+03 9.523342e+03
19.9 9.526311e+03 9.563072e+03 9.534323e+03 9.497561e+03
20.9 9.546515e+03 9.554084e+03 9.533496e+03 9.525927e+03
21.9 9.566543e+03 9.568398e+03 9.533002e+03 9.531146e+03
0.1 9.537023e+03 9.538561e+03 9.532895e+03 9.531356e+03
1.1 9.538692e+03 9.526954e+03 9.532971e+03 9.544709e+03
2.1 9.516297e+03 9.518251e+03 9.533637e+03 9.531682e+03
3.1 9.497534e+03 9.514361e+03 9.534961e+03 9.518134e+03
4.1 9.507888e+03 9.518732e+03 9.535785e+03 9.524942e+03
5.1 9.538122e+03 9.550108e+03 9.535327e+03 9.523342e+03
6.1 9.526311e+03 9.563072e+03 9.534323e+03 9.497561e+03
7.1 9.546515e+03 9.554084e+03 9.533496e+03 9.525927e+03
8.1 9.566543e+03 9.568398e+03 9.533002e+03 9.531146e+03
9.1 9.570258e+03 9.570235e+03 9.532762e+03 9.532785e+03
10.1 9.511067e+03 9.550121e+03 9.532683e+03 9.493629e+03
11.1 9.494407e+03 9.528474e+03 9.532718e+03 9.498651e+03
12.1 9.508116e+03 9.515182e+03 9.533254e+03 9.526188e+03
13.1 9.521039e+03 9.509780e+03 9.534565e+03 9.545823e+03
14.1 9.534854e+03 9.510539e+03 9.535651e+03 9.559966e+03
15.1 9.551050e+03 9.531647e+03 9.535455e+03 9.554857e+03
16.1 9.560163e+03 9.549304e+03 9.534502e+03 9.545360e+03
0.9 9.494407e+03 9.528474e+03 9.532718e+03 9.498651e+03
1.9 9.508116e+03 9.515182e+03 9.533254e+03 9.526188e+03
2.9 9.521039e+03 9.509780e+03 9.534565e+03 9.545823e+03
3.9 9.534854e+03 9.510539e+03 9.535651e+03 9.559966e+03
4.9 9.551050e+03 9.531647e+03 9.535455e+03 9.554857e+03
5.9 9.560163e+03 9.549304e+03 9.534502e+03 9.545360e+03
