0.9 1.143684e+04 1.137102e+04 1.141163e+04 1.147745e+04
1.9 1.147097e+04 1.138419e+04 1.142687e+04 1.151365e+04
2.9 1.150498e+04 1.142058e+04 1.146269e+04 1.154709e+04
3.9 1.143465e+04 1.144728e+04 1.147912e+04 1.146650e+04
4.9 1.145240e+04 1.145012e+04 1.146322e+04 1.146549e+04
5.9 1.141023e+04 1.143011e+04 1.143891e+04 1.141903e+04
6.9 1.140073e+04 1.141913e+04 1.142095e+04 1.140256e+04
7.9 1.144263e+04 1.142852e+04 1.141075e+04 1.142487e+04
8.9 1.148941e+04 1.143747e+04 1.140599e+04 1.145793e+04
9.9 1.146685e+04 1.143355e+04 1.140466e+04 1.143797e+04
10.9 1.143479e+04 1.141316e+04 1.140529e+04 1.142692e+04
11.9 1.137967e+04 1.139777e+04 1.140672e+04 1.138862e+04
12.9 1.144520e+04 1.140909e+04 1.140819e+04 1.144430e+04
13.9 1.144491e+04 1.143220e+04 1.140933e+04 1.142204e+04
14.9 1.145096e+04 1.144403e+04 1.141009e+04 1.141701e+04
15.9 1.143067e+04 1.144025e+04 1.141053e+04 1.140095e+04
16.9 1.139564e+04 1.141885e+04 1.141076e+04 1.138755e+04
17.9 1.145156e+04 1.139509e+04 1.141087e+04 1.146735e+04
18.9 1.145293e+04 1.137996e+04 1.141092e+04 1.148390e+04
19.9 1.147953e+04 1.138725e+04 1.141094e+04 1.150323e+04
20.9 1.145716e+04 1.141054e+04 1.141095e+04 1.145757e+04
21.9 1.142008e+04 1.142822e+04 1.141096e+04 1.140282e+04
0.3 1.142498e+04 1.136834e+04 1.141096e+04 1.146760e+04
1.3 1.141636e+04 1.137250e+04 1.141427e+04 1.145812e+04
2.3 1.144231e+04 1.139917e+04 1.143925e+04 1.148239e+04
3.3 1.146428e+04 1.143529e+04 1.147318e+04 1.150217e+04
4.3 1.148141e+04 1.144507e+04 1.147586e+04 1.151220e+04
5.3 1.152445e+04 1.144116e+04 1.145398e+04 1.153727e+04
6.3 1.152572e+04 1.144418e+04 1.143125e+04 1.151279e+04
7.3 1.141392e+04 1.143696e+04 1.141637e+04 1.139334e+04
8.3 1.138785e+04 1.141999e+04 1.140847e+04 1.137633e+04
9.3 1.139218e+04 1.141935e+04 1.140518e+04 1.137801e+04
10.3 1.139554e+04 1.143522e+04 1.140474e+04 1.136506e+04
11.3 1.142705e+04 1.144001e+04 1.140578e+04 1.139282e+04
12.3 1.140894e+04 1.142913e+04 1.140729e+04 1.138709e+04
13.3 1.147309e+04 1.143017e+04 1.140866e+04 1.145157e+04
14.3 1.137259e+04 1.145008e+04 1.140966e+04 1.133216e+04
15.3 1.139294e+04 1.145830e+04 1.141028e+04 1.134492e+04
16.3 1.149773e+04 1.144289e+04 1.141063e+04 1.146547e+04
17.3 1.141579e+04 1.142825e+04 1.141081e+04 1.139835e+04
18.3 1.143596e+04 1.142165e+04 1.141090e+04 1.142520e+04
19.3 1.141502e+04 1.141151e+04 1.141093e+04 1.141444e+04
20.3 1.135209e+04 1.139552e+04 1.141095e+04 1.136752e+04
21.3 1.138085e+04 1.138092e+04 1.141096e+04 1.141089e+04
0.4 1.140270e+04 1.137203e+04 1.141097e+04 1.144164e+04
1.4 1.130395e+04 1.137435e+04 1.141572e+04 1.134532e+04
2.4 1.133036e+04 1.139942e+04 1.144069e+04 1.137163e+04
3.4 1.138919e+04 1.142164e+04 1.145816e+04 1.142570e+04
4.4 1.141621e+04 1.142093e+04 1.144984e+04 1.144512e+04
5.4 1.142787e+04 1.140545e+04 1.143276e+04 1.145517e+04
6.4 1.134882e+04 1.138999e+04 1.141947e+04 1.137830e+04
7.4 1.133335e+04 1.138926e+04 1.141173e+04 1.135582e+04
8.4 1.142101e+04 1.140784e+04 1.140796e+04 1.142114e+04
9.4 1.143546e+04 1.142563e+04 1.140672e+04 1.141654e+04
10.4 1.145099e+04 1.143233e+04 1.140697e+04 1.142563e+04
11.4 1.138935e+04 1.141889e+04 1.140789e+04 1.137836e+04
12.4 1.133403e+04 1.139844e+04 1.140892e+04 1.134451e+04
13.4 1.130148e+04 1.138290e+04 1.140974e+04 1.132833e+04
14.4 1.122978e+04 1.137420e+04 1.141030e+04 1.126588e+04
15.4 1.128704e+04 1.137046e+04 1.141063e+04 1.132721e+04
16.4 1.127658e+04 1.137264e+04 1.141081e+04 1.131474e+04
17.4 1.135713e+04 1.139556e+04 1.141089e+04 1.137245e+04
18.4 1.142076e+04 1.143268e+04 1.141093e+04 1.139901e+04
19.4 1.147564e+04 1.145133e+04 1.141095e+04 1.143526e+04
20.4 1.151022e+04 1.144301e+04 1.141095e+04 1.147816e+04
21.4 1.146749e+04 1.143532e+04 1.141096e+04 1.144313e+04
0.8 1.135335e+04 1.139112e+04 1.141124e+04 1.137348e+04
1.8 1.137500e+04 1.139048e+04 1.142301e+04 1.140753e+04
2.8 1.139954e+04 1.141865e+04 1.145783e+04 1.143873e+04
3.8 1.144412e+04 1.144070e+04 1.148005e+04 1.148347e+04
4.8 1.143943e+04 1.143505e+04 1.146779e+04 1.147218e+04
5.8 1.136521e+04 1.142080e+04 1.144303e+04 1.138743e+04
6.8 1.138280e+04 1.142436e+04 1.142345e+04 1.138189e+04
7.8 1.143544e+04 1.143385e+04 1.141197e+04 1.141356e+04
8.8 1.147608e+04 1.143230e+04 1.140641e+04 1.145019e+04
9.8 1.149060e+04 1.143111e+04 1.140461e+04 1.146410e+04
10.8 1.141432e+04 1.143282e+04 1.140502e+04 1.138652e+04
11.8 1.143210e+04 1.142290e+04 1.140640e+04 1.141560e+04
12.8 1.139542e+04 1.140341e+04 1.140792e+04 1.139993e+04
13.8 1.133843e+04 1.138539e+04 1.140915e+04 1.136219e+04
14.8 1.132311e+04 1.137431e+04 1.140998e+04 1.135878e+04
15.8 1.136117e+04 1.136939e+04 1.141047e+04 1.140224e+04
16.8 1.139208e+04 1.136830e+04 1.141073e+04 1.143451e+04
17.8 1.136509e+04 1.136920e+04 1.141086e+04 1.140675e+04
18.8 1.138643e+04 1.137143e+04 1.141092e+04 1.142592e+04
19.8 1.137619e+04 1.138704e+04 1.141094e+04 1.140010e+04
20.8 1.146122e+04 1.142456e+04 1.141095e+04 1.144762e+04
21.8 1.150502e+04 1.145601e+04 1.141096e+04 1.145997e+04
0.3 1.135052e+04 1.137708e+04 1.141096e+04 1.138439e+04
1.3 1.136667e+04 1.137367e+04 1.141460e+04 1.140760e+04
2.3 1.142627e+04 1.139516e+04 1.143819e+04 1.146930e+04
3.3 1.149000e+04 1.142342e+04 1.145778e+04 1.152436e+04
4.3 1.144405e+04 1.143606e+04 1.145167e+04 1.145966e+04
5.3 1.146261e+04 1.143660e+04 1.144827e+04 1.147428e+04
6.3 1.149999e+04 1.144280e+04 1.146143e+04 1.151862e+04
7.3 1.146192e+04 1.143688e+04 1.145803e+04 1.148307e+04
8.3 1.139971e+04 1.141642e+04 1.143924e+04 1.142253e+04
9.3 1.130470e+04 1.139395e+04 1.142174e+04 1.133249e+04
10.3 1.135777e+04 1.138288e+04 1.141564e+04 1.139053e+04
11.3 1.141112e+04 1.139970e+04 1.143537e+04 1.144679e+04
12.3 1.148844e+04 1.141864e+04 1.145212e+04 1.152192e+04
13.3 1.146706e+04 1.141725e+04 1.144476e+04 1.149457e+04
14.3 1.134526e+04 1.140471e+04 1.142891e+04 1.136946e+04
15.3 1.141110e+04 1.141207e+04 1.141683e+04 1.141586e+04
16.3 1.140255e+04 1.143647e+04 1.141009e+04 1.137617e+04
17.3 1.143364e+04 1.144991e+04 1.140703e+04 1.139076e+04
18.3 1.144701e+04 1.144142e+04 1.140621e+04 1.141181e+04
19.3 1.138330e+04 1.141640e+04 1.140670e+04 1.137359e+04
20.3 1.137091e+04 1.140308e+04 1.140775e+04 1.137559e+04
21.3 1.142852e+04 1.142194e+04 1.140884e+04 1.141542e+04
0.9 1.144405e+04 1.143606e+04 1.145167e+04 1.145966e+04
1.9 1.146261e+04 1.143660e+04 1.144827e+04 1.147428e+04
2.9 1.149999e+04 1.144280e+04 1.146143e+04 1.151862e+04
3.9 1.146192e+04 1.143688e+04 1.145803e+04 1.148307e+04
4.9 1.139971e+04 1.141642e+04 1.143924e+04 1.142253e+04
5.9 1.130470e+04 1.139395e+04 1.142174e+04 1.133249e+04
6.9 1.135777e+04 1.138288e+04 1.141564e+04 1.139053e+04
7.9 1.141112e+04 1.139970e+04 1.143537e+04 1.144679e+04
8.9 1.148844e+04 1.141864e+04 1.145212e+04 1.152192e+04
9.9 1.146706e+04 1.141725e+04 1.144476e+04 1.149457e+04
10.9 1.134526e+04 1.140471e+04 1.142891e+04 1.136946e+04
11.9 1.141110e+04 1.141207e+04 1.141683e+04 1.141586e+04
12.9 1.140255e+04 1.143647e+04 1.141009e+04 1.137617e+04
13.9 1.143364e+04 1.144991e+04 1.140703e+04 1.139076e+04
14.9 1.144701e+04 1.144142e+04 1.140621e+04 1.141181e+04
15.9 1.138330e+04 1.141640e+04 1.140670e+04 1.137359e+04
16.9 1.137091e+04 1.140308e+04 1.140775e+04 1.137559e+04
17.9 1.142852e+04 1.142194e+04 1.140884e+04 1.141542e+04
18.9 1.145119e+04 1.144840e+04 1.140971e+04 1.141250e+04
19.9 1.144748e+04 1.144953e+04 1.141028e+04 1.140823e+04
20.9 1.146516e+04 1.143754e+04 1.141062e+04 1.143825e+04
21.9 1.143513e+04 1.144222e+04 1.141080e+04 1.140371e+04
0.4 1.130470e+04 1.139395e+04 1.142174e+04 1.133249e+04
1.4 1.135777e+04 1.138288e+04 1.141564e+04 1.139053e+04
2.4 1.141112e+04 1.139970e+04 1.143537e+04 1.144679e+04
3.4 1.148844e+04 1.141864e+04 1.145212e+04 1.152192e+04
4.4 1.146706e+04 1.141725e+04 1.144476e+04 1.149457e+04
5.4 1.134526e+04 1.140471e+04 1.142891e+04 1.136946e+04
6.4 1.141110e+04 1.141207e+04 1.141683e+04 1.141586e+04
7.4 1.140255e+04 1.143647e+04 1.141009e+04 1.137617e+04
8.4 1.143364e+04 1.144991e+04 1.140703e+04 1.139076e+04
9.4 1.144701e+04 1.144142e+04 1.140621e+04 1.141181e+04
10.4 1.138330e+04 1.141640e+04 1.140670e+04 1.137359e+04
11.4 1.137091e+04 1.140308e+04 1.140775e+04 1.137559e+04
12.4 1.142852e+04 1.142194e+04 1.140884e+04 1.141542e+04
13.4 1.145119e+04 1.144840e+04 1.140971e+04 1.141250e+04
14.4 1.144748e+04 1.144953e+04 1.141028e+04 1.140823e+04
15.4 1.146516e+04 1.143754e+04 1.141062e+04 1.143825e+04
16.4 1.143513e+04 1.144222e+04 1.141080e+04 1.140371e+04
17.4 1.138778e+04 1.145456e+04 1.141089e+04 1.134411e+04
18.4 1.137020e+04 1.144811e+04 1.141093e+04 1.133303e+04
19.4 1.137529e+04 1.142456e+04 1.141095e+04 1.136167e+04
20.4 1.136363e+04 1.139825e+04 1.141095e+04 1.137633e+04
21.4 1.140371e+04 1.137957e+04 1.141096e+04 1.143510e+04
0.5 1.139610e+04 1.143170e+04 1.141098e+04 1.137538e+04
1.5 1.141588e+04 1.143001e+04 1.141705e+04 1.140292e+04
2.5 1.142623e+04 1.143993e+04 1.144682e+04 1.143312e+04
3.5 1.138398e+04 1.145528e+04 1.147677e+04 1.140548e+04
4.5 1.141605e+04 1.145727e+04 1.147256e+04 1.143135e+04
5.5 1.141297e+04 1.143813e+04 1.144899e+04 1.142382e+04
6.5 1.139707e+04 1.141773e+04 1.142761e+04 1.140694e+04
7.5 1.140997e+04 1.142695e+04 1.141432e+04 1.139734e+04
8.5 1.141187e+04 1.144927e+04 1.140751e+04 1.137010e+04
9.5 1.142372e+04 1.144992e+04 1.140492e+04 1.137872e+04
10.5 1.143543e+04 1.142909e+04 1.140486e+04 1.141120e+04
11.5 1.141520e+04 1.141329e+04 1.140607e+04 1.140798e+04
12.5 1.139212e+04 1.142123e+04 1.140759e+04 1.137847e+04
13.5 1.137336e+04 1.142762e+04 1.140889e+04 1.135464e+04
14.5 1.145352e+04 1.141832e+04 1.141000e+04 1.144520e+04
15.5 1.147631e+04 1.141018e+04 1.142099e+04 1.148712e+04
16.5 1.147500e+04 1.142179e+04 1.144868e+04 1.150190e+04
17.5 1.138079e+04 1.142629e+04 1.145764e+04 1.141214e+04
18.5 1.131901e+04 1.141684e+04 1.144780e+04 1.134996e+04
19.5 1.130357e+04 1.142289e+04 1.145621e+04 1.133689e+04
20.5 1.140872e+04 1.144293e+04 1.147871e+04 1.144450e+04
21.5 1.139838e+04 1.144320e+04 1.147510e+04 1.143028e+04
0.7 1.145352e+04 1.141832e+04 1.141000e+04 1.144520e+04
1.7 1.147631e+04 1.141018e+04 1.142099e+04 1.148712e+04
2.7 1.147500e+04 1.142179e+04 1.144868e+04 1.150190e+04
3.7 1.138079e+04 1.142629e+04 1.145764e+04 1.141214e+04
4.7 1.131901e+04 1.141684e+04 1.144780e+04 1.134996e+04
5.7 1.130357e+04 1.142289e+04 1.145621e+04 1.133689e+04
6.7 1.140872e+04 1.144293e+04 1.147871e+04 1.144450e+04
7.7 1.139838e+04 1.144320e+04 1.147510e+04 1.143028e+04
8.7 1.137673e+04 1.142292e+04 1.145037e+04 1.140417e+04
9.7 1.132610e+04 1.139843e+04 1.142697e+04 1.135463e+04
10.7 1.137981e+04 1.138208e+04 1.141263e+04 1.141036e+04
11.7 1.139398e+04 1.138813e+04 1.140574e+04 1.141159e+04
12.7 1.141609e+04 1.141571e+04 1.140343e+04 1.140381e+04
13.7 1.138631e+04 1.143800e+04 1.140373e+04 1.135203e+04
14.7 1.140486e+04 1.144653e+04 1.140524e+04 1.136357e+04
15.7 1.142037e+04 1.144631e+04 1.140703e+04 1.138108e+04
16.7 1.147914e+04 1.144306e+04 1.140854e+04 1.144463e+04
17.7 1.144537e+04 1.143919e+04 1.140961e+04 1.141579e+04
18.7 1.139579e+04 1.142239e+04 1.141026e+04 1.138367e+04
19.7 1.134141e+04 1.139865e+04 1.141062e+04 1.135338e+04
20.7 1.140585e+04 1.138104e+04 1.141081e+04 1.143562e+04
21.7 1.143191e+04 1.138284e+04 1.141090e+04 1.145996e+04
0.3 1.138079e+04 1.142629e+04 1.145764e+04 1.141214e+04
1.3 1.131901e+04 1.141684e+04 1.144780e+04 1.134996e+04
2.3 1.130357e+04 1.142289e+04 1.145621e+04 1.133689e+04
3.3 1.140872e+04 1.144293e+04 1.147871e+04 1.144450e+04
4.3 1.139838e+04 1.144320e+04 1.147510e+04 1.143028e+04
5.3 1.137673e+04 1.142292e+04 1.145037e+04 1.140417e+04
6.3 1.132610e+04 1.139843e+04 1.142697e+04 1.135463e+04
7.3 1.137981e+04 1.138208e+04 1.141263e+04 1.141036e+04
8.3 1.139398e+04 1.138813e+04 1.140574e+04 1.141159e+04
9.3 1.141609e+04 1.141571e+04 1.140343e+04 1.140381e+04
10.3 1.138631e+04 1.143800e+04 1.140373e+04 1.135203e+04
11.3 1.140486e+04 1.144653e+04 1.140524e+04 1.136357e+04
12.3 1.142037e+04 1.144631e+04 1.140703e+04 1.138108e+04
13.3 1.147914e+04 1.144306e+04 1.140854e+04 1.144463e+04
14.3 1.144537e+04 1.143919e+04 1.140961e+04 1.141579e+04
15.3 1.139579e+04 1.142239e+04 1.141026e+04 1.138367e+04
16.3 1.134141e+04 1.139865e+04 1.141062e+04 1.135338e+04
17.3 1.140585e+04 1.138104e+04 1.141081e+04 1.143562e+04
18.3 1.143191e+04 1.138284e+04 1.141090e+04 1.145996e+04
19.3 1.144381e+04 1.140891e+04 1.141093e+04 1.144583e+04
20.3 1.144931e+04 1.143386e+04 1.141095e+04 1.142640e+04
21.3 1.141995e+04 1.143536e+04 1.141096e+04 1.139555e+04
