0.3 1.069853e+04 1.065644e+04 1.062403e+04 1.066612e+04
1.3 1.071106e+04 1.067488e+04 1.062626e+04 1.066244e+04
2.3 1.071212e+04 1.067908e+04 1.064434e+04 1.067739e+04
3.3 1.073213e+04 1.067670e+04 1.067459e+04 1.073002e+04
4.3 1.070164e+04 1.067110e+04 1.068884e+04 1.071938e+04
5.3 1.070376e+04 1.067119e+04 1.067498e+04 1.070755e+04
6.3 1.071711e+04 1.065128e+04 1.065199e+04 1.071781e+04
7.3 1.068995e+04 1.062608e+04 1.063429e+04 1.069816e+04
8.3 1.063992e+04 1.062622e+04 1.062405e+04 1.063775e+04
9.3 1.062870e+04 1.063482e+04 1.061925e+04 1.061313e+04
10.3 1.066736e+04 1.063612e+04 1.061788e+04 1.064913e+04
11.3 1.064843e+04 1.062713e+04 1.061845e+04 1.063975e+04
12.3 1.065523e+04 1.062816e+04 1.061983e+04 1.064690e+04
13.3 1.071615e+04 1.063410e+04 1.062126e+04 1.070331e+04
14.3 1.072612e+04 1.062975e+04 1.062239e+04 1.071877e+04
15.3 1.061173e+04 1.061095e+04 1.062314e+04 1.062392e+04
16.3 1.062151e+04 1.060177e+04 1.062359e+04 1.064333e+04
17.3 1.065644e+04 1.061857e+04 1.062382e+04 1.066169e+04
18.3 1.068201e+04 1.063645e+04 1.062394e+04 1.066950e+04
19.3 1.072459e+04 1.064052e+04 1.062399e+04 1.070806e+04
20.3 1.064497e+04 1.062515e+04 1.062401e+04 1.064384e+04
21.3 1.064064e+04 1.061623e+04 1.062402e+04 1.064843e+04
1.0 1.066313e+04 1.065158e+04 1.062470e+04 1.063625e+04
2.0 1.073268e+04 1.064402e+04 1.063714e+04 1.072580e+04
3.0 1.069868e+04 1.064647e+04 1.066608e+04 1.071829e+04
4.0 1.064017e+04 1.064975e+04 1.068749e+04 1.067791e+04
5.0 1.064528e+04 1.064659e+04 1.067997e+04 1.067866e+04
6.0 1.067582e+04 1.063206e+04 1.065758e+04 1.070134e+04
7.0 1.069226e+04 1.062399e+04 1.063809e+04 1.070635e+04
8.0 1.069349e+04 1.063545e+04 1.062613e+04 1.068417e+04
9.0 1.067590e+04 1.064569e+04 1.062017e+04 1.065038e+04
10.0 1.067941e+04 1.064544e+04 1.061807e+04 1.065205e+04
11.0 1.063919e+04 1.062855e+04 1.061824e+04 1.062888e+04
12.0 1.059661e+04 1.060418e+04 1.061948e+04 1.061190e+04
13.0 1.059550e+04 1.058542e+04 1.062093e+04 1.063102e+04
14.0 1.061165e+04 1.057587e+04 1.062215e+04 1.065793e+04
15.0 1.068524e+04 1.058689e+04 1.062299e+04 1.072134e+04
16.0 1.070683e+04 1.062198e+04 1.062350e+04 1.070836e+04
17.0 1.071389e+04 1.065492e+04 1.062378e+04 1.068274e+04
18.0 1.072975e+04 1.067127e+04 1.062391e+04 1.068240e+04
19.0 1.064756e+04 1.065331e+04 1.062398e+04 1.061823e+04
20.0 1.064704e+04 1.063575e+04 1.062401e+04 1.063530e+04
21.0 1.065978e+04 1.063864e+04 1.062402e+04 1.064516e+04
22.0 1.069293e+04 1.065203e+04 1.062402e+04 1.066492e+04
0.1 1.062610e+04 1.065566e+04 1.062403e+04 1.059447e+04
1.1 1.065625e+04 1.065019e+04 1.062548e+04 1.063154e+04
2.1 1.066833e+04 1.064337e+04 1.064053e+04 1.066549e+04
3.1 1.068571e+04 1.063992e+04 1.065785e+04 1.070364e+04
4.1 1.067487e+04 1.063604e+04 1.065581e+04 1.069463e+04
5.1 1.061956e+04 1.061918e+04 1.064345e+04 1.064383e+04
6.1 1.058716e+04 1.059720e+04 1.063248e+04 1.062244e+04
7.1 1.058456e+04 1.058138e+04 1.062575e+04 1.062893e+04
8.1 1.061811e+04 1.057349e+04 1.062230e+04 1.066692e+04
9.1 1.057793e+04 1.057145e+04 1.062097e+04 1.062745e+04
10.1 1.057621e+04 1.058352e+04 1.062094e+04 1.061362e+04
11.1 1.063104e+04 1.061394e+04 1.062155e+04 1.063865e+04
12.1 1.067847e+04 1.063771e+04 1.062232e+04 1.066308e+04
13.1 1.066752e+04 1.064360e+04 1.062319e+04 1.064712e+04
14.1 1.063189e+04 1.063601e+04 1.063235e+04 1.062823e+04
15.1 1.066800e+04 1.063525e+04 1.065299e+04 1.068575e+04
16.1 1.067538e+04 1.063810e+04 1.065849e+04 1.069577e+04
17.1 1.066549e+04 1.062944e+04 1.064823e+04 1.068428e+04
18.1 1.058511e+04 1.061576e+04 1.063604e+04 1.060539e+04
19.1 1.059457e+04 1.062076e+04 1.062778e+04 1.060159e+04
20.1 1.062826e+04 1.064239e+04 1.062327e+04 1.060914e+04
21.1 1.064156e+04 1.065206e+04 1.062127e+04 1.061077e+04
0.8 1.066752e+04 1.064360e+04 1.062319e+04 1.064712e+04
1.8 1.063189e+04 1.063601e+04 1.063235e+04 1.062823e+04
2.8 1.066800e+04 1.063525e+04 1.065299e+04 1.068575e+04
3.8 1.067538e+04 1.063810e+04 1.065849e+04 1.069577e+04
4.8 1.066549e+04 1.062944e+04 1.064823e+04 1.068428e+04
5.8 1.058511e+04 1.061576e+04 1.063604e+04 1.060539e+04
6.8 1.059457e+04 1.062076e+04 1.062778e+04 1.060159e+04
7.8 1.062826e+04 1.064239e+04 1.062327e+04 1.060914e+04
8.8 1.064156e+04 1.065206e+04 1.062127e+04 1.061077e+04
9.8 1.059295e+04 1.063185e+04 1.062084e+04 1.058194e+04
10.8 1.057942e+04 1.060459e+04 1.062128e+04 1.059611e+04
11.8 1.058937e+04 1.058553e+04 1.062203e+04 1.062587e+04
12.8 1.058970e+04 1.057560e+04 1.062276e+04 1.063686e+04
13.8 1.053926e+04 1.057637e+04 1.062330e+04 1.058618e+04
14.8 1.057309e+04 1.060069e+04 1.062364e+04 1.059604e+04
15.8 1.059139e+04 1.062838e+04 1.062384e+04 1.058685e+04
16.8 1.064164e+04 1.063784e+04 1.062394e+04 1.062774e+04
17.8 1.063451e+04 1.062352e+04 1.062399e+04 1.063498e+04
18.8 1.058449e+04 1.060311e+04 1.062444e+04 1.060582e+04
19.8 1.056192e+04 1.059842e+04 1.063526e+04 1.059877e+04
20.8 1.060428e+04 1.061641e+04 1.066183e+04 1.064970e+04
21.8 1.065312e+04 1.064004e+04 1.067484e+04 1.068792e+04
0.9 1.058449e+04 1.060311e+04 1.062444e+04 1.060582e+04
1.9 1.056192e+04 1.059842e+04 1.063526e+04 1.059877e+04
2.9 1.060428e+04 1.061641e+04 1.066183e+04 1.064970e+04
3.9 1.065312e+04 1.064004e+04 1.067484e+04 1.068792e+04
4.9 1.060282e+04 1.065803e+04 1.066346e+04 1.060825e+04
5.9 1.061870e+04 1.064437e+04 1.064531e+04 1.061964e+04
6.9 1.056390e+04 1.061571e+04 1.063176e+04 1.057995e+04
7.9 1.051517e+04 1.059247e+04 1.062402e+04 1.054672e+04
8.9 1.042006e+04 1.057903e+04 1.062039e+04 1.046141e+04
9.9 1.045651e+04 1.057291e+04 1.061934e+04 1.050294e+04
10.9 1.042562e+04 1.057404e+04 1.061978e+04 1.047135e+04
11.9 1.052842e+04 1.059567e+04 1.062084e+04 1.055359e+04
12.9 1.059387e+04 1.063112e+04 1.062193e+04 1.058467e+04
13.9 1.065683e+04 1.065266e+04 1.062280e+04 1.062696e+04
14.9 1.065778e+04 1.065605e+04 1.062337e+04 1.062509e+04
15.9 1.067842e+04 1.065327e+04 1.062370e+04 1.064884e+04
16.9 1.063559e+04 1.065833e+04 1.062387e+04 1.060114e+04
17.9 1.060632e+04 1.065958e+04 1.062396e+04 1.057070e+04
18.9 1.061307e+04 1.065325e+04 1.062400e+04 1.058382e+04
19.9 1.063049e+04 1.064567e+04 1.062401e+04 1.060883e+04
20.9 1.066204e+04 1.064563e+04 1.062402e+04 1.064044e+04
21.9 1.067069e+04 1.065663e+04 1.062407e+04 1.063812e+04
0.6 1.067069e+04 1.065663e+04 1.062407e+04 1.063812e+04
1.6 1.064492e+04 1.065211e+04 1.062970e+04 1.062251e+04
2.6 1.065437e+04 1.064376e+04 1.064970e+04 1.066030e+04
3.6 1.065628e+04 1.063952e+04 1.065926e+04 1.067603e+04
4.6 1.068191e+04 1.063019e+04 1.065088e+04 1.070260e+04
5.6 1.057729e+04 1.060950e+04 1.063826e+04 1.060604e+04
6.6 1.059799e+04 1.060089e+04 1.062911e+04 1.062622e+04
7.6 1.060442e+04 1.062288e+04 1.062394e+04 1.060549e+04
8.6 1.063006e+04 1.064518e+04 1.062152e+04 1.060640e+04
9.6 1.062071e+04 1.064893e+04 1.062084e+04 1.059262e+04
10.6 1.058063e+04 1.063734e+04 1.062115e+04 1.056444e+04
11.6 1.057346e+04 1.063594e+04 1.062188e+04 1.055940e+04
12.6 1.064692e+04 1.065009e+04 1.062262e+04 1.061946e+04
13.6 1.069555e+04 1.065647e+04 1.062321e+04 1.066229e+04
14.6 1.068171e+04 1.065117e+04 1.062359e+04 1.065413e+04
15.6 1.069061e+04 1.064720e+04 1.062381e+04 1.066722e+04
16.6 1.066496e+04 1.064137e+04 1.062393e+04 1.064752e+04
17.6 1.060713e+04 1.062195e+04 1.062398e+04 1.060916e+04
18.6 1.052030e+04 1.059819e+04 1.062401e+04 1.054613e+04
19.6 1.052985e+04 1.058141e+04 1.062402e+04 1.057246e+04
20.6 1.052870e+04 1.057311e+04 1.062402e+04 1.057961e+04
21.6 1.055422e+04 1.057052e+04 1.062403e+04 1.060773e+04
0.9 1.070127e+04 1.065682e+04 1.062445e+04 1.066890e+04
1.9 1.063642e+04 1.065596e+04 1.063527e+04 1.061573e+04
2.9 1.058922e+04 1.065853e+04 1.066342e+04 1.059410e+04
3.9 1.057917e+04 1.066020e+04 1.068717e+04 1.060615e+04
4.9 1.061540e+04 1.065461e+04 1.068241e+04 1.064320e+04
5.9 1.060656e+04 1.063744e+04 1.066034e+04 1.062946e+04
6.9 1.059359e+04 1.061098e+04 1.063994e+04 1.062254e+04
7.9 1.059965e+04 1.058883e+04 1.062709e+04 1.063791e+04
8.9 1.061479e+04 1.057970e+04 1.062054e+04 1.065562e+04
9.9 1.065727e+04 1.059783e+04 1.061809e+04 1.067753e+04
10.9 1.067455e+04 1.063078e+04 1.061809e+04 1.066185e+04
11.9 1.063760e+04 1.065640e+04 1.061928e+04 1.060048e+04
12.9 1.069399e+04 1.065891e+04 1.062075e+04 1.065583e+04
13.9 1.071255e+04 1.065952e+04 1.062202e+04 1.067504e+04
14.9 1.067396e+04 1.065621e+04 1.062291e+04 1.064066e+04
15.9 1.061294e+04 1.063771e+04 1.062345e+04 1.059868e+04
16.9 1.052098e+04 1.060993e+04 1.062375e+04 1.053480e+04
17.9 1.053659e+04 1.059203e+04 1.062390e+04 1.056846e+04
18.9 1.061033e+04 1.060398e+04 1.062397e+04 1.063032e+04
19.9 1.066162e+04 1.062568e+04 1.062400e+04 1.065995e+04
20.9 1.067926e+04 1.063335e+04 1.062402e+04 1.066993e+04
21.9 1.061424e+04 1.062135e+04 1.062402e+04 1.061691e+04
0.5 1.060114e+04 1.057696e+04 1.062404e+04 1.064822e+04
1.5 1.060038e+04 1.057522e+04 1.062856e+04 1.065373e+04
2.5 1.058145e+04 1.059617e+04 1.065074e+04 1.063602e+04
3.5 1.056725e+04 1.062472e+04 1.067304e+04 1.061558e+04
4.5 1.065258e+04 1.065335e+04 1.066991e+04 1.066914e+04
5.5 1.065264e+04 1.065448e+04 1.065235e+04 1.065051e+04
6.5 1.053275e+04 1.062907e+04 1.063642e+04 1.054010e+04
7.5 1.048110e+04 1.060217e+04 1.062658e+04 1.050551e+04
8.5 1.053595e+04 1.059053e+04 1.062756e+04 1.057297e+04
9.5 1.057490e+04 1.060533e+04 1.064951e+04 1.061908e+04
10.5 1.059843e+04 1.062904e+04 1.066950e+04 1.063889e+04
11.5 1.062390e+04 1.065382e+04 1.066459e+04 1.063467e+04
12.5 1.060563e+04 1.065612e+04 1.064776e+04 1.059727e+04
13.5 1.065294e+04 1.065888e+04 1.063345e+04 1.062752e+04
14.5 1.062016e+04 1.066765e+04 1.062488e+04 1.057739e+04
15.5 1.061466e+04 1.067695e+04 1.062067e+04 1.055837e+04
16.5 1.059432e+04 1.066238e+04 1.061924e+04 1.055118e+04
17.5 1.060550e+04 1.063479e+04 1.061946e+04 1.059017e+04
18.5 1.061868e+04 1.063089e+04 1.062047e+04 1.060826e+04
19.5 1.059440e+04 1.064246e+04 1.062162e+04 1.057357e+04
20.5 1.060314e+04 1.064681e+04 1.062257e+04 1.057891e+04
21.5 1.062058e+04 1.063802e+04 1.062323e+04 1.060579e+04
0.6 1.048110e+04 1.060217e+04 1.062658e+04 1.050551e+04
1.6 1.053595e+04 1.059053e+04 1.062756e+04 1.057297e+04
2.6 1.057490e+04 1.060533e+04 1.064951e+04 1.061908e+04
3.6 1.059843e+04 1.062904e+04 1.066950e+04 1.063889e+04
4.6 1.062390e+04 1.065382e+04 1.066459e+04 1.063467e+04
5.6 1.060563e+04 1.065612e+04 1.064776e+04 1.059727e+04
6.6 1.065294e+04 1.065888e+04 1.063345e+04 1.062752e+04
7.6 1.062016e+04 1.066765e+04 1.062488e+04 1.057739e+04
8.6 1.061466e+04 1.067695e+04 1.062067e+04 1.055837e+04
9.6 1.059432e+04 1.066238e+04 1.061924e+04 1.055118e+04
10.6 1.060550e+04 1.063479e+04 1.061946e+04 1.059017e+04
11.6 1.061868e+04 1.063089e+04 1.062047e+04 1.060826e+04
12.6 1.059440e+04 1.064246e+04 1.062162e+04 1.057357e+04
13.6 1.060314e+04 1.064681e+04 1.062257e+04 1.057891e+04
14.6 1.062058e+04 1.063802e+04 1.062323e+04 1.060579e+04
15.6 1.063486e+04 1.062585e+04 1.062362e+04 1.063264e+04
16.6 1.061203e+04 1.063132e+04 1.062384e+04 1.060454e+04
17.6 1.059247e+04 1.063911e+04 1.062394e+04 1.057729e+04
18.6 1.063396e+04 1.063779e+04 1.062399e+04 1.062016e+04
19.6 1.065406e+04 1.062980e+04 1.062401e+04 1.064827e+04
20.6 1.062598e+04 1.063568e+04 1.062402e+04 1.061432e+04
21.6 1.061520e+04 1.064267e+04 1.062402e+04 1.059655e+04
0.1 1.060695e+04 1.064255e+04 1.062403e+04 1.058843e+04
1.1 1.061662e+04 1.066392e+04 1.062517e+04 1.057787e+04
2.1 1.063162e+04 1.067202e+04 1.063936e+04 1.059896e+04
3.1 1.066261e+04 1.066919e+04 1.065797e+04 1.065139e+04
4.1 1.066445e+04 1.067112e+04 1.065727e+04 1.065060e+04
5.1 1.064485e+04 1.065287e+04 1.064489e+04 1.063686e+04
6.1 1.057739e+04 1.061913e+04 1.063337e+04 1.059163e+04
7.1 1.056640e+04 1.059166e+04 1.062617e+04 1.060091e+04
8.1 1.061288e+04 1.058732e+04 1.062243e+04 1.064798e+04
9.1 1.061912e+04 1.061046e+04 1.062094e+04 1.062960e+04
10.1 1.063285e+04 1.063528e+04 1.062083e+04 1.061841e+04
11.1 1.064047e+04 1.064558e+04 1.062143e+04 1.061632e+04
12.1 1.058442e+04 1.063669e+04 1.062222e+04 1.056994e+04
