0.5 1.146837e+04 1.142392e+04 1.141501e+04 1.145946e+04
1.5 1.142953e+04 1.143781e+04 1.141660e+04 1.140831e+04
2.5 1.146412e+04 1.142815e+04 1.142126e+04 1.145723e+04
3.5 1.145142e+04 1.141453e+04 1.142249e+04 1.145937e+04
4.5 1.144642e+04 1.142213e+04 1.142039e+04 1.144468e+04
5.5 1.143993e+04 1.142559e+04 1.142117e+04 1.143551e+04
6.5 1.149841e+04 1.141259e+04 1.142320e+04 1.150902e+04
7.5 1.144750e+04 1.139441e+04 1.142157e+04 1.147465e+04
8.5 1.136779e+04 1.139205e+04 1.141842e+04 1.139416e+04
9.5 1.136782e+04 1.141677e+04 1.141603e+04 1.136708e+04
10.5 1.149557e+04 1.143462e+04 1.141655e+04 1.147750e+04
11.5 1.147759e+04 1.142707e+04 1.142065e+04 1.147116e+04
12.5 1.142873e+04 1.140773e+04 1.142149e+04 1.144250e+04
13.5 1.148349e+04 1.140456e+04 1.141924e+04 1.149817e+04
14.5 1.143233e+04 1.142010e+04 1.141684e+04 1.142908e+04
15.5 1.147377e+04 1.143187e+04 1.141534e+04 1.145724e+04
16.5 1.147604e+04 1.142989e+04 1.141458e+04 1.146073e+04
17.5 1.139946e+04 1.143797e+04 1.141428e+04 1.137578e+04
18.5 1.146765e+04 1.144770e+04 1.141516e+04 1.143511e+04
19.5 1.145090e+04 1.143821e+04 1.141983e+04 1.143252e+04
20.5 1.142685e+04 1.143300e+04 1.142220e+04 1.141605e+04
0.9 1.144642e+04 1.142213e+04 1.142039e+04 1.144468e+04
1.9 1.143993e+04 1.142559e+04 1.142117e+04 1.143551e+04
2.9 1.149841e+04 1.141259e+04 1.142320e+04 1.150902e+04
3.9 1.144750e+04 1.139441e+04 1.142157e+04 1.147465e+04
4.9 1.136779e+04 1.139205e+04 1.141842e+04 1.139416e+04
5.9 1.136782e+04 1.141677e+04 1.141603e+04 1.136708e+04
6.9 1.149557e+04 1.143462e+04 1.141655e+04 1.147750e+04
7.9 1.147759e+04 1.142707e+04 1.142065e+04 1.147116e+04
8.9 1.142873e+04 1.140773e+04 1.142149e+04 1.144250e+04
9.9 1.148349e+04 1.140456e+04 1.141924e+04 1.149817e+04
10.9 1.143233e+04 1.142010e+04 1.141684e+04 1.142908e+04
11.9 1.147377e+04 1.143187e+04 1.141534e+04 1.145724e+04
12.9 1.147604e+04 1.142989e+04 1.141458e+04 1.146073e+04
13.9 1.139946e+04 1.143797e+04 1.141428e+04 1.137578e+04
14.9 1.146765e+04 1.144770e+04 1.141516e+04 1.143511e+04
15.9 1.145090e+04 1.143821e+04 1.141983e+04 1.143252e+04
16.9 1.142685e+04 1.143300e+04 1.142220e+04 1.141605e+04
17.9 1.145072e+04 1.144911e+04 1.142051e+04 1.142211e+04
18.9 1.139496e+04 1.146000e+04 1.141870e+04 1.135367e+04
19.9 1.146602e+04 1.144536e+04 1.142130e+04 1.144197e+04
20.9 1.149984e+04 1.142860e+04 1.142258e+04 1.149382e+04
0.5 1.136782e+04 1.141677e+04 1.141603e+04 1.136708e+04
1.5 1.149557e+04 1.143462e+04 1.141655e+04 1.147750e+04
2.5 1.147759e+04 1.142707e+04 1.142065e+04 1.147116e+04
3.5 1.142873e+04 1.140773e+04 1.142149e+04 1.144250e+04
4.5 1.148349e+04 1.140456e+04 1.141924e+04 1.149817e+04
5.5 1.143233e+04 1.142010e+04 1.141684e+04 1.142908e+04
6.5 1.147377e+04 1.143187e+04 1.141534e+04 1.145724e+04
7.5 1.147604e+04 1.142989e+04 1.141458e+04 1.146073e+04
8.5 1.139946e+04 1.143797e+04 1.141428e+04 1.137578e+04
9.5 1.146765e+04 1.144770e+04 1.141516e+04 1.143511e+04
10.5 1.145090e+04 1.143821e+04 1.141983e+04 1.143252e+04
11.5 1.142685e+04 1.143300e+04 1.142220e+04 1.141605e+04
12.5 1.145072e+04 1.144911e+04 1.142051e+04 1.142211e+04
13.5 1.139496e+04 1.146000e+04 1.141870e+04 1.135367e+04
14.5 1.146602e+04 1.144536e+04 1.142130e+04 1.144197e+04
15.5 1.149984e+04 1.142860e+04 1.142258e+04 1.149382e+04
16.5 1.145512e+04 1.143119e+04 1.142030e+04 1.144423e+04
17.5 1.142322e+04 1.143690e+04 1.141796e+04 1.140428e+04
18.5 1.141541e+04 1.142693e+04 1.142027e+04 1.140874e+04
19.5 1.145465e+04 1.140817e+04 1.142217e+04 1.146865e+04
20.5 1.145525e+04 1.140579e+04 1.142034e+04 1.146980e+04
0.3 1.139946e+04 1.143797e+04 1.141428e+04 1.137578e+04
1.3 1.146765e+04 1.144770e+04 1.141516e+04 1.143511e+04
2.3 1.145090e+04 1.143821e+04 1.141983e+04 1.143252e+04
3.3 1.142685e+04 1.143300e+04 1.142220e+04 1.141605e+04
4.3 1.145072e+04 1.144911e+04 1.142051e+04 1.142211e+04
5.3 1.139496e+04 1.146000e+04 1.141870e+04 1.135367e+04
6.3 1.146602e+04 1.144536e+04 1.142130e+04 1.144197e+04
7.3 1.149984e+04 1.142860e+04 1.142258e+04 1.149382e+04
8.3 1.145512e+04 1.143119e+04 1.142030e+04 1.144423e+04
9.3 1.142322e+04 1.143690e+04 1.141796e+04 1.140428e+04
10.3 1.141541e+04 1.142693e+04 1.142027e+04 1.140874e+04
11.3 1.145465e+04 1.140817e+04 1.142217e+04 1.146865e+04
12.3 1.145525e+04 1.140579e+04 1.142034e+04 1.146980e+04
13.3 1.146494e+04 1.142533e+04 1.141755e+04 1.145715e+04
14.3 1.142181e+04 1.143869e+04 1.141658e+04 1.139970e+04
15.3 1.141110e+04 1.142961e+04 1.142015e+04 1.140164e+04
16.3 1.141516e+04 1.140856e+04 1.142181e+04 1.142841e+04
17.3 1.139906e+04 1.138922e+04 1.141984e+04 1.142967e+04
18.3 1.139225e+04 1.137704e+04 1.141724e+04 1.143245e+04
19.3 1.143904e+04 1.137188e+04 1.141551e+04 1.148268e+04
20.3 1.147495e+04 1.138545e+04 1.141462e+04 1.150412e+04
0.2 1.145072e+04 1.144911e+04 1.142051e+04 1.142211e+04
1.2 1.139496e+04 1.146000e+04 1.141870e+04 1.135367e+04
2.2 1.146602e+04 1.144536e+04 1.142130e+04 1.144197e+04
3.2 1.149984e+04 1.142860e+04 1.142258e+04 1.149382e+04
4.2 1.145512e+04 1.143119e+04 1.142030e+04 1.144423e+04
5.2 1.142322e+04 1.143690e+04 1.141796e+04 1.140428e+04
6.2 1.141541e+04 1.142693e+04 1.142027e+04 1.140874e+04
7.2 1.145465e+04 1.140817e+04 1.142217e+04 1.146865e+04
8.2 1.145525e+04 1.140579e+04 1.142034e+04 1.146980e+04
9.2 1.146494e+04 1.142533e+04 1.141755e+04 1.145715e+04
10.2 1.142181e+04 1.143869e+04 1.141658e+04 1.139970e+04
11.2 1.141110e+04 1.142961e+04 1.142015e+04 1.140164e+04
12.2 1.141516e+04 1.140856e+04 1.142181e+04 1.142841e+04
13.2 1.139906e+04 1.138922e+04 1.141984e+04 1.142967e+04
14.2 1.139225e+04 1.137704e+04 1.141724e+04 1.143245e+04
15.2 1.143904e+04 1.137188e+04 1.141551e+04 1.148268e+04
16.2 1.147495e+04 1.138545e+04 1.141462e+04 1.150412e+04
17.2 1.151082e+04 1.142206e+04 1.141427e+04 1.150303e+04
18.2 1.142969e+04 1.144810e+04 1.141422e+04 1.139580e+04
19.2 1.145044e+04 1.144947e+04 1.141434e+04 1.141531e+04
20.2 1.141381e+04 1.142922e+04 1.141453e+04 1.139912e+04
0.1 1.145512e+04 1.143119e+04 1.142030e+04 1.144423e+04
1.1 1.142322e+04 1.143690e+04 1.141796e+04 1.140428e+04
2.1 1.141541e+04 1.142693e+04 1.142027e+04 1.140874e+04
3.1 1.145465e+04 1.140817e+04 1.142217e+04 1.146865e+04
4.1 1.145525e+04 1.140579e+04 1.142034e+04 1.146980e+04
5.1 1.146494e+04 1.142533e+04 1.141755e+04 1.145715e+04
6.1 1.142181e+04 1.143869e+04 1.141658e+04 1.139970e+04
7.1 1.141110e+04 1.142961e+04 1.142015e+04 1.140164e+04
8.1 1.141516e+04 1.140856e+04 1.142181e+04 1.142841e+04
9.1 1.139906e+04 1.138922e+04 1.141984e+04 1.142967e+04
10.1 1.139225e+04 1.137704e+04 1.141724e+04 1.143245e+04
11.1 1.143904e+04 1.137188e+04 1.141551e+04 1.148268e+04
12.1 1.147495e+04 1.138545e+04 1.141462e+04 1.150412e+04
13.1 1.151082e+04 1.142206e+04 1.141427e+04 1.150303e+04
14.1 1.142969e+04 1.144810e+04 1.141422e+04 1.139580e+04
15.1 1.145044e+04 1.144947e+04 1.141434e+04 1.141531e+04
16.1 1.141381e+04 1.142922e+04 1.141453e+04 1.139912e+04
17.1 1.141133e+04 1.141897e+04 1.141470e+04 1.140706e+04
18.1 1.145358e+04 1.142912e+04 1.141483e+04 1.143929e+04
19.1 1.148883e+04 1.143761e+04 1.141491e+04 1.146613e+04
20.1 1.147289e+04 1.143261e+04 1.141496e+04 1.145524e+04
0.3 1.146494e+04 1.142533e+04 1.141755e+04 1.145715e+04
1.3 1.142181e+04 1.143869e+04 1.141658e+04 1.139970e+04
2.3 1.141110e+04 1.142961e+04 1.142015e+04 1.140164e+04
3.3 1.141516e+04 1.140856e+04 1.142181e+04 1.142841e+04
4.3 1.139906e+04 1.138922e+04 1.141984e+04 1.142967e+04
5.3 1.139225e+04 1.137704e+04 1.141724e+04 1.143245e+04
6.3 1.143904e+04 1.137188e+04 1.141551e+04 1.148268e+04
7.3 1.147495e+04 1.138545e+04 1.141462e+04 1.150412e+04
8.3 1.151082e+04 1.142206e+04 1.141427e+04 1.150303e+04
9.3 1.142969e+04 1.144810e+04 1.141422e+04 1.139580e+04
10.3 1.145044e+04 1.144947e+04 1.141434e+04 1.141531e+04
11.3 1.141381e+04 1.142922e+04 1.141453e+04 1.139912e+04
12.3 1.141133e+04 1.141897e+04 1.141470e+04 1.140706e+04
13.3 1.145358e+04 1.142912e+04 1.141483e+04 1.143929e+04
14.3 1.148883e+04 1.143761e+04 1.141491e+04 1.146613e+04
15.3 1.147289e+04 1.143261e+04 1.141496e+04 1.145524e+04
16.3 1.143356e+04 1.141238e+04 1.141499e+04 1.143617e+04
17.3 1.138452e+04 1.139782e+04 1.141500e+04 1.140169e+04
18.3 1.144756e+04 1.140991e+04 1.141500e+04 1.145265e+04
19.3 1.144322e+04 1.143348e+04 1.141501e+04 1.142475e+04
20.3 1.144852e+04 1.144467e+04 1.141501e+04 1.141885e+04
0.6 1.142661e+04 1.143484e+04 1.141503e+04 1.140680e+04
1.6 1.147998e+04 1.144271e+04 1.141721e+04 1.145447e+04
2.6 1.147601e+04 1.142813e+04 1.142175e+04 1.146962e+04
3.6 1.139668e+04 1.140470e+04 1.142229e+04 1.141428e+04
4.6 1.140767e+04 1.138590e+04 1.141981e+04 1.144157e+04
5.6 1.143052e+04 1.137510e+04 1.141726e+04 1.147268e+04
6.6 1.142888e+04 1.137041e+04 1.141563e+04 1.147409e+04
7.6 1.142710e+04 1.136944e+04 1.141476e+04 1.147242e+04
8.6 1.140709e+04 1.137374e+04 1.141439e+04 1.144774e+04
9.6 1.144535e+04 1.140051e+04 1.141433e+04 1.145917e+04
10.6 1.147166e+04 1.143657e+04 1.141477e+04 1.144986e+04
11.6 1.147061e+04 1.144488e+04 1.141879e+04 1.144453e+04
12.6 1.152535e+04 1.143964e+04 1.142229e+04 1.150800e+04
13.6 1.152163e+04 1.144283e+04 1.142185e+04 1.150065e+04
14.6 1.140794e+04 1.143502e+04 1.142338e+04 1.139630e+04
15.6 1.138025e+04 1.141777e+04 1.142408e+04 1.138656e+04
16.6 1.139164e+04 1.141819e+04 1.142135e+04 1.139480e+04
17.6 1.139783e+04 1.143539e+04 1.141796e+04 1.138040e+04
18.6 1.142512e+04 1.144035e+04 1.141758e+04 1.140235e+04
19.6 1.140908e+04 1.142814e+04 1.142102e+04 1.140196e+04
20.6 1.146722e+04 1.142901e+04 1.142139e+04 1.145960e+04
1.0 1.147166e+04 1.143657e+04 1.141477e+04 1.144986e+04
2.0 1.147061e+04 1.144488e+04 1.141879e+04 1.144453e+04
3.0 1.152535e+04 1.143964e+04 1.142229e+04 1.150800e+04
4.0 1.152163e+04 1.144283e+04 1.142185e+04 1.150065e+04
5.0 1.140794e+04 1.143502e+04 1.142338e+04 1.139630e+04
6.0 1.138025e+04 1.141777e+04 1.142408e+04 1.138656e+04
7.0 1.139164e+04 1.141819e+04 1.142135e+04 1.139480e+04
8.0 1.139783e+04 1.143539e+04 1.141796e+04 1.138040e+04
9.0 1.142512e+04 1.144035e+04 1.141758e+04 1.140235e+04
10.0 1.140908e+04 1.142814e+04 1.142102e+04 1.140196e+04
11.0 1.146722e+04 1.142901e+04 1.142139e+04 1.145960e+04
12.0 1.137151e+04 1.144985e+04 1.141896e+04 1.134061e+04
13.0 1.140416e+04 1.145847e+04 1.141792e+04 1.136361e+04
14.0 1.150668e+04 1.144188e+04 1.142114e+04 1.148594e+04
15.0 1.141736e+04 1.142762e+04 1.142196e+04 1.141170e+04
16.0 1.143959e+04 1.142219e+04 1.142103e+04 1.143843e+04
17.0 1.141793e+04 1.141117e+04 1.142306e+04 1.142983e+04
18.0 1.134544e+04 1.139467e+04 1.142276e+04 1.137353e+04
19.0 1.137752e+04 1.138068e+04 1.141974e+04 1.141658e+04
20.0 1.139476e+04 1.137282e+04 1.141679e+04 1.143873e+04
21.0 1.135646e+04 1.136993e+04 1.141501e+04 1.140154e+04
0.1 1.152535e+04 1.143964e+04 1.142229e+04 1.150800e+04
1.1 1.152163e+04 1.144283e+04 1.142185e+04 1.150065e+04
2.1 1.140794e+04 1.143502e+04 1.142338e+04 1.139630e+04
3.1 1.138025e+04 1.141777e+04 1.142408e+04 1.138656e+04
4.1 1.139164e+04 1.141819e+04 1.142135e+04 1.139480e+04
5.1 1.139783e+04 1.143539e+04 1.141796e+04 1.138040e+04
6.1 1.142512e+04 1.144035e+04 1.141758e+04 1.140235e+04
7.1 1.140908e+04 1.142814e+04 1.142102e+04 1.140196e+04
8.1 1.146722e+04 1.142901e+04 1.142139e+04 1.145960e+04
9.1 1.137151e+04 1.144985e+04 1.141896e+04 1.134061e+04
10.1 1.140416e+04 1.145847e+04 1.141792e+04 1.136361e+04
11.1 1.150668e+04 1.144188e+04 1.142114e+04 1.148594e+04
12.1 1.141736e+04 1.142762e+04 1.142196e+04 1.141170e+04
13.1 1.143959e+04 1.142219e+04 1.142103e+04 1.143843e+04
14.1 1.141793e+04 1.141117e+04 1.142306e+04 1.142983e+04
15.1 1.134544e+04 1.139467e+04 1.142276e+04 1.137353e+04
16.1 1.137752e+04 1.138068e+04 1.141974e+04 1.141658e+04
17.1 1.139476e+04 1.137282e+04 1.141679e+04 1.143873e+04
18.1 1.135646e+04 1.136993e+04 1.141501e+04 1.140154e+04
19.1 1.138283e+04 1.137044e+04 1.141419e+04 1.142658e+04
20.1 1.137732e+04 1.138562e+04 1.141395e+04 1.140566e+04
0.5 1.139783e+04 1.143539e+04 1.141796e+04 1.138040e+04
1.5 1.142512e+04 1.144035e+04 1.141758e+04 1.140235e+04
2.5 1.140908e+04 1.142814e+04 1.142102e+04 1.140196e+04
3.5 1.146722e+04 1.142901e+04 1.142139e+04 1.145960e+04
4.5 1.137151e+04 1.144985e+04 1.141896e+04 1.134061e+04
5.5 1.140416e+04 1.145847e+04 1.141792e+04 1.136361e+04
6.5 1.150668e+04 1.144188e+04 1.142114e+04 1.148594e+04
7.5 1.141736e+04 1.142762e+04 1.142196e+04 1.141170e+04
8.5 1.143959e+04 1.142219e+04 1.142103e+04 1.143843e+04
9.5 1.141793e+04 1.141117e+04 1.142306e+04 1.142983e+04
10.5 1.134544e+04 1.139467e+04 1.142276e+04 1.137353e+04
11.5 1.137752e+04 1.138068e+04 1.141974e+04 1.141658e+04
12.5 1.139476e+04 1.137282e+04 1.141679e+04 1.143873e+04
13.5 1.135646e+04 1.136993e+04 1.141501e+04 1.140154e+04
14.5 1.138283e+04 1.137044e+04 1.141419e+04 1.142658e+04
15.5 1.137732e+04 1.138562e+04 1.141395e+04 1.140566e+04
16.5 1.141723e+04 1.142147e+04 1.141405e+04 1.140982e+04
17.5 1.147217e+04 1.144190e+04 1.141645e+04 1.144672e+04
18.5 1.139747e+04 1.143318e+04 1.142123e+04 1.138551e+04
19.5 1.137245e+04 1.141948e+04 1.142198e+04 1.137494e+04
20.5 1.143557e+04 1.141988e+04 1.142005e+04 1.143574e+04
0.4 1.137151e+04 1.144985e+04 1.141896e+04 1.134061e+04
1.4 1.140416e+04 1.145847e+04 1.141792e+04 1.136361e+04
2.4 1.150668e+04 1.144188e+04 1.142114e+04 1.148594e+04
3.4 1.141736e+04 1.142762e+04 1.142196e+04 1.141170e+04
4.4 1.143959e+04 1.142219e+04 1.142103e+04 1.143843e+04
5.4 1.141793e+04 1.141117e+04 1.142306e+04 1.142983e+04
6.4 1.134544e+04 1.139467e+04 1.142276e+04 1.137353e+04
7.4 1.137752e+04 1.138068e+04 1.141974e+04 1.141658e+04
8.4 1.139476e+04 1.137282e+04 1.141679e+04 1.143873e+04
9.4 1.135646e+04 1.136993e+04 1.141501e+04 1.140154e+04
10.4 1.138283e+04 1.137044e+04 1.141419e+04 1.142658e+04
11.4 1.137732e+04 1.138562e+04 1.141395e+04 1.140566e+04
12.4 1.141723e+04 1.142147e+04 1.141405e+04 1.140982e+04
13.4 1.147217e+04 1.144190e+04 1.141645e+04 1.144672e+04
14.4 1.139747e+04 1.143318e+04 1.142123e+04 1.138551e+04
15.4 1.137245e+04 1.141948e+04 1.142198e+04 1.137494e+04
16.4 1.143557e+04 1.141988e+04 1.142005e+04 1.143574e+04
17.4 1.144507e+04 1.141679e+04 1.142164e+04 1.144992e+04
18.4 1.143184e+04 1.140395e+04 1.142317e+04 1.145106e+04
19.4 1.132082e+04 1.139676e+04 1.142105e+04 1.134510e+04
20.4 1.135539e+04 1.141185e+04 1.141792e+04 1.136146e+04
0.4 1.141736e+04 1.142762e+04 1.142196e+04 1.141170e+04
1.4 1.143959e+04 1.142219e+04 1.142103e+04 1.143843e+04
2.4 1.141793e+04 1.141117e+04 1.142306e+04 1.142983e+04
3.4 1.134544e+04 1.139467e+04 1.142276e+04 1.137353e+04
4.4 1.137752e+04 1.138068e+04 1.141974e+04 1.141658e+04
5.4 1.139476e+04 1.137282e+04 1.141679e+04 1.143873e+04
6.4 1.135646e+04 1.136993e+04 1.141501e+04 1.140154e+04
7.4 1.138283e+04 1.137044e+04 1.141419e+04 1.142658e+04
8.4 1.137732e+04 1.138562e+04 1.141395e+04 1.140566e+04
9.4 1.141723e+04 1.142147e+04 1.141405e+04 1.140982e+04
10.4 1.147217e+04 1.144190e+04 1.141645e+04 1.144672e+04
11.4 1.139747e+04 1.143318e+04 1.142123e+04 1.138551e+04
12.4 1.137245e+04 1.141948e+04 1.142198e+04 1.137494e+04
13.4 1.143557e+04 1.141988e+04 1.142005e+04 1.143574e+04
14.4 1.144507e+04 1.141679e+04 1.142164e+04 1.144992e+04
15.4 1.143184e+04 1.140395e+04 1.142317e+04 1.145106e+04
16.4 1.132082e+04 1.139676e+04 1.142105e+04 1.134510e+04
17.4 1.135539e+04 1.141185e+04 1.141792e+04 1.136146e+04
18.4 1.142767e+04 1.142919e+04 1.141572e+04 1.141420e+04
19.4 1.143541e+04 1.142928e+04 1.141459e+04 1.142071e+04
20.4 1.135972e+04 1.141148e+04 1.141414e+04 1.136238e+04
0.6 1.141723e+04 1.142147e+04 1.141405e+04 1.140982e+04
1.6 1.147217e+04 1.144190e+04 1.141645e+04 1.144672e+04
2.6 1.139747e+04 1.143318e+04 1.142123e+04 1.138551e+04
3.6 1.137245e+04 1.141948e+04 1.142198e+04 1.137494e+04
4.6 1.143557e+04 1.141988e+04 1.142005e+04 1.143574e+04
5.6 1.144507e+04 1.141679e+04 1.142164e+04 1.144992e+04
6.6 1.143184e+04 1.140395e+04 1.142317e+04 1.145106e+04
7.6 1.132082e+04 1.139676e+04 1.142105e+04 1.134510e+04
8.6 1.135539e+04 1.141185e+04 1.141792e+04 1.136146e+04
9.6 1.142767e+04 1.142919e+04 1.141572e+04 1.141420e+04
10.6 1.143541e+04 1.142928e+04 1.141459e+04 1.142071e+04
11.6 1.135972e+04 1.141148e+04 1.141414e+04 1.136238e+04
12.6 1.134546e+04 1.139220e+04 1.141408e+04 1.136734e+04
13.6 1.140037e+04 1.137952e+04 1.141423e+04 1.143508e+04
14.6 1.141056e+04 1.137313e+04 1.141444e+04 1.145187e+04
15.6 1.130973e+04 1.137560e+04 1.141464e+04 1.134877e+04
16.6 1.132930e+04 1.140075e+04 1.141484e+04 1.134339e+04
17.6 1.138907e+04 1.142205e+04 1.141750e+04 1.138452e+04
18.6 1.141265e+04 1.141964e+04 1.142193e+04 1.141494e+04
19.6 1.143237e+04 1.140403e+04 1.142212e+04 1.145046e+04
20.6 1.135271e+04 1.138951e+04 1.141955e+04 1.138276e+04
0.1 1.137245e+04 1.141948e+04 1.142198e+04 1.137494e+04
1.1 1.143557e+04 1.141988e+04 1.142005e+04 1.143574e+04
2.1 1.144507e+04 1.141679e+04 1.142164e+04 1.144992e+04
3.1 1.143184e+04 1.140395e+04 1.142317e+04 1.145106e+04
4.1 1.132082e+04 1.139676e+04 1.142105e+04 1.134510e+04
5.1 1.135539e+04 1.141185e+04 1.141792e+04 1.136146e+04
6.1 1.142767e+04 1.142919e+04 1.141572e+04 1.141420e+04
7.1 1.143541e+04 1.142928e+04 1.141459e+04 1.142071e+04
8.1 1.135972e+04 1.141148e+04 1.141414e+04 1.136238e+04
9.1 1.134546e+04 1.139220e+04 1.141408e+04 1.136734e+04
10.1 1.140037e+04 1.137952e+04 1.141423e+04 1.143508e+04
11.1 1.141056e+04 1.137313e+04 1.141444e+04 1.145187e+04
12.1 1.130973e+04 1.137560e+04 1.141464e+04 1.134877e+04
13.1 1.132930e+04 1.140075e+04 1.141484e+04 1.134339e+04
14.1 1.138907e+04 1.142205e+04 1.141750e+04 1.138452e+04
15.1 1.141265e+04 1.141964e+04 1.142193e+04 1.141494e+04
16.1 1.143237e+04 1.140403e+04 1.142212e+04 1.145046e+04
17.1 1.135271e+04 1.138951e+04 1.141955e+04 1.138276e+04
18.1 1.133107e+04 1.139021e+04 1.141708e+04 1.135794e+04
19.1 1.142077e+04 1.141064e+04 1.141552e+04 1.142566e+04
20.1 1.143418e+04 1.142869e+04 1.141471e+04 1.142020e+04
0.7 1.132930e+04 1.140075e+04 1.141484e+04 1.134339e+04
1.7 1.138907e+04 1.142205e+04 1.141750e+04 1.138452e+04
2.7 1.141265e+04 1.141964e+04 1.142193e+04 1.141494e+04
3.7 1.143237e+04 1.140403e+04 1.142212e+04 1.145046e+04
4.7 1.135271e+04 1.138951e+04 1.141955e+04 1.138276e+04
5.7 1.133107e+04 1.139021e+04 1.141708e+04 1.135794e+04
6.7 1.142077e+04 1.141064e+04 1.141552e+04 1.142566e+04
7.7 1.143418e+04 1.142869e+04 1.141471e+04 1.142020e+04
8.7 1.144897e+04 1.143353e+04 1.141437e+04 1.142981e+04
9.7 1.138391e+04 1.141904e+04 1.141434e+04 1.137921e+04
10.7 1.134410e+04 1.139866e+04 1.141445e+04 1.135989e+04
11.7 1.130017e+04 1.138348e+04 1.141462e+04 1.133130e+04
12.7 1.122859e+04 1.137506e+04 1.141477e+04 1.126830e+04
13.7 1.129619e+04 1.137150e+04 1.141487e+04 1.133956e+04
14.7 1.127383e+04 1.137390e+04 1.141494e+04 1.131487e+04
15.7 1.136442e+04 1.139768e+04 1.141497e+04 1.138172e+04
16.7 1.141890e+04 1.143610e+04 1.141500e+04 1.139780e+04
17.7 1.147033e+04 1.145473e+04 1.141648e+04 1.143207e+04
18.7 1.151010e+04 1.144401e+04 1.142115e+04 1.148724e+04
19.7 1.145729e+04 1.143485e+04 1.142252e+04 1.144495e+04
20.7 1.144850e+04 1.144353e+04 1.142029e+04 1.142527e+04
0.4 1.141890e+04 1.143610e+04 1.141500e+04 1.139780e+04
1.4 1.147033e+04 1.145473e+04 1.141648e+04 1.143207e+04
2.4 1.151010e+04 1.144401e+04 1.142115e+04 1.148724e+04
3.4 1.145729e+04 1.143485e+04 1.142252e+04 1.144495e+04
4.4 1.144850e+04 1.144353e+04 1.142029e+04 1.142527e+04
5.4 1.140414e+04 1.144789e+04 1.141862e+04 1.137487e+04
6.4 1.143864e+04 1.143383e+04 1.142140e+04 1.142621e+04
7.4 1.142912e+04 1.142330e+04 1.142248e+04 1.142830e+04
8.4 1.146939e+04 1.142593e+04 1.142012e+04 1.146357e+04
9.4 1.143226e+04 1.142956e+04 1.141729e+04 1.141999e+04
10.4 1.142058e+04 1.142346e+04 1.141545e+04 1.141257e+04
11.4 1.144891e+04 1.142257e+04 1.141469e+04 1.144103e+04
12.4 1.144630e+04 1.141905e+04 1.141765e+04 1.144490e+04
13.4 1.144116e+04 1.140630e+04 1.142152e+04 1.145637e+04
14.4 1.134832e+04 1.139066e+04 1.142111e+04 1.137877e+04
15.4 1.136795e+04 1.139071e+04 1.141859e+04 1.139584e+04
16.4 1.139809e+04 1.141954e+04 1.141644e+04 1.139499e+04
17.4 1.143918e+04 1.144139e+04 1.141675e+04 1.141453e+04
18.4 1.144653e+04 1.143411e+04 1.142079e+04 1.143320e+04
19.4 1.136743e+04 1.141969e+04 1.142179e+04 1.136953e+04
20.4 1.139255e+04 1.142485e+04 1.141953e+04 1.138723e+04
0.3 1.144850e+04 1.144353e+04 1.142029e+04 1.142527e+04
1.3 1.140414e+04 1.144789e+04 1.141862e+04 1.137487e+04
2.3 1.143864e+04 1.143383e+04 1.142140e+04 1.142621e+04
3.3 1.142912e+04 1.142330e+04 1.142248e+04 1.142830e+04
4.3 1.146939e+04 1.142593e+04 1.142012e+04 1.146357e+04
5.3 1.143226e+04 1.142956e+04 1.141729e+04 1.141999e+04
6.3 1.142058e+04 1.142346e+04 1.141545e+04 1.141257e+04
7.3 1.144891e+04 1.142257e+04 1.141469e+04 1.144103e+04
8.3 1.144630e+04 1.141905e+04 1.141765e+04 1.144490e+04
9.3 1.144116e+04 1.140630e+04 1.142152e+04 1.145637e+04
10.3 1.134832e+04 1.139066e+04 1.142111e+04 1.137877e+04
11.3 1.136795e+04 1.139071e+04 1.141859e+04 1.139584e+04
12.3 1.139809e+04 1.141954e+04 1.141644e+04 1.139499e+04
13.3 1.143918e+04 1.144139e+04 1.141675e+04 1.141453e+04
14.3 1.144653e+04 1.143411e+04 1.142079e+04 1.143320e+04
15.3 1.136743e+04 1.141969e+04 1.142179e+04 1.136953e+04
16.3 1.139255e+04 1.142485e+04 1.141953e+04 1.138723e+04
17.3 1.143952e+04 1.143452e+04 1.141704e+04 1.142204e+04
18.3 1.148464e+04 1.143211e+04 1.141544e+04 1.146798e+04
19.3 1.149856e+04 1.143164e+04 1.141463e+04 1.148156e+04
20.3 1.141578e+04 1.143408e+04 1.141589e+04 1.139758e+04
0.9 1.144891e+04 1.142257e+04 1.141469e+04 1.144103e+04
1.9 1.144630e+04 1.141905e+04 1.141765e+04 1.144490e+04
2.9 1.144116e+04 1.140630e+04 1.142152e+04 1.145637e+04
3.9 1.134832e+04 1.139066e+04 1.142111e+04 1.137877e+04
4.9 1.136795e+04 1.139071e+04 1.141859e+04 1.139584e+04
5.9 1.139809e+04 1.141954e+04 1.141644e+04 1.139499e+04
6.9 1.143918e+04 1.144139e+04 1.141675e+04 1.141453e+04
7.9 1.144653e+04 1.143411e+04 1.142079e+04 1.143320e+04
8.9 1.136743e+04 1.141969e+04 1.142179e+04 1.136953e+04
9.9 1.139255e+04 1.142485e+04 1.141953e+04 1.138723e+04
10.9 1.143952e+04 1.143452e+04 1.141704e+04 1.142204e+04
11.9 1.148464e+04 1.143211e+04 1.141544e+04 1.146798e+04
12.9 1.149856e+04 1.143164e+04 1.141463e+04 1.148156e+04
13.9 1.141578e+04 1.143408e+04 1.141589e+04 1.139758e+04
14.9 1.142545e+04 1.142280e+04 1.142052e+04 1.142317e+04
15.9 1.138706e+04 1.140260e+04 1.142187e+04 1.140634e+04
16.9 1.133726e+04 1.138508e+04 1.141978e+04 1.137196e+04
17.9 1.133087e+04 1.137474e+04 1.141730e+04 1.137342e+04
18.9 1.135973e+04 1.137033e+04 1.141565e+04 1.140505e+04
19.9 1.139575e+04 1.136951e+04 1.141476e+04 1.144101e+04
20.9 1.136456e+04 1.137053e+04 1.141438e+04 1.140842e+04
0.5 1.139809e+04 1.141954e+04 1.141644e+04 1.139499e+04
1.5 1.143918e+04 1.144139e+04 1.141675e+04 1.141453e+04
2.5 1.144653e+04 1.143411e+04 1.142079e+04 1.143320e+04
3.5 1.136743e+04 1.141969e+04 1.142179e+04 1.136953e+04
4.5 1.139255e+04 1.142485e+04 1.141953e+04 1.138723e+04
5.5 1.143952e+04 1.143452e+04 1.141704e+04 1.142204e+04
6.5 1.148464e+04 1.143211e+04 1.141544e+04 1.146798e+04
7.5 1.149856e+04 1.143164e+04 1.141463e+04 1.148156e+04
8.5 1.141578e+04 1.143408e+04 1.141589e+04 1.139758e+04
9.5 1.142545e+04 1.142280e+04 1.142052e+04 1.142317e+04
10.5 1.138706e+04 1.140260e+04 1.142187e+04 1.140634e+04
11.5 1.133726e+04 1.138508e+04 1.141978e+04 1.137196e+04
12.5 1.133087e+04 1.137474e+04 1.141730e+04 1.137342e+04
13.5 1.135973e+04 1.137033e+04 1.141565e+04 1.140505e+04
14.5 1.139575e+04 1.136951e+04 1.141476e+04 1.144101e+04
15.5 1.136456e+04 1.137053e+04 1.141438e+04 1.140842e+04
16.5 1.138442e+04 1.137278e+04 1.141431e+04 1.142595e+04
17.5 1.138362e+04 1.138838e+04 1.141441e+04 1.140965e+04
18.5 1.147052e+04 1.142592e+04 1.141458e+04 1.145918e+04
19.5 1.150351e+04 1.145723e+04 1.141510e+04 1.146138e+04
20.5 1.147864e+04 1.145542e+04 1.141918e+04 1.144240e+04
0.5 1.149856e+04 1.143164e+04 1.141463e+04 1.148156e+04
1.5 1.141578e+04 1.143408e+04 1.141589e+04 1.139758e+04
2.5 1.142545e+04 1.142280e+04 1.142052e+04 1.142317e+04
3.5 1.138706e+04 1.140260e+04 1.142187e+04 1.140634e+04
4.5 1.133726e+04 1.138508e+04 1.141978e+04 1.137196e+04
5.5 1.133087e+04 1.137474e+04 1.141730e+04 1.137342e+04
6.5 1.135973e+04 1.137033e+04 1.141565e+04 1.140505e+04
7.5 1.139575e+04 1.136951e+04 1.141476e+04 1.144101e+04
8.5 1.136456e+04 1.137053e+04 1.141438e+04 1.140842e+04
9.5 1.138442e+04 1.137278e+04 1.141431e+04 1.142595e+04
10.5 1.138362e+04 1.138838e+04 1.141441e+04 1.140965e+04
11.5 1.147052e+04 1.142592e+04 1.141458e+04 1.145918e+04
12.5 1.150351e+04 1.145723e+04 1.141510e+04 1.146138e+04
13.5 1.147864e+04 1.145542e+04 1.141918e+04 1.144240e+04
14.5 1.141352e+04 1.144099e+04 1.142249e+04 1.139502e+04
15.5 1.143006e+04 1.144099e+04 1.142135e+04 1.141041e+04
16.5 1.137881e+04 1.144512e+04 1.141893e+04 1.135262e+04
17.5 1.144783e+04 1.143408e+04 1.142062e+04 1.143438e+04
18.5 1.143281e+04 1.141208e+04 1.142271e+04 1.144344e+04
19.5 1.139513e+04 1.139094e+04 1.142100e+04 1.142519e+04
20.5 1.133906e+04 1.137723e+04 1.141803e+04 1.137985e+04
1.0 1.150351e+04 1.145723e+04 1.141510e+04 1.146138e+04
2.0 1.147864e+04 1.145542e+04 1.141918e+04 1.144240e+04
3.0 1.141352e+04 1.144099e+04 1.142249e+04 1.139502e+04
4.0 1.143006e+04 1.144099e+04 1.142135e+04 1.141041e+04
5.0 1.137881e+04 1.144512e+04 1.141893e+04 1.135262e+04
6.0 1.144783e+04 1.143408e+04 1.142062e+04 1.143438e+04
7.0 1.143281e+04 1.141208e+04 1.142271e+04 1.144344e+04
8.0 1.139513e+04 1.139094e+04 1.142100e+04 1.142519e+04
9.0 1.133906e+04 1.137723e+04 1.141803e+04 1.137985e+04
10.0 1.137321e+04 1.137433e+04 1.141586e+04 1.141473e+04
11.0 1.142913e+04 1.139617e+04 1.141471e+04 1.144767e+04
12.0 1.148801e+04 1.142397e+04 1.141423e+04 1.147826e+04
13.0 1.143680e+04 1.143527e+04 1.141414e+04 1.141567e+04
14.0 1.146427e+04 1.143566e+04 1.141425e+04 1.144287e+04
15.0 1.149276e+04 1.144243e+04 1.141505e+04 1.146538e+04
16.0 1.146457e+04 1.143565e+04 1.141954e+04 1.144845e+04
17.0 1.140536e+04 1.141461e+04 1.142242e+04 1.141317e+04
18.0 1.130212e+04 1.139294e+04 1.142097e+04 1.133015e+04
19.0 1.135799e+04 1.138300e+04 1.141827e+04 1.139326e+04
20.0 1.141508e+04 1.140063e+04 1.141627e+04 1.143073e+04
21.0 1.149710e+04 1.141909e+04 1.141753e+04 1.149554e+04
1.0 1.137881e+04 1.144512e+04 1.141893e+04 1.135262e+04
2.0 1.144783e+04 1.143408e+04 1.142062e+04 1.143438e+04
3.0 1.143281e+04 1.141208e+04 1.142271e+04 1.144344e+04
4.0 1.139513e+04 1.139094e+04 1.142100e+04 1.142519e+04
5.0 1.133906e+04 1.137723e+04 1.141803e+04 1.137985e+04
6.0 1.137321e+04 1.137433e+04 1.141586e+04 1.141473e+04
7.0 1.142913e+04 1.139617e+04 1.141471e+04 1.144767e+04
8.0 1.148801e+04 1.142397e+04 1.141423e+04 1.147826e+04
9.0 1.143680e+04 1.143527e+04 1.141414e+04 1.141567e+04
10.0 1.146427e+04 1.143566e+04 1.141425e+04 1.144287e+04
11.0 1.149276e+04 1.144243e+04 1.141505e+04 1.146538e+04
12.0 1.146457e+04 1.143565e+04 1.141954e+04 1.144845e+04
13.0 1.140536e+04 1.141461e+04 1.142242e+04 1.141317e+04
14.0 1.130212e+04 1.139294e+04 1.142097e+04 1.133015e+04
15.0 1.135799e+04 1.138300e+04 1.141827e+04 1.139326e+04
16.0 1.141508e+04 1.140063e+04 1.141627e+04 1.143073e+04
17.0 1.149710e+04 1.141909e+04 1.141753e+04 1.149554e+04
18.0 1.147108e+04 1.141618e+04 1.142141e+04 1.147631e+04
19.0 1.135309e+04 1.140352e+04 1.142152e+04 1.137109e+04
20.0 1.140898e+04 1.141180e+04 1.141901e+04 1.141620e+04
21.0 1.139712e+04 1.143703e+04 1.141667e+04 1.137676e+04
0.1 1.146427e+04 1.143566e+04 1.141425e+04 1.144287e+04
1.1 1.149276e+04 1.144243e+04 1.141505e+04 1.146538e+04
2.1 1.146457e+04 1.143565e+04 1.141954e+04 1.144845e+04
3.1 1.140536e+04 1.141461e+04 1.142242e+04 1.141317e+04
4.1 1.130212e+04 1.139294e+04 1.142097e+04 1.133015e+04
5.1 1.135799e+04 1.138300e+04 1.141827e+04 1.139326e+04
6.1 1.141508e+04 1.140063e+04 1.141627e+04 1.143073e+04
7.1 1.149710e+04 1.141909e+04 1.141753e+04 1.149554e+04
8.1 1.147108e+04 1.141618e+04 1.142141e+04 1.147631e+04
9.1 1.135309e+04 1.140352e+04 1.142152e+04 1.137109e+04
10.1 1.140898e+04 1.141180e+04 1.141901e+04 1.141620e+04
11.1 1.139712e+04 1.143703e+04 1.141667e+04 1.137676e+04
12.1 1.142962e+04 1.144985e+04 1.141524e+04 1.139502e+04
13.1 1.144627e+04 1.144046e+04 1.141454e+04 1.142035e+04
14.1 1.138700e+04 1.141579e+04 1.141428e+04 1.138549e+04
15.1 1.137009e+04 1.140331e+04 1.141429e+04 1.138107e+04
16.1 1.143588e+04 1.142287e+04 1.141443e+04 1.142745e+04
17.1 1.145794e+04 1.144966e+04 1.141478e+04 1.142307e+04
18.1 1.144883e+04 1.144966e+04 1.141836e+04 1.141752e+04
19.1 1.146706e+04 1.143656e+04 1.142226e+04 1.145276e+04
20.1 1.143986e+04 1.144255e+04 1.142166e+04 1.141897e+04
0.7 1.141508e+04 1.140063e+04 1.141627e+04 1.143073e+04
1.7 1.149710e+04 1.141909e+04 1.141753e+04 1.149554e+04
2.7 1.147108e+04 1.141618e+04 1.142141e+04 1.147631e+04
3.7 1.135309e+04 1.140352e+04 1.142152e+04 1.137109e+04
4.7 1.140898e+04 1.141180e+04 1.141901e+04 1.141620e+04
5.7 1.139712e+04 1.143703e+04 1.141667e+04 1.137676e+04
6.7 1.142962e+04 1.144985e+04 1.141524e+04 1.139502e+04
7.7 1.144627e+04 1.144046e+04 1.141454e+04 1.142035e+04
8.7 1.138700e+04 1.141579e+04 1.141428e+04 1.138549e+04
9.7 1.137009e+04 1.140331e+04 1.141429e+04 1.138107e+04
10.7 1.143588e+04 1.142287e+04 1.141443e+04 1.142745e+04
11.7 1.145794e+04 1.144966e+04 1.141478e+04 1.142307e+04
12.7 1.144883e+04 1.144966e+04 1.141836e+04 1.141752e+04
13.7 1.146706e+04 1.143656e+04 1.142226e+04 1.145276e+04
14.7 1.143986e+04 1.144255e+04 1.142166e+04 1.141897e+04
15.7 1.139296e+04 1.145691e+04 1.141912e+04 1.135517e+04
16.7 1.137168e+04 1.145000e+04 1.142014e+04 1.134182e+04
17.7 1.137700e+04 1.142457e+04 1.142266e+04 1.137509e+04
18.7 1.136706e+04 1.139780e+04 1.142140e+04 1.139066e+04
19.7 1.141083e+04 1.137963e+04 1.141842e+04 1.144962e+04
20.7 1.139686e+04 1.137046e+04 1.141610e+04 1.144250e+04
0.9 1.145794e+04 1.144966e+04 1.141478e+04 1.142307e+04
1.9 1.144883e+04 1.144966e+04 1.141836e+04 1.141752e+04
2.9 1.146706e+04 1.143656e+04 1.142226e+04 1.145276e+04
3.9 1.143986e+04 1.144255e+04 1.142166e+04 1.141897e+04
4.9 1.139296e+04 1.145691e+04 1.141912e+04 1.135517e+04
5.9 1.137168e+04 1.145000e+04 1.142014e+04 1.134182e+04
6.9 1.137700e+04 1.142457e+04 1.142266e+04 1.137509e+04
7.9 1.136706e+04 1.139780e+04 1.142140e+04 1.139066e+04
8.9 1.141083e+04 1.137963e+04 1.141842e+04 1.144962e+04
9.9 1.139686e+04 1.137046e+04 1.141610e+04 1.144250e+04
10.9 1.136091e+04 1.137167e+04 1.141482e+04 1.140407e+04
11.9 1.136589e+04 1.139316e+04 1.141427e+04 1.138700e+04
12.9 1.135717e+04 1.141891e+04 1.141414e+04 1.135239e+04
13.9 1.140023e+04 1.143354e+04 1.141423e+04 1.138093e+04
14.9 1.145326e+04 1.142730e+04 1.141442e+04 1.144038e+04
15.9 1.132921e+04 1.140767e+04 1.141462e+04 1.133616e+04
16.9 1.132404e+04 1.138968e+04 1.141478e+04 1.134913e+04
17.9 1.136698e+04 1.138418e+04 1.141488e+04 1.139768e+04
18.9 1.140187e+04 1.140147e+04 1.141494e+04 1.141535e+04
19.9 1.142312e+04 1.142250e+04 1.141498e+04 1.141560e+04
20.9 1.139297e+04 1.143327e+04 1.141499e+04 1.137469e+04
0.9 1.139296e+04 1.145691e+04 1.141912e+04 1.135517e+04
1.9 1.137168e+04 1.145000e+04 1.142014e+04 1.134182e+04
2.9 1.137700e+04 1.142457e+04 1.142266e+04 1.137509e+04
3.9 1.136706e+04 1.139780e+04 1.142140e+04 1.139066e+04
4.9 1.141083e+04 1.137963e+04 1.141842e+04 1.144962e+04
5.9 1.139686e+04 1.137046e+04 1.141610e+04 1.144250e+04
6.9 1.136091e+04 1.137167e+04 1.141482e+04 1.140407e+04
7.9 1.136589e+04 1.139316e+04 1.141427e+04 1.138700e+04
8.9 1.135717e+04 1.141891e+04 1.141414e+04 1.135239e+04
9.9 1.140023e+04 1.143354e+04 1.141423e+04 1.138093e+04
10.9 1.145326e+04 1.142730e+04 1.141442e+04 1.144038e+04
11.9 1.132921e+04 1.140767e+04 1.141462e+04 1.133616e+04
12.9 1.132404e+04 1.138968e+04 1.141478e+04 1.134913e+04
13.9 1.136698e+04 1.138418e+04 1.141488e+04 1.139768e+04
14.9 1.140187e+04 1.140147e+04 1.141494e+04 1.141535e+04
15.9 1.142312e+04 1.142250e+04 1.141498e+04 1.141560e+04
16.9 1.139297e+04 1.143327e+04 1.141499e+04 1.137469e+04
17.9 1.140395e+04 1.143015e+04 1.141500e+04 1.138881e+04
18.9 1.142949e+04 1.144000e+04 1.141500e+04 1.140450e+04
19.9 1.139082e+04 1.145556e+04 1.141501e+04 1.135027e+04
20.9 1.141433e+04 1.145650e+04 1.141501e+04 1.137284e+04
0.8 1.141620e+04 1.145020e+04 1.141511e+04 1.138111e+04
1.8 1.143188e+04 1.145005e+04 1.141817e+04 1.140000e+04
2.8 1.142983e+04 1.142779e+04 1.142225e+04 1.142429e+04
3.8 1.141904e+04 1.141213e+04 1.142192e+04 1.142884e+04
4.8 1.138889e+04 1.142109e+04 1.141926e+04 1.138705e+04
5.8 1.138054e+04 1.142757e+04 1.141893e+04 1.137190e+04
6.8 1.145337e+04 1.141701e+04 1.142205e+04 1.145841e+04
7.8 1.146277e+04 1.140882e+04 1.142198e+04 1.147593e+04
8.8 1.147140e+04 1.142134e+04 1.141956e+04 1.146963e+04
9.8 1.137680e+04 1.142534e+04 1.142084e+04 1.137230e+04
10.8 1.131564e+04 1.141517e+04 1.142267e+04 1.132314e+04
11.8 1.129897e+04 1.142191e+04 1.142086e+04 1.129792e+04
12.8 1.141209e+04 1.144300e+04 1.141818e+04 1.138727e+04
13.8 1.140546e+04 1.144263e+04 1.141988e+04 1.138271e+04
14.8 1.136451e+04 1.142147e+04 1.142211e+04 1.136516e+04
15.8 1.131265e+04 1.139751e+04 1.142058e+04 1.133572e+04
16.8 1.138053e+04 1.138219e+04 1.141776e+04 1.141611e+04
17.8 1.140913e+04 1.138905e+04 1.141570e+04 1.143579e+04
18.8 1.141263e+04 1.141711e+04 1.141463e+04 1.141014e+04
19.8 1.137824e+04 1.143936e+04 1.141419e+04 1.135307e+04
20.8 1.139794e+04 1.144654e+04 1.141412e+04 1.136552e+04
0.6 1.138889e+04 1.142109e+04 1.141926e+04 1.138705e+04
1.6 1.138054e+04 1.142757e+04 1.141893e+04 1.137190e+04
2.6 1.145337e+04 1.141701e+04 1.142205e+04 1.145841e+04
3.6 1.146277e+04 1.140882e+04 1.142198e+04 1.147593e+04
4.6 1.147140e+04 1.142134e+04 1.141956e+04 1.146963e+04
5.6 1.137680e+04 1.142534e+04 1.142084e+04 1.137230e+04
6.6 1.131564e+04 1.141517e+04 1.142267e+04 1.132314e+04
7.6 1.129897e+04 1.142191e+04 1.142086e+04 1.129792e+04
8.6 1.141209e+04 1.144300e+04 1.141818e+04 1.138727e+04
9.6 1.140546e+04 1.144263e+04 1.141988e+04 1.138271e+04
10.6 1.136451e+04 1.142147e+04 1.142211e+04 1.136516e+04
11.6 1.131265e+04 1.139751e+04 1.142058e+04 1.133572e+04
12.6 1.138053e+04 1.138219e+04 1.141776e+04 1.141611e+04
13.6 1.140913e+04 1.138905e+04 1.141570e+04 1.143579e+04
14.6 1.141263e+04 1.141711e+04 1.141463e+04 1.141014e+04
15.6 1.137824e+04 1.143936e+04 1.141419e+04 1.135307e+04
16.6 1.139794e+04 1.144654e+04 1.141412e+04 1.136552e+04
17.6 1.142135e+04 1.144618e+04 1.141425e+04 1.138941e+04
18.6 1.148202e+04 1.144391e+04 1.141445e+04 1.145256e+04
19.6 1.143942e+04 1.143932e+04 1.141464e+04 1.141475e+04
20.6 1.140023e+04 1.142190e+04 1.141479e+04 1.139312e+04
1.0 1.147140e+04 1.142134e+04 1.141956e+04 1.146963e+04
2.0 1.137680e+04 1.142534e+04 1.142084e+04 1.137230e+04
3.0 1.131564e+04 1.141517e+04 1.142267e+04 1.132314e+04
4.0 1.129897e+04 1.142191e+04 1.142086e+04 1.129792e+04
5.0 1.141209e+04 1.144300e+04 1.141818e+04 1.138727e+04
6.0 1.140546e+04 1.144263e+04 1.141988e+04 1.138271e+04
7.0 1.136451e+04 1.142147e+04 1.142211e+04 1.136516e+04
8.0 1.131265e+04 1.139751e+04 1.142058e+04 1.133572e+04
9.0 1.138053e+04 1.138219e+04 1.141776e+04 1.141611e+04
10.0 1.140913e+04 1.138905e+04 1.141570e+04 1.143579e+04
11.0 1.141263e+04 1.141711e+04 1.141463e+04 1.141014e+04
12.0 1.137824e+04 1.143936e+04 1.141419e+04 1.135307e+04
13.0 1.139794e+04 1.144654e+04 1.141412e+04 1.136552e+04
14.0 1.142135e+04 1.144618e+04 1.141425e+04 1.138941e+04
15.0 1.148202e+04 1.144391e+04 1.141445e+04 1.145256e+04
16.0 1.143942e+04 1.143932e+04 1.141464e+04 1.141475e+04
17.0 1.140023e+04 1.142190e+04 1.141479e+04 1.139312e+04
18.0 1.134420e+04 1.139855e+04 1.141489e+04 1.136054e+04
19.0 1.140655e+04 1.138157e+04 1.141495e+04 1.143993e+04
20.0 1.144330e+04 1.138385e+04 1.141498e+04 1.147443e+04
21.0 1.144949e+04 1.141023e+04 1.141500e+04 1.145426e+04
1.0 1.141209e+04 1.144300e+04 1.141818e+04 1.138727e+04
2.0 1.140546e+04 1.144263e+04 1.141988e+04 1.138271e+04
3.0 1.136451e+04 1.142147e+04 1.142211e+04 1.136516e+04
4.0 1.131265e+04 1.139751e+04 1.142058e+04 1.133572e+04
5.0 1.138053e+04 1.138219e+04 1.141776e+04 1.141611e+04
6.0 1.140913e+04 1.138905e+04 1.141570e+04 1.143579e+04
7.0 1.141263e+04 1.141711e+04 1.141463e+04 1.141014e+04
8.0 1.137824e+04 1.143936e+04 1.141419e+04 1.135307e+04
9.0 1.139794e+04 1.144654e+04 1.141412e+04 1.136552e+04
10.0 1.142135e+04 1.144618e+04 1.141425e+04 1.138941e+04
11.0 1.148202e+04 1.144391e+04 1.141445e+04 1.145256e+04
12.0 1.143942e+04 1.143932e+04 1.141464e+04 1.141475e+04
13.0 1.140023e+04 1.142190e+04 1.141479e+04 1.139312e+04
14.0 1.134420e+04 1.139855e+04 1.141489e+04 1.136054e+04
15.0 1.140655e+04 1.138157e+04 1.141495e+04 1.143993e+04
16.0 1.144330e+04 1.138385e+04 1.141498e+04 1.147443e+04
17.0 1.144949e+04 1.141023e+04 1.141500e+04 1.145426e+04
18.0 1.143116e+04 1.143520e+04 1.141537e+04 1.141133e+04
19.0 1.142959e+04 1.143522e+04 1.141933e+04 1.141371e+04
20.0 1.141492e+04 1.141729e+04 1.142257e+04 1.142020e+04
1.0 1.143116e+04 1.143520e+04 1.141537e+04 1.141133e+04
2.0 1.142959e+04 1.143522e+04 1.141933e+04 1.141371e+04
3.0 1.141492e+04 1.141729e+04 1.142257e+04 1.142020e+04
