0.8 6.669286e+03 6.696212e+03 6.692254e+03 6.665328e+03
1.8 6.693737e+03 6.691244e+03 6.693004e+03 6.695497e+03
2.8 6.688139e+03 6.689315e+03 6.695112e+03 6.693937e+03
3.8 6.698627e+03 6.691286e+03 6.696348e+03 6.703690e+03
4.8 6.708406e+03 6.696884e+03 6.695548e+03 6.707070e+03
5.8 6.709667e+03 6.696892e+03 6.694129e+03 6.706904e+03
6.8 6.658252e+03 6.693390e+03 6.693972e+03 6.658834e+03
7.8 6.656966e+03 6.693364e+03 6.694870e+03 6.658472e+03
8.8 6.710041e+03 6.704421e+03 6.694654e+03 6.700274e+03
9.8 6.705398e+03 6.709217e+03 6.694036e+03 6.690217e+03
10.8 6.687720e+03 6.704220e+03 6.694992e+03 6.678491e+03
11.8 6.745080e+03 6.698632e+03 6.696191e+03 6.742638e+03
12.8 6.701724e+03 6.699549e+03 6.695599e+03 6.697774e+03
13.8 6.718968e+03 6.700052e+03 6.694099e+03 6.713016e+03
14.8 6.668893e+03 6.697929e+03 6.692867e+03 6.663831e+03
15.8 6.695613e+03 6.696031e+03 6.692164e+03 6.691747e+03
16.8 6.698493e+03 6.698402e+03 6.691849e+03 6.691940e+03
17.8 6.748819e+03 6.690962e+03 6.691768e+03 6.749624e+03
18.8 6.672487e+03 6.668950e+03 6.691815e+03 6.695351e+03
19.8 6.687877e+03 6.652011e+03 6.691916e+03 6.727782e+03
20.8 6.642801e+03 6.659747e+03 6.692022e+03 6.675076e+03
21.8 6.677792e+03 6.676074e+03 6.692107e+03 6.693826e+03
1.0 6.709667e+03 6.696892e+03 6.694129e+03 6.706904e+03
2.0 6.658252e+03 6.693390e+03 6.693972e+03 6.658834e+03
3.0 6.656966e+03 6.693364e+03 6.694870e+03 6.658472e+03
4.0 6.710041e+03 6.704421e+03 6.694654e+03 6.700274e+03
5.0 6.705398e+03 6.709217e+03 6.694036e+03 6.690217e+03
6.0 6.687720e+03 6.704220e+03 6.694992e+03 6.678491e+03
7.0 6.745080e+03 6.698632e+03 6.696191e+03 6.742638e+03
8.0 6.701724e+03 6.699549e+03 6.695599e+03 6.697774e+03
9.0 6.718968e+03 6.700052e+03 6.694099e+03 6.713016e+03
10.0 6.668893e+03 6.697929e+03 6.692867e+03 6.663831e+03
11.0 6.695613e+03 6.696031e+03 6.692164e+03 6.691747e+03
12.0 6.698493e+03 6.698402e+03 6.691849e+03 6.691940e+03
13.0 6.748819e+03 6.690962e+03 6.691768e+03 6.749624e+03
14.0 6.672487e+03 6.668950e+03 6.691815e+03 6.695351e+03
15.0 6.687877e+03 6.652011e+03 6.691916e+03 6.727782e+03
16.0 6.642801e+03 6.659747e+03 6.692022e+03 6.675076e+03
17.0 6.677792e+03 6.676074e+03 6.692107e+03 6.693826e+03
18.0 6.660941e+03 6.687318e+03 6.692165e+03 6.665788e+03
19.0 6.730274e+03 6.694876e+03 6.692199e+03 6.727597e+03
20.0 6.674408e+03 6.699709e+03 6.692217e+03 6.666916e+03
21.0 6.740837e+03 6.704788e+03 6.692226e+03 6.728276e+03
22.0 6.696624e+03 6.703803e+03 6.692231e+03 6.685052e+03
0.5 6.710041e+03 6.704421e+03 6.694654e+03 6.700274e+03
1.5 6.705398e+03 6.709217e+03 6.694036e+03 6.690217e+03
2.5 6.687720e+03 6.704220e+03 6.694992e+03 6.678491e+03
3.5 6.745080e+03 6.698632e+03 6.696191e+03 6.742638e+03
4.5 6.701724e+03 6.699549e+03 6.695599e+03 6.697774e+03
5.5 6.718968e+03 6.700052e+03 6.694099e+03 6.713016e+03
6.5 6.668893e+03 6.697929e+03 6.692867e+03 6.663831e+03
7.5 6.695613e+03 6.696031e+03 6.692164e+03 6.691747e+03
8.5 6.698493e+03 6.698402e+03 6.691849e+03 6.691940e+03
9.5 6.748819e+03 6.690962e+03 6.691768e+03 6.749624e+03
10.5 6.672487e+03 6.668950e+03 6.691815e+03 6.695351e+03
11.5 6.687877e+03 6.652011e+03 6.691916e+03 6.727782e+03
12.5 6.642801e+03 6.659747e+03 6.692022e+03 6.675076e+03
13.5 6.677792e+03 6.676074e+03 6.692107e+03 6.693826e+03
14.5 6.660941e+03 6.687318e+03 6.692165e+03 6.665788e+03
15.5 6.730274e+03 6.694876e+03 6.692199e+03 6.727597e+03
16.5 6.674408e+03 6.699709e+03 6.692217e+03 6.666916e+03
17.5 6.740837e+03 6.704788e+03 6.692226e+03 6.728276e+03
18.5 6.696624e+03 6.703803e+03 6.692231e+03 6.685052e+03
19.5 6.724378e+03 6.697253e+03 6.692233e+03 6.719358e+03
20.5 6.687759e+03 6.690752e+03 6.692233e+03 6.689240e+03
21.5 6.699450e+03 6.686598e+03 6.692234e+03 6.705086e+03
1.0 6.694858e+03 6.689849e+03 6.692306e+03 6.697314e+03
2.0 6.688006e+03 6.686343e+03 6.693369e+03 6.695032e+03
3.0 6.627325e+03 6.688939e+03 6.694884e+03 6.633270e+03
4.0 6.774737e+03 6.702086e+03 6.694892e+03 6.767543e+03
5.0 6.704764e+03 6.707127e+03 6.693966e+03 6.691603e+03
6.0 6.724282e+03 6.701822e+03 6.693962e+03 6.716421e+03
7.0 6.713977e+03 6.696028e+03 6.695555e+03 6.713503e+03
8.0 6.684241e+03 6.694998e+03 6.696286e+03 6.685529e+03
9.0 6.721309e+03 6.698157e+03 6.695215e+03 6.718367e+03
10.0 6.687700e+03 6.696267e+03 6.693715e+03 6.685148e+03
11.0 6.684426e+03 6.691090e+03 6.692653e+03 6.685989e+03
12.0 6.740158e+03 6.686873e+03 6.692083e+03 6.745368e+03
13.0 6.692691e+03 6.684605e+03 6.691843e+03 6.699929e+03
14.0 6.693572e+03 6.683703e+03 6.691798e+03 6.701667e+03
15.0 6.725315e+03 6.683656e+03 6.691860e+03 6.733519e+03
16.0 6.769722e+03 6.684605e+03 6.691960e+03 6.777077e+03
17.0 6.740395e+03 6.686459e+03 6.692057e+03 6.745993e+03
18.0 6.754390e+03 6.692929e+03 6.692131e+03 6.753592e+03
19.0 6.776003e+03 6.698872e+03 6.692179e+03 6.769310e+03
20.0 6.714456e+03 6.699805e+03 6.692207e+03 6.706858e+03
21.0 6.724958e+03 6.702225e+03 6.692221e+03 6.714954e+03
22.0 6.681299e+03 6.702461e+03 6.692228e+03 6.671067e+03
0.9 6.704764e+03 6.707127e+03 6.693966e+03 6.691603e+03
1.9 6.724282e+03 6.701822e+03 6.693962e+03 6.716421e+03
2.9 6.713977e+03 6.696028e+03 6.695555e+03 6.713503e+03
3.9 6.684241e+03 6.694998e+03 6.696286e+03 6.685529e+03
4.9 6.721309e+03 6.698157e+03 6.695215e+03 6.718367e+03
5.9 6.687700e+03 6.696267e+03 6.693715e+03 6.685148e+03
6.9 6.684426e+03 6.691090e+03 6.692653e+03 6.685989e+03
7.9 6.740158e+03 6.686873e+03 6.692083e+03 6.745368e+03
8.9 6.692691e+03 6.684605e+03 6.691843e+03 6.699929e+03
9.9 6.693572e+03 6.683703e+03 6.691798e+03 6.701667e+03
10.9 6.725315e+03 6.683656e+03 6.691860e+03 6.733519e+03
11.9 6.769722e+03 6.684605e+03 6.691960e+03 6.777077e+03
12.9 6.740395e+03 6.686459e+03 6.692057e+03 6.745993e+03
13.9 6.754390e+03 6.692929e+03 6.692131e+03 6.753592e+03
14.9 6.776003e+03 6.698872e+03 6.692179e+03 6.769310e+03
15.9 6.714456e+03 6.699805e+03 6.692207e+03 6.706858e+03
16.9 6.724958e+03 6.702225e+03 6.692221e+03 6.714954e+03
17.9 6.681299e+03 6.702461e+03 6.692228e+03 6.671067e+03
18.9 6.714485e+03 6.700068e+03 6.692232e+03 6.706649e+03
19.9 6.714621e+03 6.698576e+03 6.692233e+03 6.708278e+03
20.9 6.711579e+03 6.698999e+03 6.692233e+03 6.704814e+03
21.9 6.759298e+03 6.701787e+03 6.692234e+03 6.749745e+03
0.6 6.665995e+03 6.683412e+03 6.692239e+03 6.674822e+03
1.6 6.683486e+03 6.687689e+03 6.692761e+03 6.688558e+03
2.6 6.621584e+03 6.690022e+03 6.694400e+03 6.625963e+03
3.6 6.683444e+03 6.700614e+03 6.695078e+03 6.677908e+03
4.6 6.694172e+03 6.710436e+03 6.694348e+03 6.678084e+03
5.6 6.703286e+03 6.706756e+03 6.693334e+03 6.689864e+03
6.6 6.707862e+03 6.697584e+03 6.692614e+03 6.702892e+03
7.6 6.704529e+03 6.690197e+03 6.692211e+03 6.706543e+03
8.6 6.742439e+03 6.685874e+03 6.692025e+03 6.748590e+03
9.6 6.649179e+03 6.683912e+03 6.691976e+03 6.657242e+03
10.6 6.709766e+03 6.683993e+03 6.692004e+03 6.717777e+03
11.6 6.690581e+03 6.688556e+03 6.692063e+03 6.694088e+03
12.6 6.730133e+03 6.695587e+03 6.692123e+03 6.726670e+03
13.6 6.750520e+03 6.695913e+03 6.692170e+03 6.746776e+03
14.6 6.756732e+03 6.691748e+03 6.692200e+03 6.757184e+03
15.6 6.703076e+03 6.681666e+03 6.692217e+03 6.713627e+03
16.6 6.659247e+03 6.663818e+03 6.692226e+03 6.687655e+03
17.6 6.667673e+03 6.661487e+03 6.692230e+03 6.698417e+03
18.6 6.655082e+03 6.681242e+03 6.692232e+03 6.666073e+03
19.6 6.660229e+03 6.693513e+03 6.692233e+03 6.658950e+03
20.6 6.710431e+03 6.694255e+03 6.692234e+03 6.708410e+03
21.6 6.707293e+03 6.691489e+03 6.692234e+03 6.708038e+03
0.3 6.674209e+03 6.687186e+03 6.692234e+03 6.679257e+03
1.3 6.679969e+03 6.686134e+03 6.692433e+03 6.686268e+03
2.3 6.722396e+03 6.686911e+03 6.693943e+03 6.729428e+03
3.3 6.735512e+03 6.689067e+03 6.696382e+03 6.742827e+03
4.3 6.694177e+03 6.692382e+03 6.697423e+03 6.699218e+03
5.3 6.690314e+03 6.698754e+03 6.696234e+03 6.687794e+03
6.3 6.736468e+03 6.701610e+03 6.694393e+03 6.729251e+03
7.3 6.749599e+03 6.701542e+03 6.693004e+03 6.741061e+03
8.3 6.686413e+03 6.700858e+03 6.692209e+03 6.677764e+03
9.3 6.716668e+03 6.703143e+03 6.691841e+03 6.705367e+03
10.3 6.662395e+03 6.703227e+03 6.691741e+03 6.650909e+03
11.3 6.731309e+03 6.702908e+03 6.691792e+03 6.720193e+03
12.3 6.702917e+03 6.710727e+03 6.691903e+03 6.684093e+03
13.3 6.741792e+03 6.707761e+03 6.692017e+03 6.726048e+03
14.3 6.719423e+03 6.686992e+03 6.692107e+03 6.724537e+03
15.3 6.656063e+03 6.676861e+03 6.692165e+03 6.671367e+03
16.3 6.696802e+03 6.681748e+03 6.692200e+03 6.707253e+03
17.3 6.735871e+03 6.685371e+03 6.692218e+03 6.742718e+03
18.3 6.709682e+03 6.685887e+03 6.692227e+03 6.716021e+03
19.3 6.693383e+03 6.686400e+03 6.692231e+03 6.699214e+03
20.3 6.695448e+03 6.689334e+03 6.692233e+03 6.698347e+03
21.3 6.659320e+03 6.696247e+03 6.692239e+03 6.655313e+03
0.6 6.659320e+03 6.696247e+03 6.692239e+03 6.655313e+03
1.6 6.685745e+03 6.698005e+03 6.692761e+03 6.680501e+03
2.6 6.671700e+03 6.696237e+03 6.694400e+03 6.669863e+03
3.6 6.676243e+03 6.703116e+03 6.695078e+03 6.668205e+03
4.6 6.738014e+03 6.710733e+03 6.694495e+03 6.721776e+03
5.6 6.726535e+03 6.707246e+03 6.694782e+03 6.714071e+03
6.6 6.720575e+03 6.701592e+03 6.695441e+03 6.714425e+03
7.6 6.758665e+03 6.701307e+03 6.694810e+03 6.752168e+03
8.6 6.736225e+03 6.698128e+03 6.693592e+03 6.731689e+03
9.6 6.602049e+03 6.691918e+03 6.692647e+03 6.602778e+03
10.6 6.685970e+03 6.686835e+03 6.692131e+03 6.691266e+03
11.6 6.670968e+03 6.684110e+03 6.691913e+03 6.678770e+03
12.6 6.676586e+03 6.683113e+03 6.691868e+03 6.685342e+03
13.6 6.691516e+03 6.683061e+03 6.691915e+03 6.700370e+03
14.6 6.675489e+03 6.683495e+03 6.691997e+03 6.683991e+03
15.6 6.668952e+03 6.685208e+03 6.692078e+03 6.675822e+03
16.6 6.700431e+03 6.688785e+03 6.692141e+03 6.703788e+03
17.6 6.680698e+03 6.692292e+03 6.692184e+03 6.680590e+03
18.6 6.696277e+03 6.697835e+03 6.692209e+03 6.690650e+03
19.6 6.713537e+03 6.694228e+03 6.692222e+03 6.711530e+03
20.6 6.639575e+03 6.673763e+03 6.692229e+03 6.658040e+03
21.6 6.612439e+03 6.654719e+03 6.692232e+03 6.649952e+03
0.2 6.676243e+03 6.703116e+03 6.695078e+03 6.668205e+03
1.2 6.738014e+03 6.710733e+03 6.694495e+03 6.721776e+03
2.2 6.726535e+03 6.707246e+03 6.694782e+03 6.714071e+03
3.2 6.720575e+03 6.701592e+03 6.695441e+03 6.714425e+03
4.2 6.758665e+03 6.701307e+03 6.694810e+03 6.752168e+03
5.2 6.736225e+03 6.698128e+03 6.693592e+03 6.731689e+03
6.2 6.602049e+03 6.691918e+03 6.692647e+03 6.602778e+03
7.2 6.685970e+03 6.686835e+03 6.692131e+03 6.691266e+03
8.2 6.670968e+03 6.684110e+03 6.691913e+03 6.678770e+03
9.2 6.676586e+03 6.683113e+03 6.691868e+03 6.685342e+03
10.2 6.691516e+03 6.683061e+03 6.691915e+03 6.700370e+03
11.2 6.675489e+03 6.683495e+03 6.691997e+03 6.683991e+03
12.2 6.668952e+03 6.685208e+03 6.692078e+03 6.675822e+03
13.2 6.700431e+03 6.688785e+03 6.692141e+03 6.703788e+03
14.2 6.680698e+03 6.692292e+03 6.692184e+03 6.680590e+03
15.2 6.696277e+03 6.697835e+03 6.692209e+03 6.690650e+03
16.2 6.713537e+03 6.694228e+03 6.692222e+03 6.711530e+03
17.2 6.639575e+03 6.673763e+03 6.692229e+03 6.658040e+03
18.2 6.612439e+03 6.654719e+03 6.692232e+03 6.649952e+03
19.2 6.635267e+03 6.659433e+03 6.692233e+03 6.668067e+03
20.2 6.680593e+03 6.675351e+03 6.692233e+03 6.697475e+03
21.2 6.693005e+03 6.684683e+03 6.692234e+03 6.700556e+03
0.7 6.644638e+03 6.695364e+03 6.692245e+03 6.641519e+03
1.7 6.759942e+03 6.699089e+03 6.692877e+03 6.753730e+03
2.7 6.713542e+03 6.698137e+03 6.694985e+03 6.710390e+03
3.7 6.650314e+03 6.695402e+03 6.697134e+03 6.652047e+03
4.7 6.685609e+03 6.696743e+03 6.697111e+03 6.685977e+03
5.7 6.716582e+03 6.699106e+03 6.695432e+03 6.712907e+03
6.7 6.666297e+03 6.695739e+03 6.693720e+03 6.664278e+03
7.7 6.640442e+03 6.690323e+03 6.692599e+03 6.642719e+03
8.7 6.738425e+03 6.686387e+03 6.692010e+03 6.744048e+03
9.7 6.667881e+03 6.681719e+03 6.691773e+03 6.677936e+03
10.7 6.650796e+03 6.667958e+03 6.691750e+03 6.674588e+03
11.7 6.668917e+03 6.657019e+03 6.691836e+03 6.703734e+03
12.7 6.693658e+03 6.672373e+03 6.691954e+03 6.713239e+03
13.7 6.665080e+03 6.690449e+03 6.692059e+03 6.666690e+03
14.7 6.663768e+03 6.695101e+03 6.692135e+03 6.660802e+03
15.7 6.614550e+03 6.692961e+03 6.692183e+03 6.613772e+03
16.7 6.643031e+03 6.686581e+03 6.692209e+03 6.648658e+03
17.7 6.569354e+03 6.670415e+03 6.692223e+03 6.591162e+03
18.7 6.648146e+03 6.660324e+03 6.692229e+03 6.680051e+03
19.7 6.679163e+03 6.676494e+03 6.692232e+03 6.694901e+03
20.7 6.647492e+03 6.692448e+03 6.692233e+03 6.647278e+03
21.7 6.673742e+03 6.696210e+03 6.692234e+03 6.669766e+03
