0.8 9.718009e+03 9.688799e+03 9.691223e+03 9.720432e+03
1.8 9.690068e+03 9.674784e+03 9.696819e+03 9.712103e+03
2.8 9.681041e+03 9.677768e+03 9.712554e+03 9.715827e+03
3.8 9.725752e+03 9.688402e+03 9.721774e+03 9.759125e+03
4.8 9.768062e+03 9.699716e+03 9.715803e+03 9.784149e+03
5.8 9.731304e+03 9.693517e+03 9.705211e+03 9.742998e+03
6.8 9.700479e+03 9.684091e+03 9.704039e+03 9.720427e+03
7.8 9.694287e+03 9.688057e+03 9.710748e+03 9.716977e+03
8.8 9.750409e+03 9.712650e+03 9.709132e+03 9.746891e+03
9.8 9.754918e+03 9.720667e+03 9.704520e+03 9.738771e+03
10.8 9.684643e+03 9.713802e+03 9.711652e+03 9.682494e+03
11.8 9.695945e+03 9.707289e+03 9.720604e+03 9.709260e+03
12.8 9.687692e+03 9.709418e+03 9.716190e+03 9.694465e+03
13.8 9.683739e+03 9.713095e+03 9.704994e+03 9.675637e+03
14.8 9.655885e+03 9.719198e+03 9.695798e+03 9.632485e+03
15.8 9.658218e+03 9.721621e+03 9.690551e+03 9.627148e+03
16.8 9.711838e+03 9.721731e+03 9.688199e+03 9.678306e+03
17.8 9.753040e+03 9.713440e+03 9.687589e+03 9.727189e+03
18.8 9.720412e+03 9.702683e+03 9.687940e+03 9.705670e+03
19.8 9.688706e+03 9.694838e+03 9.688698e+03 9.682566e+03
20.8 9.695722e+03 9.697506e+03 9.689490e+03 9.687706e+03
21.8 9.722030e+03 9.695297e+03 9.690124e+03 9.716857e+03
1.0 9.731304e+03 9.693517e+03 9.705211e+03 9.742998e+03
2.0 9.700479e+03 9.684091e+03 9.704039e+03 9.720427e+03
3.0 9.694287e+03 9.688057e+03 9.710748e+03 9.716977e+03
4.0 9.750409e+03 9.712650e+03 9.709132e+03 9.746891e+03
5.0 9.754918e+03 9.720667e+03 9.704520e+03 9.738771e+03
6.0 9.684643e+03 9.713802e+03 9.711652e+03 9.682494e+03
7.0 9.695945e+03 9.707289e+03 9.720604e+03 9.709260e+03
8.0 9.687692e+03 9.709418e+03 9.716190e+03 9.694465e+03
9.0 9.683739e+03 9.713095e+03 9.704994e+03 9.675637e+03
10.0 9.655885e+03 9.719198e+03 9.695798e+03 9.632485e+03
11.0 9.658218e+03 9.721621e+03 9.690551e+03 9.627148e+03
12.0 9.711838e+03 9.721731e+03 9.688199e+03 9.678306e+03
13.0 9.753040e+03 9.713440e+03 9.687589e+03 9.727189e+03
14.0 9.720412e+03 9.702683e+03 9.687940e+03 9.705670e+03
15.0 9.688706e+03 9.694838e+03 9.688698e+03 9.682566e+03
16.0 9.695722e+03 9.697506e+03 9.689490e+03 9.687706e+03
17.0 9.722030e+03 9.695297e+03 9.690124e+03 9.716857e+03
18.0 9.741357e+03 9.689441e+03 9.690552e+03 9.742468e+03
19.0 9.737209e+03 9.692370e+03 9.690808e+03 9.735647e+03
20.0 9.724897e+03 9.697539e+03 9.690946e+03 9.718304e+03
21.0 9.724750e+03 9.705162e+03 9.691015e+03 9.710603e+03
22.0 9.699460e+03 9.698736e+03 9.691047e+03 9.691771e+03
0.5 9.750409e+03 9.712650e+03 9.709132e+03 9.746891e+03
1.5 9.754918e+03 9.720667e+03 9.704520e+03 9.738771e+03
2.5 9.684643e+03 9.713802e+03 9.711652e+03 9.682494e+03
3.5 9.695945e+03 9.707289e+03 9.720604e+03 9.709260e+03
4.5 9.687692e+03 9.709418e+03 9.716190e+03 9.694465e+03
5.5 9.683739e+03 9.713095e+03 9.704994e+03 9.675637e+03
6.5 9.655885e+03 9.719198e+03 9.695798e+03 9.632485e+03
7.5 9.658218e+03 9.721621e+03 9.690551e+03 9.627148e+03
8.5 9.711838e+03 9.721731e+03 9.688199e+03 9.678306e+03
9.5 9.753040e+03 9.713440e+03 9.687589e+03 9.727189e+03
10.5 9.720412e+03 9.702683e+03 9.687940e+03 9.705670e+03
11.5 9.688706e+03 9.694838e+03 9.688698e+03 9.682566e+03
12.5 9.695722e+03 9.697506e+03 9.689490e+03 9.687706e+03
13.5 9.722030e+03 9.695297e+03 9.690124e+03 9.716857e+03
14.5 9.741357e+03 9.689441e+03 9.690552e+03 9.742468e+03
15.5 9.737209e+03 9.692370e+03 9.690808e+03 9.735647e+03
16.5 9.724897e+03 9.697539e+03 9.690946e+03 9.718304e+03
17.5 9.724750e+03 9.705162e+03 9.691015e+03 9.710603e+03
18.5 9.699460e+03 9.698736e+03 9.691047e+03 9.691771e+03
19.5 9.680272e+03 9.680357e+03 9.691060e+03 9.690975e+03
20.5 9.670263e+03 9.663940e+03 9.691066e+03 9.697389e+03
21.5 9.693603e+03 9.654597e+03 9.691069e+03 9.730075e+03
1.0 9.689437e+03 9.665935e+03 9.691605e+03 9.715106e+03
2.0 9.712341e+03 9.662396e+03 9.699539e+03 9.749484e+03
3.0 9.730087e+03 9.676189e+03 9.710853e+03 9.764751e+03
4.0 9.735302e+03 9.707436e+03 9.710912e+03 9.738779e+03
5.0 9.690068e+03 9.714945e+03 9.704000e+03 9.679123e+03
6.0 9.653634e+03 9.702794e+03 9.703967e+03 9.654807e+03
7.0 9.670694e+03 9.697574e+03 9.715855e+03 9.688975e+03
8.0 9.716266e+03 9.700105e+03 9.721317e+03 9.737479e+03
9.0 9.755609e+03 9.704347e+03 9.713322e+03 9.764584e+03
10.0 9.721141e+03 9.692545e+03 9.702125e+03 9.730721e+03
11.0 9.687825e+03 9.673757e+03 9.694197e+03 9.708266e+03
12.0 9.690281e+03 9.659707e+03 9.689947e+03 9.720521e+03
13.0 9.707566e+03 9.652354e+03 9.688150e+03 9.743362e+03
14.0 9.710900e+03 9.649589e+03 9.687818e+03 9.749130e+03
15.0 9.715581e+03 9.650833e+03 9.688276e+03 9.753024e+03
16.0 9.710243e+03 9.662780e+03 9.689027e+03 9.736490e+03
17.0 9.721311e+03 9.680375e+03 9.689751e+03 9.730686e+03
18.0 9.720408e+03 9.699096e+03 9.690301e+03 9.711613e+03
19.0 9.789509e+03 9.712852e+03 9.690660e+03 9.767317e+03
20.0 9.803883e+03 9.718949e+03 9.690867e+03 9.775800e+03
21.0 9.748005e+03 9.722503e+03 9.690976e+03 9.716478e+03
22.0 9.672109e+03 9.714802e+03 9.691029e+03 9.648336e+03
0.9 9.690068e+03 9.714945e+03 9.704000e+03 9.679123e+03
1.9 9.653634e+03 9.702794e+03 9.703967e+03 9.654807e+03
2.9 9.670694e+03 9.697574e+03 9.715855e+03 9.688975e+03
3.9 9.716266e+03 9.700105e+03 9.721317e+03 9.737479e+03
4.9 9.755609e+03 9.704347e+03 9.713322e+03 9.764584e+03
5.9 9.721141e+03 9.692545e+03 9.702125e+03 9.730721e+03
6.9 9.687825e+03 9.673757e+03 9.694197e+03 9.708266e+03
7.9 9.690281e+03 9.659707e+03 9.689947e+03 9.720521e+03
8.9 9.707566e+03 9.652354e+03 9.688150e+03 9.743362e+03
9.9 9.710900e+03 9.649589e+03 9.687818e+03 9.749130e+03
10.9 9.715581e+03 9.650833e+03 9.688276e+03 9.753024e+03
11.9 9.710243e+03 9.662780e+03 9.689027e+03 9.736490e+03
12.9 9.721311e+03 9.680375e+03 9.689751e+03 9.730686e+03
13.9 9.720408e+03 9.699096e+03 9.690301e+03 9.711613e+03
14.9 9.789509e+03 9.712852e+03 9.690660e+03 9.767317e+03
15.9 9.803883e+03 9.718949e+03 9.690867e+03 9.775800e+03
16.9 9.748005e+03 9.722503e+03 9.690976e+03 9.716478e+03
17.9 9.672109e+03 9.714802e+03 9.691029e+03 9.648336e+03
18.9 9.646434e+03 9.704512e+03 9.691053e+03 9.632974e+03
19.9 9.640664e+03 9.701799e+03 9.691063e+03 9.629927e+03
20.9 9.665338e+03 9.702702e+03 9.691067e+03 9.653703e+03
21.9 9.698191e+03 9.707471e+03 9.691069e+03 9.681789e+03
0.6 9.698974e+03 9.697586e+03 9.691112e+03 9.692499e+03
1.6 9.660321e+03 9.686202e+03 9.695008e+03 9.669126e+03
2.6 9.678251e+03 9.683603e+03 9.707240e+03 9.701888e+03
3.6 9.702393e+03 9.703258e+03 9.712295e+03 9.711431e+03
4.6 9.702173e+03 9.719068e+03 9.706852e+03 9.689956e+03
5.6 9.664195e+03 9.704744e+03 9.699280e+03 9.658731e+03
6.6 9.660547e+03 9.680615e+03 9.693903e+03 9.673836e+03
7.6 9.699139e+03 9.662846e+03 9.690899e+03 9.727192e+03
8.6 9.698702e+03 9.653271e+03 9.689510e+03 9.734942e+03
9.6 9.669080e+03 9.651309e+03 9.689142e+03 9.706914e+03
10.6 9.655213e+03 9.661623e+03 9.689353e+03 9.682944e+03
11.6 9.668054e+03 9.680766e+03 9.689798e+03 9.677087e+03
12.6 9.700171e+03 9.696876e+03 9.690246e+03 9.693541e+03
13.6 9.708391e+03 9.691751e+03 9.690590e+03 9.707230e+03
14.6 9.663382e+03 9.676782e+03 9.690815e+03 9.677415e+03
15.6 9.646518e+03 9.669046e+03 9.690944e+03 9.668416e+03
16.6 9.676936e+03 9.673920e+03 9.691012e+03 9.694028e+03
17.6 9.700816e+03 9.691565e+03 9.691044e+03 9.700296e+03
18.6 9.679870e+03 9.717007e+03 9.691059e+03 9.653921e+03
19.6 9.694533e+03 9.712771e+03 9.691065e+03 9.672828e+03
20.6 9.671986e+03 9.689991e+03 9.691068e+03 9.673063e+03
21.6 9.591904e+03 9.669611e+03 9.691069e+03 9.613362e+03
0.3 9.517942e+03 9.651312e+03 9.691070e+03 9.557700e+03
1.3 9.544378e+03 9.650758e+03 9.692557e+03 9.586178e+03
2.3 9.617464e+03 9.662296e+03 9.703824e+03 9.658991e+03
3.3 9.655363e+03 9.681888e+03 9.722033e+03 9.695508e+03
4.3 9.709083e+03 9.697315e+03 9.729799e+03 9.741567e+03
5.3 9.734730e+03 9.709904e+03 9.720925e+03 9.745750e+03
6.3 9.726958e+03 9.712474e+03 9.707185e+03 9.721669e+03
7.3 9.690632e+03 9.712018e+03 9.696820e+03 9.675434e+03
8.3 9.673660e+03 9.709971e+03 9.690887e+03 9.654576e+03
9.3 9.686380e+03 9.712155e+03 9.688139e+03 9.662364e+03
10.3 9.690822e+03 9.709962e+03 9.687394e+03 9.668254e+03
11.3 9.716347e+03 9.708462e+03 9.687770e+03 9.695654e+03
12.3 9.734324e+03 9.723452e+03 9.688602e+03 9.699473e+03
13.3 9.720886e+03 9.722237e+03 9.689454e+03 9.688102e+03
14.3 9.720532e+03 9.707029e+03 9.690119e+03 9.703622e+03
15.3 9.724555e+03 9.700848e+03 9.690559e+03 9.714266e+03
16.3 9.744458e+03 9.698329e+03 9.690815e+03 9.736944e+03
17.3 9.715983e+03 9.683578e+03 9.690951e+03 9.723357e+03
18.3 9.692286e+03 9.671365e+03 9.691018e+03 9.711939e+03
19.3 9.664872e+03 9.675240e+03 9.691048e+03 9.680680e+03
20.3 9.669803e+03 9.686357e+03 9.691061e+03 9.674506e+03
21.3 9.685703e+03 9.699046e+03 9.691109e+03 9.677766e+03
0.6 9.685703e+03 9.699046e+03 9.691109e+03 9.677766e+03
1.6 9.667341e+03 9.697915e+03 9.695007e+03 9.664433e+03
2.6 9.662154e+03 9.695246e+03 9.707240e+03 9.674148e+03
3.6 9.703071e+03 9.710867e+03 9.712295e+03 9.704500e+03
4.6 9.756921e+03 9.724076e+03 9.707948e+03 9.740793e+03
5.6 9.750065e+03 9.716998e+03 9.710086e+03 9.743154e+03
6.6 9.726924e+03 9.708241e+03 9.715011e+03 9.733693e+03
7.6 9.729860e+03 9.707312e+03 9.710299e+03 9.732847e+03
8.6 9.691806e+03 9.694929e+03 9.701210e+03 9.698087e+03
9.6 9.627156e+03 9.674978e+03 9.694157e+03 9.646335e+03
10.6 9.624635e+03 9.659505e+03 9.690298e+03 9.655429e+03
11.6 9.619148e+03 9.651377e+03 9.688674e+03 9.656444e+03
12.6 9.635237e+03 9.648477e+03 9.688342e+03 9.675102e+03
13.6 9.623245e+03 9.648453e+03 9.688688e+03 9.663481e+03
14.6 9.633651e+03 9.650141e+03 9.689299e+03 9.672809e+03
15.6 9.652610e+03 9.661272e+03 9.689906e+03 9.681243e+03
16.6 9.705732e+03 9.687336e+03 9.690380e+03 9.708775e+03
17.6 9.747033e+03 9.710366e+03 9.690695e+03 9.727363e+03
18.6 9.769626e+03 9.723088e+03 9.690882e+03 9.737420e+03
19.6 9.718358e+03 9.722725e+03 9.690981e+03 9.686615e+03
20.6 9.680978e+03 9.713628e+03 9.691031e+03 9.658381e+03
21.6 9.648694e+03 9.703739e+03 9.691054e+03 9.636009e+03
0.2 9.703071e+03 9.710867e+03 9.712295e+03 9.704500e+03
1.2 9.756921e+03 9.724076e+03 9.707948e+03 9.740793e+03
2.2 9.750065e+03 9.716998e+03 9.710086e+03 9.743154e+03
3.2 9.726924e+03 9.708241e+03 9.715011e+03 9.733693e+03
4.2 9.729860e+03 9.707312e+03 9.710299e+03 9.732847e+03
5.2 9.691806e+03 9.694929e+03 9.701210e+03 9.698087e+03
6.2 9.627156e+03 9.674978e+03 9.694157e+03 9.646335e+03
7.2 9.624635e+03 9.659505e+03 9.690298e+03 9.655429e+03
8.2 9.619148e+03 9.651377e+03 9.688674e+03 9.656444e+03
9.2 9.635237e+03 9.648477e+03 9.688342e+03 9.675102e+03
10.2 9.623245e+03 9.648453e+03 9.688688e+03 9.663481e+03
11.2 9.633651e+03 9.650141e+03 9.689299e+03 9.672809e+03
12.2 9.652610e+03 9.661272e+03 9.689906e+03 9.681243e+03
13.2 9.705732e+03 9.687336e+03 9.690380e+03 9.708775e+03
14.2 9.747033e+03 9.710366e+03 9.690695e+03 9.727363e+03
15.2 9.769626e+03 9.723088e+03 9.690882e+03 9.737420e+03
16.2 9.718358e+03 9.722725e+03 9.690981e+03 9.686615e+03
17.2 9.680978e+03 9.713628e+03 9.691031e+03 9.658381e+03
18.2 9.648694e+03 9.703739e+03 9.691054e+03 9.636009e+03
19.2 9.683215e+03 9.702975e+03 9.691063e+03 9.671303e+03
20.2 9.690401e+03 9.699323e+03 9.691067e+03 9.682145e+03
21.2 9.697970e+03 9.682866e+03 9.691069e+03 9.706173e+03
0.7 9.713165e+03 9.714603e+03 9.691154e+03 9.689716e+03
1.7 9.739820e+03 9.716192e+03 9.695871e+03 9.719498e+03
2.7 9.706596e+03 9.712334e+03 9.711600e+03 9.705862e+03
3.7 9.663264e+03 9.707973e+03 9.727641e+03 9.682931e+03
4.7 9.654060e+03 9.707616e+03 9.727471e+03 9.673915e+03
5.7 9.639175e+03 9.704376e+03 9.714937e+03 9.649736e+03
6.7 9.626510e+03 9.687128e+03 9.702162e+03 9.641544e+03
7.7 9.639880e+03 9.667970e+03 9.693797e+03 9.665707e+03
8.7 9.676443e+03 9.655536e+03 9.689397e+03 9.710303e+03
9.7 9.672005e+03 9.651868e+03 9.687631e+03 9.707768e+03
10.7 9.671410e+03 9.660543e+03 9.687461e+03 9.698328e+03
11.7 9.650383e+03 9.676641e+03 9.688102e+03 9.661843e+03
12.7 9.708148e+03 9.707832e+03 9.688982e+03 9.689298e+03
13.7 9.722995e+03 9.718726e+03 9.689767e+03 9.694036e+03
14.7 9.642132e+03 9.700862e+03 9.690334e+03 9.631604e+03
15.7 9.606394e+03 9.678030e+03 9.690687e+03 9.619051e+03
16.7 9.605282e+03 9.665018e+03 9.690885e+03 9.631149e+03
17.7 9.622860e+03 9.667542e+03 9.690986e+03 9.646304e+03
18.7 9.651583e+03 9.680681e+03 9.691034e+03 9.661935e+03
19.7 9.686080e+03 9.709709e+03 9.691055e+03 9.667426e+03
20.7 9.689167e+03 9.718470e+03 9.691064e+03 9.661761e+03
21.7 9.684669e+03 9.711962e+03 9.691068e+03 9.663775e+03
