0.3 1.139783e+04 1.137729e+04 1.141034e+04 1.143088e+04
1.3 1.142153e+04 1.137964e+04 1.141269e+04 1.145458e+04
2.3 1.144567e+04 1.139867e+04 1.143172e+04 1.147872e+04
3.3 1.152734e+04 1.143039e+04 1.146343e+04 1.156038e+04
4.3 1.148877e+04 1.144953e+04 1.147785e+04 1.151708e+04
5.3 1.145698e+04 1.145293e+04 1.146299e+04 1.146703e+04
6.3 1.146708e+04 1.145143e+04 1.143903e+04 1.145468e+04
7.3 1.146254e+04 1.145452e+04 1.142076e+04 1.142878e+04
8.3 1.145655e+04 1.145273e+04 1.141023e+04 1.141406e+04
9.3 1.147169e+04 1.144439e+04 1.140532e+04 1.143262e+04
10.3 1.147431e+04 1.142352e+04 1.140395e+04 1.145473e+04
11.3 1.146213e+04 1.140904e+04 1.140456e+04 1.145765e+04
12.3 1.146837e+04 1.142392e+04 1.140600e+04 1.145046e+04
13.3 1.142953e+04 1.143781e+04 1.140749e+04 1.139921e+04
14.3 1.146412e+04 1.142815e+04 1.140866e+04 1.144463e+04
15.3 1.145142e+04 1.141453e+04 1.140944e+04 1.144632e+04
16.3 1.144642e+04 1.142213e+04 1.140989e+04 1.143418e+04
17.3 1.143993e+04 1.142559e+04 1.141013e+04 1.142447e+04
18.3 1.149841e+04 1.141259e+04 1.141025e+04 1.149607e+04
19.3 1.144750e+04 1.139441e+04 1.141030e+04 1.146339e+04
20.3 1.136779e+04 1.139205e+04 1.141033e+04 1.138607e+04
21.3 1.136782e+04 1.141677e+04 1.141034e+04 1.136139e+04
0.2 1.141541e+04 1.142693e+04 1.141034e+04 1.139882e+04
1.2 1.145465e+04 1.140817e+04 1.141187e+04 1.145835e+04
2.2 1.145525e+04 1.140579e+04 1.142851e+04 1.147797e+04
3.2 1.146494e+04 1.142533e+04 1.146003e+04 1.149963e+04
4.2 1.142181e+04 1.143869e+04 1.147789e+04 1.146101e+04
5.2 1.141110e+04 1.142961e+04 1.146558e+04 1.144707e+04
6.2 1.141516e+04 1.140856e+04 1.144162e+04 1.144822e+04
7.2 1.139906e+04 1.138922e+04 1.142243e+04 1.143226e+04
8.2 1.139225e+04 1.137704e+04 1.141111e+04 1.142632e+04
9.2 1.143904e+04 1.137188e+04 1.140567e+04 1.147283e+04
10.2 1.147495e+04 1.138545e+04 1.140398e+04 1.149348e+04
11.2 1.151082e+04 1.142206e+04 1.140443e+04 1.149319e+04
12.2 1.142969e+04 1.144810e+04 1.140583e+04 1.138741e+04
13.1 1.145044e+04 1.144947e+04 1.140733e+04 1.140830e+04
14.1 1.141381e+04 1.142922e+04 1.140975e+04 1.139434e+04
15.1 1.141133e+04 1.141897e+04 1.142602e+04 1.141837e+04
16.1 1.145358e+04 1.142912e+04 1.145460e+04 1.147906e+04
17.1 1.148883e+04 1.143761e+04 1.146275e+04 1.151397e+04
18.1 1.147289e+04 1.143261e+04 1.144788e+04 1.148816e+04
19.1 1.143356e+04 1.141238e+04 1.142937e+04 1.145055e+04
20.1 1.138452e+04 1.139782e+04 1.142281e+04 1.140951e+04
21.1 1.144756e+04 1.140991e+04 1.144127e+04 1.147892e+04
0.1 1.145044e+04 1.144947e+04 1.140733e+04 1.140830e+04
1.1 1.141381e+04 1.142922e+04 1.140975e+04 1.139434e+04
2.1 1.141133e+04 1.141897e+04 1.142602e+04 1.141837e+04
3.1 1.145358e+04 1.142912e+04 1.145460e+04 1.147906e+04
4.1 1.148883e+04 1.143761e+04 1.146275e+04 1.151397e+04
5.1 1.147289e+04 1.143261e+04 1.144788e+04 1.148816e+04
6.1 1.143356e+04 1.141238e+04 1.142937e+04 1.145055e+04
7.1 1.138452e+04 1.139782e+04 1.142281e+04 1.140951e+04
8.1 1.144756e+04 1.140991e+04 1.144127e+04 1.147892e+04
9.1 1.144322e+04 1.143348e+04 1.146796e+04 1.147770e+04
10.1 1.144852e+04 1.144467e+04 1.147120e+04 1.147504e+04
11.1 1.143549e+04 1.143954e+04 1.145136e+04 1.144730e+04
12.1 1.140304e+04 1.141805e+04 1.142933e+04 1.141431e+04
13.1 1.145246e+04 1.139502e+04 1.141465e+04 1.147209e+04
14.1 1.144472e+04 1.138062e+04 1.140696e+04 1.147106e+04
15.1 1.147027e+04 1.138890e+04 1.140390e+04 1.148528e+04
16.1 1.147088e+04 1.141288e+04 1.140363e+04 1.146163e+04
17.1 1.142703e+04 1.142920e+04 1.140479e+04 1.140262e+04
18.1 1.136529e+04 1.142343e+04 1.140640e+04 1.134827e+04
19.1 1.136592e+04 1.141843e+04 1.140786e+04 1.135535e+04
20.1 1.142661e+04 1.143484e+04 1.140893e+04 1.140070e+04
21.1 1.147998e+04 1.144271e+04 1.140960e+04 1.144687e+04
0.6 1.143356e+04 1.141238e+04 1.142937e+04 1.145055e+04
1.6 1.138452e+04 1.139782e+04 1.142281e+04 1.140951e+04
2.6 1.144756e+04 1.140991e+04 1.144127e+04 1.147892e+04
3.6 1.144322e+04 1.143348e+04 1.146796e+04 1.147770e+04
4.6 1.144852e+04 1.144467e+04 1.147120e+04 1.147504e+04
5.6 1.143549e+04 1.143954e+04 1.145136e+04 1.144730e+04
6.6 1.140304e+04 1.141805e+04 1.142933e+04 1.141431e+04
7.6 1.145246e+04 1.139502e+04 1.141465e+04 1.147209e+04
8.6 1.144472e+04 1.138062e+04 1.140696e+04 1.147106e+04
9.6 1.147027e+04 1.138890e+04 1.140390e+04 1.148528e+04
10.6 1.147088e+04 1.141288e+04 1.140363e+04 1.146163e+04
11.6 1.142703e+04 1.142920e+04 1.140479e+04 1.140262e+04
12.6 1.136529e+04 1.142343e+04 1.140640e+04 1.134827e+04
13.6 1.136592e+04 1.141843e+04 1.140786e+04 1.135535e+04
14.6 1.142661e+04 1.143484e+04 1.140893e+04 1.140070e+04
15.6 1.147998e+04 1.144271e+04 1.140960e+04 1.144687e+04
16.6 1.147601e+04 1.142813e+04 1.140998e+04 1.145786e+04
17.6 1.139668e+04 1.140470e+04 1.141018e+04 1.140216e+04
18.6 1.140767e+04 1.138590e+04 1.141027e+04 1.143204e+04
19.6 1.143052e+04 1.137510e+04 1.141031e+04 1.146573e+04
20.6 1.142888e+04 1.137041e+04 1.141033e+04 1.146880e+04
21.6 1.142710e+04 1.136944e+04 1.141034e+04 1.146800e+04
0.4 1.140794e+04 1.143502e+04 1.141035e+04 1.138327e+04
1.4 1.138025e+04 1.141777e+04 1.141407e+04 1.137656e+04
2.4 1.139164e+04 1.141819e+04 1.143598e+04 1.140944e+04
3.4 1.139783e+04 1.143539e+04 1.146733e+04 1.142977e+04
4.4 1.142512e+04 1.144035e+04 1.147720e+04 1.146197e+04
5.4 1.140908e+04 1.142814e+04 1.145960e+04 1.144054e+04
6.4 1.146722e+04 1.142901e+04 1.143593e+04 1.147414e+04
7.4 1.137151e+04 1.144985e+04 1.141882e+04 1.134047e+04
8.4 1.140416e+04 1.145847e+04 1.140924e+04 1.135493e+04
9.4 1.150668e+04 1.144188e+04 1.140495e+04 1.146975e+04
10.4 1.141736e+04 1.142762e+04 1.140394e+04 1.139369e+04
11.4 1.143959e+04 1.142219e+04 1.140474e+04 1.142215e+04
12.4 1.141793e+04 1.141117e+04 1.140623e+04 1.141299e+04
13.4 1.134544e+04 1.139467e+04 1.140768e+04 1.135845e+04
14.4 1.137752e+04 1.138068e+04 1.140880e+04 1.140564e+04
15.4 1.139476e+04 1.137282e+04 1.140952e+04 1.143146e+04
16.4 1.135646e+04 1.136993e+04 1.140994e+04 1.139646e+04
17.4 1.138283e+04 1.137044e+04 1.141016e+04 1.142254e+04
18.4 1.137732e+04 1.138562e+04 1.141026e+04 1.140197e+04
19.4 1.141723e+04 1.142147e+04 1.141031e+04 1.140607e+04
20.4 1.147217e+04 1.144190e+04 1.141033e+04 1.144060e+04
21.4 1.139747e+04 1.143318e+04 1.141034e+04 1.137462e+04
0.1 1.147033e+04 1.145473e+04 1.141034e+04 1.142593e+04
1.1 1.151010e+04 1.144401e+04 1.141187e+04 1.147796e+04
2.1 1.145729e+04 1.143485e+04 1.142851e+04 1.145095e+04
3.1 1.144850e+04 1.144353e+04 1.146003e+04 1.146500e+04
4.1 1.140414e+04 1.144789e+04 1.147789e+04 1.143414e+04
5.1 1.143864e+04 1.143383e+04 1.146651e+04 1.147132e+04
6.1 1.142912e+04 1.142330e+04 1.145636e+04 1.146218e+04
7.1 1.146939e+04 1.142593e+04 1.145687e+04 1.150033e+04
8.1 1.143226e+04 1.142956e+04 1.144565e+04 1.144835e+04
9.1 1.142058e+04 1.142346e+04 1.142766e+04 1.142477e+04
10.1 1.144891e+04 1.142257e+04 1.141397e+04 1.144031e+04
11.1 1.144630e+04 1.141905e+04 1.140685e+04 1.143411e+04
12.1 1.144116e+04 1.140630e+04 1.140429e+04 1.143915e+04
13.1 1.134832e+04 1.139066e+04 1.140420e+04 1.136186e+04
14.1 1.136795e+04 1.139071e+04 1.140526e+04 1.138250e+04
15.1 1.139809e+04 1.141954e+04 1.140667e+04 1.138521e+04
16.1 1.143918e+04 1.144139e+04 1.140796e+04 1.140575e+04
17.1 1.144653e+04 1.143411e+04 1.140894e+04 1.142136e+04
18.1 1.136743e+04 1.141969e+04 1.140959e+04 1.135733e+04
19.1 1.139255e+04 1.142485e+04 1.140996e+04 1.137766e+04
20.1 1.143952e+04 1.143452e+04 1.141017e+04 1.141516e+04
21.1 1.148464e+04 1.143211e+04 1.141026e+04 1.146280e+04
1.0 1.143864e+04 1.143383e+04 1.146651e+04 1.147132e+04
2.0 1.142912e+04 1.142330e+04 1.145636e+04 1.146218e+04
3.0 1.146939e+04 1.142593e+04 1.145687e+04 1.150033e+04
4.0 1.143226e+04 1.142956e+04 1.144565e+04 1.144835e+04
5.0 1.142058e+04 1.142346e+04 1.142766e+04 1.142477e+04
6.0 1.144891e+04 1.142257e+04 1.141397e+04 1.144031e+04
7.0 1.144630e+04 1.141905e+04 1.140685e+04 1.143411e+04
8.0 1.144116e+04 1.140630e+04 1.140429e+04 1.143915e+04
9.0 1.134832e+04 1.139066e+04 1.140420e+04 1.136186e+04
10.0 1.136795e+04 1.139071e+04 1.140526e+04 1.138250e+04
11.0 1.139809e+04 1.141954e+04 1.140667e+04 1.138521e+04
12.0 1.143918e+04 1.144139e+04 1.140796e+04 1.140575e+04
13.0 1.144653e+04 1.143411e+04 1.140894e+04 1.142136e+04
14.0 1.136743e+04 1.141969e+04 1.140959e+04 1.135733e+04
15.0 1.139255e+04 1.142485e+04 1.140996e+04 1.137766e+04
16.0 1.143952e+04 1.143452e+04 1.141017e+04 1.141516e+04
17.0 1.148464e+04 1.143211e+04 1.141026e+04 1.146280e+04
18.0 1.149856e+04 1.143164e+04 1.141031e+04 1.147724e+04
19.0 1.141578e+04 1.143408e+04 1.141033e+04 1.139203e+04
20.0 1.142545e+04 1.142280e+04 1.141034e+04 1.141299e+04
21.0 1.138706e+04 1.140260e+04 1.141034e+04 1.139481e+04
22.0 1.133726e+04 1.138508e+04 1.141034e+04 1.136253e+04
0.9 1.142983e+04 1.142779e+04 1.141072e+04 1.141276e+04
1.9 1.141904e+04 1.141213e+04 1.142155e+04 1.142846e+04
2.9 1.138889e+04 1.142109e+04 1.144934e+04 1.141713e+04
3.9 1.138054e+04 1.142757e+04 1.146382e+04 1.141679e+04
4.9 1.145337e+04 1.141701e+04 1.145235e+04 1.148871e+04
5.9 1.146277e+04 1.140882e+04 1.143324e+04 1.148719e+04
6.9 1.147140e+04 1.142134e+04 1.141880e+04 1.146887e+04
7.9 1.137680e+04 1.142534e+04 1.141050e+04 1.136196e+04
8.9 1.131564e+04 1.141517e+04 1.140658e+04 1.130705e+04
9.9 1.129897e+04 1.142191e+04 1.140542e+04 1.128248e+04
10.9 1.141209e+04 1.144300e+04 1.140585e+04 1.137494e+04
11.9 1.140546e+04 1.144263e+04 1.140695e+04 1.136978e+04
12.9 1.136451e+04 1.142147e+04 1.140811e+04 1.135116e+04
13.9 1.131265e+04 1.139751e+04 1.140903e+04 1.132417e+04
14.9 1.138053e+04 1.138219e+04 1.141084e+04 1.140918e+04
15.9 1.140913e+04 1.138905e+04 1.142664e+04 1.144673e+04
16.9 1.141263e+04 1.141711e+04 1.145808e+04 1.145360e+04
17.9 1.137824e+04 1.143936e+04 1.147767e+04 1.141655e+04
18.9 1.139794e+04 1.144654e+04 1.146679e+04 1.141820e+04
19.9 1.142135e+04 1.144618e+04 1.144293e+04 1.141809e+04
20.9 1.148202e+04 1.144391e+04 1.142330e+04 1.146141e+04
21.9 1.143942e+04 1.143932e+04 1.141157e+04 1.141168e+04
0.1 1.131265e+04 1.139751e+04 1.140903e+04 1.132417e+04
1.1 1.138053e+04 1.138219e+04 1.141084e+04 1.140918e+04
2.1 1.140913e+04 1.138905e+04 1.142664e+04 1.144673e+04
3.1 1.141263e+04 1.141711e+04 1.145808e+04 1.145360e+04
4.1 1.137824e+04 1.143936e+04 1.147767e+04 1.141655e+04
5.1 1.139794e+04 1.144654e+04 1.146679e+04 1.141820e+04
6.1 1.142135e+04 1.144618e+04 1.144293e+04 1.141809e+04
7.1 1.148202e+04 1.144391e+04 1.142330e+04 1.146141e+04
8.1 1.143942e+04 1.143932e+04 1.141157e+04 1.141168e+04
9.1 1.140023e+04 1.142190e+04 1.140586e+04 1.138419e+04
10.1 1.134420e+04 1.139855e+04 1.140400e+04 1.134966e+04
11.1 1.140655e+04 1.138157e+04 1.140482e+04 1.142980e+04
12.1 1.144330e+04 1.138385e+04 1.141756e+04 1.147701e+04
13.1 1.144949e+04 1.141023e+04 1.144868e+04 1.148794e+04
14.1 1.143116e+04 1.143520e+04 1.147448e+04 1.147043e+04
15.1 1.142959e+04 1.143522e+04 1.146982e+04 1.146420e+04
16.1 1.141492e+04 1.141729e+04 1.144719e+04 1.144482e+04
0.9 1.140655e+04 1.138157e+04 1.140482e+04 1.142980e+04
1.9 1.144330e+04 1.138385e+04 1.141756e+04 1.147701e+04
2.9 1.144949e+04 1.141023e+04 1.144868e+04 1.148794e+04
3.9 1.143116e+04 1.143520e+04 1.147448e+04 1.147043e+04
4.9 1.142959e+04 1.143522e+04 1.146982e+04 1.146420e+04
5.9 1.141492e+04 1.141729e+04 1.144719e+04 1.144482e+04
