0.9 9.534176e+03 9.515400e+03 9.534573e+03 9.553348e+03
1.9 9.534665e+03 9.506800e+03 9.530985e+03 9.558851e+03
2.9 9.542210e+03 9.496564e+03 9.522553e+03 9.568198e+03
3.9 9.538736e+03 9.509303e+03 9.518687e+03 9.548120e+03
4.9 9.583880e+03 9.546634e+03 9.522430e+03 9.559676e+03
5.9 9.569457e+03 9.556488e+03 9.528152e+03 9.541121e+03
6.9 9.531844e+03 9.543834e+03 9.532378e+03 9.520388e+03
7.9 9.509111e+03 9.530443e+03 9.534779e+03 9.513447e+03
8.9 9.518203e+03 9.542965e+03 9.535900e+03 9.511138e+03
9.9 9.543157e+03 9.566531e+03 9.536212e+03 9.512838e+03
10.9 9.566882e+03 9.560713e+03 9.536065e+03 9.542234e+03
11.9 9.580262e+03 9.540164e+03 9.535728e+03 9.575827e+03
12.9 9.583684e+03 9.524009e+03 9.535383e+03 9.595058e+03
13.9 9.586369e+03 9.515834e+03 9.535113e+03 9.605648e+03
14.9 9.585763e+03 9.531033e+03 9.534935e+03 9.589666e+03
15.9 9.594370e+03 9.560313e+03 9.534832e+03 9.568889e+03
16.9 9.557074e+03 9.559982e+03 9.534778e+03 9.531869e+03
17.9 9.521872e+03 9.541415e+03 9.534751e+03 9.515208e+03
18.9 9.520049e+03 9.524207e+03 9.534739e+03 9.530581e+03
19.9 9.516669e+03 9.510229e+03 9.534734e+03 9.541174e+03
20.9 9.517580e+03 9.507633e+03 9.534732e+03 9.544679e+03
21.9 9.540356e+03 9.539477e+03 9.534731e+03 9.535610e+03
0.3 9.549754e+03 9.510676e+03 9.534730e+03 9.573808e+03
1.3 9.568138e+03 9.508613e+03 9.533952e+03 9.593477e+03
2.3 9.536997e+03 9.502657e+03 9.528072e+03 9.562413e+03
3.3 9.526597e+03 9.496979e+03 9.520086e+03 9.549703e+03
4.3 9.549892e+03 9.517799e+03 9.519453e+03 9.551545e+03
5.3 9.618526e+03 9.542712e+03 9.524605e+03 9.600418e+03
6.3 9.630088e+03 9.547948e+03 9.529955e+03 9.612095e+03
7.3 9.593448e+03 9.560058e+03 9.533456e+03 9.566846e+03
8.3 9.523657e+03 9.564548e+03 9.535316e+03 9.494425e+03
9.3 9.470228e+03 9.550257e+03 9.536090e+03 9.456061e+03
10.3 9.439079e+03 9.532665e+03 9.536195e+03 9.442609e+03
11.3 9.483260e+03 9.530299e+03 9.535950e+03 9.488911e+03
12.3 9.526459e+03 9.547599e+03 9.535595e+03 9.514454e+03
13.3 9.546877e+03 9.550325e+03 9.535272e+03 9.531823e+03
14.3 9.521797e+03 9.539887e+03 9.535037e+03 9.516947e+03
15.3 9.543631e+03 9.535455e+03 9.534890e+03 9.543066e+03
16.3 9.579891e+03 9.550516e+03 9.534807e+03 9.564182e+03
17.3 9.555190e+03 9.548688e+03 9.534765e+03 9.541267e+03
18.3 9.524489e+03 9.537699e+03 9.534745e+03 9.521536e+03
19.3 9.537128e+03 9.547944e+03 9.534737e+03 9.523920e+03
20.3 9.546086e+03 9.548812e+03 9.534733e+03 9.532006e+03
21.3 9.531664e+03 9.535124e+03 9.534731e+03 9.531271e+03
0.4 9.565115e+03 9.512649e+03 9.534729e+03 9.587194e+03
1.4 9.543126e+03 9.507636e+03 9.533609e+03 9.569100e+03
2.4 9.509701e+03 9.500791e+03 9.527732e+03 9.536642e+03
3.4 9.482985e+03 9.510675e+03 9.523621e+03 9.495931e+03
4.4 9.518758e+03 9.537107e+03 9.525578e+03 9.507228e+03
5.4 9.561344e+03 9.543182e+03 9.529600e+03 9.547762e+03
6.4 9.544577e+03 9.533368e+03 9.532728e+03 9.543937e+03
7.4 9.524019e+03 9.520067e+03 9.534549e+03 9.538501e+03
8.4 9.525685e+03 9.506926e+03 9.535436e+03 9.554196e+03
9.4 9.535392e+03 9.515943e+03 9.535729e+03 9.555179e+03
10.4 9.519660e+03 9.550119e+03 9.535670e+03 9.505210e+03
11.4 9.549003e+03 9.558051e+03 9.535452e+03 9.526404e+03
12.4 9.546939e+03 9.543434e+03 9.535211e+03 9.538715e+03
13.4 9.460400e+03 9.527334e+03 9.535017e+03 9.468083e+03
14.4 9.318411e+03 9.516885e+03 9.534886e+03 9.336411e+03
15.4 9.354240e+03 9.511261e+03 9.534808e+03 9.377788e+03
16.4 9.408524e+03 9.508062e+03 9.534767e+03 9.435228e+03
17.4 9.469934e+03 9.502256e+03 9.534746e+03 9.502425e+03
18.4 9.495407e+03 9.494322e+03 9.534737e+03 9.535822e+03
19.4 9.527246e+03 9.499577e+03 9.534733e+03 9.562403e+03
20.4 9.579799e+03 9.529766e+03 9.534732e+03 9.584764e+03
21.4 9.567062e+03 9.544955e+03 9.534731e+03 9.556838e+03
0.8 9.604621e+03 9.541127e+03 9.534664e+03 9.598159e+03
1.8 9.558766e+03 9.523504e+03 9.531894e+03 9.567156e+03
2.8 9.496803e+03 9.504151e+03 9.523698e+03 9.516350e+03
3.8 9.474718e+03 9.501731e+03 9.518467e+03 9.491454e+03
4.8 9.507026e+03 9.527509e+03 9.521352e+03 9.500869e+03
5.8 9.524093e+03 9.537960e+03 9.527182e+03 9.513316e+03
6.8 9.524714e+03 9.527045e+03 9.531789e+03 9.529458e+03
7.8 9.550148e+03 9.540334e+03 9.534492e+03 9.544306e+03
8.8 9.580339e+03 9.562390e+03 9.535802e+03 9.553750e+03
9.8 9.553717e+03 9.551851e+03 9.536224e+03 9.538090e+03
10.8 9.521776e+03 9.536122e+03 9.536129e+03 9.521782e+03
11.8 9.581741e+03 9.546104e+03 9.535803e+03 9.571440e+03
12.8 9.581115e+03 9.547277e+03 9.535445e+03 9.569283e+03
13.8 9.504734e+03 9.534082e+03 9.535156e+03 9.505808e+03
14.8 9.478904e+03 9.520607e+03 9.534962e+03 9.493258e+03
15.8 9.449156e+03 9.512520e+03 9.534847e+03 9.471482e+03
16.8 9.471131e+03 9.508887e+03 9.534785e+03 9.497029e+03
17.8 9.477619e+03 9.507844e+03 9.534754e+03 9.504529e+03
18.8 9.498439e+03 9.508228e+03 9.534740e+03 9.524952e+03
19.8 9.496291e+03 9.510435e+03 9.534734e+03 9.520590e+03
20.8 9.529219e+03 9.514757e+03 9.534732e+03 9.549194e+03
21.8 9.552937e+03 9.520333e+03 9.534731e+03 9.567335e+03
0.3 9.559432e+03 9.527488e+03 9.534730e+03 9.566675e+03
1.3 9.535681e+03 9.516751e+03 9.533874e+03 9.552804e+03
2.3 9.518983e+03 9.505946e+03 9.528320e+03 9.541357e+03
3.3 9.542787e+03 9.514823e+03 9.523709e+03 9.551673e+03
4.3 9.558138e+03 9.548792e+03 9.525149e+03 9.534494e+03
5.3 9.583951e+03 9.553915e+03 9.525949e+03 9.555984e+03
6.3 9.598074e+03 9.536543e+03 9.522851e+03 9.584381e+03
7.3 9.580589e+03 9.542512e+03 9.523650e+03 9.561728e+03
8.3 9.547790e+03 9.550233e+03 9.528073e+03 9.525630e+03
9.3 9.466633e+03 9.540210e+03 9.532192e+03 9.458615e+03
10.3 9.466514e+03 9.524456e+03 9.533628e+03 9.475686e+03
11.3 9.508683e+03 9.508705e+03 9.528986e+03 9.528964e+03
12.3 9.560082e+03 9.512295e+03 9.525042e+03 9.572829e+03
13.3 9.576275e+03 9.535941e+03 9.526773e+03 9.567108e+03
14.3 9.526214e+03 9.541594e+03 9.530504e+03 9.515124e+03
15.3 9.505158e+03 9.533858e+03 9.533349e+03 9.504648e+03
16.3 9.506381e+03 9.528152e+03 9.534934e+03 9.513164e+03
17.3 9.533789e+03 9.548678e+03 9.535656e+03 9.520767e+03
18.3 9.569256e+03 9.569663e+03 9.535847e+03 9.535441e+03
19.3 9.539126e+03 9.559792e+03 9.535732e+03 9.515066e+03
20.3 9.522640e+03 9.539124e+03 9.535485e+03 9.519001e+03
21.3 9.513120e+03 9.525475e+03 9.535229e+03 9.522873e+03
0.9 9.558138e+03 9.548792e+03 9.525149e+03 9.534494e+03
1.9 9.583951e+03 9.553915e+03 9.525949e+03 9.555984e+03
2.9 9.598074e+03 9.536543e+03 9.522851e+03 9.584381e+03
3.9 9.580589e+03 9.542512e+03 9.523650e+03 9.561728e+03
4.9 9.547790e+03 9.550233e+03 9.528073e+03 9.525630e+03
5.9 9.466633e+03 9.540210e+03 9.532192e+03 9.458615e+03
6.9 9.466514e+03 9.524456e+03 9.533628e+03 9.475686e+03
7.9 9.508683e+03 9.508705e+03 9.528986e+03 9.528964e+03
8.9 9.560082e+03 9.512295e+03 9.525042e+03 9.572829e+03
9.9 9.576275e+03 9.535941e+03 9.526773e+03 9.567108e+03
10.9 9.526214e+03 9.541594e+03 9.530504e+03 9.515124e+03
11.9 9.505158e+03 9.533858e+03 9.533349e+03 9.504648e+03
12.9 9.506381e+03 9.528152e+03 9.534934e+03 9.513164e+03
13.9 9.533789e+03 9.548678e+03 9.535656e+03 9.520767e+03
14.9 9.569256e+03 9.569663e+03 9.535847e+03 9.535441e+03
15.9 9.539126e+03 9.559792e+03 9.535732e+03 9.515066e+03
16.9 9.522640e+03 9.539124e+03 9.535485e+03 9.519001e+03
17.9 9.513120e+03 9.525475e+03 9.535229e+03 9.522873e+03
18.9 9.510242e+03 9.520086e+03 9.535026e+03 9.525182e+03
19.9 9.535619e+03 9.533928e+03 9.534890e+03 9.536582e+03
20.9 9.593099e+03 9.548373e+03 9.534810e+03 9.579536e+03
21.9 9.550336e+03 9.535519e+03 9.534768e+03 9.549585e+03
0.4 9.466633e+03 9.540210e+03 9.532192e+03 9.458615e+03
1.4 9.466514e+03 9.524456e+03 9.533628e+03 9.475686e+03
2.4 9.508683e+03 9.508705e+03 9.528986e+03 9.528964e+03
3.4 9.560082e+03 9.512295e+03 9.525042e+03 9.572829e+03
4.4 9.576275e+03 9.535941e+03 9.526773e+03 9.567108e+03
5.4 9.526214e+03 9.541594e+03 9.530504e+03 9.515124e+03
6.4 9.505158e+03 9.533858e+03 9.533349e+03 9.504648e+03
7.4 9.506381e+03 9.528152e+03 9.534934e+03 9.513164e+03
8.4 9.533789e+03 9.548678e+03 9.535656e+03 9.520767e+03
9.4 9.569256e+03 9.569663e+03 9.535847e+03 9.535441e+03
10.4 9.539126e+03 9.559792e+03 9.535732e+03 9.515066e+03
11.4 9.522640e+03 9.539124e+03 9.535485e+03 9.519001e+03
12.4 9.513120e+03 9.525475e+03 9.535229e+03 9.522873e+03
13.4 9.510242e+03 9.520086e+03 9.535026e+03 9.525182e+03
14.4 9.535619e+03 9.533928e+03 9.534890e+03 9.536582e+03
15.4 9.593099e+03 9.548373e+03 9.534810e+03 9.579536e+03
16.4 9.550336e+03 9.535519e+03 9.534768e+03 9.549585e+03
17.4 9.505354e+03 9.513942e+03 9.534747e+03 9.526159e+03
18.4 9.486894e+03 9.519915e+03 9.534737e+03 9.501716e+03
19.4 9.487201e+03 9.540007e+03 9.534733e+03 9.481928e+03
20.4 9.497697e+03 9.540004e+03 9.534732e+03 9.492425e+03
21.4 9.511301e+03 9.528595e+03 9.534731e+03 9.517437e+03
0.5 9.525403e+03 9.539579e+03 9.534725e+03 9.520550e+03
1.5 9.538894e+03 9.556627e+03 9.533297e+03 9.515564e+03
2.5 9.531870e+03 9.539589e+03 9.526289e+03 9.518570e+03
3.5 9.515609e+03 9.521269e+03 9.519239e+03 9.513579e+03
4.5 9.535895e+03 9.542690e+03 9.520229e+03 9.513434e+03
5.5 9.551259e+03 9.559508e+03 9.525780e+03 9.517531e+03
6.5 9.538642e+03 9.549590e+03 9.530812e+03 9.519864e+03
7.5 9.514510e+03 9.534471e+03 9.533940e+03 9.513980e+03
8.5 9.494760e+03 9.525447e+03 9.535542e+03 9.504856e+03
9.5 9.518206e+03 9.535200e+03 9.536153e+03 9.519159e+03
10.5 9.549066e+03 9.551752e+03 9.536165e+03 9.533478e+03
11.5 9.564171e+03 9.547312e+03 9.535882e+03 9.552741e+03
12.5 9.538798e+03 9.533207e+03 9.535524e+03 9.541116e+03
13.5 9.521430e+03 9.532311e+03 9.535217e+03 9.524336e+03
14.5 9.588992e+03 9.549230e+03 9.534957e+03 9.574719e+03
15.5 9.596598e+03 9.546434e+03 9.532370e+03 9.582534e+03
16.5 9.549171e+03 9.527128e+03 9.525851e+03 9.547894e+03
17.5 9.516530e+03 9.532059e+03 9.523743e+03 9.508214e+03
18.5 9.443865e+03 9.544298e+03 9.526060e+03 9.425626e+03
19.5 9.393738e+03 9.532813e+03 9.524079e+03 9.385004e+03
20.5 9.393838e+03 9.513351e+03 9.518783e+03 9.399270e+03
21.5 9.441860e+03 9.523364e+03 9.519632e+03 9.438128e+03
0.7 9.588992e+03 9.549230e+03 9.534957e+03 9.574719e+03
1.7 9.596598e+03 9.546434e+03 9.532370e+03 9.582534e+03
2.7 9.549171e+03 9.527128e+03 9.525851e+03 9.547894e+03
3.7 9.516530e+03 9.532059e+03 9.523743e+03 9.508214e+03
4.7 9.443865e+03 9.544298e+03 9.526060e+03 9.425626e+03
5.7 9.393738e+03 9.532813e+03 9.524079e+03 9.385004e+03
6.7 9.393838e+03 9.513351e+03 9.518783e+03 9.399270e+03
7.7 9.441860e+03 9.523364e+03 9.519632e+03 9.438128e+03
8.7 9.490982e+03 9.541182e+03 9.525454e+03 9.475255e+03
9.7 9.537023e+03 9.538561e+03 9.530963e+03 9.529424e+03
10.7 9.538692e+03 9.526954e+03 9.534336e+03 9.546074e+03
11.7 9.516297e+03 9.518251e+03 9.535960e+03 9.534005e+03
12.7 9.497534e+03 9.514361e+03 9.536503e+03 9.519676e+03
13.7 9.507888e+03 9.518732e+03 9.536433e+03 9.525590e+03
14.7 9.538122e+03 9.550108e+03 9.536076e+03 9.524090e+03
15.7 9.526311e+03 9.563072e+03 9.535656e+03 9.498895e+03
16.7 9.546515e+03 9.554084e+03 9.535300e+03 9.527730e+03
17.7 9.566543e+03 9.568398e+03 9.535049e+03 9.533193e+03
18.7 9.570258e+03 9.570235e+03 9.534895e+03 9.534917e+03
19.7 9.511067e+03 9.550121e+03 9.534809e+03 9.495755e+03
20.7 9.494407e+03 9.528474e+03 9.534766e+03 9.500699e+03
21.7 9.508116e+03 9.515182e+03 9.534745e+03 9.527679e+03
0.3 9.516530e+03 9.532059e+03 9.523743e+03 9.508214e+03
1.3 9.443865e+03 9.544298e+03 9.526060e+03 9.425626e+03
2.3 9.393738e+03 9.532813e+03 9.524079e+03 9.385004e+03
3.3 9.393838e+03 9.513351e+03 9.518783e+03 9.399270e+03
4.3 9.441860e+03 9.523364e+03 9.519632e+03 9.438128e+03
5.3 9.490982e+03 9.541182e+03 9.525454e+03 9.475255e+03
6.3 9.537023e+03 9.538561e+03 9.530963e+03 9.529424e+03
7.3 9.538692e+03 9.526954e+03 9.534336e+03 9.546074e+03
8.3 9.516297e+03 9.518251e+03 9.535960e+03 9.534005e+03
9.3 9.497534e+03 9.514361e+03 9.536503e+03 9.519676e+03
10.3 9.507888e+03 9.518732e+03 9.536433e+03 9.525590e+03
11.3 9.538122e+03 9.550108e+03 9.536076e+03 9.524090e+03
12.3 9.526311e+03 9.563072e+03 9.535656e+03 9.498895e+03
13.3 9.546515e+03 9.554084e+03 9.535300e+03 9.527730e+03
14.3 9.566543e+03 9.568398e+03 9.535049e+03 9.533193e+03
15.3 9.570258e+03 9.570235e+03 9.534895e+03 9.534917e+03
16.3 9.511067e+03 9.550121e+03 9.534809e+03 9.495755e+03
17.3 9.494407e+03 9.528474e+03 9.534766e+03 9.500699e+03
18.3 9.508116e+03 9.515182e+03 9.534745e+03 9.527679e+03
19.3 9.521039e+03 9.509780e+03 9.534737e+03 9.545995e+03
20.3 9.534854e+03 9.510539e+03 9.534733e+03 9.559048e+03
21.3 9.551050e+03 9.531647e+03 9.534731e+03 9.554133e+03
