0.3 4.936121e+03 4.916070e+03 4.921846e+03 4.941896e+03
1.3 4.965157e+03 4.988354e+03 4.921878e+03 4.898682e+03
2.3 5.057438e+03 5.002620e+03 4.922143e+03 4.976962e+03
3.3 5.018617e+03 4.957369e+03 4.922585e+03 4.983833e+03
4.3 5.003288e+03 4.928529e+03 4.922794e+03 4.997553e+03
5.3 4.987343e+03 4.974203e+03 4.922591e+03 4.935731e+03
6.3 5.000692e+03 4.984223e+03 4.922255e+03 4.938724e+03
7.3 5.049051e+03 4.945020e+03 4.921996e+03 5.026027e+03
8.3 4.832556e+03 4.911537e+03 4.921846e+03 4.842865e+03
9.3 4.857084e+03 4.908705e+03 4.921776e+03 4.870155e+03
10.3 4.936028e+03 4.942135e+03 4.921756e+03 4.915648e+03
11.3 4.957650e+03 4.944756e+03 4.921764e+03 4.934658e+03
12.3 4.974505e+03 4.924922e+03 4.921784e+03 4.971367e+03
13.3 4.869409e+03 4.936686e+03 4.921805e+03 4.854527e+03
14.3 4.930833e+03 4.955912e+03 4.921822e+03 4.896743e+03
15.3 4.914575e+03 4.933361e+03 4.921833e+03 4.903046e+03
16.3 4.849452e+03 4.896985e+03 4.921839e+03 4.874306e+03
17.3 4.806250e+03 4.873199e+03 4.921843e+03 4.854893e+03
18.3 4.939972e+03 4.881268e+03 4.921844e+03 4.980547e+03
19.3 5.024217e+03 4.926144e+03 4.921845e+03 5.019918e+03
20.3 5.047569e+03 4.933783e+03 4.921845e+03 5.035632e+03
21.3 4.963120e+03 4.909080e+03 4.921845e+03 4.975886e+03
1.0 4.870450e+03 4.947722e+03 4.921855e+03 4.844584e+03
2.0 4.997513e+03 4.952632e+03 4.922037e+03 4.966918e+03
3.0 4.944492e+03 4.920642e+03 4.922461e+03 4.946310e+03
4.0 4.882801e+03 4.891159e+03 4.922774e+03 4.914416e+03
5.0 4.824585e+03 4.915525e+03 4.922664e+03 4.831723e+03
6.0 4.956341e+03 4.937151e+03 4.922336e+03 4.941526e+03
7.0 4.973167e+03 4.925230e+03 4.922051e+03 4.969988e+03
8.0 4.963465e+03 4.910009e+03 4.921876e+03 4.975333e+03
9.0 4.939807e+03 4.908616e+03 4.921789e+03 4.952980e+03
10.0 4.894503e+03 4.943193e+03 4.921758e+03 4.873069e+03
11.0 4.962577e+03 4.950576e+03 4.921761e+03 4.933762e+03
12.0 4.852543e+03 4.919598e+03 4.921779e+03 4.854724e+03
13.0 4.820254e+03 4.885367e+03 4.921800e+03 4.856688e+03
14.0 4.877521e+03 4.863744e+03 4.921818e+03 4.935595e+03
15.0 4.965729e+03 4.857869e+03 4.921830e+03 5.029690e+03
16.0 5.012891e+03 4.865919e+03 4.921838e+03 5.068810e+03
17.0 4.954600e+03 4.910460e+03 4.921842e+03 4.965982e+03
18.0 5.013090e+03 4.984021e+03 4.921844e+03 4.950913e+03
19.0 4.983791e+03 4.986678e+03 4.921845e+03 4.918958e+03
20.0 4.879877e+03 4.947816e+03 4.921845e+03 4.853907e+03
21.0 4.881226e+03 4.918712e+03 4.921845e+03 4.884359e+03
22.0 4.933230e+03 4.946745e+03 4.921846e+03 4.908331e+03
0.1 4.914183e+03 4.924802e+03 4.921846e+03 4.911227e+03
1.1 4.917996e+03 4.951727e+03 4.921867e+03 4.888136e+03
2.1 4.967011e+03 4.948909e+03 4.922087e+03 4.940189e+03
3.1 4.973175e+03 4.930242e+03 4.922340e+03 4.965274e+03
4.1 4.958036e+03 4.948398e+03 4.922310e+03 4.931948e+03
5.1 4.966295e+03 4.943213e+03 4.922130e+03 4.945212e+03
6.1 4.825334e+03 4.909142e+03 4.921969e+03 4.838161e+03
7.1 4.840779e+03 4.876881e+03 4.921871e+03 4.885769e+03
8.1 4.822739e+03 4.857872e+03 4.921820e+03 4.886688e+03
9.1 4.896730e+03 4.849787e+03 4.921801e+03 4.968745e+03
10.1 4.821475e+03 4.853469e+03 4.921800e+03 4.889807e+03
11.1 4.833549e+03 4.869024e+03 4.921809e+03 4.886334e+03
12.1 4.908715e+03 4.902858e+03 4.921821e+03 4.927677e+03
13.1 4.957336e+03 4.950341e+03 4.921833e+03 4.928828e+03
14.1 4.909050e+03 4.949324e+03 4.921967e+03 4.881694e+03
15.1 4.916106e+03 4.920963e+03 4.922269e+03 4.917412e+03
16.1 4.933187e+03 4.934753e+03 4.922350e+03 4.920784e+03
17.1 4.977174e+03 4.949732e+03 4.922200e+03 4.949642e+03
18.1 4.885704e+03 4.926224e+03 4.922021e+03 4.881502e+03
19.1 4.859715e+03 4.897883e+03 4.921900e+03 4.883733e+03
20.1 4.846838e+03 4.935205e+03 4.921835e+03 4.833468e+03
21.1 4.937634e+03 4.984636e+03 4.921805e+03 4.874803e+03
0.8 4.957336e+03 4.950341e+03 4.921833e+03 4.928828e+03
1.8 4.909050e+03 4.949324e+03 4.921967e+03 4.881694e+03
2.8 4.916106e+03 4.920963e+03 4.922269e+03 4.917412e+03
3.8 4.933187e+03 4.934753e+03 4.922350e+03 4.920784e+03
4.8 4.977174e+03 4.949732e+03 4.922200e+03 4.949642e+03
5.8 4.885704e+03 4.926224e+03 4.922021e+03 4.881502e+03
6.8 4.859715e+03 4.897883e+03 4.921900e+03 4.883733e+03
7.8 4.846838e+03 4.935205e+03 4.921835e+03 4.833468e+03
8.8 4.937634e+03 4.984636e+03 4.921805e+03 4.874803e+03
9.8 4.885680e+03 4.965088e+03 4.921799e+03 4.842391e+03
10.8 4.924508e+03 4.916902e+03 4.921805e+03 4.929411e+03
11.8 4.811829e+03 4.879200e+03 4.921816e+03 4.854445e+03
12.8 4.895769e+03 4.858188e+03 4.921827e+03 4.959408e+03
13.8 4.912440e+03 4.850221e+03 4.921835e+03 4.984054e+03
14.8 4.838550e+03 4.856095e+03 4.921840e+03 4.904295e+03
15.8 4.848569e+03 4.891499e+03 4.921843e+03 4.878913e+03
16.8 4.962462e+03 4.940820e+03 4.921844e+03 4.943487e+03
17.8 4.987149e+03 4.940437e+03 4.921845e+03 4.968557e+03
18.8 4.910877e+03 4.909953e+03 4.921852e+03 4.922776e+03
19.8 4.830594e+03 4.881749e+03 4.922010e+03 4.870855e+03
20.8 4.862857e+03 4.864972e+03 4.922399e+03 4.920284e+03
21.8 4.959955e+03 4.893263e+03 4.922589e+03 4.989281e+03
0.9 4.910877e+03 4.909953e+03 4.921852e+03 4.922776e+03
1.9 4.830594e+03 4.881749e+03 4.922010e+03 4.870855e+03
2.9 4.862857e+03 4.864972e+03 4.922399e+03 4.920284e+03
3.9 4.959955e+03 4.893263e+03 4.922589e+03 4.989281e+03
4.9 5.035889e+03 4.966961e+03 4.922422e+03 4.991350e+03
5.9 5.017271e+03 4.976030e+03 4.922157e+03 4.963398e+03
6.9 5.054175e+03 4.935153e+03 4.921959e+03 5.040981e+03
7.9 4.851520e+03 4.893870e+03 4.921846e+03 4.879495e+03
8.9 4.646854e+03 4.867824e+03 4.921792e+03 4.700822e+03
9.9 4.798910e+03 4.854311e+03 4.921777e+03 4.866376e+03
10.9 4.767569e+03 4.849167e+03 4.921783e+03 4.840185e+03
11.9 4.837512e+03 4.851254e+03 4.921799e+03 4.908057e+03
12.9 4.857974e+03 4.857618e+03 4.921815e+03 4.922171e+03
13.9 4.913237e+03 4.878775e+03 4.921828e+03 4.956290e+03
14.9 4.983276e+03 4.932178e+03 4.921836e+03 4.972934e+03
15.9 4.996440e+03 4.954106e+03 4.921841e+03 4.964175e+03
16.9 4.932988e+03 4.943267e+03 4.921843e+03 4.911564e+03
17.9 4.846731e+03 4.932445e+03 4.921845e+03 4.836131e+03
18.9 4.825225e+03 4.957693e+03 4.921845e+03 4.789377e+03
19.9 4.859362e+03 4.964805e+03 4.921845e+03 4.816402e+03
20.9 4.962596e+03 4.957093e+03 4.921845e+03 4.927349e+03
21.9 4.980247e+03 4.998823e+03 4.921846e+03 4.903269e+03
0.6 4.980247e+03 4.998823e+03 4.921846e+03 4.903269e+03
1.6 5.040729e+03 5.002553e+03 4.921929e+03 4.960104e+03
2.6 4.925842e+03 4.954062e+03 4.922221e+03 4.894002e+03
3.6 4.935544e+03 4.937680e+03 4.922361e+03 4.920226e+03
4.6 4.935401e+03 4.947243e+03 4.922238e+03 4.910396e+03
5.6 4.970110e+03 4.924530e+03 4.922054e+03 4.967634e+03
6.6 4.882046e+03 4.892241e+03 4.921920e+03 4.911726e+03
7.6 4.870379e+03 4.877690e+03 4.921844e+03 4.914534e+03
8.6 4.870068e+03 4.890008e+03 4.921809e+03 4.901869e+03
9.6 4.908255e+03 4.934311e+03 4.921799e+03 4.895743e+03
10.6 4.930586e+03 4.941563e+03 4.921803e+03 4.910827e+03
11.6 4.896730e+03 4.918939e+03 4.921814e+03 4.899605e+03
12.6 4.901913e+03 4.950289e+03 4.921825e+03 4.873448e+03
13.6 4.930851e+03 4.993369e+03 4.921834e+03 4.859315e+03
14.6 4.989217e+03 4.971420e+03 4.921839e+03 4.939636e+03
15.6 5.026042e+03 4.940290e+03 4.921842e+03 5.007595e+03
16.6 5.049615e+03 4.952644e+03 4.921844e+03 5.018816e+03
17.6 5.025464e+03 4.942938e+03 4.921845e+03 5.004371e+03
18.6 4.824047e+03 4.906619e+03 4.921845e+03 4.839273e+03
19.6 4.828314e+03 4.874023e+03 4.921845e+03 4.876137e+03
20.6 4.835596e+03 4.855572e+03 4.921845e+03 4.901870e+03
21.6 4.814771e+03 4.848032e+03 4.921846e+03 4.888584e+03
0.9 5.008928e+03 4.936872e+03 4.921852e+03 4.993908e+03
1.9 4.981329e+03 4.962514e+03 4.922010e+03 4.940825e+03
2.9 4.907871e+03 4.939648e+03 4.922422e+03 4.890645e+03
3.9 4.764610e+03 4.906387e+03 4.922769e+03 4.780992e+03
4.9 4.805930e+03 4.921889e+03 4.922700e+03 4.806741e+03
5.9 4.849396e+03 4.943645e+03 4.922377e+03 4.828127e+03
6.9 4.883558e+03 4.924263e+03 4.922078e+03 4.881374e+03
7.9 4.871317e+03 4.891487e+03 4.921890e+03 4.901721e+03
8.9 4.853651e+03 4.869095e+03 4.921795e+03 4.906351e+03
9.9 4.888870e+03 4.864740e+03 4.921759e+03 4.945888e+03
10.9 4.887490e+03 4.903117e+03 4.921759e+03 4.906132e+03
11.9 5.005075e+03 4.977725e+03 4.921776e+03 4.949125e+03
12.9 5.026068e+03 4.987462e+03 4.921798e+03 4.960404e+03
13.9 5.063523e+03 4.958186e+03 4.921816e+03 5.027153e+03
14.9 5.019417e+03 4.963975e+03 4.921829e+03 4.977272e+03
15.9 4.967769e+03 4.962381e+03 4.921837e+03 4.927225e+03
16.9 4.787324e+03 4.925975e+03 4.921842e+03 4.783191e+03
17.9 4.784837e+03 4.887590e+03 4.921844e+03 4.819091e+03
18.9 4.792363e+03 4.870560e+03 4.921845e+03 4.843647e+03
19.9 4.918568e+03 4.891792e+03 4.921845e+03 4.948622e+03
20.9 4.964546e+03 4.935521e+03 4.921845e+03 4.950871e+03
21.9 4.940326e+03 4.935369e+03 4.921846e+03 4.926802e+03
0.5 4.845059e+03 4.869701e+03 4.921846e+03 4.897204e+03
1.5 4.875772e+03 4.856086e+03 4.921912e+03 4.941599e+03
2.5 4.846604e+03 4.850817e+03 4.922236e+03 4.918024e+03
3.5 4.921001e+03 4.862683e+03 4.922563e+03 4.980880e+03
4.5 4.968854e+03 4.939473e+03 4.922517e+03 4.951898e+03
5.5 5.023813e+03 4.983580e+03 4.922260e+03 4.962493e+03
6.5 4.969005e+03 4.956746e+03 4.922027e+03 4.934286e+03
7.5 4.889047e+03 4.911620e+03 4.921883e+03 4.899310e+03
8.5 4.864434e+03 4.878645e+03 4.921897e+03 4.907686e+03
9.5 4.861502e+03 4.860305e+03 4.922218e+03 4.923415e+03
10.5 4.861503e+03 4.869977e+03 4.922511e+03 4.914037e+03
11.5 4.933307e+03 4.945771e+03 4.922439e+03 4.909975e+03
12.5 4.975398e+03 4.981158e+03 4.922193e+03 4.916433e+03
13.5 4.982296e+03 4.959185e+03 4.921983e+03 4.945095e+03
14.5 4.904639e+03 4.937620e+03 4.921858e+03 4.888877e+03
15.5 4.961959e+03 4.981411e+03 4.921796e+03 4.902344e+03
16.5 4.990673e+03 4.999372e+03 4.921775e+03 4.913077e+03
17.5 4.967057e+03 4.959783e+03 4.921779e+03 4.929052e+03
18.5 4.975092e+03 4.920285e+03 4.921794e+03 4.976601e+03
19.5 4.929451e+03 4.901070e+03 4.921810e+03 4.950191e+03
20.5 4.965750e+03 4.918550e+03 4.921824e+03 4.969024e+03
21.5 4.987658e+03 4.947098e+03 4.921834e+03 4.962394e+03
0.6 4.889047e+03 4.911620e+03 4.921883e+03 4.899310e+03
1.6 4.864434e+03 4.878645e+03 4.921897e+03 4.907686e+03
2.6 4.861502e+03 4.860305e+03 4.922218e+03 4.923415e+03
3.6 4.861503e+03 4.869977e+03 4.922511e+03 4.914037e+03
4.6 4.933307e+03 4.945771e+03 4.922439e+03 4.909975e+03
5.6 4.975398e+03 4.981158e+03 4.922193e+03 4.916433e+03
6.6 4.982296e+03 4.959185e+03 4.921983e+03 4.945095e+03
7.6 4.904639e+03 4.937620e+03 4.921858e+03 4.888877e+03
8.6 4.961959e+03 4.981411e+03 4.921796e+03 4.902344e+03
9.6 4.990673e+03 4.999372e+03 4.921775e+03 4.913077e+03
10.6 4.967057e+03 4.959783e+03 4.921779e+03 4.929052e+03
11.6 4.975092e+03 4.920285e+03 4.921794e+03 4.976601e+03
12.6 4.929451e+03 4.901070e+03 4.921810e+03 4.950191e+03
13.6 4.965750e+03 4.918550e+03 4.921824e+03 4.969024e+03
14.6 4.987658e+03 4.947098e+03 4.921834e+03 4.962394e+03
15.6 5.014279e+03 4.937032e+03 4.921840e+03 4.999087e+03
16.6 4.981093e+03 4.916010e+03 4.921843e+03 4.986926e+03
17.6 4.990770e+03 4.919122e+03 4.921844e+03 4.993492e+03
18.6 4.962425e+03 4.950271e+03 4.921845e+03 4.933999e+03
19.6 5.083468e+03 4.945902e+03 4.921845e+03 5.059411e+03
20.6 4.969278e+03 4.922707e+03 4.921845e+03 4.968417e+03
21.6 4.931615e+03 4.937471e+03 4.921846e+03 4.915990e+03
0.1 4.934958e+03 4.895106e+03 4.921846e+03 4.961699e+03
1.1 4.948849e+03 4.965909e+03 4.921862e+03 4.904803e+03
2.1 4.908640e+03 4.996245e+03 4.922070e+03 4.834465e+03
3.1 4.989448e+03 4.979344e+03 4.922342e+03 4.932446e+03
4.1 5.027014e+03 5.008389e+03 4.922332e+03 4.940957e+03
5.1 4.998061e+03 5.003863e+03 4.922151e+03 4.916348e+03
6.1 4.901621e+03 4.950086e+03 4.921982e+03 4.873517e+03
7.1 4.886321e+03 4.896106e+03 4.921877e+03 4.912092e+03
8.1 4.909955e+03 4.868037e+03 4.921822e+03 4.963741e+03
9.1 4.907386e+03 4.866616e+03 4.921800e+03 4.962571e+03
10.1 5.000385e+03 4.877775e+03 4.921799e+03 5.044409e+03
11.1 4.949330e+03 4.920392e+03 4.921808e+03 4.950746e+03
12.1 4.991846e+03 4.949095e+03 4.921819e+03 4.964570e+03
