0.8 1.043390e+04 1.040383e+04 1.039876e+04 1.042883e+04
1.8 1.043805e+04 1.040233e+04 1.040235e+04 1.043807e+04
2.8 1.042572e+04 1.040949e+04 1.041247e+04 1.042869e+04
3.8 1.042743e+04 1.041534e+04 1.041839e+04 1.043049e+04
4.8 1.041697e+04 1.041424e+04 1.041456e+04 1.041728e+04
5.8 1.043861e+04 1.040832e+04 1.040775e+04 1.043803e+04
6.8 1.047816e+04 1.040651e+04 1.040700e+04 1.047864e+04
7.8 1.044736e+04 1.041040e+04 1.041131e+04 1.044827e+04
8.8 1.043440e+04 1.041260e+04 1.041027e+04 1.043207e+04
9.8 1.041447e+04 1.041122e+04 1.040730e+04 1.041056e+04
10.8 1.037051e+04 1.041407e+04 1.041189e+04 1.036832e+04
11.8 1.040366e+04 1.041804e+04 1.041764e+04 1.040326e+04
12.8 1.039836e+04 1.041692e+04 1.041480e+04 1.039625e+04
13.8 1.039105e+04 1.041544e+04 1.040761e+04 1.038322e+04
14.8 1.040743e+04 1.041841e+04 1.040170e+04 1.039072e+04
15.8 1.041570e+04 1.042023e+04 1.039833e+04 1.039379e+04
16.8 1.041547e+04 1.041674e+04 1.039681e+04 1.039555e+04
17.8 1.042173e+04 1.040778e+04 1.039642e+04 1.041037e+04
18.8 1.041758e+04 1.039650e+04 1.039665e+04 1.041773e+04
19.8 1.042511e+04 1.038898e+04 1.039713e+04 1.043327e+04
20.8 1.041193e+04 1.039009e+04 1.039764e+04 1.041948e+04
21.8 1.041550e+04 1.039373e+04 1.039805e+04 1.041983e+04
1.0 1.043861e+04 1.040832e+04 1.040775e+04 1.043803e+04
2.0 1.047816e+04 1.040651e+04 1.040700e+04 1.047864e+04
3.0 1.044736e+04 1.041040e+04 1.041131e+04 1.044827e+04
4.0 1.043440e+04 1.041260e+04 1.041027e+04 1.043207e+04
5.0 1.041447e+04 1.041122e+04 1.040730e+04 1.041056e+04
6.0 1.037051e+04 1.041407e+04 1.041189e+04 1.036832e+04
7.0 1.040366e+04 1.041804e+04 1.041764e+04 1.040326e+04
8.0 1.039836e+04 1.041692e+04 1.041480e+04 1.039625e+04
9.0 1.039105e+04 1.041544e+04 1.040761e+04 1.038322e+04
10.0 1.040743e+04 1.041841e+04 1.040170e+04 1.039072e+04
11.0 1.041570e+04 1.042023e+04 1.039833e+04 1.039379e+04
12.0 1.041547e+04 1.041674e+04 1.039681e+04 1.039555e+04
13.0 1.042173e+04 1.040778e+04 1.039642e+04 1.041037e+04
14.0 1.041758e+04 1.039650e+04 1.039665e+04 1.041773e+04
15.0 1.042511e+04 1.038898e+04 1.039713e+04 1.043327e+04
16.0 1.041193e+04 1.039009e+04 1.039764e+04 1.041948e+04
17.0 1.041550e+04 1.039373e+04 1.039805e+04 1.041983e+04
18.0 1.040365e+04 1.039281e+04 1.039833e+04 1.040917e+04
19.0 1.041340e+04 1.038819e+04 1.039849e+04 1.042371e+04
20.0 1.042645e+04 1.038611e+04 1.039858e+04 1.043893e+04
21.0 1.044736e+04 1.039107e+04 1.039862e+04 1.045492e+04
22.0 1.047005e+04 1.039618e+04 1.039864e+04 1.047252e+04
0.5 1.043440e+04 1.041260e+04 1.041027e+04 1.043207e+04
1.5 1.041447e+04 1.041122e+04 1.040730e+04 1.041056e+04
2.5 1.037051e+04 1.041407e+04 1.041189e+04 1.036832e+04
3.5 1.040366e+04 1.041804e+04 1.041764e+04 1.040326e+04
4.5 1.039836e+04 1.041692e+04 1.041480e+04 1.039625e+04
5.5 1.039105e+04 1.041544e+04 1.040761e+04 1.038322e+04
6.5 1.040743e+04 1.041841e+04 1.040170e+04 1.039072e+04
7.5 1.041570e+04 1.042023e+04 1.039833e+04 1.039379e+04
8.5 1.041547e+04 1.041674e+04 1.039681e+04 1.039555e+04
9.5 1.042173e+04 1.040778e+04 1.039642e+04 1.041037e+04
10.5 1.041758e+04 1.039650e+04 1.039665e+04 1.041773e+04
11.5 1.042511e+04 1.038898e+04 1.039713e+04 1.043327e+04
12.5 1.041193e+04 1.039009e+04 1.039764e+04 1.041948e+04
13.5 1.041550e+04 1.039373e+04 1.039805e+04 1.041983e+04
14.5 1.040365e+04 1.039281e+04 1.039833e+04 1.040917e+04
15.5 1.041340e+04 1.038819e+04 1.039849e+04 1.042371e+04
16.5 1.042645e+04 1.038611e+04 1.039858e+04 1.043893e+04
17.5 1.044736e+04 1.039107e+04 1.039862e+04 1.045492e+04
18.5 1.047005e+04 1.039618e+04 1.039864e+04 1.047252e+04
19.5 1.044467e+04 1.039794e+04 1.039865e+04 1.044538e+04
20.5 1.041506e+04 1.039796e+04 1.039866e+04 1.041575e+04
21.5 1.039142e+04 1.039750e+04 1.039866e+04 1.039258e+04
1.0 1.039923e+04 1.039865e+04 1.039900e+04 1.039958e+04
2.0 1.038425e+04 1.040302e+04 1.040410e+04 1.038534e+04
3.0 1.040416e+04 1.041066e+04 1.041137e+04 1.040487e+04
4.0 1.041604e+04 1.041432e+04 1.041141e+04 1.041313e+04
5.0 1.042694e+04 1.041131e+04 1.040697e+04 1.042260e+04
6.0 1.042486e+04 1.040944e+04 1.040695e+04 1.042237e+04
7.0 1.041965e+04 1.041470e+04 1.041459e+04 1.041954e+04
8.0 1.041735e+04 1.041797e+04 1.041810e+04 1.041748e+04
9.0 1.042614e+04 1.041487e+04 1.041296e+04 1.042423e+04
10.0 1.041656e+04 1.040762e+04 1.040576e+04 1.041470e+04
11.0 1.043298e+04 1.040082e+04 1.040067e+04 1.043283e+04
12.0 1.042336e+04 1.039653e+04 1.039794e+04 1.042477e+04
13.0 1.041917e+04 1.039446e+04 1.039678e+04 1.042149e+04
14.0 1.040280e+04 1.039383e+04 1.039657e+04 1.040554e+04
15.0 1.041722e+04 1.039353e+04 1.039686e+04 1.042056e+04
16.0 1.041194e+04 1.039051e+04 1.039735e+04 1.041878e+04
17.0 1.041572e+04 1.038649e+04 1.039781e+04 1.042704e+04
18.0 1.039870e+04 1.038919e+04 1.039817e+04 1.040768e+04
19.0 1.040777e+04 1.039817e+04 1.039840e+04 1.040800e+04
20.0 1.043817e+04 1.040831e+04 1.039853e+04 1.042839e+04
21.0 1.044250e+04 1.041292e+04 1.039860e+04 1.042818e+04
22.0 1.044301e+04 1.041016e+04 1.039863e+04 1.043149e+04
0.9 1.042694e+04 1.041131e+04 1.040697e+04 1.042260e+04
1.9 1.042486e+04 1.040944e+04 1.040695e+04 1.042237e+04
2.9 1.041965e+04 1.041470e+04 1.041459e+04 1.041954e+04
3.9 1.041735e+04 1.041797e+04 1.041810e+04 1.041748e+04
4.9 1.042614e+04 1.041487e+04 1.041296e+04 1.042423e+04
5.9 1.041656e+04 1.040762e+04 1.040576e+04 1.041470e+04
6.9 1.043298e+04 1.040082e+04 1.040067e+04 1.043283e+04
7.9 1.042336e+04 1.039653e+04 1.039794e+04 1.042477e+04
8.9 1.041917e+04 1.039446e+04 1.039678e+04 1.042149e+04
9.9 1.040280e+04 1.039383e+04 1.039657e+04 1.040554e+04
10.9 1.041722e+04 1.039353e+04 1.039686e+04 1.042056e+04
11.9 1.041194e+04 1.039051e+04 1.039735e+04 1.041878e+04
12.9 1.041572e+04 1.038649e+04 1.039781e+04 1.042704e+04
13.9 1.039870e+04 1.038919e+04 1.039817e+04 1.040768e+04
14.9 1.040777e+04 1.039817e+04 1.039840e+04 1.040800e+04
15.9 1.043817e+04 1.040831e+04 1.039853e+04 1.042839e+04
16.9 1.044250e+04 1.041292e+04 1.039860e+04 1.042818e+04
17.9 1.044301e+04 1.041016e+04 1.039863e+04 1.043149e+04
18.9 1.039116e+04 1.040121e+04 1.039865e+04 1.038859e+04
19.9 1.037308e+04 1.039136e+04 1.039865e+04 1.038038e+04
20.9 1.036231e+04 1.038790e+04 1.039866e+04 1.037307e+04
21.9 1.036784e+04 1.039278e+04 1.039866e+04 1.037371e+04
0.6 1.037260e+04 1.039730e+04 1.039869e+04 1.037399e+04
1.6 1.037621e+04 1.039960e+04 1.040119e+04 1.037780e+04
2.6 1.040493e+04 1.040683e+04 1.040905e+04 1.040715e+04
3.6 1.042600e+04 1.041270e+04 1.041230e+04 1.042560e+04
4.6 1.042887e+04 1.041234e+04 1.040880e+04 1.042534e+04
5.6 1.040506e+04 1.040686e+04 1.040394e+04 1.040214e+04
6.6 1.038660e+04 1.040111e+04 1.040048e+04 1.038597e+04
7.6 1.038227e+04 1.039730e+04 1.039855e+04 1.038352e+04
8.6 1.040542e+04 1.039532e+04 1.039766e+04 1.040776e+04
9.6 1.041800e+04 1.039390e+04 1.039742e+04 1.042152e+04
10.6 1.041591e+04 1.039038e+04 1.039756e+04 1.042309e+04
11.6 1.039172e+04 1.038989e+04 1.039784e+04 1.039967e+04
12.6 1.037217e+04 1.039433e+04 1.039813e+04 1.037597e+04
13.6 1.037205e+04 1.039723e+04 1.039835e+04 1.037318e+04
14.6 1.038769e+04 1.039766e+04 1.039850e+04 1.038853e+04
15.6 1.041027e+04 1.039596e+04 1.039858e+04 1.041288e+04
16.6 1.040376e+04 1.039226e+04 1.039862e+04 1.041011e+04
17.6 1.040097e+04 1.039223e+04 1.039864e+04 1.040738e+04
18.6 1.036387e+04 1.039741e+04 1.039865e+04 1.036510e+04
19.6 1.039612e+04 1.040003e+04 1.039866e+04 1.039474e+04
20.6 1.041948e+04 1.039949e+04 1.039866e+04 1.041865e+04
21.6 1.038873e+04 1.039823e+04 1.039866e+04 1.038915e+04
0.3 1.027371e+04 1.039667e+04 1.039866e+04 1.027570e+04
1.3 1.032553e+04 1.039726e+04 1.039962e+04 1.032788e+04
2.3 1.038230e+04 1.040433e+04 1.040686e+04 1.038483e+04
3.3 1.041320e+04 1.041600e+04 1.041856e+04 1.041576e+04
4.3 1.043416e+04 1.042198e+04 1.042355e+04 1.043573e+04
5.3 1.044403e+04 1.041911e+04 1.041785e+04 1.044277e+04
6.3 1.042875e+04 1.040859e+04 1.040902e+04 1.042917e+04
7.3 1.040552e+04 1.039559e+04 1.040236e+04 1.041229e+04
8.3 1.039489e+04 1.038791e+04 1.039854e+04 1.040552e+04
9.3 1.037452e+04 1.038974e+04 1.039678e+04 1.038156e+04
10.3 1.038272e+04 1.039155e+04 1.039630e+04 1.038746e+04
11.3 1.038806e+04 1.039113e+04 1.039654e+04 1.039347e+04
12.3 1.040893e+04 1.039564e+04 1.039707e+04 1.041036e+04
13.3 1.042659e+04 1.039880e+04 1.039762e+04 1.042541e+04
14.3 1.042135e+04 1.039663e+04 1.039805e+04 1.042276e+04
15.3 1.040595e+04 1.039636e+04 1.039833e+04 1.040793e+04
16.3 1.041317e+04 1.039881e+04 1.039850e+04 1.041285e+04
17.3 1.042578e+04 1.039927e+04 1.039858e+04 1.042509e+04
18.3 1.043538e+04 1.039658e+04 1.039863e+04 1.043742e+04
19.3 1.039764e+04 1.039061e+04 1.039865e+04 1.040568e+04
20.3 1.038161e+04 1.038784e+04 1.039865e+04 1.039243e+04
21.3 1.038738e+04 1.039227e+04 1.039868e+04 1.039379e+04
0.6 1.038738e+04 1.039227e+04 1.039868e+04 1.039379e+04
1.6 1.036999e+04 1.039893e+04 1.040119e+04 1.037226e+04
2.6 1.037675e+04 1.040825e+04 1.040905e+04 1.037756e+04
3.6 1.041259e+04 1.041455e+04 1.041230e+04 1.041034e+04
4.6 1.043135e+04 1.041470e+04 1.040951e+04 1.042616e+04
5.6 1.045299e+04 1.041509e+04 1.041088e+04 1.044878e+04
6.6 1.041443e+04 1.041659e+04 1.041405e+04 1.041189e+04
7.6 1.039528e+04 1.041434e+04 1.041102e+04 1.039196e+04
8.6 1.040005e+04 1.040796e+04 1.040518e+04 1.039727e+04
9.6 1.038898e+04 1.040129e+04 1.040064e+04 1.038833e+04
10.6 1.036330e+04 1.039688e+04 1.039816e+04 1.036458e+04
11.6 1.034690e+04 1.039471e+04 1.039712e+04 1.034931e+04
12.6 1.035095e+04 1.039401e+04 1.039691e+04 1.035385e+04
13.6 1.036081e+04 1.039411e+04 1.039713e+04 1.036384e+04
14.6 1.039108e+04 1.039472e+04 1.039752e+04 1.039389e+04
15.6 1.039816e+04 1.039904e+04 1.039791e+04 1.039702e+04
16.6 1.040614e+04 1.040936e+04 1.039822e+04 1.039500e+04
17.6 1.042637e+04 1.041811e+04 1.039842e+04 1.040667e+04
18.6 1.044342e+04 1.041899e+04 1.039854e+04 1.042297e+04
19.6 1.041742e+04 1.041213e+04 1.039860e+04 1.040389e+04
20.6 1.040562e+04 1.040084e+04 1.039863e+04 1.040341e+04
21.6 1.039140e+04 1.039190e+04 1.039865e+04 1.039815e+04
0.2 1.041259e+04 1.041455e+04 1.041230e+04 1.041034e+04
1.2 1.043135e+04 1.041470e+04 1.040951e+04 1.042616e+04
2.2 1.045299e+04 1.041509e+04 1.041088e+04 1.044878e+04
3.2 1.041443e+04 1.041659e+04 1.041405e+04 1.041189e+04
4.2 1.039528e+04 1.041434e+04 1.041102e+04 1.039196e+04
5.2 1.040005e+04 1.040796e+04 1.040518e+04 1.039727e+04
6.2 1.038898e+04 1.040129e+04 1.040064e+04 1.038833e+04
7.2 1.036330e+04 1.039688e+04 1.039816e+04 1.036458e+04
8.2 1.034690e+04 1.039471e+04 1.039712e+04 1.034931e+04
9.2 1.035095e+04 1.039401e+04 1.039691e+04 1.035385e+04
10.2 1.036081e+04 1.039411e+04 1.039713e+04 1.036384e+04
11.2 1.039108e+04 1.039472e+04 1.039752e+04 1.039389e+04
12.2 1.039816e+04 1.039904e+04 1.039791e+04 1.039702e+04
13.2 1.040614e+04 1.040936e+04 1.039822e+04 1.039500e+04
14.2 1.042637e+04 1.041811e+04 1.039842e+04 1.040667e+04
15.2 1.044342e+04 1.041899e+04 1.039854e+04 1.042297e+04
16.2 1.041742e+04 1.041213e+04 1.039860e+04 1.040389e+04
17.2 1.040562e+04 1.040084e+04 1.039863e+04 1.040341e+04
18.2 1.039140e+04 1.039190e+04 1.039865e+04 1.039815e+04
19.2 1.037673e+04 1.039137e+04 1.039865e+04 1.038402e+04
20.2 1.037823e+04 1.039467e+04 1.039866e+04 1.038222e+04
21.2 1.039549e+04 1.039614e+04 1.039866e+04 1.039800e+04
0.7 1.039177e+04 1.041761e+04 1.039871e+04 1.037287e+04
1.7 1.041412e+04 1.041580e+04 1.040174e+04 1.040007e+04
2.7 1.040362e+04 1.041855e+04 1.041185e+04 1.039692e+04
3.7 1.041154e+04 1.042292e+04 1.042216e+04 1.041079e+04
4.7 1.041161e+04 1.042137e+04 1.042206e+04 1.041229e+04
5.7 1.038473e+04 1.041423e+04 1.041400e+04 1.038450e+04
6.7 1.037758e+04 1.040531e+04 1.040579e+04 1.037806e+04
7.7 1.036946e+04 1.039849e+04 1.040041e+04 1.037138e+04
8.7 1.038643e+04 1.039472e+04 1.039758e+04 1.038929e+04
9.7 1.038870e+04 1.039267e+04 1.039645e+04 1.039248e+04
10.7 1.040660e+04 1.038975e+04 1.039634e+04 1.041318e+04
11.7 1.037673e+04 1.038812e+04 1.039675e+04 1.038536e+04
12.7 1.038028e+04 1.039314e+04 1.039732e+04 1.038446e+04
13.7 1.038595e+04 1.039819e+04 1.039782e+04 1.038558e+04
14.7 1.038138e+04 1.039922e+04 1.039819e+04 1.038034e+04
15.7 1.038783e+04 1.039839e+04 1.039841e+04 1.038785e+04
16.7 1.036957e+04 1.039671e+04 1.039854e+04 1.037140e+04
17.7 1.036201e+04 1.039305e+04 1.039861e+04 1.036756e+04
18.7 1.036069e+04 1.039105e+04 1.039864e+04 1.036828e+04
19.7 1.036094e+04 1.039559e+04 1.039865e+04 1.036400e+04
20.7 1.039525e+04 1.039859e+04 1.039866e+04 1.039532e+04
21.7 1.039845e+04 1.039458e+04 1.039866e+04 1.040253e+04
