0.4 1.031552e+03 1.029791e+03 1.033956e+03 1.035717e+03
1.4 1.026011e+03 1.026575e+03 1.032324e+03 1.031761e+03
2.4 1.039387e+03 1.022398e+03 1.026754e+03 1.043743e+03
3.4 1.018449e+03 1.021293e+03 1.024961e+03 1.022117e+03
4.4 1.013933e+03 1.022637e+03 1.027548e+03 1.018844e+03
5.4 1.030008e+03 1.023944e+03 1.029229e+03 1.035294e+03
6.4 1.023871e+03 1.022589e+03 1.025845e+03 1.027128e+03
7.4 1.010956e+03 1.024434e+03 1.025079e+03 1.011600e+03
8.4 1.047997e+03 1.028780e+03 1.028138e+03 1.047354e+03
9.4 1.052400e+03 1.031370e+03 1.031474e+03 1.052503e+03
10.4 1.057209e+03 1.033298e+03 1.033576e+03 1.057487e+03
11.4 1.018493e+03 1.036624e+03 1.034599e+03 1.016469e+03
12.4 1.008088e+03 1.038069e+03 1.034967e+03 1.004985e+03
13.4 1.002596e+03 1.036694e+03 1.034963e+03 1.000864e+03
14.4 1.040127e+03 1.036584e+03 1.034774e+03 1.038316e+03
15.4 1.032947e+03 1.037819e+03 1.034532e+03 1.029659e+03
16.4 1.051468e+03 1.037866e+03 1.034318e+03 1.047919e+03
17.4 1.033162e+03 1.037273e+03 1.034162e+03 1.030052e+03
18.4 1.040438e+03 1.037044e+03 1.034065e+03 1.037459e+03
19.4 1.025895e+03 1.037541e+03 1.034010e+03 1.022364e+03
20.4 1.052919e+03 1.038800e+03 1.033982e+03 1.048101e+03
0.4 1.013933e+03 1.022637e+03 1.027548e+03 1.018844e+03
1.4 1.030008e+03 1.023944e+03 1.029229e+03 1.035294e+03
2.4 1.023871e+03 1.022589e+03 1.025845e+03 1.027128e+03
3.4 1.010956e+03 1.024434e+03 1.025079e+03 1.011600e+03
4.4 1.047997e+03 1.028780e+03 1.028138e+03 1.047354e+03
5.4 1.052400e+03 1.031370e+03 1.031474e+03 1.052503e+03
6.4 1.057209e+03 1.033298e+03 1.033576e+03 1.057487e+03
7.4 1.018493e+03 1.036624e+03 1.034599e+03 1.016469e+03
8.4 1.008088e+03 1.038069e+03 1.034967e+03 1.004985e+03
9.4 1.002596e+03 1.036694e+03 1.034963e+03 1.000864e+03
10.4 1.040127e+03 1.036584e+03 1.034774e+03 1.038316e+03
11.4 1.032947e+03 1.037819e+03 1.034532e+03 1.029659e+03
12.4 1.051468e+03 1.037866e+03 1.034318e+03 1.047919e+03
13.4 1.033162e+03 1.037273e+03 1.034162e+03 1.030052e+03
14.4 1.040438e+03 1.037044e+03 1.034065e+03 1.037459e+03
15.4 1.025895e+03 1.037541e+03 1.034010e+03 1.022364e+03
16.4 1.052919e+03 1.038800e+03 1.033982e+03 1.048101e+03
17.4 1.012144e+03 1.038696e+03 1.033968e+03 1.007416e+03
18.4 1.030576e+03 1.037756e+03 1.033962e+03 1.026783e+03
19.4 1.013260e+03 1.035957e+03 1.032892e+03 1.010195e+03
20.4 1.012699e+03 1.029898e+03 1.027480e+03 1.010281e+03
0.3 1.030576e+03 1.037756e+03 1.033962e+03 1.026783e+03
1.3 1.013260e+03 1.035957e+03 1.032892e+03 1.010195e+03
2.3 1.012699e+03 1.029898e+03 1.027480e+03 1.010281e+03
3.3 1.058419e+03 1.026827e+03 1.024861e+03 1.056452e+03
4.3 9.951646e+02 1.029137e+03 1.027070e+03 9.930982e+02
5.3 1.047923e+03 1.032996e+03 1.030335e+03 1.045262e+03
6.3 1.027417e+03 1.036819e+03 1.032670e+03 1.023268e+03
7.3 1.016249e+03 1.037672e+03 1.033981e+03 1.012557e+03
8.3 1.043873e+03 1.035414e+03 1.034596e+03 1.043056e+03
9.3 1.032209e+03 1.033537e+03 1.034771e+03 1.033443e+03
10.3 1.019460e+03 1.034949e+03 1.034691e+03 1.019203e+03
11.3 1.040133e+03 1.035374e+03 1.034506e+03 1.039265e+03
12.3 1.065416e+03 1.032487e+03 1.034315e+03 1.067244e+03
13.3 1.039746e+03 1.029940e+03 1.034166e+03 1.043973e+03
14.3 1.045374e+03 1.031880e+03 1.034069e+03 1.047563e+03
15.3 1.029451e+03 1.034894e+03 1.034013e+03 1.028570e+03
16.3 1.035834e+03 1.034454e+03 1.033984e+03 1.035363e+03
17.3 1.008066e+03 1.031162e+03 1.033969e+03 1.010874e+03
18.3 1.015059e+03 1.029388e+03 1.033963e+03 1.019634e+03
19.3 1.059185e+03 1.032195e+03 1.033960e+03 1.060951e+03
20.3 1.046503e+03 1.035363e+03 1.033959e+03 1.045100e+03
0.6 1.003769e+03 1.028596e+03 1.033923e+03 1.009095e+03
1.6 1.039475e+03 1.023288e+03 1.031175e+03 1.047362e+03
2.6 1.019355e+03 1.020074e+03 1.025812e+03 1.025092e+03
3.6 1.032722e+03 1.022863e+03 1.025313e+03 1.035172e+03
4.6 1.038330e+03 1.026729e+03 1.028327e+03 1.039928e+03
5.6 1.041773e+03 1.027982e+03 1.031211e+03 1.045002e+03
6.6 1.052289e+03 1.026069e+03 1.029479e+03 1.055700e+03
7.6 1.049950e+03 1.024058e+03 1.025627e+03 1.051518e+03
8.6 1.026561e+03 1.026831e+03 1.026446e+03 1.026176e+03
9.6 1.053415e+03 1.030612e+03 1.029707e+03 1.052510e+03
10.6 1.064053e+03 1.031083e+03 1.032416e+03 1.065386e+03
11.6 1.050004e+03 1.029460e+03 1.033890e+03 1.054434e+03
12.6 1.035417e+03 1.026512e+03 1.031406e+03 1.040311e+03
13.6 1.039578e+03 1.023703e+03 1.026479e+03 1.042354e+03
14.6 1.061141e+03 1.025984e+03 1.026373e+03 1.061529e+03
15.6 1.027027e+03 1.030504e+03 1.029295e+03 1.025818e+03
16.6 1.047188e+03 1.034068e+03 1.032005e+03 1.045125e+03
17.6 1.020759e+03 1.036299e+03 1.033653e+03 1.018113e+03
18.6 1.053471e+03 1.036235e+03 1.033205e+03 1.050441e+03
19.6 1.064262e+03 1.030919e+03 1.028015e+03 1.061358e+03
20.6 1.016048e+03 1.028232e+03 1.025723e+03 1.013539e+03
0.8 1.041773e+03 1.027982e+03 1.031211e+03 1.045002e+03
1.8 1.052289e+03 1.026069e+03 1.029479e+03 1.055700e+03
2.8 1.049950e+03 1.024058e+03 1.025627e+03 1.051518e+03
3.8 1.026561e+03 1.026831e+03 1.026446e+03 1.026176e+03
4.8 1.053415e+03 1.030612e+03 1.029707e+03 1.052510e+03
5.8 1.064053e+03 1.031083e+03 1.032416e+03 1.065386e+03
6.8 1.050004e+03 1.029460e+03 1.033890e+03 1.054434e+03
7.8 1.035417e+03 1.026512e+03 1.031406e+03 1.040311e+03
8.8 1.039578e+03 1.023703e+03 1.026479e+03 1.042354e+03
9.8 1.061141e+03 1.025984e+03 1.026373e+03 1.061529e+03
10.8 1.027027e+03 1.030504e+03 1.029295e+03 1.025818e+03
11.8 1.047188e+03 1.034068e+03 1.032005e+03 1.045125e+03
12.8 1.020759e+03 1.036299e+03 1.033653e+03 1.018113e+03
13.8 1.053471e+03 1.036235e+03 1.033205e+03 1.050441e+03
14.8 1.064262e+03 1.030919e+03 1.028015e+03 1.061358e+03
15.8 1.016048e+03 1.028232e+03 1.025723e+03 1.013539e+03
16.8 1.033785e+03 1.030278e+03 1.027930e+03 1.031437e+03
17.8 1.013764e+03 1.033576e+03 1.030963e+03 1.011151e+03
18.8 1.038628e+03 1.036561e+03 1.033054e+03 1.035121e+03
19.8 1.046863e+03 1.039063e+03 1.034190e+03 1.041990e+03
20.8 1.049099e+03 1.039397e+03 1.034697e+03 1.044399e+03
0.7 1.050004e+03 1.029460e+03 1.033890e+03 1.054434e+03
1.7 1.035417e+03 1.026512e+03 1.031406e+03 1.040311e+03
2.7 1.039578e+03 1.023703e+03 1.026479e+03 1.042354e+03
3.7 1.061141e+03 1.025984e+03 1.026373e+03 1.061529e+03
4.7 1.027027e+03 1.030504e+03 1.029295e+03 1.025818e+03
5.7 1.047188e+03 1.034068e+03 1.032005e+03 1.045125e+03
6.7 1.020759e+03 1.036299e+03 1.033653e+03 1.018113e+03
7.7 1.053471e+03 1.036235e+03 1.033205e+03 1.050441e+03
8.7 1.064262e+03 1.030919e+03 1.028015e+03 1.061358e+03
9.7 1.016048e+03 1.028232e+03 1.025723e+03 1.013539e+03
10.7 1.033785e+03 1.030278e+03 1.027930e+03 1.031437e+03
11.7 1.013764e+03 1.033576e+03 1.030963e+03 1.011151e+03
12.7 1.038628e+03 1.036561e+03 1.033054e+03 1.035121e+03
13.7 1.046863e+03 1.039063e+03 1.034190e+03 1.041990e+03
14.7 1.049099e+03 1.039397e+03 1.034697e+03 1.044399e+03
15.7 1.022984e+03 1.038341e+03 1.034810e+03 1.019453e+03
16.7 1.032902e+03 1.037162e+03 1.034700e+03 1.030440e+03
17.7 1.050825e+03 1.036307e+03 1.034501e+03 1.049019e+03
18.7 1.055521e+03 1.035785e+03 1.034308e+03 1.054045e+03
19.7 1.061172e+03 1.035042e+03 1.034161e+03 1.060291e+03
20.7 1.038755e+03 1.031360e+03 1.034065e+03 1.041460e+03
0.3 1.020759e+03 1.036299e+03 1.033653e+03 1.018113e+03
1.3 1.053471e+03 1.036235e+03 1.033205e+03 1.050441e+03
2.3 1.064262e+03 1.030919e+03 1.028015e+03 1.061358e+03
3.3 1.016048e+03 1.028232e+03 1.025723e+03 1.013539e+03
4.3 1.033785e+03 1.030278e+03 1.027930e+03 1.031437e+03
5.3 1.013764e+03 1.033576e+03 1.030963e+03 1.011151e+03
6.3 1.038628e+03 1.036561e+03 1.033054e+03 1.035121e+03
7.3 1.046863e+03 1.039063e+03 1.034190e+03 1.041990e+03
8.3 1.049099e+03 1.039397e+03 1.034697e+03 1.044399e+03
9.3 1.022984e+03 1.038341e+03 1.034810e+03 1.019453e+03
10.3 1.032902e+03 1.037162e+03 1.034700e+03 1.030440e+03
11.3 1.050825e+03 1.036307e+03 1.034501e+03 1.049019e+03
12.3 1.055521e+03 1.035785e+03 1.034308e+03 1.054045e+03
13.3 1.061172e+03 1.035042e+03 1.034161e+03 1.060291e+03
14.3 1.038755e+03 1.031360e+03 1.034065e+03 1.041460e+03
15.3 1.034407e+03 1.026612e+03 1.034011e+03 1.041806e+03
16.3 1.015421e+03 1.027666e+03 1.033983e+03 1.021738e+03
17.3 1.002497e+03 1.031451e+03 1.033969e+03 1.005015e+03
18.3 1.048913e+03 1.033218e+03 1.033963e+03 1.049657e+03
19.3 1.042848e+03 1.035640e+03 1.033960e+03 1.041168e+03
20.3 1.054569e+03 1.037335e+03 1.033959e+03 1.051193e+03
0.9 1.036508e+03 1.036829e+03 1.033708e+03 1.033387e+03
1.9 1.046150e+03 1.032376e+03 1.029486e+03 1.043260e+03
2.9 1.024613e+03 1.027525e+03 1.025079e+03 1.022166e+03
3.9 1.020560e+03 1.028042e+03 1.026008e+03 1.018526e+03
4.9 1.037135e+03 1.031038e+03 1.029278e+03 1.035375e+03
5.9 1.063218e+03 1.033615e+03 1.032000e+03 1.061603e+03
6.9 1.048899e+03 1.035186e+03 1.033626e+03 1.047339e+03
7.9 1.051208e+03 1.035320e+03 1.034446e+03 1.050334e+03
8.9 1.035648e+03 1.032076e+03 1.034748e+03 1.038321e+03
9.9 1.046086e+03 1.030517e+03 1.034737e+03 1.050306e+03
10.9 1.029140e+03 1.033172e+03 1.034574e+03 1.030542e+03
11.9 1.025119e+03 1.035506e+03 1.034377e+03 1.023990e+03
12.9 1.018993e+03 1.036268e+03 1.034211e+03 1.016937e+03
13.9 1.018957e+03 1.035202e+03 1.034097e+03 1.017852e+03
14.9 1.010571e+03 1.032225e+03 1.034002e+03 1.012347e+03
15.9 1.038290e+03 1.028073e+03 1.031365e+03 1.041583e+03
16.9 9.957297e+02 1.023700e+03 1.025928e+03 9.979573e+02
17.9 9.959241e+02 1.024841e+03 1.025264e+03 9.963476e+02
18.9 1.008327e+03 1.029162e+03 1.028233e+03 1.007398e+03
19.9 1.039115e+03 1.032971e+03 1.031268e+03 1.037413e+03
20.9 1.075172e+03 1.035286e+03 1.033219e+03 1.073104e+03
0.6 1.010571e+03 1.032225e+03 1.034002e+03 1.012347e+03
1.6 1.038290e+03 1.028073e+03 1.031365e+03 1.041583e+03
2.6 9.957297e+02 1.023700e+03 1.025928e+03 9.979573e+02
3.6 9.959241e+02 1.024841e+03 1.025264e+03 9.963476e+02
4.6 1.008327e+03 1.029162e+03 1.028233e+03 1.007398e+03
5.6 1.039115e+03 1.032971e+03 1.031268e+03 1.037413e+03
6.6 1.075172e+03 1.035286e+03 1.033219e+03 1.073104e+03
7.6 1.031628e+03 1.036427e+03 1.034255e+03 1.029456e+03
8.6 1.011409e+03 1.036865e+03 1.034696e+03 1.009239e+03
9.6 1.053704e+03 1.037175e+03 1.034764e+03 1.051293e+03
10.6 1.049859e+03 1.037501e+03 1.034633e+03 1.046992e+03
11.6 1.072018e+03 1.037996e+03 1.034437e+03 1.068459e+03
12.6 1.039332e+03 1.039017e+03 1.034258e+03 1.034573e+03
13.6 1.049384e+03 1.037088e+03 1.034128e+03 1.046424e+03
14.6 1.053507e+03 1.032386e+03 1.034046e+03 1.055168e+03
15.6 1.029628e+03 1.029569e+03 1.034001e+03 1.034060e+03
16.6 1.061895e+03 1.031722e+03 1.033978e+03 1.064151e+03
17.6 1.078176e+03 1.033195e+03 1.033966e+03 1.078947e+03
18.6 1.053198e+03 1.031004e+03 1.032683e+03 1.054877e+03
19.6 1.050216e+03 1.025722e+03 1.027179e+03 1.051674e+03
20.6 1.054506e+03 1.024158e+03 1.024889e+03 1.055237e+03
0.3 1.078176e+03 1.033195e+03 1.033966e+03 1.078947e+03
1.3 1.053198e+03 1.031004e+03 1.032683e+03 1.054877e+03
2.3 1.050216e+03 1.025722e+03 1.027179e+03 1.051674e+03
3.3 1.054506e+03 1.024158e+03 1.024889e+03 1.055237e+03
4.3 1.044271e+03 1.025626e+03 1.027261e+03 1.045905e+03
5.3 1.039245e+03 1.029714e+03 1.030500e+03 1.040031e+03
6.3 1.033031e+03 1.034591e+03 1.032770e+03 1.031210e+03
7.3 1.048457e+03 1.037033e+03 1.034032e+03 1.045456e+03
8.3 1.051447e+03 1.035876e+03 1.034616e+03 1.050188e+03
9.3 1.043747e+03 1.030645e+03 1.034772e+03 1.047873e+03
10.3 1.023546e+03 1.027593e+03 1.034682e+03 1.030635e+03
11.3 1.032106e+03 1.030609e+03 1.034494e+03 1.035992e+03
12.3 1.063017e+03 1.034362e+03 1.034305e+03 1.062960e+03
13.3 1.035090e+03 1.036220e+03 1.033909e+03 1.032779e+03
14.3 1.044170e+03 1.032697e+03 1.029592e+03 1.041065e+03
15.3 1.038013e+03 1.028241e+03 1.025131e+03 1.034902e+03
16.3 1.016346e+03 1.029124e+03 1.026032e+03 1.013254e+03
17.3 1.017465e+03 1.032910e+03 1.029288e+03 1.013843e+03
18.3 1.038657e+03 1.036960e+03 1.032004e+03 1.033701e+03
19.3 1.056051e+03 1.038567e+03 1.033628e+03 1.051111e+03
20.3 1.039147e+03 1.038219e+03 1.034446e+03 1.035375e+03
0.9 1.035090e+03 1.036220e+03 1.033909e+03 1.032779e+03
1.9 1.044170e+03 1.032697e+03 1.029592e+03 1.041065e+03
2.9 1.038013e+03 1.028241e+03 1.025131e+03 1.034902e+03
3.9 1.016346e+03 1.029124e+03 1.026032e+03 1.013254e+03
4.9 1.017465e+03 1.032910e+03 1.029288e+03 1.013843e+03
5.9 1.038657e+03 1.036960e+03 1.032004e+03 1.033701e+03
6.9 1.056051e+03 1.038567e+03 1.033628e+03 1.051111e+03
7.9 1.039147e+03 1.038219e+03 1.034446e+03 1.035375e+03
8.9 1.050618e+03 1.037373e+03 1.034748e+03 1.047993e+03
9.9 1.042209e+03 1.036638e+03 1.034737e+03 1.040309e+03
10.9 1.046973e+03 1.036102e+03 1.034574e+03 1.045445e+03
11.9 1.039842e+03 1.035757e+03 1.034377e+03 1.038462e+03
12.9 1.021322e+03 1.035548e+03 1.034211e+03 1.019985e+03
13.9 1.014964e+03 1.034772e+03 1.034097e+03 1.014290e+03
14.9 1.034410e+03 1.032916e+03 1.034029e+03 1.035523e+03
15.9 1.038431e+03 1.031535e+03 1.033992e+03 1.040887e+03
16.9 1.034914e+03 1.033312e+03 1.033973e+03 1.035575e+03
17.9 1.035872e+03 1.034809e+03 1.033965e+03 1.035027e+03
18.9 1.009718e+03 1.032692e+03 1.033961e+03 1.010987e+03
19.9 1.040601e+03 1.030084e+03 1.033960e+03 1.044476e+03
20.9 1.043201e+03 1.031638e+03 1.033959e+03 1.045522e+03
0.6 1.038386e+03 1.032347e+03 1.033931e+03 1.039970e+03
1.6 1.040603e+03 1.026701e+03 1.031332e+03 1.045234e+03
2.6 1.027134e+03 1.021965e+03 1.025913e+03 1.031083e+03
3.6 1.035858e+03 1.021662e+03 1.025258e+03 1.039454e+03
4.6 1.023649e+03 1.022887e+03 1.028230e+03 1.028992e+03
5.6 1.029392e+03 1.027954e+03 1.031267e+03 1.032705e+03
6.6 1.058674e+03 1.033598e+03 1.033218e+03 1.058295e+03
7.6 1.039484e+03 1.036587e+03 1.034255e+03 1.037152e+03
8.6 1.020966e+03 1.036899e+03 1.034696e+03 1.018763e+03
9.6 1.017506e+03 1.033396e+03 1.034764e+03 1.018874e+03
10.6 1.017851e+03 1.031315e+03 1.034633e+03 1.021169e+03
11.6 1.034360e+03 1.033592e+03 1.034437e+03 1.035205e+03
12.6 1.029631e+03 1.035597e+03 1.034258e+03 1.028292e+03
13.6 1.025764e+03 1.035128e+03 1.034128e+03 1.024764e+03
14.6 1.047816e+03 1.033154e+03 1.033755e+03 1.048417e+03
15.6 1.021906e+03 1.028439e+03 1.029354e+03 1.022820e+03
16.6 1.031715e+03 1.025043e+03 1.025053e+03 1.031725e+03
17.6 1.006686e+03 1.027047e+03 1.026097e+03 1.005736e+03
18.6 1.017717e+03 1.030382e+03 1.029373e+03 1.016708e+03
19.6 1.011201e+03 1.031623e+03 1.032062e+03 1.011639e+03
20.6 1.035649e+03 1.031674e+03 1.033659e+03 1.037634e+03
1.0 1.047816e+03 1.033154e+03 1.033755e+03 1.048417e+03
2.0 1.021906e+03 1.028439e+03 1.029354e+03 1.022820e+03
3.0 1.031715e+03 1.025043e+03 1.025053e+03 1.031725e+03
4.0 1.006686e+03 1.027047e+03 1.026097e+03 1.005736e+03
5.0 1.017717e+03 1.030382e+03 1.029373e+03 1.016708e+03
6.0 1.011201e+03 1.031623e+03 1.032062e+03 1.011639e+03
7.0 1.035649e+03 1.031674e+03 1.033659e+03 1.037634e+03
8.0 1.039241e+03 1.033806e+03 1.034460e+03 1.039896e+03
9.0 1.009412e+03 1.036965e+03 1.034752e+03 1.007199e+03
10.0 1.022295e+03 1.038509e+03 1.034734e+03 1.018520e+03
11.0 1.044777e+03 1.038740e+03 1.034568e+03 1.040606e+03
12.0 1.038473e+03 1.039325e+03 1.034371e+03 1.033520e+03
13.0 1.030639e+03 1.039840e+03 1.034207e+03 1.025007e+03
14.0 1.060065e+03 1.038862e+03 1.034095e+03 1.055298e+03
15.0 1.038675e+03 1.037362e+03 1.034027e+03 1.035340e+03
16.0 1.041315e+03 1.036234e+03 1.033991e+03 1.039072e+03
17.0 1.025867e+03 1.035121e+03 1.033973e+03 1.024719e+03
18.0 1.033442e+03 1.032460e+03 1.033965e+03 1.034947e+03
19.0 1.016887e+03 1.029112e+03 1.033082e+03 1.020857e+03
20.0 1.034091e+03 1.024201e+03 1.027794e+03 1.037684e+03
21.0 1.025398e+03 1.023230e+03 1.024850e+03 1.027019e+03
0.2 1.033442e+03 1.032460e+03 1.033965e+03 1.034947e+03
1.2 1.016887e+03 1.029112e+03 1.033082e+03 1.020857e+03
2.2 1.034091e+03 1.024201e+03 1.027794e+03 1.037684e+03
3.2 1.025398e+03 1.023230e+03 1.024850e+03 1.027019e+03
4.2 1.034532e+03 1.027058e+03 1.026883e+03 1.034356e+03
5.2 1.024393e+03 1.031467e+03 1.030167e+03 1.023093e+03
6.2 1.036789e+03 1.033806e+03 1.032567e+03 1.035550e+03
7.2 1.027337e+03 1.032832e+03 1.033927e+03 1.028433e+03
8.2 1.027808e+03 1.030066e+03 1.033296e+03 1.031038e+03
9.2 1.000923e+03 1.025289e+03 1.027989e+03 1.003623e+03
10.2 9.869151e+02 1.023871e+03 1.025630e+03 9.886738e+02
11.2 9.829260e+02 1.023322e+03 1.027819e+03 9.874226e+02
12.2 1.019965e+03 1.022110e+03 1.029988e+03 1.027843e+03
13.2 9.821696e+02 1.019999e+03 1.026819e+03 9.889899e+02
14.2 9.996963e+02 1.021754e+03 1.025039e+03 1.002981e+03
15.2 1.012022e+03 1.026903e+03 1.027597e+03 1.012716e+03
16.2 1.025460e+03 1.030447e+03 1.031007e+03 1.026020e+03
17.2 1.021625e+03 1.031823e+03 1.033303e+03 1.023105e+03
18.2 1.006243e+03 1.034282e+03 1.034468e+03 1.006429e+03
19.2 1.008924e+03 1.037459e+03 1.034923e+03 1.006388e+03
20.2 9.982081e+02 1.037402e+03 1.034971e+03 9.957776e+02
0.3 1.027337e+03 1.032832e+03 1.033927e+03 1.028433e+03
1.3 1.027808e+03 1.030066e+03 1.033296e+03 1.031038e+03
2.3 1.000923e+03 1.025289e+03 1.027989e+03 1.003623e+03
3.3 9.869151e+02 1.023871e+03 1.025630e+03 9.886738e+02
4.3 9.829260e+02 1.023322e+03 1.027819e+03 9.874226e+02
5.3 1.019965e+03 1.022110e+03 1.029988e+03 1.027843e+03
6.3 9.821696e+02 1.019999e+03 1.026819e+03 9.889899e+02
7.3 9.996963e+02 1.021754e+03 1.025039e+03 1.002981e+03
8.3 1.012022e+03 1.026903e+03 1.027597e+03 1.012716e+03
9.3 1.025460e+03 1.030447e+03 1.031007e+03 1.026020e+03
10.3 1.021625e+03 1.031823e+03 1.033303e+03 1.023105e+03
11.3 1.006243e+03 1.034282e+03 1.034468e+03 1.006429e+03
12.3 1.008924e+03 1.037459e+03 1.034923e+03 1.006388e+03
13.3 9.982081e+02 1.037402e+03 1.034971e+03 9.957776e+02
14.3 9.916393e+02 1.033912e+03 1.034806e+03 9.925337e+02
15.3 9.781528e+02 1.032267e+03 1.034569e+03 9.804551e+02
16.3 9.774889e+02 1.034490e+03 1.034349e+03 9.773478e+02
17.3 1.022848e+03 1.034846e+03 1.034184e+03 1.022186e+03
18.3 1.028230e+03 1.031394e+03 1.034078e+03 1.030914e+03
19.3 1.063740e+03 1.031331e+03 1.034017e+03 1.066426e+03
20.3 1.046585e+03 1.033724e+03 1.033985e+03 1.046846e+03
0.2 9.829260e+02 1.023322e+03 1.027819e+03 9.874226e+02
1.2 1.019965e+03 1.022110e+03 1.029988e+03 1.027843e+03
2.2 9.821696e+02 1.019999e+03 1.026819e+03 9.889899e+02
3.2 9.996963e+02 1.021754e+03 1.025039e+03 1.002981e+03
4.2 1.012022e+03 1.026903e+03 1.027597e+03 1.012716e+03
5.2 1.025460e+03 1.030447e+03 1.031007e+03 1.026020e+03
6.2 1.021625e+03 1.031823e+03 1.033303e+03 1.023105e+03
7.2 1.006243e+03 1.034282e+03 1.034468e+03 1.006429e+03
8.2 1.008924e+03 1.037459e+03 1.034923e+03 1.006388e+03
9.2 9.982081e+02 1.037402e+03 1.034971e+03 9.957776e+02
10.2 9.916393e+02 1.033912e+03 1.034806e+03 9.925337e+02
11.2 9.781528e+02 1.032267e+03 1.034569e+03 9.804551e+02
12.2 9.774889e+02 1.034490e+03 1.034349e+03 9.773478e+02
13.2 1.022848e+03 1.034846e+03 1.034184e+03 1.022186e+03
14.2 1.028230e+03 1.031394e+03 1.034078e+03 1.030914e+03
15.2 1.063740e+03 1.031331e+03 1.034017e+03 1.066426e+03
16.2 1.046585e+03 1.033724e+03 1.033985e+03 1.046846e+03
17.2 1.029833e+03 1.031902e+03 1.033970e+03 1.031901e+03
18.2 1.030671e+03 1.027598e+03 1.033963e+03 1.037036e+03
19.2 1.006792e+03 1.028590e+03 1.033960e+03 1.012163e+03
20.2 1.029658e+03 1.032819e+03 1.033959e+03 1.030799e+03
0.2 1.009720e+03 1.031323e+03 1.033959e+03 1.012355e+03
1.2 1.026178e+03 1.027998e+03 1.032988e+03 1.031167e+03
2.2 1.027154e+03 1.023473e+03 1.027634e+03 1.031316e+03
3.2 1.015202e+03 1.021579e+03 1.024852e+03 1.018475e+03
4.2 9.988514e+02 1.022324e+03 1.025584e+03 1.002112e+03
5.2 9.888932e+02 1.021349e+03 1.023326e+03 9.908706e+02
6.2 1.030605e+03 1.023511e+03 1.023570e+03 1.030664e+03
7.2 1.028256e+03 1.028721e+03 1.027352e+03 1.026888e+03
8.2 1.028112e+03 1.033256e+03 1.031208e+03 1.026065e+03
9.2 1.052588e+03 1.034677e+03 1.033630e+03 1.051541e+03
10.2 1.014143e+03 1.032581e+03 1.034794e+03 1.016356e+03
11.2 1.027784e+03 1.030277e+03 1.035178e+03 1.032685e+03
12.2 9.981166e+02 1.032127e+03 1.035133e+03 1.001123e+03
13.2 1.017027e+03 1.035468e+03 1.034889e+03 1.016448e+03
0.4 1.015202e+03 1.021579e+03 1.024852e+03 1.018475e+03
1.4 9.988514e+02 1.022324e+03 1.025584e+03 1.002112e+03
2.4 9.888932e+02 1.021349e+03 1.023326e+03 9.908706e+02
3.4 1.030605e+03 1.023511e+03 1.023570e+03 1.030664e+03
4.4 1.028256e+03 1.028721e+03 1.027352e+03 1.026888e+03
5.4 1.028112e+03 1.033256e+03 1.031208e+03 1.026065e+03
6.4 1.052588e+03 1.034677e+03 1.033630e+03 1.051541e+03
7.4 1.014143e+03 1.032581e+03 1.034794e+03 1.016356e+03
8.4 1.027784e+03 1.030277e+03 1.035178e+03 1.032685e+03
9.4 9.981166e+02 1.032127e+03 1.035133e+03 1.001123e+03
10.4 1.017027e+03 1.035468e+03 1.034889e+03 1.016448e+03
