0.7 1.041177e+04 1.040040e+04 1.039852e+04 1.040989e+04
1.7 1.043379e+04 1.040318e+04 1.040142e+04 1.043203e+04
2.7 1.044147e+04 1.041075e+04 1.041038e+04 1.044109e+04
3.7 1.043887e+04 1.041645e+04 1.041623e+04 1.043865e+04
4.7 1.042858e+04 1.041564e+04 1.041317e+04 1.042611e+04
5.7 1.042207e+04 1.041186e+04 1.040906e+04 1.041927e+04
6.7 1.041897e+04 1.041242e+04 1.041121e+04 1.041776e+04
7.7 1.042814e+04 1.041299e+04 1.041135e+04 1.042651e+04
8.7 1.043504e+04 1.040970e+04 1.040675e+04 1.043209e+04
9.7 1.043390e+04 1.040383e+04 1.040177e+04 1.043184e+04
10.7 1.043805e+04 1.040233e+04 1.039866e+04 1.043437e+04
11.7 1.042572e+04 1.040949e+04 1.039721e+04 1.041343e+04
12.7 1.042743e+04 1.041534e+04 1.039676e+04 1.040886e+04
13.7 1.041697e+04 1.041424e+04 1.039685e+04 1.039957e+04
14.7 1.043861e+04 1.040832e+04 1.039719e+04 1.042747e+04
15.7 1.047816e+04 1.040651e+04 1.039757e+04 1.046922e+04
16.7 1.044736e+04 1.041040e+04 1.039791e+04 1.043487e+04
17.7 1.043440e+04 1.041260e+04 1.039815e+04 1.041995e+04
18.7 1.041447e+04 1.041122e+04 1.039830e+04 1.040156e+04
19.7 1.037051e+04 1.041407e+04 1.039838e+04 1.035482e+04
20.7 1.040366e+04 1.041804e+04 1.039843e+04 1.038404e+04
21.7 1.039836e+04 1.041692e+04 1.039885e+04 1.038029e+04
0.6 1.042858e+04 1.041564e+04 1.041317e+04 1.042611e+04
1.6 1.042207e+04 1.041186e+04 1.040906e+04 1.041927e+04
2.6 1.041897e+04 1.041242e+04 1.041121e+04 1.041776e+04
3.6 1.042814e+04 1.041299e+04 1.041135e+04 1.042651e+04
4.6 1.043504e+04 1.040970e+04 1.040675e+04 1.043209e+04
5.6 1.043390e+04 1.040383e+04 1.040177e+04 1.043184e+04
6.6 1.043805e+04 1.040233e+04 1.039866e+04 1.043437e+04
7.6 1.042572e+04 1.040949e+04 1.039721e+04 1.041343e+04
8.6 1.042743e+04 1.041534e+04 1.039676e+04 1.040886e+04
9.6 1.041697e+04 1.041424e+04 1.039685e+04 1.039957e+04
10.6 1.043861e+04 1.040832e+04 1.039719e+04 1.042747e+04
11.6 1.047816e+04 1.040651e+04 1.039757e+04 1.046922e+04
12.6 1.044736e+04 1.041040e+04 1.039791e+04 1.043487e+04
13.6 1.043440e+04 1.041260e+04 1.039815e+04 1.041995e+04
14.6 1.041447e+04 1.041122e+04 1.039830e+04 1.040156e+04
15.6 1.037051e+04 1.041407e+04 1.039838e+04 1.035482e+04
16.6 1.040366e+04 1.041804e+04 1.039843e+04 1.038404e+04
17.6 1.039836e+04 1.041692e+04 1.039885e+04 1.038029e+04
18.6 1.039105e+04 1.041544e+04 1.040400e+04 1.037961e+04
19.6 1.040743e+04 1.041841e+04 1.041442e+04 1.040344e+04
20.6 1.041570e+04 1.042023e+04 1.042091e+04 1.041638e+04
21.6 1.041547e+04 1.041674e+04 1.041727e+04 1.041601e+04
0.1 1.040366e+04 1.041804e+04 1.039843e+04 1.038404e+04
1.1 1.039836e+04 1.041692e+04 1.039885e+04 1.038029e+04
2.1 1.039105e+04 1.041544e+04 1.040400e+04 1.037961e+04
3.1 1.040743e+04 1.041841e+04 1.041442e+04 1.040344e+04
4.1 1.041570e+04 1.042023e+04 1.042091e+04 1.041638e+04
5.1 1.041547e+04 1.041674e+04 1.041727e+04 1.041601e+04
6.1 1.042173e+04 1.040778e+04 1.040932e+04 1.042327e+04
7.1 1.041758e+04 1.039650e+04 1.040278e+04 1.042386e+04
8.1 1.042511e+04 1.038898e+04 1.039887e+04 1.043501e+04
9.1 1.041193e+04 1.039009e+04 1.039697e+04 1.041881e+04
10.1 1.041550e+04 1.039373e+04 1.039635e+04 1.041813e+04
11.1 1.040365e+04 1.039281e+04 1.039647e+04 1.040731e+04
12.1 1.041340e+04 1.038819e+04 1.039693e+04 1.042214e+04
13.1 1.042645e+04 1.038611e+04 1.039743e+04 1.043778e+04
14.1 1.044736e+04 1.039107e+04 1.039784e+04 1.045414e+04
15.1 1.047005e+04 1.039618e+04 1.039812e+04 1.047200e+04
16.1 1.044467e+04 1.039794e+04 1.039829e+04 1.044501e+04
17.1 1.041506e+04 1.039796e+04 1.039838e+04 1.041548e+04
18.1 1.039142e+04 1.039750e+04 1.039843e+04 1.039235e+04
19.1 1.039438e+04 1.039495e+04 1.039845e+04 1.039788e+04
20.1 1.039740e+04 1.038955e+04 1.039846e+04 1.040630e+04
21.1 1.042714e+04 1.038897e+04 1.039846e+04 1.043663e+04
0.8 1.039870e+04 1.038919e+04 1.039857e+04 1.040808e+04
1.8 1.040777e+04 1.039817e+04 1.040195e+04 1.041156e+04
2.8 1.043817e+04 1.040831e+04 1.040903e+04 1.043889e+04
3.8 1.044250e+04 1.041292e+04 1.041048e+04 1.044006e+04
4.8 1.044301e+04 1.041016e+04 1.040670e+04 1.043956e+04
5.8 1.039116e+04 1.040121e+04 1.040247e+04 1.039242e+04
6.8 1.037308e+04 1.039136e+04 1.039966e+04 1.038139e+04
7.8 1.036231e+04 1.038790e+04 1.039814e+04 1.037256e+04
8.8 1.036784e+04 1.039278e+04 1.039826e+04 1.037331e+04
9.8 1.038374e+04 1.040276e+04 1.040447e+04 1.038545e+04
10.8 1.044378e+04 1.041447e+04 1.041520e+04 1.044451e+04
11.8 1.045961e+04 1.042028e+04 1.042026e+04 1.045959e+04
12.8 1.046026e+04 1.041810e+04 1.041556e+04 1.045772e+04
13.8 1.042320e+04 1.040907e+04 1.040777e+04 1.042190e+04
14.8 1.039165e+04 1.040019e+04 1.040180e+04 1.039327e+04
15.8 1.037212e+04 1.039808e+04 1.039836e+04 1.037241e+04
16.8 1.038156e+04 1.039761e+04 1.039676e+04 1.038072e+04
17.8 1.038222e+04 1.039642e+04 1.039632e+04 1.038212e+04
18.8 1.039326e+04 1.039547e+04 1.039653e+04 1.039433e+04
19.8 1.040704e+04 1.039517e+04 1.039701e+04 1.040888e+04
20.8 1.040381e+04 1.039542e+04 1.039766e+04 1.040605e+04
21.8 1.040301e+04 1.039944e+04 1.040184e+04 1.040541e+04
0.3 1.036231e+04 1.038790e+04 1.039814e+04 1.037256e+04
1.3 1.036784e+04 1.039278e+04 1.039826e+04 1.037331e+04
2.3 1.038374e+04 1.040276e+04 1.040447e+04 1.038545e+04
3.3 1.044378e+04 1.041447e+04 1.041520e+04 1.044451e+04
4.3 1.045961e+04 1.042028e+04 1.042026e+04 1.045959e+04
5.3 1.046026e+04 1.041810e+04 1.041556e+04 1.045772e+04
6.3 1.042320e+04 1.040907e+04 1.040777e+04 1.042190e+04
7.3 1.039165e+04 1.040019e+04 1.040180e+04 1.039327e+04
8.3 1.037212e+04 1.039808e+04 1.039836e+04 1.037241e+04
9.3 1.038156e+04 1.039761e+04 1.039676e+04 1.038072e+04
10.3 1.038222e+04 1.039642e+04 1.039632e+04 1.038212e+04
11.3 1.039326e+04 1.039547e+04 1.039653e+04 1.039433e+04
12.3 1.040704e+04 1.039517e+04 1.039701e+04 1.040888e+04
13.3 1.040381e+04 1.039542e+04 1.039766e+04 1.040605e+04
14.3 1.040301e+04 1.039944e+04 1.040184e+04 1.040541e+04
15.3 1.040917e+04 1.040898e+04 1.041141e+04 1.041159e+04
16.3 1.041934e+04 1.041513e+04 1.041611e+04 1.042032e+04
17.3 1.041231e+04 1.041420e+04 1.041221e+04 1.041032e+04
18.3 1.040709e+04 1.040721e+04 1.040589e+04 1.040577e+04
19.3 1.038923e+04 1.039864e+04 1.040116e+04 1.039175e+04
20.3 1.037750e+04 1.039627e+04 1.039846e+04 1.037969e+04
21.3 1.037260e+04 1.039730e+04 1.039719e+04 1.037249e+04
0.9 1.040381e+04 1.039542e+04 1.039766e+04 1.040605e+04
1.9 1.040301e+04 1.039944e+04 1.040184e+04 1.040541e+04
2.9 1.040917e+04 1.040898e+04 1.041141e+04 1.041159e+04
3.9 1.041934e+04 1.041513e+04 1.041611e+04 1.042032e+04
4.9 1.041231e+04 1.041420e+04 1.041221e+04 1.041032e+04
5.9 1.040709e+04 1.040721e+04 1.040589e+04 1.040577e+04
6.9 1.038923e+04 1.039864e+04 1.040116e+04 1.039175e+04
7.9 1.037750e+04 1.039627e+04 1.039846e+04 1.037969e+04
8.9 1.037260e+04 1.039730e+04 1.039719e+04 1.037249e+04
9.9 1.037621e+04 1.039960e+04 1.039682e+04 1.037343e+04
10.9 1.040493e+04 1.040683e+04 1.039697e+04 1.039507e+04
11.9 1.042600e+04 1.041270e+04 1.039734e+04 1.041065e+04
12.9 1.042887e+04 1.041234e+04 1.039773e+04 1.041427e+04
13.9 1.040506e+04 1.040686e+04 1.039803e+04 1.039624e+04
14.9 1.038660e+04 1.040111e+04 1.039823e+04 1.038372e+04
15.9 1.038227e+04 1.039730e+04 1.039835e+04 1.038332e+04
16.9 1.040542e+04 1.039532e+04 1.039841e+04 1.040851e+04
17.9 1.041800e+04 1.039390e+04 1.039844e+04 1.042254e+04
18.9 1.041591e+04 1.039038e+04 1.039845e+04 1.042399e+04
19.9 1.039172e+04 1.038989e+04 1.039846e+04 1.040028e+04
20.9 1.037217e+04 1.039433e+04 1.039846e+04 1.037630e+04
21.9 1.037205e+04 1.039723e+04 1.039846e+04 1.037329e+04
0.9 1.039108e+04 1.039472e+04 1.039861e+04 1.039498e+04
1.9 1.039816e+04 1.039904e+04 1.040240e+04 1.040151e+04
2.9 1.040614e+04 1.040936e+04 1.041226e+04 1.040904e+04
3.9 1.042637e+04 1.041811e+04 1.042044e+04 1.042869e+04
4.9 1.044342e+04 1.041899e+04 1.041861e+04 1.044304e+04
5.9 1.041742e+04 1.041213e+04 1.041091e+04 1.041620e+04
6.9 1.040562e+04 1.040084e+04 1.040387e+04 1.040865e+04
7.9 1.039140e+04 1.039190e+04 1.039947e+04 1.039896e+04
8.9 1.037673e+04 1.039137e+04 1.039723e+04 1.038259e+04
9.9 1.037823e+04 1.039467e+04 1.039640e+04 1.037996e+04
10.9 1.039549e+04 1.039614e+04 1.039641e+04 1.039575e+04
11.9 1.042012e+04 1.039626e+04 1.039683e+04 1.042069e+04
12.9 1.043035e+04 1.039568e+04 1.039734e+04 1.043200e+04
13.9 1.042018e+04 1.039237e+04 1.039777e+04 1.042558e+04
14.9 1.041038e+04 1.039150e+04 1.039808e+04 1.041696e+04
15.9 1.038216e+04 1.039632e+04 1.039827e+04 1.038410e+04
16.9 1.038193e+04 1.039728e+04 1.039837e+04 1.038302e+04
17.9 1.037592e+04 1.039364e+04 1.039842e+04 1.038070e+04
18.9 1.038413e+04 1.039469e+04 1.039844e+04 1.038788e+04
19.9 1.039684e+04 1.039772e+04 1.039845e+04 1.039757e+04
20.9 1.038571e+04 1.039847e+04 1.039846e+04 1.038570e+04
21.9 1.037809e+04 1.039725e+04 1.039846e+04 1.037930e+04
0.2 1.039583e+04 1.039533e+04 1.039846e+04 1.039897e+04
1.2 1.042056e+04 1.039848e+04 1.039917e+04 1.042125e+04
2.2 1.040856e+04 1.040480e+04 1.040530e+04 1.040906e+04
3.2 1.039840e+04 1.041357e+04 1.041436e+04 1.039918e+04
4.2 1.038768e+04 1.041756e+04 1.041560e+04 1.038572e+04
5.2 1.038374e+04 1.041484e+04 1.041006e+04 1.037896e+04
6.2 1.037012e+04 1.040788e+04 1.040410e+04 1.036635e+04
7.2 1.037380e+04 1.040423e+04 1.040300e+04 1.037257e+04
8.2 1.038950e+04 1.040930e+04 1.041011e+04 1.039031e+04
9.2 1.038732e+04 1.041647e+04 1.041834e+04 1.038919e+04
10.2 1.039177e+04 1.041761e+04 1.041779e+04 1.039196e+04
11.2 1.041412e+04 1.041580e+04 1.041069e+04 1.040902e+04
12.2 1.040362e+04 1.041855e+04 1.040374e+04 1.038881e+04
13.2 1.041154e+04 1.042292e+04 1.039933e+04 1.038795e+04
14.2 1.041161e+04 1.042137e+04 1.039709e+04 1.038733e+04
15.2 1.038473e+04 1.041423e+04 1.039627e+04 1.036677e+04
16.2 1.037758e+04 1.040531e+04 1.039629e+04 1.036855e+04
17.2 1.036946e+04 1.039849e+04 1.039671e+04 1.036768e+04
18.2 1.038643e+04 1.039472e+04 1.039725e+04 1.038896e+04
19.2 1.038870e+04 1.039267e+04 1.039771e+04 1.039374e+04
20.2 1.040660e+04 1.038975e+04 1.039804e+04 1.041488e+04
21.2 1.037673e+04 1.038812e+04 1.039824e+04 1.038685e+04
0.7 1.037012e+04 1.040788e+04 1.040410e+04 1.036635e+04
1.7 1.037380e+04 1.040423e+04 1.040300e+04 1.037257e+04
2.7 1.038950e+04 1.040930e+04 1.041011e+04 1.039031e+04
3.7 1.038732e+04 1.041647e+04 1.041834e+04 1.038919e+04
4.7 1.039177e+04 1.041761e+04 1.041779e+04 1.039196e+04
5.7 1.041412e+04 1.041580e+04 1.041069e+04 1.040902e+04
6.7 1.040362e+04 1.041855e+04 1.040374e+04 1.038881e+04
7.7 1.041154e+04 1.042292e+04 1.039933e+04 1.038795e+04
8.7 1.041161e+04 1.042137e+04 1.039709e+04 1.038733e+04
9.7 1.038473e+04 1.041423e+04 1.039627e+04 1.036677e+04
10.7 1.037758e+04 1.040531e+04 1.039629e+04 1.036855e+04
11.7 1.036946e+04 1.039849e+04 1.039671e+04 1.036768e+04
12.7 1.038643e+04 1.039472e+04 1.039725e+04 1.038896e+04
13.7 1.038870e+04 1.039267e+04 1.039771e+04 1.039374e+04
14.7 1.040660e+04 1.038975e+04 1.039804e+04 1.041488e+04
15.7 1.037673e+04 1.038812e+04 1.039824e+04 1.038685e+04
16.7 1.038028e+04 1.039314e+04 1.039836e+04 1.038550e+04
17.7 1.038595e+04 1.039819e+04 1.039841e+04 1.038617e+04
18.7 1.038138e+04 1.039922e+04 1.039844e+04 1.038060e+04
19.7 1.038783e+04 1.039839e+04 1.039845e+04 1.038789e+04
20.7 1.036957e+04 1.039671e+04 1.039846e+04 1.037132e+04
21.7 1.036201e+04 1.039305e+04 1.039846e+04 1.036742e+04
0.7 1.037521e+04 1.039813e+04 1.039849e+04 1.037557e+04
1.7 1.038874e+04 1.040167e+04 1.040091e+04 1.038798e+04
2.7 1.039890e+04 1.040975e+04 1.040974e+04 1.039889e+04
3.7 1.038157e+04 1.041855e+04 1.041934e+04 1.038236e+04
4.7 1.037468e+04 1.042042e+04 1.041984e+04 1.037410e+04
5.7 1.038093e+04 1.041551e+04 1.041277e+04 1.037819e+04
6.7 1.038641e+04 1.040582e+04 1.040525e+04 1.038584e+04
7.7 1.038492e+04 1.039462e+04 1.040025e+04 1.039055e+04
8.7 1.037143e+04 1.038944e+04 1.039759e+04 1.037958e+04
9.7 1.036822e+04 1.039216e+04 1.039650e+04 1.037255e+04
10.7 1.039816e+04 1.039355e+04 1.039636e+04 1.040097e+04
11.7 1.037655e+04 1.039077e+04 1.039671e+04 1.038249e+04
12.7 1.038010e+04 1.039219e+04 1.039722e+04 1.038513e+04
13.7 1.035812e+04 1.039585e+04 1.039768e+04 1.035995e+04
14.7 1.034630e+04 1.039403e+04 1.039802e+04 1.035030e+04
15.7 1.035063e+04 1.038927e+04 1.039823e+04 1.035959e+04
16.7 1.035598e+04 1.039082e+04 1.039835e+04 1.036351e+04
17.7 1.037529e+04 1.039564e+04 1.039841e+04 1.037807e+04
18.7 1.040722e+04 1.039785e+04 1.039844e+04 1.040782e+04
19.7 1.041874e+04 1.039779e+04 1.039845e+04 1.041941e+04
20.7 1.042522e+04 1.039496e+04 1.039846e+04 1.042872e+04
21.7 1.040102e+04 1.038965e+04 1.039846e+04 1.040983e+04
