0.5 1.656230e+03 1.721554e+03 1.737685e+03 1.672361e+03
1.5 1.676415e+03 1.715554e+03 1.733526e+03 1.694387e+03
2.5 1.666210e+03 1.711468e+03 1.721270e+03 1.676012e+03
3.5 1.700915e+03 1.715636e+03 1.718053e+03 1.703331e+03
4.5 1.715239e+03 1.717237e+03 1.723554e+03 1.721555e+03
5.5 1.700002e+03 1.713952e+03 1.721502e+03 1.707551e+03
6.5 1.726236e+03 1.714893e+03 1.716174e+03 1.727516e+03
7.5 1.724528e+03 1.726282e+03 1.720454e+03 1.718700e+03
8.5 1.694717e+03 1.741163e+03 1.728739e+03 1.682294e+03
9.5 1.765350e+03 1.755645e+03 1.735012e+03 1.744717e+03
10.5 1.733286e+03 1.758458e+03 1.733644e+03 1.708472e+03
11.5 1.698745e+03 1.745077e+03 1.722884e+03 1.676552e+03
12.5 1.694991e+03 1.738065e+03 1.720672e+03 1.677598e+03
13.5 1.728421e+03 1.742864e+03 1.726579e+03 1.712136e+03
14.5 1.680946e+03 1.748001e+03 1.732870e+03 1.665816e+03
15.5 1.746138e+03 1.734279e+03 1.736826e+03 1.748685e+03
16.5 1.666665e+03 1.726148e+03 1.738826e+03 1.679343e+03
17.5 1.696832e+03 1.736429e+03 1.739604e+03 1.700007e+03
18.5 1.741155e+03 1.747660e+03 1.737295e+03 1.730789e+03
19.5 1.721715e+03 1.740157e+03 1.725039e+03 1.706596e+03
20.5 1.719620e+03 1.725293e+03 1.718808e+03 1.713136e+03
0.9 1.715239e+03 1.717237e+03 1.723554e+03 1.721555e+03
1.9 1.700002e+03 1.713952e+03 1.721502e+03 1.707551e+03
2.9 1.726236e+03 1.714893e+03 1.716174e+03 1.727516e+03
3.9 1.724528e+03 1.726282e+03 1.720454e+03 1.718700e+03
4.9 1.694717e+03 1.741163e+03 1.728739e+03 1.682294e+03
5.9 1.765350e+03 1.755645e+03 1.735012e+03 1.744717e+03
6.9 1.733286e+03 1.758458e+03 1.733644e+03 1.708472e+03
7.9 1.698745e+03 1.745077e+03 1.722884e+03 1.676552e+03
8.9 1.694991e+03 1.738065e+03 1.720672e+03 1.677598e+03
9.9 1.728421e+03 1.742864e+03 1.726579e+03 1.712136e+03
10.9 1.680946e+03 1.748001e+03 1.732870e+03 1.665816e+03
11.9 1.746138e+03 1.734279e+03 1.736826e+03 1.748685e+03
12.9 1.666665e+03 1.726148e+03 1.738826e+03 1.679343e+03
13.9 1.696832e+03 1.736429e+03 1.739604e+03 1.700007e+03
14.9 1.741155e+03 1.747660e+03 1.737295e+03 1.730789e+03
15.9 1.721715e+03 1.740157e+03 1.725039e+03 1.706596e+03
16.9 1.719620e+03 1.725293e+03 1.718808e+03 1.713136e+03
17.9 1.708905e+03 1.711380e+03 1.723246e+03 1.720771e+03
18.9 1.753847e+03 1.704231e+03 1.727990e+03 1.777606e+03
19.9 1.691451e+03 1.701825e+03 1.721157e+03 1.710784e+03
20.9 1.707128e+03 1.707003e+03 1.717815e+03 1.717940e+03
0.5 1.765350e+03 1.755645e+03 1.735012e+03 1.744717e+03
1.5 1.733286e+03 1.758458e+03 1.733644e+03 1.708472e+03
2.5 1.698745e+03 1.745077e+03 1.722884e+03 1.676552e+03
3.5 1.694991e+03 1.738065e+03 1.720672e+03 1.677598e+03
4.5 1.728421e+03 1.742864e+03 1.726579e+03 1.712136e+03
5.5 1.680946e+03 1.748001e+03 1.732870e+03 1.665816e+03
6.5 1.746138e+03 1.734279e+03 1.736826e+03 1.748685e+03
7.5 1.666665e+03 1.726148e+03 1.738826e+03 1.679343e+03
8.5 1.696832e+03 1.736429e+03 1.739604e+03 1.700007e+03
9.5 1.741155e+03 1.747660e+03 1.737295e+03 1.730789e+03
10.5 1.721715e+03 1.740157e+03 1.725039e+03 1.706596e+03
11.5 1.719620e+03 1.725293e+03 1.718808e+03 1.713136e+03
12.5 1.708905e+03 1.711380e+03 1.723246e+03 1.720771e+03
13.5 1.753847e+03 1.704231e+03 1.727990e+03 1.777606e+03
14.5 1.691451e+03 1.701825e+03 1.721157e+03 1.710784e+03
15.5 1.707128e+03 1.707003e+03 1.717815e+03 1.717940e+03
16.5 1.725647e+03 1.715189e+03 1.723784e+03 1.734243e+03
17.5 1.751458e+03 1.721686e+03 1.729951e+03 1.759723e+03
18.5 1.708386e+03 1.720682e+03 1.723886e+03 1.711591e+03
19.5 1.709531e+03 1.722475e+03 1.718897e+03 1.705952e+03
20.5 1.686651e+03 1.729316e+03 1.723690e+03 1.681025e+03
0.3 1.696832e+03 1.736429e+03 1.739604e+03 1.700007e+03
1.3 1.741155e+03 1.747660e+03 1.737295e+03 1.730789e+03
2.3 1.721715e+03 1.740157e+03 1.725039e+03 1.706596e+03
3.3 1.719620e+03 1.725293e+03 1.718808e+03 1.713136e+03
4.3 1.708905e+03 1.711380e+03 1.723246e+03 1.720771e+03
5.3 1.753847e+03 1.704231e+03 1.727990e+03 1.777606e+03
6.3 1.691451e+03 1.701825e+03 1.721157e+03 1.710784e+03
7.3 1.707128e+03 1.707003e+03 1.717815e+03 1.717940e+03
8.3 1.725647e+03 1.715189e+03 1.723784e+03 1.734243e+03
9.3 1.751458e+03 1.721686e+03 1.729951e+03 1.759723e+03
10.3 1.708386e+03 1.720682e+03 1.723886e+03 1.711591e+03
11.3 1.709531e+03 1.722475e+03 1.718897e+03 1.705952e+03
12.3 1.686651e+03 1.729316e+03 1.723690e+03 1.681025e+03
13.3 1.713151e+03 1.733400e+03 1.731030e+03 1.710781e+03
14.3 1.703351e+03 1.733488e+03 1.733573e+03 1.703436e+03
15.3 1.712567e+03 1.726295e+03 1.724191e+03 1.710463e+03
16.3 1.734774e+03 1.725864e+03 1.719839e+03 1.728749e+03
17.3 1.809875e+03 1.733976e+03 1.725017e+03 1.800916e+03
18.3 1.741257e+03 1.742334e+03 1.731825e+03 1.730748e+03
19.3 1.709682e+03 1.747535e+03 1.736366e+03 1.698513e+03
20.3 1.765270e+03 1.751202e+03 1.738700e+03 1.752768e+03
0.2 1.708905e+03 1.711380e+03 1.723246e+03 1.720771e+03
1.2 1.753847e+03 1.704231e+03 1.727990e+03 1.777606e+03
2.2 1.691451e+03 1.701825e+03 1.721157e+03 1.710784e+03
3.2 1.707128e+03 1.707003e+03 1.717815e+03 1.717940e+03
4.2 1.725647e+03 1.715189e+03 1.723784e+03 1.734243e+03
5.2 1.751458e+03 1.721686e+03 1.729951e+03 1.759723e+03
6.2 1.708386e+03 1.720682e+03 1.723886e+03 1.711591e+03
7.2 1.709531e+03 1.722475e+03 1.718897e+03 1.705952e+03
8.2 1.686651e+03 1.729316e+03 1.723690e+03 1.681025e+03
9.2 1.713151e+03 1.733400e+03 1.731030e+03 1.710781e+03
10.2 1.703351e+03 1.733488e+03 1.733573e+03 1.703436e+03
11.2 1.712567e+03 1.726295e+03 1.724191e+03 1.710463e+03
12.2 1.734774e+03 1.725864e+03 1.719839e+03 1.728749e+03
13.2 1.809875e+03 1.733976e+03 1.725017e+03 1.800916e+03
14.2 1.741257e+03 1.742334e+03 1.731825e+03 1.730748e+03
15.2 1.709682e+03 1.747535e+03 1.736366e+03 1.698513e+03
16.2 1.765270e+03 1.751202e+03 1.738700e+03 1.752768e+03
17.2 1.743016e+03 1.754811e+03 1.739644e+03 1.727848e+03
18.2 1.732004e+03 1.747519e+03 1.739763e+03 1.724248e+03
19.2 1.766286e+03 1.729039e+03 1.739436e+03 1.776683e+03
20.2 1.774766e+03 1.724516e+03 1.738951e+03 1.789201e+03
0.1 1.725647e+03 1.715189e+03 1.723784e+03 1.734243e+03
1.1 1.751458e+03 1.721686e+03 1.729951e+03 1.759723e+03
2.1 1.708386e+03 1.720682e+03 1.723886e+03 1.711591e+03
3.1 1.709531e+03 1.722475e+03 1.718897e+03 1.705952e+03
4.1 1.686651e+03 1.729316e+03 1.723690e+03 1.681025e+03
5.1 1.713151e+03 1.733400e+03 1.731030e+03 1.710781e+03
6.1 1.703351e+03 1.733488e+03 1.733573e+03 1.703436e+03
7.1 1.712567e+03 1.726295e+03 1.724191e+03 1.710463e+03
8.1 1.734774e+03 1.725864e+03 1.719839e+03 1.728749e+03
9.1 1.809875e+03 1.733976e+03 1.725017e+03 1.800916e+03
10.1 1.741257e+03 1.742334e+03 1.731825e+03 1.730748e+03
11.1 1.709682e+03 1.747535e+03 1.736366e+03 1.698513e+03
12.1 1.765270e+03 1.751202e+03 1.738700e+03 1.752768e+03
13.1 1.743016e+03 1.754811e+03 1.739644e+03 1.727848e+03
14.1 1.732004e+03 1.747519e+03 1.739763e+03 1.724248e+03
15.1 1.766286e+03 1.729039e+03 1.739436e+03 1.776683e+03
16.1 1.774766e+03 1.724516e+03 1.738951e+03 1.789201e+03
17.1 1.748367e+03 1.728829e+03 1.738497e+03 1.758035e+03
18.1 1.763293e+03 1.731247e+03 1.738158e+03 1.770204e+03
19.1 1.739840e+03 1.723804e+03 1.737940e+03 1.753977e+03
20.1 1.777444e+03 1.714449e+03 1.737816e+03 1.800812e+03
0.3 1.713151e+03 1.733400e+03 1.731030e+03 1.710781e+03
1.3 1.703351e+03 1.733488e+03 1.733573e+03 1.703436e+03
2.3 1.712567e+03 1.726295e+03 1.724191e+03 1.710463e+03
3.3 1.734774e+03 1.725864e+03 1.719839e+03 1.728749e+03
4.3 1.809875e+03 1.733976e+03 1.725017e+03 1.800916e+03
5.3 1.741257e+03 1.742334e+03 1.731825e+03 1.730748e+03
6.3 1.709682e+03 1.747535e+03 1.736366e+03 1.698513e+03
7.3 1.765270e+03 1.751202e+03 1.738700e+03 1.752768e+03
8.3 1.743016e+03 1.754811e+03 1.739644e+03 1.727848e+03
9.3 1.732004e+03 1.747519e+03 1.739763e+03 1.724248e+03
10.3 1.766286e+03 1.729039e+03 1.739436e+03 1.776683e+03
11.3 1.774766e+03 1.724516e+03 1.738951e+03 1.789201e+03
12.3 1.748367e+03 1.728829e+03 1.738497e+03 1.758035e+03
13.3 1.763293e+03 1.731247e+03 1.738158e+03 1.770204e+03
14.3 1.739840e+03 1.723804e+03 1.737940e+03 1.753977e+03
15.3 1.777444e+03 1.714449e+03 1.737816e+03 1.800812e+03
16.3 1.765278e+03 1.720359e+03 1.737751e+03 1.782670e+03
17.3 1.738944e+03 1.731686e+03 1.737720e+03 1.744979e+03
18.3 1.698453e+03 1.736737e+03 1.737707e+03 1.699422e+03
19.3 1.692430e+03 1.736457e+03 1.737701e+03 1.693674e+03
20.3 1.704014e+03 1.728280e+03 1.737698e+03 1.713432e+03
0.6 1.809286e+03 1.748245e+03 1.737637e+03 1.798678e+03
1.6 1.761787e+03 1.751012e+03 1.731920e+03 1.742694e+03
2.6 1.763547e+03 1.739333e+03 1.719998e+03 1.744213e+03
3.6 1.696473e+03 1.734957e+03 1.718557e+03 1.680073e+03
4.6 1.716530e+03 1.738669e+03 1.725095e+03 1.702957e+03
5.6 1.771028e+03 1.743309e+03 1.731776e+03 1.759495e+03
6.6 1.759684e+03 1.746273e+03 1.736069e+03 1.749480e+03
7.6 1.742341e+03 1.747825e+03 1.738350e+03 1.732866e+03
8.6 1.783579e+03 1.748801e+03 1.739319e+03 1.774097e+03
9.6 1.791029e+03 1.751055e+03 1.739469e+03 1.779443e+03
10.6 1.782042e+03 1.752886e+03 1.738331e+03 1.767487e+03
11.6 1.731332e+03 1.742507e+03 1.727764e+03 1.716588e+03
12.6 1.727128e+03 1.726175e+03 1.718558e+03 1.719511e+03
13.6 1.671197e+03 1.714232e+03 1.719727e+03 1.676692e+03
14.6 1.707631e+03 1.706693e+03 1.715713e+03 1.716651e+03
15.6 1.710782e+03 1.709543e+03 1.713879e+03 1.715118e+03
16.6 1.715316e+03 1.719149e+03 1.721049e+03 1.717216e+03
17.6 1.783414e+03 1.726722e+03 1.729938e+03 1.786629e+03
18.6 1.750669e+03 1.728419e+03 1.730938e+03 1.753189e+03
19.6 1.754874e+03 1.722571e+03 1.721916e+03 1.754219e+03
20.6 1.699432e+03 1.716165e+03 1.720931e+03 1.704198e+03
1.0 1.782042e+03 1.752886e+03 1.738331e+03 1.767487e+03
2.0 1.731332e+03 1.742507e+03 1.727764e+03 1.716588e+03
3.0 1.727128e+03 1.726175e+03 1.718558e+03 1.719511e+03
4.0 1.671197e+03 1.714232e+03 1.719727e+03 1.676692e+03
5.0 1.707631e+03 1.706693e+03 1.715713e+03 1.716651e+03
6.0 1.710782e+03 1.709543e+03 1.713879e+03 1.715118e+03
7.0 1.715316e+03 1.719149e+03 1.721049e+03 1.717216e+03
8.0 1.783414e+03 1.726722e+03 1.729938e+03 1.786629e+03
9.0 1.750669e+03 1.728419e+03 1.730938e+03 1.753189e+03
10.0 1.754874e+03 1.722571e+03 1.721916e+03 1.754219e+03
11.0 1.699432e+03 1.716165e+03 1.720931e+03 1.704198e+03
12.0 1.732170e+03 1.708701e+03 1.727322e+03 1.750791e+03
13.0 1.694800e+03 1.705170e+03 1.730048e+03 1.719678e+03
14.0 1.711909e+03 1.704626e+03 1.721590e+03 1.728874e+03
15.0 1.785554e+03 1.711056e+03 1.719443e+03 1.793941e+03
16.0 1.726497e+03 1.718217e+03 1.721877e+03 1.730157e+03
17.0 1.755025e+03 1.718643e+03 1.716550e+03 1.752932e+03
18.0 1.717019e+03 1.725013e+03 1.717326e+03 1.709333e+03
19.0 1.745481e+03 1.736401e+03 1.725277e+03 1.734356e+03
20.0 1.763932e+03 1.745461e+03 1.733003e+03 1.751475e+03
21.0 1.791201e+03 1.750220e+03 1.737683e+03 1.778664e+03
0.1 1.727128e+03 1.726175e+03 1.718558e+03 1.719511e+03
1.1 1.671197e+03 1.714232e+03 1.719727e+03 1.676692e+03
2.1 1.707631e+03 1.706693e+03 1.715713e+03 1.716651e+03
3.1 1.710782e+03 1.709543e+03 1.713879e+03 1.715118e+03
4.1 1.715316e+03 1.719149e+03 1.721049e+03 1.717216e+03
5.1 1.783414e+03 1.726722e+03 1.729938e+03 1.786629e+03
6.1 1.750669e+03 1.728419e+03 1.730938e+03 1.753189e+03
7.1 1.754874e+03 1.722571e+03 1.721916e+03 1.754219e+03
8.1 1.699432e+03 1.716165e+03 1.720931e+03 1.704198e+03
9.1 1.732170e+03 1.708701e+03 1.727322e+03 1.750791e+03
10.1 1.694800e+03 1.705170e+03 1.730048e+03 1.719678e+03
11.1 1.711909e+03 1.704626e+03 1.721590e+03 1.728874e+03
12.1 1.785554e+03 1.711056e+03 1.719443e+03 1.793941e+03
13.1 1.726497e+03 1.718217e+03 1.721877e+03 1.730157e+03
14.1 1.755025e+03 1.718643e+03 1.716550e+03 1.752932e+03
15.1 1.717019e+03 1.725013e+03 1.717326e+03 1.709333e+03
16.1 1.745481e+03 1.736401e+03 1.725277e+03 1.734356e+03
17.1 1.763932e+03 1.745461e+03 1.733003e+03 1.751475e+03
18.1 1.791201e+03 1.750220e+03 1.737683e+03 1.778664e+03
19.1 1.752574e+03 1.751657e+03 1.739835e+03 1.740751e+03
20.1 1.660445e+03 1.745618e+03 1.740461e+03 1.655288e+03
0.5 1.783414e+03 1.726722e+03 1.729938e+03 1.786629e+03
1.5 1.750669e+03 1.728419e+03 1.730938e+03 1.753189e+03
2.5 1.754874e+03 1.722571e+03 1.721916e+03 1.754219e+03
3.5 1.699432e+03 1.716165e+03 1.720931e+03 1.704198e+03
4.5 1.732170e+03 1.708701e+03 1.727322e+03 1.750791e+03
5.5 1.694800e+03 1.705170e+03 1.730048e+03 1.719678e+03
6.5 1.711909e+03 1.704626e+03 1.721590e+03 1.728874e+03
7.5 1.785554e+03 1.711056e+03 1.719443e+03 1.793941e+03
8.5 1.726497e+03 1.718217e+03 1.721877e+03 1.730157e+03
9.5 1.755025e+03 1.718643e+03 1.716550e+03 1.752932e+03
10.5 1.717019e+03 1.725013e+03 1.717326e+03 1.709333e+03
11.5 1.745481e+03 1.736401e+03 1.725277e+03 1.734356e+03
12.5 1.763932e+03 1.745461e+03 1.733003e+03 1.751475e+03
13.5 1.791201e+03 1.750220e+03 1.737683e+03 1.778664e+03
14.5 1.752574e+03 1.751657e+03 1.739835e+03 1.740751e+03
15.5 1.660445e+03 1.745618e+03 1.740461e+03 1.655288e+03
16.5 1.742058e+03 1.729949e+03 1.740198e+03 1.752307e+03
17.5 1.665225e+03 1.715953e+03 1.733909e+03 1.683181e+03
18.5 1.724518e+03 1.709385e+03 1.721355e+03 1.736488e+03
19.5 1.713802e+03 1.715023e+03 1.719388e+03 1.718167e+03
20.5 1.688219e+03 1.722094e+03 1.724457e+03 1.690582e+03
0.4 1.732170e+03 1.708701e+03 1.727322e+03 1.750791e+03
1.4 1.694800e+03 1.705170e+03 1.730048e+03 1.719678e+03
2.4 1.711909e+03 1.704626e+03 1.721590e+03 1.728874e+03
3.4 1.785554e+03 1.711056e+03 1.719443e+03 1.793941e+03
4.4 1.726497e+03 1.718217e+03 1.721877e+03 1.730157e+03
5.4 1.755025e+03 1.718643e+03 1.716550e+03 1.752932e+03
6.4 1.717019e+03 1.725013e+03 1.717326e+03 1.709333e+03
7.4 1.745481e+03 1.736401e+03 1.725277e+03 1.734356e+03
8.4 1.763932e+03 1.745461e+03 1.733003e+03 1.751475e+03
9.4 1.791201e+03 1.750220e+03 1.737683e+03 1.778664e+03
10.4 1.752574e+03 1.751657e+03 1.739835e+03 1.740751e+03
11.4 1.660445e+03 1.745618e+03 1.740461e+03 1.655288e+03
12.4 1.742058e+03 1.729949e+03 1.740198e+03 1.752307e+03
13.4 1.665225e+03 1.715953e+03 1.733909e+03 1.683181e+03
14.4 1.724518e+03 1.709385e+03 1.721355e+03 1.736488e+03
15.4 1.713802e+03 1.715023e+03 1.719388e+03 1.718167e+03
16.4 1.688219e+03 1.722094e+03 1.724457e+03 1.690582e+03
17.4 1.757217e+03 1.720743e+03 1.720272e+03 1.756747e+03
18.4 1.674866e+03 1.721525e+03 1.716264e+03 1.669605e+03
19.4 1.815853e+03 1.732495e+03 1.721838e+03 1.805196e+03
20.4 1.747358e+03 1.746768e+03 1.730043e+03 1.730633e+03
0.4 1.785554e+03 1.711056e+03 1.719443e+03 1.793941e+03
1.4 1.726497e+03 1.718217e+03 1.721877e+03 1.730157e+03
2.4 1.755025e+03 1.718643e+03 1.716550e+03 1.752932e+03
3.4 1.717019e+03 1.725013e+03 1.717326e+03 1.709333e+03
4.4 1.745481e+03 1.736401e+03 1.725277e+03 1.734356e+03
5.4 1.763932e+03 1.745461e+03 1.733003e+03 1.751475e+03
6.4 1.791201e+03 1.750220e+03 1.737683e+03 1.778664e+03
7.4 1.752574e+03 1.751657e+03 1.739835e+03 1.740751e+03
8.4 1.660445e+03 1.745618e+03 1.740461e+03 1.655288e+03
9.4 1.742058e+03 1.729949e+03 1.740198e+03 1.752307e+03
10.4 1.665225e+03 1.715953e+03 1.733909e+03 1.683181e+03
11.4 1.724518e+03 1.709385e+03 1.721355e+03 1.736488e+03
12.4 1.713802e+03 1.715023e+03 1.719388e+03 1.718167e+03
13.4 1.688219e+03 1.722094e+03 1.724457e+03 1.690582e+03
14.4 1.757217e+03 1.720743e+03 1.720272e+03 1.756747e+03
15.4 1.674866e+03 1.721525e+03 1.716264e+03 1.669605e+03
16.4 1.815853e+03 1.732495e+03 1.721838e+03 1.805196e+03
17.4 1.747358e+03 1.746768e+03 1.730043e+03 1.730633e+03
18.4 1.766439e+03 1.742184e+03 1.735818e+03 1.760073e+03
19.4 1.753787e+03 1.729366e+03 1.738802e+03 1.763223e+03
20.4 1.749230e+03 1.730019e+03 1.739976e+03 1.759186e+03
0.6 1.742058e+03 1.729949e+03 1.740198e+03 1.752307e+03
1.6 1.665225e+03 1.715953e+03 1.733909e+03 1.683181e+03
2.6 1.724518e+03 1.709385e+03 1.721355e+03 1.736488e+03
3.6 1.713802e+03 1.715023e+03 1.719388e+03 1.718167e+03
4.6 1.688219e+03 1.722094e+03 1.724457e+03 1.690582e+03
5.6 1.757217e+03 1.720743e+03 1.720272e+03 1.756747e+03
6.6 1.674866e+03 1.721525e+03 1.716264e+03 1.669605e+03
7.6 1.815853e+03 1.732495e+03 1.721838e+03 1.805196e+03
8.6 1.747358e+03 1.746768e+03 1.730043e+03 1.730633e+03
9.6 1.766439e+03 1.742184e+03 1.735818e+03 1.760073e+03
10.6 1.753787e+03 1.729366e+03 1.738802e+03 1.763223e+03
11.6 1.749230e+03 1.730019e+03 1.739976e+03 1.759186e+03
12.6 1.747327e+03 1.737651e+03 1.740123e+03 1.749800e+03
13.6 1.754759e+03 1.744061e+03 1.739744e+03 1.750443e+03
14.6 1.730001e+03 1.747657e+03 1.739181e+03 1.721525e+03
15.6 1.704905e+03 1.749710e+03 1.738652e+03 1.693847e+03
16.6 1.782937e+03 1.752183e+03 1.738128e+03 1.768881e+03
17.6 1.767980e+03 1.746763e+03 1.731160e+03 1.752377e+03
18.6 1.747461e+03 1.734059e+03 1.719509e+03 1.732912e+03
19.6 1.746496e+03 1.731640e+03 1.719009e+03 1.733865e+03
20.6 1.704130e+03 1.736739e+03 1.725764e+03 1.693155e+03
0.1 1.713802e+03 1.715023e+03 1.719388e+03 1.718167e+03
1.1 1.688219e+03 1.722094e+03 1.724457e+03 1.690582e+03
2.1 1.757217e+03 1.720743e+03 1.720272e+03 1.756747e+03
3.1 1.674866e+03 1.721525e+03 1.716264e+03 1.669605e+03
4.1 1.815853e+03 1.732495e+03 1.721838e+03 1.805196e+03
5.1 1.747358e+03 1.746768e+03 1.730043e+03 1.730633e+03
6.1 1.766439e+03 1.742184e+03 1.735818e+03 1.760073e+03
7.1 1.753787e+03 1.729366e+03 1.738802e+03 1.763223e+03
8.1 1.749230e+03 1.730019e+03 1.739976e+03 1.759186e+03
9.1 1.747327e+03 1.737651e+03 1.740123e+03 1.749800e+03
10.1 1.754759e+03 1.744061e+03 1.739744e+03 1.750443e+03
11.1 1.730001e+03 1.747657e+03 1.739181e+03 1.721525e+03
12.1 1.704905e+03 1.749710e+03 1.738652e+03 1.693847e+03
13.1 1.782937e+03 1.752183e+03 1.738128e+03 1.768881e+03
14.1 1.767980e+03 1.746763e+03 1.731160e+03 1.752377e+03
15.1 1.747461e+03 1.734059e+03 1.719509e+03 1.732912e+03
16.1 1.746496e+03 1.731640e+03 1.719009e+03 1.733865e+03
17.1 1.704130e+03 1.736739e+03 1.725764e+03 1.693155e+03
18.1 1.824568e+03 1.739379e+03 1.732253e+03 1.817442e+03
19.1 1.709525e+03 1.735760e+03 1.736337e+03 1.710101e+03
20.1 1.709953e+03 1.726215e+03 1.738478e+03 1.722215e+03
0.7 1.782937e+03 1.752183e+03 1.738128e+03 1.768881e+03
1.7 1.767980e+03 1.746763e+03 1.731160e+03 1.752377e+03
2.7 1.747461e+03 1.734059e+03 1.719509e+03 1.732912e+03
3.7 1.746496e+03 1.731640e+03 1.719009e+03 1.733865e+03
4.7 1.704130e+03 1.736739e+03 1.725764e+03 1.693155e+03
5.7 1.824568e+03 1.739379e+03 1.732253e+03 1.817442e+03
6.7 1.709525e+03 1.735760e+03 1.736337e+03 1.710101e+03
7.7 1.709953e+03 1.726215e+03 1.738478e+03 1.722215e+03
8.7 1.639242e+03 1.713442e+03 1.739358e+03 1.665157e+03
9.7 1.614160e+03 1.716441e+03 1.739457e+03 1.637176e+03
10.7 1.696165e+03 1.728979e+03 1.739147e+03 1.706332e+03
11.7 1.780747e+03 1.740028e+03 1.738713e+03 1.779432e+03
12.7 1.846354e+03 1.746665e+03 1.738327e+03 1.838016e+03
13.7 1.704711e+03 1.749885e+03 1.738050e+03 1.692876e+03
14.7 1.771563e+03 1.751558e+03 1.737879e+03 1.757883e+03
15.7 1.838229e+03 1.755884e+03 1.737784e+03 1.820129e+03
16.7 1.847065e+03 1.762385e+03 1.737728e+03 1.822408e+03
17.7 1.808205e+03 1.760753e+03 1.733836e+03 1.781288e+03
18.7 1.745336e+03 1.743960e+03 1.721560e+03 1.722937e+03
19.7 1.693965e+03 1.731356e+03 1.717977e+03 1.680586e+03
20.7 1.720600e+03 1.726973e+03 1.723812e+03 1.717438e+03
0.4 1.847065e+03 1.762385e+03 1.737728e+03 1.822408e+03
1.4 1.808205e+03 1.760753e+03 1.733836e+03 1.781288e+03
2.4 1.745336e+03 1.743960e+03 1.721560e+03 1.722937e+03
3.4 1.693965e+03 1.731356e+03 1.717977e+03 1.680586e+03
4.4 1.720600e+03 1.726973e+03 1.723812e+03 1.717438e+03
5.4 1.786728e+03 1.725567e+03 1.728214e+03 1.789375e+03
6.4 1.761767e+03 1.719177e+03 1.720909e+03 1.763498e+03
7.4 1.794653e+03 1.717878e+03 1.718081e+03 1.794855e+03
8.4 1.745914e+03 1.720183e+03 1.724278e+03 1.750009e+03
9.4 1.756172e+03 1.713050e+03 1.731696e+03 1.774819e+03
10.4 1.741956e+03 1.712970e+03 1.736524e+03 1.765510e+03
11.4 1.727006e+03 1.719697e+03 1.738531e+03 1.745839e+03
12.4 1.697583e+03 1.720820e+03 1.730767e+03 1.707530e+03
13.4 1.680456e+03 1.720452e+03 1.720597e+03 1.680600e+03
14.4 1.650326e+03 1.728895e+03 1.721681e+03 1.643112e+03
15.4 1.706615e+03 1.740570e+03 1.728287e+03 1.694332e+03
16.4 1.771206e+03 1.750743e+03 1.733922e+03 1.754385e+03
17.4 1.762926e+03 1.751942e+03 1.733115e+03 1.744099e+03
18.4 1.782380e+03 1.739762e+03 1.722521e+03 1.765139e+03
19.4 1.733593e+03 1.735825e+03 1.719895e+03 1.717663e+03
20.4 1.714490e+03 1.743481e+03 1.725807e+03 1.696815e+03
0.3 1.720600e+03 1.726973e+03 1.723812e+03 1.717438e+03
1.3 1.786728e+03 1.725567e+03 1.728214e+03 1.789375e+03
2.3 1.761767e+03 1.719177e+03 1.720909e+03 1.763498e+03
3.3 1.794653e+03 1.717878e+03 1.718081e+03 1.794855e+03
4.3 1.745914e+03 1.720183e+03 1.724278e+03 1.750009e+03
5.3 1.756172e+03 1.713050e+03 1.731696e+03 1.774819e+03
6.3 1.741956e+03 1.712970e+03 1.736524e+03 1.765510e+03
7.3 1.727006e+03 1.719697e+03 1.738531e+03 1.745839e+03
8.3 1.697583e+03 1.720820e+03 1.730767e+03 1.707530e+03
9.3 1.680456e+03 1.720452e+03 1.720597e+03 1.680600e+03
10.3 1.650326e+03 1.728895e+03 1.721681e+03 1.643112e+03
11.3 1.706615e+03 1.740570e+03 1.728287e+03 1.694332e+03
12.3 1.771206e+03 1.750743e+03 1.733922e+03 1.754385e+03
13.3 1.762926e+03 1.751942e+03 1.733115e+03 1.744099e+03
14.3 1.782380e+03 1.739762e+03 1.722521e+03 1.765139e+03
15.3 1.733593e+03 1.735825e+03 1.719895e+03 1.717663e+03
16.3 1.714490e+03 1.743481e+03 1.725807e+03 1.696815e+03
17.3 1.700541e+03 1.737566e+03 1.732360e+03 1.695334e+03
18.3 1.716833e+03 1.725659e+03 1.736550e+03 1.727724e+03
19.3 1.719629e+03 1.731154e+03 1.738683e+03 1.727158e+03
20.3 1.763536e+03 1.739807e+03 1.735387e+03 1.759116e+03
0.9 1.727006e+03 1.719697e+03 1.738531e+03 1.745839e+03
1.9 1.697583e+03 1.720820e+03 1.730767e+03 1.707530e+03
2.9 1.680456e+03 1.720452e+03 1.720597e+03 1.680600e+03
3.9 1.650326e+03 1.728895e+03 1.721681e+03 1.643112e+03
4.9 1.706615e+03 1.740570e+03 1.728287e+03 1.694332e+03
5.9 1.771206e+03 1.750743e+03 1.733922e+03 1.754385e+03
6.9 1.762926e+03 1.751942e+03 1.733115e+03 1.744099e+03
7.9 1.782380e+03 1.739762e+03 1.722521e+03 1.765139e+03
8.9 1.733593e+03 1.735825e+03 1.719895e+03 1.717663e+03
9.9 1.714490e+03 1.743481e+03 1.725807e+03 1.696815e+03
10.9 1.700541e+03 1.737566e+03 1.732360e+03 1.695334e+03
11.9 1.716833e+03 1.725659e+03 1.736550e+03 1.727724e+03
12.9 1.719629e+03 1.731154e+03 1.738683e+03 1.727158e+03
13.9 1.763536e+03 1.739807e+03 1.735387e+03 1.759116e+03
14.9 1.741030e+03 1.734198e+03 1.723216e+03 1.730048e+03
15.9 1.682063e+03 1.732139e+03 1.719668e+03 1.669593e+03
16.9 1.746458e+03 1.737451e+03 1.725174e+03 1.734180e+03
17.9 1.794803e+03 1.743419e+03 1.731682e+03 1.783066e+03
18.9 1.785336e+03 1.747105e+03 1.736009e+03 1.774240e+03
19.9 1.746362e+03 1.748815e+03 1.738333e+03 1.735880e+03
20.9 1.776390e+03 1.749368e+03 1.739344e+03 1.766365e+03
0.5 1.771206e+03 1.750743e+03 1.733922e+03 1.754385e+03
1.5 1.762926e+03 1.751942e+03 1.733115e+03 1.744099e+03
2.5 1.782380e+03 1.739762e+03 1.722521e+03 1.765139e+03
3.5 1.733593e+03 1.735825e+03 1.719895e+03 1.717663e+03
4.5 1.714490e+03 1.743481e+03 1.725807e+03 1.696815e+03
5.5 1.700541e+03 1.737566e+03 1.732360e+03 1.695334e+03
6.5 1.716833e+03 1.725659e+03 1.736550e+03 1.727724e+03
7.5 1.719629e+03 1.731154e+03 1.738683e+03 1.727158e+03
8.5 1.763536e+03 1.739807e+03 1.735387e+03 1.759116e+03
9.5 1.741030e+03 1.734198e+03 1.723216e+03 1.730048e+03
10.5 1.682063e+03 1.732139e+03 1.719668e+03 1.669593e+03
11.5 1.746458e+03 1.737451e+03 1.725174e+03 1.734180e+03
12.5 1.794803e+03 1.743419e+03 1.731682e+03 1.783066e+03
13.5 1.785336e+03 1.747105e+03 1.736009e+03 1.774240e+03
14.5 1.746362e+03 1.748815e+03 1.738333e+03 1.735880e+03
15.5 1.776390e+03 1.749368e+03 1.739344e+03 1.766365e+03
16.5 1.759734e+03 1.749056e+03 1.739529e+03 1.750208e+03
17.5 1.800732e+03 1.742642e+03 1.739257e+03 1.797347e+03
18.5 1.738769e+03 1.726483e+03 1.738821e+03 1.751106e+03
19.5 1.746022e+03 1.712086e+03 1.737439e+03 1.771375e+03
20.5 1.733483e+03 1.704204e+03 1.726739e+03 1.756018e+03
0.5 1.719629e+03 1.731154e+03 1.738683e+03 1.727158e+03
1.5 1.763536e+03 1.739807e+03 1.735387e+03 1.759116e+03
2.5 1.741030e+03 1.734198e+03 1.723216e+03 1.730048e+03
3.5 1.682063e+03 1.732139e+03 1.719668e+03 1.669593e+03
4.5 1.746458e+03 1.737451e+03 1.725174e+03 1.734180e+03
5.5 1.794803e+03 1.743419e+03 1.731682e+03 1.783066e+03
6.5 1.785336e+03 1.747105e+03 1.736009e+03 1.774240e+03
7.5 1.746362e+03 1.748815e+03 1.738333e+03 1.735880e+03
8.5 1.776390e+03 1.749368e+03 1.739344e+03 1.766365e+03
9.5 1.759734e+03 1.749056e+03 1.739529e+03 1.750208e+03
10.5 1.800732e+03 1.742642e+03 1.739257e+03 1.797347e+03
11.5 1.738769e+03 1.726483e+03 1.738821e+03 1.751106e+03
12.5 1.746022e+03 1.712086e+03 1.737439e+03 1.771375e+03
13.5 1.733483e+03 1.704204e+03 1.726739e+03 1.756018e+03
14.5 1.701268e+03 1.704897e+03 1.718046e+03 1.714417e+03
15.5 1.705686e+03 1.711567e+03 1.721045e+03 1.715164e+03
16.5 1.735809e+03 1.718576e+03 1.727400e+03 1.744633e+03
17.5 1.752481e+03 1.718962e+03 1.722945e+03 1.756465e+03
18.5 1.746366e+03 1.720705e+03 1.717457e+03 1.743118e+03
19.5 1.732085e+03 1.730651e+03 1.721952e+03 1.723387e+03
20.5 1.769615e+03 1.741247e+03 1.729768e+03 1.758136e+03
1.0 1.746022e+03 1.712086e+03 1.737439e+03 1.771375e+03
2.0 1.733483e+03 1.704204e+03 1.726739e+03 1.756018e+03
3.0 1.701268e+03 1.704897e+03 1.718046e+03 1.714417e+03
4.0 1.705686e+03 1.711567e+03 1.721045e+03 1.715164e+03
5.0 1.735809e+03 1.718576e+03 1.727400e+03 1.744633e+03
6.0 1.752481e+03 1.718962e+03 1.722945e+03 1.756465e+03
7.0 1.746366e+03 1.720705e+03 1.717457e+03 1.743118e+03
8.0 1.732085e+03 1.730651e+03 1.721952e+03 1.723387e+03
9.0 1.769615e+03 1.741247e+03 1.729768e+03 1.758136e+03
10.0 1.786772e+03 1.748193e+03 1.735466e+03 1.774046e+03
11.0 1.754123e+03 1.753067e+03 1.738482e+03 1.739539e+03
12.0 1.720594e+03 1.747483e+03 1.739736e+03 1.712847e+03
13.0 1.745392e+03 1.729921e+03 1.739976e+03 1.755447e+03
14.0 1.733840e+03 1.726757e+03 1.739671e+03 1.746754e+03
15.0 1.704446e+03 1.734504e+03 1.737591e+03 1.707532e+03
16.0 1.694996e+03 1.731494e+03 1.725799e+03 1.689302e+03
17.0 1.747109e+03 1.728193e+03 1.718236e+03 1.737152e+03
18.0 1.748283e+03 1.733617e+03 1.722026e+03 1.736693e+03
19.0 1.774941e+03 1.741519e+03 1.729129e+03 1.762551e+03
20.0 1.752727e+03 1.748610e+03 1.734374e+03 1.738491e+03
21.0 1.751550e+03 1.746294e+03 1.731062e+03 1.736318e+03
1.0 1.735809e+03 1.718576e+03 1.727400e+03 1.744633e+03
2.0 1.752481e+03 1.718962e+03 1.722945e+03 1.756465e+03
3.0 1.746366e+03 1.720705e+03 1.717457e+03 1.743118e+03
4.0 1.732085e+03 1.730651e+03 1.721952e+03 1.723387e+03
5.0 1.769615e+03 1.741247e+03 1.729768e+03 1.758136e+03
6.0 1.786772e+03 1.748193e+03 1.735466e+03 1.774046e+03
7.0 1.754123e+03 1.753067e+03 1.738482e+03 1.739539e+03
8.0 1.720594e+03 1.747483e+03 1.739736e+03 1.712847e+03
9.0 1.745392e+03 1.729921e+03 1.739976e+03 1.755447e+03
10.0 1.733840e+03 1.726757e+03 1.739671e+03 1.746754e+03
11.0 1.704446e+03 1.734504e+03 1.737591e+03 1.707532e+03
12.0 1.694996e+03 1.731494e+03 1.725799e+03 1.689302e+03
13.0 1.747109e+03 1.728193e+03 1.718236e+03 1.737152e+03
14.0 1.748283e+03 1.733617e+03 1.722026e+03 1.736693e+03
15.0 1.774941e+03 1.741519e+03 1.729129e+03 1.762551e+03
16.0 1.752727e+03 1.748610e+03 1.734374e+03 1.738491e+03
17.0 1.751550e+03 1.746294e+03 1.731062e+03 1.736318e+03
18.0 1.766891e+03 1.734890e+03 1.720882e+03 1.752883e+03
19.0 1.715044e+03 1.731591e+03 1.720591e+03 1.704044e+03
20.0 1.703934e+03 1.726991e+03 1.727173e+03 1.704115e+03
21.0 1.768153e+03 1.717027e+03 1.733342e+03 1.784468e+03
0.1 1.733840e+03 1.726757e+03 1.739671e+03 1.746754e+03
1.1 1.704446e+03 1.734504e+03 1.737591e+03 1.707532e+03
2.1 1.694996e+03 1.731494e+03 1.725799e+03 1.689302e+03
3.1 1.747109e+03 1.728193e+03 1.718236e+03 1.737152e+03
4.1 1.748283e+03 1.733617e+03 1.722026e+03 1.736693e+03
5.1 1.774941e+03 1.741519e+03 1.729129e+03 1.762551e+03
6.1 1.752727e+03 1.748610e+03 1.734374e+03 1.738491e+03
7.1 1.751550e+03 1.746294e+03 1.731062e+03 1.736318e+03
8.1 1.766891e+03 1.734890e+03 1.720882e+03 1.752883e+03
9.1 1.715044e+03 1.731591e+03 1.720591e+03 1.704044e+03
10.1 1.703934e+03 1.726991e+03 1.727173e+03 1.704115e+03
11.1 1.768153e+03 1.717027e+03 1.733342e+03 1.784468e+03
12.1 1.729842e+03 1.704980e+03 1.737074e+03 1.761935e+03
13.1 1.692747e+03 1.702347e+03 1.738923e+03 1.729324e+03
14.1 1.722609e+03 1.715775e+03 1.739608e+03 1.746442e+03
15.1 1.709481e+03 1.727680e+03 1.739592e+03 1.721393e+03
16.1 1.686457e+03 1.724346e+03 1.739219e+03 1.701330e+03
17.1 1.747065e+03 1.715296e+03 1.738281e+03 1.770049e+03
18.1 1.706334e+03 1.709320e+03 1.728891e+03 1.725905e+03
19.1 1.678895e+03 1.713174e+03 1.718637e+03 1.684358e+03
20.1 1.679937e+03 1.732061e+03 1.720219e+03 1.668095e+03
0.7 1.752727e+03 1.748610e+03 1.734374e+03 1.738491e+03
1.7 1.751550e+03 1.746294e+03 1.731062e+03 1.736318e+03
2.7 1.766891e+03 1.734890e+03 1.720882e+03 1.752883e+03
3.7 1.715044e+03 1.731591e+03 1.720591e+03 1.704044e+03
4.7 1.703934e+03 1.726991e+03 1.727173e+03 1.704115e+03
5.7 1.768153e+03 1.717027e+03 1.733342e+03 1.784468e+03
6.7 1.729842e+03 1.704980e+03 1.737074e+03 1.761935e+03
7.7 1.692747e+03 1.702347e+03 1.738923e+03 1.729324e+03
8.7 1.722609e+03 1.715775e+03 1.739608e+03 1.746442e+03
9.7 1.709481e+03 1.727680e+03 1.739592e+03 1.721393e+03
10.7 1.686457e+03 1.724346e+03 1.739219e+03 1.701330e+03
11.7 1.747065e+03 1.715296e+03 1.738281e+03 1.770049e+03
12.7 1.706334e+03 1.709320e+03 1.728891e+03 1.725905e+03
13.7 1.678895e+03 1.713174e+03 1.718637e+03 1.684358e+03
14.7 1.679937e+03 1.732061e+03 1.720219e+03 1.668095e+03
15.7 1.710616e+03 1.751637e+03 1.726885e+03 1.685864e+03
16.7 1.719984e+03 1.751853e+03 1.724217e+03 1.692348e+03
17.7 1.744080e+03 1.741057e+03 1.717606e+03 1.720629e+03
18.7 1.758848e+03 1.738902e+03 1.720908e+03 1.740854e+03
19.7 1.734345e+03 1.742498e+03 1.728723e+03 1.720571e+03
20.7 1.720478e+03 1.745890e+03 1.734834e+03 1.709422e+03
0.9 1.747065e+03 1.715296e+03 1.738281e+03 1.770049e+03
1.9 1.706334e+03 1.709320e+03 1.728891e+03 1.725905e+03
2.9 1.678895e+03 1.713174e+03 1.718637e+03 1.684358e+03
3.9 1.679937e+03 1.732061e+03 1.720219e+03 1.668095e+03
4.9 1.710616e+03 1.751637e+03 1.726885e+03 1.685864e+03
5.9 1.719984e+03 1.751853e+03 1.724217e+03 1.692348e+03
6.9 1.744080e+03 1.741057e+03 1.717606e+03 1.720629e+03
7.9 1.758848e+03 1.738902e+03 1.720908e+03 1.740854e+03
8.9 1.734345e+03 1.742498e+03 1.728723e+03 1.720571e+03
9.9 1.720478e+03 1.745890e+03 1.734834e+03 1.709422e+03
10.9 1.676573e+03 1.746532e+03 1.738182e+03 1.668223e+03
11.9 1.722036e+03 1.741425e+03 1.739633e+03 1.720244e+03
12.9 1.697566e+03 1.733017e+03 1.739984e+03 1.704533e+03
13.9 1.678186e+03 1.717505e+03 1.739734e+03 1.700414e+03
14.9 1.706406e+03 1.712874e+03 1.739232e+03 1.732764e+03
15.9 1.701315e+03 1.723058e+03 1.738715e+03 1.716973e+03
16.9 1.734069e+03 1.735511e+03 1.738304e+03 1.736861e+03
17.9 1.710811e+03 1.742428e+03 1.738027e+03 1.706410e+03
18.9 1.727309e+03 1.740602e+03 1.737863e+03 1.724570e+03
19.9 1.754455e+03 1.733236e+03 1.737775e+03 1.758994e+03
20.9 1.778669e+03 1.718188e+03 1.737731e+03 1.798212e+03
0.9 1.710616e+03 1.751637e+03 1.726885e+03 1.685864e+03
1.9 1.719984e+03 1.751853e+03 1.724217e+03 1.692348e+03
2.9 1.744080e+03 1.741057e+03 1.717606e+03 1.720629e+03
3.9 1.758848e+03 1.738902e+03 1.720908e+03 1.740854e+03
4.9 1.734345e+03 1.742498e+03 1.728723e+03 1.720571e+03
5.9 1.720478e+03 1.745890e+03 1.734834e+03 1.709422e+03
6.9 1.676573e+03 1.746532e+03 1.738182e+03 1.668223e+03
7.9 1.722036e+03 1.741425e+03 1.739633e+03 1.720244e+03
8.9 1.697566e+03 1.733017e+03 1.739984e+03 1.704533e+03
9.9 1.678186e+03 1.717505e+03 1.739734e+03 1.700414e+03
10.9 1.706406e+03 1.712874e+03 1.739232e+03 1.732764e+03
11.9 1.701315e+03 1.723058e+03 1.738715e+03 1.716973e+03
12.9 1.734069e+03 1.735511e+03 1.738304e+03 1.736861e+03
13.9 1.710811e+03 1.742428e+03 1.738027e+03 1.706410e+03
14.9 1.727309e+03 1.740602e+03 1.737863e+03 1.724570e+03
15.9 1.754455e+03 1.733236e+03 1.737775e+03 1.758994e+03
16.9 1.778669e+03 1.718188e+03 1.737731e+03 1.798212e+03
17.9 1.711105e+03 1.715934e+03 1.737711e+03 1.732882e+03
18.9 1.704204e+03 1.728994e+03 1.737703e+03 1.712913e+03
19.9 1.673638e+03 1.740474e+03 1.737699e+03 1.670864e+03
20.9 1.653491e+03 1.731500e+03 1.737698e+03 1.659689e+03
0.8 1.687715e+03 1.712202e+03 1.737416e+03 1.712929e+03
1.8 1.674488e+03 1.706476e+03 1.729383e+03 1.697395e+03
2.8 1.674562e+03 1.708180e+03 1.718673e+03 1.685055e+03
3.8 1.748663e+03 1.719167e+03 1.719535e+03 1.749031e+03
4.8 1.749400e+03 1.728583e+03 1.726530e+03 1.747347e+03
5.8 1.611926e+03 1.730373e+03 1.727392e+03 1.608945e+03
6.8 1.688818e+03 1.725426e+03 1.719196e+03 1.682587e+03
7.8 1.733154e+03 1.729749e+03 1.719375e+03 1.722779e+03
8.8 1.739669e+03 1.740196e+03 1.725735e+03 1.725209e+03
9.8 1.696520e+03 1.738108e+03 1.722369e+03 1.680781e+03
10.8 1.675312e+03 1.732383e+03 1.717582e+03 1.660511e+03
11.8 1.808827e+03 1.737467e+03 1.722329e+03 1.793689e+03
12.8 1.744342e+03 1.745945e+03 1.729354e+03 1.727751e+03
13.8 1.799952e+03 1.740788e+03 1.724901e+03 1.784065e+03
14.8 1.799998e+03 1.732541e+03 1.719044e+03 1.786501e+03
15.8 1.678650e+03 1.734379e+03 1.723064e+03 1.667335e+03
16.8 1.637129e+03 1.740224e+03 1.730466e+03 1.627371e+03
17.8 1.742224e+03 1.742133e+03 1.735868e+03 1.735959e+03
18.8 1.698075e+03 1.738985e+03 1.738697e+03 1.697787e+03
19.8 1.787342e+03 1.733571e+03 1.739845e+03 1.793616e+03
20.8 1.696896e+03 1.719102e+03 1.740028e+03 1.717822e+03
0.6 1.749400e+03 1.728583e+03 1.726530e+03 1.747347e+03
1.6 1.611926e+03 1.730373e+03 1.727392e+03 1.608945e+03
2.6 1.688818e+03 1.725426e+03 1.719196e+03 1.682587e+03
3.6 1.733154e+03 1.729749e+03 1.719375e+03 1.722779e+03
4.6 1.739669e+03 1.740196e+03 1.725735e+03 1.725209e+03
5.6 1.696520e+03 1.738108e+03 1.722369e+03 1.680781e+03
6.6 1.675312e+03 1.732383e+03 1.717582e+03 1.660511e+03
7.6 1.808827e+03 1.737467e+03 1.722329e+03 1.793689e+03
8.6 1.744342e+03 1.745945e+03 1.729354e+03 1.727751e+03
9.6 1.799952e+03 1.740788e+03 1.724901e+03 1.784065e+03
10.6 1.799998e+03 1.732541e+03 1.719044e+03 1.786501e+03
11.6 1.678650e+03 1.734379e+03 1.723064e+03 1.667335e+03
12.6 1.637129e+03 1.740224e+03 1.730466e+03 1.627371e+03
13.6 1.742224e+03 1.742133e+03 1.735868e+03 1.735959e+03
14.6 1.698075e+03 1.738985e+03 1.738697e+03 1.697787e+03
15.6 1.787342e+03 1.733571e+03 1.739845e+03 1.793616e+03
16.6 1.696896e+03 1.719102e+03 1.740028e+03 1.717822e+03
17.6 1.748680e+03 1.710946e+03 1.739695e+03 1.777429e+03
18.6 1.691412e+03 1.711418e+03 1.739166e+03 1.719160e+03
19.6 1.721150e+03 1.706391e+03 1.738653e+03 1.753412e+03
20.6 1.731389e+03 1.711167e+03 1.738258e+03 1.758480e+03
1.0 1.739669e+03 1.740196e+03 1.725735e+03 1.725209e+03
2.0 1.696520e+03 1.738108e+03 1.722369e+03 1.680781e+03
3.0 1.675312e+03 1.732383e+03 1.717582e+03 1.660511e+03
4.0 1.808827e+03 1.737467e+03 1.722329e+03 1.793689e+03
5.0 1.744342e+03 1.745945e+03 1.729354e+03 1.727751e+03
6.0 1.799952e+03 1.740788e+03 1.724901e+03 1.784065e+03
7.0 1.799998e+03 1.732541e+03 1.719044e+03 1.786501e+03
8.0 1.678650e+03 1.734379e+03 1.723064e+03 1.667335e+03
9.0 1.637129e+03 1.740224e+03 1.730466e+03 1.627371e+03
10.0 1.742224e+03 1.742133e+03 1.735868e+03 1.735959e+03
11.0 1.698075e+03 1.738985e+03 1.738697e+03 1.697787e+03
12.0 1.787342e+03 1.733571e+03 1.739845e+03 1.793616e+03
13.0 1.696896e+03 1.719102e+03 1.740028e+03 1.717822e+03
14.0 1.748680e+03 1.710946e+03 1.739695e+03 1.777429e+03
15.0 1.691412e+03 1.711418e+03 1.739166e+03 1.719160e+03
16.0 1.721150e+03 1.706391e+03 1.738653e+03 1.753412e+03
17.0 1.731389e+03 1.711167e+03 1.738258e+03 1.758480e+03
18.0 1.687581e+03 1.726004e+03 1.737998e+03 1.699575e+03
19.0 1.742751e+03 1.739509e+03 1.737847e+03 1.741089e+03
20.0 1.696568e+03 1.745546e+03 1.737767e+03 1.688789e+03
21.0 1.703979e+03 1.743768e+03 1.737727e+03 1.697939e+03
1.0 1.744342e+03 1.745945e+03 1.729354e+03 1.727751e+03
2.0 1.799952e+03 1.740788e+03 1.724901e+03 1.784065e+03
3.0 1.799998e+03 1.732541e+03 1.719044e+03 1.786501e+03
4.0 1.678650e+03 1.734379e+03 1.723064e+03 1.667335e+03
5.0 1.637129e+03 1.740224e+03 1.730466e+03 1.627371e+03
6.0 1.742224e+03 1.742133e+03 1.735868e+03 1.735959e+03
7.0 1.698075e+03 1.738985e+03 1.738697e+03 1.697787e+03
8.0 1.787342e+03 1.733571e+03 1.739845e+03 1.793616e+03
9.0 1.696896e+03 1.719102e+03 1.740028e+03 1.717822e+03
10.0 1.748680e+03 1.710946e+03 1.739695e+03 1.777429e+03
11.0 1.691412e+03 1.711418e+03 1.739166e+03 1.719160e+03
12.0 1.721150e+03 1.706391e+03 1.738653e+03 1.753412e+03
13.0 1.731389e+03 1.711167e+03 1.738258e+03 1.758480e+03
14.0 1.687581e+03 1.726004e+03 1.737998e+03 1.699575e+03
15.0 1.742751e+03 1.739509e+03 1.737847e+03 1.741089e+03
16.0 1.696568e+03 1.745546e+03 1.737767e+03 1.688789e+03
17.0 1.703979e+03 1.743768e+03 1.737727e+03 1.697939e+03
18.0 1.708812e+03 1.739251e+03 1.736739e+03 1.706300e+03
19.0 1.706740e+03 1.729407e+03 1.726337e+03 1.703670e+03
20.0 1.790943e+03 1.724103e+03 1.717835e+03 1.784675e+03
1.0 1.708812e+03 1.739251e+03 1.736739e+03 1.706300e+03
2.0 1.706740e+03 1.729407e+03 1.726337e+03 1.703670e+03
3.0 1.790943e+03 1.724103e+03 1.717835e+03 1.784675e+03
