0.5 4.832556e+03 4.911537e+03 4.893936e+03 4.814955e+03
1.5 4.857084e+03 4.908705e+03 4.911609e+03 4.859989e+03
2.5 4.936028e+03 4.942135e+03 4.963692e+03 4.957584e+03
3.5 4.957650e+03 4.944756e+03 4.977363e+03 4.990257e+03
4.5 4.974505e+03 4.924922e+03 4.953985e+03 5.003568e+03
5.5 4.869409e+03 4.936686e+03 4.962705e+03 4.895428e+03
6.5 4.930833e+03 4.955912e+03 4.985348e+03 4.960269e+03
7.5 4.914575e+03 4.933361e+03 4.967159e+03 4.948372e+03
8.5 4.849452e+03 4.896985e+03 4.931950e+03 4.884417e+03
9.5 4.806250e+03 4.873199e+03 4.905293e+03 4.838343e+03
10.5 4.939972e+03 4.881268e+03 4.911106e+03 4.969809e+03
11.5 5.024217e+03 4.926144e+03 4.956831e+03 5.054904e+03
12.5 5.047569e+03 4.933783e+03 4.966233e+03 5.080019e+03
13.5 4.963120e+03 4.909080e+03 4.941130e+03 4.995170e+03
14.5 4.937019e+03 4.899664e+03 4.914396e+03 4.951751e+03
15.5 4.951631e+03 4.960007e+03 4.897585e+03 4.889209e+03
16.5 5.027496e+03 4.987996e+03 4.889087e+03 4.928586e+03
17.5 4.976135e+03 4.954975e+03 4.885779e+03 4.906939e+03
18.5 4.858270e+03 4.920383e+03 4.895591e+03 4.833478e+03
19.5 4.910282e+03 4.938789e+03 4.947676e+03 4.919168e+03
20.5 4.933985e+03 4.951741e+03 4.974152e+03 4.956396e+03
0.9 4.974505e+03 4.924922e+03 4.953985e+03 5.003568e+03
1.9 4.869409e+03 4.936686e+03 4.962705e+03 4.895428e+03
2.9 4.930833e+03 4.955912e+03 4.985348e+03 4.960269e+03
3.9 4.914575e+03 4.933361e+03 4.967159e+03 4.948372e+03
4.9 4.849452e+03 4.896985e+03 4.931950e+03 4.884417e+03
5.9 4.806250e+03 4.873199e+03 4.905293e+03 4.838343e+03
6.9 4.939972e+03 4.881268e+03 4.911106e+03 4.969809e+03
7.9 5.024217e+03 4.926144e+03 4.956831e+03 5.054904e+03
8.9 5.047569e+03 4.933783e+03 4.966233e+03 5.080019e+03
9.9 4.963120e+03 4.909080e+03 4.941130e+03 4.995170e+03
10.9 4.937019e+03 4.899664e+03 4.914396e+03 4.951751e+03
11.9 4.951631e+03 4.960007e+03 4.897585e+03 4.889209e+03
12.9 5.027496e+03 4.987996e+03 4.889087e+03 4.928586e+03
13.9 4.976135e+03 4.954975e+03 4.885779e+03 4.906939e+03
14.9 4.858270e+03 4.920383e+03 4.895591e+03 4.833478e+03
15.9 4.910282e+03 4.938789e+03 4.947676e+03 4.919168e+03
16.9 4.933985e+03 4.951741e+03 4.974152e+03 4.956396e+03
17.9 4.890336e+03 4.937650e+03 4.955292e+03 4.907977e+03
18.9 4.812898e+03 4.923561e+03 4.935135e+03 4.824472e+03
19.9 4.870450e+03 4.947722e+03 4.964168e+03 4.886897e+03
20.9 4.997513e+03 4.952632e+03 4.978370e+03 5.023250e+03
0.5 4.806250e+03 4.873199e+03 4.905293e+03 4.838343e+03
1.5 4.939972e+03 4.881268e+03 4.911106e+03 4.969809e+03
2.5 5.024217e+03 4.926144e+03 4.956831e+03 5.054904e+03
3.5 5.047569e+03 4.933783e+03 4.966233e+03 5.080019e+03
4.5 4.963120e+03 4.909080e+03 4.941130e+03 4.995170e+03
5.5 4.937019e+03 4.899664e+03 4.914396e+03 4.951751e+03
6.5 4.951631e+03 4.960007e+03 4.897585e+03 4.889209e+03
7.5 5.027496e+03 4.987996e+03 4.889087e+03 4.928586e+03
8.5 4.976135e+03 4.954975e+03 4.885779e+03 4.906939e+03
9.5 4.858270e+03 4.920383e+03 4.895591e+03 4.833478e+03
10.5 4.910282e+03 4.938789e+03 4.947676e+03 4.919168e+03
11.5 4.933985e+03 4.951741e+03 4.974152e+03 4.956396e+03
12.5 4.890336e+03 4.937650e+03 4.955292e+03 4.907977e+03
13.5 4.812898e+03 4.923561e+03 4.935135e+03 4.824472e+03
14.5 4.870450e+03 4.947722e+03 4.964168e+03 4.886897e+03
15.5 4.997513e+03 4.952632e+03 4.978370e+03 5.023250e+03
16.5 4.944492e+03 4.920642e+03 4.953005e+03 4.976855e+03
17.5 4.882801e+03 4.891159e+03 4.926802e+03 4.918444e+03
18.5 4.824585e+03 4.915525e+03 4.952572e+03 4.861632e+03
19.5 4.956341e+03 4.937151e+03 4.973773e+03 4.992962e+03
20.5 4.973167e+03 4.925230e+03 4.953405e+03 5.001342e+03
0.3 4.976135e+03 4.954975e+03 4.885779e+03 4.906939e+03
1.3 4.858270e+03 4.920383e+03 4.895591e+03 4.833478e+03
2.3 4.910282e+03 4.938789e+03 4.947676e+03 4.919168e+03
3.3 4.933985e+03 4.951741e+03 4.974152e+03 4.956396e+03
4.3 4.890336e+03 4.937650e+03 4.955292e+03 4.907977e+03
5.3 4.812898e+03 4.923561e+03 4.935135e+03 4.824472e+03
6.3 4.870450e+03 4.947722e+03 4.964168e+03 4.886897e+03
7.3 4.997513e+03 4.952632e+03 4.978370e+03 5.023250e+03
8.3 4.944492e+03 4.920642e+03 4.953005e+03 4.976855e+03
9.3 4.882801e+03 4.891159e+03 4.926802e+03 4.918444e+03
10.3 4.824585e+03 4.915525e+03 4.952572e+03 4.861632e+03
11.3 4.956341e+03 4.937151e+03 4.973773e+03 4.992962e+03
12.3 4.973167e+03 4.925230e+03 4.953405e+03 5.001342e+03
13.3 4.963465e+03 4.910009e+03 4.922213e+03 4.975669e+03
14.3 4.939807e+03 4.908616e+03 4.911409e+03 4.942599e+03
15.3 4.894503e+03 4.943193e+03 4.951278e+03 4.902588e+03
16.3 4.962577e+03 4.950576e+03 4.969771e+03 4.981772e+03
17.3 4.852543e+03 4.919598e+03 4.947767e+03 4.880713e+03
18.3 4.820254e+03 4.885367e+03 4.918838e+03 4.853726e+03
19.3 4.877521e+03 4.863744e+03 4.899540e+03 4.913316e+03
20.3 4.965729e+03 4.857869e+03 4.889622e+03 4.997482e+03
0.2 4.890336e+03 4.937650e+03 4.955292e+03 4.907977e+03
1.2 4.812898e+03 4.923561e+03 4.935135e+03 4.824472e+03
2.2 4.870450e+03 4.947722e+03 4.964168e+03 4.886897e+03
3.2 4.997513e+03 4.952632e+03 4.978370e+03 5.023250e+03
4.2 4.944492e+03 4.920642e+03 4.953005e+03 4.976855e+03
5.2 4.882801e+03 4.891159e+03 4.926802e+03 4.918444e+03
6.2 4.824585e+03 4.915525e+03 4.952572e+03 4.861632e+03
7.2 4.956341e+03 4.937151e+03 4.973773e+03 4.992962e+03
8.2 4.973167e+03 4.925230e+03 4.953405e+03 5.001342e+03
9.2 4.963465e+03 4.910009e+03 4.922213e+03 4.975669e+03
10.2 4.939807e+03 4.908616e+03 4.911409e+03 4.942599e+03
11.2 4.894503e+03 4.943193e+03 4.951278e+03 4.902588e+03
12.2 4.962577e+03 4.950576e+03 4.969771e+03 4.981772e+03
13.2 4.852543e+03 4.919598e+03 4.947767e+03 4.880713e+03
14.2 4.820254e+03 4.885367e+03 4.918838e+03 4.853726e+03
15.2 4.877521e+03 4.863744e+03 4.899540e+03 4.913316e+03
16.2 4.965729e+03 4.857869e+03 4.889622e+03 4.997482e+03
17.2 5.012891e+03 4.865919e+03 4.885611e+03 5.032584e+03
18.2 4.954600e+03 4.910460e+03 4.885102e+03 4.929242e+03
19.2 5.013090e+03 4.984021e+03 4.886492e+03 4.915561e+03
20.2 4.983791e+03 4.986678e+03 4.888554e+03 4.885667e+03
0.1 4.944492e+03 4.920642e+03 4.953005e+03 4.976855e+03
1.1 4.882801e+03 4.891159e+03 4.926802e+03 4.918444e+03
2.1 4.824585e+03 4.915525e+03 4.952572e+03 4.861632e+03
3.1 4.956341e+03 4.937151e+03 4.973773e+03 4.992962e+03
4.1 4.973167e+03 4.925230e+03 4.953405e+03 5.001342e+03
5.1 4.963465e+03 4.910009e+03 4.922213e+03 4.975669e+03
6.1 4.939807e+03 4.908616e+03 4.911409e+03 4.942599e+03
7.1 4.894503e+03 4.943193e+03 4.951278e+03 4.902588e+03
8.1 4.962577e+03 4.950576e+03 4.969771e+03 4.981772e+03
9.1 4.852543e+03 4.919598e+03 4.947767e+03 4.880713e+03
10.1 4.820254e+03 4.885367e+03 4.918838e+03 4.853726e+03
11.1 4.877521e+03 4.863744e+03 4.899540e+03 4.913316e+03
12.1 4.965729e+03 4.857869e+03 4.889622e+03 4.997482e+03
13.1 5.012891e+03 4.865919e+03 4.885611e+03 5.032584e+03
14.1 4.954600e+03 4.910460e+03 4.885102e+03 4.929242e+03
15.1 5.013090e+03 4.984021e+03 4.886492e+03 4.915561e+03
16.1 4.983791e+03 4.986678e+03 4.888554e+03 4.885667e+03
17.1 4.879877e+03 4.947816e+03 4.890485e+03 4.822546e+03
18.1 4.881226e+03 4.918712e+03 4.891925e+03 4.854438e+03
19.1 4.933230e+03 4.946745e+03 4.892849e+03 4.879335e+03
20.1 4.945384e+03 4.994607e+03 4.893377e+03 4.844154e+03
0.3 4.963465e+03 4.910009e+03 4.922213e+03 4.975669e+03
1.3 4.939807e+03 4.908616e+03 4.911409e+03 4.942599e+03
2.3 4.894503e+03 4.943193e+03 4.951278e+03 4.902588e+03
3.3 4.962577e+03 4.950576e+03 4.969771e+03 4.981772e+03
4.3 4.852543e+03 4.919598e+03 4.947767e+03 4.880713e+03
5.3 4.820254e+03 4.885367e+03 4.918838e+03 4.853726e+03
6.3 4.877521e+03 4.863744e+03 4.899540e+03 4.913316e+03
7.3 4.965729e+03 4.857869e+03 4.889622e+03 4.997482e+03
8.3 5.012891e+03 4.865919e+03 4.885611e+03 5.032584e+03
9.3 4.954600e+03 4.910460e+03 4.885102e+03 4.929242e+03
10.3 5.013090e+03 4.984021e+03 4.886492e+03 4.915561e+03
11.3 4.983791e+03 4.986678e+03 4.888554e+03 4.885667e+03
12.3 4.879877e+03 4.947816e+03 4.890485e+03 4.822546e+03
13.3 4.881226e+03 4.918712e+03 4.891925e+03 4.854438e+03
14.3 4.933230e+03 4.946745e+03 4.892849e+03 4.879335e+03
15.3 4.945384e+03 4.994607e+03 4.893377e+03 4.844154e+03
16.3 5.023087e+03 4.974474e+03 4.893654e+03 4.942266e+03
17.3 4.895359e+03 4.925402e+03 4.893784e+03 4.863741e+03
18.3 4.931207e+03 4.896204e+03 4.893842e+03 4.928845e+03
19.3 4.879708e+03 4.888447e+03 4.893867e+03 4.885128e+03
20.3 4.940754e+03 4.925674e+03 4.893877e+03 4.908957e+03
0.6 4.788814e+03 4.908248e+03 4.894137e+03 4.774704e+03
1.6 4.871262e+03 4.904325e+03 4.918434e+03 4.885371e+03
2.6 4.940856e+03 4.937114e+03 4.969094e+03 4.972836e+03
3.6 5.024173e+03 4.933504e+03 4.975218e+03 5.065887e+03
4.6 4.912217e+03 4.902311e+03 4.947435e+03 4.957341e+03
5.6 4.852114e+03 4.874534e+03 4.919046e+03 4.896625e+03
6.6 4.844375e+03 4.858707e+03 4.900803e+03 4.886470e+03
7.6 4.868823e+03 4.851702e+03 4.891110e+03 4.908231e+03
8.6 4.960984e+03 4.850834e+03 4.886993e+03 4.997143e+03
9.6 4.911371e+03 4.859619e+03 4.886353e+03 4.938105e+03
10.6 4.928026e+03 4.876121e+03 4.891188e+03 4.943093e+03
11.6 4.954066e+03 4.922568e+03 4.936093e+03 4.967591e+03
12.6 5.066354e+03 4.960148e+03 4.975215e+03 5.081422e+03
13.6 5.113004e+03 4.958788e+03 4.970249e+03 5.124464e+03
14.6 5.035271e+03 4.973395e+03 4.987304e+03 5.049180e+03
15.6 4.929910e+03 4.974831e+03 4.995099e+03 4.950178e+03
16.6 4.822206e+03 4.947538e+03 4.964629e+03 4.839297e+03
17.6 4.773053e+03 4.920511e+03 4.926857e+03 4.779399e+03
18.6 4.831884e+03 4.919060e+03 4.922606e+03 4.835431e+03
19.6 4.879783e+03 4.949564e+03 4.960943e+03 4.891162e+03
20.6 4.952716e+03 4.952119e+03 4.965133e+03 4.965730e+03
1.0 4.928026e+03 4.876121e+03 4.891188e+03 4.943093e+03
2.0 4.954066e+03 4.922568e+03 4.936093e+03 4.967591e+03
3.0 5.066354e+03 4.960148e+03 4.975215e+03 5.081422e+03
4.0 5.113004e+03 4.958788e+03 4.970249e+03 5.124464e+03
5.0 5.035271e+03 4.973395e+03 4.987304e+03 5.049180e+03
6.0 4.929910e+03 4.974831e+03 4.995099e+03 4.950178e+03
7.0 4.822206e+03 4.947538e+03 4.964629e+03 4.839297e+03
8.0 4.773053e+03 4.920511e+03 4.926857e+03 4.779399e+03
9.0 4.831884e+03 4.919060e+03 4.922606e+03 4.835431e+03
10.0 4.879783e+03 4.949564e+03 4.960943e+03 4.891162e+03
11.0 4.952716e+03 4.952119e+03 4.965133e+03 4.965730e+03
12.0 4.922917e+03 4.933175e+03 4.937972e+03 4.927713e+03
13.0 4.914183e+03 4.924802e+03 4.926388e+03 4.915769e+03
14.0 4.917996e+03 4.951727e+03 4.962329e+03 4.928598e+03
15.0 4.967011e+03 4.948909e+03 4.971454e+03 4.989556e+03
16.0 4.973175e+03 4.930242e+03 4.961112e+03 5.004045e+03
17.0 4.958036e+03 4.948398e+03 4.983749e+03 4.993387e+03
18.0 4.966295e+03 4.943213e+03 4.980449e+03 5.003531e+03
19.0 4.825334e+03 4.909142e+03 4.946664e+03 4.862856e+03
20.0 4.840779e+03 4.876881e+03 4.913831e+03 4.877729e+03
21.0 4.822739e+03 4.857872e+03 4.893945e+03 4.858813e+03
0.1 5.066354e+03 4.960148e+03 4.975215e+03 5.081422e+03
1.1 5.113004e+03 4.958788e+03 4.970249e+03 5.124464e+03
2.1 5.035271e+03 4.973395e+03 4.987304e+03 5.049180e+03
3.1 4.929910e+03 4.974831e+03 4.995099e+03 4.950178e+03
4.1 4.822206e+03 4.947538e+03 4.964629e+03 4.839297e+03
5.1 4.773053e+03 4.920511e+03 4.926857e+03 4.779399e+03
6.1 4.831884e+03 4.919060e+03 4.922606e+03 4.835431e+03
7.1 4.879783e+03 4.949564e+03 4.960943e+03 4.891162e+03
8.1 4.952716e+03 4.952119e+03 4.965133e+03 4.965730e+03
9.1 4.922917e+03 4.933175e+03 4.937972e+03 4.927713e+03
10.1 4.914183e+03 4.924802e+03 4.926388e+03 4.915769e+03
11.1 4.917996e+03 4.951727e+03 4.962329e+03 4.928598e+03
12.1 4.967011e+03 4.948909e+03 4.971454e+03 4.989556e+03
13.1 4.973175e+03 4.930242e+03 4.961112e+03 5.004045e+03
14.1 4.958036e+03 4.948398e+03 4.983749e+03 4.993387e+03
15.1 4.966295e+03 4.943213e+03 4.980449e+03 5.003531e+03
16.1 4.825334e+03 4.909142e+03 4.946664e+03 4.862856e+03
17.1 4.840779e+03 4.876881e+03 4.913831e+03 4.877729e+03
18.1 4.822739e+03 4.857872e+03 4.893945e+03 4.858813e+03
19.1 4.896730e+03 4.849787e+03 4.884800e+03 4.931744e+03
20.1 4.821475e+03 4.853469e+03 4.882138e+03 4.850144e+03
0.5 4.773053e+03 4.920511e+03 4.926857e+03 4.779399e+03
1.5 4.831884e+03 4.919060e+03 4.922606e+03 4.835431e+03
2.5 4.879783e+03 4.949564e+03 4.960943e+03 4.891162e+03
3.5 4.952716e+03 4.952119e+03 4.965133e+03 4.965730e+03
4.5 4.922917e+03 4.933175e+03 4.937972e+03 4.927713e+03
5.5 4.914183e+03 4.924802e+03 4.926388e+03 4.915769e+03
6.5 4.917996e+03 4.951727e+03 4.962329e+03 4.928598e+03
7.5 4.967011e+03 4.948909e+03 4.971454e+03 4.989556e+03
8.5 4.973175e+03 4.930242e+03 4.961112e+03 5.004045e+03
9.5 4.958036e+03 4.948398e+03 4.983749e+03 4.993387e+03
10.5 4.966295e+03 4.943213e+03 4.980449e+03 5.003531e+03
11.5 4.825334e+03 4.909142e+03 4.946664e+03 4.862856e+03
12.5 4.840779e+03 4.876881e+03 4.913831e+03 4.877729e+03
13.5 4.822739e+03 4.857872e+03 4.893945e+03 4.858813e+03
14.5 4.896730e+03 4.849787e+03 4.884800e+03 4.931744e+03
15.5 4.821475e+03 4.853469e+03 4.882138e+03 4.850144e+03
16.5 4.833549e+03 4.869024e+03 4.883255e+03 4.847780e+03
17.5 4.908715e+03 4.902858e+03 4.909980e+03 4.915836e+03
18.5 4.957336e+03 4.950341e+03 4.963329e+03 4.970323e+03
19.5 4.909050e+03 4.949324e+03 4.971690e+03 4.931416e+03
20.5 4.916106e+03 4.920963e+03 4.950148e+03 4.945291e+03
0.4 4.922917e+03 4.933175e+03 4.937972e+03 4.927713e+03
1.4 4.914183e+03 4.924802e+03 4.926388e+03 4.915769e+03
2.4 4.917996e+03 4.951727e+03 4.962329e+03 4.928598e+03
3.4 4.967011e+03 4.948909e+03 4.971454e+03 4.989556e+03
4.4 4.973175e+03 4.930242e+03 4.961112e+03 5.004045e+03
5.4 4.958036e+03 4.948398e+03 4.983749e+03 4.993387e+03
6.4 4.966295e+03 4.943213e+03 4.980449e+03 5.003531e+03
7.4 4.825334e+03 4.909142e+03 4.946664e+03 4.862856e+03
8.4 4.840779e+03 4.876881e+03 4.913831e+03 4.877729e+03
9.4 4.822739e+03 4.857872e+03 4.893945e+03 4.858813e+03
10.4 4.896730e+03 4.849787e+03 4.884800e+03 4.931744e+03
11.4 4.821475e+03 4.853469e+03 4.882138e+03 4.850144e+03
12.4 4.833549e+03 4.869024e+03 4.883255e+03 4.847780e+03
13.4 4.908715e+03 4.902858e+03 4.909980e+03 4.915836e+03
14.4 4.957336e+03 4.950341e+03 4.963329e+03 4.970323e+03
15.4 4.909050e+03 4.949324e+03 4.971690e+03 4.931416e+03
16.4 4.916106e+03 4.920963e+03 4.950148e+03 4.945291e+03
17.4 4.933187e+03 4.934753e+03 4.967930e+03 4.966364e+03
18.4 4.977174e+03 4.949732e+03 4.984963e+03 5.012406e+03
19.4 4.885704e+03 4.926224e+03 4.961277e+03 4.920757e+03
20.4 4.859715e+03 4.897883e+03 4.926410e+03 4.888242e+03
0.4 4.967011e+03 4.948909e+03 4.971454e+03 4.989556e+03
1.4 4.973175e+03 4.930242e+03 4.961112e+03 5.004045e+03
2.4 4.958036e+03 4.948398e+03 4.983749e+03 4.993387e+03
3.4 4.966295e+03 4.943213e+03 4.980449e+03 5.003531e+03
4.4 4.825334e+03 4.909142e+03 4.946664e+03 4.862856e+03
5.4 4.840779e+03 4.876881e+03 4.913831e+03 4.877729e+03
6.4 4.822739e+03 4.857872e+03 4.893945e+03 4.858813e+03
7.4 4.896730e+03 4.849787e+03 4.884800e+03 4.931744e+03
8.4 4.821475e+03 4.853469e+03 4.882138e+03 4.850144e+03
9.4 4.833549e+03 4.869024e+03 4.883255e+03 4.847780e+03
10.4 4.908715e+03 4.902858e+03 4.909980e+03 4.915836e+03
11.4 4.957336e+03 4.950341e+03 4.963329e+03 4.970323e+03
12.4 4.909050e+03 4.949324e+03 4.971690e+03 4.931416e+03
13.4 4.916106e+03 4.920963e+03 4.950148e+03 4.945291e+03
14.4 4.933187e+03 4.934753e+03 4.967930e+03 4.966364e+03
15.4 4.977174e+03 4.949732e+03 4.984963e+03 5.012406e+03
16.4 4.885704e+03 4.926224e+03 4.961277e+03 4.920757e+03
17.4 4.859715e+03 4.897883e+03 4.926410e+03 4.888242e+03
18.4 4.846838e+03 4.935205e+03 4.901870e+03 4.813503e+03
19.4 4.937634e+03 4.984636e+03 4.889189e+03 4.842187e+03
20.4 4.885680e+03 4.965088e+03 4.884199e+03 4.804791e+03
0.6 4.833549e+03 4.869024e+03 4.883255e+03 4.847780e+03
1.6 4.908715e+03 4.902858e+03 4.909980e+03 4.915836e+03
2.6 4.957336e+03 4.950341e+03 4.963329e+03 4.970323e+03
3.6 4.909050e+03 4.949324e+03 4.971690e+03 4.931416e+03
4.6 4.916106e+03 4.920963e+03 4.950148e+03 4.945291e+03
5.6 4.933187e+03 4.934753e+03 4.967930e+03 4.966364e+03
6.6 4.977174e+03 4.949732e+03 4.984963e+03 5.012406e+03
7.6 4.885704e+03 4.926224e+03 4.961277e+03 4.920757e+03
8.6 4.859715e+03 4.897883e+03 4.926410e+03 4.888242e+03
9.6 4.846838e+03 4.935205e+03 4.901870e+03 4.813503e+03
10.6 4.937634e+03 4.984636e+03 4.889189e+03 4.842187e+03
11.6 4.885680e+03 4.965088e+03 4.884199e+03 4.804791e+03
12.6 4.924508e+03 4.916902e+03 4.883574e+03 4.891180e+03
13.6 4.811829e+03 4.879200e+03 4.885185e+03 4.817814e+03
14.6 4.895769e+03 4.858188e+03 4.887577e+03 4.925158e+03
15.6 4.912440e+03 4.850221e+03 4.889827e+03 4.952046e+03
16.6 4.838550e+03 4.856095e+03 4.892053e+03 4.874508e+03
17.6 4.848569e+03 4.891499e+03 4.921665e+03 4.878734e+03
18.6 4.962462e+03 4.940820e+03 4.971172e+03 4.992814e+03
19.6 4.987149e+03 4.940437e+03 4.973297e+03 5.020009e+03
20.6 4.910877e+03 4.909953e+03 4.944594e+03 4.945519e+03
0.1 4.909050e+03 4.949324e+03 4.971690e+03 4.931416e+03
1.1 4.916106e+03 4.920963e+03 4.950148e+03 4.945291e+03
2.1 4.933187e+03 4.934753e+03 4.967930e+03 4.966364e+03
3.1 4.977174e+03 4.949732e+03 4.984963e+03 5.012406e+03
4.1 4.885704e+03 4.926224e+03 4.961277e+03 4.920757e+03
5.1 4.859715e+03 4.897883e+03 4.926410e+03 4.888242e+03
6.1 4.846838e+03 4.935205e+03 4.901870e+03 4.813503e+03
7.1 4.937634e+03 4.984636e+03 4.889189e+03 4.842187e+03
8.1 4.885680e+03 4.965088e+03 4.884199e+03 4.804791e+03
9.1 4.924508e+03 4.916902e+03 4.883574e+03 4.891180e+03
10.1 4.811829e+03 4.879200e+03 4.885185e+03 4.817814e+03
11.1 4.895769e+03 4.858188e+03 4.887577e+03 4.925158e+03
12.1 4.912440e+03 4.850221e+03 4.889827e+03 4.952046e+03
13.1 4.838550e+03 4.856095e+03 4.892053e+03 4.874508e+03
14.1 4.848569e+03 4.891499e+03 4.921665e+03 4.878734e+03
15.1 4.962462e+03 4.940820e+03 4.971172e+03 4.992814e+03
16.1 4.987149e+03 4.940437e+03 4.973297e+03 5.020009e+03
17.1 4.910877e+03 4.909953e+03 4.944594e+03 4.945519e+03
18.1 4.830594e+03 4.881749e+03 4.917020e+03 4.865865e+03
19.1 4.862857e+03 4.864972e+03 4.899664e+03 4.897550e+03
20.1 4.959955e+03 4.893263e+03 4.890567e+03 4.957258e+03
0.7 4.838550e+03 4.856095e+03 4.892053e+03 4.874508e+03
1.7 4.848569e+03 4.891499e+03 4.921665e+03 4.878734e+03
2.7 4.962462e+03 4.940820e+03 4.971172e+03 4.992814e+03
3.7 4.987149e+03 4.940437e+03 4.973297e+03 5.020009e+03
4.7 4.910877e+03 4.909953e+03 4.944594e+03 4.945519e+03
5.7 4.830594e+03 4.881749e+03 4.917020e+03 4.865865e+03
6.7 4.862857e+03 4.864972e+03 4.899664e+03 4.897550e+03
7.7 4.959955e+03 4.893263e+03 4.890567e+03 4.957258e+03
8.7 5.035889e+03 4.966961e+03 4.886826e+03 4.955754e+03
9.7 5.017271e+03 4.976030e+03 4.886405e+03 4.927647e+03
10.7 5.054175e+03 4.935153e+03 4.887723e+03 5.006745e+03
11.7 4.851520e+03 4.893870e+03 4.889565e+03 4.847215e+03
12.7 4.646854e+03 4.867824e+03 4.891207e+03 4.670237e+03
13.7 4.798910e+03 4.854311e+03 4.892384e+03 4.836983e+03
14.7 4.767569e+03 4.849167e+03 4.893112e+03 4.811514e+03
15.7 4.837512e+03 4.851254e+03 4.893515e+03 4.879773e+03
16.7 4.857974e+03 4.857618e+03 4.893754e+03 4.894110e+03
17.7 4.913237e+03 4.878775e+03 4.910293e+03 4.944755e+03
18.7 4.983276e+03 4.932178e+03 4.962456e+03 5.013554e+03
19.7 4.996440e+03 4.954106e+03 4.977684e+03 5.020019e+03
20.7 4.932988e+03 4.943267e+03 4.952890e+03 4.942611e+03
0.4 4.857974e+03 4.857618e+03 4.893754e+03 4.894110e+03
1.4 4.913237e+03 4.878775e+03 4.910293e+03 4.944755e+03
2.4 4.983276e+03 4.932178e+03 4.962456e+03 5.013554e+03
3.4 4.996440e+03 4.954106e+03 4.977684e+03 5.020019e+03
4.4 4.932988e+03 4.943267e+03 4.952890e+03 4.942611e+03
5.4 4.846731e+03 4.932445e+03 4.934183e+03 4.848469e+03
6.4 4.825225e+03 4.957693e+03 4.965226e+03 4.832757e+03
7.4 4.859362e+03 4.964805e+03 4.977242e+03 4.871799e+03
8.4 4.962596e+03 4.957093e+03 4.950909e+03 4.956412e+03
9.4 4.980247e+03 4.998823e+03 4.919386e+03 4.900810e+03
10.4 5.040729e+03 5.002553e+03 4.898868e+03 4.937043e+03
11.4 4.925842e+03 4.954062e+03 4.890340e+03 4.862120e+03
12.4 4.935544e+03 4.937680e+03 4.923331e+03 4.921195e+03
13.4 4.935401e+03 4.947243e+03 4.966552e+03 4.954710e+03
14.4 4.970110e+03 4.924530e+03 4.961942e+03 5.007522e+03
15.4 4.882046e+03 4.892241e+03 4.933872e+03 4.923678e+03
16.4 4.870379e+03 4.877690e+03 4.909926e+03 4.902616e+03
17.4 4.870068e+03 4.890008e+03 4.913355e+03 4.893415e+03
18.4 4.908255e+03 4.934311e+03 4.958374e+03 4.932318e+03
19.4 4.930586e+03 4.941563e+03 4.969533e+03 4.958556e+03
20.4 4.896730e+03 4.918939e+03 4.944412e+03 4.922202e+03
0.3 4.932988e+03 4.943267e+03 4.952890e+03 4.942611e+03
1.3 4.846731e+03 4.932445e+03 4.934183e+03 4.848469e+03
2.3 4.825225e+03 4.957693e+03 4.965226e+03 4.832757e+03
3.3 4.859362e+03 4.964805e+03 4.977242e+03 4.871799e+03
4.3 4.962596e+03 4.957093e+03 4.950909e+03 4.956412e+03
5.3 4.980247e+03 4.998823e+03 4.919386e+03 4.900810e+03
6.3 5.040729e+03 5.002553e+03 4.898868e+03 4.937043e+03
7.3 4.925842e+03 4.954062e+03 4.890340e+03 4.862120e+03
8.3 4.935544e+03 4.937680e+03 4.923331e+03 4.921195e+03
9.3 4.935401e+03 4.947243e+03 4.966552e+03 4.954710e+03
10.3 4.970110e+03 4.924530e+03 4.961942e+03 5.007522e+03
11.3 4.882046e+03 4.892241e+03 4.933872e+03 4.923678e+03
12.3 4.870379e+03 4.877690e+03 4.909926e+03 4.902616e+03
13.3 4.870068e+03 4.890008e+03 4.913355e+03 4.893415e+03
14.3 4.908255e+03 4.934311e+03 4.958374e+03 4.932318e+03
15.3 4.930586e+03 4.941563e+03 4.969533e+03 4.958556e+03
16.3 4.896730e+03 4.918939e+03 4.944412e+03 4.922202e+03
17.3 4.901913e+03 4.950289e+03 4.916565e+03 4.868188e+03
18.3 4.930851e+03 4.993369e+03 4.898756e+03 4.836238e+03
19.3 4.989217e+03 4.971420e+03 4.889692e+03 4.907490e+03
20.3 5.026042e+03 4.940290e+03 4.903701e+03 4.989454e+03
0.9 4.925842e+03 4.954062e+03 4.890340e+03 4.862120e+03
1.9 4.935544e+03 4.937680e+03 4.923331e+03 4.921195e+03
2.9 4.935401e+03 4.947243e+03 4.966552e+03 4.954710e+03
3.9 4.970110e+03 4.924530e+03 4.961942e+03 5.007522e+03
4.9 4.882046e+03 4.892241e+03 4.933872e+03 4.923678e+03
5.9 4.870379e+03 4.877690e+03 4.909926e+03 4.902616e+03
6.9 4.870068e+03 4.890008e+03 4.913355e+03 4.893415e+03
7.9 4.908255e+03 4.934311e+03 4.958374e+03 4.932318e+03
8.9 4.930586e+03 4.941563e+03 4.969533e+03 4.958556e+03
9.9 4.896730e+03 4.918939e+03 4.944412e+03 4.922202e+03
10.9 4.901913e+03 4.950289e+03 4.916565e+03 4.868188e+03
11.9 4.930851e+03 4.993369e+03 4.898756e+03 4.836238e+03
12.9 4.989217e+03 4.971420e+03 4.889692e+03 4.907490e+03
13.9 5.026042e+03 4.940290e+03 4.903701e+03 4.989454e+03
14.9 5.049615e+03 4.952644e+03 4.955422e+03 5.052394e+03
15.9 5.025464e+03 4.942938e+03 4.970496e+03 5.053022e+03
16.9 4.824047e+03 4.906619e+03 4.947100e+03 4.864528e+03
17.9 4.828314e+03 4.874023e+03 4.919445e+03 4.873737e+03
18.9 4.835596e+03 4.855572e+03 4.901058e+03 4.881082e+03
19.9 4.814771e+03 4.848032e+03 4.891182e+03 4.857920e+03
20.9 4.785879e+03 4.846666e+03 4.886886e+03 4.826099e+03
0.5 4.870379e+03 4.877690e+03 4.909926e+03 4.902616e+03
1.5 4.870068e+03 4.890008e+03 4.913355e+03 4.893415e+03
2.5 4.908255e+03 4.934311e+03 4.958374e+03 4.932318e+03
3.5 4.930586e+03 4.941563e+03 4.969533e+03 4.958556e+03
4.5 4.896730e+03 4.918939e+03 4.944412e+03 4.922202e+03
5.5 4.901913e+03 4.950289e+03 4.916565e+03 4.868188e+03
6.5 4.930851e+03 4.993369e+03 4.898756e+03 4.836238e+03
7.5 4.989217e+03 4.971420e+03 4.889692e+03 4.907490e+03
8.5 5.026042e+03 4.940290e+03 4.903701e+03 4.989454e+03
9.5 5.049615e+03 4.952644e+03 4.955422e+03 5.052394e+03
10.5 5.025464e+03 4.942938e+03 4.970496e+03 5.053022e+03
11.5 4.824047e+03 4.906619e+03 4.947100e+03 4.864528e+03
12.5 4.828314e+03 4.874023e+03 4.919445e+03 4.873737e+03
13.5 4.835596e+03 4.855572e+03 4.901058e+03 4.881082e+03
14.5 4.814771e+03 4.848032e+03 4.891182e+03 4.857920e+03
15.5 4.785879e+03 4.846666e+03 4.886886e+03 4.826099e+03
16.5 4.806688e+03 4.848620e+03 4.886097e+03 4.844164e+03
17.5 4.792641e+03 4.857259e+03 4.887254e+03 4.822635e+03
18.5 4.877407e+03 4.875053e+03 4.889109e+03 4.891464e+03
19.5 4.916657e+03 4.893846e+03 4.894980e+03 4.917791e+03
20.5 5.008928e+03 4.936872e+03 4.940449e+03 5.012505e+03
0.5 4.989217e+03 4.971420e+03 4.889692e+03 4.907490e+03
1.5 5.026042e+03 4.940290e+03 4.903701e+03 4.989454e+03
2.5 5.049615e+03 4.952644e+03 4.955422e+03 5.052394e+03
3.5 5.025464e+03 4.942938e+03 4.970496e+03 5.053022e+03
4.5 4.824047e+03 4.906619e+03 4.947100e+03 4.864528e+03
5.5 4.828314e+03 4.874023e+03 4.919445e+03 4.873737e+03
6.5 4.835596e+03 4.855572e+03 4.901058e+03 4.881082e+03
7.5 4.814771e+03 4.848032e+03 4.891182e+03 4.857920e+03
8.5 4.785879e+03 4.846666e+03 4.886886e+03 4.826099e+03
9.5 4.806688e+03 4.848620e+03 4.886097e+03 4.844164e+03
10.5 4.792641e+03 4.857259e+03 4.887254e+03 4.822635e+03
11.5 4.877407e+03 4.875053e+03 4.889109e+03 4.891464e+03
12.5 4.916657e+03 4.893846e+03 4.894980e+03 4.917791e+03
13.5 5.008928e+03 4.936872e+03 4.940449e+03 5.012505e+03
14.5 4.981329e+03 4.962514e+03 4.977392e+03 4.996206e+03
15.5 4.907871e+03 4.939648e+03 4.964645e+03 4.932868e+03
16.5 4.764610e+03 4.906387e+03 4.937642e+03 4.795865e+03
17.5 4.805930e+03 4.921889e+03 4.956571e+03 4.840612e+03
18.5 4.849396e+03 4.943645e+03 4.979892e+03 4.885642e+03
19.5 4.883558e+03 4.924263e+03 4.960791e+03 4.920087e+03
20.5 4.871317e+03 4.891487e+03 4.927577e+03 4.907408e+03
1.0 4.916657e+03 4.893846e+03 4.894980e+03 4.917791e+03
2.0 5.008928e+03 4.936872e+03 4.940449e+03 5.012505e+03
3.0 4.981329e+03 4.962514e+03 4.977392e+03 4.996206e+03
4.0 4.907871e+03 4.939648e+03 4.964645e+03 4.932868e+03
5.0 4.764610e+03 4.906387e+03 4.937642e+03 4.795865e+03
6.0 4.805930e+03 4.921889e+03 4.956571e+03 4.840612e+03
7.0 4.849396e+03 4.943645e+03 4.979892e+03 4.885642e+03
8.0 4.883558e+03 4.924263e+03 4.960791e+03 4.920087e+03
9.0 4.871317e+03 4.891487e+03 4.927577e+03 4.907408e+03
10.0 4.853651e+03 4.869095e+03 4.903363e+03 4.887920e+03
11.0 4.888870e+03 4.864740e+03 4.890546e+03 4.914675e+03
12.0 4.887490e+03 4.903117e+03 4.885217e+03 4.869591e+03
13.0 5.005075e+03 4.977725e+03 4.884200e+03 4.911550e+03
14.0 5.026068e+03 4.987462e+03 4.885494e+03 4.924101e+03
15.0 5.063523e+03 4.958186e+03 4.894336e+03 4.999673e+03
16.0 5.019417e+03 4.963975e+03 4.944444e+03 4.999886e+03
17.0 4.967769e+03 4.962381e+03 4.976584e+03 4.981972e+03
18.0 4.787324e+03 4.925975e+03 4.960477e+03 4.821826e+03
19.0 4.784837e+03 4.887590e+03 4.930293e+03 4.827541e+03
20.0 4.792363e+03 4.870560e+03 4.908006e+03 4.829809e+03
21.0 4.918568e+03 4.891792e+03 4.922079e+03 4.948856e+03
1.0 4.764610e+03 4.906387e+03 4.937642e+03 4.795865e+03
2.0 4.805930e+03 4.921889e+03 4.956571e+03 4.840612e+03
3.0 4.849396e+03 4.943645e+03 4.979892e+03 4.885642e+03
4.0 4.883558e+03 4.924263e+03 4.960791e+03 4.920087e+03
5.0 4.871317e+03 4.891487e+03 4.927577e+03 4.907408e+03
6.0 4.853651e+03 4.869095e+03 4.903363e+03 4.887920e+03
7.0 4.888870e+03 4.864740e+03 4.890546e+03 4.914675e+03
8.0 4.887490e+03 4.903117e+03 4.885217e+03 4.869591e+03
9.0 5.005075e+03 4.977725e+03 4.884200e+03 4.911550e+03
10.0 5.026068e+03 4.987462e+03 4.885494e+03 4.924101e+03
11.0 5.063523e+03 4.958186e+03 4.894336e+03 4.999673e+03
12.0 5.019417e+03 4.963975e+03 4.944444e+03 4.999886e+03
13.0 4.967769e+03 4.962381e+03 4.976584e+03 4.981972e+03
14.0 4.787324e+03 4.925975e+03 4.960477e+03 4.821826e+03
15.0 4.784837e+03 4.887590e+03 4.930293e+03 4.827541e+03
16.0 4.792363e+03 4.870560e+03 4.908006e+03 4.829809e+03
17.0 4.918568e+03 4.891792e+03 4.922079e+03 4.948856e+03
18.0 4.964546e+03 4.935521e+03 4.965338e+03 4.994363e+03
19.0 4.940326e+03 4.935369e+03 4.966576e+03 4.971532e+03
20.0 4.942014e+03 4.914675e+03 4.938607e+03 4.965945e+03
21.0 4.870791e+03 4.905285e+03 4.912391e+03 4.877897e+03
0.1 5.026068e+03 4.987462e+03 4.885494e+03 4.924101e+03
1.1 5.063523e+03 4.958186e+03 4.894336e+03 4.999673e+03
2.1 5.019417e+03 4.963975e+03 4.944444e+03 4.999886e+03
3.1 4.967769e+03 4.962381e+03 4.976584e+03 4.981972e+03
4.1 4.787324e+03 4.925975e+03 4.960477e+03 4.821826e+03
5.1 4.784837e+03 4.887590e+03 4.930293e+03 4.827541e+03
6.1 4.792363e+03 4.870560e+03 4.908006e+03 4.829809e+03
7.1 4.918568e+03 4.891792e+03 4.922079e+03 4.948856e+03
8.1 4.964546e+03 4.935521e+03 4.965338e+03 4.994363e+03
9.1 4.940326e+03 4.935369e+03 4.966576e+03 4.971532e+03
10.1 4.942014e+03 4.914675e+03 4.938607e+03 4.965945e+03
11.1 4.870791e+03 4.905285e+03 4.912391e+03 4.877897e+03
12.1 4.937307e+03 4.953075e+03 4.896532e+03 4.880764e+03
13.1 5.005146e+03 4.997937e+03 4.888672e+03 4.895880e+03
14.1 4.988785e+03 4.971319e+03 4.885763e+03 4.903229e+03
15.1 4.968635e+03 4.923353e+03 4.885832e+03 4.931114e+03
16.1 4.929707e+03 4.897664e+03 4.887416e+03 4.919460e+03
17.1 4.940466e+03 4.891532e+03 4.891403e+03 4.940337e+03
18.1 4.960893e+03 4.919397e+03 4.931306e+03 4.972802e+03
19.1 5.020265e+03 4.949331e+03 4.974880e+03 5.045813e+03
20.1 4.997126e+03 4.936092e+03 4.968154e+03 5.029188e+03
0.7 4.792363e+03 4.870560e+03 4.908006e+03 4.829809e+03
1.7 4.918568e+03 4.891792e+03 4.922079e+03 4.948856e+03
2.7 4.964546e+03 4.935521e+03 4.965338e+03 4.994363e+03
3.7 4.940326e+03 4.935369e+03 4.966576e+03 4.971532e+03
4.7 4.942014e+03 4.914675e+03 4.938607e+03 4.965945e+03
5.7 4.870791e+03 4.905285e+03 4.912391e+03 4.877897e+03
6.7 4.937307e+03 4.953075e+03 4.896532e+03 4.880764e+03
7.7 5.005146e+03 4.997937e+03 4.888672e+03 4.895880e+03
8.7 4.988785e+03 4.971319e+03 4.885763e+03 4.903229e+03
9.7 4.968635e+03 4.923353e+03 4.885832e+03 4.931114e+03
10.7 4.929707e+03 4.897664e+03 4.887416e+03 4.919460e+03
11.7 4.940466e+03 4.891532e+03 4.891403e+03 4.940337e+03
12.7 4.960893e+03 4.919397e+03 4.931306e+03 4.972802e+03
13.7 5.020265e+03 4.949331e+03 4.974880e+03 5.045813e+03
14.7 4.997126e+03 4.936092e+03 4.968154e+03 5.029188e+03
15.7 4.941508e+03 4.907242e+03 4.939829e+03 4.974094e+03
16.7 4.889308e+03 4.917998e+03 4.951167e+03 4.922477e+03
17.7 4.916448e+03 4.944283e+03 4.979258e+03 4.951423e+03
18.7 4.831625e+03 4.928917e+03 4.965230e+03 4.867938e+03
19.7 4.848659e+03 4.895369e+03 4.932018e+03 4.885308e+03
20.7 4.845059e+03 4.869701e+03 4.906049e+03 4.881407e+03
0.9 4.940466e+03 4.891532e+03 4.891403e+03 4.940337e+03
1.9 4.960893e+03 4.919397e+03 4.931306e+03 4.972802e+03
2.9 5.020265e+03 4.949331e+03 4.974880e+03 5.045813e+03
3.9 4.997126e+03 4.936092e+03 4.968154e+03 5.029188e+03
4.9 4.941508e+03 4.907242e+03 4.939829e+03 4.974094e+03
5.9 4.889308e+03 4.917998e+03 4.951167e+03 4.922477e+03
6.9 4.916448e+03 4.944283e+03 4.979258e+03 4.951423e+03
7.9 4.831625e+03 4.928917e+03 4.965230e+03 4.867938e+03
8.9 4.848659e+03 4.895369e+03 4.932018e+03 4.885308e+03
9.9 4.845059e+03 4.869701e+03 4.906049e+03 4.881407e+03
10.9 4.875772e+03 4.856086e+03 4.891824e+03 4.911511e+03
11.9 4.846604e+03 4.850817e+03 4.885657e+03 4.881444e+03
12.9 4.921001e+03 4.862683e+03 4.884165e+03 4.942483e+03
13.9 4.968854e+03 4.939473e+03 4.885226e+03 4.914608e+03
14.9 5.023813e+03 4.983580e+03 4.887360e+03 4.927593e+03
15.9 4.969005e+03 4.956746e+03 4.889558e+03 4.901817e+03
16.9 4.889047e+03 4.911620e+03 4.891304e+03 4.868731e+03
17.9 4.864434e+03 4.878645e+03 4.892480e+03 4.878268e+03
18.9 4.861502e+03 4.860305e+03 4.893177e+03 4.894374e+03
19.9 4.861503e+03 4.869977e+03 4.893552e+03 4.885078e+03
20.9 4.933307e+03 4.945771e+03 4.893738e+03 4.881274e+03
0.9 4.941508e+03 4.907242e+03 4.939829e+03 4.974094e+03
1.9 4.889308e+03 4.917998e+03 4.951167e+03 4.922477e+03
2.9 4.916448e+03 4.944283e+03 4.979258e+03 4.951423e+03
3.9 4.831625e+03 4.928917e+03 4.965230e+03 4.867938e+03
4.9 4.848659e+03 4.895369e+03 4.932018e+03 4.885308e+03
5.9 4.845059e+03 4.869701e+03 4.906049e+03 4.881407e+03
6.9 4.875772e+03 4.856086e+03 4.891824e+03 4.911511e+03
7.9 4.846604e+03 4.850817e+03 4.885657e+03 4.881444e+03
8.9 4.921001e+03 4.862683e+03 4.884165e+03 4.942483e+03
9.9 4.968854e+03 4.939473e+03 4.885226e+03 4.914608e+03
10.9 5.023813e+03 4.983580e+03 4.887360e+03 4.927593e+03
11.9 4.969005e+03 4.956746e+03 4.889558e+03 4.901817e+03
12.9 4.889047e+03 4.911620e+03 4.891304e+03 4.868731e+03
13.9 4.864434e+03 4.878645e+03 4.892480e+03 4.878268e+03
14.9 4.861502e+03 4.860305e+03 4.893177e+03 4.894374e+03
15.9 4.861503e+03 4.869977e+03 4.893552e+03 4.885078e+03
16.9 4.933307e+03 4.945771e+03 4.893738e+03 4.881274e+03
17.9 4.975398e+03 4.981158e+03 4.893823e+03 4.888063e+03
18.9 4.982296e+03 4.959185e+03 4.893859e+03 4.916970e+03
19.9 4.904639e+03 4.937620e+03 4.893874e+03 4.860893e+03
20.9 4.961959e+03 4.981411e+03 4.893881e+03 4.874429e+03
0.8 4.929451e+03 4.901070e+03 4.895077e+03 4.923458e+03
1.8 4.965750e+03 4.918550e+03 4.929216e+03 4.976416e+03
2.8 4.987658e+03 4.947098e+03 4.974728e+03 5.015288e+03
3.8 5.014279e+03 4.937032e+03 4.971062e+03 5.048309e+03
4.8 4.981093e+03 4.916010e+03 4.941336e+03 5.006419e+03
5.8 4.990770e+03 4.919122e+03 4.937675e+03 5.009323e+03
6.8 4.962425e+03 4.950271e+03 4.972505e+03 4.984659e+03
7.8 5.083468e+03 4.945902e+03 4.971744e+03 5.109310e+03
8.8 4.969278e+03 4.922707e+03 4.944716e+03 4.991287e+03
9.8 4.931615e+03 4.937471e+03 4.959019e+03 4.953163e+03
10.8 4.885100e+03 4.953958e+03 4.979363e+03 4.910504e+03
11.8 4.842769e+03 4.936611e+03 4.959189e+03 4.865347e+03
12.8 4.789818e+03 4.914490e+03 4.929338e+03 4.804667e+03
13.8 4.825689e+03 4.933023e+03 4.948260e+03 4.840926e+03
14.8 4.912771e+03 4.950767e+03 4.973151e+03 4.935155e+03
15.8 4.936738e+03 4.926783e+03 4.956066e+03 4.966021e+03
16.8 4.903944e+03 4.891696e+03 4.924613e+03 4.936861e+03
17.8 4.895869e+03 4.874192e+03 4.901657e+03 4.923334e+03
18.8 4.947563e+03 4.876608e+03 4.889632e+03 4.960587e+03
19.8 4.934958e+03 4.895106e+03 4.884756e+03 4.924609e+03
20.8 4.948849e+03 4.965909e+03 4.883980e+03 4.866921e+03
0.6 4.981093e+03 4.916010e+03 4.941336e+03 5.006419e+03
1.6 4.990770e+03 4.919122e+03 4.937675e+03 5.009323e+03
2.6 4.962425e+03 4.950271e+03 4.972505e+03 4.984659e+03
3.6 5.083468e+03 4.945902e+03 4.971744e+03 5.109310e+03
4.6 4.969278e+03 4.922707e+03 4.944716e+03 4.991287e+03
5.6 4.931615e+03 4.937471e+03 4.959019e+03 4.953163e+03
6.6 4.885100e+03 4.953958e+03 4.979363e+03 4.910504e+03
7.6 4.842769e+03 4.936611e+03 4.959189e+03 4.865347e+03
8.6 4.789818e+03 4.914490e+03 4.929338e+03 4.804667e+03
9.6 4.825689e+03 4.933023e+03 4.948260e+03 4.840926e+03
10.6 4.912771e+03 4.950767e+03 4.973151e+03 4.935155e+03
11.6 4.936738e+03 4.926783e+03 4.956066e+03 4.966021e+03
12.6 4.903944e+03 4.891696e+03 4.924613e+03 4.936861e+03
13.6 4.895869e+03 4.874192e+03 4.901657e+03 4.923334e+03
14.6 4.947563e+03 4.876608e+03 4.889632e+03 4.960587e+03
15.6 4.934958e+03 4.895106e+03 4.884756e+03 4.924609e+03
16.6 4.948849e+03 4.965909e+03 4.883980e+03 4.866921e+03
17.6 4.908640e+03 4.996245e+03 4.885394e+03 4.797789e+03
18.6 4.989448e+03 4.979344e+03 4.887643e+03 4.897747e+03
19.6 5.027014e+03 5.008389e+03 4.889823e+03 4.908448e+03
20.6 4.998061e+03 5.003863e+03 4.891499e+03 4.885696e+03
1.0 4.969278e+03 4.922707e+03 4.944716e+03 4.991287e+03
2.0 4.931615e+03 4.937471e+03 4.959019e+03 4.953163e+03
3.0 4.885100e+03 4.953958e+03 4.979363e+03 4.910504e+03
4.0 4.842769e+03 4.936611e+03 4.959189e+03 4.865347e+03
5.0 4.789818e+03 4.914490e+03 4.929338e+03 4.804667e+03
6.0 4.825689e+03 4.933023e+03 4.948260e+03 4.840926e+03
7.0 4.912771e+03 4.950767e+03 4.973151e+03 4.935155e+03
8.0 4.936738e+03 4.926783e+03 4.956066e+03 4.966021e+03
9.0 4.903944e+03 4.891696e+03 4.924613e+03 4.936861e+03
10.0 4.895869e+03 4.874192e+03 4.901657e+03 4.923334e+03
11.0 4.947563e+03 4.876608e+03 4.889632e+03 4.960587e+03
12.0 4.934958e+03 4.895106e+03 4.884756e+03 4.924609e+03
13.0 4.948849e+03 4.965909e+03 4.883980e+03 4.866921e+03
14.0 4.908640e+03 4.996245e+03 4.885394e+03 4.797789e+03
15.0 4.989448e+03 4.979344e+03 4.887643e+03 4.897747e+03
16.0 5.027014e+03 5.008389e+03 4.889823e+03 4.908448e+03
17.0 4.998061e+03 5.003863e+03 4.891499e+03 4.885696e+03
18.0 4.901621e+03 4.950086e+03 4.892604e+03 4.844139e+03
19.0 4.886321e+03 4.896106e+03 4.893246e+03 4.883461e+03
20.0 4.909955e+03 4.868037e+03 4.893587e+03 4.935505e+03
21.0 4.907386e+03 4.866616e+03 4.893755e+03 4.934525e+03
1.0 4.789818e+03 4.914490e+03 4.929338e+03 4.804667e+03
2.0 4.825689e+03 4.933023e+03 4.948260e+03 4.840926e+03
3.0 4.912771e+03 4.950767e+03 4.973151e+03 4.935155e+03
4.0 4.936738e+03 4.926783e+03 4.956066e+03 4.966021e+03
5.0 4.903944e+03 4.891696e+03 4.924613e+03 4.936861e+03
6.0 4.895869e+03 4.874192e+03 4.901657e+03 4.923334e+03
7.0 4.947563e+03 4.876608e+03 4.889632e+03 4.960587e+03
8.0 4.934958e+03 4.895106e+03 4.884756e+03 4.924609e+03
9.0 4.948849e+03 4.965909e+03 4.883980e+03 4.866921e+03
10.0 4.908640e+03 4.996245e+03 4.885394e+03 4.797789e+03
11.0 4.989448e+03 4.979344e+03 4.887643e+03 4.897747e+03
12.0 5.027014e+03 5.008389e+03 4.889823e+03 4.908448e+03
13.0 4.998061e+03 5.003863e+03 4.891499e+03 4.885696e+03
14.0 4.901621e+03 4.950086e+03 4.892604e+03 4.844139e+03
15.0 4.886321e+03 4.896106e+03 4.893246e+03 4.883461e+03
16.0 4.909955e+03 4.868037e+03 4.893587e+03 4.935505e+03
17.0 4.907386e+03 4.866616e+03 4.893755e+03 4.934525e+03
18.0 5.000385e+03 4.877775e+03 4.897954e+03 5.020564e+03
19.0 4.949330e+03 4.920392e+03 4.942158e+03 4.971096e+03
20.0 4.991846e+03 4.949095e+03 4.978287e+03 5.021038e+03
1.0 5.000385e+03 4.877775e+03 4.897954e+03 5.020564e+03
2.0 4.949330e+03 4.920392e+03 4.942158e+03 4.971096e+03
3.0 4.991846e+03 4.949095e+03 4.978287e+03 5.021038e+03
