0.3 1.141302e+04 1.137615e+04 1.141008e+04 1.144695e+04
1.3 1.142923e+04 1.137849e+04 1.141242e+04 1.146316e+04
2.3 1.145274e+04 1.139746e+04 1.143140e+04 1.148667e+04
3.3 1.151895e+04 1.142911e+04 1.146303e+04 1.155287e+04
4.3 1.149818e+04 1.144864e+04 1.147741e+04 1.152695e+04
5.3 1.146000e+04 1.145343e+04 1.146258e+04 1.146915e+04
6.3 1.146750e+04 1.145157e+04 1.143869e+04 1.145462e+04
7.3 1.145180e+04 1.145255e+04 1.142047e+04 1.141972e+04
8.3 1.145544e+04 1.144964e+04 1.140997e+04 1.141576e+04
9.3 1.148155e+04 1.144289e+04 1.140507e+04 1.144373e+04
10.3 1.146856e+04 1.142335e+04 1.140370e+04 1.144891e+04
11.3 1.146646e+04 1.140892e+04 1.140432e+04 1.146186e+04
12.3 1.146724e+04 1.142337e+04 1.140575e+04 1.144962e+04
13.3 1.143748e+04 1.143750e+04 1.140724e+04 1.140721e+04
14.3 1.146842e+04 1.142941e+04 1.140840e+04 1.144741e+04
15.3 1.143977e+04 1.141615e+04 1.140918e+04 1.143280e+04
16.3 1.144987e+04 1.142289e+04 1.140963e+04 1.143662e+04
17.3 1.145122e+04 1.142661e+04 1.140987e+04 1.143448e+04
18.3 1.150963e+04 1.141442e+04 1.140999e+04 1.150520e+04
19.3 1.144629e+04 1.139566e+04 1.141004e+04 1.146067e+04
20.3 1.137492e+04 1.139175e+04 1.141006e+04 1.139323e+04
21.3 1.137072e+04 1.141447e+04 1.141007e+04 1.136633e+04
0.2 1.140856e+04 1.142512e+04 1.141008e+04 1.139353e+04
1.2 1.145373e+04 1.140814e+04 1.141160e+04 1.145720e+04
2.2 1.146226e+04 1.140596e+04 1.142820e+04 1.148450e+04
3.2 1.145767e+04 1.142493e+04 1.145963e+04 1.149237e+04
4.2 1.142490e+04 1.143815e+04 1.147744e+04 1.146419e+04
5.2 1.140475e+04 1.143055e+04 1.146517e+04 1.143937e+04
6.2 1.141385e+04 1.141018e+04 1.144127e+04 1.144494e+04
7.2 1.139725e+04 1.139009e+04 1.142213e+04 1.142929e+04
8.2 1.139588e+04 1.137689e+04 1.141084e+04 1.142983e+04
9.2 1.143684e+04 1.137102e+04 1.140542e+04 1.147124e+04
10.2 1.147097e+04 1.138419e+04 1.140373e+04 1.149051e+04
11.2 1.150498e+04 1.142058e+04 1.140419e+04 1.148858e+04
12.2 1.143465e+04 1.144728e+04 1.140557e+04 1.139295e+04
13.1 1.145240e+04 1.145012e+04 1.140708e+04 1.140935e+04
14.1 1.141023e+04 1.143011e+04 1.140949e+04 1.138961e+04
15.1 1.140073e+04 1.141913e+04 1.142571e+04 1.140732e+04
16.1 1.144263e+04 1.142852e+04 1.145422e+04 1.146834e+04
17.1 1.148941e+04 1.143747e+04 1.146235e+04 1.151429e+04
18.1 1.146685e+04 1.143355e+04 1.144752e+04 1.148082e+04
19.1 1.143479e+04 1.141316e+04 1.142906e+04 1.145069e+04
20.1 1.137967e+04 1.139777e+04 1.142252e+04 1.140442e+04
21.1 1.144520e+04 1.140909e+04 1.144093e+04 1.147704e+04
0.1 1.145240e+04 1.145012e+04 1.140708e+04 1.140935e+04
1.1 1.141023e+04 1.143011e+04 1.140949e+04 1.138961e+04
2.1 1.140073e+04 1.141913e+04 1.142571e+04 1.140732e+04
3.1 1.144263e+04 1.142852e+04 1.145422e+04 1.146834e+04
4.1 1.148941e+04 1.143747e+04 1.146235e+04 1.151429e+04
5.1 1.146685e+04 1.143355e+04 1.144752e+04 1.148082e+04
6.1 1.143479e+04 1.141316e+04 1.142906e+04 1.145069e+04
7.1 1.137967e+04 1.139777e+04 1.142252e+04 1.140442e+04
8.1 1.144520e+04 1.140909e+04 1.144093e+04 1.147704e+04
9.1 1.144491e+04 1.143220e+04 1.146754e+04 1.148025e+04
10.1 1.145096e+04 1.144403e+04 1.147077e+04 1.147770e+04
11.1 1.143067e+04 1.144025e+04 1.145099e+04 1.144141e+04
12.1 1.139564e+04 1.141885e+04 1.142902e+04 1.140581e+04
13.1 1.145156e+04 1.139509e+04 1.141438e+04 1.147085e+04
14.1 1.145293e+04 1.137996e+04 1.140671e+04 1.147968e+04
15.1 1.147953e+04 1.138725e+04 1.140365e+04 1.149594e+04
16.1 1.145716e+04 1.141054e+04 1.140338e+04 1.144999e+04
17.1 1.142008e+04 1.142822e+04 1.140454e+04 1.139641e+04
18.1 1.136364e+04 1.142354e+04 1.140615e+04 1.134625e+04
19.1 1.136856e+04 1.141796e+04 1.140761e+04 1.135821e+04
20.1 1.141738e+04 1.143274e+04 1.140867e+04 1.139331e+04
21.1 1.147737e+04 1.144049e+04 1.140934e+04 1.144622e+04
0.6 1.143479e+04 1.141316e+04 1.142906e+04 1.145069e+04
1.6 1.137967e+04 1.139777e+04 1.142252e+04 1.140442e+04
2.6 1.144520e+04 1.140909e+04 1.144093e+04 1.147704e+04
3.6 1.144491e+04 1.143220e+04 1.146754e+04 1.148025e+04
4.6 1.145096e+04 1.144403e+04 1.147077e+04 1.147770e+04
5.6 1.143067e+04 1.144025e+04 1.145099e+04 1.144141e+04
6.6 1.139564e+04 1.141885e+04 1.142902e+04 1.140581e+04
7.6 1.145156e+04 1.139509e+04 1.141438e+04 1.147085e+04
8.6 1.145293e+04 1.137996e+04 1.140671e+04 1.147968e+04
9.6 1.147953e+04 1.138725e+04 1.140365e+04 1.149594e+04
10.6 1.145716e+04 1.141054e+04 1.140338e+04 1.144999e+04
11.6 1.142008e+04 1.142822e+04 1.140454e+04 1.139641e+04
12.6 1.136364e+04 1.142354e+04 1.140615e+04 1.134625e+04
13.6 1.136856e+04 1.141796e+04 1.140761e+04 1.135821e+04
14.6 1.141738e+04 1.143274e+04 1.140867e+04 1.139331e+04
15.6 1.147737e+04 1.144049e+04 1.140934e+04 1.144622e+04
16.6 1.148546e+04 1.142789e+04 1.140972e+04 1.146730e+04
17.6 1.140999e+04 1.140532e+04 1.140992e+04 1.141459e+04
18.6 1.142107e+04 1.138612e+04 1.141001e+04 1.144496e+04
19.6 1.142819e+04 1.137469e+04 1.141005e+04 1.146356e+04
20.6 1.142998e+04 1.136956e+04 1.141007e+04 1.147049e+04
21.6 1.142498e+04 1.136834e+04 1.141008e+04 1.146672e+04
0.4 1.141392e+04 1.143696e+04 1.141009e+04 1.138705e+04
1.4 1.138785e+04 1.141999e+04 1.141380e+04 1.138166e+04
2.4 1.139218e+04 1.141935e+04 1.143565e+04 1.140848e+04
3.4 1.139554e+04 1.143522e+04 1.146692e+04 1.142724e+04
4.4 1.142705e+04 1.144001e+04 1.147676e+04 1.146380e+04
5.4 1.140894e+04 1.142913e+04 1.145921e+04 1.143901e+04
6.4 1.147309e+04 1.143017e+04 1.143560e+04 1.147851e+04
7.4 1.137259e+04 1.145008e+04 1.141853e+04 1.134104e+04
8.4 1.139294e+04 1.145830e+04 1.140898e+04 1.134362e+04
9.4 1.149773e+04 1.144289e+04 1.140470e+04 1.145953e+04
10.4 1.141579e+04 1.142825e+04 1.140370e+04 1.139123e+04
11.4 1.143596e+04 1.142165e+04 1.140449e+04 1.141880e+04
12.4 1.141502e+04 1.141151e+04 1.140597e+04 1.140948e+04
13.4 1.135209e+04 1.139552e+04 1.140743e+04 1.136400e+04
14.4 1.138085e+04 1.138092e+04 1.140854e+04 1.140847e+04
15.4 1.139278e+04 1.137227e+04 1.140926e+04 1.142977e+04
16.4 1.135877e+04 1.136888e+04 1.140967e+04 1.139956e+04
17.4 1.137863e+04 1.136914e+04 1.140989e+04 1.141938e+04
18.4 1.137274e+04 1.138421e+04 1.141000e+04 1.139853e+04
19.4 1.141348e+04 1.142001e+04 1.141005e+04 1.140352e+04
20.4 1.147759e+04 1.144128e+04 1.141007e+04 1.144638e+04
21.4 1.140655e+04 1.143434e+04 1.141008e+04 1.138228e+04
0.1 1.147564e+04 1.145133e+04 1.141008e+04 1.143439e+04
1.1 1.151022e+04 1.144301e+04 1.141160e+04 1.147881e+04
2.1 1.146749e+04 1.143532e+04 1.142820e+04 1.146037e+04
3.1 1.145167e+04 1.144382e+04 1.145963e+04 1.146748e+04
4.1 1.140188e+04 1.144793e+04 1.147744e+04 1.143139e+04
5.1 1.143555e+04 1.143515e+04 1.146610e+04 1.146650e+04
6.1 1.143156e+04 1.142510e+04 1.145598e+04 1.146243e+04
7.1 1.146765e+04 1.142715e+04 1.145648e+04 1.149698e+04
8.1 1.143462e+04 1.143113e+04 1.144529e+04 1.144879e+04
9.1 1.142919e+04 1.142465e+04 1.142735e+04 1.143189e+04
10.1 1.145182e+04 1.142186e+04 1.141369e+04 1.144366e+04
11.1 1.144905e+04 1.141812e+04 1.140660e+04 1.143753e+04
12.1 1.143386e+04 1.140664e+04 1.140404e+04 1.143126e+04
13.1 1.135335e+04 1.139112e+04 1.140395e+04 1.136619e+04
14.1 1.137500e+04 1.139048e+04 1.140501e+04 1.138952e+04
15.1 1.139954e+04 1.141865e+04 1.140641e+04 1.138731e+04
16.1 1.144412e+04 1.144070e+04 1.140771e+04 1.141112e+04
17.1 1.143943e+04 1.143505e+04 1.140869e+04 1.141307e+04
18.1 1.136521e+04 1.142080e+04 1.140933e+04 1.135373e+04
19.1 1.138280e+04 1.142436e+04 1.140970e+04 1.136814e+04
20.1 1.143544e+04 1.143385e+04 1.140990e+04 1.141149e+04
21.1 1.147608e+04 1.143230e+04 1.141000e+04 1.145378e+04
1.0 1.143555e+04 1.143515e+04 1.146610e+04 1.146650e+04
2.0 1.143156e+04 1.142510e+04 1.145598e+04 1.146243e+04
3.0 1.146765e+04 1.142715e+04 1.145648e+04 1.149698e+04
4.0 1.143462e+04 1.143113e+04 1.144529e+04 1.144879e+04
5.0 1.142919e+04 1.142465e+04 1.142735e+04 1.143189e+04
6.0 1.145182e+04 1.142186e+04 1.141369e+04 1.144366e+04
7.0 1.144905e+04 1.141812e+04 1.140660e+04 1.143753e+04
8.0 1.143386e+04 1.140664e+04 1.140404e+04 1.143126e+04
9.0 1.135335e+04 1.139112e+04 1.140395e+04 1.136619e+04
10.0 1.137500e+04 1.139048e+04 1.140501e+04 1.138952e+04
11.0 1.139954e+04 1.141865e+04 1.140641e+04 1.138731e+04
12.0 1.144412e+04 1.144070e+04 1.140771e+04 1.141112e+04
13.0 1.143943e+04 1.143505e+04 1.140869e+04 1.141307e+04
14.0 1.136521e+04 1.142080e+04 1.140933e+04 1.135373e+04
15.0 1.138280e+04 1.142436e+04 1.140970e+04 1.136814e+04
16.0 1.143544e+04 1.143385e+04 1.140990e+04 1.141149e+04
17.0 1.147608e+04 1.143230e+04 1.141000e+04 1.145378e+04
18.0 1.149060e+04 1.143111e+04 1.141005e+04 1.146953e+04
19.0 1.141432e+04 1.143282e+04 1.141007e+04 1.139156e+04
20.0 1.143210e+04 1.142290e+04 1.141008e+04 1.141927e+04
21.0 1.139542e+04 1.140341e+04 1.141008e+04 1.140208e+04
22.0 1.133843e+04 1.138539e+04 1.141008e+04 1.136312e+04
0.9 1.143543e+04 1.142909e+04 1.141046e+04 1.141679e+04
1.9 1.141520e+04 1.141329e+04 1.142125e+04 1.142317e+04
2.9 1.139212e+04 1.142123e+04 1.144897e+04 1.141986e+04
3.9 1.137336e+04 1.142762e+04 1.146341e+04 1.140916e+04
4.9 1.145352e+04 1.141832e+04 1.145198e+04 1.148718e+04
5.9 1.147631e+04 1.141018e+04 1.143291e+04 1.149905e+04
6.9 1.147500e+04 1.142179e+04 1.141851e+04 1.147173e+04
7.9 1.138079e+04 1.142629e+04 1.141024e+04 1.136474e+04
8.9 1.131901e+04 1.141684e+04 1.140633e+04 1.130849e+04
9.9 1.130357e+04 1.142289e+04 1.140517e+04 1.128585e+04
10.9 1.140872e+04 1.144293e+04 1.140560e+04 1.137139e+04
11.9 1.139838e+04 1.144320e+04 1.140670e+04 1.136188e+04
12.9 1.137673e+04 1.142292e+04 1.140786e+04 1.136166e+04
13.9 1.132610e+04 1.139843e+04 1.140877e+04 1.133643e+04
14.9 1.137981e+04 1.138208e+04 1.141058e+04 1.140831e+04
15.9 1.139398e+04 1.138813e+04 1.142634e+04 1.143219e+04
16.9 1.141609e+04 1.141571e+04 1.145770e+04 1.145808e+04
17.9 1.138631e+04 1.143800e+04 1.147723e+04 1.142554e+04
18.9 1.140486e+04 1.144653e+04 1.146638e+04 1.142471e+04
19.9 1.142037e+04 1.144631e+04 1.144258e+04 1.141663e+04
20.9 1.147914e+04 1.144306e+04 1.142300e+04 1.145909e+04
21.9 1.144537e+04 1.143919e+04 1.141130e+04 1.141748e+04
0.1 1.132610e+04 1.139843e+04 1.140877e+04 1.133643e+04
1.1 1.137981e+04 1.138208e+04 1.141058e+04 1.140831e+04
2.1 1.139398e+04 1.138813e+04 1.142634e+04 1.143219e+04
3.1 1.141609e+04 1.141571e+04 1.145770e+04 1.145808e+04
4.1 1.138631e+04 1.143800e+04 1.147723e+04 1.142554e+04
5.1 1.140486e+04 1.144653e+04 1.146638e+04 1.142471e+04
6.1 1.142037e+04 1.144631e+04 1.144258e+04 1.141663e+04
7.1 1.147914e+04 1.144306e+04 1.142300e+04 1.145909e+04
8.1 1.144537e+04 1.143919e+04 1.141130e+04 1.141748e+04
9.1 1.139579e+04 1.142239e+04 1.140561e+04 1.137902e+04
10.1 1.134141e+04 1.139865e+04 1.140376e+04 1.134651e+04
11.1 1.140585e+04 1.138104e+04 1.140457e+04 1.142938e+04
12.1 1.143191e+04 1.138284e+04 1.141728e+04 1.146635e+04
13.1 1.144381e+04 1.140891e+04 1.144831e+04 1.148321e+04
14.1 1.144931e+04 1.143386e+04 1.147404e+04 1.148950e+04
15.1 1.141995e+04 1.143536e+04 1.146940e+04 1.145399e+04
16.1 1.140286e+04 1.141874e+04 1.144683e+04 1.143096e+04
0.9 1.140585e+04 1.138104e+04 1.140457e+04 1.142938e+04
1.9 1.143191e+04 1.138284e+04 1.141728e+04 1.146635e+04
2.9 1.144381e+04 1.140891e+04 1.144831e+04 1.148321e+04
3.9 1.144931e+04 1.143386e+04 1.147404e+04 1.148950e+04
4.9 1.141995e+04 1.143536e+04 1.146940e+04 1.145399e+04
5.9 1.140286e+04 1.141874e+04 1.144683e+04 1.143096e+04
