0.5 8.743214e+03 8.723290e+03 8.711918e+03 8.731843e+03
1.5 8.726544e+03 8.731628e+03 8.721165e+03 8.716081e+03
2.5 8.771105e+03 8.742298e+03 8.748414e+03 8.777220e+03
3.5 8.743081e+03 8.735815e+03 8.755567e+03 8.762832e+03
4.5 8.739532e+03 8.731383e+03 8.743336e+03 8.751484e+03
5.5 8.770527e+03 8.739079e+03 8.747898e+03 8.779347e+03
6.5 8.807418e+03 8.740225e+03 8.759744e+03 8.826937e+03
7.5 8.744455e+03 8.718600e+03 8.750228e+03 8.776083e+03
8.5 8.714905e+03 8.700251e+03 8.731807e+03 8.746461e+03
9.5 8.722113e+03 8.704570e+03 8.717860e+03 8.735403e+03
10.5 8.751849e+03 8.719457e+03 8.720902e+03 8.753293e+03
11.5 8.827913e+03 8.735699e+03 8.744825e+03 8.837039e+03
12.5 8.769260e+03 8.727182e+03 8.749743e+03 8.791821e+03
13.5 8.717775e+03 8.713632e+03 8.736610e+03 8.740753e+03
14.5 8.726832e+03 8.717734e+03 8.722623e+03 8.731721e+03
15.5 8.793377e+03 8.747399e+03 8.713828e+03 8.759806e+03
16.5 8.810971e+03 8.756401e+03 8.709381e+03 8.763951e+03
17.5 8.735132e+03 8.748387e+03 8.707651e+03 8.694396e+03
18.5 8.733717e+03 8.741816e+03 8.712784e+03 8.704685e+03
19.5 8.731161e+03 8.746999e+03 8.740035e+03 8.724196e+03
20.5 8.749389e+03 8.750878e+03 8.753887e+03 8.752398e+03
0.9 8.739532e+03 8.731383e+03 8.743336e+03 8.751484e+03
1.9 8.770527e+03 8.739079e+03 8.747898e+03 8.779347e+03
2.9 8.807418e+03 8.740225e+03 8.759744e+03 8.826937e+03
3.9 8.744455e+03 8.718600e+03 8.750228e+03 8.776083e+03
4.9 8.714905e+03 8.700251e+03 8.731807e+03 8.746461e+03
5.9 8.722113e+03 8.704570e+03 8.717860e+03 8.735403e+03
6.9 8.751849e+03 8.719457e+03 8.720902e+03 8.753293e+03
7.9 8.827913e+03 8.735699e+03 8.744825e+03 8.837039e+03
8.9 8.769260e+03 8.727182e+03 8.749743e+03 8.791821e+03
9.9 8.717775e+03 8.713632e+03 8.736610e+03 8.740753e+03
10.9 8.726832e+03 8.717734e+03 8.722623e+03 8.731721e+03
11.9 8.793377e+03 8.747399e+03 8.713828e+03 8.759806e+03
12.9 8.810971e+03 8.756401e+03 8.709381e+03 8.763951e+03
13.9 8.735132e+03 8.748387e+03 8.707651e+03 8.694396e+03
14.9 8.733717e+03 8.741816e+03 8.712784e+03 8.704685e+03
15.9 8.731161e+03 8.746999e+03 8.740035e+03 8.724196e+03
16.9 8.749389e+03 8.750878e+03 8.753887e+03 8.752398e+03
17.9 8.697822e+03 8.754289e+03 8.744019e+03 8.687552e+03
18.9 8.688146e+03 8.754236e+03 8.733474e+03 8.667383e+03
19.9 8.730307e+03 8.756689e+03 8.748663e+03 8.722282e+03
20.9 8.811253e+03 8.751137e+03 8.756094e+03 8.816209e+03
0.5 8.722113e+03 8.704570e+03 8.717860e+03 8.735403e+03
1.5 8.751849e+03 8.719457e+03 8.720902e+03 8.753293e+03
2.5 8.827913e+03 8.735699e+03 8.744825e+03 8.837039e+03
3.5 8.769260e+03 8.727182e+03 8.749743e+03 8.791821e+03
4.5 8.717775e+03 8.713632e+03 8.736610e+03 8.740753e+03
5.5 8.726832e+03 8.717734e+03 8.722623e+03 8.731721e+03
6.5 8.793377e+03 8.747399e+03 8.713828e+03 8.759806e+03
7.5 8.810971e+03 8.756401e+03 8.709381e+03 8.763951e+03
8.5 8.735132e+03 8.748387e+03 8.707651e+03 8.694396e+03
9.5 8.733717e+03 8.741816e+03 8.712784e+03 8.704685e+03
10.5 8.731161e+03 8.746999e+03 8.740035e+03 8.724196e+03
11.5 8.749389e+03 8.750878e+03 8.753887e+03 8.752398e+03
12.5 8.697822e+03 8.754289e+03 8.744019e+03 8.687552e+03
13.5 8.688146e+03 8.754236e+03 8.733474e+03 8.667383e+03
14.5 8.730307e+03 8.756689e+03 8.748663e+03 8.722282e+03
15.5 8.811253e+03 8.751137e+03 8.756094e+03 8.816209e+03
16.5 8.791388e+03 8.743286e+03 8.742823e+03 8.790925e+03
17.5 8.742366e+03 8.737050e+03 8.729114e+03 8.734429e+03
18.5 8.725208e+03 8.740889e+03 8.742596e+03 8.726915e+03
19.5 8.750659e+03 8.735226e+03 8.753688e+03 8.769122e+03
20.5 8.772925e+03 8.724584e+03 8.743032e+03 8.791373e+03
0.3 8.735132e+03 8.748387e+03 8.707651e+03 8.694396e+03
1.3 8.733717e+03 8.741816e+03 8.712784e+03 8.704685e+03
2.3 8.731161e+03 8.746999e+03 8.740035e+03 8.724196e+03
3.3 8.749389e+03 8.750878e+03 8.753887e+03 8.752398e+03
4.3 8.697822e+03 8.754289e+03 8.744019e+03 8.687552e+03
5.3 8.688146e+03 8.754236e+03 8.733474e+03 8.667383e+03
6.3 8.730307e+03 8.756689e+03 8.748663e+03 8.722282e+03
7.3 8.811253e+03 8.751137e+03 8.756094e+03 8.816209e+03
8.3 8.791388e+03 8.743286e+03 8.742823e+03 8.790925e+03
9.3 8.742366e+03 8.737050e+03 8.729114e+03 8.734429e+03
10.3 8.725208e+03 8.740889e+03 8.742596e+03 8.726915e+03
11.3 8.750659e+03 8.735226e+03 8.753688e+03 8.769122e+03
12.3 8.772925e+03 8.724584e+03 8.743032e+03 8.791373e+03
13.3 8.784590e+03 8.727409e+03 8.726713e+03 8.783894e+03
14.3 8.761309e+03 8.733942e+03 8.721060e+03 8.748427e+03
15.3 8.773361e+03 8.744042e+03 8.741919e+03 8.771239e+03
16.3 8.740355e+03 8.734410e+03 8.751595e+03 8.757540e+03
17.3 8.699744e+03 8.708108e+03 8.740083e+03 8.731719e+03
18.3 8.669245e+03 8.684784e+03 8.724947e+03 8.709408e+03
19.3 8.695732e+03 8.671673e+03 8.714850e+03 8.738909e+03
20.3 8.755463e+03 8.677325e+03 8.709661e+03 8.787799e+03
0.2 8.697822e+03 8.754289e+03 8.744019e+03 8.687552e+03
1.2 8.688146e+03 8.754236e+03 8.733474e+03 8.667383e+03
2.2 8.730307e+03 8.756689e+03 8.748663e+03 8.722282e+03
3.2 8.811253e+03 8.751137e+03 8.756094e+03 8.816209e+03
4.2 8.791388e+03 8.743286e+03 8.742823e+03 8.790925e+03
5.2 8.742366e+03 8.737050e+03 8.729114e+03 8.734429e+03
6.2 8.725208e+03 8.740889e+03 8.742596e+03 8.726915e+03
7.2 8.750659e+03 8.735226e+03 8.753688e+03 8.769122e+03
8.2 8.772925e+03 8.724584e+03 8.743032e+03 8.791373e+03
9.2 8.784590e+03 8.727409e+03 8.726713e+03 8.783894e+03
10.2 8.761309e+03 8.733942e+03 8.721060e+03 8.748427e+03
11.2 8.773361e+03 8.744042e+03 8.741919e+03 8.771239e+03
12.2 8.740355e+03 8.734410e+03 8.751595e+03 8.757540e+03
13.2 8.699744e+03 8.708108e+03 8.740083e+03 8.731719e+03
14.2 8.669245e+03 8.684784e+03 8.724947e+03 8.709408e+03
15.2 8.695732e+03 8.671673e+03 8.714850e+03 8.738909e+03
16.2 8.755463e+03 8.677325e+03 8.709661e+03 8.787799e+03
17.2 8.788847e+03 8.703462e+03 8.707563e+03 8.792949e+03
18.2 8.809602e+03 8.737354e+03 8.707296e+03 8.779545e+03
19.2 8.839427e+03 8.767026e+03 8.708024e+03 8.780425e+03
20.2 8.779320e+03 8.755456e+03 8.709102e+03 8.732967e+03
0.1 8.791388e+03 8.743286e+03 8.742823e+03 8.790925e+03
1.1 8.742366e+03 8.737050e+03 8.729114e+03 8.734429e+03
2.1 8.725208e+03 8.740889e+03 8.742596e+03 8.726915e+03
3.1 8.750659e+03 8.735226e+03 8.753688e+03 8.769122e+03
4.1 8.772925e+03 8.724584e+03 8.743032e+03 8.791373e+03
5.1 8.784590e+03 8.727409e+03 8.726713e+03 8.783894e+03
6.1 8.761309e+03 8.733942e+03 8.721060e+03 8.748427e+03
7.1 8.773361e+03 8.744042e+03 8.741919e+03 8.771239e+03
8.1 8.740355e+03 8.734410e+03 8.751595e+03 8.757540e+03
9.1 8.699744e+03 8.708108e+03 8.740083e+03 8.731719e+03
10.1 8.669245e+03 8.684784e+03 8.724947e+03 8.709408e+03
11.1 8.695732e+03 8.671673e+03 8.714850e+03 8.738909e+03
12.1 8.755463e+03 8.677325e+03 8.709661e+03 8.787799e+03
13.1 8.788847e+03 8.703462e+03 8.707563e+03 8.792949e+03
14.1 8.809602e+03 8.737354e+03 8.707296e+03 8.779545e+03
15.1 8.839427e+03 8.767026e+03 8.708024e+03 8.780425e+03
16.1 8.779320e+03 8.755456e+03 8.709102e+03 8.732967e+03
17.1 8.746758e+03 8.734406e+03 8.710113e+03 8.722465e+03
18.1 8.739528e+03 8.730373e+03 8.710866e+03 8.720021e+03
19.1 8.768507e+03 8.746946e+03 8.711350e+03 8.732911e+03
20.1 8.787023e+03 8.762062e+03 8.711626e+03 8.736587e+03
0.3 8.784590e+03 8.727409e+03 8.726713e+03 8.783894e+03
1.3 8.761309e+03 8.733942e+03 8.721060e+03 8.748427e+03
2.3 8.773361e+03 8.744042e+03 8.741919e+03 8.771239e+03
3.3 8.740355e+03 8.734410e+03 8.751595e+03 8.757540e+03
4.3 8.699744e+03 8.708108e+03 8.740083e+03 8.731719e+03
5.3 8.669245e+03 8.684784e+03 8.724947e+03 8.709408e+03
6.3 8.695732e+03 8.671673e+03 8.714850e+03 8.738909e+03
7.3 8.755463e+03 8.677325e+03 8.709661e+03 8.787799e+03
8.3 8.788847e+03 8.703462e+03 8.707563e+03 8.792949e+03
9.3 8.809602e+03 8.737354e+03 8.707296e+03 8.779545e+03
10.3 8.839427e+03 8.767026e+03 8.708024e+03 8.780425e+03
11.3 8.779320e+03 8.755456e+03 8.709102e+03 8.732967e+03
12.3 8.746758e+03 8.734406e+03 8.710113e+03 8.722465e+03
13.3 8.739528e+03 8.730373e+03 8.710866e+03 8.720021e+03
14.3 8.768507e+03 8.746946e+03 8.711350e+03 8.732911e+03
15.3 8.787023e+03 8.762062e+03 8.711626e+03 8.736587e+03
16.3 8.766405e+03 8.740940e+03 8.711771e+03 8.737236e+03
17.3 8.757045e+03 8.712449e+03 8.711839e+03 8.756435e+03
18.3 8.785458e+03 8.709233e+03 8.711869e+03 8.788094e+03
19.3 8.796369e+03 8.721852e+03 8.711882e+03 8.786400e+03
20.3 8.813267e+03 8.743522e+03 8.711888e+03 8.781632e+03
0.6 8.695921e+03 8.728809e+03 8.712024e+03 8.679136e+03
1.6 8.750370e+03 8.734144e+03 8.724736e+03 8.740962e+03
2.6 8.793676e+03 8.741609e+03 8.751240e+03 8.803307e+03
3.6 8.757173e+03 8.725871e+03 8.754445e+03 8.785747e+03
4.6 8.712620e+03 8.699700e+03 8.739908e+03 8.752828e+03
5.6 8.718937e+03 8.679869e+03 8.725056e+03 8.764124e+03
6.6 8.746591e+03 8.669337e+03 8.715511e+03 8.792765e+03
7.6 8.751818e+03 8.665248e+03 8.710440e+03 8.797011e+03
8.6 8.776092e+03 8.667318e+03 8.708286e+03 8.817060e+03
9.6 8.765908e+03 8.687658e+03 8.707951e+03 8.786201e+03
10.6 8.800854e+03 8.717312e+03 8.710481e+03 8.794022e+03
11.6 8.755440e+03 8.744121e+03 8.733975e+03 8.745294e+03
12.6 8.844247e+03 8.758478e+03 8.754443e+03 8.840212e+03
13.6 8.860635e+03 8.759657e+03 8.751845e+03 8.852823e+03
14.6 8.795286e+03 8.761719e+03 8.760768e+03 8.794335e+03
15.6 8.718689e+03 8.752003e+03 8.764846e+03 8.731532e+03
16.6 8.689708e+03 8.739822e+03 8.748904e+03 8.698790e+03
17.6 8.675125e+03 8.738086e+03 8.729142e+03 8.666181e+03
18.6 8.712577e+03 8.740577e+03 8.726918e+03 8.698917e+03
19.6 8.731970e+03 8.747209e+03 8.746976e+03 8.731737e+03
20.6 8.767102e+03 8.748525e+03 8.749168e+03 8.767746e+03
1.0 8.800854e+03 8.717312e+03 8.710481e+03 8.794022e+03
2.0 8.755440e+03 8.744121e+03 8.733975e+03 8.745294e+03
3.0 8.844247e+03 8.758478e+03 8.754443e+03 8.840212e+03
4.0 8.860635e+03 8.759657e+03 8.751845e+03 8.852823e+03
5.0 8.795286e+03 8.761719e+03 8.760768e+03 8.794335e+03
6.0 8.718689e+03 8.752003e+03 8.764846e+03 8.731532e+03
7.0 8.689708e+03 8.739822e+03 8.748904e+03 8.698790e+03
8.0 8.675125e+03 8.738086e+03 8.729142e+03 8.666181e+03
9.0 8.712577e+03 8.740577e+03 8.726918e+03 8.698917e+03
10.0 8.731970e+03 8.747209e+03 8.746976e+03 8.731737e+03
11.0 8.767102e+03 8.748525e+03 8.749168e+03 8.767746e+03
12.0 8.722459e+03 8.751928e+03 8.734957e+03 8.705489e+03
13.0 8.737725e+03 8.753039e+03 8.728897e+03 8.713582e+03
14.0 8.753727e+03 8.755867e+03 8.747701e+03 8.745561e+03
15.0 8.771841e+03 8.748921e+03 8.752475e+03 8.775395e+03
16.0 8.785938e+03 8.740355e+03 8.747064e+03 8.792647e+03
17.0 8.779783e+03 8.741836e+03 8.758908e+03 8.796854e+03
18.0 8.742275e+03 8.727004e+03 8.757181e+03 8.772452e+03
19.0 8.678108e+03 8.700399e+03 8.739505e+03 8.717215e+03
20.0 8.685048e+03 8.679186e+03 8.722327e+03 8.728189e+03
21.0 8.708286e+03 8.667846e+03 8.711923e+03 8.752364e+03
0.1 8.844247e+03 8.758478e+03 8.754443e+03 8.840212e+03
1.1 8.860635e+03 8.759657e+03 8.751845e+03 8.852823e+03
2.1 8.795286e+03 8.761719e+03 8.760768e+03 8.794335e+03
3.1 8.718689e+03 8.752003e+03 8.764846e+03 8.731532e+03
4.1 8.689708e+03 8.739822e+03 8.748904e+03 8.698790e+03
5.1 8.675125e+03 8.738086e+03 8.729142e+03 8.666181e+03
6.1 8.712577e+03 8.740577e+03 8.726918e+03 8.698917e+03
7.1 8.731970e+03 8.747209e+03 8.746976e+03 8.731737e+03
8.1 8.767102e+03 8.748525e+03 8.749168e+03 8.767746e+03
9.1 8.722459e+03 8.751928e+03 8.734957e+03 8.705489e+03
10.1 8.737725e+03 8.753039e+03 8.728897e+03 8.713582e+03
11.1 8.753727e+03 8.755867e+03 8.747701e+03 8.745561e+03
12.1 8.771841e+03 8.748921e+03 8.752475e+03 8.775395e+03
13.1 8.785938e+03 8.740355e+03 8.747064e+03 8.792647e+03
14.1 8.779783e+03 8.741836e+03 8.758908e+03 8.796854e+03
15.1 8.742275e+03 8.727004e+03 8.757181e+03 8.772452e+03
16.1 8.678108e+03 8.700399e+03 8.739505e+03 8.717215e+03
17.1 8.685048e+03 8.679186e+03 8.722327e+03 8.728189e+03
18.1 8.708286e+03 8.667846e+03 8.711923e+03 8.752364e+03
19.1 8.698980e+03 8.664097e+03 8.707139e+03 8.742021e+03
20.1 8.705666e+03 8.674986e+03 8.705746e+03 8.736425e+03
0.5 8.675125e+03 8.738086e+03 8.729142e+03 8.666181e+03
1.5 8.712577e+03 8.740577e+03 8.726918e+03 8.698917e+03
2.5 8.731970e+03 8.747209e+03 8.746976e+03 8.731737e+03
3.5 8.767102e+03 8.748525e+03 8.749168e+03 8.767746e+03
4.5 8.722459e+03 8.751928e+03 8.734957e+03 8.705489e+03
5.5 8.737725e+03 8.753039e+03 8.728897e+03 8.713582e+03
6.5 8.753727e+03 8.755867e+03 8.747701e+03 8.745561e+03
7.5 8.771841e+03 8.748921e+03 8.752475e+03 8.775395e+03
8.5 8.785938e+03 8.740355e+03 8.747064e+03 8.792647e+03
9.5 8.779783e+03 8.741836e+03 8.758908e+03 8.796854e+03
10.5 8.742275e+03 8.727004e+03 8.757181e+03 8.772452e+03
11.5 8.678108e+03 8.700399e+03 8.739505e+03 8.717215e+03
12.5 8.685048e+03 8.679186e+03 8.722327e+03 8.728189e+03
13.5 8.708286e+03 8.667846e+03 8.711923e+03 8.752364e+03
14.5 8.698980e+03 8.664097e+03 8.707139e+03 8.742021e+03
15.5 8.705666e+03 8.674986e+03 8.705746e+03 8.736425e+03
16.5 8.730652e+03 8.704056e+03 8.706330e+03 8.732927e+03
17.5 8.771498e+03 8.732422e+03 8.720312e+03 8.759389e+03
18.5 8.766079e+03 8.749603e+03 8.748224e+03 8.764700e+03
19.5 8.727624e+03 8.742681e+03 8.752598e+03 8.737541e+03
20.5 8.753286e+03 8.733742e+03 8.741328e+03 8.760872e+03
0.4 8.722459e+03 8.751928e+03 8.734957e+03 8.705489e+03
1.4 8.737725e+03 8.753039e+03 8.728897e+03 8.713582e+03
2.4 8.753727e+03 8.755867e+03 8.747701e+03 8.745561e+03
3.4 8.771841e+03 8.748921e+03 8.752475e+03 8.775395e+03
4.4 8.785938e+03 8.740355e+03 8.747064e+03 8.792647e+03
5.4 8.779783e+03 8.741836e+03 8.758908e+03 8.796854e+03
6.4 8.742275e+03 8.727004e+03 8.757181e+03 8.772452e+03
7.4 8.678108e+03 8.700399e+03 8.739505e+03 8.717215e+03
8.4 8.685048e+03 8.679186e+03 8.722327e+03 8.728189e+03
9.4 8.708286e+03 8.667846e+03 8.711923e+03 8.752364e+03
10.4 8.698980e+03 8.664097e+03 8.707139e+03 8.742021e+03
11.4 8.705666e+03 8.674986e+03 8.705746e+03 8.736425e+03
12.4 8.730652e+03 8.704056e+03 8.706330e+03 8.732927e+03
13.4 8.771498e+03 8.732422e+03 8.720312e+03 8.759389e+03
14.4 8.766079e+03 8.749603e+03 8.748224e+03 8.764700e+03
15.4 8.727624e+03 8.742681e+03 8.752598e+03 8.737541e+03
16.4 8.753286e+03 8.733742e+03 8.741328e+03 8.760872e+03
17.4 8.759034e+03 8.739443e+03 8.750631e+03 8.770222e+03
18.4 8.769494e+03 8.736664e+03 8.759543e+03 8.792373e+03
19.4 8.693675e+03 8.719014e+03 8.747151e+03 8.721811e+03
20.4 8.701329e+03 8.713391e+03 8.728908e+03 8.716847e+03
0.4 8.771841e+03 8.748921e+03 8.752475e+03 8.775395e+03
1.4 8.785938e+03 8.740355e+03 8.747064e+03 8.792647e+03
2.4 8.779783e+03 8.741836e+03 8.758908e+03 8.796854e+03
3.4 8.742275e+03 8.727004e+03 8.757181e+03 8.772452e+03
4.4 8.678108e+03 8.700399e+03 8.739505e+03 8.717215e+03
5.4 8.685048e+03 8.679186e+03 8.722327e+03 8.728189e+03
6.4 8.708286e+03 8.667846e+03 8.711923e+03 8.752364e+03
7.4 8.698980e+03 8.664097e+03 8.707139e+03 8.742021e+03
8.4 8.705666e+03 8.674986e+03 8.705746e+03 8.736425e+03
9.4 8.730652e+03 8.704056e+03 8.706330e+03 8.732927e+03
10.4 8.771498e+03 8.732422e+03 8.720312e+03 8.759389e+03
11.4 8.766079e+03 8.749603e+03 8.748224e+03 8.764700e+03
12.4 8.727624e+03 8.742681e+03 8.752598e+03 8.737541e+03
13.4 8.753286e+03 8.733742e+03 8.741328e+03 8.760872e+03
14.4 8.759034e+03 8.739443e+03 8.750631e+03 8.770222e+03
15.4 8.769494e+03 8.736664e+03 8.759543e+03 8.792373e+03
16.4 8.693675e+03 8.719014e+03 8.747151e+03 8.721811e+03
17.4 8.701329e+03 8.713391e+03 8.728908e+03 8.716847e+03
18.4 8.715685e+03 8.736226e+03 8.716070e+03 8.695528e+03
19.4 8.746245e+03 8.754227e+03 8.709435e+03 8.701453e+03
20.4 8.696405e+03 8.734908e+03 8.706824e+03 8.668320e+03
0.6 8.730652e+03 8.704056e+03 8.706330e+03 8.732927e+03
1.6 8.771498e+03 8.732422e+03 8.720312e+03 8.759389e+03
2.6 8.766079e+03 8.749603e+03 8.748224e+03 8.764700e+03
3.6 8.727624e+03 8.742681e+03 8.752598e+03 8.737541e+03
4.6 8.753286e+03 8.733742e+03 8.741328e+03 8.760872e+03
5.6 8.759034e+03 8.739443e+03 8.750631e+03 8.770222e+03
6.6 8.769494e+03 8.736664e+03 8.759543e+03 8.792373e+03
7.6 8.693675e+03 8.719014e+03 8.747151e+03 8.721811e+03
8.6 8.701329e+03 8.713391e+03 8.728908e+03 8.716847e+03
9.6 8.715685e+03 8.736226e+03 8.716070e+03 8.695528e+03
10.6 8.746245e+03 8.754227e+03 8.709435e+03 8.701453e+03
11.6 8.696405e+03 8.734908e+03 8.706824e+03 8.668320e+03
12.6 8.673542e+03 8.703979e+03 8.706497e+03 8.676061e+03
13.6 8.701468e+03 8.681530e+03 8.707340e+03 8.727278e+03
14.6 8.717414e+03 8.669615e+03 8.708592e+03 8.756391e+03
15.6 8.689830e+03 8.668350e+03 8.709769e+03 8.731248e+03
16.6 8.686676e+03 8.686812e+03 8.710933e+03 8.710798e+03
17.6 8.692404e+03 8.716412e+03 8.726426e+03 8.702418e+03
18.6 8.738696e+03 8.737919e+03 8.752327e+03 8.753104e+03
19.6 8.752975e+03 8.728043e+03 8.753440e+03 8.778372e+03
20.6 8.704407e+03 8.704831e+03 8.738422e+03 8.737999e+03
0.1 8.727624e+03 8.742681e+03 8.752598e+03 8.737541e+03
1.1 8.753286e+03 8.733742e+03 8.741328e+03 8.760872e+03
2.1 8.759034e+03 8.739443e+03 8.750631e+03 8.770222e+03
3.1 8.769494e+03 8.736664e+03 8.759543e+03 8.792373e+03
4.1 8.693675e+03 8.719014e+03 8.747151e+03 8.721811e+03
5.1 8.701329e+03 8.713391e+03 8.728908e+03 8.716847e+03
6.1 8.715685e+03 8.736226e+03 8.716070e+03 8.695528e+03
7.1 8.746245e+03 8.754227e+03 8.709435e+03 8.701453e+03
8.1 8.696405e+03 8.734908e+03 8.706824e+03 8.668320e+03
9.1 8.673542e+03 8.703979e+03 8.706497e+03 8.676061e+03
10.1 8.701468e+03 8.681530e+03 8.707340e+03 8.727278e+03
11.1 8.717414e+03 8.669615e+03 8.708592e+03 8.756391e+03
12.1 8.689830e+03 8.668350e+03 8.709769e+03 8.731248e+03
13.1 8.686676e+03 8.686812e+03 8.710933e+03 8.710798e+03
14.1 8.692404e+03 8.716412e+03 8.726426e+03 8.702418e+03
15.1 8.738696e+03 8.737919e+03 8.752327e+03 8.753104e+03
16.1 8.752975e+03 8.728043e+03 8.753440e+03 8.778372e+03
17.1 8.704407e+03 8.704831e+03 8.738422e+03 8.737999e+03
18.1 8.672334e+03 8.694031e+03 8.723996e+03 8.702299e+03
19.1 8.709683e+03 8.703689e+03 8.714915e+03 8.720909e+03
20.1 8.738296e+03 8.727682e+03 8.710155e+03 8.720769e+03
0.7 8.686676e+03 8.686812e+03 8.710933e+03 8.710798e+03
1.7 8.692404e+03 8.716412e+03 8.726426e+03 8.702418e+03
2.7 8.738696e+03 8.737919e+03 8.752327e+03 8.753104e+03
3.7 8.752975e+03 8.728043e+03 8.753440e+03 8.778372e+03
4.7 8.704407e+03 8.704831e+03 8.738422e+03 8.737999e+03
5.7 8.672334e+03 8.694031e+03 8.723996e+03 8.702299e+03
6.7 8.709683e+03 8.703689e+03 8.714915e+03 8.720909e+03
7.7 8.738296e+03 8.727682e+03 8.710155e+03 8.720769e+03
8.7 8.692774e+03 8.757187e+03 8.708199e+03 8.643786e+03
9.7 8.722845e+03 8.748375e+03 8.707978e+03 8.682448e+03
10.7 8.694654e+03 8.717316e+03 8.708668e+03 8.686006e+03
11.7 8.627567e+03 8.690432e+03 8.709631e+03 8.646766e+03
12.7 8.490306e+03 8.674458e+03 8.710491e+03 8.526339e+03
13.7 8.513637e+03 8.666850e+03 8.711107e+03 8.557893e+03
14.7 8.526896e+03 8.666495e+03 8.711487e+03 8.571888e+03
15.7 8.624644e+03 8.682553e+03 8.711698e+03 8.653790e+03
16.7 8.675660e+03 8.709520e+03 8.711823e+03 8.677963e+03
17.7 8.741789e+03 8.730966e+03 8.720476e+03 8.731299e+03
18.7 8.765806e+03 8.749150e+03 8.747768e+03 8.764424e+03
19.7 8.788282e+03 8.753599e+03 8.755735e+03 8.790418e+03
20.7 8.735584e+03 8.753860e+03 8.742763e+03 8.724486e+03
0.4 8.675660e+03 8.709520e+03 8.711823e+03 8.677963e+03
1.4 8.741789e+03 8.730966e+03 8.720476e+03 8.731299e+03
2.4 8.765806e+03 8.749150e+03 8.747768e+03 8.764424e+03
3.4 8.788282e+03 8.753599e+03 8.755735e+03 8.790418e+03
4.4 8.735584e+03 8.753860e+03 8.742763e+03 8.724486e+03
5.4 8.709971e+03 8.751474e+03 8.732975e+03 8.691472e+03
6.4 8.720885e+03 8.754503e+03 8.749217e+03 8.715599e+03
7.4 8.726922e+03 8.751260e+03 8.755504e+03 8.731165e+03
8.4 8.772010e+03 8.747908e+03 8.741726e+03 8.765827e+03
9.4 8.778798e+03 8.763733e+03 8.725234e+03 8.740298e+03
10.4 8.762635e+03 8.760235e+03 8.714499e+03 8.716899e+03
11.4 8.759695e+03 8.743217e+03 8.710037e+03 8.726515e+03
12.4 8.774544e+03 8.738613e+03 8.727297e+03 8.763229e+03
13.4 8.786754e+03 8.736079e+03 8.749910e+03 8.800586e+03
14.4 8.723211e+03 8.714789e+03 8.747499e+03 8.755921e+03
15.4 8.715758e+03 8.698539e+03 8.732813e+03 8.750031e+03
16.4 8.707805e+03 8.708460e+03 8.720284e+03 8.719630e+03
17.4 8.707332e+03 8.726988e+03 8.722078e+03 8.702423e+03
18.4 8.727958e+03 8.742997e+03 8.745632e+03 8.730593e+03
19.4 8.703031e+03 8.737590e+03 8.751470e+03 8.716911e+03
20.4 8.695562e+03 8.730205e+03 8.738327e+03 8.703683e+03
0.3 8.735584e+03 8.753860e+03 8.742763e+03 8.724486e+03
1.3 8.709971e+03 8.751474e+03 8.732975e+03 8.691472e+03
2.3 8.720885e+03 8.754503e+03 8.749217e+03 8.715599e+03
3.3 8.726922e+03 8.751260e+03 8.755504e+03 8.731165e+03
4.3 8.772010e+03 8.747908e+03 8.741726e+03 8.765827e+03
5.3 8.778798e+03 8.763733e+03 8.725234e+03 8.740298e+03
6.3 8.762635e+03 8.760235e+03 8.714499e+03 8.716899e+03
7.3 8.759695e+03 8.743217e+03 8.710037e+03 8.726515e+03
8.3 8.774544e+03 8.738613e+03 8.727297e+03 8.763229e+03
9.3 8.786754e+03 8.736079e+03 8.749910e+03 8.800586e+03
10.3 8.723211e+03 8.714789e+03 8.747499e+03 8.755921e+03
11.3 8.715758e+03 8.698539e+03 8.732813e+03 8.750031e+03
12.3 8.707805e+03 8.708460e+03 8.720284e+03 8.719630e+03
13.3 8.707332e+03 8.726988e+03 8.722078e+03 8.702423e+03
14.3 8.727958e+03 8.742997e+03 8.745632e+03 8.730593e+03
15.3 8.703031e+03 8.737590e+03 8.751470e+03 8.716911e+03
16.3 8.695562e+03 8.730205e+03 8.738327e+03 8.703683e+03
17.3 8.731519e+03 8.746505e+03 8.723758e+03 8.708772e+03
18.3 8.800603e+03 8.760489e+03 8.714440e+03 8.754554e+03
19.3 8.799061e+03 8.751006e+03 8.709698e+03 8.757753e+03
20.3 8.798421e+03 8.741540e+03 8.717027e+03 8.773908e+03
0.9 8.759695e+03 8.743217e+03 8.710037e+03 8.726515e+03
1.9 8.774544e+03 8.738613e+03 8.727297e+03 8.763229e+03
2.9 8.786754e+03 8.736079e+03 8.749910e+03 8.800586e+03
3.9 8.723211e+03 8.714789e+03 8.747499e+03 8.755921e+03
4.9 8.715758e+03 8.698539e+03 8.732813e+03 8.750031e+03
5.9 8.707805e+03 8.708460e+03 8.720284e+03 8.719630e+03
6.9 8.707332e+03 8.726988e+03 8.722078e+03 8.702423e+03
7.9 8.727958e+03 8.742997e+03 8.745632e+03 8.730593e+03
8.9 8.703031e+03 8.737590e+03 8.751470e+03 8.716911e+03
9.9 8.695562e+03 8.730205e+03 8.738327e+03 8.703683e+03
10.9 8.731519e+03 8.746505e+03 8.723758e+03 8.708772e+03
11.9 8.800603e+03 8.760489e+03 8.714440e+03 8.754554e+03
12.9 8.799061e+03 8.751006e+03 8.709698e+03 8.757753e+03
13.9 8.798421e+03 8.741540e+03 8.717027e+03 8.773908e+03
14.9 8.783151e+03 8.743226e+03 8.744087e+03 8.784012e+03
15.9 8.735868e+03 8.727846e+03 8.751974e+03 8.759996e+03
16.9 8.638142e+03 8.700832e+03 8.739733e+03 8.677044e+03
17.9 8.636510e+03 8.679473e+03 8.725265e+03 8.682301e+03
18.9 8.624901e+03 8.668082e+03 8.715645e+03 8.672464e+03
19.9 8.649749e+03 8.663867e+03 8.710477e+03 8.696359e+03
20.9 8.640971e+03 8.663647e+03 8.708230e+03 8.685553e+03
0.5 8.707805e+03 8.708460e+03 8.720284e+03 8.719630e+03
1.5 8.707332e+03 8.726988e+03 8.722078e+03 8.702423e+03
2.5 8.727958e+03 8.742997e+03 8.745632e+03 8.730593e+03
3.5 8.703031e+03 8.737590e+03 8.751470e+03 8.716911e+03
4.5 8.695562e+03 8.730205e+03 8.738327e+03 8.703683e+03
5.5 8.731519e+03 8.746505e+03 8.723758e+03 8.708772e+03
6.5 8.800603e+03 8.760489e+03 8.714440e+03 8.754554e+03
7.5 8.799061e+03 8.751006e+03 8.709698e+03 8.757753e+03
8.5 8.798421e+03 8.741540e+03 8.717027e+03 8.773908e+03
9.5 8.783151e+03 8.743226e+03 8.744087e+03 8.784012e+03
10.5 8.735868e+03 8.727846e+03 8.751974e+03 8.759996e+03
11.5 8.638142e+03 8.700832e+03 8.739733e+03 8.677044e+03
12.5 8.636510e+03 8.679473e+03 8.725265e+03 8.682301e+03
13.5 8.624901e+03 8.668082e+03 8.715645e+03 8.672464e+03
14.5 8.649749e+03 8.663867e+03 8.710477e+03 8.696359e+03
15.5 8.640971e+03 8.663647e+03 8.708230e+03 8.685553e+03
16.5 8.664410e+03 8.665775e+03 8.707817e+03 8.706452e+03
17.5 8.688533e+03 8.679154e+03 8.708422e+03 8.717802e+03
18.5 8.743653e+03 8.710112e+03 8.709393e+03 8.742934e+03
19.5 8.785692e+03 8.737811e+03 8.712464e+03 8.760345e+03
20.5 8.832568e+03 8.756977e+03 8.736254e+03 8.811844e+03
0.5 8.799061e+03 8.751006e+03 8.709698e+03 8.757753e+03
1.5 8.798421e+03 8.741540e+03 8.717027e+03 8.773908e+03
2.5 8.783151e+03 8.743226e+03 8.744087e+03 8.784012e+03
3.5 8.735868e+03 8.727846e+03 8.751974e+03 8.759996e+03
4.5 8.638142e+03 8.700832e+03 8.739733e+03 8.677044e+03
5.5 8.636510e+03 8.679473e+03 8.725265e+03 8.682301e+03
6.5 8.624901e+03 8.668082e+03 8.715645e+03 8.672464e+03
7.5 8.649749e+03 8.663867e+03 8.710477e+03 8.696359e+03
8.5 8.640971e+03 8.663647e+03 8.708230e+03 8.685553e+03
9.5 8.664410e+03 8.665775e+03 8.707817e+03 8.706452e+03
10.5 8.688533e+03 8.679154e+03 8.708422e+03 8.717802e+03
11.5 8.743653e+03 8.710112e+03 8.709393e+03 8.742934e+03
12.5 8.785692e+03 8.737811e+03 8.712464e+03 8.760345e+03
13.5 8.832568e+03 8.756977e+03 8.736254e+03 8.811844e+03
14.5 8.766730e+03 8.762445e+03 8.755582e+03 8.759867e+03
15.5 8.706226e+03 8.757337e+03 8.748913e+03 8.697802e+03
16.5 8.666482e+03 8.748970e+03 8.734785e+03 8.652297e+03
17.5 8.702858e+03 8.748624e+03 8.744688e+03 8.698922e+03
18.5 8.706382e+03 8.741138e+03 8.756890e+03 8.722134e+03
19.5 8.706737e+03 8.715204e+03 8.746897e+03 8.738430e+03
20.5 8.711994e+03 8.688988e+03 8.729519e+03 8.752525e+03
1.0 8.785692e+03 8.737811e+03 8.712464e+03 8.760345e+03
2.0 8.832568e+03 8.756977e+03 8.736254e+03 8.811844e+03
3.0 8.766730e+03 8.762445e+03 8.755582e+03 8.759867e+03
4.0 8.706226e+03 8.757337e+03 8.748913e+03 8.697802e+03
5.0 8.666482e+03 8.748970e+03 8.734785e+03 8.652297e+03
6.0 8.702858e+03 8.748624e+03 8.744688e+03 8.698922e+03
7.0 8.706382e+03 8.741138e+03 8.756890e+03 8.722134e+03
8.0 8.706737e+03 8.715204e+03 8.746897e+03 8.738430e+03
9.0 8.711994e+03 8.688988e+03 8.729519e+03 8.752525e+03
10.0 8.717402e+03 8.675440e+03 8.716850e+03 8.758812e+03
11.0 8.735393e+03 8.686188e+03 8.710145e+03 8.759350e+03
12.0 8.766672e+03 8.718344e+03 8.707357e+03 8.755685e+03
13.0 8.763600e+03 8.754671e+03 8.706825e+03 8.715754e+03
14.0 8.801214e+03 8.759063e+03 8.707502e+03 8.749652e+03
15.0 8.801304e+03 8.752860e+03 8.712128e+03 8.760572e+03
16.0 8.788850e+03 8.754838e+03 8.738344e+03 8.772356e+03
17.0 8.744541e+03 8.743450e+03 8.755159e+03 8.756250e+03
18.0 8.617452e+03 8.714347e+03 8.746732e+03 8.649838e+03
19.0 8.623866e+03 8.690800e+03 8.730940e+03 8.664006e+03
20.0 8.682976e+03 8.693647e+03 8.719280e+03 8.708609e+03
21.0 8.763274e+03 8.714704e+03 8.726643e+03 8.775213e+03
1.0 8.666482e+03 8.748970e+03 8.734785e+03 8.652297e+03
2.0 8.702858e+03 8.748624e+03 8.744688e+03 8.698922e+03
3.0 8.706382e+03 8.741138e+03 8.756890e+03 8.722134e+03
4.0 8.706737e+03 8.715204e+03 8.746897e+03 8.738430e+03
5.0 8.711994e+03 8.688988e+03 8.729519e+03 8.752525e+03
6.0 8.717402e+03 8.675440e+03 8.716850e+03 8.758812e+03
7.0 8.735393e+03 8.686188e+03 8.710145e+03 8.759350e+03
8.0 8.766672e+03 8.718344e+03 8.707357e+03 8.755685e+03
9.0 8.763600e+03 8.754671e+03 8.706825e+03 8.715754e+03
10.0 8.801214e+03 8.759063e+03 8.707502e+03 8.749652e+03
11.0 8.801304e+03 8.752860e+03 8.712128e+03 8.760572e+03
12.0 8.788850e+03 8.754838e+03 8.738344e+03 8.772356e+03
13.0 8.744541e+03 8.743450e+03 8.755159e+03 8.756250e+03
14.0 8.617452e+03 8.714347e+03 8.746732e+03 8.649838e+03
15.0 8.623866e+03 8.690800e+03 8.730940e+03 8.664006e+03
16.0 8.682976e+03 8.693647e+03 8.719280e+03 8.708609e+03
17.0 8.763274e+03 8.714704e+03 8.726643e+03 8.775213e+03
18.0 8.789986e+03 8.733217e+03 8.749275e+03 8.806044e+03
19.0 8.737204e+03 8.725238e+03 8.749923e+03 8.761890e+03
20.0 8.699202e+03 8.720334e+03 8.735290e+03 8.714158e+03
21.0 8.697790e+03 8.730738e+03 8.721574e+03 8.688626e+03
0.1 8.801214e+03 8.759063e+03 8.707502e+03 8.749652e+03
1.1 8.801304e+03 8.752860e+03 8.712128e+03 8.760572e+03
2.1 8.788850e+03 8.754838e+03 8.738344e+03 8.772356e+03
3.1 8.744541e+03 8.743450e+03 8.755159e+03 8.756250e+03
4.1 8.617452e+03 8.714347e+03 8.746732e+03 8.649838e+03
5.1 8.623866e+03 8.690800e+03 8.730940e+03 8.664006e+03
6.1 8.682976e+03 8.693647e+03 8.719280e+03 8.708609e+03
7.1 8.763274e+03 8.714704e+03 8.726643e+03 8.775213e+03
8.1 8.789986e+03 8.733217e+03 8.749275e+03 8.806044e+03
9.1 8.737204e+03 8.725238e+03 8.749923e+03 8.761890e+03
10.1 8.699202e+03 8.720334e+03 8.735290e+03 8.714158e+03
11.1 8.697790e+03 8.730738e+03 8.721574e+03 8.688626e+03
12.1 8.724971e+03 8.756257e+03 8.713277e+03 8.681990e+03
13.1 8.770309e+03 8.767106e+03 8.709164e+03 8.712367e+03
14.1 8.701410e+03 8.740820e+03 8.707642e+03 8.668232e+03
15.1 8.663214e+03 8.714237e+03 8.707678e+03 8.656656e+03
16.1 8.710028e+03 8.716826e+03 8.708507e+03 8.701709e+03
17.1 8.710025e+03 8.731814e+03 8.710593e+03 8.688804e+03
18.1 8.741081e+03 8.745735e+03 8.731470e+03 8.726816e+03
19.1 8.779235e+03 8.752356e+03 8.754267e+03 8.781146e+03
20.1 8.741484e+03 8.750349e+03 8.750749e+03 8.741884e+03
0.7 8.682976e+03 8.693647e+03 8.719280e+03 8.708609e+03
1.7 8.763274e+03 8.714704e+03 8.726643e+03 8.775213e+03
2.7 8.789986e+03 8.733217e+03 8.749275e+03 8.806044e+03
3.7 8.737204e+03 8.725238e+03 8.749923e+03 8.761890e+03
4.7 8.699202e+03 8.720334e+03 8.735290e+03 8.714158e+03
5.7 8.697790e+03 8.730738e+03 8.721574e+03 8.688626e+03
6.7 8.724971e+03 8.756257e+03 8.713277e+03 8.681990e+03
7.7 8.770309e+03 8.767106e+03 8.709164e+03 8.712367e+03
8.7 8.701410e+03 8.740820e+03 8.707642e+03 8.668232e+03
9.7 8.663214e+03 8.714237e+03 8.707678e+03 8.656656e+03
10.7 8.710028e+03 8.716826e+03 8.708507e+03 8.701709e+03
11.7 8.710025e+03 8.731814e+03 8.710593e+03 8.688804e+03
12.7 8.741081e+03 8.745735e+03 8.731470e+03 8.726816e+03
13.7 8.779235e+03 8.752356e+03 8.754267e+03 8.781146e+03
14.7 8.741484e+03 8.750349e+03 8.750749e+03 8.741884e+03
15.7 8.673772e+03 8.745933e+03 8.735929e+03 8.663768e+03
16.7 8.668124e+03 8.746592e+03 8.741861e+03 8.663394e+03
17.7 8.671605e+03 8.742911e+03 8.756558e+03 8.685253e+03
18.7 8.615582e+03 8.718922e+03 8.749219e+03 8.645879e+03
19.7 8.627753e+03 8.691820e+03 8.731842e+03 8.667775e+03
20.7 8.697561e+03 8.674038e+03 8.718256e+03 8.741779e+03
0.9 8.710025e+03 8.731814e+03 8.710593e+03 8.688804e+03
1.9 8.741081e+03 8.745735e+03 8.731470e+03 8.726816e+03
2.9 8.779235e+03 8.752356e+03 8.754267e+03 8.781146e+03
3.9 8.741484e+03 8.750349e+03 8.750749e+03 8.741884e+03
4.9 8.673772e+03 8.745933e+03 8.735929e+03 8.663768e+03
5.9 8.668124e+03 8.746592e+03 8.741861e+03 8.663394e+03
6.9 8.671605e+03 8.742911e+03 8.756558e+03 8.685253e+03
7.9 8.615582e+03 8.718922e+03 8.749219e+03 8.645879e+03
8.9 8.627753e+03 8.691820e+03 8.731842e+03 8.667775e+03
9.9 8.697561e+03 8.674038e+03 8.718256e+03 8.741779e+03
10.9 8.698325e+03 8.669197e+03 8.710814e+03 8.739942e+03
11.9 8.686986e+03 8.684116e+03 8.707587e+03 8.710457e+03
12.9 8.668733e+03 8.708787e+03 8.706806e+03 8.666753e+03
13.9 8.732233e+03 8.747488e+03 8.707361e+03 8.692106e+03
14.9 8.754082e+03 8.757841e+03 8.708478e+03 8.704719e+03
15.9 8.639184e+03 8.732375e+03 8.709628e+03 8.616437e+03
16.9 8.571250e+03 8.701844e+03 8.710542e+03 8.579947e+03
17.9 8.591952e+03 8.685783e+03 8.711156e+03 8.617325e+03
18.9 8.630555e+03 8.693436e+03 8.711521e+03 8.648641e+03
19.9 8.664675e+03 8.714004e+03 8.711717e+03 8.662389e+03
20.9 8.709619e+03 8.749506e+03 8.711815e+03 8.671928e+03
0.9 8.673772e+03 8.745933e+03 8.735929e+03 8.663768e+03
1.9 8.668124e+03 8.746592e+03 8.741861e+03 8.663394e+03
2.9 8.671605e+03 8.742911e+03 8.756558e+03 8.685253e+03
3.9 8.615582e+03 8.718922e+03 8.749219e+03 8.645879e+03
4.9 8.627753e+03 8.691820e+03 8.731842e+03 8.667775e+03
5.9 8.697561e+03 8.674038e+03 8.718256e+03 8.741779e+03
6.9 8.698325e+03 8.669197e+03 8.710814e+03 8.739942e+03
7.9 8.686986e+03 8.684116e+03 8.707587e+03 8.710457e+03
8.9 8.668733e+03 8.708787e+03 8.706806e+03 8.666753e+03
9.9 8.732233e+03 8.747488e+03 8.707361e+03 8.692106e+03
10.9 8.754082e+03 8.757841e+03 8.708478e+03 8.704719e+03
11.9 8.639184e+03 8.732375e+03 8.709628e+03 8.616437e+03
12.9 8.571250e+03 8.701844e+03 8.710542e+03 8.579947e+03
13.9 8.591952e+03 8.685783e+03 8.711156e+03 8.617325e+03
14.9 8.630555e+03 8.693436e+03 8.711521e+03 8.648641e+03
15.9 8.664675e+03 8.714004e+03 8.711717e+03 8.662389e+03
16.9 8.709619e+03 8.749506e+03 8.711815e+03 8.671928e+03
17.9 8.708608e+03 8.758407e+03 8.711859e+03 8.662061e+03
18.9 8.727021e+03 8.753641e+03 8.711878e+03 8.685258e+03
19.9 8.710327e+03 8.753637e+03 8.711886e+03 8.668576e+03
20.9 8.703860e+03 8.770554e+03 8.711890e+03 8.645196e+03
0.8 8.689759e+03 8.735747e+03 8.712516e+03 8.666528e+03
1.8 8.710301e+03 8.745258e+03 8.730377e+03 8.695420e+03
2.8 8.726059e+03 8.745825e+03 8.754188e+03 8.734422e+03
3.8 8.737781e+03 8.731971e+03 8.752270e+03 8.758081e+03
4.8 8.694225e+03 8.727890e+03 8.736718e+03 8.703052e+03
5.8 8.661395e+03 8.733295e+03 8.734803e+03 8.662902e+03
6.8 8.738232e+03 8.741110e+03 8.753025e+03 8.750148e+03
7.8 8.778293e+03 8.733665e+03 8.752627e+03 8.797254e+03
8.8 8.734690e+03 8.730113e+03 8.738486e+03 8.743062e+03
9.8 8.729797e+03 8.739294e+03 8.745969e+03 8.736472e+03
10.8 8.647879e+03 8.740731e+03 8.756613e+03 8.663761e+03
11.8 8.565474e+03 8.736673e+03 8.746058e+03 8.574860e+03
12.8 8.596191e+03 8.739145e+03 8.730441e+03 8.587487e+03
13.8 8.635503e+03 8.747613e+03 8.740340e+03 8.628230e+03
14.8 8.653316e+03 8.743052e+03 8.753363e+03 8.663628e+03
15.8 8.663296e+03 8.717233e+03 8.744424e+03 8.690487e+03
16.8 8.642492e+03 8.691484e+03 8.727969e+03 8.678976e+03
17.8 8.693829e+03 8.687658e+03 8.715958e+03 8.722130e+03
18.8 8.712987e+03 8.706280e+03 8.709667e+03 8.716373e+03
19.8 8.716881e+03 8.727724e+03 8.707115e+03 8.696272e+03
20.8 8.702063e+03 8.759688e+03 8.706709e+03 8.649085e+03
0.6 8.694225e+03 8.727890e+03 8.736718e+03 8.703052e+03
1.6 8.661395e+03 8.733295e+03 8.734803e+03 8.662902e+03
2.6 8.738232e+03 8.741110e+03 8.753025e+03 8.750148e+03
3.6 8.778293e+03 8.733665e+03 8.752627e+03 8.797254e+03
4.6 8.734690e+03 8.730113e+03 8.738486e+03 8.743062e+03
5.6 8.729797e+03 8.739294e+03 8.745969e+03 8.736472e+03
6.6 8.647879e+03 8.740731e+03 8.756613e+03 8.663761e+03
7.6 8.565474e+03 8.736673e+03 8.746058e+03 8.574860e+03
8.6 8.596191e+03 8.739145e+03 8.730441e+03 8.587487e+03
9.6 8.635503e+03 8.747613e+03 8.740340e+03 8.628230e+03
10.6 8.653316e+03 8.743052e+03 8.753363e+03 8.663628e+03
11.6 8.663296e+03 8.717233e+03 8.744424e+03 8.690487e+03
12.6 8.642492e+03 8.691484e+03 8.727969e+03 8.678976e+03
13.6 8.693829e+03 8.687658e+03 8.715958e+03 8.722130e+03
14.6 8.712987e+03 8.706280e+03 8.709667e+03 8.716373e+03
15.6 8.716881e+03 8.727724e+03 8.707115e+03 8.696272e+03
16.6 8.702063e+03 8.759688e+03 8.706709e+03 8.649085e+03
17.6 8.716323e+03 8.773199e+03 8.707449e+03 8.650573e+03
18.6 8.765963e+03 8.768045e+03 8.708626e+03 8.706543e+03
19.6 8.778215e+03 8.776179e+03 8.709766e+03 8.711802e+03
20.6 8.757751e+03 8.761224e+03 8.710643e+03 8.707170e+03
1.0 8.734690e+03 8.730113e+03 8.738486e+03 8.743062e+03
2.0 8.729797e+03 8.739294e+03 8.745969e+03 8.736472e+03
3.0 8.647879e+03 8.740731e+03 8.756613e+03 8.663761e+03
4.0 8.565474e+03 8.736673e+03 8.746058e+03 8.574860e+03
5.0 8.596191e+03 8.739145e+03 8.730441e+03 8.587487e+03
6.0 8.635503e+03 8.747613e+03 8.740340e+03 8.628230e+03
7.0 8.653316e+03 8.743052e+03 8.753363e+03 8.663628e+03
8.0 8.663296e+03 8.717233e+03 8.744424e+03 8.690487e+03
9.0 8.642492e+03 8.691484e+03 8.727969e+03 8.678976e+03
10.0 8.693829e+03 8.687658e+03 8.715958e+03 8.722130e+03
11.0 8.712987e+03 8.706280e+03 8.709667e+03 8.716373e+03
12.0 8.716881e+03 8.727724e+03 8.707115e+03 8.696272e+03
13.0 8.702063e+03 8.759688e+03 8.706709e+03 8.649085e+03
14.0 8.716323e+03 8.773199e+03 8.707449e+03 8.650573e+03
15.0 8.765963e+03 8.768045e+03 8.708626e+03 8.706543e+03
16.0 8.778215e+03 8.776179e+03 8.709766e+03 8.711802e+03
17.0 8.757751e+03 8.761224e+03 8.710643e+03 8.707170e+03
18.0 8.675553e+03 8.723545e+03 8.711221e+03 8.663229e+03
19.0 8.653637e+03 8.690600e+03 8.711558e+03 8.674594e+03
20.0 8.678222e+03 8.680836e+03 8.711736e+03 8.709122e+03
21.0 8.704783e+03 8.697575e+03 8.711824e+03 8.719032e+03
1.0 8.596191e+03 8.739145e+03 8.730441e+03 8.587487e+03
2.0 8.635503e+03 8.747613e+03 8.740340e+03 8.628230e+03
3.0 8.653316e+03 8.743052e+03 8.753363e+03 8.663628e+03
4.0 8.663296e+03 8.717233e+03 8.744424e+03 8.690487e+03
5.0 8.642492e+03 8.691484e+03 8.727969e+03 8.678976e+03
6.0 8.693829e+03 8.687658e+03 8.715958e+03 8.722130e+03
7.0 8.712987e+03 8.706280e+03 8.709667e+03 8.716373e+03
8.0 8.716881e+03 8.727724e+03 8.707115e+03 8.696272e+03
9.0 8.702063e+03 8.759688e+03 8.706709e+03 8.649085e+03
10.0 8.716323e+03 8.773199e+03 8.707449e+03 8.650573e+03
11.0 8.765963e+03 8.768045e+03 8.708626e+03 8.706543e+03
12.0 8.778215e+03 8.776179e+03 8.709766e+03 8.711802e+03
13.0 8.757751e+03 8.761224e+03 8.710643e+03 8.707170e+03
14.0 8.675553e+03 8.723545e+03 8.711221e+03 8.663229e+03
15.0 8.653637e+03 8.690600e+03 8.711558e+03 8.674594e+03
16.0 8.678222e+03 8.680836e+03 8.711736e+03 8.709122e+03
17.0 8.704783e+03 8.697575e+03 8.711824e+03 8.719032e+03
18.0 8.702950e+03 8.718727e+03 8.714021e+03 8.698244e+03
19.0 8.736297e+03 8.738715e+03 8.737148e+03 8.734730e+03
20.0 8.699699e+03 8.740853e+03 8.756050e+03 8.714896e+03
1.0 8.702950e+03 8.718727e+03 8.714021e+03 8.698244e+03
2.0 8.736297e+03 8.738715e+03 8.737148e+03 8.734730e+03
3.0 8.699699e+03 8.740853e+03 8.756050e+03 8.714896e+03
