0.7 5.000692e+03 4.984223e+03 4.918761e+03 4.935231e+03
1.7 5.049051e+03 4.945020e+03 4.923130e+03 5.027160e+03
2.7 4.832556e+03 4.911537e+03 4.936611e+03 4.857629e+03
3.7 4.857084e+03 4.908705e+03 4.945423e+03 4.893803e+03
4.7 4.936028e+03 4.942135e+03 4.940818e+03 4.934711e+03
5.7 4.957650e+03 4.944756e+03 4.934625e+03 4.947519e+03
6.7 4.974505e+03 4.924922e+03 4.937874e+03 4.987457e+03
7.7 4.869409e+03 4.936686e+03 4.938085e+03 4.870807e+03
8.7 4.930833e+03 4.955912e+03 4.931146e+03 4.906068e+03
9.7 4.914575e+03 4.933361e+03 4.923659e+03 4.904872e+03
10.7 4.849452e+03 4.896985e+03 4.918962e+03 4.871428e+03
11.7 4.806250e+03 4.873199e+03 4.916779e+03 4.849829e+03
12.7 4.939972e+03 4.881268e+03 4.916107e+03 4.974810e+03
13.7 5.024217e+03 4.926144e+03 4.916242e+03 5.014315e+03
14.7 5.047569e+03 4.933783e+03 4.916747e+03 5.030534e+03
15.7 4.963120e+03 4.909080e+03 4.917334e+03 4.971374e+03
16.7 4.937019e+03 4.899664e+03 4.917838e+03 4.955193e+03
17.7 4.951631e+03 4.960007e+03 4.918198e+03 4.909822e+03
18.7 5.027496e+03 4.987996e+03 4.918423e+03 4.957923e+03
19.7 4.976135e+03 4.954975e+03 4.918550e+03 4.939710e+03
20.7 4.858270e+03 4.920383e+03 4.918615e+03 4.856502e+03
21.7 4.910282e+03 4.938789e+03 4.919251e+03 4.890744e+03
0.6 4.936028e+03 4.942135e+03 4.940818e+03 4.934711e+03
1.6 4.957650e+03 4.944756e+03 4.934625e+03 4.947519e+03
2.6 4.974505e+03 4.924922e+03 4.937874e+03 4.987457e+03
3.6 4.869409e+03 4.936686e+03 4.938085e+03 4.870807e+03
4.6 4.930833e+03 4.955912e+03 4.931146e+03 4.906068e+03
5.6 4.914575e+03 4.933361e+03 4.923659e+03 4.904872e+03
6.6 4.849452e+03 4.896985e+03 4.918962e+03 4.871428e+03
7.6 4.806250e+03 4.873199e+03 4.916779e+03 4.849829e+03
8.6 4.939972e+03 4.881268e+03 4.916107e+03 4.974810e+03
9.6 5.024217e+03 4.926144e+03 4.916242e+03 5.014315e+03
10.6 5.047569e+03 4.933783e+03 4.916747e+03 5.030534e+03
11.6 4.963120e+03 4.909080e+03 4.917334e+03 4.971374e+03
12.6 4.937019e+03 4.899664e+03 4.917838e+03 4.955193e+03
13.6 4.951631e+03 4.960007e+03 4.918198e+03 4.909822e+03
14.6 5.027496e+03 4.987996e+03 4.918423e+03 4.957923e+03
15.6 4.976135e+03 4.954975e+03 4.918550e+03 4.939710e+03
16.6 4.858270e+03 4.920383e+03 4.918615e+03 4.856502e+03
17.6 4.910282e+03 4.938789e+03 4.919251e+03 4.890744e+03
18.6 4.933985e+03 4.951741e+03 4.927013e+03 4.909257e+03
19.6 4.890336e+03 4.937650e+03 4.942694e+03 4.895380e+03
20.6 4.812898e+03 4.923561e+03 4.952473e+03 4.841809e+03
21.6 4.870450e+03 4.947722e+03 4.946999e+03 4.869728e+03
0.1 4.858270e+03 4.920383e+03 4.918615e+03 4.856502e+03
1.1 4.910282e+03 4.938789e+03 4.919251e+03 4.890744e+03
2.1 4.933985e+03 4.951741e+03 4.927013e+03 4.909257e+03
3.1 4.890336e+03 4.937650e+03 4.942694e+03 4.895380e+03
4.1 4.812898e+03 4.923561e+03 4.952473e+03 4.841809e+03
5.1 4.870450e+03 4.947722e+03 4.946999e+03 4.869728e+03
6.1 4.997513e+03 4.952632e+03 4.935020e+03 4.979900e+03
7.1 4.944492e+03 4.920642e+03 4.925169e+03 4.949019e+03
8.1 4.882801e+03 4.891159e+03 4.919286e+03 4.910928e+03
9.1 4.824585e+03 4.915525e+03 4.916423e+03 4.825482e+03
10.1 4.956341e+03 4.937151e+03 4.915490e+03 4.934680e+03
11.1 4.973167e+03 4.925230e+03 4.915675e+03 4.963612e+03
12.1 4.963465e+03 4.910009e+03 4.916360e+03 4.969816e+03
13.1 4.939807e+03 4.908616e+03 4.917121e+03 4.948311e+03
14.1 4.894503e+03 4.943193e+03 4.917740e+03 4.869051e+03
15.1 4.962577e+03 4.950576e+03 4.918162e+03 4.930163e+03
16.1 4.852543e+03 4.919598e+03 4.918414e+03 4.851359e+03
17.1 4.820254e+03 4.885367e+03 4.918549e+03 4.853437e+03
18.1 4.877521e+03 4.863744e+03 4.918617e+03 4.932393e+03
19.1 4.965729e+03 4.857869e+03 4.918648e+03 5.026508e+03
20.1 5.012891e+03 4.865919e+03 4.918661e+03 5.065633e+03
21.1 4.954600e+03 4.910460e+03 4.918667e+03 4.962807e+03
0.8 4.954066e+03 4.922568e+03 4.918830e+03 4.950329e+03
1.8 5.066354e+03 4.960148e+03 4.923926e+03 5.030133e+03
2.8 5.113004e+03 4.958788e+03 4.934580e+03 5.088796e+03
3.8 5.035271e+03 4.973395e+03 4.936766e+03 4.998641e+03
4.8 4.929910e+03 4.974831e+03 4.931078e+03 4.886157e+03
5.8 4.822206e+03 4.947538e+03 4.924713e+03 4.799381e+03
6.8 4.773053e+03 4.920511e+03 4.920475e+03 4.773018e+03
7.8 4.831884e+03 4.919060e+03 4.918186e+03 4.831010e+03
8.8 4.879783e+03 4.949564e+03 4.918364e+03 4.848583e+03
9.8 4.952716e+03 4.952119e+03 4.927714e+03 4.928311e+03
10.8 4.922917e+03 4.933175e+03 4.943870e+03 4.933612e+03
11.8 4.914183e+03 4.924802e+03 4.951500e+03 4.940882e+03
12.8 4.917996e+03 4.951727e+03 4.944424e+03 4.910693e+03
13.8 4.967011e+03 4.948909e+03 4.932689e+03 4.950791e+03
14.8 4.973175e+03 4.930242e+03 4.923699e+03 4.966633e+03
15.8 4.958036e+03 4.948398e+03 4.918520e+03 4.928158e+03
16.8 4.966295e+03 4.943213e+03 4.916109e+03 4.939191e+03
17.8 4.825334e+03 4.909142e+03 4.915444e+03 4.831636e+03
18.8 4.840779e+03 4.876881e+03 4.915764e+03 4.879662e+03
19.8 4.822739e+03 4.857872e+03 4.916490e+03 4.881358e+03
20.8 4.896730e+03 4.849787e+03 4.917464e+03 4.964408e+03
21.8 4.821475e+03 4.853469e+03 4.923758e+03 4.891764e+03
0.3 4.831884e+03 4.919060e+03 4.918186e+03 4.831010e+03
1.3 4.879783e+03 4.949564e+03 4.918364e+03 4.848583e+03
2.3 4.952716e+03 4.952119e+03 4.927714e+03 4.928311e+03
3.3 4.922917e+03 4.933175e+03 4.943870e+03 4.933612e+03
4.3 4.914183e+03 4.924802e+03 4.951500e+03 4.940882e+03
5.3 4.917996e+03 4.951727e+03 4.944424e+03 4.910693e+03
6.3 4.967011e+03 4.948909e+03 4.932689e+03 4.950791e+03
7.3 4.973175e+03 4.930242e+03 4.923699e+03 4.966633e+03
8.3 4.958036e+03 4.948398e+03 4.918520e+03 4.928158e+03
9.3 4.966295e+03 4.943213e+03 4.916109e+03 4.939191e+03
10.3 4.825334e+03 4.909142e+03 4.915444e+03 4.831636e+03
11.3 4.840779e+03 4.876881e+03 4.915764e+03 4.879662e+03
12.3 4.822739e+03 4.857872e+03 4.916490e+03 4.881358e+03
13.3 4.896730e+03 4.849787e+03 4.917464e+03 4.964408e+03
14.3 4.821475e+03 4.853469e+03 4.923758e+03 4.891764e+03
15.3 4.833549e+03 4.869024e+03 4.938164e+03 4.902689e+03
16.3 4.908715e+03 4.902858e+03 4.945252e+03 4.951109e+03
17.3 4.957336e+03 4.950341e+03 4.939369e+03 4.946364e+03
18.3 4.909050e+03 4.949324e+03 4.929855e+03 4.889582e+03
19.3 4.916106e+03 4.920963e+03 4.922734e+03 4.917877e+03
20.3 4.933187e+03 4.934753e+03 4.918662e+03 4.917095e+03
21.3 4.977174e+03 4.949732e+03 4.916747e+03 4.944189e+03
0.9 4.896730e+03 4.849787e+03 4.917464e+03 4.964408e+03
1.9 4.821475e+03 4.853469e+03 4.923758e+03 4.891764e+03
2.9 4.833549e+03 4.869024e+03 4.938164e+03 4.902689e+03
3.9 4.908715e+03 4.902858e+03 4.945252e+03 4.951109e+03
4.9 4.957336e+03 4.950341e+03 4.939369e+03 4.946364e+03
5.9 4.909050e+03 4.949324e+03 4.929855e+03 4.889582e+03
6.9 4.916106e+03 4.920963e+03 4.922734e+03 4.917877e+03
7.9 4.933187e+03 4.934753e+03 4.918662e+03 4.917095e+03
8.9 4.977174e+03 4.949732e+03 4.916747e+03 4.944189e+03
9.9 4.885704e+03 4.926224e+03 4.916198e+03 4.875678e+03
10.9 4.859715e+03 4.897883e+03 4.916429e+03 4.878261e+03
11.9 4.846838e+03 4.935205e+03 4.916987e+03 4.828620e+03
12.9 4.937634e+03 4.984636e+03 4.917566e+03 4.870564e+03
13.9 4.885680e+03 4.965088e+03 4.918021e+03 4.838613e+03
14.9 4.924508e+03 4.916902e+03 4.918322e+03 4.925927e+03
15.9 4.811829e+03 4.879200e+03 4.918497e+03 4.851126e+03
16.9 4.895769e+03 4.858188e+03 4.918590e+03 4.956170e+03
17.9 4.912440e+03 4.850221e+03 4.918635e+03 4.980854e+03
18.9 4.838550e+03 4.856095e+03 4.918656e+03 4.901110e+03
19.9 4.848569e+03 4.891499e+03 4.918664e+03 4.875734e+03
20.9 4.962462e+03 4.940820e+03 4.918668e+03 4.940311e+03
21.9 4.987149e+03 4.940437e+03 4.918670e+03 4.965382e+03
0.9 4.806688e+03 4.848620e+03 4.918895e+03 4.876962e+03
1.9 4.792641e+03 4.857259e+03 4.924601e+03 4.859983e+03
2.9 4.877407e+03 4.875053e+03 4.939448e+03 4.941802e+03
3.9 4.916657e+03 4.893846e+03 4.951767e+03 4.974578e+03
4.9 5.008928e+03 4.936872e+03 4.949011e+03 5.021067e+03
5.9 4.981329e+03 4.962514e+03 4.937408e+03 4.956223e+03
6.9 4.907871e+03 4.939648e+03 4.926813e+03 4.895036e+03
7.9 4.764610e+03 4.906387e+03 4.920181e+03 4.778404e+03
8.9 4.805930e+03 4.921889e+03 4.916811e+03 4.800852e+03
9.9 4.849396e+03 4.943645e+03 4.915565e+03 4.821315e+03
10.9 4.883558e+03 4.924263e+03 4.915581e+03 4.874877e+03
11.9 4.871317e+03 4.891487e+03 4.916206e+03 4.896037e+03
12.9 4.853651e+03 4.869095e+03 4.916976e+03 4.901532e+03
13.9 4.888870e+03 4.864740e+03 4.917632e+03 4.941761e+03
14.9 4.887490e+03 4.903117e+03 4.918093e+03 4.902466e+03
15.9 5.005075e+03 4.977725e+03 4.918374e+03 4.945724e+03
16.9 5.026068e+03 4.987462e+03 4.918529e+03 4.957136e+03
17.9 5.063523e+03 4.958186e+03 4.918607e+03 5.023944e+03
18.9 5.019417e+03 4.963975e+03 4.918643e+03 4.974086e+03
19.9 4.967769e+03 4.962381e+03 4.918659e+03 4.924047e+03
20.9 4.787324e+03 4.925975e+03 4.918666e+03 4.780015e+03
21.9 4.784837e+03 4.887590e+03 4.918669e+03 4.815917e+03
0.2 4.964546e+03 4.935521e+03 4.918670e+03 4.947695e+03
1.2 4.940326e+03 4.935369e+03 4.919733e+03 4.924690e+03
2.2 4.942014e+03 4.914675e+03 4.928967e+03 4.956306e+03
3.2 4.870791e+03 4.905285e+03 4.942603e+03 4.908109e+03
4.2 4.937307e+03 4.953075e+03 4.944477e+03 4.928709e+03
5.2 5.005146e+03 4.997937e+03 4.936139e+03 4.943348e+03
6.2 4.988785e+03 4.971319e+03 4.927166e+03 4.944633e+03
7.2 4.968635e+03 4.923353e+03 4.925508e+03 4.970790e+03
8.2 4.929707e+03 4.897664e+03 4.936216e+03 4.968259e+03
9.2 4.940466e+03 4.891532e+03 4.948603e+03 4.997536e+03
10.2 4.960893e+03 4.919397e+03 4.947782e+03 4.989278e+03
11.2 5.020265e+03 4.949331e+03 4.937091e+03 5.008025e+03
12.2 4.997126e+03 4.936092e+03 4.926614e+03 4.987648e+03
13.2 4.941508e+03 4.907242e+03 4.919970e+03 4.954236e+03
14.2 4.889308e+03 4.917998e+03 4.916609e+03 4.887919e+03
15.2 4.916448e+03 4.944283e+03 4.915372e+03 4.887537e+03
16.2 4.831625e+03 4.928917e+03 4.915394e+03 4.818102e+03
17.2 4.848659e+03 4.895369e+03 4.916039e+03 4.869329e+03
18.2 4.845059e+03 4.869701e+03 4.916843e+03 4.892201e+03
19.2 4.875772e+03 4.856086e+03 4.917539e+03 4.937226e+03
20.2 4.846604e+03 4.850817e+03 4.918035e+03 4.913822e+03
21.2 4.921001e+03 4.862683e+03 4.918342e+03 4.976659e+03
0.7 4.988785e+03 4.971319e+03 4.927166e+03 4.944633e+03
1.7 4.968635e+03 4.923353e+03 4.925508e+03 4.970790e+03
2.7 4.929707e+03 4.897664e+03 4.936216e+03 4.968259e+03
3.7 4.940466e+03 4.891532e+03 4.948603e+03 4.997536e+03
4.7 4.960893e+03 4.919397e+03 4.947782e+03 4.989278e+03
5.7 5.020265e+03 4.949331e+03 4.937091e+03 5.008025e+03
6.7 4.997126e+03 4.936092e+03 4.926614e+03 4.987648e+03
7.7 4.941508e+03 4.907242e+03 4.919970e+03 4.954236e+03
8.7 4.889308e+03 4.917998e+03 4.916609e+03 4.887919e+03
9.7 4.916448e+03 4.944283e+03 4.915372e+03 4.887537e+03
10.7 4.831625e+03 4.928917e+03 4.915394e+03 4.818102e+03
11.7 4.848659e+03 4.895369e+03 4.916039e+03 4.869329e+03
12.7 4.845059e+03 4.869701e+03 4.916843e+03 4.892201e+03
13.7 4.875772e+03 4.856086e+03 4.917539e+03 4.937226e+03
14.7 4.846604e+03 4.850817e+03 4.918035e+03 4.913822e+03
15.7 4.921001e+03 4.862683e+03 4.918342e+03 4.976659e+03
16.7 4.968854e+03 4.939473e+03 4.918513e+03 4.947894e+03
17.7 5.023813e+03 4.983580e+03 4.918599e+03 4.958832e+03
18.7 4.969005e+03 4.956746e+03 4.918640e+03 4.930899e+03
19.7 4.889047e+03 4.911620e+03 4.918658e+03 4.896085e+03
20.7 4.864434e+03 4.878645e+03 4.918665e+03 4.904454e+03
21.7 4.861502e+03 4.860305e+03 4.918669e+03 4.919866e+03
0.7 4.990673e+03 4.999372e+03 4.918717e+03 4.910018e+03
1.7 4.967057e+03 4.959783e+03 4.922357e+03 4.929630e+03
2.7 4.975092e+03 4.920285e+03 4.935653e+03 4.990460e+03
3.7 4.929451e+03 4.901070e+03 4.950108e+03 4.978489e+03
4.7 4.965750e+03 4.918550e+03 4.950869e+03 4.998069e+03
5.7 4.987658e+03 4.947098e+03 4.940218e+03 4.980778e+03
6.7 5.014279e+03 4.937032e+03 4.928898e+03 5.006145e+03
7.7 4.981093e+03 4.916010e+03 4.921365e+03 4.986448e+03
8.7 4.990770e+03 4.919122e+03 4.917357e+03 4.989005e+03
9.7 4.962425e+03 4.950271e+03 4.915711e+03 4.927865e+03
10.7 5.083468e+03 4.945902e+03 4.915503e+03 5.053069e+03
11.7 4.969278e+03 4.922707e+03 4.916037e+03 4.962608e+03
12.7 4.931615e+03 4.937471e+03 4.916804e+03 4.910948e+03
13.7 4.885100e+03 4.953958e+03 4.917499e+03 4.848640e+03
14.7 4.842769e+03 4.936611e+03 4.918005e+03 4.824163e+03
15.7 4.789818e+03 4.914490e+03 4.918323e+03 4.793651e+03
16.7 4.825689e+03 4.933023e+03 4.918502e+03 4.811168e+03
17.7 4.912771e+03 4.950767e+03 4.918594e+03 4.880598e+03
18.7 4.936738e+03 4.926783e+03 4.918637e+03 4.928592e+03
19.7 4.903944e+03 4.891696e+03 4.918657e+03 4.930904e+03
20.7 4.895869e+03 4.874192e+03 4.918665e+03 4.940342e+03
21.7 4.947563e+03 4.876608e+03 4.918669e+03 4.989624e+03
