0.4 6.512990e+03 6.519452e+03 6.518471e+03 6.512010e+03
1.4 6.486677e+03 6.525916e+03 6.521030e+03 6.481791e+03
2.4 6.525132e+03 6.531783e+03 6.529767e+03 6.523116e+03
3.4 6.512296e+03 6.537483e+03 6.532578e+03 6.507391e+03
4.4 6.499519e+03 6.544158e+03 6.528521e+03 6.483881e+03
5.4 6.504210e+03 6.546060e+03 6.525884e+03 6.484034e+03
6.4 6.526894e+03 6.542850e+03 6.531191e+03 6.515235e+03
7.4 6.517165e+03 6.531805e+03 6.532393e+03 6.517753e+03
8.4 6.465456e+03 6.520341e+03 6.527596e+03 6.472710e+03
9.4 6.453014e+03 6.517433e+03 6.522364e+03 6.457945e+03
10.4 6.519693e+03 6.517792e+03 6.519068e+03 6.520970e+03
11.4 6.478827e+03 6.516290e+03 6.517463e+03 6.480000e+03
12.4 6.439859e+03 6.513672e+03 6.516887e+03 6.443074e+03
13.4 6.520470e+03 6.514927e+03 6.516893e+03 6.522436e+03
14.4 6.465749e+03 6.516643e+03 6.517189e+03 6.466295e+03
15.4 6.519293e+03 6.515205e+03 6.517569e+03 6.521657e+03
16.4 6.542787e+03 6.511146e+03 6.517904e+03 6.549546e+03
17.4 6.520532e+03 6.516539e+03 6.518148e+03 6.522141e+03
18.4 6.531407e+03 6.540674e+03 6.518301e+03 6.509034e+03
19.4 6.613056e+03 6.556348e+03 6.518386e+03 6.575094e+03
20.4 6.581936e+03 6.549024e+03 6.518431e+03 6.551343e+03
0.4 6.499519e+03 6.544158e+03 6.528521e+03 6.483881e+03
1.4 6.504210e+03 6.546060e+03 6.525884e+03 6.484034e+03
2.4 6.526894e+03 6.542850e+03 6.531191e+03 6.515235e+03
3.4 6.517165e+03 6.531805e+03 6.532393e+03 6.517753e+03
4.4 6.465456e+03 6.520341e+03 6.527596e+03 6.472710e+03
5.4 6.453014e+03 6.517433e+03 6.522364e+03 6.457945e+03
6.4 6.519693e+03 6.517792e+03 6.519068e+03 6.520970e+03
7.4 6.478827e+03 6.516290e+03 6.517463e+03 6.480000e+03
8.4 6.439859e+03 6.513672e+03 6.516887e+03 6.443074e+03
9.4 6.520470e+03 6.514927e+03 6.516893e+03 6.522436e+03
10.4 6.465749e+03 6.516643e+03 6.517189e+03 6.466295e+03
11.4 6.519293e+03 6.515205e+03 6.517569e+03 6.521657e+03
12.4 6.542787e+03 6.511146e+03 6.517904e+03 6.549546e+03
13.4 6.520532e+03 6.516539e+03 6.518148e+03 6.522141e+03
14.4 6.531407e+03 6.540674e+03 6.518301e+03 6.509034e+03
15.4 6.613056e+03 6.556348e+03 6.518386e+03 6.575094e+03
16.4 6.581936e+03 6.549024e+03 6.518431e+03 6.551343e+03
17.4 6.542230e+03 6.531992e+03 6.518452e+03 6.528690e+03
18.4 6.576102e+03 6.528914e+03 6.518461e+03 6.565649e+03
19.4 6.574640e+03 6.540660e+03 6.520139e+03 6.554119e+03
20.4 6.571643e+03 6.545659e+03 6.528628e+03 6.554612e+03
0.3 6.576102e+03 6.528914e+03 6.518461e+03 6.565649e+03
1.3 6.574640e+03 6.540660e+03 6.520139e+03 6.554119e+03
2.3 6.571643e+03 6.545659e+03 6.528628e+03 6.554612e+03
3.3 6.575812e+03 6.541619e+03 6.532735e+03 6.566928e+03
4.3 6.582450e+03 6.550069e+03 6.529270e+03 6.561651e+03
5.3 6.581447e+03 6.560647e+03 6.524149e+03 6.544950e+03
6.3 6.585932e+03 6.552847e+03 6.520488e+03 6.553573e+03
7.3 6.550410e+03 6.537579e+03 6.518432e+03 6.531264e+03
8.3 6.503624e+03 6.528443e+03 6.517467e+03 6.492648e+03
9.3 6.500067e+03 6.523418e+03 6.517193e+03 6.493843e+03
10.3 6.540938e+03 6.518639e+03 6.517318e+03 6.539617e+03
11.3 6.584695e+03 6.518730e+03 6.517610e+03 6.583574e+03
12.3 6.542676e+03 6.527893e+03 6.517909e+03 6.532692e+03
13.3 6.532767e+03 6.535855e+03 6.518141e+03 6.515053e+03
14.3 6.523271e+03 6.533373e+03 6.518294e+03 6.508191e+03
15.3 6.531685e+03 6.524042e+03 6.518382e+03 6.526025e+03
16.3 6.501014e+03 6.518150e+03 6.518428e+03 6.501293e+03
17.3 6.538023e+03 6.519533e+03 6.518450e+03 6.536941e+03
18.3 6.486541e+03 6.521315e+03 6.518460e+03 6.483687e+03
19.3 6.527188e+03 6.519617e+03 6.518465e+03 6.526036e+03
20.3 6.500318e+03 6.514551e+03 6.518466e+03 6.504233e+03
0.6 6.502556e+03 6.503854e+03 6.518523e+03 6.517225e+03
1.6 6.552878e+03 6.509004e+03 6.522832e+03 6.566707e+03
2.6 6.578679e+03 6.517642e+03 6.531243e+03 6.592280e+03
3.6 6.542208e+03 6.518720e+03 6.532025e+03 6.555514e+03
4.6 6.511766e+03 6.518147e+03 6.527299e+03 6.520918e+03
5.6 6.510379e+03 6.521245e+03 6.522777e+03 6.511911e+03
6.6 6.481600e+03 6.526124e+03 6.525492e+03 6.480968e+03
7.6 6.536867e+03 6.528138e+03 6.531534e+03 6.540263e+03
8.6 6.504757e+03 6.521868e+03 6.530249e+03 6.513139e+03
9.6 6.491409e+03 6.515015e+03 6.525135e+03 6.501529e+03
10.6 6.523532e+03 6.515801e+03 6.520886e+03 6.528617e+03
11.6 6.506761e+03 6.520746e+03 6.518575e+03 6.504589e+03
12.6 6.554240e+03 6.525536e+03 6.522471e+03 6.551174e+03
13.6 6.483149e+03 6.527896e+03 6.530197e+03 6.485450e+03
14.6 6.535597e+03 6.522100e+03 6.530364e+03 6.543862e+03
15.6 6.470458e+03 6.513541e+03 6.525781e+03 6.482698e+03
16.6 6.506211e+03 6.508113e+03 6.521531e+03 6.519629e+03
17.6 6.505480e+03 6.518086e+03 6.518947e+03 6.506341e+03
18.6 6.478271e+03 6.537806e+03 6.519650e+03 6.460115e+03
19.6 6.541337e+03 6.546360e+03 6.527788e+03 6.522765e+03
20.6 6.581222e+03 6.538729e+03 6.531383e+03 6.573876e+03
0.8 6.510379e+03 6.521245e+03 6.522777e+03 6.511911e+03
1.8 6.481600e+03 6.526124e+03 6.525492e+03 6.480968e+03
2.8 6.536867e+03 6.528138e+03 6.531534e+03 6.540263e+03
3.8 6.504757e+03 6.521868e+03 6.530249e+03 6.513139e+03
4.8 6.491409e+03 6.515015e+03 6.525135e+03 6.501529e+03
5.8 6.523532e+03 6.515801e+03 6.520886e+03 6.528617e+03
6.8 6.506761e+03 6.520746e+03 6.518575e+03 6.504589e+03
7.8 6.554240e+03 6.525536e+03 6.522471e+03 6.551174e+03
8.8 6.483149e+03 6.527896e+03 6.530197e+03 6.485450e+03
9.8 6.535597e+03 6.522100e+03 6.530364e+03 6.543862e+03
10.8 6.470458e+03 6.513541e+03 6.525781e+03 6.482698e+03
11.8 6.506211e+03 6.508113e+03 6.521531e+03 6.519629e+03
12.8 6.505480e+03 6.518086e+03 6.518947e+03 6.506341e+03
13.8 6.478271e+03 6.537806e+03 6.519650e+03 6.460115e+03
14.8 6.541337e+03 6.546360e+03 6.527788e+03 6.522765e+03
15.8 6.581222e+03 6.538729e+03 6.531383e+03 6.573876e+03
16.8 6.479809e+03 6.535606e+03 6.527921e+03 6.472124e+03
17.8 6.545093e+03 6.551212e+03 6.523165e+03 6.517047e+03
18.8 6.518161e+03 6.558717e+03 6.519885e+03 6.479329e+03
19.8 6.539636e+03 6.546435e+03 6.518104e+03 6.511305e+03
20.8 6.526286e+03 6.527150e+03 6.517309e+03 6.516445e+03
0.7 6.506761e+03 6.520746e+03 6.518575e+03 6.504589e+03
1.7 6.554240e+03 6.525536e+03 6.522471e+03 6.551174e+03
2.7 6.483149e+03 6.527896e+03 6.530197e+03 6.485450e+03
3.7 6.535597e+03 6.522100e+03 6.530364e+03 6.543862e+03
4.7 6.470458e+03 6.513541e+03 6.525781e+03 6.482698e+03
5.7 6.506211e+03 6.508113e+03 6.521531e+03 6.519629e+03
6.7 6.505480e+03 6.518086e+03 6.518947e+03 6.506341e+03
7.7 6.478271e+03 6.537806e+03 6.519650e+03 6.460115e+03
8.7 6.541337e+03 6.546360e+03 6.527788e+03 6.522765e+03
9.7 6.581222e+03 6.538729e+03 6.531383e+03 6.573876e+03
10.7 6.479809e+03 6.535606e+03 6.527921e+03 6.472124e+03
11.7 6.545093e+03 6.551212e+03 6.523165e+03 6.517047e+03
12.7 6.518161e+03 6.558717e+03 6.519885e+03 6.479329e+03
13.7 6.539636e+03 6.546435e+03 6.518104e+03 6.511305e+03
14.7 6.526286e+03 6.527150e+03 6.517309e+03 6.516445e+03
15.7 6.542743e+03 6.512038e+03 6.517132e+03 6.547837e+03
16.7 6.535883e+03 6.503433e+03 6.517305e+03 6.549755e+03
17.7 6.503815e+03 6.499677e+03 6.517616e+03 6.521755e+03
18.7 6.540285e+03 6.498870e+03 6.517920e+03 6.559334e+03
19.7 6.501601e+03 6.499709e+03 6.518150e+03 6.520043e+03
20.7 6.495294e+03 6.501614e+03 6.518300e+03 6.511979e+03
0.3 6.505480e+03 6.518086e+03 6.518947e+03 6.506341e+03
1.3 6.478271e+03 6.537806e+03 6.519650e+03 6.460115e+03
2.3 6.541337e+03 6.546360e+03 6.527788e+03 6.522765e+03
3.3 6.581222e+03 6.538729e+03 6.531383e+03 6.573876e+03
4.3 6.479809e+03 6.535606e+03 6.527921e+03 6.472124e+03
5.3 6.545093e+03 6.551212e+03 6.523165e+03 6.517047e+03
6.3 6.518161e+03 6.558717e+03 6.519885e+03 6.479329e+03
7.3 6.539636e+03 6.546435e+03 6.518104e+03 6.511305e+03
8.3 6.526286e+03 6.527150e+03 6.517309e+03 6.516445e+03
9.3 6.542743e+03 6.512038e+03 6.517132e+03 6.547837e+03
10.3 6.535883e+03 6.503433e+03 6.517305e+03 6.549755e+03
11.3 6.503815e+03 6.499677e+03 6.517616e+03 6.521755e+03
12.3 6.540285e+03 6.498870e+03 6.517920e+03 6.559334e+03
13.3 6.501601e+03 6.499709e+03 6.518150e+03 6.520043e+03
14.3 6.495294e+03 6.501614e+03 6.518300e+03 6.511979e+03
15.3 6.522184e+03 6.503910e+03 6.518385e+03 6.536659e+03
16.3 6.508507e+03 6.507586e+03 6.518430e+03 6.519351e+03
17.3 6.557435e+03 6.512718e+03 6.518451e+03 6.563167e+03
18.3 6.530795e+03 6.518038e+03 6.518461e+03 6.531218e+03
19.3 6.498883e+03 6.520061e+03 6.518465e+03 6.497288e+03
20.3 6.542152e+03 6.518385e+03 6.518466e+03 6.542233e+03
0.9 6.524841e+03 6.535339e+03 6.518861e+03 6.508363e+03
1.9 6.531894e+03 6.547054e+03 6.525482e+03 6.510322e+03
2.9 6.537695e+03 6.543330e+03 6.532393e+03 6.526758e+03
3.9 6.498227e+03 6.528833e+03 6.530936e+03 6.500329e+03
4.9 6.528171e+03 6.514985e+03 6.525808e+03 6.538994e+03
5.9 6.476667e+03 6.506225e+03 6.521540e+03 6.491981e+03
6.9 6.539347e+03 6.501893e+03 6.518989e+03 6.556443e+03
7.9 6.510240e+03 6.500519e+03 6.517703e+03 6.527424e+03
8.9 6.510173e+03 6.501243e+03 6.517229e+03 6.526159e+03
9.9 6.518960e+03 6.504172e+03 6.517246e+03 6.532034e+03
10.9 6.510619e+03 6.507886e+03 6.517503e+03 6.520236e+03
11.9 6.511895e+03 6.508564e+03 6.517812e+03 6.521142e+03
12.9 6.503036e+03 6.507519e+03 6.518071e+03 6.513587e+03
13.9 6.519896e+03 6.511795e+03 6.518250e+03 6.526351e+03
14.9 6.554790e+03 6.524770e+03 6.518400e+03 6.548420e+03
15.9 6.522331e+03 6.535159e+03 6.522534e+03 6.509706e+03
16.9 6.516667e+03 6.537602e+03 6.531062e+03 6.510128e+03
17.9 6.485304e+03 6.529239e+03 6.532103e+03 6.488168e+03
18.9 6.545596e+03 6.517659e+03 6.527447e+03 6.555384e+03
19.9 6.454805e+03 6.509009e+03 6.522687e+03 6.468483e+03
20.9 6.330338e+03 6.504169e+03 6.519628e+03 6.345798e+03
0.6 6.554790e+03 6.524770e+03 6.518400e+03 6.548420e+03
1.6 6.522331e+03 6.535159e+03 6.522534e+03 6.509706e+03
2.6 6.516667e+03 6.537602e+03 6.531062e+03 6.510128e+03
3.6 6.485304e+03 6.529239e+03 6.532103e+03 6.488168e+03
4.6 6.545596e+03 6.517659e+03 6.527447e+03 6.555384e+03
5.6 6.454805e+03 6.509009e+03 6.522687e+03 6.468483e+03
6.6 6.330338e+03 6.504169e+03 6.519628e+03 6.345798e+03
7.6 6.466700e+03 6.502076e+03 6.518002e+03 6.482627e+03
8.6 6.486945e+03 6.504167e+03 6.517312e+03 6.500089e+03
9.6 6.561377e+03 6.523643e+03 6.517204e+03 6.554939e+03
10.6 6.553524e+03 6.555156e+03 6.517409e+03 6.515777e+03
11.6 6.594208e+03 6.569958e+03 6.517717e+03 6.541966e+03
12.6 6.597718e+03 6.558948e+03 6.517998e+03 6.556768e+03
13.6 6.573394e+03 6.541520e+03 6.518202e+03 6.550076e+03
14.6 6.565565e+03 6.531376e+03 6.518330e+03 6.552519e+03
15.6 6.575482e+03 6.525253e+03 6.518401e+03 6.568631e+03
16.6 6.550683e+03 6.519360e+03 6.518438e+03 6.549761e+03
17.6 6.493866e+03 6.516064e+03 6.518456e+03 6.496258e+03
18.6 6.504289e+03 6.517350e+03 6.520467e+03 6.507406e+03
19.6 6.540569e+03 6.522573e+03 6.529099e+03 6.547095e+03
20.6 6.508918e+03 6.524478e+03 6.532690e+03 6.517131e+03
0.3 6.493866e+03 6.516064e+03 6.518456e+03 6.496258e+03
1.3 6.504289e+03 6.517350e+03 6.520467e+03 6.507406e+03
2.3 6.540569e+03 6.522573e+03 6.529099e+03 6.547095e+03
3.3 6.508918e+03 6.524478e+03 6.532690e+03 6.517131e+03
4.3 6.597603e+03 6.528055e+03 6.528972e+03 6.598520e+03
5.3 6.589171e+03 6.528630e+03 6.523891e+03 6.584433e+03
6.3 6.554765e+03 6.522924e+03 6.520332e+03 6.552172e+03
7.3 6.624731e+03 6.514348e+03 6.518353e+03 6.628736e+03
8.3 6.543832e+03 6.507734e+03 6.517436e+03 6.553534e+03
9.3 6.515552e+03 6.504613e+03 6.517192e+03 6.528131e+03
10.3 6.524980e+03 6.504534e+03 6.517332e+03 6.537779e+03
11.3 6.520832e+03 6.507128e+03 6.517628e+03 6.531331e+03
12.3 6.545651e+03 6.514454e+03 6.517924e+03 6.549121e+03
13.3 6.532158e+03 6.534351e+03 6.518545e+03 6.516353e+03
14.3 6.544187e+03 6.548264e+03 6.525315e+03 6.521238e+03
15.3 6.537387e+03 6.547121e+03 6.532311e+03 6.522577e+03
16.3 6.597666e+03 6.548973e+03 6.530898e+03 6.579591e+03
17.3 6.615799e+03 6.553102e+03 6.525792e+03 6.588488e+03
18.3 6.541495e+03 6.543934e+03 6.521533e+03 6.519094e+03
19.3 6.576947e+03 6.526971e+03 6.518986e+03 6.568962e+03
20.3 6.472888e+03 6.512493e+03 6.517703e+03 6.478098e+03
0.9 6.532158e+03 6.534351e+03 6.518545e+03 6.516353e+03
1.9 6.544187e+03 6.548264e+03 6.525315e+03 6.521238e+03
2.9 6.537387e+03 6.547121e+03 6.532311e+03 6.522577e+03
3.9 6.597666e+03 6.548973e+03 6.530898e+03 6.579591e+03
4.9 6.615799e+03 6.553102e+03 6.525792e+03 6.588488e+03
5.9 6.541495e+03 6.543934e+03 6.521533e+03 6.519094e+03
6.9 6.576947e+03 6.526971e+03 6.518986e+03 6.568962e+03
7.9 6.472888e+03 6.512493e+03 6.517703e+03 6.478098e+03
8.9 6.557484e+03 6.503956e+03 6.517229e+03 6.570757e+03
9.9 6.527877e+03 6.500197e+03 6.517246e+03 6.544927e+03
10.9 6.501164e+03 6.499336e+03 6.517503e+03 6.519331e+03
11.9 6.507214e+03 6.499988e+03 6.517812e+03 6.525038e+03
12.9 6.529549e+03 6.501354e+03 6.518071e+03 6.546265e+03
13.9 6.553415e+03 6.505688e+03 6.518250e+03 6.565977e+03
14.9 6.573900e+03 6.514675e+03 6.518358e+03 6.577583e+03
15.9 6.547068e+03 6.522216e+03 6.518416e+03 6.543268e+03
16.9 6.556453e+03 6.523892e+03 6.518445e+03 6.551005e+03
17.9 6.535816e+03 6.525557e+03 6.518458e+03 6.528717e+03
18.9 6.536508e+03 6.533828e+03 6.518464e+03 6.521143e+03
19.9 6.562415e+03 6.541087e+03 6.518466e+03 6.539794e+03
20.9 6.527416e+03 6.537906e+03 6.518467e+03 6.507977e+03
0.6 6.512983e+03 6.501853e+03 6.518510e+03 6.529640e+03
1.6 6.502499e+03 6.506285e+03 6.522586e+03 6.518800e+03
2.6 6.533595e+03 6.515363e+03 6.531085e+03 6.549317e+03
3.6 6.493497e+03 6.517240e+03 6.532112e+03 6.508369e+03
4.6 6.460911e+03 6.514057e+03 6.527451e+03 6.474305e+03
5.6 6.538283e+03 6.512560e+03 6.522689e+03 6.548411e+03
6.6 6.534558e+03 6.511228e+03 6.519628e+03 6.542958e+03
7.6 6.486477e+03 6.508475e+03 6.518002e+03 6.496004e+03
8.6 6.453317e+03 6.506016e+03 6.517312e+03 6.464613e+03
9.6 6.483733e+03 6.505090e+03 6.517204e+03 6.495847e+03
10.6 6.529783e+03 6.506466e+03 6.517409e+03 6.540727e+03
11.6 6.526007e+03 6.509091e+03 6.517717e+03 6.534632e+03
12.6 6.519342e+03 6.509684e+03 6.517998e+03 6.527656e+03
13.6 6.496033e+03 6.513000e+03 6.518202e+03 6.501236e+03
14.6 6.520587e+03 6.519272e+03 6.518787e+03 6.520102e+03
15.6 6.559771e+03 6.526211e+03 6.525689e+03 6.559249e+03
16.6 6.573396e+03 6.528013e+03 6.532434e+03 6.577816e+03
17.6 6.500526e+03 6.521401e+03 6.530796e+03 6.509921e+03
18.6 6.543006e+03 6.515399e+03 6.525658e+03 6.553265e+03
19.6 6.526572e+03 6.517046e+03 6.521442e+03 6.530968e+03
20.6 6.540731e+03 6.521438e+03 6.518937e+03 6.538230e+03
1.0 6.520587e+03 6.519272e+03 6.518787e+03 6.520102e+03
2.0 6.559771e+03 6.526211e+03 6.525689e+03 6.559249e+03
3.0 6.573396e+03 6.528013e+03 6.532434e+03 6.577816e+03
4.0 6.500526e+03 6.521401e+03 6.530796e+03 6.509921e+03
5.0 6.543006e+03 6.515399e+03 6.525658e+03 6.553265e+03
6.0 6.526572e+03 6.517046e+03 6.521442e+03 6.530968e+03
7.0 6.540731e+03 6.521438e+03 6.518937e+03 6.538230e+03
8.0 6.522218e+03 6.522171e+03 6.517680e+03 6.517728e+03
9.0 6.537312e+03 6.526422e+03 6.517224e+03 6.528113e+03
10.0 6.500065e+03 6.546985e+03 6.517251e+03 6.470331e+03
11.0 6.548216e+03 6.569130e+03 6.517511e+03 6.496597e+03
12.0 6.554290e+03 6.567995e+03 6.517820e+03 6.504115e+03
13.0 6.494523e+03 6.548039e+03 6.518077e+03 6.464561e+03
14.0 6.501723e+03 6.525873e+03 6.518254e+03 6.494104e+03
15.0 6.508519e+03 6.510318e+03 6.518360e+03 6.516561e+03
16.0 6.520320e+03 6.501910e+03 6.518417e+03 6.536827e+03
17.0 6.517077e+03 6.500867e+03 6.518445e+03 6.534655e+03
18.0 6.532026e+03 6.512005e+03 6.518458e+03 6.538479e+03
19.0 6.514186e+03 6.526118e+03 6.519841e+03 6.507909e+03
20.0 6.491041e+03 6.534424e+03 6.528135e+03 6.484752e+03
21.0 6.523469e+03 6.531426e+03 6.532751e+03 6.524794e+03
0.2 6.532026e+03 6.512005e+03 6.518458e+03 6.538479e+03
1.2 6.514186e+03 6.526118e+03 6.519841e+03 6.507909e+03
2.2 6.491041e+03 6.534424e+03 6.528135e+03 6.484752e+03
3.2 6.523469e+03 6.531426e+03 6.532751e+03 6.524794e+03
4.2 6.489655e+03 6.521085e+03 6.529564e+03 6.498135e+03
5.2 6.469439e+03 6.511534e+03 6.524413e+03 6.482318e+03
6.2 6.481069e+03 6.508681e+03 6.520649e+03 6.493037e+03
7.2 6.482590e+03 6.518146e+03 6.518517e+03 6.482961e+03
8.2 6.485729e+03 6.529603e+03 6.519506e+03 6.475632e+03
9.2 6.526037e+03 6.535429e+03 6.527829e+03 6.518437e+03
10.2 6.508893e+03 6.530545e+03 6.531529e+03 6.509876e+03
11.2 6.501395e+03 6.520328e+03 6.528096e+03 6.509163e+03
12.2 6.479278e+03 6.513117e+03 6.524695e+03 6.490856e+03
13.2 6.477745e+03 6.515812e+03 6.529664e+03 6.491597e+03
14.2 6.468029e+03 6.517392e+03 6.532456e+03 6.483093e+03
15.2 6.478197e+03 6.515003e+03 6.528444e+03 6.491638e+03
16.2 6.513139e+03 6.517039e+03 6.523097e+03 6.519197e+03
17.2 6.480105e+03 6.521723e+03 6.519496e+03 6.477879e+03
18.2 6.424438e+03 6.522689e+03 6.517669e+03 6.419417e+03
19.2 6.500792e+03 6.519291e+03 6.516955e+03 6.498455e+03
20.2 6.467249e+03 6.516090e+03 6.516879e+03 6.468038e+03
0.3 6.482590e+03 6.518146e+03 6.518517e+03 6.482961e+03
1.3 6.485729e+03 6.529603e+03 6.519506e+03 6.475632e+03
2.3 6.526037e+03 6.535429e+03 6.527829e+03 6.518437e+03
3.3 6.508893e+03 6.530545e+03 6.531529e+03 6.509876e+03
4.3 6.501395e+03 6.520328e+03 6.528096e+03 6.509163e+03
5.3 6.479278e+03 6.513117e+03 6.524695e+03 6.490856e+03
6.3 6.477745e+03 6.515812e+03 6.529664e+03 6.491597e+03
7.3 6.468029e+03 6.517392e+03 6.532456e+03 6.483093e+03
8.3 6.478197e+03 6.515003e+03 6.528444e+03 6.491638e+03
9.3 6.513139e+03 6.517039e+03 6.523097e+03 6.519197e+03
10.3 6.480105e+03 6.521723e+03 6.519496e+03 6.477879e+03
11.3 6.424438e+03 6.522689e+03 6.517669e+03 6.419417e+03
12.3 6.500792e+03 6.519291e+03 6.516955e+03 6.498455e+03
13.3 6.467249e+03 6.516090e+03 6.516879e+03 6.468038e+03
14.3 6.478347e+03 6.518281e+03 6.517138e+03 6.477203e+03
15.3 6.622620e+03 6.520298e+03 6.517510e+03 6.619831e+03
16.3 6.550194e+03 6.518688e+03 6.517856e+03 6.549362e+03
17.3 6.501957e+03 6.513853e+03 6.518114e+03 6.506217e+03
18.3 6.519580e+03 6.509441e+03 6.518280e+03 6.528420e+03
19.3 6.497856e+03 6.508706e+03 6.518376e+03 6.507526e+03
20.3 6.486758e+03 6.509018e+03 6.518425e+03 6.496165e+03
0.2 6.501395e+03 6.520328e+03 6.528096e+03 6.509163e+03
1.2 6.479278e+03 6.513117e+03 6.524695e+03 6.490856e+03
2.2 6.477745e+03 6.515812e+03 6.529664e+03 6.491597e+03
3.2 6.468029e+03 6.517392e+03 6.532456e+03 6.483093e+03
4.2 6.478197e+03 6.515003e+03 6.528444e+03 6.491638e+03
5.2 6.513139e+03 6.517039e+03 6.523097e+03 6.519197e+03
6.2 6.480105e+03 6.521723e+03 6.519496e+03 6.477879e+03
7.2 6.424438e+03 6.522689e+03 6.517669e+03 6.419417e+03
8.2 6.500792e+03 6.519291e+03 6.516955e+03 6.498455e+03
9.2 6.467249e+03 6.516090e+03 6.516879e+03 6.468038e+03
10.2 6.478347e+03 6.518281e+03 6.517138e+03 6.477203e+03
11.2 6.622620e+03 6.520298e+03 6.517510e+03 6.619831e+03
12.2 6.550194e+03 6.518688e+03 6.517856e+03 6.549362e+03
13.2 6.501957e+03 6.513853e+03 6.518114e+03 6.506217e+03
14.2 6.519580e+03 6.509441e+03 6.518280e+03 6.528420e+03
15.2 6.497856e+03 6.508706e+03 6.518376e+03 6.507526e+03
16.2 6.486758e+03 6.509018e+03 6.518425e+03 6.496165e+03
17.2 6.494328e+03 6.508027e+03 6.518449e+03 6.504750e+03
18.2 6.468626e+03 6.507097e+03 6.518460e+03 6.479990e+03
19.2 6.481907e+03 6.508499e+03 6.518465e+03 6.491873e+03
20.2 6.471027e+03 6.509763e+03 6.518466e+03 6.479731e+03
0.2 6.522733e+03 6.517597e+03 6.518468e+03 6.523604e+03
1.2 6.529738e+03 6.524154e+03 6.519989e+03 6.525573e+03
2.2 6.480022e+03 6.530185e+03 6.528385e+03 6.478222e+03
3.2 6.492410e+03 6.535556e+03 6.532748e+03 6.489601e+03
4.2 6.517792e+03 6.538902e+03 6.531601e+03 6.510491e+03
5.2 6.569823e+03 6.539048e+03 6.535142e+03 6.565917e+03
6.2 6.554399e+03 6.530808e+03 6.534760e+03 6.558351e+03
7.2 6.493594e+03 6.518468e+03 6.528828e+03 6.503953e+03
8.2 6.495129e+03 6.508950e+03 6.522781e+03 6.508960e+03
9.2 6.559438e+03 6.506688e+03 6.518983e+03 6.571733e+03
10.2 6.541917e+03 6.512534e+03 6.517158e+03 6.546542e+03
11.2 6.475503e+03 6.519103e+03 6.516555e+03 6.472955e+03
12.2 6.524552e+03 6.520742e+03 6.516626e+03 6.520436e+03
13.2 6.527399e+03 6.517462e+03 6.517008e+03 6.526945e+03
0.4 6.492410e+03 6.535556e+03 6.532748e+03 6.489601e+03
1.4 6.517792e+03 6.538902e+03 6.531601e+03 6.510491e+03
2.4 6.569823e+03 6.539048e+03 6.535142e+03 6.565917e+03
3.4 6.554399e+03 6.530808e+03 6.534760e+03 6.558351e+03
4.4 6.493594e+03 6.518468e+03 6.528828e+03 6.503953e+03
5.4 6.495129e+03 6.508950e+03 6.522781e+03 6.508960e+03
6.4 6.559438e+03 6.506688e+03 6.518983e+03 6.571733e+03
7.4 6.541917e+03 6.512534e+03 6.517158e+03 6.546542e+03
8.4 6.475503e+03 6.519103e+03 6.516555e+03 6.472955e+03
9.4 6.524552e+03 6.520742e+03 6.516626e+03 6.520436e+03
10.4 6.527399e+03 6.517462e+03 6.517008e+03 6.526945e+03
