0.7 1.227756e+03 1.215951e+03 1.198683e+03 1.210487e+03
1.7 1.248664e+03 1.204243e+03 1.201121e+03 1.245542e+03
2.7 1.206099e+03 1.197865e+03 1.208645e+03 1.216880e+03
3.7 1.187865e+03 1.199655e+03 1.213564e+03 1.201774e+03
4.7 1.223046e+03 1.208722e+03 1.210994e+03 1.225317e+03
5.7 1.226951e+03 1.208202e+03 1.207537e+03 1.226286e+03
6.7 1.212875e+03 1.203419e+03 1.209350e+03 1.218806e+03
7.7 1.208516e+03 1.207125e+03 1.209468e+03 1.210859e+03
8.7 1.220862e+03 1.211096e+03 1.205595e+03 1.215362e+03
9.7 1.219641e+03 1.202485e+03 1.201417e+03 1.218572e+03
10.7 1.184639e+03 1.190672e+03 1.198795e+03 1.192762e+03
11.7 1.171231e+03 1.183603e+03 1.197577e+03 1.185205e+03
12.7 1.198854e+03 1.186145e+03 1.197202e+03 1.209911e+03
13.7 1.237648e+03 1.199277e+03 1.197277e+03 1.235649e+03
14.7 1.208325e+03 1.201296e+03 1.197559e+03 1.204588e+03
15.7 1.171917e+03 1.194079e+03 1.197887e+03 1.175725e+03
16.7 1.200358e+03 1.191255e+03 1.198168e+03 1.207270e+03
17.7 1.224068e+03 1.207163e+03 1.198369e+03 1.215273e+03
18.7 1.234407e+03 1.214379e+03 1.198495e+03 1.218523e+03
19.7 1.197126e+03 1.205699e+03 1.198565e+03 1.189993e+03
20.7 1.193404e+03 1.196997e+03 1.198602e+03 1.195009e+03
21.7 1.195876e+03 1.203342e+03 1.198957e+03 1.191491e+03
0.6 1.223046e+03 1.208722e+03 1.210994e+03 1.225317e+03
1.6 1.226951e+03 1.208202e+03 1.207537e+03 1.226286e+03
2.6 1.212875e+03 1.203419e+03 1.209350e+03 1.218806e+03
3.6 1.208516e+03 1.207125e+03 1.209468e+03 1.210859e+03
4.6 1.220862e+03 1.211096e+03 1.205595e+03 1.215362e+03
5.6 1.219641e+03 1.202485e+03 1.201417e+03 1.218572e+03
6.6 1.184639e+03 1.190672e+03 1.198795e+03 1.192762e+03
7.6 1.171231e+03 1.183603e+03 1.197577e+03 1.185205e+03
8.6 1.198854e+03 1.186145e+03 1.197202e+03 1.209911e+03
9.6 1.237648e+03 1.199277e+03 1.197277e+03 1.235649e+03
10.6 1.208325e+03 1.201296e+03 1.197559e+03 1.204588e+03
11.6 1.171917e+03 1.194079e+03 1.197887e+03 1.175725e+03
12.6 1.200358e+03 1.191255e+03 1.198168e+03 1.207270e+03
13.6 1.224068e+03 1.207163e+03 1.198369e+03 1.215273e+03
14.6 1.234407e+03 1.214379e+03 1.198495e+03 1.218523e+03
15.6 1.197126e+03 1.205699e+03 1.198565e+03 1.189993e+03
16.6 1.193404e+03 1.196997e+03 1.198602e+03 1.195009e+03
17.6 1.195876e+03 1.203342e+03 1.198957e+03 1.191491e+03
18.6 1.195426e+03 1.209306e+03 1.203289e+03 1.189409e+03
19.6 1.185799e+03 1.209130e+03 1.212041e+03 1.188710e+03
20.6 1.195162e+03 1.207386e+03 1.217498e+03 1.205275e+03
21.6 1.173591e+03 1.213101e+03 1.214443e+03 1.174934e+03
0.1 1.193404e+03 1.196997e+03 1.198602e+03 1.195009e+03
1.1 1.195876e+03 1.203342e+03 1.198957e+03 1.191491e+03
2.1 1.195426e+03 1.209306e+03 1.203289e+03 1.189409e+03
3.1 1.185799e+03 1.209130e+03 1.212041e+03 1.188710e+03
4.1 1.195162e+03 1.207386e+03 1.217498e+03 1.205275e+03
5.1 1.173591e+03 1.213101e+03 1.214443e+03 1.174934e+03
6.1 1.211746e+03 1.213058e+03 1.207757e+03 1.206446e+03
7.1 1.218630e+03 1.204942e+03 1.202260e+03 1.215947e+03
8.1 1.216738e+03 1.197596e+03 1.198976e+03 1.218118e+03
9.1 1.194710e+03 1.203025e+03 1.197378e+03 1.189063e+03
10.1 1.200936e+03 1.206304e+03 1.196858e+03 1.191489e+03
11.1 1.209980e+03 1.202392e+03 1.196961e+03 1.204550e+03
12.1 1.207530e+03 1.200704e+03 1.197343e+03 1.204169e+03
13.1 1.222416e+03 1.202103e+03 1.197768e+03 1.218080e+03
14.1 1.201413e+03 1.210553e+03 1.198113e+03 1.188974e+03
15.1 1.218794e+03 1.209608e+03 1.198349e+03 1.207535e+03
16.1 1.205572e+03 1.198037e+03 1.198489e+03 1.206023e+03
17.1 1.166771e+03 1.186575e+03 1.198565e+03 1.178761e+03
18.1 1.198699e+03 1.179671e+03 1.198602e+03 1.217630e+03
19.1 1.188534e+03 1.179315e+03 1.198620e+03 1.207838e+03
20.1 1.205132e+03 1.185337e+03 1.198627e+03 1.218422e+03
21.1 1.212498e+03 1.199359e+03 1.198631e+03 1.211770e+03
0.8 1.199468e+03 1.204351e+03 1.198722e+03 1.193839e+03
1.8 1.229030e+03 1.214694e+03 1.201566e+03 1.215902e+03
2.8 1.235267e+03 1.214854e+03 1.207512e+03 1.227925e+03
3.8 1.221083e+03 1.218304e+03 1.208732e+03 1.211511e+03
4.8 1.207848e+03 1.216978e+03 1.205558e+03 1.196428e+03
5.8 1.185099e+03 1.209886e+03 1.202005e+03 1.177218e+03
6.8 1.203352e+03 1.204996e+03 1.199640e+03 1.197996e+03
7.8 1.191880e+03 1.205416e+03 1.198362e+03 1.184826e+03
8.8 1.190892e+03 1.212257e+03 1.198462e+03 1.177096e+03
9.8 1.207005e+03 1.212364e+03 1.203680e+03 1.198322e+03
10.8 1.193659e+03 1.208731e+03 1.212697e+03 1.197625e+03
11.8 1.194432e+03 1.206997e+03 1.216955e+03 1.204391e+03
12.8 1.220318e+03 1.212783e+03 1.213006e+03 1.220541e+03
13.8 1.217221e+03 1.210844e+03 1.206456e+03 1.212833e+03
14.8 1.212247e+03 1.205472e+03 1.201439e+03 1.208214e+03
15.8 1.220038e+03 1.209428e+03 1.198549e+03 1.209159e+03
16.8 1.229481e+03 1.205748e+03 1.197203e+03 1.220936e+03
17.8 1.183915e+03 1.194100e+03 1.196832e+03 1.186646e+03
18.8 1.186268e+03 1.183780e+03 1.197010e+03 1.199499e+03
19.8 1.181915e+03 1.177910e+03 1.197416e+03 1.201420e+03
20.8 1.191143e+03 1.175612e+03 1.197959e+03 1.213490e+03
21.8 1.195594e+03 1.178360e+03 1.201472e+03 1.218705e+03
0.3 1.191880e+03 1.205416e+03 1.198362e+03 1.184826e+03
1.3 1.190892e+03 1.212257e+03 1.198462e+03 1.177096e+03
2.3 1.207005e+03 1.212364e+03 1.203680e+03 1.198322e+03
3.3 1.193659e+03 1.208731e+03 1.212697e+03 1.197625e+03
4.3 1.194432e+03 1.206997e+03 1.216955e+03 1.204391e+03
5.3 1.220318e+03 1.212783e+03 1.213006e+03 1.220541e+03
6.3 1.217221e+03 1.210844e+03 1.206456e+03 1.212833e+03
7.3 1.212247e+03 1.205472e+03 1.201439e+03 1.208214e+03
8.3 1.220038e+03 1.209428e+03 1.198549e+03 1.209159e+03
9.3 1.229481e+03 1.205748e+03 1.197203e+03 1.220936e+03
10.3 1.183915e+03 1.194100e+03 1.196832e+03 1.186646e+03
11.3 1.186268e+03 1.183780e+03 1.197010e+03 1.199499e+03
12.3 1.181915e+03 1.177910e+03 1.197416e+03 1.201420e+03
13.3 1.191143e+03 1.175612e+03 1.197959e+03 1.213490e+03
14.3 1.195594e+03 1.178360e+03 1.201472e+03 1.218705e+03
15.3 1.192514e+03 1.186832e+03 1.209512e+03 1.215194e+03
16.3 1.204578e+03 1.198832e+03 1.213468e+03 1.219214e+03
17.3 1.215116e+03 1.211501e+03 1.210185e+03 1.213800e+03
18.3 1.223100e+03 1.209981e+03 1.204875e+03 1.217994e+03
19.3 1.222099e+03 1.202566e+03 1.200900e+03 1.220434e+03
20.3 1.208521e+03 1.206353e+03 1.198628e+03 1.200796e+03
21.3 1.218615e+03 1.208876e+03 1.197559e+03 1.207298e+03
0.9 1.191143e+03 1.175612e+03 1.197959e+03 1.213490e+03
1.9 1.195594e+03 1.178360e+03 1.201472e+03 1.218705e+03
2.9 1.192514e+03 1.186832e+03 1.209512e+03 1.215194e+03
3.9 1.204578e+03 1.198832e+03 1.213468e+03 1.219214e+03
4.9 1.215116e+03 1.211501e+03 1.210185e+03 1.213800e+03
5.9 1.223100e+03 1.209981e+03 1.204875e+03 1.217994e+03
6.9 1.222099e+03 1.202566e+03 1.200900e+03 1.220434e+03
7.9 1.208521e+03 1.206353e+03 1.198628e+03 1.200796e+03
8.9 1.218615e+03 1.208876e+03 1.197559e+03 1.207298e+03
9.9 1.193546e+03 1.200210e+03 1.197253e+03 1.190589e+03
10.9 1.189761e+03 1.191060e+03 1.197382e+03 1.196082e+03
11.9 1.171345e+03 1.200250e+03 1.197693e+03 1.168788e+03
12.9 1.192371e+03 1.212942e+03 1.198016e+03 1.177445e+03
13.9 1.198135e+03 1.207281e+03 1.198270e+03 1.189124e+03
14.9 1.190574e+03 1.194160e+03 1.198438e+03 1.194852e+03
15.9 1.173502e+03 1.184040e+03 1.198536e+03 1.187998e+03
16.9 1.185199e+03 1.178492e+03 1.198588e+03 1.205294e+03
17.9 1.181361e+03 1.176976e+03 1.198613e+03 1.202997e+03
18.9 1.189337e+03 1.181340e+03 1.198624e+03 1.206621e+03
19.9 1.185020e+03 1.193595e+03 1.198629e+03 1.190054e+03
20.9 1.210672e+03 1.207380e+03 1.198631e+03 1.201923e+03
21.9 1.217725e+03 1.205538e+03 1.198632e+03 1.210819e+03
0.9 1.158841e+03 1.176117e+03 1.198758e+03 1.181482e+03
1.9 1.148400e+03 1.180153e+03 1.201943e+03 1.170189e+03
2.9 1.180591e+03 1.189305e+03 1.210229e+03 1.201514e+03
3.9 1.203828e+03 1.198099e+03 1.217104e+03 1.222833e+03
4.9 1.232010e+03 1.210201e+03 1.215566e+03 1.237376e+03
5.9 1.223060e+03 1.216272e+03 1.209090e+03 1.215878e+03
6.9 1.189601e+03 1.210619e+03 1.203177e+03 1.182159e+03
7.9 1.170378e+03 1.202309e+03 1.199476e+03 1.167545e+03
8.9 1.185684e+03 1.205367e+03 1.197595e+03 1.177911e+03
9.9 1.192050e+03 1.208438e+03 1.196899e+03 1.180511e+03
10.9 1.198740e+03 1.199865e+03 1.196908e+03 1.195783e+03
11.9 1.196074e+03 1.188527e+03 1.197257e+03 1.204804e+03
12.9 1.195004e+03 1.181535e+03 1.197687e+03 1.211156e+03
13.9 1.191656e+03 1.182378e+03 1.198053e+03 1.207330e+03
14.9 1.214377e+03 1.194828e+03 1.198310e+03 1.217859e+03
15.9 1.227976e+03 1.214567e+03 1.198467e+03 1.211877e+03
16.9 1.233656e+03 1.217121e+03 1.198554e+03 1.215089e+03
17.9 1.229480e+03 1.211036e+03 1.198597e+03 1.217041e+03
18.9 1.225113e+03 1.213691e+03 1.198617e+03 1.210039e+03
19.9 1.232173e+03 1.212188e+03 1.198626e+03 1.218612e+03
20.9 1.189547e+03 1.200106e+03 1.198630e+03 1.188071e+03
21.9 1.165036e+03 1.188308e+03 1.198632e+03 1.175359e+03
0.2 1.213175e+03 1.205300e+03 1.198632e+03 1.206507e+03
1.2 1.210284e+03 1.203913e+03 1.199226e+03 1.205596e+03
2.2 1.190957e+03 1.198956e+03 1.204379e+03 1.196380e+03
3.2 1.206088e+03 1.198936e+03 1.211990e+03 1.219141e+03
4.2 1.203351e+03 1.211652e+03 1.213036e+03 1.204734e+03
5.2 1.221805e+03 1.221088e+03 1.208382e+03 1.209099e+03
6.2 1.202977e+03 1.211285e+03 1.203374e+03 1.195066e+03
7.2 1.186706e+03 1.197954e+03 1.202449e+03 1.191201e+03
8.2 1.188024e+03 1.194248e+03 1.208425e+03 1.202201e+03
9.2 1.192768e+03 1.196352e+03 1.215338e+03 1.211754e+03
10.2 1.212775e+03 1.204762e+03 1.214880e+03 1.222892e+03
11.2 1.221910e+03 1.211157e+03 1.208914e+03 1.219666e+03
12.2 1.220383e+03 1.205062e+03 1.203066e+03 1.218387e+03
13.2 1.194240e+03 1.195284e+03 1.199358e+03 1.198314e+03
14.2 1.184540e+03 1.197520e+03 1.197482e+03 1.184502e+03
15.2 1.200853e+03 1.204487e+03 1.196791e+03 1.193157e+03
16.2 1.185169e+03 1.199439e+03 1.196804e+03 1.182534e+03
17.2 1.148978e+03 1.189333e+03 1.197164e+03 1.156809e+03
18.2 1.196660e+03 1.181761e+03 1.197612e+03 1.212511e+03
19.2 1.189338e+03 1.178461e+03 1.198001e+03 1.208879e+03
20.2 1.180780e+03 1.180090e+03 1.198278e+03 1.198968e+03
21.2 1.187333e+03 1.186472e+03 1.198449e+03 1.199310e+03
0.7 1.202977e+03 1.211285e+03 1.203374e+03 1.195066e+03
1.7 1.186706e+03 1.197954e+03 1.202449e+03 1.191201e+03
2.7 1.188024e+03 1.194248e+03 1.208425e+03 1.202201e+03
3.7 1.192768e+03 1.196352e+03 1.215338e+03 1.211754e+03
4.7 1.212775e+03 1.204762e+03 1.214880e+03 1.222892e+03
5.7 1.221910e+03 1.211157e+03 1.208914e+03 1.219666e+03
6.7 1.220383e+03 1.205062e+03 1.203066e+03 1.218387e+03
7.7 1.194240e+03 1.195284e+03 1.199358e+03 1.198314e+03
8.7 1.184540e+03 1.197520e+03 1.197482e+03 1.184502e+03
9.7 1.200853e+03 1.204487e+03 1.196791e+03 1.193157e+03
10.7 1.185169e+03 1.199439e+03 1.196804e+03 1.182534e+03
11.7 1.148978e+03 1.189333e+03 1.197164e+03 1.156809e+03
12.7 1.196660e+03 1.181761e+03 1.197612e+03 1.212511e+03
13.7 1.189338e+03 1.178461e+03 1.198001e+03 1.208879e+03
14.7 1.180780e+03 1.180090e+03 1.198278e+03 1.198968e+03
15.7 1.187333e+03 1.186472e+03 1.198449e+03 1.199310e+03
16.7 1.201977e+03 1.206911e+03 1.198544e+03 1.193611e+03
17.7 1.224995e+03 1.216509e+03 1.198593e+03 1.207079e+03
18.7 1.197022e+03 1.207136e+03 1.198615e+03 1.188501e+03
19.7 1.163064e+03 1.193635e+03 1.198625e+03 1.168055e+03
20.7 1.151816e+03 1.184897e+03 1.198630e+03 1.165549e+03
21.7 1.165825e+03 1.183012e+03 1.198632e+03 1.181444e+03
0.7 1.202999e+03 1.220481e+03 1.198659e+03 1.181177e+03
1.7 1.198352e+03 1.208585e+03 1.200690e+03 1.190457e+03
2.7 1.195449e+03 1.200460e+03 1.208111e+03 1.203100e+03
3.7 1.213405e+03 1.198893e+03 1.216178e+03 1.230691e+03
4.7 1.199899e+03 1.204591e+03 1.216603e+03 1.211911e+03
5.7 1.200071e+03 1.210583e+03 1.210659e+03 1.200147e+03
6.7 1.220804e+03 1.206305e+03 1.204341e+03 1.218840e+03
7.7 1.204888e+03 1.202009e+03 1.200136e+03 1.203016e+03
8.7 1.188399e+03 1.203914e+03 1.197899e+03 1.182385e+03
9.7 1.216263e+03 1.211191e+03 1.196981e+03 1.202053e+03
10.7 1.238137e+03 1.208250e+03 1.196865e+03 1.226752e+03
11.7 1.203174e+03 1.202214e+03 1.197163e+03 1.198123e+03
12.7 1.214273e+03 1.206518e+03 1.197591e+03 1.205346e+03
13.7 1.193845e+03 1.210078e+03 1.197978e+03 1.181745e+03
14.7 1.164454e+03 1.205726e+03 1.198261e+03 1.156989e+03
15.7 1.161567e+03 1.201508e+03 1.198439e+03 1.158498e+03
16.7 1.167496e+03 1.206848e+03 1.198538e+03 1.159186e+03
17.7 1.183270e+03 1.209870e+03 1.198590e+03 1.171990e+03
18.7 1.190940e+03 1.200597e+03 1.198614e+03 1.188956e+03
19.7 1.178132e+03 1.189037e+03 1.198625e+03 1.187720e+03
20.7 1.183926e+03 1.185328e+03 1.198629e+03 1.197227e+03
21.7 1.187500e+03 1.190110e+03 1.198631e+03 1.196022e+03
