0.4 1.225510e+03 1.194320e+03 1.193921e+03 1.225111e+03
1.4 1.209652e+03 1.204639e+03 1.200211e+03 1.205223e+03
2.4 1.216354e+03 1.222274e+03 1.221681e+03 1.215761e+03
3.4 1.234020e+03 1.225070e+03 1.228590e+03 1.237540e+03
4.4 1.236665e+03 1.214312e+03 1.218620e+03 1.240973e+03
5.4 1.220065e+03 1.206925e+03 1.212139e+03 1.225280e+03
6.4 1.219343e+03 1.216615e+03 1.225182e+03 1.227910e+03
7.4 1.227756e+03 1.215951e+03 1.228136e+03 1.239941e+03
8.4 1.248664e+03 1.204243e+03 1.216347e+03 1.260767e+03
9.4 1.206099e+03 1.197865e+03 1.203489e+03 1.211723e+03
10.4 1.187865e+03 1.199655e+03 1.195388e+03 1.183597e+03
11.4 1.223046e+03 1.208722e+03 1.191443e+03 1.205767e+03
12.4 1.226951e+03 1.208202e+03 1.190027e+03 1.208776e+03
13.4 1.212875e+03 1.203419e+03 1.190041e+03 1.199497e+03
14.4 1.208516e+03 1.207125e+03 1.190770e+03 1.192162e+03
15.4 1.220862e+03 1.211096e+03 1.191703e+03 1.201469e+03
16.4 1.219641e+03 1.202485e+03 1.192528e+03 1.209684e+03
17.4 1.184639e+03 1.190672e+03 1.193126e+03 1.187093e+03
18.4 1.171231e+03 1.183603e+03 1.193501e+03 1.181129e+03
19.4 1.198854e+03 1.186145e+03 1.193713e+03 1.206422e+03
20.4 1.237648e+03 1.199277e+03 1.193821e+03 1.232192e+03
0.4 1.236665e+03 1.214312e+03 1.218620e+03 1.240973e+03
1.4 1.220065e+03 1.206925e+03 1.212139e+03 1.225280e+03
2.4 1.219343e+03 1.216615e+03 1.225182e+03 1.227910e+03
3.4 1.227756e+03 1.215951e+03 1.228136e+03 1.239941e+03
4.4 1.248664e+03 1.204243e+03 1.216347e+03 1.260767e+03
5.4 1.206099e+03 1.197865e+03 1.203489e+03 1.211723e+03
6.4 1.187865e+03 1.199655e+03 1.195388e+03 1.183597e+03
7.4 1.223046e+03 1.208722e+03 1.191443e+03 1.205767e+03
8.4 1.226951e+03 1.208202e+03 1.190027e+03 1.208776e+03
9.4 1.212875e+03 1.203419e+03 1.190041e+03 1.199497e+03
10.4 1.208516e+03 1.207125e+03 1.190770e+03 1.192162e+03
11.4 1.220862e+03 1.211096e+03 1.191703e+03 1.201469e+03
12.4 1.219641e+03 1.202485e+03 1.192528e+03 1.209684e+03
13.4 1.184639e+03 1.190672e+03 1.193126e+03 1.187093e+03
14.4 1.171231e+03 1.183603e+03 1.193501e+03 1.181129e+03
15.4 1.198854e+03 1.186145e+03 1.193713e+03 1.206422e+03
16.4 1.237648e+03 1.199277e+03 1.193821e+03 1.232192e+03
17.4 1.208325e+03 1.201296e+03 1.193874e+03 1.200903e+03
18.4 1.171917e+03 1.194079e+03 1.193897e+03 1.171735e+03
19.4 1.200358e+03 1.191255e+03 1.198021e+03 1.207123e+03
20.4 1.224068e+03 1.207163e+03 1.218883e+03 1.235788e+03
0.3 1.171917e+03 1.194079e+03 1.193897e+03 1.171735e+03
1.3 1.200358e+03 1.191255e+03 1.198021e+03 1.207123e+03
2.3 1.224068e+03 1.207163e+03 1.218883e+03 1.235788e+03
3.3 1.234407e+03 1.214379e+03 1.228976e+03 1.249004e+03
4.3 1.197126e+03 1.205699e+03 1.220461e+03 1.211888e+03
5.3 1.193404e+03 1.196997e+03 1.207876e+03 1.204283e+03
6.3 1.195876e+03 1.203342e+03 1.198877e+03 1.191412e+03
7.3 1.195426e+03 1.209306e+03 1.193826e+03 1.179945e+03
8.3 1.185799e+03 1.209130e+03 1.191454e+03 1.168123e+03
9.3 1.195162e+03 1.207386e+03 1.190780e+03 1.178556e+03
10.3 1.173591e+03 1.213101e+03 1.191087e+03 1.151578e+03
11.3 1.211746e+03 1.213058e+03 1.191803e+03 1.190492e+03
12.3 1.218630e+03 1.204942e+03 1.192539e+03 1.206226e+03
13.3 1.216738e+03 1.197596e+03 1.193110e+03 1.212253e+03
14.3 1.194710e+03 1.203025e+03 1.193485e+03 1.185170e+03
15.3 1.200936e+03 1.206304e+03 1.193701e+03 1.188333e+03
16.3 1.209980e+03 1.202392e+03 1.193815e+03 1.201403e+03
17.3 1.207530e+03 1.200704e+03 1.193870e+03 1.200696e+03
18.3 1.222416e+03 1.202103e+03 1.193894e+03 1.214207e+03
19.3 1.201413e+03 1.210553e+03 1.193905e+03 1.184765e+03
20.3 1.218794e+03 1.209608e+03 1.193909e+03 1.203095e+03
0.6 1.205132e+03 1.185337e+03 1.194047e+03 1.213842e+03
1.6 1.212498e+03 1.199359e+03 1.204639e+03 1.217779e+03
2.6 1.244099e+03 1.217837e+03 1.225311e+03 1.251573e+03
3.6 1.227635e+03 1.216395e+03 1.227232e+03 1.238472e+03
4.6 1.203446e+03 1.206461e+03 1.215617e+03 1.212602e+03
5.6 1.198680e+03 1.201812e+03 1.204503e+03 1.201371e+03
6.6 1.221477e+03 1.210125e+03 1.211175e+03 1.222527e+03
7.6 1.212150e+03 1.220719e+03 1.226025e+03 1.217457e+03
8.6 1.232199e+03 1.212589e+03 1.222867e+03 1.242477e+03
9.6 1.206871e+03 1.198500e+03 1.210298e+03 1.218669e+03
10.6 1.205396e+03 1.193517e+03 1.199857e+03 1.211735e+03
11.6 1.209344e+03 1.195523e+03 1.194175e+03 1.207996e+03
12.6 1.227716e+03 1.206151e+03 1.203750e+03 1.225315e+03
13.6 1.255263e+03 1.219680e+03 1.222740e+03 1.258323e+03
14.6 1.219469e+03 1.213977e+03 1.223149e+03 1.228642e+03
15.6 1.194255e+03 1.198630e+03 1.211885e+03 1.207510e+03
16.6 1.202062e+03 1.186102e+03 1.201440e+03 1.217401e+03
17.6 1.201286e+03 1.179728e+03 1.195089e+03 1.216647e+03
18.6 1.207033e+03 1.182565e+03 1.196818e+03 1.221287e+03
19.6 1.234692e+03 1.202898e+03 1.216818e+03 1.248612e+03
20.6 1.215835e+03 1.211461e+03 1.225653e+03 1.230027e+03
0.8 1.198680e+03 1.201812e+03 1.204503e+03 1.201371e+03
1.8 1.221477e+03 1.210125e+03 1.211175e+03 1.222527e+03
2.8 1.212150e+03 1.220719e+03 1.226025e+03 1.217457e+03
3.8 1.232199e+03 1.212589e+03 1.222867e+03 1.242477e+03
4.8 1.206871e+03 1.198500e+03 1.210298e+03 1.218669e+03
5.8 1.205396e+03 1.193517e+03 1.199857e+03 1.211735e+03
6.8 1.209344e+03 1.195523e+03 1.194175e+03 1.207996e+03
7.8 1.227716e+03 1.206151e+03 1.203750e+03 1.225315e+03
8.8 1.255263e+03 1.219680e+03 1.222740e+03 1.258323e+03
9.8 1.219469e+03 1.213977e+03 1.223149e+03 1.228642e+03
10.8 1.194255e+03 1.198630e+03 1.211885e+03 1.207510e+03
11.8 1.202062e+03 1.186102e+03 1.201440e+03 1.217401e+03
12.8 1.201286e+03 1.179728e+03 1.195089e+03 1.216647e+03
13.8 1.207033e+03 1.182565e+03 1.196818e+03 1.221287e+03
14.8 1.234692e+03 1.202898e+03 1.216818e+03 1.248612e+03
15.8 1.215835e+03 1.211461e+03 1.225653e+03 1.230027e+03
16.8 1.206827e+03 1.203359e+03 1.217146e+03 1.220614e+03
17.8 1.151200e+03 1.193285e+03 1.205457e+03 1.163371e+03
18.8 1.186587e+03 1.193192e+03 1.197397e+03 1.190792e+03
19.8 1.213565e+03 1.203111e+03 1.193018e+03 1.203471e+03
20.8 1.213708e+03 1.201859e+03 1.191064e+03 1.202914e+03
0.7 1.209344e+03 1.195523e+03 1.194175e+03 1.207996e+03
1.7 1.227716e+03 1.206151e+03 1.203750e+03 1.225315e+03
2.7 1.255263e+03 1.219680e+03 1.222740e+03 1.258323e+03
3.7 1.219469e+03 1.213977e+03 1.223149e+03 1.228642e+03
4.7 1.194255e+03 1.198630e+03 1.211885e+03 1.207510e+03
5.7 1.202062e+03 1.186102e+03 1.201440e+03 1.217401e+03
6.7 1.201286e+03 1.179728e+03 1.195089e+03 1.216647e+03
7.7 1.207033e+03 1.182565e+03 1.196818e+03 1.221287e+03
8.7 1.234692e+03 1.202898e+03 1.216818e+03 1.248612e+03
9.7 1.215835e+03 1.211461e+03 1.225653e+03 1.230027e+03
10.7 1.206827e+03 1.203359e+03 1.217146e+03 1.220614e+03
11.7 1.151200e+03 1.193285e+03 1.205457e+03 1.163371e+03
12.7 1.186587e+03 1.193192e+03 1.197397e+03 1.190792e+03
13.7 1.213565e+03 1.203111e+03 1.193018e+03 1.203471e+03
14.7 1.213708e+03 1.201859e+03 1.191064e+03 1.202914e+03
15.7 1.189740e+03 1.192379e+03 1.190629e+03 1.187991e+03
16.7 1.183639e+03 1.183952e+03 1.191056e+03 1.190743e+03
17.7 1.194216e+03 1.179121e+03 1.191819e+03 1.206914e+03
18.7 1.197499e+03 1.176959e+03 1.192565e+03 1.213105e+03
19.7 1.217896e+03 1.176988e+03 1.193133e+03 1.234041e+03
20.7 1.209802e+03 1.182033e+03 1.193500e+03 1.221269e+03
0.3 1.201286e+03 1.179728e+03 1.195089e+03 1.216647e+03
1.3 1.207033e+03 1.182565e+03 1.196818e+03 1.221287e+03
2.3 1.234692e+03 1.202898e+03 1.216818e+03 1.248612e+03
3.3 1.215835e+03 1.211461e+03 1.225653e+03 1.230027e+03
4.3 1.206827e+03 1.203359e+03 1.217146e+03 1.220614e+03
5.3 1.151200e+03 1.193285e+03 1.205457e+03 1.163371e+03
6.3 1.186587e+03 1.193192e+03 1.197397e+03 1.190792e+03
7.3 1.213565e+03 1.203111e+03 1.193018e+03 1.203471e+03
8.3 1.213708e+03 1.201859e+03 1.191064e+03 1.202914e+03
9.3 1.189740e+03 1.192379e+03 1.190629e+03 1.187991e+03
10.3 1.183639e+03 1.183952e+03 1.191056e+03 1.190743e+03
11.3 1.194216e+03 1.179121e+03 1.191819e+03 1.206914e+03
12.3 1.197499e+03 1.176959e+03 1.192565e+03 1.213105e+03
13.3 1.217896e+03 1.176988e+03 1.193133e+03 1.234041e+03
14.3 1.209802e+03 1.182033e+03 1.193500e+03 1.221269e+03
15.3 1.227123e+03 1.190258e+03 1.193710e+03 1.230575e+03
16.3 1.199468e+03 1.204351e+03 1.193819e+03 1.188936e+03
17.3 1.229030e+03 1.214694e+03 1.193872e+03 1.208208e+03
18.3 1.235267e+03 1.214854e+03 1.193895e+03 1.214308e+03
19.3 1.221083e+03 1.218304e+03 1.193905e+03 1.196684e+03
20.3 1.207848e+03 1.216978e+03 1.193909e+03 1.184779e+03
0.9 1.189761e+03 1.191060e+03 1.194878e+03 1.193578e+03
1.9 1.171345e+03 1.200250e+03 1.211151e+03 1.182246e+03
2.9 1.192371e+03 1.212942e+03 1.228136e+03 1.207565e+03
3.9 1.198135e+03 1.207281e+03 1.224555e+03 1.215409e+03
4.9 1.190574e+03 1.194160e+03 1.211952e+03 1.208366e+03
5.9 1.173502e+03 1.184040e+03 1.201462e+03 1.190924e+03
6.9 1.185199e+03 1.178492e+03 1.195194e+03 1.201900e+03
7.9 1.181361e+03 1.176976e+03 1.192034e+03 1.196419e+03
8.9 1.189337e+03 1.181340e+03 1.190867e+03 1.198864e+03
9.9 1.185020e+03 1.193595e+03 1.190910e+03 1.182335e+03
10.9 1.210672e+03 1.207380e+03 1.191541e+03 1.194832e+03
11.9 1.217725e+03 1.205538e+03 1.192300e+03 1.204487e+03
12.9 1.197648e+03 1.195201e+03 1.192937e+03 1.195385e+03
13.9 1.168345e+03 1.187538e+03 1.193377e+03 1.174184e+03
14.9 1.192737e+03 1.185838e+03 1.193746e+03 1.200645e+03
15.9 1.191088e+03 1.194923e+03 1.203907e+03 1.200072e+03
16.9 1.185151e+03 1.213196e+03 1.224864e+03 1.196820e+03
17.9 1.224759e+03 1.213214e+03 1.227422e+03 1.238967e+03
18.9 1.207877e+03 1.200425e+03 1.215981e+03 1.223433e+03
19.9 1.166624e+03 1.188325e+03 1.204282e+03 1.182581e+03
20.9 1.138103e+03 1.180881e+03 1.196764e+03 1.153986e+03
0.6 1.192737e+03 1.185838e+03 1.193746e+03 1.200645e+03
1.6 1.191088e+03 1.194923e+03 1.203907e+03 1.200072e+03
2.6 1.185151e+03 1.213196e+03 1.224864e+03 1.196820e+03
3.6 1.224759e+03 1.213214e+03 1.227422e+03 1.238967e+03
4.6 1.207877e+03 1.200425e+03 1.215981e+03 1.223433e+03
5.6 1.166624e+03 1.188325e+03 1.204282e+03 1.182581e+03
6.6 1.138103e+03 1.180881e+03 1.196764e+03 1.153986e+03
7.6 1.137198e+03 1.177149e+03 1.192768e+03 1.152818e+03
8.6 1.122244e+03 1.175919e+03 1.191071e+03 1.137396e+03
9.6 1.153036e+03 1.177119e+03 1.190807e+03 1.166723e+03
10.6 1.156158e+03 1.179762e+03 1.191311e+03 1.167706e+03
11.6 1.182947e+03 1.186362e+03 1.192066e+03 1.188651e+03
12.6 1.196093e+03 1.202109e+03 1.192757e+03 1.186741e+03
13.6 1.209275e+03 1.210393e+03 1.193260e+03 1.192141e+03
14.6 1.203554e+03 1.211104e+03 1.193574e+03 1.186025e+03
15.6 1.193953e+03 1.210114e+03 1.193749e+03 1.177588e+03
16.6 1.192639e+03 1.215951e+03 1.193838e+03 1.170527e+03
17.6 1.189305e+03 1.216647e+03 1.193883e+03 1.166541e+03
18.6 1.210810e+03 1.213961e+03 1.198827e+03 1.195676e+03
19.6 1.213209e+03 1.222782e+03 1.220041e+03 1.210468e+03
20.6 1.210101e+03 1.221385e+03 1.228867e+03 1.217583e+03
0.3 1.189305e+03 1.216647e+03 1.193883e+03 1.166541e+03
1.3 1.210810e+03 1.213961e+03 1.198827e+03 1.195676e+03
2.3 1.213209e+03 1.222782e+03 1.220041e+03 1.210468e+03
3.3 1.210101e+03 1.221385e+03 1.228867e+03 1.217583e+03
4.3 1.194586e+03 1.208814e+03 1.219727e+03 1.205499e+03
5.3 1.216897e+03 1.205539e+03 1.207242e+03 1.218600e+03
6.3 1.205954e+03 1.207725e+03 1.198494e+03 1.196723e+03
7.3 1.213369e+03 1.199732e+03 1.193629e+03 1.207266e+03
8.3 1.202233e+03 1.190406e+03 1.191377e+03 1.203205e+03
9.3 1.180539e+03 1.189038e+03 1.190777e+03 1.182277e+03
10.3 1.184192e+03 1.194679e+03 1.191122e+03 1.180635e+03
11.3 1.200605e+03 1.206590e+03 1.191847e+03 1.185863e+03
12.3 1.198114e+03 1.206512e+03 1.192577e+03 1.184179e+03
13.3 1.193118e+03 1.198322e+03 1.194103e+03 1.188899e+03
14.3 1.178347e+03 1.205190e+03 1.210740e+03 1.183897e+03
15.3 1.213897e+03 1.215691e+03 1.227935e+03 1.226141e+03
16.3 1.207428e+03 1.209477e+03 1.224462e+03 1.222413e+03
17.3 1.230430e+03 1.201711e+03 1.211912e+03 1.240631e+03
18.3 1.226914e+03 1.206379e+03 1.201446e+03 1.221981e+03
19.3 1.220477e+03 1.203942e+03 1.195187e+03 1.211722e+03
20.3 1.179785e+03 1.193348e+03 1.192032e+03 1.178468e+03
0.9 1.193118e+03 1.198322e+03 1.194103e+03 1.188899e+03
1.9 1.178347e+03 1.205190e+03 1.210740e+03 1.183897e+03
2.9 1.213897e+03 1.215691e+03 1.227935e+03 1.226141e+03
3.9 1.207428e+03 1.209477e+03 1.224462e+03 1.222413e+03
4.9 1.230430e+03 1.201711e+03 1.211912e+03 1.240631e+03
5.9 1.226914e+03 1.206379e+03 1.201446e+03 1.221981e+03
6.9 1.220477e+03 1.203942e+03 1.195187e+03 1.211722e+03
7.9 1.179785e+03 1.193348e+03 1.192032e+03 1.178468e+03
8.9 1.155878e+03 1.183737e+03 1.190867e+03 1.163008e+03
9.9 1.164873e+03 1.178251e+03 1.190910e+03 1.177533e+03
10.9 1.188859e+03 1.175967e+03 1.191541e+03 1.204432e+03
11.9 1.171125e+03 1.175513e+03 1.192300e+03 1.187912e+03
12.9 1.158841e+03 1.176117e+03 1.192937e+03 1.175661e+03
13.9 1.148400e+03 1.180153e+03 1.193377e+03 1.161624e+03
14.9 1.180591e+03 1.189305e+03 1.193641e+03 1.184927e+03
15.9 1.203828e+03 1.198099e+03 1.193784e+03 1.199513e+03
16.9 1.232010e+03 1.210201e+03 1.193855e+03 1.215665e+03
17.9 1.223060e+03 1.216272e+03 1.193888e+03 1.200676e+03
18.9 1.189601e+03 1.210619e+03 1.193902e+03 1.172884e+03
19.9 1.170378e+03 1.202309e+03 1.193908e+03 1.161977e+03
20.9 1.185684e+03 1.205367e+03 1.193911e+03 1.174227e+03
0.6 1.191656e+03 1.182378e+03 1.194016e+03 1.203294e+03
1.6 1.214377e+03 1.194828e+03 1.204034e+03 1.223583e+03
2.6 1.227976e+03 1.214567e+03 1.224921e+03 1.238330e+03
3.6 1.233656e+03 1.217121e+03 1.227446e+03 1.243981e+03
4.6 1.229480e+03 1.211036e+03 1.215991e+03 1.234435e+03
5.6 1.225113e+03 1.213691e+03 1.204286e+03 1.215707e+03
6.6 1.232173e+03 1.212188e+03 1.196764e+03 1.216750e+03
7.6 1.189547e+03 1.200106e+03 1.192768e+03 1.182209e+03
8.6 1.165036e+03 1.188308e+03 1.191071e+03 1.167798e+03
9.6 1.179116e+03 1.185225e+03 1.190807e+03 1.184697e+03
10.6 1.206681e+03 1.193121e+03 1.191311e+03 1.204871e+03
11.6 1.213175e+03 1.205300e+03 1.192066e+03 1.199942e+03
12.6 1.210284e+03 1.203913e+03 1.192757e+03 1.199128e+03
13.6 1.190957e+03 1.198956e+03 1.193260e+03 1.185261e+03
14.6 1.206088e+03 1.198936e+03 1.194697e+03 1.201849e+03
15.6 1.203351e+03 1.211652e+03 1.211660e+03 1.203358e+03
16.6 1.221805e+03 1.221088e+03 1.228237e+03 1.228954e+03
17.6 1.202977e+03 1.211285e+03 1.224211e+03 1.215903e+03
18.6 1.186706e+03 1.197954e+03 1.211584e+03 1.200336e+03
19.6 1.188024e+03 1.194248e+03 1.201222e+03 1.194998e+03
20.6 1.192768e+03 1.196352e+03 1.195065e+03 1.191481e+03
1.0 1.206088e+03 1.198936e+03 1.194697e+03 1.201849e+03
2.0 1.203351e+03 1.211652e+03 1.211660e+03 1.203358e+03
3.0 1.221805e+03 1.221088e+03 1.228237e+03 1.228954e+03
4.0 1.202977e+03 1.211285e+03 1.224211e+03 1.215903e+03
5.0 1.186706e+03 1.197954e+03 1.211584e+03 1.200336e+03
6.0 1.188024e+03 1.194248e+03 1.201222e+03 1.194998e+03
7.0 1.192768e+03 1.196352e+03 1.195065e+03 1.191481e+03
8.0 1.212775e+03 1.204762e+03 1.191977e+03 1.199990e+03
9.0 1.221910e+03 1.211157e+03 1.190855e+03 1.201608e+03
10.0 1.220383e+03 1.205062e+03 1.190923e+03 1.206244e+03
11.0 1.194240e+03 1.195284e+03 1.191562e+03 1.190518e+03
12.0 1.184540e+03 1.197520e+03 1.192320e+03 1.179340e+03
13.0 1.200853e+03 1.204487e+03 1.192953e+03 1.189318e+03
14.0 1.185169e+03 1.199439e+03 1.193387e+03 1.179117e+03
15.0 1.148978e+03 1.189333e+03 1.193647e+03 1.153292e+03
16.0 1.196660e+03 1.181761e+03 1.193787e+03 1.208686e+03
17.0 1.189338e+03 1.178461e+03 1.193857e+03 1.204734e+03
18.0 1.180780e+03 1.180090e+03 1.193889e+03 1.194579e+03
19.0 1.187333e+03 1.186472e+03 1.197289e+03 1.198149e+03
20.0 1.201977e+03 1.206911e+03 1.217672e+03 1.212739e+03
21.0 1.224995e+03 1.216509e+03 1.229017e+03 1.237503e+03
0.2 1.180780e+03 1.180090e+03 1.193889e+03 1.194579e+03
1.2 1.187333e+03 1.186472e+03 1.197289e+03 1.198149e+03
2.2 1.201977e+03 1.206911e+03 1.217672e+03 1.212739e+03
3.2 1.224995e+03 1.216509e+03 1.229017e+03 1.237503e+03
4.2 1.197022e+03 1.207136e+03 1.221184e+03 1.211070e+03
5.2 1.163064e+03 1.193635e+03 1.208524e+03 1.177954e+03
6.2 1.151816e+03 1.184897e+03 1.199274e+03 1.166192e+03
7.2 1.165825e+03 1.183012e+03 1.194033e+03 1.176846e+03
8.2 1.167404e+03 1.188415e+03 1.196464e+03 1.175452e+03
9.2 1.184552e+03 1.208233e+03 1.216920e+03 1.193239e+03
10.2 1.178896e+03 1.216109e+03 1.226012e+03 1.188799e+03
11.2 1.173598e+03 1.211347e+03 1.217575e+03 1.179826e+03
12.2 1.201385e+03 1.207511e+03 1.209217e+03 1.203091e+03
13.2 1.200328e+03 1.218317e+03 1.221429e+03 1.203440e+03
14.2 1.202999e+03 1.220481e+03 1.228291e+03 1.210809e+03
15.2 1.198352e+03 1.208585e+03 1.218430e+03 1.208198e+03
16.2 1.195449e+03 1.200460e+03 1.205288e+03 1.200277e+03
17.2 1.213405e+03 1.198893e+03 1.196440e+03 1.210953e+03
18.2 1.199899e+03 1.204591e+03 1.191948e+03 1.187256e+03
19.2 1.200071e+03 1.210583e+03 1.190194e+03 1.179682e+03
20.2 1.220804e+03 1.206305e+03 1.190008e+03 1.204507e+03
0.3 1.165825e+03 1.183012e+03 1.194033e+03 1.176846e+03
1.3 1.167404e+03 1.188415e+03 1.196464e+03 1.175452e+03
2.3 1.184552e+03 1.208233e+03 1.216920e+03 1.193239e+03
3.3 1.178896e+03 1.216109e+03 1.226012e+03 1.188799e+03
4.3 1.173598e+03 1.211347e+03 1.217575e+03 1.179826e+03
5.3 1.201385e+03 1.207511e+03 1.209217e+03 1.203091e+03
6.3 1.200328e+03 1.218317e+03 1.221429e+03 1.203440e+03
7.3 1.202999e+03 1.220481e+03 1.228291e+03 1.210809e+03
8.3 1.198352e+03 1.208585e+03 1.218430e+03 1.208198e+03
9.3 1.195449e+03 1.200460e+03 1.205288e+03 1.200277e+03
10.3 1.213405e+03 1.198893e+03 1.196440e+03 1.210953e+03
11.3 1.199899e+03 1.204591e+03 1.191948e+03 1.187256e+03
12.3 1.200071e+03 1.210583e+03 1.190194e+03 1.179682e+03
13.3 1.220804e+03 1.206305e+03 1.190008e+03 1.204507e+03
14.3 1.204888e+03 1.202009e+03 1.190644e+03 1.193523e+03
15.3 1.188399e+03 1.203914e+03 1.191558e+03 1.176043e+03
16.3 1.216263e+03 1.211191e+03 1.192408e+03 1.197480e+03
17.3 1.238137e+03 1.208250e+03 1.193043e+03 1.222931e+03
18.3 1.203174e+03 1.202214e+03 1.193452e+03 1.194412e+03
19.3 1.214273e+03 1.206518e+03 1.193686e+03 1.201441e+03
20.3 1.193845e+03 1.210078e+03 1.193808e+03 1.177575e+03
0.2 1.173598e+03 1.211347e+03 1.217575e+03 1.179826e+03
1.2 1.201385e+03 1.207511e+03 1.209217e+03 1.203091e+03
2.2 1.200328e+03 1.218317e+03 1.221429e+03 1.203440e+03
3.2 1.202999e+03 1.220481e+03 1.228291e+03 1.210809e+03
4.2 1.198352e+03 1.208585e+03 1.218430e+03 1.208198e+03
5.2 1.195449e+03 1.200460e+03 1.205288e+03 1.200277e+03
6.2 1.213405e+03 1.198893e+03 1.196440e+03 1.210953e+03
7.2 1.199899e+03 1.204591e+03 1.191948e+03 1.187256e+03
8.2 1.200071e+03 1.210583e+03 1.190194e+03 1.179682e+03
9.2 1.220804e+03 1.206305e+03 1.190008e+03 1.204507e+03
10.2 1.204888e+03 1.202009e+03 1.190644e+03 1.193523e+03
11.2 1.188399e+03 1.203914e+03 1.191558e+03 1.176043e+03
12.2 1.216263e+03 1.211191e+03 1.192408e+03 1.197480e+03
13.2 1.238137e+03 1.208250e+03 1.193043e+03 1.222931e+03
14.2 1.203174e+03 1.202214e+03 1.193452e+03 1.194412e+03
15.2 1.214273e+03 1.206518e+03 1.193686e+03 1.201441e+03
16.2 1.193845e+03 1.210078e+03 1.193808e+03 1.177575e+03
17.2 1.164454e+03 1.205726e+03 1.193867e+03 1.152596e+03
18.2 1.161567e+03 1.201508e+03 1.193893e+03 1.153953e+03
19.2 1.167496e+03 1.206848e+03 1.193904e+03 1.154552e+03
20.2 1.183270e+03 1.209870e+03 1.193909e+03 1.167309e+03
0.2 1.187500e+03 1.190110e+03 1.193912e+03 1.191302e+03
1.2 1.206427e+03 1.197935e+03 1.197652e+03 1.206143e+03
2.2 1.207186e+03 1.215755e+03 1.218286e+03 1.209718e+03
3.2 1.210191e+03 1.222594e+03 1.229009e+03 1.216606e+03
4.2 1.207492e+03 1.217902e+03 1.226189e+03 1.215779e+03
5.2 1.229307e+03 1.224078e+03 1.234893e+03 1.240122e+03
6.2 1.245314e+03 1.220397e+03 1.233953e+03 1.258870e+03
7.2 1.195777e+03 1.204049e+03 1.219373e+03 1.211101e+03
8.2 1.173495e+03 1.188614e+03 1.204512e+03 1.189394e+03
9.2 1.167031e+03 1.182425e+03 1.195178e+03 1.179784e+03
10.2 1.194401e+03 1.186484e+03 1.190693e+03 1.198610e+03
11.2 1.200469e+03 1.193446e+03 1.189210e+03 1.196234e+03
12.2 1.222076e+03 1.205519e+03 1.189385e+03 1.205943e+03
13.2 1.208223e+03 1.210963e+03 1.190325e+03 1.187586e+03
0.4 1.210191e+03 1.222594e+03 1.229009e+03 1.216606e+03
1.4 1.207492e+03 1.217902e+03 1.226189e+03 1.215779e+03
2.4 1.229307e+03 1.224078e+03 1.234893e+03 1.240122e+03
3.4 1.245314e+03 1.220397e+03 1.233953e+03 1.258870e+03
4.4 1.195777e+03 1.204049e+03 1.219373e+03 1.211101e+03
5.4 1.173495e+03 1.188614e+03 1.204512e+03 1.189394e+03
6.4 1.167031e+03 1.182425e+03 1.195178e+03 1.179784e+03
7.4 1.194401e+03 1.186484e+03 1.190693e+03 1.198610e+03
8.4 1.200469e+03 1.193446e+03 1.189210e+03 1.196234e+03
9.4 1.222076e+03 1.205519e+03 1.189385e+03 1.205943e+03
10.4 1.208223e+03 1.210963e+03 1.190325e+03 1.187586e+03
