0.4 8.797154e+03 8.718769e+03 8.714053e+03 8.792438e+03
1.4 8.779584e+03 8.743040e+03 8.726105e+03 8.762649e+03
2.4 8.791860e+03 8.773330e+03 8.767247e+03 8.785778e+03
3.4 8.812040e+03 8.780419e+03 8.780486e+03 8.812107e+03
4.4 8.814659e+03 8.769494e+03 8.761381e+03 8.806546e+03
5.4 8.781001e+03 8.759309e+03 8.748963e+03 8.770655e+03
6.4 8.793347e+03 8.769291e+03 8.773956e+03 8.798012e+03
7.4 8.805381e+03 8.755966e+03 8.779617e+03 8.829032e+03
8.4 8.799092e+03 8.728522e+03 8.757025e+03 8.827595e+03
9.4 8.743214e+03 8.723290e+03 8.732387e+03 8.752311e+03
10.4 8.726544e+03 8.731628e+03 8.716863e+03 8.711779e+03
11.4 8.771105e+03 8.742298e+03 8.709305e+03 8.738111e+03
12.4 8.743081e+03 8.735815e+03 8.706590e+03 8.713856e+03
13.4 8.739532e+03 8.731383e+03 8.706619e+03 8.714768e+03
14.4 8.770527e+03 8.739079e+03 8.708016e+03 8.739464e+03
15.4 8.807418e+03 8.740225e+03 8.709802e+03 8.776994e+03
16.4 8.744455e+03 8.718600e+03 8.711383e+03 8.737239e+03
17.4 8.714905e+03 8.700251e+03 8.712529e+03 8.727183e+03
18.4 8.722113e+03 8.704570e+03 8.713249e+03 8.730792e+03
19.4 8.751849e+03 8.719457e+03 8.713654e+03 8.746045e+03
20.4 8.827913e+03 8.735699e+03 8.713862e+03 8.806075e+03
0.4 8.814659e+03 8.769494e+03 8.761381e+03 8.806546e+03
1.4 8.781001e+03 8.759309e+03 8.748963e+03 8.770655e+03
2.4 8.793347e+03 8.769291e+03 8.773956e+03 8.798012e+03
3.4 8.805381e+03 8.755966e+03 8.779617e+03 8.829032e+03
4.4 8.799092e+03 8.728522e+03 8.757025e+03 8.827595e+03
5.4 8.743214e+03 8.723290e+03 8.732387e+03 8.752311e+03
6.4 8.726544e+03 8.731628e+03 8.716863e+03 8.711779e+03
7.4 8.771105e+03 8.742298e+03 8.709305e+03 8.738111e+03
8.4 8.743081e+03 8.735815e+03 8.706590e+03 8.713856e+03
9.4 8.739532e+03 8.731383e+03 8.706619e+03 8.714768e+03
10.4 8.770527e+03 8.739079e+03 8.708016e+03 8.739464e+03
11.4 8.807418e+03 8.740225e+03 8.709802e+03 8.776994e+03
12.4 8.744455e+03 8.718600e+03 8.711383e+03 8.737239e+03
13.4 8.714905e+03 8.700251e+03 8.712529e+03 8.727183e+03
14.4 8.722113e+03 8.704570e+03 8.713249e+03 8.730792e+03
15.4 8.751849e+03 8.719457e+03 8.713654e+03 8.746045e+03
16.4 8.827913e+03 8.735699e+03 8.713862e+03 8.806075e+03
17.4 8.769260e+03 8.727182e+03 8.713962e+03 8.756039e+03
18.4 8.717775e+03 8.713632e+03 8.714006e+03 8.718149e+03
19.4 8.726832e+03 8.717734e+03 8.721909e+03 8.731007e+03
20.4 8.793377e+03 8.747399e+03 8.761886e+03 8.807864e+03
0.3 8.717775e+03 8.713632e+03 8.714006e+03 8.718149e+03
1.3 8.726832e+03 8.717734e+03 8.721909e+03 8.731007e+03
2.3 8.793377e+03 8.747399e+03 8.761886e+03 8.807864e+03
3.3 8.810971e+03 8.756401e+03 8.781226e+03 8.835796e+03
4.3 8.735132e+03 8.748387e+03 8.764909e+03 8.751654e+03
5.3 8.733717e+03 8.741816e+03 8.740794e+03 8.732694e+03
6.3 8.731161e+03 8.746999e+03 8.723550e+03 8.707711e+03
7.3 8.749389e+03 8.750878e+03 8.713870e+03 8.712381e+03
8.3 8.697822e+03 8.754289e+03 8.709325e+03 8.652858e+03
9.3 8.688146e+03 8.754236e+03 8.708034e+03 8.641944e+03
10.3 8.730307e+03 8.756689e+03 8.708623e+03 8.682242e+03
11.3 8.811253e+03 8.751137e+03 8.709995e+03 8.770110e+03
12.3 8.791388e+03 8.743286e+03 8.711404e+03 8.759507e+03
13.3 8.742366e+03 8.737050e+03 8.712500e+03 8.717815e+03
14.3 8.725208e+03 8.740889e+03 8.713217e+03 8.697536e+03
15.3 8.750659e+03 8.735226e+03 8.713632e+03 8.729065e+03
16.3 8.772925e+03 8.724584e+03 8.713849e+03 8.762191e+03
17.3 8.784590e+03 8.727409e+03 8.713954e+03 8.771135e+03
18.3 8.761309e+03 8.733942e+03 8.714002e+03 8.741369e+03
19.3 8.773361e+03 8.744042e+03 8.714022e+03 8.743341e+03
20.3 8.740355e+03 8.734410e+03 8.714030e+03 8.719975e+03
0.6 8.788847e+03 8.703462e+03 8.714295e+03 8.799680e+03
1.6 8.809602e+03 8.737354e+03 8.734591e+03 8.806839e+03
2.6 8.839427e+03 8.767026e+03 8.774202e+03 8.846604e+03
3.6 8.779320e+03 8.755456e+03 8.777884e+03 8.801749e+03
4.6 8.746758e+03 8.734406e+03 8.755626e+03 8.767978e+03
5.6 8.739528e+03 8.730373e+03 8.734330e+03 8.743486e+03
6.6 8.768507e+03 8.746946e+03 8.747116e+03 8.768677e+03
7.6 8.787023e+03 8.762062e+03 8.775571e+03 8.800531e+03
8.6 8.766405e+03 8.740940e+03 8.769520e+03 8.794985e+03
9.6 8.757045e+03 8.712449e+03 8.745436e+03 8.790031e+03
10.6 8.785458e+03 8.709233e+03 8.725427e+03 8.801651e+03
11.6 8.796369e+03 8.721852e+03 8.714540e+03 8.789058e+03
12.6 8.813267e+03 8.743522e+03 8.732887e+03 8.802632e+03
13.6 8.816513e+03 8.763426e+03 8.769276e+03 8.822363e+03
14.6 8.721188e+03 8.745713e+03 8.770061e+03 8.745535e+03
15.6 8.688511e+03 8.711769e+03 8.748476e+03 8.725219e+03
16.6 8.719054e+03 8.686010e+03 8.728462e+03 8.761506e+03
17.6 8.758055e+03 8.682148e+03 8.716292e+03 8.792199e+03
18.6 8.782232e+03 8.700760e+03 8.719604e+03 8.801076e+03
19.6 8.796117e+03 8.740157e+03 8.757929e+03 8.813888e+03
20.6 8.719702e+03 8.748970e+03 8.774859e+03 8.745591e+03
0.8 8.739528e+03 8.730373e+03 8.734330e+03 8.743486e+03
1.8 8.768507e+03 8.746946e+03 8.747116e+03 8.768677e+03
2.8 8.787023e+03 8.762062e+03 8.775571e+03 8.800531e+03
3.8 8.766405e+03 8.740940e+03 8.769520e+03 8.794985e+03
4.8 8.757045e+03 8.712449e+03 8.745436e+03 8.790031e+03
5.8 8.785458e+03 8.709233e+03 8.725427e+03 8.801651e+03
6.8 8.796369e+03 8.721852e+03 8.714540e+03 8.789058e+03
7.8 8.813267e+03 8.743522e+03 8.732887e+03 8.802632e+03
8.8 8.816513e+03 8.763426e+03 8.769276e+03 8.822363e+03
9.8 8.721188e+03 8.745713e+03 8.770061e+03 8.745535e+03
10.8 8.688511e+03 8.711769e+03 8.748476e+03 8.725219e+03
11.8 8.719054e+03 8.686010e+03 8.728462e+03 8.761506e+03
12.8 8.758055e+03 8.682148e+03 8.716292e+03 8.792199e+03
13.8 8.782232e+03 8.700760e+03 8.719604e+03 8.801076e+03
14.8 8.796117e+03 8.740157e+03 8.757929e+03 8.813888e+03
15.8 8.719702e+03 8.748970e+03 8.774859e+03 8.745591e+03
16.8 8.681993e+03 8.733860e+03 8.758558e+03 8.706690e+03
17.8 8.695921e+03 8.728809e+03 8.736158e+03 8.703270e+03
18.8 8.750370e+03 8.734144e+03 8.720713e+03 8.736939e+03
19.8 8.793676e+03 8.741609e+03 8.712323e+03 8.764390e+03
20.8 8.757173e+03 8.725871e+03 8.708579e+03 8.739881e+03
0.7 8.796369e+03 8.721852e+03 8.714540e+03 8.789058e+03
1.7 8.813267e+03 8.743522e+03 8.732887e+03 8.802632e+03
2.7 8.816513e+03 8.763426e+03 8.769276e+03 8.822363e+03
3.7 8.721188e+03 8.745713e+03 8.770061e+03 8.745535e+03
4.7 8.688511e+03 8.711769e+03 8.748476e+03 8.725219e+03
5.7 8.719054e+03 8.686010e+03 8.728462e+03 8.761506e+03
6.7 8.758055e+03 8.682148e+03 8.716292e+03 8.792199e+03
7.7 8.782232e+03 8.700760e+03 8.719604e+03 8.801076e+03
8.7 8.796117e+03 8.740157e+03 8.757929e+03 8.813888e+03
9.7 8.719702e+03 8.748970e+03 8.774859e+03 8.745591e+03
10.7 8.681993e+03 8.733860e+03 8.758558e+03 8.706690e+03
11.7 8.695921e+03 8.728809e+03 8.736158e+03 8.703270e+03
12.7 8.750370e+03 8.734144e+03 8.720713e+03 8.736939e+03
13.7 8.793676e+03 8.741609e+03 8.712323e+03 8.764390e+03
14.7 8.757173e+03 8.725871e+03 8.708579e+03 8.739881e+03
15.7 8.712620e+03 8.699700e+03 8.707744e+03 8.720663e+03
16.7 8.718937e+03 8.679869e+03 8.708562e+03 8.747630e+03
17.7 8.746591e+03 8.669337e+03 8.710026e+03 8.787280e+03
18.7 8.751818e+03 8.665248e+03 8.711455e+03 8.798026e+03
19.7 8.776092e+03 8.667318e+03 8.712542e+03 8.821316e+03
20.7 8.765908e+03 8.687658e+03 8.713245e+03 8.791495e+03
0.3 8.758055e+03 8.682148e+03 8.716292e+03 8.792199e+03
1.3 8.782232e+03 8.700760e+03 8.719604e+03 8.801076e+03
2.3 8.796117e+03 8.740157e+03 8.757929e+03 8.813888e+03
3.3 8.719702e+03 8.748970e+03 8.774859e+03 8.745591e+03
4.3 8.681993e+03 8.733860e+03 8.758558e+03 8.706690e+03
5.3 8.695921e+03 8.728809e+03 8.736158e+03 8.703270e+03
6.3 8.750370e+03 8.734144e+03 8.720713e+03 8.736939e+03
7.3 8.793676e+03 8.741609e+03 8.712323e+03 8.764390e+03
8.3 8.757173e+03 8.725871e+03 8.708579e+03 8.739881e+03
9.3 8.712620e+03 8.699700e+03 8.707744e+03 8.720663e+03
10.3 8.718937e+03 8.679869e+03 8.708562e+03 8.747630e+03
11.3 8.746591e+03 8.669337e+03 8.710026e+03 8.787280e+03
12.3 8.751818e+03 8.665248e+03 8.711455e+03 8.798026e+03
13.3 8.776092e+03 8.667318e+03 8.712542e+03 8.821316e+03
14.3 8.765908e+03 8.687658e+03 8.713245e+03 8.791495e+03
15.3 8.800854e+03 8.717312e+03 8.713649e+03 8.797191e+03
16.3 8.755440e+03 8.744121e+03 8.713858e+03 8.725177e+03
17.3 8.844247e+03 8.758478e+03 8.713958e+03 8.799728e+03
18.3 8.860635e+03 8.759657e+03 8.714003e+03 8.814982e+03
19.3 8.795286e+03 8.761719e+03 8.714023e+03 8.747590e+03
20.3 8.718689e+03 8.752003e+03 8.714030e+03 8.680716e+03
0.9 8.701329e+03 8.713391e+03 8.715886e+03 8.703825e+03
1.9 8.715685e+03 8.736226e+03 8.747070e+03 8.726528e+03
2.9 8.746245e+03 8.754227e+03 8.779616e+03 8.771635e+03
3.9 8.696405e+03 8.734908e+03 8.772754e+03 8.734250e+03
4.9 8.673542e+03 8.703979e+03 8.748604e+03 8.718168e+03
5.9 8.701468e+03 8.681530e+03 8.728503e+03 8.748441e+03
6.9 8.717414e+03 8.669615e+03 8.716491e+03 8.764290e+03
7.9 8.689830e+03 8.668350e+03 8.710437e+03 8.731917e+03
8.9 8.686676e+03 8.686812e+03 8.708201e+03 8.708066e+03
9.9 8.692404e+03 8.716412e+03 8.708284e+03 8.684276e+03
10.9 8.738696e+03 8.737919e+03 8.709491e+03 8.710268e+03
11.9 8.752975e+03 8.728043e+03 8.710946e+03 8.735878e+03
12.9 8.704407e+03 8.704831e+03 8.712168e+03 8.711744e+03
13.9 8.672334e+03 8.694031e+03 8.713010e+03 8.691314e+03
14.9 8.709683e+03 8.703689e+03 8.713718e+03 8.719711e+03
15.9 8.738296e+03 8.727682e+03 8.733188e+03 8.743801e+03
16.9 8.692774e+03 8.757187e+03 8.773347e+03 8.708934e+03
17.9 8.722845e+03 8.748375e+03 8.778248e+03 8.752718e+03
18.9 8.694654e+03 8.717316e+03 8.756325e+03 8.733663e+03
19.9 8.627567e+03 8.690432e+03 8.733908e+03 8.671042e+03
20.9 8.490306e+03 8.674458e+03 8.719500e+03 8.535348e+03
0.6 8.709683e+03 8.703689e+03 8.713718e+03 8.719711e+03
1.6 8.738296e+03 8.727682e+03 8.733188e+03 8.743801e+03
2.6 8.692774e+03 8.757187e+03 8.773347e+03 8.708934e+03
3.6 8.722845e+03 8.748375e+03 8.778248e+03 8.752718e+03
4.6 8.694654e+03 8.717316e+03 8.756325e+03 8.733663e+03
5.6 8.627567e+03 8.690432e+03 8.733908e+03 8.671042e+03
6.6 8.490306e+03 8.674458e+03 8.719500e+03 8.535348e+03
7.6 8.513637e+03 8.666850e+03 8.711844e+03 8.558631e+03
8.6 8.526896e+03 8.666495e+03 8.708591e+03 8.568992e+03
9.6 8.624644e+03 8.682553e+03 8.708086e+03 8.650177e+03
10.6 8.675660e+03 8.709520e+03 8.709052e+03 8.675191e+03
11.6 8.741789e+03 8.730966e+03 8.710499e+03 8.721322e+03
12.6 8.765806e+03 8.749150e+03 8.711823e+03 8.728479e+03
13.6 8.788282e+03 8.753599e+03 8.712786e+03 8.747469e+03
14.6 8.735584e+03 8.753860e+03 8.713388e+03 8.695112e+03
15.6 8.709971e+03 8.751474e+03 8.713724e+03 8.672221e+03
16.6 8.720885e+03 8.754503e+03 8.713895e+03 8.680277e+03
17.6 8.726922e+03 8.751260e+03 8.713979e+03 8.689641e+03
18.6 8.772010e+03 8.747908e+03 8.723454e+03 8.747555e+03
19.6 8.778798e+03 8.763733e+03 8.764104e+03 8.779169e+03
20.6 8.762635e+03 8.760235e+03 8.781017e+03 8.783417e+03
0.3 8.726922e+03 8.751260e+03 8.713979e+03 8.689641e+03
1.3 8.772010e+03 8.747908e+03 8.723454e+03 8.747555e+03
2.3 8.778798e+03 8.763733e+03 8.764104e+03 8.779169e+03
3.3 8.762635e+03 8.760235e+03 8.781017e+03 8.783417e+03
4.3 8.759695e+03 8.743217e+03 8.763503e+03 8.779981e+03
5.3 8.774544e+03 8.738613e+03 8.739578e+03 8.775510e+03
6.3 8.786754e+03 8.736079e+03 8.722815e+03 8.773491e+03
7.3 8.723211e+03 8.714789e+03 8.713494e+03 8.721916e+03
8.3 8.715758e+03 8.698539e+03 8.709178e+03 8.726396e+03
9.3 8.707805e+03 8.708460e+03 8.708029e+03 8.707374e+03
10.3 8.707332e+03 8.726988e+03 8.708690e+03 8.689034e+03
11.3 8.727958e+03 8.742997e+03 8.710080e+03 8.695041e+03
12.3 8.703031e+03 8.737590e+03 8.711477e+03 8.676918e+03
13.3 8.695562e+03 8.730205e+03 8.714402e+03 8.679758e+03
14.3 8.731519e+03 8.746505e+03 8.746283e+03 8.731297e+03
15.3 8.800603e+03 8.760489e+03 8.779230e+03 8.819344e+03
16.3 8.799061e+03 8.751006e+03 8.772577e+03 8.820632e+03
17.3 8.798421e+03 8.741540e+03 8.748527e+03 8.805408e+03
18.3 8.783151e+03 8.743226e+03 8.728472e+03 8.768396e+03
19.3 8.735868e+03 8.727846e+03 8.716479e+03 8.724501e+03
20.3 8.638142e+03 8.700832e+03 8.710433e+03 8.647743e+03
0.9 8.695562e+03 8.730205e+03 8.714402e+03 8.679758e+03
1.9 8.731519e+03 8.746505e+03 8.746283e+03 8.731297e+03
2.9 8.800603e+03 8.760489e+03 8.779230e+03 8.819344e+03
3.9 8.799061e+03 8.751006e+03 8.772577e+03 8.820632e+03
4.9 8.798421e+03 8.741540e+03 8.748527e+03 8.805408e+03
5.9 8.783151e+03 8.743226e+03 8.728472e+03 8.768396e+03
6.9 8.735868e+03 8.727846e+03 8.716479e+03 8.724501e+03
7.9 8.638142e+03 8.700832e+03 8.710433e+03 8.647743e+03
8.9 8.636510e+03 8.679473e+03 8.708201e+03 8.665238e+03
9.9 8.624901e+03 8.668082e+03 8.708284e+03 8.665103e+03
10.9 8.649749e+03 8.663867e+03 8.709491e+03 8.695373e+03
11.9 8.640971e+03 8.663647e+03 8.710946e+03 8.688270e+03
12.9 8.664410e+03 8.665775e+03 8.712168e+03 8.710803e+03
13.9 8.688533e+03 8.679154e+03 8.713010e+03 8.722390e+03
14.9 8.743653e+03 8.710112e+03 8.713517e+03 8.747058e+03
15.9 8.785692e+03 8.737811e+03 8.713791e+03 8.761672e+03
16.9 8.832568e+03 8.756977e+03 8.713927e+03 8.789518e+03
17.9 8.766730e+03 8.762445e+03 8.713990e+03 8.718275e+03
18.9 8.706226e+03 8.757337e+03 8.714017e+03 8.662906e+03
19.9 8.666482e+03 8.748970e+03 8.714028e+03 8.631541e+03
20.9 8.702858e+03 8.748624e+03 8.714034e+03 8.668267e+03
0.6 8.735393e+03 8.686188e+03 8.714235e+03 8.763440e+03
1.6 8.766672e+03 8.718344e+03 8.733431e+03 8.781760e+03
2.6 8.763600e+03 8.754671e+03 8.773455e+03 8.782384e+03
3.6 8.801214e+03 8.759063e+03 8.778293e+03 8.820444e+03
4.6 8.801304e+03 8.752860e+03 8.756343e+03 8.804787e+03
5.6 8.788850e+03 8.754838e+03 8.733914e+03 8.767926e+03
6.6 8.744541e+03 8.743450e+03 8.719501e+03 8.720592e+03
7.6 8.617452e+03 8.714347e+03 8.711844e+03 8.614950e+03
8.6 8.623866e+03 8.690800e+03 8.708591e+03 8.641657e+03
9.6 8.682976e+03 8.693647e+03 8.708086e+03 8.697415e+03
10.6 8.763274e+03 8.714704e+03 8.709052e+03 8.757621e+03
11.6 8.789986e+03 8.733217e+03 8.710499e+03 8.767269e+03
12.6 8.737204e+03 8.725238e+03 8.711823e+03 8.723790e+03
13.6 8.699202e+03 8.720334e+03 8.712786e+03 8.691655e+03
14.6 8.697790e+03 8.730738e+03 8.715540e+03 8.682593e+03
15.6 8.724971e+03 8.756257e+03 8.748044e+03 8.716758e+03
16.6 8.770309e+03 8.767106e+03 8.779809e+03 8.783012e+03
17.6 8.701410e+03 8.740820e+03 8.772095e+03 8.732685e+03
18.6 8.663214e+03 8.714237e+03 8.747899e+03 8.696877e+03
19.6 8.710028e+03 8.716826e+03 8.728044e+03 8.721246e+03
20.6 8.710025e+03 8.731814e+03 8.716244e+03 8.694456e+03
1.0 8.697790e+03 8.730738e+03 8.715540e+03 8.682593e+03
2.0 8.724971e+03 8.756257e+03 8.748044e+03 8.716758e+03
3.0 8.770309e+03 8.767106e+03 8.779809e+03 8.783012e+03
4.0 8.701410e+03 8.740820e+03 8.772095e+03 8.732685e+03
5.0 8.663214e+03 8.714237e+03 8.747899e+03 8.696877e+03
6.0 8.710028e+03 8.716826e+03 8.728044e+03 8.721246e+03
7.0 8.710025e+03 8.731814e+03 8.716244e+03 8.694456e+03
8.0 8.741081e+03 8.745735e+03 8.710328e+03 8.705675e+03
9.0 8.779235e+03 8.752356e+03 8.708178e+03 8.735057e+03
10.0 8.741484e+03 8.750349e+03 8.708308e+03 8.699443e+03
11.0 8.673772e+03 8.745933e+03 8.709533e+03 8.637371e+03
12.0 8.668124e+03 8.746592e+03 8.710986e+03 8.632519e+03
13.0 8.671605e+03 8.742911e+03 8.712197e+03 8.640891e+03
14.0 8.615582e+03 8.718922e+03 8.713029e+03 8.609689e+03
15.0 8.627753e+03 8.691820e+03 8.713528e+03 8.649460e+03
16.0 8.697561e+03 8.674038e+03 8.713797e+03 8.737320e+03
17.0 8.698325e+03 8.669197e+03 8.713930e+03 8.743058e+03
18.0 8.686986e+03 8.684116e+03 8.713991e+03 8.716862e+03
19.0 8.668733e+03 8.708787e+03 8.720506e+03 8.680453e+03
20.0 8.732233e+03 8.747488e+03 8.759566e+03 8.744310e+03
21.0 8.754082e+03 8.757841e+03 8.781303e+03 8.777545e+03
0.2 8.686986e+03 8.684116e+03 8.713991e+03 8.716862e+03
1.2 8.668733e+03 8.708787e+03 8.720506e+03 8.680453e+03
2.2 8.732233e+03 8.747488e+03 8.759566e+03 8.744310e+03
3.2 8.754082e+03 8.757841e+03 8.781303e+03 8.777545e+03
4.2 8.639184e+03 8.732375e+03 8.766295e+03 8.673105e+03
5.2 8.571250e+03 8.701844e+03 8.742036e+03 8.611442e+03
6.2 8.591952e+03 8.685783e+03 8.724310e+03 8.630478e+03
7.2 8.630555e+03 8.693436e+03 8.714267e+03 8.651387e+03
8.2 8.664675e+03 8.714004e+03 8.718925e+03 8.669597e+03
9.2 8.709619e+03 8.749506e+03 8.758124e+03 8.718238e+03
10.2 8.708608e+03 8.758407e+03 8.775545e+03 8.725746e+03
11.2 8.727021e+03 8.753641e+03 8.759379e+03 8.732759e+03
12.2 8.710327e+03 8.753637e+03 8.743363e+03 8.700053e+03
13.2 8.703860e+03 8.770554e+03 8.766765e+03 8.700072e+03
14.2 8.697381e+03 8.764797e+03 8.779914e+03 8.712498e+03
15.2 8.692643e+03 8.736933e+03 8.761018e+03 8.716728e+03
16.2 8.700996e+03 8.728274e+03 8.735835e+03 8.708557e+03
17.2 8.689759e+03 8.735747e+03 8.718880e+03 8.672892e+03
18.2 8.710301e+03 8.745258e+03 8.710273e+03 8.675316e+03
19.2 8.726059e+03 8.745825e+03 8.706911e+03 8.687145e+03
20.2 8.737781e+03 8.731971e+03 8.706556e+03 8.712366e+03
0.3 8.630555e+03 8.693436e+03 8.714267e+03 8.651387e+03
1.3 8.664675e+03 8.714004e+03 8.718925e+03 8.669597e+03
2.3 8.709619e+03 8.749506e+03 8.758124e+03 8.718238e+03
3.3 8.708608e+03 8.758407e+03 8.775545e+03 8.725746e+03
4.3 8.727021e+03 8.753641e+03 8.759379e+03 8.732759e+03
5.3 8.710327e+03 8.753637e+03 8.743363e+03 8.700053e+03
6.3 8.703860e+03 8.770554e+03 8.766765e+03 8.700072e+03
7.3 8.697381e+03 8.764797e+03 8.779914e+03 8.712498e+03
8.3 8.692643e+03 8.736933e+03 8.761018e+03 8.716728e+03
9.3 8.700996e+03 8.728274e+03 8.735835e+03 8.708557e+03
10.3 8.689759e+03 8.735747e+03 8.718880e+03 8.672892e+03
11.3 8.710301e+03 8.745258e+03 8.710273e+03 8.675316e+03
12.3 8.726059e+03 8.745825e+03 8.706911e+03 8.687145e+03
13.3 8.737781e+03 8.731971e+03 8.706556e+03 8.712366e+03
14.3 8.694225e+03 8.727890e+03 8.707773e+03 8.674107e+03
15.3 8.661395e+03 8.733295e+03 8.709524e+03 8.637624e+03
16.3 8.738232e+03 8.741110e+03 8.711154e+03 8.708276e+03
17.3 8.778293e+03 8.733665e+03 8.712371e+03 8.756999e+03
18.3 8.734690e+03 8.730113e+03 8.713154e+03 8.717730e+03
19.3 8.729797e+03 8.739294e+03 8.713602e+03 8.704105e+03
20.3 8.647879e+03 8.740731e+03 8.713836e+03 8.620984e+03
0.2 8.727021e+03 8.753641e+03 8.759379e+03 8.732759e+03
1.2 8.710327e+03 8.753637e+03 8.743363e+03 8.700053e+03
2.2 8.703860e+03 8.770554e+03 8.766765e+03 8.700072e+03
3.2 8.697381e+03 8.764797e+03 8.779914e+03 8.712498e+03
4.2 8.692643e+03 8.736933e+03 8.761018e+03 8.716728e+03
5.2 8.700996e+03 8.728274e+03 8.735835e+03 8.708557e+03
6.2 8.689759e+03 8.735747e+03 8.718880e+03 8.672892e+03
7.2 8.710301e+03 8.745258e+03 8.710273e+03 8.675316e+03
8.2 8.726059e+03 8.745825e+03 8.706911e+03 8.687145e+03
9.2 8.737781e+03 8.731971e+03 8.706556e+03 8.712366e+03
10.2 8.694225e+03 8.727890e+03 8.707773e+03 8.674107e+03
11.2 8.661395e+03 8.733295e+03 8.709524e+03 8.637624e+03
12.2 8.738232e+03 8.741110e+03 8.711154e+03 8.708276e+03
13.2 8.778293e+03 8.733665e+03 8.712371e+03 8.756999e+03
14.2 8.734690e+03 8.730113e+03 8.713154e+03 8.717730e+03
15.2 8.729797e+03 8.739294e+03 8.713602e+03 8.704105e+03
16.2 8.647879e+03 8.740731e+03 8.713836e+03 8.620984e+03
17.2 8.565474e+03 8.736673e+03 8.713950e+03 8.542752e+03
18.2 8.596191e+03 8.739145e+03 8.714000e+03 8.571046e+03
19.2 8.635503e+03 8.747613e+03 8.714021e+03 8.601911e+03
20.2 8.653316e+03 8.743052e+03 8.714030e+03 8.624295e+03
0.2 8.712987e+03 8.706280e+03 8.714035e+03 8.720742e+03
1.2 8.716881e+03 8.727724e+03 8.721202e+03 8.710359e+03
2.2 8.702063e+03 8.759688e+03 8.760742e+03 8.703117e+03
3.2 8.716323e+03 8.773199e+03 8.781289e+03 8.724413e+03
4.2 8.765963e+03 8.768045e+03 8.775885e+03 8.773803e+03
5.2 8.778215e+03 8.776179e+03 8.792563e+03 8.794599e+03
6.2 8.757751e+03 8.761224e+03 8.790763e+03 8.787290e+03
7.2 8.675553e+03 8.723545e+03 8.762825e+03 8.714833e+03
8.2 8.653637e+03 8.690600e+03 8.734348e+03 8.697385e+03
9.2 8.678222e+03 8.680836e+03 8.716461e+03 8.713847e+03
10.2 8.704783e+03 8.697575e+03 8.707868e+03 8.715076e+03
11.2 8.702950e+03 8.718727e+03 8.705026e+03 8.689250e+03
12.2 8.736297e+03 8.738715e+03 8.705361e+03 8.702943e+03
13.2 8.699699e+03 8.740853e+03 8.707162e+03 8.666008e+03
0.4 8.716323e+03 8.773199e+03 8.781289e+03 8.724413e+03
1.4 8.765963e+03 8.768045e+03 8.775885e+03 8.773803e+03
2.4 8.778215e+03 8.776179e+03 8.792563e+03 8.794599e+03
3.4 8.757751e+03 8.761224e+03 8.790763e+03 8.787290e+03
4.4 8.675553e+03 8.723545e+03 8.762825e+03 8.714833e+03
5.4 8.653637e+03 8.690600e+03 8.734348e+03 8.697385e+03
6.4 8.678222e+03 8.680836e+03 8.716461e+03 8.713847e+03
7.4 8.704783e+03 8.697575e+03 8.707868e+03 8.715076e+03
8.4 8.702950e+03 8.718727e+03 8.705026e+03 8.689250e+03
9.4 8.736297e+03 8.738715e+03 8.705361e+03 8.702943e+03
10.4 8.699699e+03 8.740853e+03 8.707162e+03 8.666008e+03
