0.9 4.877521e+03 4.863744e+03 4.920153e+03 4.933930e+03
1.9 4.965729e+03 4.857869e+03 4.924968e+03 5.032829e+03
2.9 5.012891e+03 4.865919e+03 4.936287e+03 5.083259e+03
3.9 4.954600e+03 4.910460e+03 4.941476e+03 4.985616e+03
4.9 5.013090e+03 4.984021e+03 4.936452e+03 4.965521e+03
5.9 4.983791e+03 4.986678e+03 4.928771e+03 4.925884e+03
6.9 4.879877e+03 4.947816e+03 4.923099e+03 4.855161e+03
7.9 4.881226e+03 4.918712e+03 4.919876e+03 4.882390e+03
8.9 4.933230e+03 4.946745e+03 4.918372e+03 4.904858e+03
9.9 4.945384e+03 4.994607e+03 4.917953e+03 4.868730e+03
10.9 5.023087e+03 4.974474e+03 4.918150e+03 4.966763e+03
11.9 4.895359e+03 4.925402e+03 4.918602e+03 4.888559e+03
12.9 4.931207e+03 4.896204e+03 4.919066e+03 4.954069e+03
13.9 4.879708e+03 4.888447e+03 4.919428e+03 4.910689e+03
14.9 4.940754e+03 4.925674e+03 4.919667e+03 4.934747e+03
15.9 4.994986e+03 4.986493e+03 4.919805e+03 4.928298e+03
16.9 4.967107e+03 4.977456e+03 4.919878e+03 4.909530e+03
17.9 4.855535e+03 4.928745e+03 4.919914e+03 4.846704e+03
18.9 4.857810e+03 4.886542e+03 4.919930e+03 4.891198e+03
19.9 4.907137e+03 4.863424e+03 4.919937e+03 4.963650e+03
20.9 4.872688e+03 4.872317e+03 4.919940e+03 4.920310e+03
21.9 4.960850e+03 4.946875e+03 4.919941e+03 4.933916e+03
0.3 4.868823e+03 4.851702e+03 4.919942e+03 4.937063e+03
1.3 4.960984e+03 4.850834e+03 4.920986e+03 5.031136e+03
2.3 4.911371e+03 4.859619e+03 4.928879e+03 4.980630e+03
3.3 4.928026e+03 4.876121e+03 4.939598e+03 4.991503e+03
4.3 4.954066e+03 4.922568e+03 4.940448e+03 4.971946e+03
5.3 5.066354e+03 4.960148e+03 4.933533e+03 5.039740e+03
6.3 5.113004e+03 4.958788e+03 4.926351e+03 5.080566e+03
7.3 5.035271e+03 4.973395e+03 4.921652e+03 4.983527e+03
8.3 4.929910e+03 4.974831e+03 4.919155e+03 4.874234e+03
9.3 4.822206e+03 4.947538e+03 4.918117e+03 4.792785e+03
10.3 4.773053e+03 4.920511e+03 4.917976e+03 4.770518e+03
11.3 4.831884e+03 4.919060e+03 4.918304e+03 4.831129e+03
12.3 4.879783e+03 4.949564e+03 4.918782e+03 4.849001e+03
13.3 4.952716e+03 4.952119e+03 4.919215e+03 4.919812e+03
14.3 4.922917e+03 4.933175e+03 4.919530e+03 4.909272e+03
15.3 4.914183e+03 4.924802e+03 4.919728e+03 4.909109e+03
16.3 4.917996e+03 4.951727e+03 4.919838e+03 4.886108e+03
17.3 4.967011e+03 4.948909e+03 4.919895e+03 4.937997e+03
18.3 4.973175e+03 4.930242e+03 4.919922e+03 4.962855e+03
19.3 4.958036e+03 4.948398e+03 4.919933e+03 4.929571e+03
20.3 4.966295e+03 4.943213e+03 4.919938e+03 4.943021e+03
21.3 4.825334e+03 4.909142e+03 4.919941e+03 4.836133e+03
0.4 4.895769e+03 4.858188e+03 4.919944e+03 4.957524e+03
1.4 4.912440e+03 4.850221e+03 4.921446e+03 4.983665e+03
2.4 4.838550e+03 4.856095e+03 4.929335e+03 4.911790e+03
3.4 4.848569e+03 4.891499e+03 4.934853e+03 4.891923e+03
4.4 4.962462e+03 4.940820e+03 4.932227e+03 4.953870e+03
5.4 4.987149e+03 4.940437e+03 4.926828e+03 4.973540e+03
6.4 4.910877e+03 4.909953e+03 4.922630e+03 4.923554e+03
7.4 4.830594e+03 4.881749e+03 4.920185e+03 4.869031e+03
8.4 4.862857e+03 4.864972e+03 4.918994e+03 4.916879e+03
9.4 4.959955e+03 4.893263e+03 4.918601e+03 4.985293e+03
10.4 5.035889e+03 4.966961e+03 4.918681e+03 4.987609e+03
11.4 5.017271e+03 4.976030e+03 4.918973e+03 4.960215e+03
12.4 5.054175e+03 4.935153e+03 4.919296e+03 5.038318e+03
13.4 4.851520e+03 4.893870e+03 4.919558e+03 4.877207e+03
14.4 4.646854e+03 4.867824e+03 4.919733e+03 4.698763e+03
15.4 4.798910e+03 4.854311e+03 4.919837e+03 4.864436e+03
16.4 4.767569e+03 4.849167e+03 4.919893e+03 4.838295e+03
17.4 4.837512e+03 4.851254e+03 4.919920e+03 4.906178e+03
18.4 4.857974e+03 4.857618e+03 4.919933e+03 4.920289e+03
19.4 4.913237e+03 4.878775e+03 4.919938e+03 4.954400e+03
20.4 4.983276e+03 4.932178e+03 4.919940e+03 4.971038e+03
21.4 4.996440e+03 4.954106e+03 4.919941e+03 4.962276e+03
0.8 4.970110e+03 4.924530e+03 4.920031e+03 4.965611e+03
1.8 4.882046e+03 4.892241e+03 4.923749e+03 4.913555e+03
2.8 4.870379e+03 4.877690e+03 4.934750e+03 4.927440e+03
3.8 4.870068e+03 4.890008e+03 4.941771e+03 4.921831e+03
4.8 4.908255e+03 4.934311e+03 4.937898e+03 4.911843e+03
5.8 4.930586e+03 4.941563e+03 4.930073e+03 4.919096e+03
6.8 4.896730e+03 4.918939e+03 4.923889e+03 4.901680e+03
7.8 4.901913e+03 4.950289e+03 4.920262e+03 4.871885e+03
8.8 4.930851e+03 4.993369e+03 4.918504e+03 4.855986e+03
9.8 4.989217e+03 4.971420e+03 4.917937e+03 4.935734e+03
10.8 5.026042e+03 4.940290e+03 4.918065e+03 5.003817e+03
11.8 5.049615e+03 4.952644e+03 4.918502e+03 5.015474e+03
12.8 5.025464e+03 4.942938e+03 4.918982e+03 5.001508e+03
13.8 4.824047e+03 4.906619e+03 4.919370e+03 4.836798e+03
14.8 4.828314e+03 4.874023e+03 4.919631e+03 4.873923e+03
15.8 4.835596e+03 4.855572e+03 4.919786e+03 4.899810e+03
16.8 4.814771e+03 4.848032e+03 4.919869e+03 4.886607e+03
17.8 4.785879e+03 4.846666e+03 4.919909e+03 4.859122e+03
18.8 4.806688e+03 4.848620e+03 4.919928e+03 4.877996e+03
19.8 4.792641e+03 4.857259e+03 4.919936e+03 4.855318e+03
20.8 4.877407e+03 4.875053e+03 4.919940e+03 4.922294e+03
21.8 4.916657e+03 4.893846e+03 4.919941e+03 4.942752e+03
0.3 4.871317e+03 4.891487e+03 4.919942e+03 4.899773e+03
1.3 4.853651e+03 4.869095e+03 4.921091e+03 4.905648e+03
2.3 4.888870e+03 4.864740e+03 4.928546e+03 4.952675e+03
3.3 4.887490e+03 4.903117e+03 4.934735e+03 4.919109e+03
4.3 5.005075e+03 4.977725e+03 4.932803e+03 4.960152e+03
5.3 5.026068e+03 4.987462e+03 4.931729e+03 4.970335e+03
6.3 5.063523e+03 4.958186e+03 4.935887e+03 5.041224e+03
7.3 5.019417e+03 4.963975e+03 4.934814e+03 4.990256e+03
8.3 4.967769e+03 4.962381e+03 4.928877e+03 4.934265e+03
9.3 4.787324e+03 4.925975e+03 4.923349e+03 4.784698e+03
10.3 4.784837e+03 4.887590e+03 4.921421e+03 4.818669e+03
11.3 4.792363e+03 4.870560e+03 4.927653e+03 4.849455e+03
12.3 4.918568e+03 4.891792e+03 4.932946e+03 4.959723e+03
13.3 4.964546e+03 4.935521e+03 4.930622e+03 4.959647e+03
14.3 4.940326e+03 4.935369e+03 4.925614e+03 4.930570e+03
15.3 4.942014e+03 4.914675e+03 4.921796e+03 4.949135e+03
16.3 4.870791e+03 4.905285e+03 4.919668e+03 4.885174e+03
17.3 4.937307e+03 4.953075e+03 4.918699e+03 4.902931e+03
18.3 5.005146e+03 4.997937e+03 4.918442e+03 4.925651e+03
19.3 4.988785e+03 4.971319e+03 4.918597e+03 4.936063e+03
20.3 4.968635e+03 4.923353e+03 4.918929e+03 4.964211e+03
21.3 4.929707e+03 4.897664e+03 4.919273e+03 4.951317e+03
0.9 5.005075e+03 4.977725e+03 4.932803e+03 4.960152e+03
1.9 5.026068e+03 4.987462e+03 4.931729e+03 4.970335e+03
2.9 5.063523e+03 4.958186e+03 4.935887e+03 5.041224e+03
3.9 5.019417e+03 4.963975e+03 4.934814e+03 4.990256e+03
4.9 4.967769e+03 4.962381e+03 4.928877e+03 4.934265e+03
5.9 4.787324e+03 4.925975e+03 4.923349e+03 4.784698e+03
6.9 4.784837e+03 4.887590e+03 4.921421e+03 4.818669e+03
7.9 4.792363e+03 4.870560e+03 4.927653e+03 4.849455e+03
8.9 4.918568e+03 4.891792e+03 4.932946e+03 4.959723e+03
9.9 4.964546e+03 4.935521e+03 4.930622e+03 4.959647e+03
10.9 4.940326e+03 4.935369e+03 4.925614e+03 4.930570e+03
11.9 4.942014e+03 4.914675e+03 4.921796e+03 4.949135e+03
12.9 4.870791e+03 4.905285e+03 4.919668e+03 4.885174e+03
13.9 4.937307e+03 4.953075e+03 4.918699e+03 4.902931e+03
14.9 5.005146e+03 4.997937e+03 4.918442e+03 4.925651e+03
15.9 4.988785e+03 4.971319e+03 4.918597e+03 4.936063e+03
16.9 4.968635e+03 4.923353e+03 4.918929e+03 4.964211e+03
17.9 4.929707e+03 4.897664e+03 4.919273e+03 4.951317e+03
18.9 4.940466e+03 4.891532e+03 4.919545e+03 4.968479e+03
19.9 4.960893e+03 4.919397e+03 4.919727e+03 4.961223e+03
20.9 5.020265e+03 4.949331e+03 4.919835e+03 4.990768e+03
21.9 4.997126e+03 4.936092e+03 4.919892e+03 4.980926e+03
0.4 4.787324e+03 4.925975e+03 4.923349e+03 4.784698e+03
1.4 4.784837e+03 4.887590e+03 4.921421e+03 4.818669e+03
2.4 4.792363e+03 4.870560e+03 4.927653e+03 4.849455e+03
3.4 4.918568e+03 4.891792e+03 4.932946e+03 4.959723e+03
4.4 4.964546e+03 4.935521e+03 4.930622e+03 4.959647e+03
5.4 4.940326e+03 4.935369e+03 4.925614e+03 4.930570e+03
6.4 4.942014e+03 4.914675e+03 4.921796e+03 4.949135e+03
7.4 4.870791e+03 4.905285e+03 4.919668e+03 4.885174e+03
8.4 4.937307e+03 4.953075e+03 4.918699e+03 4.902931e+03
9.4 5.005146e+03 4.997937e+03 4.918442e+03 4.925651e+03
10.4 4.988785e+03 4.971319e+03 4.918597e+03 4.936063e+03
11.4 4.968635e+03 4.923353e+03 4.918929e+03 4.964211e+03
12.4 4.929707e+03 4.897664e+03 4.919273e+03 4.951317e+03
13.4 4.940466e+03 4.891532e+03 4.919545e+03 4.968479e+03
14.4 4.960893e+03 4.919397e+03 4.919727e+03 4.961223e+03
15.4 5.020265e+03 4.949331e+03 4.919835e+03 4.990768e+03
16.4 4.997126e+03 4.936092e+03 4.919892e+03 4.980926e+03
17.4 4.941508e+03 4.907242e+03 4.919920e+03 4.954186e+03
18.4 4.889308e+03 4.917998e+03 4.919932e+03 4.891243e+03
19.4 4.916448e+03 4.944283e+03 4.919938e+03 4.892103e+03
20.4 4.831625e+03 4.928917e+03 4.919940e+03 4.822648e+03
21.4 4.848659e+03 4.895369e+03 4.919941e+03 4.873232e+03
0.5 4.933307e+03 4.945771e+03 4.919948e+03 4.907484e+03
1.5 4.975398e+03 4.981158e+03 4.921866e+03 4.916106e+03
2.5 4.982296e+03 4.959185e+03 4.931272e+03 4.954383e+03
3.5 4.904639e+03 4.937620e+03 4.940734e+03 4.907753e+03
4.5 4.961959e+03 4.981411e+03 4.939405e+03 4.919953e+03
5.5 4.990673e+03 4.999372e+03 4.931956e+03 4.923257e+03
6.5 4.967057e+03 4.959783e+03 4.925201e+03 4.932475e+03
7.5 4.975092e+03 4.920285e+03 4.921002e+03 4.975809e+03
8.5 4.929451e+03 4.901070e+03 4.918852e+03 4.947232e+03
9.5 4.965750e+03 4.918550e+03 4.918032e+03 4.965232e+03
10.5 4.987658e+03 4.947098e+03 4.918016e+03 4.958576e+03
11.5 5.014279e+03 4.937032e+03 4.918396e+03 4.995643e+03
12.5 4.981093e+03 4.916010e+03 4.918876e+03 4.983959e+03
13.5 4.990770e+03 4.919122e+03 4.919288e+03 4.990936e+03
14.5 4.962425e+03 4.950271e+03 4.919638e+03 4.931791e+03
15.5 5.083468e+03 4.945902e+03 4.923109e+03 5.060675e+03
16.5 4.969278e+03 4.922707e+03 4.931860e+03 4.978431e+03
17.5 4.931615e+03 4.937471e+03 4.934689e+03 4.928834e+03
18.5 4.885100e+03 4.953958e+03 4.931580e+03 4.862721e+03
19.5 4.842769e+03 4.936611e+03 4.934239e+03 4.840397e+03
20.5 4.789818e+03 4.914490e+03 4.941347e+03 4.816675e+03
21.5 4.825689e+03 4.933023e+03 4.940207e+03 4.832873e+03
0.7 4.962425e+03 4.950271e+03 4.919638e+03 4.931791e+03
1.7 5.083468e+03 4.945902e+03 4.923109e+03 5.060675e+03
2.7 4.969278e+03 4.922707e+03 4.931860e+03 4.978431e+03
3.7 4.931615e+03 4.937471e+03 4.934689e+03 4.928834e+03
4.7 4.885100e+03 4.953958e+03 4.931580e+03 4.862721e+03
5.7 4.842769e+03 4.936611e+03 4.934239e+03 4.840397e+03
6.7 4.789818e+03 4.914490e+03 4.941347e+03 4.816675e+03
7.7 4.825689e+03 4.933023e+03 4.940207e+03 4.832873e+03
8.7 4.912771e+03 4.950767e+03 4.932393e+03 4.894397e+03
9.7 4.936738e+03 4.926783e+03 4.924999e+03 4.934953e+03
10.7 4.903944e+03 4.891696e+03 4.920471e+03 4.932718e+03
11.7 4.895869e+03 4.874192e+03 4.918291e+03 4.939969e+03
12.7 4.947563e+03 4.876608e+03 4.917563e+03 4.988518e+03
13.7 4.934958e+03 4.895106e+03 4.917656e+03 4.957509e+03
14.7 4.948849e+03 4.965909e+03 4.918136e+03 4.901076e+03
15.7 4.908640e+03 4.996245e+03 4.918699e+03 4.831095e+03
16.7 4.989448e+03 4.979344e+03 4.919177e+03 4.929281e+03
17.7 5.027014e+03 5.008389e+03 4.919514e+03 4.938139e+03
18.7 4.998061e+03 5.003863e+03 4.919721e+03 4.913918e+03
19.7 4.901621e+03 4.950086e+03 4.919836e+03 4.871371e+03
20.7 4.886321e+03 4.896106e+03 4.919894e+03 4.910109e+03
21.7 4.909955e+03 4.868037e+03 4.919922e+03 4.961840e+03
0.3 4.931615e+03 4.937471e+03 4.934689e+03 4.928834e+03
1.3 4.885100e+03 4.953958e+03 4.931580e+03 4.862721e+03
2.3 4.842769e+03 4.936611e+03 4.934239e+03 4.840397e+03
3.3 4.789818e+03 4.914490e+03 4.941347e+03 4.816675e+03
4.3 4.825689e+03 4.933023e+03 4.940207e+03 4.832873e+03
5.3 4.912771e+03 4.950767e+03 4.932393e+03 4.894397e+03
6.3 4.936738e+03 4.926783e+03 4.924999e+03 4.934953e+03
7.3 4.903944e+03 4.891696e+03 4.920471e+03 4.932718e+03
8.3 4.895869e+03 4.874192e+03 4.918291e+03 4.939969e+03
9.3 4.947563e+03 4.876608e+03 4.917563e+03 4.988518e+03
10.3 4.934958e+03 4.895106e+03 4.917656e+03 4.957509e+03
11.3 4.948849e+03 4.965909e+03 4.918136e+03 4.901076e+03
12.3 4.908640e+03 4.996245e+03 4.918699e+03 4.831095e+03
13.3 4.989448e+03 4.979344e+03 4.919177e+03 4.929281e+03
14.3 5.027014e+03 5.008389e+03 4.919514e+03 4.938139e+03
15.3 4.998061e+03 5.003863e+03 4.919721e+03 4.913918e+03
16.3 4.901621e+03 4.950086e+03 4.919836e+03 4.871371e+03
17.3 4.886321e+03 4.896106e+03 4.919894e+03 4.910109e+03
18.3 4.909955e+03 4.868037e+03 4.919922e+03 4.961840e+03
19.3 4.907386e+03 4.866616e+03 4.919933e+03 4.960703e+03
20.3 5.000385e+03 4.877775e+03 4.919938e+03 5.042548e+03
21.3 4.949330e+03 4.920392e+03 4.919941e+03 4.948879e+03
