0.3 1.043906e+04 1.039633e+04 1.040175e+04 1.044448e+04
1.3 1.043995e+04 1.039597e+04 1.040138e+04 1.044536e+04
2.3 1.042737e+04 1.039298e+04 1.039839e+04 1.043278e+04
3.3 1.041016e+04 1.038799e+04 1.039341e+04 1.041557e+04
4.3 1.039028e+04 1.038693e+04 1.039114e+04 1.039450e+04
5.3 1.039361e+04 1.039307e+04 1.039348e+04 1.039402e+04
6.3 1.040273e+04 1.039587e+04 1.039724e+04 1.040410e+04
7.3 1.040598e+04 1.039304e+04 1.040012e+04 1.041306e+04
8.3 1.042472e+04 1.039166e+04 1.040177e+04 1.043483e+04
9.3 1.041421e+04 1.039666e+04 1.040254e+04 1.042009e+04
10.3 1.041177e+04 1.040040e+04 1.040276e+04 1.041413e+04
11.3 1.043379e+04 1.040318e+04 1.040266e+04 1.043327e+04
12.3 1.044147e+04 1.041075e+04 1.040243e+04 1.043315e+04
13.3 1.043887e+04 1.041645e+04 1.040220e+04 1.042462e+04
14.3 1.042858e+04 1.041564e+04 1.040202e+04 1.041496e+04
15.3 1.042207e+04 1.041186e+04 1.040189e+04 1.041211e+04
16.3 1.041897e+04 1.041242e+04 1.040182e+04 1.040837e+04
17.3 1.042814e+04 1.041299e+04 1.040178e+04 1.041694e+04
18.3 1.043504e+04 1.040970e+04 1.040177e+04 1.042711e+04
19.3 1.043390e+04 1.040383e+04 1.040176e+04 1.043183e+04
20.3 1.043805e+04 1.040233e+04 1.040175e+04 1.043747e+04
21.3 1.042572e+04 1.040949e+04 1.040175e+04 1.041798e+04
0.2 1.041193e+04 1.039009e+04 1.040175e+04 1.042359e+04
1.2 1.041550e+04 1.039373e+04 1.040151e+04 1.042329e+04
2.2 1.040365e+04 1.039281e+04 1.039890e+04 1.040974e+04
3.2 1.041340e+04 1.038819e+04 1.039394e+04 1.041916e+04
4.2 1.042645e+04 1.038611e+04 1.039114e+04 1.043148e+04
5.2 1.044736e+04 1.039107e+04 1.039307e+04 1.044937e+04
6.2 1.047005e+04 1.039618e+04 1.039684e+04 1.047071e+04
7.2 1.044467e+04 1.039794e+04 1.039985e+04 1.044657e+04
8.2 1.041506e+04 1.039796e+04 1.040163e+04 1.041873e+04
9.2 1.039142e+04 1.039750e+04 1.040249e+04 1.039641e+04
10.2 1.039438e+04 1.039495e+04 1.040275e+04 1.040218e+04
11.2 1.039740e+04 1.038955e+04 1.040268e+04 1.041052e+04
12.2 1.042714e+04 1.038897e+04 1.040246e+04 1.044063e+04
13.1 1.044724e+04 1.039498e+04 1.040222e+04 1.045448e+04
14.1 1.043427e+04 1.039852e+04 1.040184e+04 1.043760e+04
15.1 1.043354e+04 1.039640e+04 1.039929e+04 1.043643e+04
16.1 1.039233e+04 1.039131e+04 1.039480e+04 1.039582e+04
17.1 1.038859e+04 1.039203e+04 1.039352e+04 1.039007e+04
18.1 1.038179e+04 1.039741e+04 1.039585e+04 1.038023e+04
19.1 1.039170e+04 1.039965e+04 1.039876e+04 1.039081e+04
20.1 1.041045e+04 1.039809e+04 1.039979e+04 1.041215e+04
21.1 1.042117e+04 1.039300e+04 1.039689e+04 1.042507e+04
0.1 1.044724e+04 1.039498e+04 1.040222e+04 1.045448e+04
1.1 1.043427e+04 1.039852e+04 1.040184e+04 1.043760e+04
2.1 1.043354e+04 1.039640e+04 1.039929e+04 1.043643e+04
3.1 1.039233e+04 1.039131e+04 1.039480e+04 1.039582e+04
4.1 1.038859e+04 1.039203e+04 1.039352e+04 1.039007e+04
5.1 1.038179e+04 1.039741e+04 1.039585e+04 1.038023e+04
6.1 1.039170e+04 1.039965e+04 1.039876e+04 1.039081e+04
7.1 1.041045e+04 1.039809e+04 1.039979e+04 1.041215e+04
8.1 1.042117e+04 1.039300e+04 1.039689e+04 1.042507e+04
9.1 1.043528e+04 1.038756e+04 1.039270e+04 1.044042e+04
10.1 1.042385e+04 1.038877e+04 1.039219e+04 1.042727e+04
11.1 1.043731e+04 1.039544e+04 1.039531e+04 1.043718e+04
12.1 1.043050e+04 1.039895e+04 1.039877e+04 1.043032e+04
13.1 1.039767e+04 1.039909e+04 1.040107e+04 1.039965e+04
14.1 1.039923e+04 1.039865e+04 1.040228e+04 1.040286e+04
15.1 1.038425e+04 1.040302e+04 1.040276e+04 1.038400e+04
16.1 1.040416e+04 1.041066e+04 1.040281e+04 1.039630e+04
17.1 1.041604e+04 1.041432e+04 1.040262e+04 1.040434e+04
18.1 1.042694e+04 1.041131e+04 1.040237e+04 1.041800e+04
19.1 1.042486e+04 1.040944e+04 1.040214e+04 1.041756e+04
20.1 1.041965e+04 1.041470e+04 1.040197e+04 1.040692e+04
21.1 1.041735e+04 1.041797e+04 1.040187e+04 1.040125e+04
0.6 1.039170e+04 1.039965e+04 1.039876e+04 1.039081e+04
1.6 1.041045e+04 1.039809e+04 1.039979e+04 1.041215e+04
2.6 1.042117e+04 1.039300e+04 1.039689e+04 1.042507e+04
3.6 1.043528e+04 1.038756e+04 1.039270e+04 1.044042e+04
4.6 1.042385e+04 1.038877e+04 1.039219e+04 1.042727e+04
5.6 1.043731e+04 1.039544e+04 1.039531e+04 1.043718e+04
6.6 1.043050e+04 1.039895e+04 1.039877e+04 1.043032e+04
7.6 1.039767e+04 1.039909e+04 1.040107e+04 1.039965e+04
8.6 1.039923e+04 1.039865e+04 1.040228e+04 1.040286e+04
9.6 1.038425e+04 1.040302e+04 1.040276e+04 1.038400e+04
10.6 1.040416e+04 1.041066e+04 1.040281e+04 1.039630e+04
11.6 1.041604e+04 1.041432e+04 1.040262e+04 1.040434e+04
12.6 1.042694e+04 1.041131e+04 1.040237e+04 1.041800e+04
13.6 1.042486e+04 1.040944e+04 1.040214e+04 1.041756e+04
14.6 1.041965e+04 1.041470e+04 1.040197e+04 1.040692e+04
15.6 1.041735e+04 1.041797e+04 1.040187e+04 1.040125e+04
16.6 1.042614e+04 1.041487e+04 1.040181e+04 1.041308e+04
17.6 1.041656e+04 1.040762e+04 1.040178e+04 1.041071e+04
18.6 1.043298e+04 1.040082e+04 1.040176e+04 1.043392e+04
19.6 1.042336e+04 1.039653e+04 1.040176e+04 1.042859e+04
20.6 1.041917e+04 1.039446e+04 1.040175e+04 1.042646e+04
21.6 1.040280e+04 1.039383e+04 1.040175e+04 1.041072e+04
0.4 1.044250e+04 1.041292e+04 1.040175e+04 1.043133e+04
1.4 1.044301e+04 1.041016e+04 1.040117e+04 1.043402e+04
2.4 1.039116e+04 1.040121e+04 1.039772e+04 1.038767e+04
3.4 1.037308e+04 1.039136e+04 1.039280e+04 1.037452e+04
4.4 1.036231e+04 1.038790e+04 1.039124e+04 1.036566e+04
5.4 1.036784e+04 1.039278e+04 1.039401e+04 1.036906e+04
6.4 1.038374e+04 1.040276e+04 1.039773e+04 1.037871e+04
7.4 1.044378e+04 1.041447e+04 1.040042e+04 1.042973e+04
8.4 1.045961e+04 1.042028e+04 1.040192e+04 1.044125e+04
9.4 1.046026e+04 1.041810e+04 1.040260e+04 1.044475e+04
10.4 1.042320e+04 1.040907e+04 1.040276e+04 1.041689e+04
11.4 1.039165e+04 1.040019e+04 1.040263e+04 1.039410e+04
12.4 1.037212e+04 1.039808e+04 1.040240e+04 1.037645e+04
13.4 1.038156e+04 1.039761e+04 1.040217e+04 1.038612e+04
14.4 1.038222e+04 1.039642e+04 1.040199e+04 1.038780e+04
15.4 1.039326e+04 1.039547e+04 1.040188e+04 1.039968e+04
16.4 1.040704e+04 1.039517e+04 1.040182e+04 1.041369e+04
17.4 1.040381e+04 1.039542e+04 1.040178e+04 1.041017e+04
18.4 1.040301e+04 1.039944e+04 1.040176e+04 1.040533e+04
19.4 1.040917e+04 1.040898e+04 1.040176e+04 1.040194e+04
20.4 1.041934e+04 1.041513e+04 1.040175e+04 1.040596e+04
21.4 1.041231e+04 1.041420e+04 1.040175e+04 1.039986e+04
0.1 1.043416e+04 1.042198e+04 1.040175e+04 1.041393e+04
1.1 1.044403e+04 1.041911e+04 1.040151e+04 1.042643e+04
2.1 1.042875e+04 1.040859e+04 1.039890e+04 1.041905e+04
3.1 1.040552e+04 1.039559e+04 1.039394e+04 1.040388e+04
4.1 1.039489e+04 1.038791e+04 1.039114e+04 1.039812e+04
5.1 1.037452e+04 1.038974e+04 1.039292e+04 1.037771e+04
6.1 1.038272e+04 1.039155e+04 1.039452e+04 1.038568e+04
7.1 1.038806e+04 1.039113e+04 1.039444e+04 1.039137e+04
8.1 1.040893e+04 1.039564e+04 1.039620e+04 1.040949e+04
9.1 1.042659e+04 1.039880e+04 1.039903e+04 1.042682e+04
10.1 1.042135e+04 1.039663e+04 1.040118e+04 1.042589e+04
11.1 1.040595e+04 1.039636e+04 1.040230e+04 1.041190e+04
12.1 1.041317e+04 1.039881e+04 1.040270e+04 1.041706e+04
13.1 1.042578e+04 1.039927e+04 1.040272e+04 1.042922e+04
14.1 1.043538e+04 1.039658e+04 1.040255e+04 1.044134e+04
15.1 1.039764e+04 1.039061e+04 1.040233e+04 1.040936e+04
16.1 1.038161e+04 1.038784e+04 1.040213e+04 1.039590e+04
17.1 1.038738e+04 1.039227e+04 1.040197e+04 1.039708e+04
18.1 1.036999e+04 1.039893e+04 1.040187e+04 1.037294e+04
19.1 1.037675e+04 1.040825e+04 1.040181e+04 1.037031e+04
20.1 1.041259e+04 1.041455e+04 1.040178e+04 1.039981e+04
21.1 1.043135e+04 1.041470e+04 1.040176e+04 1.041841e+04
1.0 1.037452e+04 1.038974e+04 1.039292e+04 1.037771e+04
2.0 1.038272e+04 1.039155e+04 1.039452e+04 1.038568e+04
3.0 1.038806e+04 1.039113e+04 1.039444e+04 1.039137e+04
4.0 1.040893e+04 1.039564e+04 1.039620e+04 1.040949e+04
5.0 1.042659e+04 1.039880e+04 1.039903e+04 1.042682e+04
6.0 1.042135e+04 1.039663e+04 1.040118e+04 1.042589e+04
7.0 1.040595e+04 1.039636e+04 1.040230e+04 1.041190e+04
8.0 1.041317e+04 1.039881e+04 1.040270e+04 1.041706e+04
9.0 1.042578e+04 1.039927e+04 1.040272e+04 1.042922e+04
10.0 1.043538e+04 1.039658e+04 1.040255e+04 1.044134e+04
11.0 1.039764e+04 1.039061e+04 1.040233e+04 1.040936e+04
12.0 1.038161e+04 1.038784e+04 1.040213e+04 1.039590e+04
13.0 1.038738e+04 1.039227e+04 1.040197e+04 1.039708e+04
14.0 1.036999e+04 1.039893e+04 1.040187e+04 1.037294e+04
15.0 1.037675e+04 1.040825e+04 1.040181e+04 1.037031e+04
16.0 1.041259e+04 1.041455e+04 1.040178e+04 1.039981e+04
17.0 1.043135e+04 1.041470e+04 1.040176e+04 1.041841e+04
18.0 1.045299e+04 1.041509e+04 1.040176e+04 1.043965e+04
19.0 1.041443e+04 1.041659e+04 1.040175e+04 1.039960e+04
20.0 1.039528e+04 1.041434e+04 1.040175e+04 1.038269e+04
21.0 1.040005e+04 1.040796e+04 1.040175e+04 1.039385e+04
22.0 1.038898e+04 1.040129e+04 1.040175e+04 1.038944e+04
0.9 1.038093e+04 1.041551e+04 1.040169e+04 1.036711e+04
1.9 1.038641e+04 1.040582e+04 1.039999e+04 1.038058e+04
2.9 1.038492e+04 1.039462e+04 1.039562e+04 1.038592e+04
3.9 1.037143e+04 1.038944e+04 1.039335e+04 1.037533e+04
4.9 1.036822e+04 1.039216e+04 1.039515e+04 1.037121e+04
5.9 1.039816e+04 1.039355e+04 1.039815e+04 1.040277e+04
6.9 1.037655e+04 1.039077e+04 1.040042e+04 1.038620e+04
7.9 1.038010e+04 1.039219e+04 1.040173e+04 1.038964e+04
8.9 1.035812e+04 1.039585e+04 1.040234e+04 1.036461e+04
9.9 1.034630e+04 1.039403e+04 1.040253e+04 1.035480e+04
10.9 1.035063e+04 1.038927e+04 1.040246e+04 1.036382e+04
11.9 1.035598e+04 1.039082e+04 1.040228e+04 1.036745e+04
12.9 1.037529e+04 1.039564e+04 1.040210e+04 1.038176e+04
13.9 1.040722e+04 1.039785e+04 1.040196e+04 1.041133e+04
14.9 1.041874e+04 1.039779e+04 1.040167e+04 1.042263e+04
15.9 1.042522e+04 1.039496e+04 1.039919e+04 1.042945e+04
16.9 1.040102e+04 1.038965e+04 1.039425e+04 1.040562e+04
17.9 1.037870e+04 1.038696e+04 1.039117e+04 1.038291e+04
18.9 1.036127e+04 1.039220e+04 1.039288e+04 1.036195e+04
19.9 1.034936e+04 1.039603e+04 1.039663e+04 1.034996e+04
20.9 1.035197e+04 1.039615e+04 1.039972e+04 1.035554e+04
21.9 1.038266e+04 1.039972e+04 1.040156e+04 1.038450e+04
0.1 1.040722e+04 1.039785e+04 1.040196e+04 1.041133e+04
1.1 1.041874e+04 1.039779e+04 1.040167e+04 1.042263e+04
2.1 1.042522e+04 1.039496e+04 1.039919e+04 1.042945e+04
3.1 1.040102e+04 1.038965e+04 1.039425e+04 1.040562e+04
4.1 1.037870e+04 1.038696e+04 1.039117e+04 1.038291e+04
5.1 1.036127e+04 1.039220e+04 1.039288e+04 1.036195e+04
6.1 1.034936e+04 1.039603e+04 1.039663e+04 1.034996e+04
7.1 1.035197e+04 1.039615e+04 1.039972e+04 1.035554e+04
8.1 1.038266e+04 1.039972e+04 1.040156e+04 1.038450e+04
9.1 1.040798e+04 1.040200e+04 1.040246e+04 1.040844e+04
10.1 1.041148e+04 1.040098e+04 1.040275e+04 1.041325e+04
11.1 1.041079e+04 1.039894e+04 1.040262e+04 1.041448e+04
12.1 1.037391e+04 1.039563e+04 1.040062e+04 1.037889e+04
13.1 1.035687e+04 1.039008e+04 1.039573e+04 1.036252e+04
14.1 1.034484e+04 1.038600e+04 1.039167e+04 1.035051e+04
15.1 1.035562e+04 1.038924e+04 1.039240e+04 1.035879e+04
16.1 1.037000e+04 1.039496e+04 1.039596e+04 1.037100e+04
0.9 1.041079e+04 1.039894e+04 1.040262e+04 1.041448e+04
1.9 1.037391e+04 1.039563e+04 1.040062e+04 1.037889e+04
2.9 1.035687e+04 1.039008e+04 1.039573e+04 1.036252e+04
3.9 1.034484e+04 1.038600e+04 1.039167e+04 1.035051e+04
4.9 1.035562e+04 1.038924e+04 1.039240e+04 1.035879e+04
5.9 1.037000e+04 1.039496e+04 1.039596e+04 1.037100e+04
