0.8 1.051468e+03 1.037866e+03 1.032171e+03 1.045773e+03
1.8 1.033162e+03 1.037273e+03 1.032347e+03 1.028237e+03
2.8 1.040438e+03 1.037044e+03 1.032842e+03 1.036236e+03
3.8 1.025895e+03 1.037541e+03 1.033132e+03 1.021485e+03
4.8 1.052919e+03 1.038800e+03 1.032944e+03 1.047063e+03
5.8 1.012144e+03 1.038696e+03 1.032611e+03 1.006059e+03
6.8 1.030576e+03 1.037756e+03 1.032574e+03 1.025394e+03
7.8 1.013260e+03 1.035957e+03 1.032785e+03 1.010088e+03
8.8 1.012699e+03 1.029898e+03 1.032734e+03 1.015535e+03
9.8 1.058419e+03 1.026827e+03 1.032589e+03 1.064181e+03
10.8 9.951646e+02 1.029137e+03 1.032813e+03 9.988414e+02
11.8 1.047923e+03 1.032996e+03 1.033095e+03 1.048022e+03
12.8 1.027417e+03 1.036819e+03 1.032956e+03 1.023554e+03
13.8 1.016249e+03 1.037672e+03 1.032604e+03 1.011181e+03
14.8 1.043873e+03 1.035414e+03 1.032315e+03 1.040774e+03
15.8 1.032209e+03 1.033537e+03 1.032150e+03 1.030821e+03
16.8 1.019460e+03 1.034949e+03 1.032076e+03 1.016588e+03
17.8 1.040133e+03 1.035374e+03 1.032057e+03 1.036816e+03
18.8 1.065416e+03 1.032487e+03 1.032068e+03 1.064997e+03
19.8 1.039746e+03 1.029940e+03 1.032092e+03 1.041898e+03
20.8 1.045374e+03 1.031880e+03 1.032117e+03 1.045611e+03
21.8 1.029451e+03 1.034894e+03 1.032137e+03 1.026693e+03
1.0 1.012144e+03 1.038696e+03 1.032611e+03 1.006059e+03
2.0 1.030576e+03 1.037756e+03 1.032574e+03 1.025394e+03
3.0 1.013260e+03 1.035957e+03 1.032785e+03 1.010088e+03
4.0 1.012699e+03 1.029898e+03 1.032734e+03 1.015535e+03
5.0 1.058419e+03 1.026827e+03 1.032589e+03 1.064181e+03
6.0 9.951646e+02 1.029137e+03 1.032813e+03 9.988414e+02
7.0 1.047923e+03 1.032996e+03 1.033095e+03 1.048022e+03
8.0 1.027417e+03 1.036819e+03 1.032956e+03 1.023554e+03
9.0 1.016249e+03 1.037672e+03 1.032604e+03 1.011181e+03
10.0 1.043873e+03 1.035414e+03 1.032315e+03 1.040774e+03
11.0 1.032209e+03 1.033537e+03 1.032150e+03 1.030821e+03
12.0 1.019460e+03 1.034949e+03 1.032076e+03 1.016588e+03
13.0 1.040133e+03 1.035374e+03 1.032057e+03 1.036816e+03
14.0 1.065416e+03 1.032487e+03 1.032068e+03 1.064997e+03
15.0 1.039746e+03 1.029940e+03 1.032092e+03 1.041898e+03
16.0 1.045374e+03 1.031880e+03 1.032117e+03 1.045611e+03
17.0 1.029451e+03 1.034894e+03 1.032137e+03 1.026693e+03
18.0 1.035834e+03 1.034454e+03 1.032150e+03 1.033530e+03
19.0 1.008066e+03 1.031162e+03 1.032158e+03 1.009062e+03
20.0 1.015059e+03 1.029388e+03 1.032162e+03 1.017833e+03
21.0 1.059185e+03 1.032195e+03 1.032165e+03 1.059155e+03
22.0 1.046503e+03 1.035363e+03 1.032166e+03 1.043306e+03
0.5 1.012699e+03 1.029898e+03 1.032734e+03 1.015535e+03
1.5 1.058419e+03 1.026827e+03 1.032589e+03 1.064181e+03
2.5 9.951646e+02 1.029137e+03 1.032813e+03 9.988414e+02
3.5 1.047923e+03 1.032996e+03 1.033095e+03 1.048022e+03
4.5 1.027417e+03 1.036819e+03 1.032956e+03 1.023554e+03
5.5 1.016249e+03 1.037672e+03 1.032604e+03 1.011181e+03
6.5 1.043873e+03 1.035414e+03 1.032315e+03 1.040774e+03
7.5 1.032209e+03 1.033537e+03 1.032150e+03 1.030821e+03
8.5 1.019460e+03 1.034949e+03 1.032076e+03 1.016588e+03
9.5 1.040133e+03 1.035374e+03 1.032057e+03 1.036816e+03
10.5 1.065416e+03 1.032487e+03 1.032068e+03 1.064997e+03
11.5 1.039746e+03 1.029940e+03 1.032092e+03 1.041898e+03
12.5 1.045374e+03 1.031880e+03 1.032117e+03 1.045611e+03
13.5 1.029451e+03 1.034894e+03 1.032137e+03 1.026693e+03
14.5 1.035834e+03 1.034454e+03 1.032150e+03 1.033530e+03
15.5 1.008066e+03 1.031162e+03 1.032158e+03 1.009062e+03
16.5 1.015059e+03 1.029388e+03 1.032162e+03 1.017833e+03
17.5 1.059185e+03 1.032195e+03 1.032165e+03 1.059155e+03
18.5 1.046503e+03 1.035363e+03 1.032166e+03 1.043306e+03
19.5 1.034548e+03 1.036586e+03 1.032166e+03 1.030128e+03
20.5 1.051024e+03 1.036710e+03 1.032166e+03 1.046481e+03
21.5 1.032745e+03 1.036439e+03 1.032166e+03 1.028472e+03
1.0 1.047188e+03 1.034068e+03 1.032183e+03 1.045303e+03
2.0 1.020759e+03 1.036299e+03 1.032433e+03 1.016893e+03
3.0 1.053471e+03 1.036235e+03 1.032788e+03 1.050025e+03
4.0 1.064262e+03 1.030919e+03 1.032790e+03 1.066133e+03
5.0 1.016048e+03 1.028232e+03 1.032573e+03 1.020389e+03
6.0 1.033785e+03 1.030278e+03 1.032572e+03 1.036079e+03
7.0 1.013764e+03 1.033576e+03 1.032946e+03 1.013134e+03
8.0 1.038628e+03 1.036561e+03 1.033117e+03 1.035184e+03
9.0 1.046863e+03 1.039063e+03 1.032866e+03 1.040666e+03
10.0 1.049099e+03 1.039397e+03 1.032514e+03 1.042215e+03
11.0 1.022984e+03 1.038341e+03 1.032265e+03 1.016908e+03
12.0 1.032902e+03 1.037162e+03 1.032131e+03 1.027871e+03
13.0 1.050825e+03 1.036307e+03 1.032075e+03 1.046592e+03
14.0 1.055521e+03 1.035785e+03 1.032064e+03 1.051801e+03
15.0 1.061172e+03 1.035042e+03 1.032078e+03 1.058208e+03
16.0 1.038755e+03 1.031360e+03 1.032102e+03 1.039497e+03
17.0 1.034407e+03 1.026612e+03 1.032125e+03 1.039920e+03
18.0 1.015421e+03 1.027666e+03 1.032142e+03 1.019897e+03
19.0 1.002497e+03 1.031451e+03 1.032153e+03 1.003199e+03
20.0 1.048913e+03 1.033218e+03 1.032160e+03 1.047854e+03
21.0 1.042848e+03 1.035640e+03 1.032163e+03 1.039371e+03
22.0 1.054569e+03 1.037335e+03 1.032165e+03 1.049399e+03
0.9 1.016048e+03 1.028232e+03 1.032573e+03 1.020389e+03
1.9 1.033785e+03 1.030278e+03 1.032572e+03 1.036079e+03
2.9 1.013764e+03 1.033576e+03 1.032946e+03 1.013134e+03
3.9 1.038628e+03 1.036561e+03 1.033117e+03 1.035184e+03
4.9 1.046863e+03 1.039063e+03 1.032866e+03 1.040666e+03
5.9 1.049099e+03 1.039397e+03 1.032514e+03 1.042215e+03
6.9 1.022984e+03 1.038341e+03 1.032265e+03 1.016908e+03
7.9 1.032902e+03 1.037162e+03 1.032131e+03 1.027871e+03
8.9 1.050825e+03 1.036307e+03 1.032075e+03 1.046592e+03
9.9 1.055521e+03 1.035785e+03 1.032064e+03 1.051801e+03
10.9 1.061172e+03 1.035042e+03 1.032078e+03 1.058208e+03
11.9 1.038755e+03 1.031360e+03 1.032102e+03 1.039497e+03
12.9 1.034407e+03 1.026612e+03 1.032125e+03 1.039920e+03
13.9 1.015421e+03 1.027666e+03 1.032142e+03 1.019897e+03
14.9 1.002497e+03 1.031451e+03 1.032153e+03 1.003199e+03
15.9 1.048913e+03 1.033218e+03 1.032160e+03 1.047854e+03
16.9 1.042848e+03 1.035640e+03 1.032163e+03 1.039371e+03
17.9 1.054569e+03 1.037335e+03 1.032165e+03 1.049399e+03
18.9 1.033219e+03 1.035199e+03 1.032166e+03 1.030185e+03
19.9 1.057398e+03 1.031112e+03 1.032166e+03 1.058452e+03
20.9 1.042119e+03 1.030026e+03 1.032166e+03 1.044259e+03
21.9 1.037060e+03 1.032977e+03 1.032166e+03 1.036249e+03
0.6 1.043000e+03 1.036253e+03 1.032168e+03 1.038915e+03
1.6 1.022437e+03 1.036978e+03 1.032290e+03 1.017749e+03
2.6 1.036508e+03 1.036829e+03 1.032675e+03 1.032354e+03
3.6 1.046150e+03 1.032376e+03 1.032834e+03 1.046608e+03
4.6 1.024613e+03 1.027525e+03 1.032662e+03 1.029750e+03
5.6 1.020560e+03 1.028042e+03 1.032424e+03 1.024942e+03
6.6 1.037135e+03 1.031038e+03 1.032255e+03 1.038353e+03
7.6 1.063218e+03 1.033615e+03 1.032161e+03 1.061764e+03
8.6 1.048899e+03 1.035186e+03 1.032117e+03 1.045830e+03
9.6 1.051208e+03 1.035320e+03 1.032106e+03 1.047994e+03
10.6 1.035648e+03 1.032076e+03 1.032112e+03 1.035685e+03
11.6 1.046086e+03 1.030517e+03 1.032126e+03 1.047695e+03
12.6 1.029140e+03 1.033172e+03 1.032140e+03 1.028108e+03
13.6 1.025119e+03 1.035506e+03 1.032151e+03 1.021765e+03
14.6 1.018993e+03 1.036268e+03 1.032158e+03 1.014884e+03
15.6 1.018957e+03 1.035202e+03 1.032162e+03 1.015917e+03
16.6 1.010571e+03 1.032225e+03 1.032164e+03 1.010510e+03
17.6 1.038290e+03 1.028073e+03 1.032166e+03 1.042383e+03
18.6 9.957297e+02 1.023700e+03 1.032166e+03 1.004196e+03
19.6 9.959241e+02 1.024841e+03 1.032166e+03 1.003250e+03
20.6 1.008327e+03 1.029162e+03 1.032166e+03 1.011331e+03
21.6 1.039115e+03 1.032971e+03 1.032166e+03 1.038311e+03
0.3 1.031628e+03 1.036427e+03 1.032166e+03 1.027367e+03
1.3 1.011409e+03 1.036865e+03 1.032213e+03 1.006757e+03
2.3 1.053704e+03 1.037175e+03 1.032567e+03 1.049096e+03
3.3 1.049859e+03 1.037501e+03 1.033140e+03 1.045498e+03
4.3 1.072018e+03 1.037996e+03 1.033384e+03 1.067406e+03
5.3 1.039332e+03 1.039017e+03 1.033105e+03 1.033420e+03
6.3 1.049384e+03 1.037088e+03 1.032673e+03 1.044970e+03
7.3 1.053507e+03 1.032386e+03 1.032347e+03 1.053469e+03
8.3 1.029628e+03 1.029569e+03 1.032161e+03 1.032220e+03
9.3 1.061895e+03 1.031722e+03 1.032074e+03 1.062247e+03
10.3 1.078176e+03 1.033195e+03 1.032051e+03 1.077032e+03
11.3 1.053198e+03 1.031004e+03 1.032063e+03 1.054256e+03
12.3 1.050216e+03 1.025722e+03 1.032089e+03 1.056583e+03
13.3 1.054506e+03 1.024158e+03 1.032116e+03 1.062463e+03
14.3 1.044271e+03 1.025626e+03 1.032136e+03 1.050781e+03
15.3 1.039245e+03 1.029714e+03 1.032150e+03 1.041681e+03
16.3 1.033031e+03 1.034591e+03 1.032158e+03 1.030598e+03
17.3 1.048457e+03 1.037033e+03 1.032163e+03 1.043587e+03
18.3 1.051447e+03 1.035876e+03 1.032165e+03 1.047736e+03
19.3 1.043747e+03 1.030645e+03 1.032166e+03 1.045267e+03
20.3 1.023546e+03 1.027593e+03 1.032166e+03 1.028119e+03
21.3 1.032106e+03 1.030609e+03 1.032168e+03 1.033665e+03
0.6 1.032106e+03 1.030609e+03 1.032168e+03 1.033665e+03
1.6 1.063017e+03 1.034362e+03 1.032290e+03 1.060946e+03
2.6 1.035090e+03 1.036220e+03 1.032675e+03 1.031545e+03
3.6 1.044170e+03 1.032697e+03 1.032834e+03 1.044307e+03
4.6 1.038013e+03 1.028241e+03 1.032697e+03 1.042468e+03
5.6 1.016346e+03 1.029124e+03 1.032764e+03 1.019986e+03
6.6 1.017465e+03 1.032910e+03 1.032919e+03 1.017474e+03
7.6 1.038657e+03 1.036960e+03 1.032771e+03 1.034468e+03
8.6 1.056051e+03 1.038567e+03 1.032485e+03 1.049968e+03
9.6 1.039147e+03 1.038219e+03 1.032263e+03 1.033192e+03
10.6 1.050618e+03 1.037373e+03 1.032142e+03 1.045387e+03
11.6 1.042209e+03 1.036638e+03 1.032091e+03 1.037662e+03
12.6 1.046973e+03 1.036102e+03 1.032081e+03 1.042952e+03
13.6 1.039842e+03 1.035757e+03 1.032091e+03 1.036177e+03
14.6 1.021322e+03 1.035548e+03 1.032111e+03 1.017884e+03
15.6 1.014964e+03 1.034772e+03 1.032130e+03 1.012322e+03
16.6 1.034410e+03 1.032916e+03 1.032145e+03 1.033639e+03
17.6 1.038431e+03 1.031535e+03 1.032155e+03 1.039050e+03
18.6 1.034914e+03 1.033312e+03 1.032160e+03 1.033762e+03
19.6 1.035872e+03 1.034809e+03 1.032164e+03 1.033226e+03
20.6 1.009718e+03 1.032692e+03 1.032165e+03 1.009191e+03
21.6 1.040601e+03 1.030084e+03 1.032166e+03 1.042682e+03
0.2 1.044170e+03 1.032697e+03 1.032834e+03 1.044307e+03
1.2 1.038013e+03 1.028241e+03 1.032697e+03 1.042468e+03
2.2 1.016346e+03 1.029124e+03 1.032764e+03 1.019986e+03
3.2 1.017465e+03 1.032910e+03 1.032919e+03 1.017474e+03
4.2 1.038657e+03 1.036960e+03 1.032771e+03 1.034468e+03
5.2 1.056051e+03 1.038567e+03 1.032485e+03 1.049968e+03
6.2 1.039147e+03 1.038219e+03 1.032263e+03 1.033192e+03
7.2 1.050618e+03 1.037373e+03 1.032142e+03 1.045387e+03
8.2 1.042209e+03 1.036638e+03 1.032091e+03 1.037662e+03
9.2 1.046973e+03 1.036102e+03 1.032081e+03 1.042952e+03
10.2 1.039842e+03 1.035757e+03 1.032091e+03 1.036177e+03
11.2 1.021322e+03 1.035548e+03 1.032111e+03 1.017884e+03
12.2 1.014964e+03 1.034772e+03 1.032130e+03 1.012322e+03
13.2 1.034410e+03 1.032916e+03 1.032145e+03 1.033639e+03
14.2 1.038431e+03 1.031535e+03 1.032155e+03 1.039050e+03
15.2 1.034914e+03 1.033312e+03 1.032160e+03 1.033762e+03
16.2 1.035872e+03 1.034809e+03 1.032164e+03 1.033226e+03
17.2 1.009718e+03 1.032692e+03 1.032165e+03 1.009191e+03
18.2 1.040601e+03 1.030084e+03 1.032166e+03 1.042682e+03
19.2 1.043201e+03 1.031638e+03 1.032166e+03 1.043729e+03
20.2 1.038581e+03 1.034931e+03 1.032166e+03 1.035816e+03
21.2 1.042830e+03 1.036497e+03 1.032166e+03 1.038499e+03
0.7 1.039241e+03 1.033806e+03 1.032169e+03 1.037605e+03
1.7 1.009412e+03 1.036965e+03 1.032317e+03 1.004764e+03
2.7 1.022295e+03 1.038509e+03 1.032812e+03 1.016597e+03
3.7 1.044777e+03 1.038740e+03 1.033316e+03 1.039354e+03
4.7 1.038473e+03 1.039325e+03 1.033311e+03 1.032459e+03
5.7 1.030639e+03 1.039840e+03 1.032917e+03 1.023716e+03
6.7 1.060065e+03 1.038862e+03 1.032515e+03 1.053718e+03
7.7 1.038675e+03 1.037362e+03 1.032252e+03 1.033564e+03
8.7 1.041315e+03 1.036234e+03 1.032114e+03 1.037195e+03
9.7 1.025867e+03 1.035121e+03 1.032058e+03 1.022804e+03
10.7 1.033442e+03 1.032460e+03 1.032053e+03 1.033035e+03
11.7 1.016887e+03 1.029112e+03 1.032073e+03 1.019848e+03
12.7 1.034091e+03 1.024201e+03 1.032101e+03 1.041990e+03
13.7 1.025398e+03 1.023230e+03 1.032125e+03 1.034294e+03
14.7 1.034532e+03 1.027058e+03 1.032143e+03 1.039617e+03
15.7 1.024393e+03 1.031467e+03 1.032154e+03 1.025080e+03
16.7 1.036789e+03 1.033806e+03 1.032160e+03 1.035144e+03
17.7 1.027337e+03 1.032832e+03 1.032164e+03 1.026669e+03
18.7 1.027808e+03 1.030066e+03 1.032165e+03 1.029907e+03
19.7 1.000923e+03 1.025289e+03 1.032166e+03 1.007800e+03
20.7 9.869151e+02 1.023871e+03 1.032166e+03 9.952098e+02
21.7 9.829260e+02 1.023322e+03 1.032166e+03 9.917699e+02
