0.3 1.066906e+04 1.058005e+04 1.062232e+04 1.071133e+04
1.3 1.062058e+04 1.058239e+04 1.062466e+04 1.066285e+04
2.3 1.066606e+04 1.060135e+04 1.064362e+04 1.070832e+04
3.3 1.071631e+04 1.063298e+04 1.067524e+04 1.075857e+04
4.3 1.069853e+04 1.065644e+04 1.068960e+04 1.073170e+04
5.3 1.071106e+04 1.067488e+04 1.067479e+04 1.071097e+04
6.3 1.071212e+04 1.067908e+04 1.065091e+04 1.068396e+04
7.3 1.073213e+04 1.067670e+04 1.063270e+04 1.068813e+04
8.3 1.070164e+04 1.067110e+04 1.062221e+04 1.065275e+04
9.3 1.070376e+04 1.067119e+04 1.061731e+04 1.064988e+04
10.3 1.071711e+04 1.065128e+04 1.061594e+04 1.068177e+04
11.3 1.068995e+04 1.062608e+04 1.061656e+04 1.068043e+04
12.3 1.063992e+04 1.062622e+04 1.061799e+04 1.063170e+04
13.3 1.062870e+04 1.063482e+04 1.061948e+04 1.061336e+04
14.3 1.066736e+04 1.063612e+04 1.062064e+04 1.065189e+04
15.3 1.064843e+04 1.062713e+04 1.062142e+04 1.064271e+04
16.3 1.065523e+04 1.062816e+04 1.062187e+04 1.064894e+04
17.3 1.071615e+04 1.063410e+04 1.062211e+04 1.070416e+04
18.3 1.072612e+04 1.062975e+04 1.062223e+04 1.071860e+04
19.3 1.061173e+04 1.061095e+04 1.062228e+04 1.062306e+04
20.3 1.062151e+04 1.060177e+04 1.062230e+04 1.064204e+04
21.3 1.065644e+04 1.061857e+04 1.062231e+04 1.066019e+04
0.2 1.064528e+04 1.064659e+04 1.062232e+04 1.062101e+04
1.2 1.067582e+04 1.063206e+04 1.062384e+04 1.066760e+04
2.2 1.069226e+04 1.062399e+04 1.064043e+04 1.070870e+04
3.2 1.069349e+04 1.063545e+04 1.067184e+04 1.072988e+04
4.2 1.067590e+04 1.064569e+04 1.068964e+04 1.071985e+04
5.2 1.067941e+04 1.064544e+04 1.067737e+04 1.071135e+04
6.2 1.063919e+04 1.062855e+04 1.065349e+04 1.066413e+04
7.2 1.059661e+04 1.060418e+04 1.063436e+04 1.062679e+04
8.2 1.059550e+04 1.058542e+04 1.062308e+04 1.063316e+04
9.2 1.061165e+04 1.057587e+04 1.061766e+04 1.065344e+04
10.2 1.068524e+04 1.058689e+04 1.061598e+04 1.071432e+04
11.2 1.070683e+04 1.062198e+04 1.061643e+04 1.070129e+04
12.2 1.071389e+04 1.065492e+04 1.061782e+04 1.067678e+04
13.1 1.072975e+04 1.067127e+04 1.061932e+04 1.067780e+04
14.1 1.064756e+04 1.065331e+04 1.062173e+04 1.061598e+04
15.1 1.064704e+04 1.063575e+04 1.063794e+04 1.064923e+04
16.1 1.065978e+04 1.063864e+04 1.066643e+04 1.068757e+04
17.1 1.069293e+04 1.065203e+04 1.067456e+04 1.071546e+04
18.1 1.069372e+04 1.065753e+04 1.065973e+04 1.069592e+04
19.1 1.064834e+04 1.063522e+04 1.064129e+04 1.065440e+04
20.1 1.063405e+04 1.061197e+04 1.063475e+04 1.065683e+04
21.1 1.068517e+04 1.061674e+04 1.065315e+04 1.072158e+04
0.1 1.072975e+04 1.067127e+04 1.061932e+04 1.067780e+04
1.1 1.064756e+04 1.065331e+04 1.062173e+04 1.061598e+04
2.1 1.064704e+04 1.063575e+04 1.063794e+04 1.064923e+04
3.1 1.065978e+04 1.063864e+04 1.066643e+04 1.068757e+04
4.1 1.069293e+04 1.065203e+04 1.067456e+04 1.071546e+04
5.1 1.069372e+04 1.065753e+04 1.065973e+04 1.069592e+04
6.1 1.064834e+04 1.063522e+04 1.064129e+04 1.065440e+04
7.1 1.063405e+04 1.061197e+04 1.063475e+04 1.065683e+04
8.1 1.068517e+04 1.061674e+04 1.065315e+04 1.072158e+04
9.1 1.069116e+04 1.063626e+04 1.067975e+04 1.073465e+04
10.1 1.070947e+04 1.065407e+04 1.068297e+04 1.073837e+04
11.1 1.069580e+04 1.066217e+04 1.066320e+04 1.069683e+04
12.1 1.059638e+04 1.064103e+04 1.064124e+04 1.059660e+04
13.1 1.060784e+04 1.061023e+04 1.062661e+04 1.062422e+04
14.1 1.062859e+04 1.058851e+04 1.061895e+04 1.065902e+04
15.1 1.068679e+04 1.059091e+04 1.061590e+04 1.071178e+04
16.1 1.070598e+04 1.061397e+04 1.061562e+04 1.070763e+04
17.1 1.067906e+04 1.064414e+04 1.061679e+04 1.065170e+04
18.1 1.060754e+04 1.064580e+04 1.061839e+04 1.058014e+04
19.1 1.057518e+04 1.063490e+04 1.061985e+04 1.056014e+04
20.1 1.061296e+04 1.064103e+04 1.062091e+04 1.059284e+04
21.1 1.066603e+04 1.064785e+04 1.062158e+04 1.063976e+04
0.6 1.064834e+04 1.063522e+04 1.064129e+04 1.065440e+04
1.6 1.063405e+04 1.061197e+04 1.063475e+04 1.065683e+04
2.6 1.068517e+04 1.061674e+04 1.065315e+04 1.072158e+04
3.6 1.069116e+04 1.063626e+04 1.067975e+04 1.073465e+04
4.6 1.070947e+04 1.065407e+04 1.068297e+04 1.073837e+04
5.6 1.069580e+04 1.066217e+04 1.066320e+04 1.069683e+04
6.6 1.059638e+04 1.064103e+04 1.064124e+04 1.059660e+04
7.6 1.060784e+04 1.061023e+04 1.062661e+04 1.062422e+04
8.6 1.062859e+04 1.058851e+04 1.061895e+04 1.065902e+04
9.6 1.068679e+04 1.059091e+04 1.061590e+04 1.071178e+04
10.6 1.070598e+04 1.061397e+04 1.061562e+04 1.070763e+04
11.6 1.067906e+04 1.064414e+04 1.061679e+04 1.065170e+04
12.6 1.060754e+04 1.064580e+04 1.061839e+04 1.058014e+04
13.6 1.057518e+04 1.063490e+04 1.061985e+04 1.056014e+04
14.6 1.061296e+04 1.064103e+04 1.062091e+04 1.059284e+04
15.6 1.066603e+04 1.064785e+04 1.062158e+04 1.063976e+04
16.6 1.071795e+04 1.064333e+04 1.062196e+04 1.069657e+04
17.6 1.064634e+04 1.062205e+04 1.062216e+04 1.064645e+04
18.6 1.062251e+04 1.059806e+04 1.062225e+04 1.064669e+04
19.6 1.062120e+04 1.058185e+04 1.062229e+04 1.066164e+04
20.6 1.064228e+04 1.057385e+04 1.062231e+04 1.069074e+04
21.6 1.067485e+04 1.057124e+04 1.062232e+04 1.072593e+04
0.4 1.066761e+04 1.065190e+04 1.062232e+04 1.063803e+04
1.4 1.058811e+04 1.063884e+04 1.062604e+04 1.057531e+04
2.4 1.060658e+04 1.063479e+04 1.064788e+04 1.061967e+04
3.4 1.058195e+04 1.064493e+04 1.067912e+04 1.061614e+04
4.4 1.063299e+04 1.064976e+04 1.068896e+04 1.067218e+04
5.4 1.064520e+04 1.064629e+04 1.067142e+04 1.067033e+04
6.4 1.066207e+04 1.064447e+04 1.064782e+04 1.066542e+04
7.4 1.059629e+04 1.065271e+04 1.063076e+04 1.057435e+04
8.4 1.062610e+04 1.065566e+04 1.062122e+04 1.059166e+04
9.4 1.065625e+04 1.065019e+04 1.061694e+04 1.062300e+04
10.4 1.066833e+04 1.064337e+04 1.061594e+04 1.064091e+04
11.4 1.068571e+04 1.063992e+04 1.061674e+04 1.066253e+04
12.4 1.067487e+04 1.063604e+04 1.061822e+04 1.065704e+04
13.4 1.061956e+04 1.061918e+04 1.061967e+04 1.062004e+04
14.4 1.058716e+04 1.059720e+04 1.062078e+04 1.061074e+04
15.4 1.058456e+04 1.058138e+04 1.062150e+04 1.062468e+04
16.4 1.061811e+04 1.057349e+04 1.062191e+04 1.066653e+04
17.4 1.057793e+04 1.057145e+04 1.062213e+04 1.062861e+04
18.4 1.057621e+04 1.058352e+04 1.062224e+04 1.061493e+04
19.4 1.063104e+04 1.061394e+04 1.062229e+04 1.063939e+04
20.4 1.067847e+04 1.063771e+04 1.062231e+04 1.066306e+04
21.4 1.066752e+04 1.064360e+04 1.062231e+04 1.064624e+04
0.1 1.065683e+04 1.065266e+04 1.062232e+04 1.062648e+04
1.1 1.065778e+04 1.065605e+04 1.062384e+04 1.062557e+04
2.1 1.067842e+04 1.065327e+04 1.064043e+04 1.066558e+04
3.1 1.063559e+04 1.065833e+04 1.067184e+04 1.064910e+04
4.1 1.060632e+04 1.065958e+04 1.068964e+04 1.063638e+04
5.1 1.061307e+04 1.065325e+04 1.067830e+04 1.063813e+04
6.1 1.063049e+04 1.064567e+04 1.066819e+04 1.065300e+04
7.1 1.066204e+04 1.064563e+04 1.066869e+04 1.068511e+04
8.1 1.067069e+04 1.065663e+04 1.065751e+04 1.067157e+04
9.1 1.064492e+04 1.065211e+04 1.063958e+04 1.063238e+04
10.1 1.065437e+04 1.064376e+04 1.062593e+04 1.063654e+04
11.1 1.065628e+04 1.063952e+04 1.061884e+04 1.063561e+04
12.1 1.068191e+04 1.063019e+04 1.061629e+04 1.066801e+04
13.1 1.057729e+04 1.060950e+04 1.061619e+04 1.058398e+04
14.1 1.059799e+04 1.060089e+04 1.061725e+04 1.061436e+04
15.1 1.060442e+04 1.062288e+04 1.061866e+04 1.060020e+04
16.1 1.063006e+04 1.064518e+04 1.061995e+04 1.060482e+04
17.1 1.062071e+04 1.064893e+04 1.062093e+04 1.059271e+04
18.1 1.058063e+04 1.063734e+04 1.062157e+04 1.056485e+04
19.1 1.057346e+04 1.063594e+04 1.062194e+04 1.055946e+04
20.1 1.064692e+04 1.065009e+04 1.062214e+04 1.061897e+04
21.1 1.069555e+04 1.065647e+04 1.062224e+04 1.066132e+04
1.0 1.061307e+04 1.065325e+04 1.067830e+04 1.063813e+04
2.0 1.063049e+04 1.064567e+04 1.066819e+04 1.065300e+04
3.0 1.066204e+04 1.064563e+04 1.066869e+04 1.068511e+04
4.0 1.067069e+04 1.065663e+04 1.065751e+04 1.067157e+04
5.0 1.064492e+04 1.065211e+04 1.063958e+04 1.063238e+04
6.0 1.065437e+04 1.064376e+04 1.062593e+04 1.063654e+04
7.0 1.065628e+04 1.063952e+04 1.061884e+04 1.063561e+04
8.0 1.068191e+04 1.063019e+04 1.061629e+04 1.066801e+04
9.0 1.057729e+04 1.060950e+04 1.061619e+04 1.058398e+04
10.0 1.059799e+04 1.060089e+04 1.061725e+04 1.061436e+04
11.0 1.060442e+04 1.062288e+04 1.061866e+04 1.060020e+04
12.0 1.063006e+04 1.064518e+04 1.061995e+04 1.060482e+04
13.0 1.062071e+04 1.064893e+04 1.062093e+04 1.059271e+04
14.0 1.058063e+04 1.063734e+04 1.062157e+04 1.056485e+04
15.0 1.057346e+04 1.063594e+04 1.062194e+04 1.055946e+04
16.0 1.064692e+04 1.065009e+04 1.062214e+04 1.061897e+04
17.0 1.069555e+04 1.065647e+04 1.062224e+04 1.066132e+04
18.0 1.068171e+04 1.065117e+04 1.062229e+04 1.065283e+04
19.0 1.069061e+04 1.064720e+04 1.062231e+04 1.066572e+04
20.0 1.066496e+04 1.064137e+04 1.062231e+04 1.064591e+04
21.0 1.060713e+04 1.062195e+04 1.062232e+04 1.060749e+04
22.0 1.052030e+04 1.059819e+04 1.062232e+04 1.054444e+04
0.9 1.062058e+04 1.063802e+04 1.062270e+04 1.060526e+04
1.9 1.063486e+04 1.062585e+04 1.063349e+04 1.064250e+04
2.9 1.061203e+04 1.063132e+04 1.066119e+04 1.064189e+04
3.9 1.059247e+04 1.063911e+04 1.067562e+04 1.062897e+04
4.9 1.063396e+04 1.063779e+04 1.066419e+04 1.066036e+04
5.9 1.065406e+04 1.062980e+04 1.064514e+04 1.066939e+04
6.9 1.062598e+04 1.063568e+04 1.063075e+04 1.062104e+04
7.9 1.061520e+04 1.064267e+04 1.062248e+04 1.059501e+04
8.9 1.055981e+04 1.063718e+04 1.061857e+04 1.054120e+04
9.9 1.048631e+04 1.063898e+04 1.061741e+04 1.046474e+04
10.9 1.055171e+04 1.065267e+04 1.061784e+04 1.051688e+04
11.9 1.057645e+04 1.065664e+04 1.061894e+04 1.053876e+04
12.9 1.058341e+04 1.064163e+04 1.062010e+04 1.056187e+04
13.9 1.057031e+04 1.061421e+04 1.062101e+04 1.057711e+04
14.9 1.056798e+04 1.059196e+04 1.062281e+04 1.059883e+04
15.9 1.061173e+04 1.059364e+04 1.063857e+04 1.065666e+04
16.9 1.064261e+04 1.061889e+04 1.066990e+04 1.069363e+04
17.9 1.060695e+04 1.064255e+04 1.068942e+04 1.065382e+04
18.9 1.061662e+04 1.066392e+04 1.067859e+04 1.063128e+04
19.9 1.063162e+04 1.067202e+04 1.065480e+04 1.061440e+04
20.9 1.066261e+04 1.066919e+04 1.063523e+04 1.062865e+04
21.9 1.066445e+04 1.067112e+04 1.062354e+04 1.061688e+04
0.1 1.057031e+04 1.061421e+04 1.062101e+04 1.057711e+04
1.1 1.056798e+04 1.059196e+04 1.062281e+04 1.059883e+04
2.1 1.061173e+04 1.059364e+04 1.063857e+04 1.065666e+04
3.1 1.064261e+04 1.061889e+04 1.066990e+04 1.069363e+04
4.1 1.060695e+04 1.064255e+04 1.068942e+04 1.065382e+04
5.1 1.061662e+04 1.066392e+04 1.067859e+04 1.063128e+04
6.1 1.063162e+04 1.067202e+04 1.065480e+04 1.061440e+04
7.1 1.066261e+04 1.066919e+04 1.063523e+04 1.062865e+04
8.1 1.066445e+04 1.067112e+04 1.062354e+04 1.061688e+04
9.1 1.064485e+04 1.065287e+04 1.061785e+04 1.060983e+04
10.1 1.057739e+04 1.061913e+04 1.061600e+04 1.057426e+04
11.1 1.056640e+04 1.059166e+04 1.061681e+04 1.059156e+04
12.1 1.061288e+04 1.058732e+04 1.062951e+04 1.065507e+04
13.1 1.061912e+04 1.061046e+04 1.066053e+04 1.066919e+04
14.1 1.063285e+04 1.063528e+04 1.068624e+04 1.068382e+04
15.1 1.064047e+04 1.064558e+04 1.068160e+04 1.067649e+04
16.1 1.058442e+04 1.063669e+04 1.065905e+04 1.060677e+04
0.9 1.056640e+04 1.059166e+04 1.061681e+04 1.059156e+04
1.9 1.061288e+04 1.058732e+04 1.062951e+04 1.065507e+04
2.9 1.061912e+04 1.061046e+04 1.066053e+04 1.066919e+04
3.9 1.063285e+04 1.063528e+04 1.068624e+04 1.068382e+04
4.9 1.064047e+04 1.064558e+04 1.068160e+04 1.067649e+04
5.9 1.058442e+04 1.063669e+04 1.065905e+04 1.060677e+04
