0.7 1.123536e+04 1.119978e+04 1.118417e+04 1.121974e+04
1.7 1.122268e+04 1.118611e+04 1.119369e+04 1.123025e+04
2.7 1.121996e+04 1.119735e+04 1.122307e+04 1.124568e+04
3.7 1.122565e+04 1.121059e+04 1.124228e+04 1.125734e+04
4.7 1.124095e+04 1.120806e+04 1.123224e+04 1.126514e+04
5.7 1.121685e+04 1.119722e+04 1.121874e+04 1.123838e+04
6.7 1.120511e+04 1.120062e+04 1.122583e+04 1.123031e+04
7.7 1.122151e+04 1.120486e+04 1.122629e+04 1.124294e+04
8.7 1.125832e+04 1.119639e+04 1.121116e+04 1.127309e+04
9.7 1.121804e+04 1.117774e+04 1.119484e+04 1.123514e+04
10.7 1.115066e+04 1.116962e+04 1.118461e+04 1.116565e+04
11.7 1.115417e+04 1.118441e+04 1.117985e+04 1.114961e+04
12.7 1.123300e+04 1.119900e+04 1.117838e+04 1.121239e+04
13.7 1.126983e+04 1.119989e+04 1.117868e+04 1.124862e+04
14.7 1.118616e+04 1.118640e+04 1.117978e+04 1.117953e+04
15.7 1.121575e+04 1.118045e+04 1.118106e+04 1.121635e+04
16.7 1.120662e+04 1.119017e+04 1.118215e+04 1.119860e+04
17.7 1.125471e+04 1.120411e+04 1.118294e+04 1.123353e+04
18.7 1.125328e+04 1.120486e+04 1.118343e+04 1.123186e+04
19.7 1.116161e+04 1.120776e+04 1.118371e+04 1.113755e+04
20.7 1.121849e+04 1.121246e+04 1.118385e+04 1.118988e+04
21.7 1.120051e+04 1.120979e+04 1.118524e+04 1.117596e+04
0.6 1.124095e+04 1.120806e+04 1.123224e+04 1.126514e+04
1.6 1.121685e+04 1.119722e+04 1.121874e+04 1.123838e+04
2.6 1.120511e+04 1.120062e+04 1.122583e+04 1.123031e+04
3.6 1.122151e+04 1.120486e+04 1.122629e+04 1.124294e+04
4.6 1.125832e+04 1.119639e+04 1.121116e+04 1.127309e+04
5.6 1.121804e+04 1.117774e+04 1.119484e+04 1.123514e+04
6.6 1.115066e+04 1.116962e+04 1.118461e+04 1.116565e+04
7.6 1.115417e+04 1.118441e+04 1.117985e+04 1.114961e+04
8.6 1.123300e+04 1.119900e+04 1.117838e+04 1.121239e+04
9.6 1.126983e+04 1.119989e+04 1.117868e+04 1.124862e+04
10.6 1.118616e+04 1.118640e+04 1.117978e+04 1.117953e+04
11.6 1.121575e+04 1.118045e+04 1.118106e+04 1.121635e+04
12.6 1.120662e+04 1.119017e+04 1.118215e+04 1.119860e+04
13.6 1.125471e+04 1.120411e+04 1.118294e+04 1.123353e+04
14.6 1.125328e+04 1.120486e+04 1.118343e+04 1.123186e+04
15.6 1.116161e+04 1.120776e+04 1.118371e+04 1.113755e+04
16.6 1.121849e+04 1.121246e+04 1.118385e+04 1.118988e+04
17.6 1.120051e+04 1.120979e+04 1.118524e+04 1.117596e+04
18.6 1.118510e+04 1.121011e+04 1.120215e+04 1.117714e+04
19.6 1.120538e+04 1.122355e+04 1.123633e+04 1.121817e+04
20.6 1.118784e+04 1.123163e+04 1.125765e+04 1.121385e+04
21.6 1.124700e+04 1.122303e+04 1.124572e+04 1.126969e+04
0.1 1.121849e+04 1.121246e+04 1.118385e+04 1.118988e+04
1.1 1.120051e+04 1.120979e+04 1.118524e+04 1.117596e+04
2.1 1.118510e+04 1.121011e+04 1.120215e+04 1.117714e+04
3.1 1.120538e+04 1.122355e+04 1.123633e+04 1.121817e+04
4.1 1.118784e+04 1.123163e+04 1.125765e+04 1.121385e+04
5.1 1.124700e+04 1.122303e+04 1.124572e+04 1.126969e+04
6.1 1.124678e+04 1.120865e+04 1.121961e+04 1.125773e+04
7.1 1.120900e+04 1.120381e+04 1.119814e+04 1.120332e+04
8.1 1.118596e+04 1.120250e+04 1.118531e+04 1.116877e+04
9.1 1.118208e+04 1.119798e+04 1.117907e+04 1.116317e+04
10.1 1.122163e+04 1.118678e+04 1.117704e+04 1.121189e+04
11.1 1.122969e+04 1.118265e+04 1.117744e+04 1.122448e+04
12.1 1.123446e+04 1.119413e+04 1.117893e+04 1.121927e+04
13.1 1.120982e+04 1.120349e+04 1.118059e+04 1.118692e+04
14.1 1.120103e+04 1.120233e+04 1.118194e+04 1.118064e+04
15.1 1.118108e+04 1.118850e+04 1.118286e+04 1.117544e+04
16.1 1.117338e+04 1.117008e+04 1.118341e+04 1.118672e+04
17.1 1.116302e+04 1.115626e+04 1.118371e+04 1.119047e+04
18.1 1.121335e+04 1.114934e+04 1.118385e+04 1.124786e+04
19.1 1.122695e+04 1.115792e+04 1.118392e+04 1.125295e+04
20.1 1.124538e+04 1.118470e+04 1.118395e+04 1.124464e+04
21.1 1.120923e+04 1.120797e+04 1.118396e+04 1.118522e+04
0.8 1.122498e+04 1.120941e+04 1.118432e+04 1.119989e+04
1.8 1.127742e+04 1.121321e+04 1.119543e+04 1.125963e+04
2.8 1.127453e+04 1.121873e+04 1.121865e+04 1.127444e+04
3.8 1.120675e+04 1.121625e+04 1.122341e+04 1.121391e+04
4.8 1.118497e+04 1.120266e+04 1.121101e+04 1.119332e+04
5.8 1.116817e+04 1.119709e+04 1.119714e+04 1.116822e+04
6.8 1.114691e+04 1.120414e+04 1.118790e+04 1.113068e+04
7.8 1.119018e+04 1.120680e+04 1.118291e+04 1.116629e+04
8.8 1.116943e+04 1.120270e+04 1.118330e+04 1.115004e+04
9.8 1.125602e+04 1.120632e+04 1.120368e+04 1.125338e+04
10.8 1.117929e+04 1.122292e+04 1.123890e+04 1.119526e+04
11.8 1.116610e+04 1.122997e+04 1.125553e+04 1.119166e+04
12.8 1.127729e+04 1.122021e+04 1.124010e+04 1.129719e+04
13.8 1.122183e+04 1.120679e+04 1.121452e+04 1.122957e+04
14.8 1.120781e+04 1.119815e+04 1.119493e+04 1.120459e+04
15.8 1.120108e+04 1.119147e+04 1.118364e+04 1.119325e+04
16.8 1.116567e+04 1.117775e+04 1.117839e+04 1.116630e+04
17.8 1.114186e+04 1.116200e+04 1.117694e+04 1.115680e+04
18.8 1.116773e+04 1.115134e+04 1.117763e+04 1.119403e+04
19.8 1.115515e+04 1.114648e+04 1.117922e+04 1.118789e+04
20.8 1.117068e+04 1.114584e+04 1.118134e+04 1.120618e+04
21.8 1.115054e+04 1.115904e+04 1.119506e+04 1.118655e+04
0.3 1.119018e+04 1.120680e+04 1.118291e+04 1.116629e+04
1.3 1.116943e+04 1.120270e+04 1.118330e+04 1.115004e+04
2.3 1.125602e+04 1.120632e+04 1.120368e+04 1.125338e+04
3.3 1.117929e+04 1.122292e+04 1.123890e+04 1.119526e+04
4.3 1.116610e+04 1.122997e+04 1.125553e+04 1.119166e+04
5.3 1.127729e+04 1.122021e+04 1.124010e+04 1.129719e+04
6.3 1.122183e+04 1.120679e+04 1.121452e+04 1.122957e+04
7.3 1.120781e+04 1.119815e+04 1.119493e+04 1.120459e+04
8.3 1.120108e+04 1.119147e+04 1.118364e+04 1.119325e+04
9.3 1.116567e+04 1.117775e+04 1.117839e+04 1.116630e+04
10.3 1.114186e+04 1.116200e+04 1.117694e+04 1.115680e+04
11.3 1.116773e+04 1.115134e+04 1.117763e+04 1.119403e+04
12.3 1.115515e+04 1.114648e+04 1.117922e+04 1.118789e+04
13.3 1.117068e+04 1.114584e+04 1.118134e+04 1.120618e+04
14.3 1.115054e+04 1.115904e+04 1.119506e+04 1.118655e+04
15.3 1.120423e+04 1.119116e+04 1.122646e+04 1.123952e+04
16.3 1.124620e+04 1.121295e+04 1.124191e+04 1.127516e+04
17.3 1.120590e+04 1.121226e+04 1.122909e+04 1.122273e+04
18.3 1.114956e+04 1.119993e+04 1.120835e+04 1.115798e+04
19.3 1.120131e+04 1.119465e+04 1.119283e+04 1.119949e+04
20.3 1.121822e+04 1.119357e+04 1.118395e+04 1.120861e+04
21.3 1.121173e+04 1.118574e+04 1.117978e+04 1.120577e+04
0.9 1.117068e+04 1.114584e+04 1.118134e+04 1.120618e+04
1.9 1.115054e+04 1.115904e+04 1.119506e+04 1.118655e+04
2.9 1.120423e+04 1.119116e+04 1.122646e+04 1.123952e+04
3.9 1.124620e+04 1.121295e+04 1.124191e+04 1.127516e+04
4.9 1.120590e+04 1.121226e+04 1.122909e+04 1.122273e+04
5.9 1.114956e+04 1.119993e+04 1.120835e+04 1.115798e+04
6.9 1.120131e+04 1.119465e+04 1.119283e+04 1.119949e+04
7.9 1.121822e+04 1.119357e+04 1.118395e+04 1.120861e+04
8.9 1.121173e+04 1.118574e+04 1.117978e+04 1.120577e+04
9.9 1.110173e+04 1.117678e+04 1.117858e+04 1.110353e+04
10.9 1.111791e+04 1.118397e+04 1.117908e+04 1.111302e+04
11.9 1.117700e+04 1.119968e+04 1.118030e+04 1.115763e+04
12.9 1.120222e+04 1.120392e+04 1.118156e+04 1.117986e+04
13.9 1.114839e+04 1.118829e+04 1.118255e+04 1.114266e+04
14.9 1.114045e+04 1.116899e+04 1.118321e+04 1.115467e+04
15.9 1.116005e+04 1.115581e+04 1.118359e+04 1.118783e+04
16.9 1.115959e+04 1.114907e+04 1.118379e+04 1.119432e+04
17.9 1.111924e+04 1.115009e+04 1.118389e+04 1.115305e+04
18.9 1.112787e+04 1.116876e+04 1.118394e+04 1.114305e+04
19.9 1.116399e+04 1.118909e+04 1.118396e+04 1.115886e+04
20.9 1.119235e+04 1.119492e+04 1.118396e+04 1.118139e+04
21.9 1.120336e+04 1.118390e+04 1.118397e+04 1.120343e+04
0.9 1.115668e+04 1.114787e+04 1.118446e+04 1.119327e+04
1.9 1.114756e+04 1.116194e+04 1.119690e+04 1.118252e+04
2.9 1.122047e+04 1.119570e+04 1.122926e+04 1.125403e+04
3.9 1.126295e+04 1.122445e+04 1.125611e+04 1.129461e+04
4.9 1.124206e+04 1.122891e+04 1.125010e+04 1.126326e+04
5.9 1.120091e+04 1.121956e+04 1.122481e+04 1.120616e+04
6.9 1.120844e+04 1.121411e+04 1.120172e+04 1.119604e+04
7.9 1.114402e+04 1.121100e+04 1.118726e+04 1.112028e+04
8.9 1.120050e+04 1.120432e+04 1.117992e+04 1.117610e+04
9.9 1.120165e+04 1.119073e+04 1.117720e+04 1.118812e+04
10.9 1.118921e+04 1.117194e+04 1.117724e+04 1.119451e+04
11.9 1.113291e+04 1.115688e+04 1.117860e+04 1.115462e+04
12.9 1.112770e+04 1.115133e+04 1.118028e+04 1.115664e+04
13.9 1.119566e+04 1.116596e+04 1.118171e+04 1.121141e+04
14.9 1.124949e+04 1.118972e+04 1.118271e+04 1.124249e+04
15.9 1.122051e+04 1.120574e+04 1.118332e+04 1.119809e+04
16.9 1.125280e+04 1.120722e+04 1.118366e+04 1.122925e+04
17.9 1.127551e+04 1.120943e+04 1.118383e+04 1.124991e+04
18.9 1.124063e+04 1.120757e+04 1.118391e+04 1.121697e+04
19.9 1.119073e+04 1.119393e+04 1.118395e+04 1.118074e+04
20.9 1.111048e+04 1.117392e+04 1.118396e+04 1.112051e+04
21.9 1.114178e+04 1.116140e+04 1.118397e+04 1.116434e+04
0.2 1.122689e+04 1.119171e+04 1.118397e+04 1.121915e+04
1.2 1.115722e+04 1.118310e+04 1.118629e+04 1.116040e+04
2.2 1.119045e+04 1.118864e+04 1.120641e+04 1.120822e+04
3.2 1.118514e+04 1.120901e+04 1.123613e+04 1.121226e+04
4.2 1.120047e+04 1.122310e+04 1.124022e+04 1.121759e+04
5.2 1.123231e+04 1.121797e+04 1.122205e+04 1.123638e+04
6.2 1.115787e+04 1.119443e+04 1.120249e+04 1.116593e+04
7.2 1.117376e+04 1.117992e+04 1.119887e+04 1.119271e+04
8.2 1.118322e+04 1.119482e+04 1.122221e+04 1.121062e+04
9.2 1.121676e+04 1.121762e+04 1.124921e+04 1.124836e+04
10.2 1.121685e+04 1.122213e+04 1.124742e+04 1.124213e+04
11.2 1.124087e+04 1.121486e+04 1.122412e+04 1.125013e+04
12.2 1.121187e+04 1.121554e+04 1.120128e+04 1.119762e+04
13.2 1.117507e+04 1.122087e+04 1.118680e+04 1.114100e+04
14.2 1.116962e+04 1.121645e+04 1.117948e+04 1.113264e+04
15.2 1.115553e+04 1.120067e+04 1.117678e+04 1.113163e+04
16.2 1.114480e+04 1.117799e+04 1.117683e+04 1.114364e+04
17.2 1.116747e+04 1.115931e+04 1.117823e+04 1.118639e+04
18.2 1.117203e+04 1.114868e+04 1.117999e+04 1.120334e+04
19.2 1.115367e+04 1.114768e+04 1.118150e+04 1.118750e+04
20.2 1.117003e+04 1.116317e+04 1.118258e+04 1.118944e+04
21.2 1.114649e+04 1.118376e+04 1.118325e+04 1.114598e+04
0.7 1.115787e+04 1.119443e+04 1.120249e+04 1.116593e+04
1.7 1.117376e+04 1.117992e+04 1.119887e+04 1.119271e+04
2.7 1.118322e+04 1.119482e+04 1.122221e+04 1.121062e+04
3.7 1.121676e+04 1.121762e+04 1.124921e+04 1.124836e+04
4.7 1.121685e+04 1.122213e+04 1.124742e+04 1.124213e+04
5.7 1.124087e+04 1.121486e+04 1.122412e+04 1.125013e+04
6.7 1.121187e+04 1.121554e+04 1.120128e+04 1.119762e+04
7.7 1.117507e+04 1.122087e+04 1.118680e+04 1.114100e+04
8.7 1.116962e+04 1.121645e+04 1.117948e+04 1.113264e+04
9.7 1.115553e+04 1.120067e+04 1.117678e+04 1.113163e+04
10.7 1.114480e+04 1.117799e+04 1.117683e+04 1.114364e+04
11.7 1.116747e+04 1.115931e+04 1.117823e+04 1.118639e+04
12.7 1.117203e+04 1.114868e+04 1.117999e+04 1.120334e+04
13.7 1.115367e+04 1.114768e+04 1.118150e+04 1.118750e+04
14.7 1.117003e+04 1.116317e+04 1.118258e+04 1.118944e+04
15.7 1.114649e+04 1.118376e+04 1.118325e+04 1.114598e+04
16.7 1.118473e+04 1.120237e+04 1.118363e+04 1.116599e+04
17.7 1.123597e+04 1.120210e+04 1.118381e+04 1.121769e+04
18.7 1.113006e+04 1.118482e+04 1.118390e+04 1.112915e+04
19.7 1.112564e+04 1.116697e+04 1.118394e+04 1.114262e+04
20.7 1.114582e+04 1.115969e+04 1.118396e+04 1.117009e+04
21.7 1.114986e+04 1.117098e+04 1.118397e+04 1.116285e+04
0.7 1.120157e+04 1.120967e+04 1.118407e+04 1.117598e+04
1.7 1.117839e+04 1.119266e+04 1.119200e+04 1.117773e+04
2.7 1.117332e+04 1.120027e+04 1.122098e+04 1.119403e+04
3.7 1.119702e+04 1.121959e+04 1.125249e+04 1.122992e+04
4.7 1.118855e+04 1.122320e+04 1.125415e+04 1.121950e+04
5.7 1.120737e+04 1.120890e+04 1.123094e+04 1.122940e+04
6.7 1.119863e+04 1.119299e+04 1.120626e+04 1.121190e+04
7.7 1.116256e+04 1.119397e+04 1.118984e+04 1.115843e+04
8.7 1.116321e+04 1.119777e+04 1.118111e+04 1.114655e+04
9.7 1.122589e+04 1.119429e+04 1.117752e+04 1.120911e+04
10.7 1.123462e+04 1.118740e+04 1.117707e+04 1.122429e+04
11.7 1.123397e+04 1.119241e+04 1.117823e+04 1.121979e+04
12.7 1.117146e+04 1.119753e+04 1.117990e+04 1.115383e+04
13.7 1.110804e+04 1.119309e+04 1.118142e+04 1.109636e+04
14.7 1.109901e+04 1.119527e+04 1.118252e+04 1.108625e+04
15.7 1.114632e+04 1.120670e+04 1.118321e+04 1.112283e+04
16.7 1.116275e+04 1.120935e+04 1.118360e+04 1.113700e+04
17.7 1.115202e+04 1.119737e+04 1.118380e+04 1.113846e+04
18.7 1.112800e+04 1.117703e+04 1.118390e+04 1.113487e+04
19.7 1.115693e+04 1.116102e+04 1.118394e+04 1.117985e+04
20.7 1.116697e+04 1.116341e+04 1.118396e+04 1.118752e+04
21.7 1.118103e+04 1.118391e+04 1.118397e+04 1.118108e+04
