0.3 9.477796e+03 9.429548e+03 9.448334e+03 9.496583e+03
1.3 9.457971e+03 9.429682e+03 9.448469e+03 9.476758e+03
2.3 9.444348e+03 9.430770e+03 9.449557e+03 9.463135e+03
3.3 9.471329e+03 9.432599e+03 9.451371e+03 9.490101e+03
4.3 9.472016e+03 9.443066e+03 9.452195e+03 9.481145e+03
5.3 9.501848e+03 9.474696e+03 9.451345e+03 9.478497e+03
6.3 9.510935e+03 9.480352e+03 9.449975e+03 9.480558e+03
7.3 9.477743e+03 9.458056e+03 9.448930e+03 9.468618e+03
8.3 9.461334e+03 9.444707e+03 9.448328e+03 9.464956e+03
9.3 9.480017e+03 9.467157e+03 9.448047e+03 9.460908e+03
10.3 9.507634e+03 9.476167e+03 9.447969e+03 9.479435e+03
11.3 9.521727e+03 9.462794e+03 9.448004e+03 9.506937e+03
12.3 9.483502e+03 9.448834e+03 9.448086e+03 9.482754e+03
13.3 9.464507e+03 9.447027e+03 9.448171e+03 9.465651e+03
14.3 9.497920e+03 9.461318e+03 9.448238e+03 9.484840e+03
15.3 9.484881e+03 9.462986e+03 9.448283e+03 9.470178e+03
16.3 9.453505e+03 9.454103e+03 9.448309e+03 9.447710e+03
17.3 9.452727e+03 9.458566e+03 9.448322e+03 9.442484e+03
18.3 9.495515e+03 9.467144e+03 9.448329e+03 9.476700e+03
19.3 9.487023e+03 9.458768e+03 9.448332e+03 9.476586e+03
20.3 9.454926e+03 9.441770e+03 9.448334e+03 9.461490e+03
21.3 9.420718e+03 9.424645e+03 9.448334e+03 9.444407e+03
0.2 9.422215e+03 9.441814e+03 9.448334e+03 9.428735e+03
1.2 9.449740e+03 9.454796e+03 9.448422e+03 9.443366e+03
2.2 9.474392e+03 9.451340e+03 9.449374e+03 9.472426e+03
3.2 9.479888e+03 9.442944e+03 9.451176e+03 9.488119e+03
4.2 9.471939e+03 9.440924e+03 9.452197e+03 9.483212e+03
5.2 9.464818e+03 9.457051e+03 9.451493e+03 9.459260e+03
6.2 9.465627e+03 9.463297e+03 9.450123e+03 9.452453e+03
7.2 9.454861e+03 9.453047e+03 9.449025e+03 9.450839e+03
8.2 9.436735e+03 9.440348e+03 9.448378e+03 9.444764e+03
9.2 9.449279e+03 9.431807e+03 9.448067e+03 9.465539e+03
10.2 9.454082e+03 9.424416e+03 9.447970e+03 9.477636e+03
11.2 9.457638e+03 9.415648e+03 9.447996e+03 9.489986e+03
12.2 9.456393e+03 9.428375e+03 9.448076e+03 9.476095e+03
13.1 9.498226e+03 9.463923e+03 9.448162e+03 9.482466e+03
14.1 9.481161e+03 9.472768e+03 9.448301e+03 9.456693e+03
15.1 9.444270e+03 9.460313e+03 9.449231e+03 9.433188e+03
16.1 9.421773e+03 9.447563e+03 9.450866e+03 9.425076e+03
17.1 9.433033e+03 9.459601e+03 9.451332e+03 9.424763e+03
18.1 9.458581e+03 9.482003e+03 9.450481e+03 9.427059e+03
19.1 9.482701e+03 9.476089e+03 9.449423e+03 9.456035e+03
20.1 9.494283e+03 9.456206e+03 9.449048e+03 9.487125e+03
21.1 9.497308e+03 9.440977e+03 9.450103e+03 9.506434e+03
0.1 9.498226e+03 9.463923e+03 9.448162e+03 9.482466e+03
1.1 9.481161e+03 9.472768e+03 9.448301e+03 9.456693e+03
2.1 9.444270e+03 9.460313e+03 9.449231e+03 9.433188e+03
3.1 9.421773e+03 9.447563e+03 9.450866e+03 9.425076e+03
4.1 9.433033e+03 9.459601e+03 9.451332e+03 9.424763e+03
5.1 9.458581e+03 9.482003e+03 9.450481e+03 9.427059e+03
6.1 9.482701e+03 9.476089e+03 9.449423e+03 9.456035e+03
7.1 9.494283e+03 9.456206e+03 9.449048e+03 9.487125e+03
8.1 9.497308e+03 9.440977e+03 9.450103e+03 9.506434e+03
9.1 9.498984e+03 9.433570e+03 9.451630e+03 9.517044e+03
10.1 9.498200e+03 9.448287e+03 9.451815e+03 9.501728e+03
11.1 9.506222e+03 9.476182e+03 9.450680e+03 9.480720e+03
12.1 9.469352e+03 9.475503e+03 9.449420e+03 9.443269e+03
13.1 9.435424e+03 9.457370e+03 9.448581e+03 9.426635e+03
14.1 9.434166e+03 9.440694e+03 9.448141e+03 9.441613e+03
15.1 9.433040e+03 9.427654e+03 9.447966e+03 9.453352e+03
16.1 9.437385e+03 9.425832e+03 9.447950e+03 9.459503e+03
17.1 9.456665e+03 9.456541e+03 9.448017e+03 9.448141e+03
18.1 9.449521e+03 9.472901e+03 9.448109e+03 9.424729e+03
19.1 9.440136e+03 9.459954e+03 9.448193e+03 9.428375e+03
20.1 9.425116e+03 9.437515e+03 9.448254e+03 9.435854e+03
21.1 9.441937e+03 9.432955e+03 9.448292e+03 9.457273e+03
0.6 9.482701e+03 9.476089e+03 9.449423e+03 9.456035e+03
1.6 9.494283e+03 9.456206e+03 9.449048e+03 9.487125e+03
2.6 9.497308e+03 9.440977e+03 9.450103e+03 9.506434e+03
3.6 9.498984e+03 9.433570e+03 9.451630e+03 9.517044e+03
4.6 9.498200e+03 9.448287e+03 9.451815e+03 9.501728e+03
5.6 9.506222e+03 9.476182e+03 9.450680e+03 9.480720e+03
6.6 9.469352e+03 9.475503e+03 9.449420e+03 9.443269e+03
7.6 9.435424e+03 9.457370e+03 9.448581e+03 9.426635e+03
8.6 9.434166e+03 9.440694e+03 9.448141e+03 9.441613e+03
9.6 9.433040e+03 9.427654e+03 9.447966e+03 9.453352e+03
10.6 9.437385e+03 9.425832e+03 9.447950e+03 9.459503e+03
11.6 9.456665e+03 9.456541e+03 9.448017e+03 9.448141e+03
12.6 9.449521e+03 9.472901e+03 9.448109e+03 9.424729e+03
13.6 9.440136e+03 9.459954e+03 9.448193e+03 9.428375e+03
14.6 9.425116e+03 9.437515e+03 9.448254e+03 9.435854e+03
15.6 9.441937e+03 9.432955e+03 9.448292e+03 9.457273e+03
16.6 9.478750e+03 9.450073e+03 9.448314e+03 9.476991e+03
17.6 9.476477e+03 9.453995e+03 9.448325e+03 9.470808e+03
18.6 9.459865e+03 9.445120e+03 9.448330e+03 9.463075e+03
19.6 9.444401e+03 9.435872e+03 9.448333e+03 9.456862e+03
20.6 9.455360e+03 9.430310e+03 9.448334e+03 9.473383e+03
21.6 9.469109e+03 9.427632e+03 9.448334e+03 9.489812e+03
0.4 9.500620e+03 9.471455e+03 9.448335e+03 9.477499e+03
1.4 9.430724e+03 9.474904e+03 9.448548e+03 9.404367e+03
2.4 9.382030e+03 9.462675e+03 9.449801e+03 9.369155e+03
3.4 9.357700e+03 9.448007e+03 9.451594e+03 9.361287e+03
4.4 9.398451e+03 9.446008e+03 9.452158e+03 9.404601e+03
5.4 9.441755e+03 9.460379e+03 9.451152e+03 9.432528e+03
6.4 9.459146e+03 9.462974e+03 9.449798e+03 9.445969e+03
7.4 9.439948e+03 9.455068e+03 9.448819e+03 9.433699e+03
8.4 9.461535e+03 9.451725e+03 9.448271e+03 9.458082e+03
9.4 9.490262e+03 9.463874e+03 9.448026e+03 9.474413e+03
10.4 9.465665e+03 9.461373e+03 9.447968e+03 9.452260e+03
11.4 9.439873e+03 9.451346e+03 9.448014e+03 9.436541e+03
12.4 9.451413e+03 9.459663e+03 9.448099e+03 9.439849e+03
13.4 9.457757e+03 9.460183e+03 9.448182e+03 9.445756e+03
14.4 9.446200e+03 9.448450e+03 9.448246e+03 9.445996e+03
15.4 9.440788e+03 9.436514e+03 9.448287e+03 9.452561e+03
16.4 9.441500e+03 9.429303e+03 9.448311e+03 9.460508e+03
17.4 9.448778e+03 9.426110e+03 9.448324e+03 9.470992e+03
18.4 9.468783e+03 9.426732e+03 9.448330e+03 9.490380e+03
19.4 9.463612e+03 9.430952e+03 9.448332e+03 9.480992e+03
20.4 9.471469e+03 9.443611e+03 9.448334e+03 9.476192e+03
21.4 9.477191e+03 9.463613e+03 9.448334e+03 9.461912e+03
0.1 9.444272e+03 9.418411e+03 9.448334e+03 9.474196e+03
1.1 9.491077e+03 9.444213e+03 9.448422e+03 9.495286e+03
2.1 9.477548e+03 9.457488e+03 9.449374e+03 9.469433e+03
3.1 9.439755e+03 9.453705e+03 9.451176e+03 9.437226e+03
4.1 9.409836e+03 9.449684e+03 9.452197e+03 9.412350e+03
5.1 9.427418e+03 9.462905e+03 9.451547e+03 9.416060e+03
6.1 9.437195e+03 9.467584e+03 9.450966e+03 9.420578e+03
7.1 9.454410e+03 9.464304e+03 9.450995e+03 9.441101e+03
8.1 9.475801e+03 9.482995e+03 9.450354e+03 9.443159e+03
9.1 9.480541e+03 9.485683e+03 9.449325e+03 9.444182e+03
10.1 9.472446e+03 9.463203e+03 9.448542e+03 9.457784e+03
11.1 9.470569e+03 9.455050e+03 9.448135e+03 9.463654e+03
12.1 9.501329e+03 9.460671e+03 9.447988e+03 9.488646e+03
13.1 9.514011e+03 9.453705e+03 9.447983e+03 9.508289e+03
14.1 9.472941e+03 9.438253e+03 9.448043e+03 9.482731e+03
15.1 9.410621e+03 9.421590e+03 9.448124e+03 9.437156e+03
16.1 9.390738e+03 9.419554e+03 9.448198e+03 9.419383e+03
17.1 9.421419e+03 9.441688e+03 9.448254e+03 9.427986e+03
18.1 9.437069e+03 9.450823e+03 9.448291e+03 9.434537e+03
19.1 9.439098e+03 9.441952e+03 9.448313e+03 9.445459e+03
20.1 9.465581e+03 9.456307e+03 9.448324e+03 9.457599e+03
21.1 9.496532e+03 9.478138e+03 9.448330e+03 9.466724e+03
1.0 9.427418e+03 9.462905e+03 9.451547e+03 9.416060e+03
2.0 9.437195e+03 9.467584e+03 9.450966e+03 9.420578e+03
3.0 9.454410e+03 9.464304e+03 9.450995e+03 9.441101e+03
4.0 9.475801e+03 9.482995e+03 9.450354e+03 9.443159e+03
5.0 9.480541e+03 9.485683e+03 9.449325e+03 9.444182e+03
6.0 9.472446e+03 9.463203e+03 9.448542e+03 9.457784e+03
7.0 9.470569e+03 9.455050e+03 9.448135e+03 9.463654e+03
8.0 9.501329e+03 9.460671e+03 9.447988e+03 9.488646e+03
9.0 9.514011e+03 9.453705e+03 9.447983e+03 9.508289e+03
10.0 9.472941e+03 9.438253e+03 9.448043e+03 9.482731e+03
11.0 9.410621e+03 9.421590e+03 9.448124e+03 9.437156e+03
12.0 9.390738e+03 9.419554e+03 9.448198e+03 9.419383e+03
13.0 9.421419e+03 9.441688e+03 9.448254e+03 9.427986e+03
14.0 9.437069e+03 9.450823e+03 9.448291e+03 9.434537e+03
15.0 9.439098e+03 9.441952e+03 9.448313e+03 9.445459e+03
16.0 9.465581e+03 9.456307e+03 9.448324e+03 9.457599e+03
17.0 9.496532e+03 9.478138e+03 9.448330e+03 9.466724e+03
18.0 9.469493e+03 9.468566e+03 9.448333e+03 9.449260e+03
19.0 9.438427e+03 9.452974e+03 9.448334e+03 9.433786e+03
20.0 9.491596e+03 9.459573e+03 9.448334e+03 9.480358e+03
21.0 9.486946e+03 9.459384e+03 9.448334e+03 9.475896e+03
22.0 9.414184e+03 9.447526e+03 9.448334e+03 9.414993e+03
0.9 9.467774e+03 9.464042e+03 9.448356e+03 9.452088e+03
1.9 9.480955e+03 9.459510e+03 9.448975e+03 9.470420e+03
2.9 9.456744e+03 9.447570e+03 9.450565e+03 9.459738e+03
3.9 9.439277e+03 9.446941e+03 9.451393e+03 9.443729e+03
4.9 9.501065e+03 9.461117e+03 9.450737e+03 9.490685e+03
5.9 9.505883e+03 9.458398e+03 9.449644e+03 9.497129e+03
6.9 9.459863e+03 9.441697e+03 9.448818e+03 9.466984e+03
7.9 9.424156e+03 9.445804e+03 9.448344e+03 9.426695e+03
8.9 9.353518e+03 9.456248e+03 9.448119e+03 9.345389e+03
9.9 9.312489e+03 9.446474e+03 9.448053e+03 9.314068e+03
10.9 9.319001e+03 9.429884e+03 9.448077e+03 9.337195e+03
11.9 9.365032e+03 9.438462e+03 9.448140e+03 9.374711e+03
12.9 9.407536e+03 9.453730e+03 9.448207e+03 9.402013e+03
13.9 9.451060e+03 9.451578e+03 9.448259e+03 9.447741e+03
14.9 9.454213e+03 9.441767e+03 9.448363e+03 9.460810e+03
15.9 9.433448e+03 9.434709e+03 9.449267e+03 9.448006e+03
16.9 9.414906e+03 9.432072e+03 9.451065e+03 9.433900e+03
17.9 9.427659e+03 9.436877e+03 9.452185e+03 9.442967e+03
18.9 9.452971e+03 9.467044e+03 9.451563e+03 9.437491e+03
19.9 9.448869e+03 9.479536e+03 9.450198e+03 9.419531e+03
20.9 9.467279e+03 9.471029e+03 9.449075e+03 9.445325e+03
21.9 9.486950e+03 9.484515e+03 9.448405e+03 9.450839e+03
0.1 9.451060e+03 9.451578e+03 9.448259e+03 9.447741e+03
1.1 9.454213e+03 9.441767e+03 9.448363e+03 9.460810e+03
2.1 9.433448e+03 9.434709e+03 9.449267e+03 9.448006e+03
3.1 9.414906e+03 9.432072e+03 9.451065e+03 9.433900e+03
4.1 9.427659e+03 9.436877e+03 9.452185e+03 9.442967e+03
5.1 9.452971e+03 9.467044e+03 9.451563e+03 9.437491e+03
6.1 9.448869e+03 9.479536e+03 9.450198e+03 9.419531e+03
7.1 9.467279e+03 9.471029e+03 9.449075e+03 9.445325e+03
8.1 9.486950e+03 9.484515e+03 9.448405e+03 9.450839e+03
9.1 9.482724e+03 9.485741e+03 9.448078e+03 9.445062e+03
10.1 9.425847e+03 9.465928e+03 9.447972e+03 9.407891e+03
11.1 9.414064e+03 9.444834e+03 9.448019e+03 9.417248e+03
12.1 9.428764e+03 9.432108e+03 9.448747e+03 9.445403e+03
13.1 9.438496e+03 9.427366e+03 9.450527e+03 9.461657e+03
14.1 9.450155e+03 9.428299e+03 9.452002e+03 9.473858e+03
15.1 9.467066e+03 9.446212e+03 9.451736e+03 9.472590e+03
16.1 9.473368e+03 9.460938e+03 9.450442e+03 9.462871e+03
0.9 9.414064e+03 9.444834e+03 9.448019e+03 9.417248e+03
1.9 9.428764e+03 9.432108e+03 9.448747e+03 9.445403e+03
2.9 9.438496e+03 9.427366e+03 9.450527e+03 9.461657e+03
3.9 9.450155e+03 9.428299e+03 9.452002e+03 9.473858e+03
4.9 9.467066e+03 9.446212e+03 9.451736e+03 9.472590e+03
5.9 9.473368e+03 9.460938e+03 9.450442e+03 9.462871e+03
