0.7 9.589304e+03 9.560219e+03 9.532562e+03 9.561647e+03
1.7 9.605055e+03 9.546618e+03 9.533515e+03 9.591952e+03
2.7 9.565937e+03 9.531603e+03 9.536456e+03 9.570790e+03
3.7 9.548326e+03 9.530295e+03 9.538379e+03 9.556410e+03
4.7 9.585936e+03 9.548327e+03 9.537374e+03 9.574983e+03
5.7 9.571344e+03 9.551167e+03 9.536023e+03 9.556200e+03
6.7 9.536722e+03 9.540399e+03 9.536732e+03 9.533055e+03
7.7 9.536187e+03 9.545452e+03 9.536778e+03 9.527513e+03
8.7 9.581215e+03 9.556003e+03 9.535264e+03 9.560477e+03
9.7 9.576006e+03 9.546725e+03 9.533631e+03 9.562912e+03
10.7 9.541686e+03 9.527050e+03 9.532606e+03 9.547242e+03
11.7 9.502734e+03 9.506935e+03 9.532130e+03 9.527929e+03
12.7 9.542034e+03 9.505536e+03 9.531983e+03 9.568481e+03
13.7 9.589848e+03 9.530437e+03 9.532013e+03 9.591424e+03
14.7 9.584324e+03 9.540119e+03 9.532123e+03 9.576328e+03
15.7 9.544429e+03 9.528812e+03 9.532251e+03 9.547868e+03
16.7 9.516350e+03 9.519520e+03 9.532361e+03 9.529191e+03
17.7 9.567725e+03 9.545504e+03 9.532439e+03 9.554660e+03
18.7 9.585292e+03 9.559717e+03 9.532489e+03 9.558063e+03
19.7 9.505747e+03 9.541250e+03 9.532516e+03 9.497013e+03
20.7 9.501444e+03 9.521721e+03 9.532531e+03 9.512254e+03
21.7 9.497341e+03 9.534562e+03 9.532669e+03 9.495448e+03
0.6 9.585936e+03 9.548327e+03 9.537374e+03 9.574983e+03
1.6 9.571344e+03 9.551167e+03 9.536023e+03 9.556200e+03
2.6 9.536722e+03 9.540399e+03 9.536732e+03 9.533055e+03
3.6 9.536187e+03 9.545452e+03 9.536778e+03 9.527513e+03
4.6 9.581215e+03 9.556003e+03 9.535264e+03 9.560477e+03
5.6 9.576006e+03 9.546725e+03 9.533631e+03 9.562912e+03
6.6 9.541686e+03 9.527050e+03 9.532606e+03 9.547242e+03
7.6 9.502734e+03 9.506935e+03 9.532130e+03 9.527929e+03
8.6 9.542034e+03 9.505536e+03 9.531983e+03 9.568481e+03
9.6 9.589848e+03 9.530437e+03 9.532013e+03 9.591424e+03
10.6 9.584324e+03 9.540119e+03 9.532123e+03 9.576328e+03
11.6 9.544429e+03 9.528812e+03 9.532251e+03 9.547868e+03
12.6 9.516350e+03 9.519520e+03 9.532361e+03 9.529191e+03
13.6 9.567725e+03 9.545504e+03 9.532439e+03 9.554660e+03
14.6 9.585292e+03 9.559717e+03 9.532489e+03 9.558063e+03
15.6 9.505747e+03 9.541250e+03 9.532516e+03 9.497013e+03
16.6 9.501444e+03 9.521721e+03 9.532531e+03 9.512254e+03
17.6 9.497341e+03 9.534562e+03 9.532669e+03 9.495448e+03
18.6 9.477843e+03 9.546174e+03 9.534363e+03 9.466032e+03
19.6 9.459277e+03 9.541122e+03 9.537783e+03 9.455939e+03
20.6 9.480861e+03 9.535004e+03 9.539916e+03 9.485774e+03
21.6 9.524207e+03 9.549152e+03 9.538722e+03 9.513777e+03
0.1 9.501444e+03 9.521721e+03 9.532531e+03 9.512254e+03
1.1 9.497341e+03 9.534562e+03 9.532669e+03 9.495448e+03
2.1 9.477843e+03 9.546174e+03 9.534363e+03 9.466032e+03
3.1 9.459277e+03 9.541122e+03 9.537783e+03 9.455939e+03
4.1 9.480861e+03 9.535004e+03 9.539916e+03 9.485774e+03
5.1 9.524207e+03 9.549152e+03 9.538722e+03 9.513777e+03
6.1 9.572243e+03 9.551828e+03 9.536109e+03 9.556525e+03
7.1 9.535419e+03 9.531705e+03 9.533960e+03 9.537674e+03
8.1 9.508741e+03 9.513370e+03 9.532677e+03 9.528048e+03
9.1 9.506267e+03 9.527085e+03 9.532052e+03 9.511234e+03
10.1 9.534385e+03 9.542431e+03 9.531849e+03 9.523804e+03
11.1 9.557273e+03 9.538000e+03 9.531889e+03 9.551162e+03
12.1 9.560279e+03 9.527327e+03 9.532039e+03 9.564990e+03
13.1 9.552730e+03 9.524454e+03 9.532204e+03 9.560480e+03
14.1 9.551996e+03 9.543643e+03 9.532340e+03 9.540692e+03
15.1 9.555643e+03 9.551533e+03 9.532432e+03 9.536542e+03
16.1 9.543965e+03 9.539948e+03 9.532487e+03 9.536504e+03
17.1 9.522443e+03 9.525302e+03 9.532516e+03 9.529657e+03
18.1 9.534176e+03 9.515400e+03 9.532531e+03 9.551306e+03
19.1 9.534665e+03 9.506800e+03 9.532538e+03 9.560403e+03
20.1 9.542210e+03 9.496564e+03 9.532541e+03 9.578186e+03
21.1 9.538736e+03 9.509303e+03 9.532542e+03 9.561976e+03
0.8 9.549892e+03 9.517799e+03 9.532577e+03 9.564670e+03
1.8 9.618526e+03 9.542712e+03 9.533689e+03 9.609503e+03
2.8 9.630088e+03 9.547948e+03 9.536013e+03 9.618153e+03
3.8 9.593448e+03 9.560058e+03 9.536490e+03 9.569880e+03
4.8 9.523657e+03 9.564548e+03 9.535249e+03 9.494358e+03
5.8 9.470228e+03 9.550257e+03 9.533861e+03 9.453832e+03
6.8 9.439079e+03 9.532665e+03 9.532936e+03 9.439350e+03
7.8 9.483260e+03 9.530299e+03 9.532437e+03 9.485398e+03
8.8 9.526459e+03 9.547599e+03 9.532476e+03 9.511336e+03
9.8 9.546877e+03 9.550325e+03 9.534516e+03 9.531067e+03
10.8 9.521797e+03 9.539887e+03 9.538040e+03 9.519950e+03
11.8 9.543631e+03 9.535455e+03 9.539704e+03 9.547881e+03
12.8 9.579891e+03 9.550516e+03 9.538161e+03 9.567536e+03
13.8 9.555190e+03 9.548688e+03 9.535601e+03 9.542102e+03
14.8 9.524489e+03 9.537699e+03 9.533640e+03 9.520430e+03
15.8 9.537128e+03 9.547944e+03 9.532510e+03 9.521693e+03
16.8 9.546086e+03 9.548812e+03 9.531984e+03 9.529257e+03
17.8 9.531664e+03 9.535124e+03 9.531839e+03 9.528379e+03
18.8 9.523536e+03 9.521091e+03 9.531909e+03 9.534353e+03
19.8 9.525576e+03 9.512559e+03 9.532067e+03 9.545084e+03
20.8 9.533141e+03 9.508715e+03 9.532279e+03 9.556706e+03
21.8 9.555689e+03 9.508825e+03 9.533652e+03 9.580516e+03
0.3 9.483260e+03 9.530299e+03 9.532437e+03 9.485398e+03
1.3 9.526459e+03 9.547599e+03 9.532476e+03 9.511336e+03
2.3 9.546877e+03 9.550325e+03 9.534516e+03 9.531067e+03
3.3 9.521797e+03 9.539887e+03 9.538040e+03 9.519950e+03
4.3 9.543631e+03 9.535455e+03 9.539704e+03 9.547881e+03
5.3 9.579891e+03 9.550516e+03 9.538161e+03 9.567536e+03
6.3 9.555190e+03 9.548688e+03 9.535601e+03 9.542102e+03
7.3 9.524489e+03 9.537699e+03 9.533640e+03 9.520430e+03
8.3 9.537128e+03 9.547944e+03 9.532510e+03 9.521693e+03
9.3 9.546086e+03 9.548812e+03 9.531984e+03 9.529257e+03
10.3 9.531664e+03 9.535124e+03 9.531839e+03 9.528379e+03
11.3 9.523536e+03 9.521091e+03 9.531909e+03 9.534353e+03
12.3 9.525576e+03 9.512559e+03 9.532067e+03 9.545084e+03
13.3 9.533141e+03 9.508715e+03 9.532279e+03 9.556706e+03
14.3 9.555689e+03 9.508825e+03 9.533652e+03 9.580516e+03
15.3 9.547645e+03 9.512361e+03 9.536795e+03 9.572079e+03
16.3 9.554177e+03 9.526524e+03 9.538341e+03 9.565994e+03
17.3 9.565425e+03 9.550582e+03 9.537058e+03 9.551901e+03
18.3 9.530299e+03 9.550347e+03 9.534983e+03 9.514935e+03
19.3 9.522266e+03 9.533605e+03 9.533429e+03 9.522090e+03
20.3 9.523763e+03 9.539934e+03 9.532541e+03 9.516370e+03
21.3 9.531267e+03 9.550076e+03 9.532123e+03 9.513314e+03
0.9 9.533141e+03 9.508715e+03 9.532279e+03 9.556706e+03
1.9 9.555689e+03 9.508825e+03 9.533652e+03 9.580516e+03
2.9 9.547645e+03 9.512361e+03 9.536795e+03 9.572079e+03
3.9 9.554177e+03 9.526524e+03 9.538341e+03 9.565994e+03
4.9 9.565425e+03 9.550582e+03 9.537058e+03 9.551901e+03
5.9 9.530299e+03 9.550347e+03 9.534983e+03 9.514935e+03
6.9 9.522266e+03 9.533605e+03 9.533429e+03 9.522090e+03
7.9 9.523763e+03 9.539934e+03 9.532541e+03 9.516370e+03
8.9 9.531267e+03 9.550076e+03 9.532123e+03 9.513314e+03
9.9 9.521920e+03 9.539654e+03 9.532003e+03 9.514269e+03
10.9 9.521753e+03 9.520730e+03 9.532054e+03 9.533076e+03
11.9 9.513203e+03 9.533676e+03 9.532175e+03 9.511702e+03
12.9 9.523131e+03 9.557794e+03 9.532302e+03 9.497639e+03
13.9 9.523617e+03 9.553475e+03 9.532401e+03 9.502543e+03
14.9 9.518763e+03 9.535619e+03 9.532466e+03 9.515611e+03
15.9 9.548156e+03 9.520976e+03 9.532505e+03 9.559685e+03
16.9 9.565115e+03 9.512649e+03 9.532525e+03 9.584990e+03
17.9 9.543126e+03 9.507636e+03 9.532535e+03 9.568025e+03
18.9 9.509701e+03 9.500791e+03 9.532539e+03 9.541449e+03
19.9 9.482985e+03 9.510675e+03 9.532541e+03 9.504851e+03
20.9 9.518758e+03 9.537107e+03 9.532542e+03 9.514192e+03
21.9 9.561344e+03 9.543182e+03 9.532542e+03 9.550705e+03
0.9 9.498439e+03 9.508228e+03 9.532592e+03 9.522803e+03
1.9 9.496291e+03 9.510435e+03 9.533836e+03 9.519692e+03
2.9 9.529219e+03 9.514757e+03 9.537075e+03 9.551538e+03
3.9 9.552937e+03 9.520333e+03 9.539762e+03 9.572366e+03
4.9 9.585386e+03 9.541430e+03 9.539161e+03 9.583117e+03
5.9 9.542575e+03 9.554041e+03 9.536630e+03 9.525164e+03
6.9 9.511305e+03 9.538979e+03 9.534319e+03 9.506645e+03
7.9 9.496382e+03 9.518991e+03 9.532872e+03 9.510263e+03
8.9 9.522827e+03 9.528444e+03 9.532137e+03 9.526520e+03
9.9 9.547869e+03 9.544550e+03 9.531865e+03 9.535184e+03
10.9 9.557881e+03 9.540224e+03 9.531869e+03 9.549526e+03
11.9 9.559432e+03 9.527488e+03 9.532005e+03 9.563950e+03
12.9 9.535681e+03 9.516751e+03 9.532173e+03 9.551103e+03
13.9 9.518983e+03 9.505946e+03 9.532316e+03 9.545353e+03
14.9 9.542787e+03 9.514823e+03 9.532417e+03 9.560380e+03
15.9 9.558138e+03 9.548792e+03 9.532478e+03 9.541824e+03
16.9 9.583951e+03 9.553915e+03 9.532512e+03 9.562547e+03
17.9 9.598074e+03 9.536543e+03 9.532529e+03 9.594060e+03
18.9 9.580589e+03 9.542512e+03 9.532537e+03 9.570614e+03
19.9 9.547790e+03 9.550233e+03 9.532540e+03 9.530097e+03
20.9 9.466633e+03 9.540210e+03 9.532542e+03 9.458965e+03
21.9 9.466514e+03 9.524456e+03 9.532542e+03 9.474601e+03
0.2 9.576275e+03 9.535941e+03 9.532543e+03 9.572877e+03
1.2 9.526214e+03 9.541594e+03 9.532774e+03 9.517394e+03
2.2 9.505158e+03 9.533858e+03 9.534789e+03 9.506089e+03
3.2 9.506381e+03 9.528152e+03 9.537764e+03 9.515993e+03
4.2 9.533789e+03 9.548678e+03 9.538172e+03 9.523283e+03
5.2 9.569256e+03 9.569663e+03 9.536353e+03 9.535947e+03
6.2 9.539126e+03 9.559792e+03 9.534396e+03 9.513730e+03
7.2 9.522640e+03 9.539124e+03 9.534034e+03 9.517550e+03
8.2 9.513120e+03 9.525475e+03 9.536370e+03 9.524015e+03
9.2 9.510242e+03 9.520086e+03 9.539072e+03 9.529228e+03
10.2 9.535619e+03 9.533928e+03 9.538893e+03 9.540585e+03
11.2 9.593099e+03 9.548373e+03 9.536561e+03 9.581287e+03
12.2 9.550336e+03 9.535519e+03 9.534275e+03 9.549093e+03
13.2 9.505354e+03 9.513942e+03 9.532826e+03 9.524238e+03
14.2 9.486894e+03 9.519915e+03 9.532093e+03 9.499072e+03
15.2 9.487201e+03 9.540007e+03 9.531823e+03 9.479017e+03
16.2 9.497697e+03 9.540004e+03 9.531828e+03 9.489521e+03
17.2 9.511301e+03 9.528595e+03 9.531968e+03 9.514675e+03
18.2 9.548027e+03 9.518628e+03 9.532144e+03 9.561543e+03
19.2 9.536626e+03 9.511843e+03 9.532296e+03 9.557078e+03
20.2 9.518887e+03 9.503894e+03 9.532404e+03 9.547396e+03
21.2 9.506050e+03 9.503088e+03 9.532471e+03 9.535434e+03
0.7 9.539126e+03 9.559792e+03 9.534396e+03 9.513730e+03
1.7 9.522640e+03 9.539124e+03 9.534034e+03 9.517550e+03
2.7 9.513120e+03 9.525475e+03 9.536370e+03 9.524015e+03
3.7 9.510242e+03 9.520086e+03 9.539072e+03 9.529228e+03
4.7 9.535619e+03 9.533928e+03 9.538893e+03 9.540585e+03
5.7 9.593099e+03 9.548373e+03 9.536561e+03 9.581287e+03
6.7 9.550336e+03 9.535519e+03 9.534275e+03 9.549093e+03
7.7 9.505354e+03 9.513942e+03 9.532826e+03 9.524238e+03
8.7 9.486894e+03 9.519915e+03 9.532093e+03 9.499072e+03
9.7 9.487201e+03 9.540007e+03 9.531823e+03 9.479017e+03
10.7 9.497697e+03 9.540004e+03 9.531828e+03 9.489521e+03
11.7 9.511301e+03 9.528595e+03 9.531968e+03 9.514675e+03
12.7 9.548027e+03 9.518628e+03 9.532144e+03 9.561543e+03
13.7 9.536626e+03 9.511843e+03 9.532296e+03 9.557078e+03
14.7 9.518887e+03 9.503894e+03 9.532404e+03 9.547396e+03
15.7 9.506050e+03 9.503088e+03 9.532471e+03 9.535434e+03
16.7 9.562330e+03 9.536392e+03 9.532508e+03 9.558447e+03
17.7 9.611408e+03 9.559259e+03 9.532527e+03 9.584676e+03
18.7 9.548612e+03 9.551350e+03 9.532536e+03 9.529798e+03
19.7 9.512682e+03 9.534204e+03 9.532540e+03 9.511018e+03
20.7 9.479700e+03 9.519726e+03 9.532541e+03 9.492516e+03
21.7 9.479466e+03 9.506491e+03 9.532542e+03 9.505517e+03
0.7 9.551259e+03 9.559508e+03 9.532553e+03 9.524304e+03
1.7 9.538642e+03 9.549590e+03 9.533347e+03 9.522399e+03
2.7 9.514510e+03 9.534471e+03 9.536247e+03 9.516287e+03
3.7 9.494760e+03 9.525447e+03 9.539401e+03 9.508714e+03
4.7 9.518206e+03 9.535200e+03 9.539567e+03 9.522573e+03
5.7 9.549066e+03 9.551752e+03 9.537243e+03 9.534556e+03
6.7 9.564171e+03 9.547312e+03 9.534774e+03 9.551633e+03
7.7 9.538798e+03 9.533207e+03 9.533130e+03 9.538722e+03
8.7 9.521430e+03 9.532311e+03 9.532256e+03 9.521375e+03
9.7 9.588992e+03 9.549230e+03 9.531897e+03 9.571659e+03
10.7 9.596598e+03 9.546434e+03 9.531852e+03 9.582015e+03
11.7 9.549171e+03 9.527128e+03 9.531968e+03 9.554011e+03
12.7 9.516530e+03 9.532059e+03 9.532135e+03 9.516606e+03
13.7 9.443865e+03 9.544298e+03 9.532287e+03 9.431854e+03
14.7 9.393738e+03 9.532813e+03 9.532397e+03 9.393323e+03
15.7 9.393838e+03 9.513351e+03 9.532467e+03 9.412954e+03
16.7 9.441860e+03 9.523364e+03 9.532506e+03 9.451001e+03
17.7 9.490982e+03 9.541182e+03 9.532526e+03 9.482326e+03
18.7 9.537023e+03 9.538561e+03 9.532535e+03 9.530996e+03
19.7 9.538692e+03 9.526954e+03 9.532540e+03 9.544278e+03
20.7 9.516297e+03 9.518251e+03 9.532541e+03 9.530587e+03
21.7 9.497534e+03 9.514361e+03 9.532542e+03 9.515716e+03
