0.3 6.486677e+03 6.525916e+03 6.518303e+03 6.479064e+03
1.3 6.525132e+03 6.531783e+03 6.519460e+03 6.512810e+03
2.3 6.512296e+03 6.537483e+03 6.528840e+03 6.503653e+03
3.3 6.499519e+03 6.544158e+03 6.544524e+03 6.499884e+03
4.3 6.504210e+03 6.546060e+03 6.551914e+03 6.510065e+03
5.3 6.526894e+03 6.542850e+03 6.544728e+03 6.528772e+03
6.3 6.517165e+03 6.531805e+03 6.532804e+03 6.518164e+03
7.3 6.465456e+03 6.520341e+03 6.523625e+03 6.468739e+03
8.3 6.453014e+03 6.517433e+03 6.518315e+03 6.453896e+03
9.3 6.519693e+03 6.517792e+03 6.515827e+03 6.517728e+03
10.3 6.478827e+03 6.516290e+03 6.515117e+03 6.477654e+03
11.3 6.439859e+03 6.513672e+03 6.515412e+03 6.441600e+03
12.3 6.520470e+03 6.514927e+03 6.516126e+03 6.521669e+03
13.3 6.465749e+03 6.516643e+03 6.516869e+03 6.465975e+03
14.3 6.519293e+03 6.515205e+03 6.517456e+03 6.521544e+03
15.3 6.542787e+03 6.511146e+03 6.517846e+03 6.549487e+03
16.3 6.520532e+03 6.516539e+03 6.518075e+03 6.522068e+03
17.3 6.531407e+03 6.540674e+03 6.518197e+03 6.508930e+03
18.3 6.613056e+03 6.556348e+03 6.518256e+03 6.574964e+03
19.3 6.581936e+03 6.549024e+03 6.518284e+03 6.551196e+03
20.3 6.542230e+03 6.531992e+03 6.518295e+03 6.528534e+03
21.3 6.576102e+03 6.528914e+03 6.518301e+03 6.565488e+03
1.0 6.540938e+03 6.518639e+03 6.518652e+03 6.540951e+03
2.0 6.584695e+03 6.518730e+03 6.525105e+03 6.591069e+03
3.0 6.542676e+03 6.527893e+03 6.540113e+03 6.554895e+03
4.0 6.532767e+03 6.535855e+03 6.551216e+03 6.548128e+03
5.0 6.523271e+03 6.533373e+03 6.547314e+03 6.537212e+03
6.0 6.531685e+03 6.524042e+03 6.535704e+03 6.543347e+03
7.0 6.501014e+03 6.518150e+03 6.525594e+03 6.508459e+03
8.0 6.538023e+03 6.519533e+03 6.519396e+03 6.537886e+03
9.0 6.486541e+03 6.521315e+03 6.516303e+03 6.481529e+03
10.0 6.527188e+03 6.519617e+03 6.515214e+03 6.522785e+03
11.0 6.500318e+03 6.514551e+03 6.515304e+03 6.501071e+03
12.0 6.549264e+03 6.508897e+03 6.515946e+03 6.556313e+03
13.0 6.545740e+03 6.505017e+03 6.516699e+03 6.557422e+03
14.0 6.522966e+03 6.503129e+03 6.517330e+03 6.537167e+03
15.0 6.506455e+03 6.502880e+03 6.517766e+03 6.521341e+03
16.0 6.502556e+03 6.503854e+03 6.518030e+03 6.516732e+03
17.0 6.552878e+03 6.509004e+03 6.518173e+03 6.562048e+03
18.0 6.578679e+03 6.517642e+03 6.518245e+03 6.579282e+03
19.0 6.542208e+03 6.518720e+03 6.518279e+03 6.541767e+03
20.0 6.511766e+03 6.518147e+03 6.518293e+03 6.511912e+03
21.0 6.510379e+03 6.521245e+03 6.518300e+03 6.507434e+03
22.0 6.481600e+03 6.526124e+03 6.518302e+03 6.473779e+03
0.1 6.577149e+03 6.524234e+03 6.518303e+03 6.571219e+03
1.1 6.545702e+03 6.522079e+03 6.519057e+03 6.542679e+03
2.1 6.536868e+03 6.523832e+03 6.526860e+03 6.539896e+03
3.1 6.562403e+03 6.527615e+03 6.535842e+03 6.570630e+03
4.1 6.528106e+03 6.525470e+03 6.534785e+03 6.537421e+03
5.1 6.525080e+03 6.517975e+03 6.528378e+03 6.535483e+03
6.1 6.517679e+03 6.510305e+03 6.522690e+03 6.530063e+03
7.1 6.530786e+03 6.505309e+03 6.519197e+03 6.544674e+03
8.1 6.535257e+03 6.502889e+03 6.517408e+03 6.549775e+03
9.1 6.523327e+03 6.502262e+03 6.516719e+03 6.537784e+03
10.1 6.504595e+03 6.505501e+03 6.516701e+03 6.515795e+03
11.1 6.581066e+03 6.513630e+03 6.517017e+03 6.584453e+03
12.1 6.541670e+03 6.519366e+03 6.517417e+03 6.539721e+03
13.1 6.534512e+03 6.519703e+03 6.517870e+03 6.532679e+03
14.1 6.460833e+03 6.519822e+03 6.522622e+03 6.463632e+03
15.1 6.531790e+03 6.525473e+03 6.533325e+03 6.539641e+03
16.1 6.509948e+03 6.527151e+03 6.536176e+03 6.518972e+03
17.1 6.551174e+03 6.521844e+03 6.530855e+03 6.560185e+03
18.1 6.489173e+03 6.520455e+03 6.524536e+03 6.493254e+03
19.1 6.524841e+03 6.535339e+03 6.520252e+03 6.509754e+03
20.1 6.531894e+03 6.547054e+03 6.517914e+03 6.502753e+03
21.1 6.537695e+03 6.543330e+03 6.516876e+03 6.511240e+03
0.8 6.534512e+03 6.519703e+03 6.517870e+03 6.532679e+03
1.8 6.460833e+03 6.519822e+03 6.522622e+03 6.463632e+03
2.8 6.531790e+03 6.525473e+03 6.533325e+03 6.539641e+03
3.8 6.509948e+03 6.527151e+03 6.536176e+03 6.518972e+03
4.8 6.551174e+03 6.521844e+03 6.530855e+03 6.560185e+03
5.8 6.489173e+03 6.520455e+03 6.524536e+03 6.493254e+03
6.8 6.524841e+03 6.535339e+03 6.520252e+03 6.509754e+03
7.8 6.531894e+03 6.547054e+03 6.517914e+03 6.502753e+03
8.8 6.537695e+03 6.543330e+03 6.516876e+03 6.511240e+03
9.8 6.498227e+03 6.528833e+03 6.516652e+03 6.486046e+03
10.8 6.528171e+03 6.514985e+03 6.516879e+03 6.530065e+03
11.8 6.476667e+03 6.506225e+03 6.517270e+03 6.487712e+03
12.8 6.539347e+03 6.501893e+03 6.517645e+03 6.555099e+03
13.8 6.510240e+03 6.500519e+03 6.517926e+03 6.527647e+03
14.8 6.510173e+03 6.501243e+03 6.518105e+03 6.527035e+03
15.8 6.518960e+03 6.504172e+03 6.518207e+03 6.532995e+03
16.8 6.510619e+03 6.507886e+03 6.518259e+03 6.520992e+03
17.8 6.511895e+03 6.508564e+03 6.518284e+03 6.521615e+03
18.8 6.503036e+03 6.507519e+03 6.518516e+03 6.514033e+03
19.8 6.519896e+03 6.511795e+03 6.524130e+03 6.532231e+03
20.8 6.554790e+03 6.524770e+03 6.537909e+03 6.567929e+03
21.8 6.522331e+03 6.535159e+03 6.544653e+03 6.531825e+03
0.9 6.503036e+03 6.507519e+03 6.518516e+03 6.514033e+03
1.9 6.519896e+03 6.511795e+03 6.524130e+03 6.532231e+03
2.9 6.554790e+03 6.524770e+03 6.537909e+03 6.567929e+03
3.9 6.522331e+03 6.535159e+03 6.544653e+03 6.531825e+03
4.9 6.516667e+03 6.537602e+03 6.538752e+03 6.517818e+03
5.9 6.485304e+03 6.529239e+03 6.529342e+03 6.485408e+03
6.9 6.545596e+03 6.517659e+03 6.522317e+03 6.550253e+03
7.9 6.454805e+03 6.509009e+03 6.518302e+03 6.464098e+03
8.9 6.330338e+03 6.504169e+03 6.516416e+03 6.342585e+03
9.9 6.466700e+03 6.502076e+03 6.515874e+03 6.480498e+03
10.9 6.486945e+03 6.504167e+03 6.516101e+03 6.498878e+03
11.9 6.561377e+03 6.523643e+03 6.516649e+03 6.554384e+03
12.9 6.553524e+03 6.555156e+03 6.517218e+03 6.515586e+03
13.9 6.594208e+03 6.569958e+03 6.517665e+03 6.541915e+03
14.9 6.597718e+03 6.558948e+03 6.517961e+03 6.556731e+03
15.9 6.573394e+03 6.541520e+03 6.518133e+03 6.550007e+03
16.9 6.565565e+03 6.531376e+03 6.518224e+03 6.552414e+03
17.9 6.575482e+03 6.525253e+03 6.518269e+03 6.568498e+03
18.9 6.550683e+03 6.519360e+03 6.518289e+03 6.549612e+03
19.9 6.493866e+03 6.516064e+03 6.518298e+03 6.496100e+03
20.9 6.504289e+03 6.517350e+03 6.518301e+03 6.505240e+03
21.9 6.540569e+03 6.522573e+03 6.518324e+03 6.536320e+03
0.6 6.540569e+03 6.522573e+03 6.518324e+03 6.536320e+03
1.6 6.508918e+03 6.524478e+03 6.521246e+03 6.505686e+03
2.6 6.597603e+03 6.528055e+03 6.531615e+03 6.601163e+03
3.6 6.589171e+03 6.528630e+03 6.536575e+03 6.597117e+03
4.6 6.554765e+03 6.522924e+03 6.532227e+03 6.564067e+03
5.6 6.624731e+03 6.514348e+03 6.525683e+03 6.636066e+03
6.6 6.543832e+03 6.507734e+03 6.520939e+03 6.557036e+03
7.6 6.515552e+03 6.504613e+03 6.518261e+03 6.529200e+03
8.6 6.524980e+03 6.504534e+03 6.517006e+03 6.537452e+03
9.6 6.520832e+03 6.507128e+03 6.516650e+03 6.530354e+03
10.6 6.545651e+03 6.514454e+03 6.516812e+03 6.548009e+03
11.6 6.532158e+03 6.534351e+03 6.517189e+03 6.514996e+03
12.6 6.544187e+03 6.548264e+03 6.517576e+03 6.513499e+03
13.6 6.537387e+03 6.547121e+03 6.517878e+03 6.508144e+03
14.6 6.597666e+03 6.548973e+03 6.518076e+03 6.566769e+03
15.6 6.615799e+03 6.553102e+03 6.518191e+03 6.580887e+03
16.6 6.541495e+03 6.543934e+03 6.518251e+03 6.515812e+03
17.6 6.576947e+03 6.526971e+03 6.518281e+03 6.568256e+03
18.6 6.472888e+03 6.512493e+03 6.518294e+03 6.478689e+03
19.6 6.557484e+03 6.503956e+03 6.518300e+03 6.571828e+03
20.6 6.527877e+03 6.500197e+03 6.518302e+03 6.545982e+03
21.6 6.501164e+03 6.499336e+03 6.518303e+03 6.520131e+03
0.9 6.556453e+03 6.523892e+03 6.518524e+03 6.551085e+03
1.9 6.535816e+03 6.525557e+03 6.524133e+03 6.534392e+03
2.9 6.536508e+03 6.533828e+03 6.538732e+03 6.541412e+03
3.9 6.562415e+03 6.541087e+03 6.551050e+03 6.572378e+03
4.9 6.527416e+03 6.537906e+03 6.548583e+03 6.538093e+03
5.9 6.506688e+03 6.527128e+03 6.537138e+03 6.516697e+03
6.9 6.546487e+03 6.515467e+03 6.526554e+03 6.557574e+03
7.9 6.517678e+03 6.507250e+03 6.519893e+03 6.530322e+03
8.9 6.561448e+03 6.502961e+03 6.516495e+03 6.574982e+03
9.9 6.512983e+03 6.501853e+03 6.515227e+03 6.526356e+03
10.9 6.502499e+03 6.506285e+03 6.515226e+03 6.511441e+03
11.9 6.533595e+03 6.515363e+03 6.515841e+03 6.534073e+03
12.9 6.493497e+03 6.517240e+03 6.516606e+03 6.492862e+03
13.9 6.460911e+03 6.514057e+03 6.517261e+03 6.464115e+03
14.9 6.538283e+03 6.512560e+03 6.517722e+03 6.543445e+03
15.9 6.534558e+03 6.511228e+03 6.518005e+03 6.541335e+03
16.9 6.486477e+03 6.508475e+03 6.518161e+03 6.496163e+03
17.9 6.453317e+03 6.506016e+03 6.518239e+03 6.465541e+03
18.9 6.483733e+03 6.505090e+03 6.518276e+03 6.496919e+03
19.9 6.529783e+03 6.506466e+03 6.518292e+03 6.541610e+03
20.9 6.526007e+03 6.509091e+03 6.518299e+03 6.535215e+03
21.9 6.519342e+03 6.509684e+03 6.518302e+03 6.527960e+03
0.5 6.520320e+03 6.501910e+03 6.518311e+03 6.536722e+03
1.5 6.517077e+03 6.500867e+03 6.520656e+03 6.536866e+03
2.5 6.532026e+03 6.512005e+03 6.532154e+03 6.552175e+03
3.5 6.514186e+03 6.526118e+03 6.543722e+03 6.531790e+03
4.5 6.491041e+03 6.534424e+03 6.542098e+03 6.498714e+03
5.5 6.523469e+03 6.531426e+03 6.532991e+03 6.525034e+03
6.5 6.489655e+03 6.521085e+03 6.524733e+03 6.493303e+03
7.5 6.469439e+03 6.511534e+03 6.519628e+03 6.477532e+03
8.5 6.481069e+03 6.508681e+03 6.520134e+03 6.492522e+03
9.5 6.482590e+03 6.518146e+03 6.531519e+03 6.495963e+03
10.5 6.485729e+03 6.529603e+03 6.541884e+03 6.498011e+03
11.5 6.526037e+03 6.535429e+03 6.539341e+03 6.529948e+03
12.5 6.508893e+03 6.530545e+03 6.530610e+03 6.508958e+03
13.5 6.501395e+03 6.520328e+03 6.523191e+03 6.504258e+03
14.5 6.479278e+03 6.513117e+03 6.518747e+03 6.484909e+03
15.5 6.477745e+03 6.515812e+03 6.516561e+03 6.478494e+03
16.5 6.468029e+03 6.517392e+03 6.515820e+03 6.466456e+03
17.5 6.478197e+03 6.515003e+03 6.515938e+03 6.479132e+03
18.5 6.513139e+03 6.517039e+03 6.516459e+03 6.512560e+03
19.5 6.480105e+03 6.521723e+03 6.517056e+03 6.475439e+03
20.5 6.424438e+03 6.522689e+03 6.517550e+03 6.419299e+03
21.5 6.500792e+03 6.519291e+03 6.517890e+03 6.499390e+03
0.6 6.469439e+03 6.511534e+03 6.519628e+03 6.477532e+03
1.6 6.481069e+03 6.508681e+03 6.520134e+03 6.492522e+03
2.6 6.482590e+03 6.518146e+03 6.531519e+03 6.495963e+03
3.6 6.485729e+03 6.529603e+03 6.541884e+03 6.498011e+03
4.6 6.526037e+03 6.535429e+03 6.539341e+03 6.529948e+03
5.6 6.508893e+03 6.530545e+03 6.530610e+03 6.508958e+03
6.6 6.501395e+03 6.520328e+03 6.523191e+03 6.504258e+03
7.6 6.479278e+03 6.513117e+03 6.518747e+03 6.484909e+03
8.6 6.477745e+03 6.515812e+03 6.516561e+03 6.478494e+03
9.6 6.468029e+03 6.517392e+03 6.515820e+03 6.466456e+03
10.6 6.478197e+03 6.515003e+03 6.515938e+03 6.479132e+03
11.6 6.513139e+03 6.517039e+03 6.516459e+03 6.512560e+03
12.6 6.480105e+03 6.521723e+03 6.517056e+03 6.475439e+03
13.6 6.424438e+03 6.522689e+03 6.517550e+03 6.419299e+03
14.6 6.500792e+03 6.519291e+03 6.517890e+03 6.499390e+03
15.6 6.467249e+03 6.516090e+03 6.518094e+03 6.469253e+03
16.6 6.478347e+03 6.518281e+03 6.518204e+03 6.478270e+03
17.6 6.622620e+03 6.520298e+03 6.518259e+03 6.620581e+03
18.6 6.550194e+03 6.518688e+03 6.518285e+03 6.549791e+03
19.6 6.501957e+03 6.513853e+03 6.518296e+03 6.506399e+03
20.6 6.519580e+03 6.509441e+03 6.518300e+03 6.528440e+03
21.6 6.497856e+03 6.508706e+03 6.518303e+03 6.507453e+03
0.1 6.529738e+03 6.524154e+03 6.518303e+03 6.523887e+03
1.1 6.480022e+03 6.530185e+03 6.518897e+03 6.468734e+03
2.1 6.492410e+03 6.535556e+03 6.526254e+03 6.483107e+03
3.1 6.517792e+03 6.538902e+03 6.535906e+03 6.514797e+03
4.1 6.569823e+03 6.539048e+03 6.535541e+03 6.566316e+03
5.1 6.554399e+03 6.530808e+03 6.529121e+03 6.552712e+03
6.1 6.493594e+03 6.518468e+03 6.523147e+03 6.498272e+03
7.1 6.495129e+03 6.508950e+03 6.519413e+03 6.505592e+03
8.1 6.559438e+03 6.506688e+03 6.517476e+03 6.570226e+03
9.1 6.541917e+03 6.512534e+03 6.516704e+03 6.546088e+03
10.1 6.475503e+03 6.519103e+03 6.516648e+03 6.473048e+03
11.1 6.524552e+03 6.520742e+03 6.516956e+03 6.520767e+03
12.1 6.527399e+03 6.517462e+03 6.517367e+03 6.527304e+03
