0.9 9.449279e+03 9.431807e+03 9.449883e+03 9.467355e+03
1.9 9.454082e+03 9.424416e+03 9.446791e+03 9.476457e+03
2.9 9.457638e+03 9.415648e+03 9.439522e+03 9.481511e+03
3.9 9.456393e+03 9.428375e+03 9.436189e+03 9.464208e+03
4.9 9.498226e+03 9.463923e+03 9.439416e+03 9.473719e+03
5.9 9.481161e+03 9.472768e+03 9.444349e+03 9.452741e+03
6.9 9.444270e+03 9.460313e+03 9.447991e+03 9.431948e+03
7.9 9.421773e+03 9.447563e+03 9.450061e+03 9.424271e+03
8.9 9.433033e+03 9.459601e+03 9.451027e+03 9.424458e+03
9.9 9.458581e+03 9.482003e+03 9.451296e+03 9.427874e+03
10.9 9.482701e+03 9.476089e+03 9.451169e+03 9.457782e+03
11.9 9.494283e+03 9.456206e+03 9.450879e+03 9.488956e+03
12.9 9.497308e+03 9.440977e+03 9.450581e+03 9.506912e+03
13.9 9.498984e+03 9.433570e+03 9.450348e+03 9.515763e+03
14.9 9.498200e+03 9.448287e+03 9.450195e+03 9.500108e+03
15.9 9.506222e+03 9.476182e+03 9.450106e+03 9.480146e+03
16.9 9.469352e+03 9.475503e+03 9.450059e+03 9.443908e+03
17.9 9.435424e+03 9.457370e+03 9.450036e+03 9.428091e+03
18.9 9.434166e+03 9.440694e+03 9.450026e+03 9.443498e+03
19.9 9.433040e+03 9.427654e+03 9.450022e+03 9.455408e+03
20.9 9.437385e+03 9.425832e+03 9.450020e+03 9.461572e+03
21.9 9.456665e+03 9.456541e+03 9.450019e+03 9.450143e+03
0.3 9.469109e+03 9.427632e+03 9.450019e+03 9.491496e+03
1.3 9.483240e+03 9.425971e+03 9.449348e+03 9.506616e+03
2.3 9.452713e+03 9.420909e+03 9.444279e+03 9.476084e+03
3.3 9.441910e+03 9.416035e+03 9.437395e+03 9.463270e+03
4.3 9.463667e+03 9.433798e+03 9.436849e+03 9.466718e+03
5.3 9.532958e+03 9.455508e+03 9.441291e+03 9.518740e+03
6.3 9.542162e+03 9.460920e+03 9.445903e+03 9.527145e+03
7.3 9.500620e+03 9.471455e+03 9.448920e+03 9.478085e+03
8.3 9.430724e+03 9.474904e+03 9.450524e+03 9.406343e+03
9.3 9.382030e+03 9.462675e+03 9.451190e+03 9.370545e+03
10.3 9.357700e+03 9.448007e+03 9.451281e+03 9.360974e+03
11.3 9.398451e+03 9.446008e+03 9.451070e+03 9.403513e+03
12.3 9.441755e+03 9.460379e+03 9.450764e+03 9.432140e+03
13.3 9.459146e+03 9.462974e+03 9.450485e+03 9.446656e+03
14.3 9.439948e+03 9.455068e+03 9.450283e+03 9.435163e+03
15.3 9.461535e+03 9.451725e+03 9.450156e+03 9.459966e+03
16.3 9.490262e+03 9.463874e+03 9.450085e+03 9.476472e+03
17.3 9.465665e+03 9.461373e+03 9.450049e+03 9.454340e+03
18.3 9.439873e+03 9.451346e+03 9.450032e+03 9.438559e+03
19.3 9.451413e+03 9.459663e+03 9.450024e+03 9.441774e+03
20.3 9.457757e+03 9.460183e+03 9.450021e+03 9.447595e+03
21.3 9.446200e+03 9.448450e+03 9.450019e+03 9.447770e+03
0.4 9.477594e+03 9.429782e+03 9.450017e+03 9.497830e+03
1.4 9.453245e+03 9.424941e+03 9.449052e+03 9.477357e+03
2.4 9.422445e+03 9.418848e+03 9.443986e+03 9.447584e+03
3.4 9.400987e+03 9.427236e+03 9.440443e+03 9.414193e+03
4.4 9.436002e+03 9.449887e+03 9.442129e+03 9.428245e+03
5.4 9.473953e+03 9.455240e+03 9.445596e+03 9.464309e+03
6.4 9.459875e+03 9.447030e+03 9.448292e+03 9.461137e+03
7.4 9.440384e+03 9.435841e+03 9.449862e+03 9.454405e+03
8.4 9.441157e+03 9.424827e+03 9.450627e+03 9.466957e+03
9.4 9.447836e+03 9.434369e+03 9.450879e+03 9.464346e+03
10.4 9.438632e+03 9.467165e+03 9.450828e+03 9.422295e+03
11.4 9.468632e+03 9.474303e+03 9.450641e+03 9.444970e+03
12.4 9.461962e+03 9.459762e+03 9.450433e+03 9.452633e+03
13.4 9.374352e+03 9.443934e+03 9.450265e+03 9.380683e+03
14.4 9.242033e+03 9.433681e+03 9.450152e+03 9.258505e+03
15.4 9.281007e+03 9.428174e+03 9.450086e+03 9.302918e+03
16.4 9.331255e+03 9.425160e+03 9.450050e+03 9.356145e+03
17.4 9.389688e+03 9.420259e+03 9.450032e+03 9.419462e+03
18.4 9.414459e+03 9.413737e+03 9.450024e+03 9.450747e+03
19.4 9.444272e+03 9.418411e+03 9.450021e+03 9.475882e+03
20.4 9.491077e+03 9.444213e+03 9.450020e+03 9.496884e+03
21.4 9.477548e+03 9.457488e+03 9.450019e+03 9.470078e+03
0.8 9.514011e+03 9.453705e+03 9.449962e+03 9.510267e+03
1.8 9.472941e+03 9.438253e+03 9.447574e+03 9.482261e+03
2.8 9.410621e+03 9.421590e+03 9.440509e+03 9.429540e+03
3.8 9.390738e+03 9.419554e+03 9.436000e+03 9.407184e+03
4.8 9.421419e+03 9.441688e+03 9.438487e+03 9.418219e+03
5.8 9.437069e+03 9.450823e+03 9.443513e+03 9.429758e+03
6.8 9.439098e+03 9.441952e+03 9.447483e+03 9.444630e+03
7.8 9.465581e+03 9.456307e+03 9.449813e+03 9.459088e+03
8.8 9.496532e+03 9.478138e+03 9.450942e+03 9.469336e+03
9.8 9.469493e+03 9.468566e+03 9.451306e+03 9.452233e+03
10.8 9.438427e+03 9.452974e+03 9.451224e+03 9.436677e+03
11.8 9.491596e+03 9.459573e+03 9.450943e+03 9.482966e+03
12.8 9.486946e+03 9.459384e+03 9.450635e+03 9.478196e+03
13.8 9.414184e+03 9.447526e+03 9.450386e+03 9.417044e+03
14.8 9.391568e+03 9.435810e+03 9.450218e+03 9.405976e+03
15.8 9.366717e+03 9.428916e+03 9.450119e+03 9.387920e+03
16.8 9.387467e+03 9.425931e+03 9.450066e+03 9.411602e+03
17.8 9.397057e+03 9.425180e+03 9.450039e+03 9.421916e+03
18.8 9.415478e+03 9.425644e+03 9.450027e+03 9.439862e+03
19.8 9.413362e+03 9.428083e+03 9.450022e+03 9.435301e+03
20.8 9.442209e+03 9.433057e+03 9.450020e+03 9.459172e+03
21.8 9.466462e+03 9.438864e+03 9.450019e+03 9.477617e+03
0.3 9.471765e+03 9.442022e+03 9.450018e+03 9.479762e+03
1.3 9.451428e+03 9.432907e+03 9.449281e+03 9.467801e+03
2.3 9.436240e+03 9.423711e+03 9.444493e+03 9.457022e+03
3.3 9.457057e+03 9.433047e+03 9.440518e+03 9.464528e+03
4.3 9.473941e+03 9.465740e+03 9.441759e+03 9.449960e+03
5.3 9.502915e+03 9.470580e+03 9.442449e+03 9.474784e+03
6.3 9.515632e+03 9.453724e+03 9.439779e+03 9.501687e+03
7.3 9.496444e+03 9.456739e+03 9.440468e+03 9.480173e+03
8.3 9.453821e+03 9.462025e+03 9.444281e+03 9.436076e+03
9.3 9.379017e+03 9.452821e+03 9.447831e+03 9.374027e+03
10.3 9.384699e+03 9.439116e+03 9.449068e+03 9.394652e+03
11.3 9.425939e+03 9.425606e+03 9.445067e+03 9.445400e+03
12.3 9.477404e+03 9.428713e+03 9.441667e+03 9.490358e+03
13.3 9.489440e+03 9.449005e+03 9.443160e+03 9.483594e+03
14.3 9.441575e+03 9.454071e+03 9.446376e+03 9.433880e+03
15.3 9.421109e+03 9.448373e+03 9.448828e+03 9.421564e+03
16.3 9.421672e+03 9.444925e+03 9.450194e+03 9.426942e+03
17.3 9.450040e+03 9.465592e+03 9.450817e+03 9.435265e+03
18.3 9.482833e+03 9.485721e+03 9.450982e+03 9.448094e+03
19.3 9.457051e+03 9.475845e+03 9.450882e+03 9.432089e+03
20.3 9.442226e+03 9.455852e+03 9.450669e+03 9.437043e+03
21.3 9.434331e+03 9.443276e+03 9.450448e+03 9.441504e+03
0.9 9.473941e+03 9.465740e+03 9.441759e+03 9.449960e+03
1.9 9.502915e+03 9.470580e+03 9.442449e+03 9.474784e+03
2.9 9.515632e+03 9.453724e+03 9.439779e+03 9.501687e+03
3.9 9.496444e+03 9.456739e+03 9.440468e+03 9.480173e+03
4.9 9.453821e+03 9.462025e+03 9.444281e+03 9.436076e+03
5.9 9.379017e+03 9.452821e+03 9.447831e+03 9.374027e+03
6.9 9.384699e+03 9.439116e+03 9.449068e+03 9.394652e+03
7.9 9.425939e+03 9.425606e+03 9.445067e+03 9.445400e+03
8.9 9.477404e+03 9.428713e+03 9.441667e+03 9.490358e+03
9.9 9.489440e+03 9.449005e+03 9.443160e+03 9.483594e+03
10.9 9.441575e+03 9.454071e+03 9.446376e+03 9.433880e+03
11.9 9.421109e+03 9.448373e+03 9.448828e+03 9.421564e+03
12.9 9.421672e+03 9.444925e+03 9.450194e+03 9.426942e+03
13.9 9.450040e+03 9.465592e+03 9.450817e+03 9.435265e+03
14.9 9.482833e+03 9.485721e+03 9.450982e+03 9.448094e+03
15.9 9.457051e+03 9.475845e+03 9.450882e+03 9.432089e+03
16.9 9.442226e+03 9.455852e+03 9.450669e+03 9.437043e+03
17.9 9.434331e+03 9.443276e+03 9.450448e+03 9.441504e+03
18.9 9.428946e+03 9.438623e+03 9.450273e+03 9.440597e+03
19.9 9.454512e+03 9.449793e+03 9.450156e+03 9.454876e+03
20.9 9.505230e+03 9.461039e+03 9.450087e+03 9.494279e+03
21.9 9.466751e+03 9.449348e+03 9.450051e+03 9.467453e+03
0.4 9.379017e+03 9.452821e+03 9.447831e+03 9.374027e+03
1.4 9.384699e+03 9.439116e+03 9.449068e+03 9.394652e+03
2.4 9.425939e+03 9.425606e+03 9.445067e+03 9.445400e+03
3.4 9.477404e+03 9.428713e+03 9.441667e+03 9.490358e+03
4.4 9.489440e+03 9.449005e+03 9.443160e+03 9.483594e+03
5.4 9.441575e+03 9.454071e+03 9.446376e+03 9.433880e+03
6.4 9.421109e+03 9.448373e+03 9.448828e+03 9.421564e+03
7.4 9.421672e+03 9.444925e+03 9.450194e+03 9.426942e+03
8.4 9.450040e+03 9.465592e+03 9.450817e+03 9.435265e+03
9.4 9.482833e+03 9.485721e+03 9.450982e+03 9.448094e+03
10.4 9.457051e+03 9.475845e+03 9.450882e+03 9.432089e+03
11.4 9.442226e+03 9.455852e+03 9.450669e+03 9.437043e+03
12.4 9.434331e+03 9.443276e+03 9.450448e+03 9.441504e+03
13.4 9.428946e+03 9.438623e+03 9.450273e+03 9.440597e+03
14.4 9.454512e+03 9.449793e+03 9.450156e+03 9.454876e+03
15.4 9.505230e+03 9.461039e+03 9.450087e+03 9.494279e+03
16.4 9.466751e+03 9.449348e+03 9.450051e+03 9.467453e+03
17.4 9.422240e+03 9.430653e+03 9.450033e+03 9.441620e+03
18.4 9.402716e+03 9.435593e+03 9.450025e+03 9.417148e+03
19.4 9.400612e+03 9.452617e+03 9.450021e+03 9.398016e+03
20.4 9.412204e+03 9.452595e+03 9.450020e+03 9.409629e+03
21.4 9.431422e+03 9.442913e+03 9.450019e+03 9.438528e+03
0.5 9.443869e+03 9.456768e+03 9.450014e+03 9.437116e+03
1.5 9.459101e+03 9.472827e+03 9.448783e+03 9.435057e+03
2.5 9.453396e+03 9.456686e+03 9.442743e+03 9.439453e+03
3.5 9.436697e+03 9.439488e+03 9.436666e+03 9.433875e+03
4.5 9.457638e+03 9.459902e+03 9.437519e+03 9.435255e+03
5.5 9.468847e+03 9.475502e+03 9.442303e+03 9.435648e+03
6.5 9.457027e+03 9.465656e+03 9.446641e+03 9.438012e+03
7.5 9.431790e+03 9.451587e+03 9.449338e+03 9.429541e+03
8.5 9.415513e+03 9.443555e+03 9.450719e+03 9.422677e+03
9.5 9.435413e+03 9.451136e+03 9.451245e+03 9.435522e+03
10.5 9.467774e+03 9.464042e+03 9.451255e+03 9.454987e+03
11.5 9.480955e+03 9.459510e+03 9.451011e+03 9.472456e+03
12.5 9.456744e+03 9.447570e+03 9.450703e+03 9.459877e+03
13.5 9.439277e+03 9.446941e+03 9.450438e+03 9.442774e+03
14.5 9.501065e+03 9.461117e+03 9.450214e+03 9.490162e+03
15.5 9.505883e+03 9.458398e+03 9.447984e+03 9.495470e+03
16.5 9.459863e+03 9.441697e+03 9.442365e+03 9.460530e+03
17.5 9.424156e+03 9.445804e+03 9.440548e+03 9.418900e+03
18.5 9.353518e+03 9.456248e+03 9.442545e+03 9.339815e+03
19.5 9.312489e+03 9.446474e+03 9.440837e+03 9.306852e+03
20.5 9.319001e+03 9.429884e+03 9.436272e+03 9.325390e+03
21.5 9.365032e+03 9.438462e+03 9.437004e+03 9.363575e+03
0.7 9.501065e+03 9.461117e+03 9.450214e+03 9.490162e+03
1.7 9.505883e+03 9.458398e+03 9.447984e+03 9.495470e+03
2.7 9.459863e+03 9.441697e+03 9.442365e+03 9.460530e+03
3.7 9.424156e+03 9.445804e+03 9.440548e+03 9.418900e+03
4.7 9.353518e+03 9.456248e+03 9.442545e+03 9.339815e+03
5.7 9.312489e+03 9.446474e+03 9.440837e+03 9.306852e+03
6.7 9.319001e+03 9.429884e+03 9.436272e+03 9.325390e+03
7.7 9.365032e+03 9.438462e+03 9.437004e+03 9.363575e+03
8.7 9.407536e+03 9.453730e+03 9.442023e+03 9.395829e+03
9.7 9.451060e+03 9.451578e+03 9.446771e+03 9.446253e+03
10.7 9.454213e+03 9.441767e+03 9.449679e+03 9.462126e+03
11.7 9.433448e+03 9.434709e+03 9.451078e+03 9.449818e+03
12.7 9.414906e+03 9.432072e+03 9.451546e+03 9.434381e+03
13.7 9.427659e+03 9.436877e+03 9.451486e+03 9.442268e+03
14.7 9.452971e+03 9.467044e+03 9.451178e+03 9.437106e+03
15.7 9.448869e+03 9.479536e+03 9.450817e+03 9.420150e+03
16.7 9.467279e+03 9.471029e+03 9.450509e+03 9.446759e+03
17.7 9.486950e+03 9.484515e+03 9.450293e+03 9.452728e+03
18.7 9.482724e+03 9.485741e+03 9.450160e+03 9.447144e+03
19.7 9.425847e+03 9.465928e+03 9.450087e+03 9.410006e+03
20.7 9.414064e+03 9.444834e+03 9.450049e+03 9.419279e+03
21.7 9.428764e+03 9.432108e+03 9.450032e+03 9.446687e+03
0.3 9.424156e+03 9.445804e+03 9.440548e+03 9.418900e+03
1.3 9.353518e+03 9.456248e+03 9.442545e+03 9.339815e+03
2.3 9.312489e+03 9.446474e+03 9.440837e+03 9.306852e+03
3.3 9.319001e+03 9.429884e+03 9.436272e+03 9.325390e+03
4.3 9.365032e+03 9.438462e+03 9.437004e+03 9.363575e+03
5.3 9.407536e+03 9.453730e+03 9.442023e+03 9.395829e+03
6.3 9.451060e+03 9.451578e+03 9.446771e+03 9.446253e+03
7.3 9.454213e+03 9.441767e+03 9.449679e+03 9.462126e+03
8.3 9.433448e+03 9.434709e+03 9.451078e+03 9.449818e+03
9.3 9.414906e+03 9.432072e+03 9.451546e+03 9.434381e+03
10.3 9.427659e+03 9.436877e+03 9.451486e+03 9.442268e+03
11.3 9.452971e+03 9.467044e+03 9.451178e+03 9.437106e+03
12.3 9.448869e+03 9.479536e+03 9.450817e+03 9.420150e+03
13.3 9.467279e+03 9.471029e+03 9.450509e+03 9.446759e+03
14.3 9.486950e+03 9.484515e+03 9.450293e+03 9.452728e+03
15.3 9.482724e+03 9.485741e+03 9.450160e+03 9.447144e+03
16.3 9.425847e+03 9.465928e+03 9.450087e+03 9.410006e+03
17.3 9.414064e+03 9.444834e+03 9.450049e+03 9.419279e+03
18.3 9.428764e+03 9.432108e+03 9.450032e+03 9.446687e+03
19.3 9.438496e+03 9.427366e+03 9.450024e+03 9.461154e+03
20.3 9.450155e+03 9.428299e+03 9.450021e+03 9.471877e+03
21.3 9.467066e+03 9.446212e+03 9.450019e+03 9.470873e+03
