0.3 1.039028e+04 1.038693e+04 1.040131e+04 1.040466e+04
1.3 1.039361e+04 1.039307e+04 1.040103e+04 1.040157e+04
2.3 1.040273e+04 1.039587e+04 1.039875e+04 1.040561e+04
3.3 1.040598e+04 1.039304e+04 1.039494e+04 1.040789e+04
4.3 1.042472e+04 1.039166e+04 1.039315e+04 1.042621e+04
5.3 1.041421e+04 1.039666e+04 1.039489e+04 1.041244e+04
6.3 1.041177e+04 1.040040e+04 1.039779e+04 1.040916e+04
7.3 1.043379e+04 1.040318e+04 1.040002e+04 1.043063e+04
8.3 1.044147e+04 1.041075e+04 1.040131e+04 1.043202e+04
9.3 1.043887e+04 1.041645e+04 1.040191e+04 1.042433e+04
10.3 1.042858e+04 1.041564e+04 1.040208e+04 1.041502e+04
11.3 1.042207e+04 1.041186e+04 1.040201e+04 1.041222e+04
12.3 1.041897e+04 1.041242e+04 1.040184e+04 1.040838e+04
13.3 1.042814e+04 1.041299e+04 1.040166e+04 1.041681e+04
14.3 1.043504e+04 1.040970e+04 1.040152e+04 1.042685e+04
15.3 1.043390e+04 1.040383e+04 1.040142e+04 1.043149e+04
16.3 1.043805e+04 1.040233e+04 1.040136e+04 1.043708e+04
17.3 1.042572e+04 1.040949e+04 1.040134e+04 1.041756e+04
18.3 1.042743e+04 1.041534e+04 1.040132e+04 1.041342e+04
19.3 1.041697e+04 1.041424e+04 1.040131e+04 1.040404e+04
20.3 1.043861e+04 1.040832e+04 1.040131e+04 1.043160e+04
21.3 1.047816e+04 1.040651e+04 1.040131e+04 1.047296e+04
1.0 1.041547e+04 1.041674e+04 1.040122e+04 1.039996e+04
2.0 1.042173e+04 1.040778e+04 1.039966e+04 1.041361e+04
3.0 1.041758e+04 1.039650e+04 1.039601e+04 1.041709e+04
4.0 1.042511e+04 1.038898e+04 1.039332e+04 1.042945e+04
5.0 1.041193e+04 1.039009e+04 1.039427e+04 1.041610e+04
6.0 1.041550e+04 1.039373e+04 1.039708e+04 1.041886e+04
7.0 1.040365e+04 1.039281e+04 1.039954e+04 1.041038e+04
8.0 1.041340e+04 1.038819e+04 1.040104e+04 1.042626e+04
9.0 1.042645e+04 1.038611e+04 1.040179e+04 1.044214e+04
10.0 1.044736e+04 1.039107e+04 1.040206e+04 1.045835e+04
11.0 1.047005e+04 1.039618e+04 1.040204e+04 1.047591e+04
12.0 1.044467e+04 1.039794e+04 1.040188e+04 1.044860e+04
13.0 1.041506e+04 1.039796e+04 1.040170e+04 1.041879e+04
14.0 1.039142e+04 1.039750e+04 1.040155e+04 1.039547e+04
15.0 1.039438e+04 1.039495e+04 1.040144e+04 1.040087e+04
16.0 1.039740e+04 1.038955e+04 1.040138e+04 1.040922e+04
17.0 1.042714e+04 1.038897e+04 1.040134e+04 1.043951e+04
18.0 1.044724e+04 1.039498e+04 1.040132e+04 1.045358e+04
19.0 1.043427e+04 1.039852e+04 1.040132e+04 1.043707e+04
20.0 1.043354e+04 1.039640e+04 1.040131e+04 1.043846e+04
21.0 1.039233e+04 1.039131e+04 1.040131e+04 1.040233e+04
22.0 1.038859e+04 1.039203e+04 1.040131e+04 1.039787e+04
0.1 1.045961e+04 1.042028e+04 1.040131e+04 1.044063e+04
1.1 1.046026e+04 1.041810e+04 1.040113e+04 1.044328e+04
2.1 1.042320e+04 1.040907e+04 1.039923e+04 1.041336e+04
3.1 1.039165e+04 1.040019e+04 1.039705e+04 1.038852e+04
4.1 1.037212e+04 1.039808e+04 1.039731e+04 1.037136e+04
5.1 1.038156e+04 1.039761e+04 1.039886e+04 1.038282e+04
6.1 1.038222e+04 1.039642e+04 1.040024e+04 1.038605e+04
7.1 1.039326e+04 1.039547e+04 1.040109e+04 1.039889e+04
8.1 1.040704e+04 1.039517e+04 1.040153e+04 1.041340e+04
9.1 1.040381e+04 1.039542e+04 1.040169e+04 1.041008e+04
10.1 1.040301e+04 1.039944e+04 1.040170e+04 1.040527e+04
11.1 1.040917e+04 1.040898e+04 1.040162e+04 1.040180e+04
12.1 1.041934e+04 1.041513e+04 1.040152e+04 1.040573e+04
13.1 1.041231e+04 1.041420e+04 1.040141e+04 1.039952e+04
14.1 1.040709e+04 1.040721e+04 1.040026e+04 1.040014e+04
15.1 1.038923e+04 1.039864e+04 1.039766e+04 1.038825e+04
16.1 1.037750e+04 1.039627e+04 1.039697e+04 1.037820e+04
17.1 1.037260e+04 1.039730e+04 1.039826e+04 1.037357e+04
18.1 1.037621e+04 1.039960e+04 1.039980e+04 1.037640e+04
19.1 1.040493e+04 1.040683e+04 1.040084e+04 1.039894e+04
20.1 1.042600e+04 1.041270e+04 1.040140e+04 1.041471e+04
21.1 1.042887e+04 1.041234e+04 1.040166e+04 1.041819e+04
0.8 1.041231e+04 1.041420e+04 1.040141e+04 1.039952e+04
1.8 1.040709e+04 1.040721e+04 1.040026e+04 1.040014e+04
2.8 1.038923e+04 1.039864e+04 1.039766e+04 1.038825e+04
3.8 1.037750e+04 1.039627e+04 1.039697e+04 1.037820e+04
4.8 1.037260e+04 1.039730e+04 1.039826e+04 1.037357e+04
5.8 1.037621e+04 1.039960e+04 1.039980e+04 1.037640e+04
6.8 1.040493e+04 1.040683e+04 1.040084e+04 1.039894e+04
7.8 1.042600e+04 1.041270e+04 1.040140e+04 1.041471e+04
8.8 1.042887e+04 1.041234e+04 1.040166e+04 1.041819e+04
9.8 1.040506e+04 1.040686e+04 1.040171e+04 1.039992e+04
10.8 1.038660e+04 1.040111e+04 1.040166e+04 1.038715e+04
11.8 1.038227e+04 1.039730e+04 1.040156e+04 1.038653e+04
12.8 1.040542e+04 1.039532e+04 1.040147e+04 1.041157e+04
13.8 1.041800e+04 1.039390e+04 1.040140e+04 1.042550e+04
14.8 1.041591e+04 1.039038e+04 1.040136e+04 1.042689e+04
15.8 1.039172e+04 1.038989e+04 1.040133e+04 1.040316e+04
16.8 1.037217e+04 1.039433e+04 1.040132e+04 1.037916e+04
17.8 1.037205e+04 1.039723e+04 1.040131e+04 1.037614e+04
18.8 1.038769e+04 1.039766e+04 1.040126e+04 1.039129e+04
19.8 1.041027e+04 1.039596e+04 1.039989e+04 1.041420e+04
20.8 1.040376e+04 1.039226e+04 1.039655e+04 1.040804e+04
21.8 1.040097e+04 1.039223e+04 1.039491e+04 1.040365e+04
0.9 1.038769e+04 1.039766e+04 1.040126e+04 1.039129e+04
1.9 1.041027e+04 1.039596e+04 1.039989e+04 1.041420e+04
2.9 1.040376e+04 1.039226e+04 1.039655e+04 1.040804e+04
3.9 1.040097e+04 1.039223e+04 1.039491e+04 1.040365e+04
4.9 1.036387e+04 1.039741e+04 1.039635e+04 1.036280e+04
5.9 1.039612e+04 1.040003e+04 1.039863e+04 1.039471e+04
6.9 1.041948e+04 1.039949e+04 1.040034e+04 1.042032e+04
7.9 1.038873e+04 1.039823e+04 1.040131e+04 1.039180e+04
8.9 1.028111e+04 1.039727e+04 1.040177e+04 1.028561e+04
9.9 1.027371e+04 1.039667e+04 1.040190e+04 1.027894e+04
10.9 1.032553e+04 1.039726e+04 1.040184e+04 1.033011e+04
11.9 1.038230e+04 1.040433e+04 1.040171e+04 1.037968e+04
12.9 1.041320e+04 1.041600e+04 1.040157e+04 1.039877e+04
13.9 1.043416e+04 1.042198e+04 1.040146e+04 1.041365e+04
14.9 1.044403e+04 1.041911e+04 1.040139e+04 1.042631e+04
15.9 1.042875e+04 1.040859e+04 1.040135e+04 1.042151e+04
16.9 1.040552e+04 1.039559e+04 1.040133e+04 1.041127e+04
17.9 1.039489e+04 1.038791e+04 1.040132e+04 1.040830e+04
18.9 1.037452e+04 1.038974e+04 1.040131e+04 1.038610e+04
19.9 1.038272e+04 1.039155e+04 1.040131e+04 1.039248e+04
20.9 1.038806e+04 1.039113e+04 1.040131e+04 1.039824e+04
21.9 1.040893e+04 1.039564e+04 1.040130e+04 1.041459e+04
0.6 1.040893e+04 1.039564e+04 1.040130e+04 1.041459e+04
1.6 1.042659e+04 1.039880e+04 1.040059e+04 1.042838e+04
2.6 1.042135e+04 1.039663e+04 1.039808e+04 1.042279e+04
3.6 1.040595e+04 1.039636e+04 1.039687e+04 1.040647e+04
4.6 1.041317e+04 1.039881e+04 1.039793e+04 1.041229e+04
5.6 1.042578e+04 1.039927e+04 1.039952e+04 1.042602e+04
6.6 1.043538e+04 1.039658e+04 1.040067e+04 1.043946e+04
7.6 1.039764e+04 1.039061e+04 1.040132e+04 1.040835e+04
8.6 1.038161e+04 1.038784e+04 1.040162e+04 1.039540e+04
9.6 1.038738e+04 1.039227e+04 1.040171e+04 1.039682e+04
10.6 1.036999e+04 1.039893e+04 1.040167e+04 1.037274e+04
11.6 1.037675e+04 1.040825e+04 1.040158e+04 1.037008e+04
12.6 1.041259e+04 1.041455e+04 1.040149e+04 1.039952e+04
13.6 1.043135e+04 1.041470e+04 1.040141e+04 1.041806e+04
14.6 1.045299e+04 1.041509e+04 1.040136e+04 1.043926e+04
15.6 1.041443e+04 1.041659e+04 1.040134e+04 1.039918e+04
16.6 1.039528e+04 1.041434e+04 1.040132e+04 1.038226e+04
17.6 1.040005e+04 1.040796e+04 1.040131e+04 1.039341e+04
18.6 1.038898e+04 1.040129e+04 1.040131e+04 1.038900e+04
19.6 1.036330e+04 1.039688e+04 1.040131e+04 1.036773e+04
20.6 1.034690e+04 1.039471e+04 1.040131e+04 1.035350e+04
21.6 1.035095e+04 1.039401e+04 1.040131e+04 1.035825e+04
0.9 1.044342e+04 1.041899e+04 1.040126e+04 1.042569e+04
1.9 1.041742e+04 1.041213e+04 1.039989e+04 1.040518e+04
2.9 1.040562e+04 1.040084e+04 1.039635e+04 1.040113e+04
3.9 1.039140e+04 1.039190e+04 1.039336e+04 1.039286e+04
4.9 1.037673e+04 1.039137e+04 1.039396e+04 1.037932e+04
5.9 1.037823e+04 1.039467e+04 1.039674e+04 1.038030e+04
6.9 1.039549e+04 1.039614e+04 1.039931e+04 1.039865e+04
7.9 1.042012e+04 1.039626e+04 1.040092e+04 1.042479e+04
8.9 1.043035e+04 1.039568e+04 1.040175e+04 1.043641e+04
9.9 1.042018e+04 1.039237e+04 1.040206e+04 1.042987e+04
10.9 1.041038e+04 1.039150e+04 1.040206e+04 1.042094e+04
11.9 1.038216e+04 1.039632e+04 1.040191e+04 1.038775e+04
12.9 1.038193e+04 1.039728e+04 1.040172e+04 1.038638e+04
13.9 1.037592e+04 1.039364e+04 1.040156e+04 1.038385e+04
14.9 1.038413e+04 1.039469e+04 1.040145e+04 1.039088e+04
15.9 1.039684e+04 1.039772e+04 1.040138e+04 1.040050e+04
16.9 1.038571e+04 1.039847e+04 1.040134e+04 1.038859e+04
17.9 1.037809e+04 1.039725e+04 1.040132e+04 1.038216e+04
18.9 1.036842e+04 1.039311e+04 1.040132e+04 1.037663e+04
19.9 1.036380e+04 1.039165e+04 1.040131e+04 1.037346e+04
20.9 1.039583e+04 1.039533e+04 1.040131e+04 1.040181e+04
21.9 1.042056e+04 1.039848e+04 1.040131e+04 1.042339e+04
0.5 1.038643e+04 1.039472e+04 1.040131e+04 1.039302e+04
1.5 1.038870e+04 1.039267e+04 1.040074e+04 1.039677e+04
2.5 1.040660e+04 1.038975e+04 1.039795e+04 1.041479e+04
3.5 1.037673e+04 1.038812e+04 1.039514e+04 1.038375e+04
4.5 1.038028e+04 1.039314e+04 1.039553e+04 1.038268e+04
5.5 1.038595e+04 1.039819e+04 1.039774e+04 1.038550e+04
6.5 1.038138e+04 1.039922e+04 1.039975e+04 1.038191e+04
7.5 1.038783e+04 1.039839e+04 1.040099e+04 1.039043e+04
8.5 1.036957e+04 1.039671e+04 1.040086e+04 1.037372e+04
9.5 1.036201e+04 1.039305e+04 1.039810e+04 1.036706e+04
10.5 1.036069e+04 1.039105e+04 1.039558e+04 1.036522e+04
11.5 1.036094e+04 1.039559e+04 1.039620e+04 1.036156e+04
12.5 1.039525e+04 1.039859e+04 1.039832e+04 1.039498e+04
13.5 1.039845e+04 1.039458e+04 1.040012e+04 1.040400e+04
14.5 1.039849e+04 1.038983e+04 1.040120e+04 1.040986e+04
15.5 1.038820e+04 1.039328e+04 1.040173e+04 1.039665e+04
16.5 1.037521e+04 1.039813e+04 1.040191e+04 1.037899e+04
17.5 1.038874e+04 1.040167e+04 1.040188e+04 1.038895e+04
18.5 1.039890e+04 1.040975e+04 1.040176e+04 1.039090e+04
19.5 1.038157e+04 1.041855e+04 1.040161e+04 1.036463e+04
20.5 1.037468e+04 1.042042e+04 1.040149e+04 1.035575e+04
21.5 1.038093e+04 1.041551e+04 1.040141e+04 1.036683e+04
0.6 1.038783e+04 1.039839e+04 1.040099e+04 1.039043e+04
1.6 1.036957e+04 1.039671e+04 1.040086e+04 1.037372e+04
2.6 1.036201e+04 1.039305e+04 1.039810e+04 1.036706e+04
3.6 1.036069e+04 1.039105e+04 1.039558e+04 1.036522e+04
4.6 1.036094e+04 1.039559e+04 1.039620e+04 1.036156e+04
5.6 1.039525e+04 1.039859e+04 1.039832e+04 1.039498e+04
6.6 1.039845e+04 1.039458e+04 1.040012e+04 1.040400e+04
7.6 1.039849e+04 1.038983e+04 1.040120e+04 1.040986e+04
8.6 1.038820e+04 1.039328e+04 1.040173e+04 1.039665e+04
9.6 1.037521e+04 1.039813e+04 1.040191e+04 1.037899e+04
10.6 1.038874e+04 1.040167e+04 1.040188e+04 1.038895e+04
11.6 1.039890e+04 1.040975e+04 1.040176e+04 1.039090e+04
12.6 1.038157e+04 1.041855e+04 1.040161e+04 1.036463e+04
13.6 1.037468e+04 1.042042e+04 1.040149e+04 1.035575e+04
14.6 1.038093e+04 1.041551e+04 1.040141e+04 1.036683e+04
15.6 1.038641e+04 1.040582e+04 1.040136e+04 1.038195e+04
16.6 1.038492e+04 1.039462e+04 1.040133e+04 1.039163e+04
17.6 1.037143e+04 1.038944e+04 1.040132e+04 1.038331e+04
18.6 1.036822e+04 1.039216e+04 1.040131e+04 1.037737e+04
19.6 1.039816e+04 1.039355e+04 1.040131e+04 1.040593e+04
20.6 1.037655e+04 1.039077e+04 1.040131e+04 1.038709e+04
21.6 1.038010e+04 1.039219e+04 1.040131e+04 1.038922e+04
0.1 1.037870e+04 1.038696e+04 1.040131e+04 1.039305e+04
1.1 1.036127e+04 1.039220e+04 1.040117e+04 1.037024e+04
2.1 1.034936e+04 1.039603e+04 1.039938e+04 1.035271e+04
3.1 1.035197e+04 1.039615e+04 1.039704e+04 1.035286e+04
4.1 1.038266e+04 1.039972e+04 1.039712e+04 1.038007e+04
5.1 1.040798e+04 1.040200e+04 1.039868e+04 1.040467e+04
6.1 1.041148e+04 1.040098e+04 1.040013e+04 1.041064e+04
7.1 1.041079e+04 1.039894e+04 1.040104e+04 1.041290e+04
8.1 1.037391e+04 1.039563e+04 1.040151e+04 1.037979e+04
9.1 1.035687e+04 1.039008e+04 1.040170e+04 1.036849e+04
10.1 1.034484e+04 1.038600e+04 1.040171e+04 1.036055e+04
11.1 1.035562e+04 1.038924e+04 1.040164e+04 1.036802e+04
12.1 1.037000e+04 1.039496e+04 1.040154e+04 1.037657e+04
