0.3 1.148877e+04 1.144953e+04 1.141232e+04 1.145156e+04
1.3 1.145698e+04 1.145293e+04 1.141445e+04 1.141850e+04
2.3 1.146708e+04 1.145143e+04 1.143171e+04 1.144736e+04
3.3 1.146254e+04 1.145452e+04 1.146057e+04 1.146859e+04
4.3 1.145655e+04 1.145273e+04 1.147417e+04 1.147800e+04
5.3 1.147169e+04 1.144439e+04 1.146094e+04 1.148824e+04
6.3 1.147431e+04 1.142352e+04 1.143901e+04 1.148979e+04
7.3 1.146213e+04 1.140904e+04 1.142211e+04 1.147520e+04
8.3 1.146837e+04 1.142392e+04 1.141235e+04 1.145680e+04
9.3 1.142953e+04 1.143781e+04 1.140777e+04 1.139948e+04
10.3 1.146412e+04 1.142815e+04 1.140646e+04 1.144243e+04
11.3 1.145142e+04 1.141453e+04 1.140700e+04 1.144389e+04
12.3 1.144642e+04 1.142213e+04 1.140832e+04 1.143260e+04
13.3 1.143993e+04 1.142559e+04 1.140968e+04 1.142403e+04
14.3 1.149841e+04 1.141259e+04 1.141076e+04 1.149658e+04
15.3 1.144750e+04 1.139441e+04 1.141148e+04 1.146456e+04
16.3 1.136779e+04 1.139205e+04 1.141190e+04 1.138765e+04
17.3 1.136782e+04 1.141677e+04 1.141213e+04 1.136318e+04
18.3 1.149557e+04 1.143462e+04 1.141224e+04 1.147319e+04
19.3 1.147759e+04 1.142707e+04 1.141229e+04 1.146280e+04
20.3 1.142873e+04 1.140773e+04 1.141231e+04 1.143331e+04
21.3 1.148349e+04 1.140456e+04 1.141232e+04 1.149125e+04
1.0 1.146602e+04 1.144536e+04 1.141296e+04 1.143363e+04
2.0 1.149984e+04 1.142860e+04 1.142484e+04 1.149608e+04
3.0 1.145512e+04 1.143119e+04 1.145245e+04 1.147638e+04
4.0 1.142322e+04 1.143690e+04 1.147288e+04 1.145921e+04
5.0 1.141541e+04 1.142693e+04 1.146570e+04 1.145418e+04
6.0 1.145465e+04 1.140817e+04 1.144434e+04 1.149082e+04
7.0 1.145525e+04 1.140579e+04 1.142574e+04 1.147519e+04
8.0 1.146494e+04 1.142533e+04 1.141433e+04 1.145394e+04
9.0 1.142181e+04 1.143869e+04 1.140864e+04 1.139176e+04
10.0 1.141110e+04 1.142961e+04 1.140664e+04 1.138813e+04
11.0 1.141516e+04 1.140856e+04 1.140680e+04 1.141340e+04
12.0 1.139906e+04 1.138922e+04 1.140798e+04 1.141782e+04
13.0 1.139225e+04 1.137704e+04 1.140937e+04 1.142458e+04
14.0 1.143904e+04 1.137188e+04 1.141053e+04 1.147769e+04
15.0 1.147495e+04 1.138545e+04 1.141133e+04 1.150083e+04
16.0 1.151082e+04 1.142206e+04 1.141182e+04 1.150058e+04
17.0 1.142969e+04 1.144810e+04 1.141208e+04 1.139367e+04
18.0 1.145044e+04 1.144947e+04 1.141222e+04 1.141318e+04
19.0 1.141381e+04 1.142922e+04 1.141228e+04 1.139686e+04
20.0 1.141133e+04 1.141897e+04 1.141230e+04 1.140466e+04
21.0 1.145358e+04 1.142912e+04 1.141232e+04 1.143678e+04
22.0 1.148883e+04 1.143761e+04 1.141232e+04 1.146354e+04
0.1 1.140416e+04 1.145847e+04 1.141232e+04 1.135801e+04
1.1 1.150668e+04 1.144188e+04 1.141371e+04 1.147851e+04
2.1 1.141736e+04 1.142762e+04 1.142807e+04 1.141781e+04
3.1 1.143959e+04 1.142219e+04 1.144459e+04 1.146200e+04
4.1 1.141793e+04 1.141117e+04 1.144265e+04 1.144942e+04
5.1 1.134544e+04 1.139467e+04 1.143086e+04 1.138163e+04
6.1 1.137752e+04 1.138068e+04 1.142039e+04 1.141724e+04
7.1 1.139476e+04 1.137282e+04 1.141397e+04 1.143591e+04
8.1 1.135646e+04 1.136993e+04 1.141067e+04 1.139720e+04
9.1 1.138283e+04 1.137044e+04 1.140941e+04 1.142180e+04
10.1 1.137732e+04 1.138562e+04 1.140937e+04 1.140108e+04
11.1 1.141723e+04 1.142147e+04 1.140996e+04 1.140572e+04
12.1 1.147217e+04 1.144190e+04 1.141069e+04 1.144096e+04
13.1 1.139747e+04 1.143318e+04 1.141153e+04 1.137581e+04
14.1 1.137245e+04 1.141948e+04 1.142027e+04 1.137323e+04
15.1 1.143557e+04 1.141988e+04 1.143996e+04 1.145565e+04
16.1 1.144507e+04 1.141679e+04 1.144521e+04 1.147349e+04
17.1 1.143184e+04 1.140395e+04 1.143542e+04 1.146331e+04
18.1 1.132082e+04 1.139676e+04 1.142379e+04 1.134785e+04
19.1 1.135539e+04 1.141185e+04 1.141591e+04 1.135945e+04
20.1 1.142767e+04 1.142919e+04 1.141161e+04 1.141008e+04
21.1 1.143541e+04 1.142928e+04 1.140970e+04 1.141582e+04
0.8 1.139747e+04 1.143318e+04 1.141153e+04 1.137581e+04
1.8 1.137245e+04 1.141948e+04 1.142027e+04 1.137323e+04
2.8 1.143557e+04 1.141988e+04 1.143996e+04 1.145565e+04
3.8 1.144507e+04 1.141679e+04 1.144521e+04 1.147349e+04
4.8 1.143184e+04 1.140395e+04 1.143542e+04 1.146331e+04
5.8 1.132082e+04 1.139676e+04 1.142379e+04 1.134785e+04
6.8 1.135539e+04 1.141185e+04 1.141591e+04 1.135945e+04
7.8 1.142767e+04 1.142919e+04 1.141161e+04 1.141008e+04
8.8 1.143541e+04 1.142928e+04 1.140970e+04 1.141582e+04
9.8 1.135972e+04 1.141148e+04 1.140928e+04 1.135752e+04
10.8 1.134546e+04 1.139220e+04 1.140970e+04 1.136295e+04
11.8 1.140037e+04 1.137952e+04 1.141042e+04 1.143127e+04
12.8 1.141056e+04 1.137313e+04 1.141111e+04 1.144854e+04
13.8 1.130973e+04 1.137560e+04 1.141163e+04 1.134575e+04
14.8 1.132930e+04 1.140075e+04 1.141196e+04 1.134051e+04
15.8 1.138907e+04 1.142205e+04 1.141214e+04 1.137917e+04
16.8 1.141265e+04 1.141964e+04 1.141224e+04 1.140525e+04
17.8 1.143237e+04 1.140403e+04 1.141229e+04 1.144062e+04
18.8 1.135271e+04 1.138951e+04 1.141272e+04 1.137592e+04
19.8 1.133107e+04 1.139021e+04 1.142304e+04 1.136391e+04
20.8 1.142077e+04 1.141064e+04 1.144840e+04 1.145853e+04
21.8 1.143418e+04 1.142869e+04 1.146081e+04 1.146630e+04
0.9 1.135271e+04 1.138951e+04 1.141272e+04 1.137592e+04
1.9 1.133107e+04 1.139021e+04 1.142304e+04 1.136391e+04
2.9 1.142077e+04 1.141064e+04 1.144840e+04 1.145853e+04
3.9 1.143418e+04 1.142869e+04 1.146081e+04 1.146630e+04
4.9 1.144897e+04 1.143353e+04 1.144995e+04 1.146539e+04
5.9 1.138391e+04 1.141904e+04 1.143264e+04 1.139750e+04
6.9 1.134410e+04 1.139866e+04 1.141971e+04 1.136514e+04
7.9 1.130017e+04 1.138348e+04 1.141232e+04 1.132900e+04
8.9 1.122859e+04 1.137506e+04 1.140885e+04 1.126238e+04
9.9 1.129619e+04 1.137150e+04 1.140785e+04 1.133254e+04
10.9 1.127383e+04 1.137390e+04 1.140827e+04 1.130820e+04
11.9 1.136442e+04 1.139768e+04 1.140928e+04 1.137602e+04
12.9 1.141890e+04 1.143610e+04 1.141033e+04 1.139313e+04
13.9 1.147033e+04 1.145473e+04 1.141115e+04 1.142674e+04
14.9 1.151010e+04 1.144401e+04 1.141169e+04 1.147778e+04
15.9 1.145729e+04 1.143485e+04 1.141201e+04 1.143445e+04
16.9 1.144850e+04 1.144353e+04 1.141218e+04 1.141715e+04
17.9 1.140414e+04 1.144789e+04 1.141226e+04 1.136851e+04
18.9 1.143864e+04 1.143383e+04 1.141230e+04 1.141711e+04
19.9 1.142912e+04 1.142330e+04 1.141231e+04 1.141813e+04
20.9 1.146939e+04 1.142593e+04 1.141232e+04 1.145578e+04
21.9 1.143226e+04 1.142956e+04 1.141236e+04 1.141506e+04
0.6 1.143226e+04 1.142956e+04 1.141236e+04 1.141506e+04
1.6 1.142058e+04 1.142346e+04 1.141774e+04 1.141485e+04
2.6 1.144891e+04 1.142257e+04 1.143682e+04 1.146316e+04
3.6 1.144630e+04 1.141905e+04 1.144594e+04 1.147320e+04
4.6 1.144116e+04 1.140630e+04 1.143794e+04 1.147280e+04
5.6 1.134832e+04 1.139066e+04 1.142590e+04 1.138357e+04
6.6 1.136795e+04 1.139071e+04 1.141717e+04 1.139442e+04
7.6 1.139809e+04 1.141954e+04 1.141225e+04 1.139079e+04
8.6 1.143918e+04 1.144139e+04 1.140994e+04 1.140772e+04
9.6 1.144653e+04 1.143411e+04 1.140928e+04 1.142170e+04
10.6 1.136743e+04 1.141969e+04 1.140958e+04 1.135732e+04
11.6 1.139255e+04 1.142485e+04 1.141027e+04 1.137797e+04
12.6 1.143952e+04 1.143452e+04 1.141099e+04 1.141598e+04
13.6 1.148464e+04 1.143211e+04 1.141154e+04 1.146407e+04
14.6 1.149856e+04 1.143164e+04 1.141190e+04 1.147883e+04
15.6 1.141578e+04 1.143408e+04 1.141212e+04 1.139381e+04
16.6 1.142545e+04 1.142280e+04 1.141223e+04 1.141488e+04
17.6 1.138706e+04 1.140260e+04 1.141228e+04 1.139675e+04
18.6 1.133726e+04 1.138508e+04 1.141231e+04 1.136449e+04
19.6 1.133087e+04 1.137474e+04 1.141232e+04 1.136844e+04
20.6 1.135973e+04 1.137033e+04 1.141232e+04 1.140172e+04
21.6 1.139575e+04 1.136951e+04 1.141232e+04 1.143857e+04
0.9 1.147864e+04 1.145542e+04 1.141273e+04 1.143595e+04
1.9 1.141352e+04 1.144099e+04 1.142305e+04 1.139558e+04
2.9 1.143006e+04 1.144099e+04 1.144991e+04 1.143898e+04
3.9 1.137881e+04 1.144512e+04 1.147258e+04 1.140627e+04
4.9 1.144783e+04 1.143408e+04 1.146804e+04 1.148179e+04
5.9 1.143281e+04 1.141208e+04 1.144698e+04 1.146771e+04
6.9 1.139513e+04 1.139094e+04 1.142750e+04 1.143169e+04
7.9 1.133906e+04 1.137723e+04 1.141525e+04 1.137708e+04
8.9 1.137321e+04 1.137433e+04 1.140900e+04 1.140787e+04
9.9 1.142913e+04 1.139617e+04 1.140666e+04 1.143962e+04
10.9 1.148801e+04 1.142397e+04 1.140666e+04 1.147069e+04
11.9 1.143680e+04 1.143527e+04 1.140779e+04 1.140932e+04
12.9 1.146427e+04 1.143566e+04 1.140920e+04 1.143781e+04
13.9 1.149276e+04 1.144243e+04 1.141041e+04 1.146074e+04
14.9 1.146457e+04 1.143565e+04 1.141125e+04 1.144017e+04
15.9 1.140536e+04 1.141461e+04 1.141177e+04 1.140252e+04
16.9 1.130212e+04 1.139294e+04 1.141206e+04 1.132124e+04
17.9 1.135799e+04 1.138300e+04 1.141220e+04 1.138720e+04
18.9 1.141508e+04 1.140063e+04 1.141227e+04 1.142673e+04
19.9 1.149710e+04 1.141909e+04 1.141230e+04 1.149031e+04
20.9 1.147108e+04 1.141618e+04 1.141232e+04 1.146721e+04
21.9 1.135309e+04 1.140352e+04 1.141232e+04 1.136189e+04
0.5 1.139686e+04 1.137046e+04 1.141234e+04 1.143874e+04
1.5 1.136091e+04 1.137167e+04 1.141665e+04 1.140590e+04
2.5 1.136589e+04 1.139316e+04 1.143781e+04 1.141054e+04
3.5 1.135717e+04 1.141891e+04 1.145909e+04 1.139735e+04
4.5 1.140023e+04 1.143354e+04 1.145611e+04 1.142280e+04
5.5 1.145326e+04 1.142730e+04 1.143935e+04 1.146530e+04
6.5 1.132921e+04 1.140767e+04 1.142415e+04 1.134570e+04
7.5 1.132404e+04 1.138968e+04 1.141476e+04 1.134912e+04
8.5 1.136698e+04 1.138418e+04 1.141569e+04 1.139849e+04
9.5 1.140187e+04 1.140147e+04 1.143664e+04 1.143704e+04
10.5 1.142312e+04 1.142250e+04 1.145571e+04 1.145633e+04
11.5 1.139297e+04 1.143327e+04 1.145103e+04 1.141073e+04
12.5 1.140395e+04 1.143015e+04 1.143497e+04 1.140877e+04
13.5 1.142949e+04 1.144000e+04 1.142132e+04 1.141081e+04
14.5 1.139082e+04 1.145556e+04 1.141314e+04 1.134840e+04
15.5 1.141433e+04 1.145650e+04 1.140912e+04 1.136695e+04
16.5 1.141552e+04 1.143678e+04 1.140775e+04 1.138650e+04
17.5 1.140132e+04 1.141703e+04 1.140797e+04 1.139225e+04
18.5 1.140632e+04 1.142722e+04 1.140893e+04 1.138803e+04
19.5 1.141620e+04 1.145020e+04 1.141003e+04 1.137603e+04
20.5 1.143188e+04 1.145005e+04 1.141094e+04 1.139277e+04
21.5 1.142983e+04 1.142779e+04 1.141156e+04 1.141360e+04
0.6 1.132404e+04 1.138968e+04 1.141476e+04 1.134912e+04
1.6 1.136698e+04 1.138418e+04 1.141569e+04 1.139849e+04
2.6 1.140187e+04 1.140147e+04 1.143664e+04 1.143704e+04
3.6 1.142312e+04 1.142250e+04 1.145571e+04 1.145633e+04
4.6 1.139297e+04 1.143327e+04 1.145103e+04 1.141073e+04
5.6 1.140395e+04 1.143015e+04 1.143497e+04 1.140877e+04
6.6 1.142949e+04 1.144000e+04 1.142132e+04 1.141081e+04
7.6 1.139082e+04 1.145556e+04 1.141314e+04 1.134840e+04
8.6 1.141433e+04 1.145650e+04 1.140912e+04 1.136695e+04
9.6 1.141552e+04 1.143678e+04 1.140775e+04 1.138650e+04
10.6 1.140132e+04 1.141703e+04 1.140797e+04 1.139225e+04
11.6 1.140632e+04 1.142722e+04 1.140893e+04 1.138803e+04
12.6 1.141620e+04 1.145020e+04 1.141003e+04 1.137603e+04
13.6 1.143188e+04 1.145005e+04 1.141094e+04 1.139277e+04
14.6 1.142983e+04 1.142779e+04 1.141156e+04 1.141360e+04
15.6 1.141904e+04 1.141213e+04 1.141194e+04 1.141885e+04
16.6 1.138889e+04 1.142109e+04 1.141214e+04 1.137993e+04
17.6 1.138054e+04 1.142757e+04 1.141224e+04 1.136521e+04
18.6 1.145337e+04 1.141701e+04 1.141229e+04 1.144865e+04
19.6 1.146277e+04 1.140882e+04 1.141231e+04 1.146626e+04
20.6 1.147140e+04 1.142134e+04 1.141232e+04 1.146239e+04
21.6 1.137680e+04 1.142534e+04 1.141232e+04 1.136378e+04
0.1 1.137824e+04 1.143936e+04 1.141232e+04 1.135120e+04
1.1 1.139794e+04 1.144654e+04 1.141342e+04 1.136482e+04
2.1 1.142135e+04 1.144618e+04 1.142695e+04 1.140211e+04
3.1 1.148202e+04 1.144391e+04 1.144471e+04 1.148282e+04
4.1 1.143942e+04 1.143932e+04 1.144404e+04 1.144415e+04
5.1 1.140023e+04 1.142190e+04 1.143223e+04 1.141056e+04
6.1 1.134420e+04 1.139855e+04 1.142123e+04 1.136689e+04
7.1 1.140655e+04 1.138157e+04 1.141436e+04 1.143934e+04
8.1 1.144330e+04 1.138385e+04 1.141080e+04 1.147025e+04
9.1 1.144949e+04 1.141023e+04 1.140938e+04 1.144864e+04
10.1 1.143116e+04 1.143520e+04 1.140928e+04 1.140523e+04
11.1 1.142959e+04 1.143522e+04 1.140984e+04 1.140422e+04
12.1 1.141492e+04 1.141729e+04 1.141060e+04 1.140823e+04
