0.3 9.236473e+03 9.266909e+03 9.277332e+03 9.246896e+03
1.3 9.262363e+03 9.265507e+03 9.276893e+03 9.273749e+03
2.3 9.245555e+03 9.264367e+03 9.273328e+03 9.254516e+03
3.3 9.285333e+03 9.262443e+03 9.267367e+03 9.290257e+03
4.3 9.277717e+03 9.262065e+03 9.264558e+03 9.280210e+03
5.3 9.281161e+03 9.263625e+03 9.267289e+03 9.284825e+03
6.3 9.252256e+03 9.267958e+03 9.271821e+03 9.256119e+03
7.3 9.293185e+03 9.274449e+03 9.275310e+03 9.294045e+03
8.3 9.302491e+03 9.282419e+03 9.277328e+03 9.297400e+03
9.3 9.268431e+03 9.286285e+03 9.278274e+03 9.260419e+03
10.3 9.293028e+03 9.282973e+03 9.278543e+03 9.288598e+03
11.3 9.263137e+03 9.280313e+03 9.278431e+03 9.261255e+03
12.3 9.304802e+03 9.282140e+03 9.278160e+03 9.300821e+03
13.3 9.282224e+03 9.281366e+03 9.277877e+03 9.278735e+03
14.3 9.308958e+03 9.277682e+03 9.277654e+03 9.308930e+03
15.3 9.284563e+03 9.276015e+03 9.277506e+03 9.286054e+03
16.3 9.343534e+03 9.280721e+03 9.277419e+03 9.340233e+03
17.3 9.301856e+03 9.294388e+03 9.277373e+03 9.284842e+03
18.3 9.314828e+03 9.301565e+03 9.277350e+03 9.290613e+03
19.3 9.258047e+03 9.294377e+03 9.277340e+03 9.241009e+03
20.3 9.313240e+03 9.285199e+03 9.277335e+03 9.305376e+03
21.3 9.322274e+03 9.285609e+03 9.277333e+03 9.313999e+03
1.0 9.305170e+03 9.280991e+03 9.277200e+03 9.301379e+03
2.0 9.298034e+03 9.273407e+03 9.274747e+03 9.299374e+03
3.0 9.286927e+03 9.265960e+03 9.269043e+03 9.290010e+03
4.0 9.292101e+03 9.261671e+03 9.264823e+03 9.295253e+03
5.0 9.276152e+03 9.261607e+03 9.266306e+03 9.280852e+03
6.0 9.273923e+03 9.264983e+03 9.270719e+03 9.279659e+03
7.0 9.270878e+03 9.267834e+03 9.274561e+03 9.277605e+03
8.0 9.279247e+03 9.267622e+03 9.276917e+03 9.288541e+03
9.0 9.290918e+03 9.267127e+03 9.278093e+03 9.301884e+03
10.0 9.338465e+03 9.267631e+03 9.278506e+03 9.349340e+03
11.0 9.359396e+03 9.270285e+03 9.278472e+03 9.367583e+03
12.0 9.334192e+03 9.273929e+03 9.278228e+03 9.338492e+03
13.0 9.306541e+03 9.276698e+03 9.277942e+03 9.307785e+03
14.0 9.240809e+03 9.278143e+03 9.277702e+03 9.240367e+03
15.0 9.284701e+03 9.277739e+03 9.277537e+03 9.284499e+03
16.0 9.282865e+03 9.275475e+03 9.277436e+03 9.284826e+03
17.0 9.285173e+03 9.272684e+03 9.277382e+03 9.289870e+03
18.0 9.318575e+03 9.270420e+03 9.277354e+03 9.325510e+03
19.0 9.292197e+03 9.271232e+03 9.277342e+03 9.298307e+03
20.0 9.322193e+03 9.271622e+03 9.277336e+03 9.327908e+03
21.0 9.269278e+03 9.269716e+03 9.277334e+03 9.276896e+03
22.0 9.234971e+03 9.267853e+03 9.277333e+03 9.244450e+03
0.1 9.323188e+03 9.286583e+03 9.277332e+03 9.313937e+03
1.1 9.316423e+03 9.282891e+03 9.277046e+03 9.310578e+03
2.1 9.274428e+03 9.275862e+03 9.274080e+03 9.272646e+03
3.1 9.262039e+03 9.269950e+03 9.270666e+03 9.262756e+03
4.1 9.285562e+03 9.267390e+03 9.271068e+03 9.289239e+03
5.1 9.261623e+03 9.269004e+03 9.273503e+03 9.266123e+03
6.1 9.288487e+03 9.272420e+03 9.275665e+03 9.291732e+03
7.1 9.271444e+03 9.275327e+03 9.276993e+03 9.273110e+03
8.1 9.253687e+03 9.277138e+03 9.277673e+03 9.254222e+03
9.1 9.279450e+03 9.278120e+03 9.277934e+03 9.279265e+03
10.1 9.275457e+03 9.280254e+03 9.277941e+03 9.273144e+03
11.1 9.252135e+03 9.284685e+03 9.277821e+03 9.245271e+03
12.1 9.251850e+03 9.285512e+03 9.277669e+03 9.244007e+03
13.1 9.266500e+03 9.280887e+03 9.277497e+03 9.263110e+03
14.1 9.260042e+03 9.275633e+03 9.275691e+03 9.260100e+03
15.1 9.240648e+03 9.270323e+03 9.271623e+03 9.241949e+03
16.1 9.289741e+03 9.267079e+03 9.270539e+03 9.293201e+03
17.1 9.256885e+03 9.267704e+03 9.272562e+03 9.261742e+03
18.1 9.250140e+03 9.274335e+03 9.274963e+03 9.250768e+03
19.1 9.272700e+03 9.287827e+03 9.276592e+03 9.261465e+03
20.1 9.304220e+03 9.291976e+03 9.277480e+03 9.289724e+03
21.1 9.295941e+03 9.286168e+03 9.277875e+03 9.287649e+03
0.8 9.266500e+03 9.280887e+03 9.277497e+03 9.263110e+03
1.8 9.260042e+03 9.275633e+03 9.275691e+03 9.260100e+03
2.8 9.240648e+03 9.270323e+03 9.271623e+03 9.241949e+03
3.8 9.289741e+03 9.267079e+03 9.270539e+03 9.293201e+03
4.8 9.256885e+03 9.267704e+03 9.272562e+03 9.261742e+03
5.8 9.250140e+03 9.274335e+03 9.274963e+03 9.250768e+03
6.8 9.272700e+03 9.287827e+03 9.276592e+03 9.261465e+03
7.8 9.304220e+03 9.291976e+03 9.277480e+03 9.289724e+03
8.8 9.295941e+03 9.286168e+03 9.277875e+03 9.287649e+03
9.8 9.260677e+03 9.280808e+03 9.277960e+03 9.257829e+03
10.8 9.281243e+03 9.278152e+03 9.277874e+03 9.280965e+03
11.8 9.265128e+03 9.276969e+03 9.277725e+03 9.265884e+03
12.8 9.290931e+03 9.276477e+03 9.277583e+03 9.292036e+03
13.8 9.293287e+03 9.276119e+03 9.277476e+03 9.294644e+03
14.8 9.279855e+03 9.274709e+03 9.277408e+03 9.282555e+03
15.8 9.291386e+03 9.272504e+03 9.277369e+03 9.296251e+03
16.8 9.272247e+03 9.270914e+03 9.277349e+03 9.278682e+03
17.8 9.238103e+03 9.272069e+03 9.277340e+03 9.243373e+03
18.8 9.250076e+03 9.274303e+03 9.277251e+03 9.253024e+03
19.8 9.281293e+03 9.274034e+03 9.275118e+03 9.282377e+03
20.8 9.281853e+03 9.269876e+03 9.269881e+03 9.281857e+03
21.8 9.267652e+03 9.266399e+03 9.267317e+03 9.268571e+03
0.9 9.250076e+03 9.274303e+03 9.277251e+03 9.253024e+03
1.9 9.281293e+03 9.274034e+03 9.275118e+03 9.282377e+03
2.9 9.281853e+03 9.269876e+03 9.269881e+03 9.281857e+03
3.9 9.267652e+03 9.266399e+03 9.267317e+03 9.268571e+03
4.9 9.260135e+03 9.265810e+03 9.269560e+03 9.263885e+03
5.9 9.237801e+03 9.268986e+03 9.273137e+03 9.241951e+03
6.9 9.311994e+03 9.273172e+03 9.275807e+03 9.314629e+03
7.9 9.298736e+03 9.276237e+03 9.277333e+03 9.299832e+03
8.9 9.195566e+03 9.277919e+03 9.278050e+03 9.195698e+03
9.9 9.220039e+03 9.278621e+03 9.278256e+03 9.219674e+03
10.9 9.216453e+03 9.279978e+03 9.278169e+03 9.214644e+03
11.9 9.247222e+03 9.289223e+03 9.277961e+03 9.235960e+03
12.9 9.289005e+03 9.304178e+03 9.277745e+03 9.262571e+03
13.9 9.303041e+03 9.309610e+03 9.277575e+03 9.271006e+03
14.9 9.336336e+03 9.299233e+03 9.277463e+03 9.314566e+03
15.9 9.300970e+03 9.284476e+03 9.277397e+03 9.293891e+03
16.9 9.249538e+03 9.272411e+03 9.277362e+03 9.254489e+03
17.9 9.252062e+03 9.265751e+03 9.277345e+03 9.263656e+03
18.9 9.230982e+03 9.263556e+03 9.277338e+03 9.244764e+03
19.9 9.241130e+03 9.263790e+03 9.277334e+03 9.254674e+03
20.9 9.240558e+03 9.264590e+03 9.277333e+03 9.253301e+03
21.9 9.280709e+03 9.265351e+03 9.277324e+03 9.292682e+03
0.6 9.280709e+03 9.265351e+03 9.277324e+03 9.292682e+03
1.6 9.292362e+03 9.267242e+03 9.276214e+03 9.301334e+03
2.6 9.307842e+03 9.267533e+03 9.272273e+03 9.312582e+03
3.6 9.257191e+03 9.267234e+03 9.270388e+03 9.260345e+03
4.6 9.247103e+03 9.268642e+03 9.272040e+03 9.250501e+03
5.6 9.284881e+03 9.272159e+03 9.274527e+03 9.287250e+03
6.6 9.328280e+03 9.274793e+03 9.276331e+03 9.329818e+03
7.6 9.266519e+03 9.274661e+03 9.277348e+03 9.269206e+03
8.6 9.248704e+03 9.273338e+03 9.277825e+03 9.253192e+03
9.6 9.259303e+03 9.271880e+03 9.277960e+03 9.265383e+03
10.6 9.269829e+03 9.275926e+03 9.277899e+03 9.271802e+03
11.6 9.257748e+03 9.288213e+03 9.277756e+03 9.247291e+03
12.6 9.322715e+03 9.291955e+03 9.277609e+03 9.308368e+03
13.6 9.306637e+03 9.286927e+03 9.277494e+03 9.297204e+03
14.6 9.304596e+03 9.289686e+03 9.277419e+03 9.292329e+03
15.6 9.304421e+03 9.294866e+03 9.277375e+03 9.286930e+03
16.6 9.310544e+03 9.289819e+03 9.277352e+03 9.298077e+03
17.6 9.259642e+03 9.282267e+03 9.277341e+03 9.254716e+03
18.6 9.271101e+03 9.277853e+03 9.277336e+03 9.270583e+03
19.6 9.252941e+03 9.276064e+03 9.277334e+03 9.254211e+03
20.6 9.245302e+03 9.275550e+03 9.277333e+03 9.247085e+03
21.6 9.258065e+03 9.275639e+03 9.277332e+03 9.259758e+03
0.9 9.311247e+03 9.284676e+03 9.277248e+03 9.303819e+03
1.9 9.283859e+03 9.277131e+03 9.275117e+03 9.281845e+03
2.9 9.261046e+03 9.268844e+03 9.269568e+03 9.261770e+03
3.9 9.282822e+03 9.263358e+03 9.264886e+03 9.284350e+03
4.9 9.235199e+03 9.262313e+03 9.265824e+03 9.238710e+03
5.9 9.253717e+03 9.265145e+03 9.270174e+03 9.258746e+03
6.9 9.279840e+03 9.270094e+03 9.274196e+03 9.283943e+03
7.9 9.266063e+03 9.274425e+03 9.276728e+03 9.268367e+03
8.9 9.303325e+03 9.276897e+03 9.278020e+03 9.304448e+03
9.9 9.318932e+03 9.276692e+03 9.278502e+03 9.320741e+03
10.9 9.291695e+03 9.274413e+03 9.278502e+03 9.295784e+03
11.9 9.277528e+03 9.271710e+03 9.278268e+03 9.284086e+03
12.9 9.261948e+03 9.271260e+03 9.277978e+03 9.268666e+03
13.9 9.257354e+03 9.271418e+03 9.277728e+03 9.263664e+03
14.9 9.230878e+03 9.270738e+03 9.277553e+03 9.237693e+03
15.9 9.259686e+03 9.271362e+03 9.277446e+03 9.265769e+03
16.9 9.263765e+03 9.273766e+03 9.277386e+03 9.267386e+03
17.9 9.275955e+03 9.275821e+03 9.277357e+03 9.277491e+03
18.9 9.262229e+03 9.275665e+03 9.277343e+03 9.263907e+03
19.9 9.245268e+03 9.273844e+03 9.277336e+03 9.248760e+03
20.9 9.264084e+03 9.272118e+03 9.277334e+03 9.269300e+03
21.9 9.274892e+03 9.273306e+03 9.277333e+03 9.278918e+03
0.5 9.285696e+03 9.274882e+03 9.277329e+03 9.288143e+03
1.5 9.259729e+03 9.273410e+03 9.276438e+03 9.262757e+03
2.5 9.271592e+03 9.269348e+03 9.272068e+03 9.274312e+03
3.5 9.284102e+03 9.265170e+03 9.267671e+03 9.286603e+03
4.5 9.261528e+03 9.263603e+03 9.268289e+03 9.266214e+03
5.5 9.283143e+03 9.266020e+03 9.271750e+03 9.288873e+03
6.5 9.297093e+03 9.270664e+03 9.274889e+03 9.301317e+03
7.5 9.258992e+03 9.274639e+03 9.276829e+03 9.261182e+03
8.5 9.266225e+03 9.275886e+03 9.276636e+03 9.266975e+03
9.5 9.224439e+03 9.272363e+03 9.272309e+03 9.224386e+03
10.5 9.245965e+03 9.268097e+03 9.268370e+03 9.246238e+03
11.5 9.217126e+03 9.266135e+03 9.269337e+03 9.220327e+03
12.5 9.241168e+03 9.267767e+03 9.272655e+03 9.246056e+03
13.5 9.275329e+03 9.269907e+03 9.275475e+03 9.280897e+03
14.5 9.259306e+03 9.270893e+03 9.277164e+03 9.265576e+03
15.5 9.260676e+03 9.270238e+03 9.277994e+03 9.268432e+03
16.5 9.248223e+03 9.271048e+03 9.278276e+03 9.255451e+03
17.5 9.275030e+03 9.274942e+03 9.278231e+03 9.278320e+03
18.5 9.280832e+03 9.281730e+03 9.278033e+03 9.277135e+03
19.5 9.258311e+03 9.287775e+03 9.277806e+03 9.248342e+03
20.5 9.268171e+03 9.286997e+03 9.277619e+03 9.258793e+03
21.5 9.248798e+03 9.281469e+03 9.277489e+03 9.244819e+03
0.6 9.258992e+03 9.274639e+03 9.276829e+03 9.261182e+03
1.6 9.266225e+03 9.275886e+03 9.276636e+03 9.266975e+03
2.6 9.224439e+03 9.272363e+03 9.272309e+03 9.224386e+03
3.6 9.245965e+03 9.268097e+03 9.268370e+03 9.246238e+03
4.6 9.217126e+03 9.266135e+03 9.269337e+03 9.220327e+03
5.6 9.241168e+03 9.267767e+03 9.272655e+03 9.246056e+03
6.6 9.275329e+03 9.269907e+03 9.275475e+03 9.280897e+03
7.6 9.259306e+03 9.270893e+03 9.277164e+03 9.265576e+03
8.6 9.260676e+03 9.270238e+03 9.277994e+03 9.268432e+03
9.6 9.248223e+03 9.271048e+03 9.278276e+03 9.255451e+03
10.6 9.275030e+03 9.274942e+03 9.278231e+03 9.278320e+03
11.6 9.280832e+03 9.281730e+03 9.278033e+03 9.277135e+03
12.6 9.258311e+03 9.287775e+03 9.277806e+03 9.248342e+03
13.6 9.268171e+03 9.286997e+03 9.277619e+03 9.258793e+03
14.6 9.248798e+03 9.281469e+03 9.277489e+03 9.244819e+03
15.6 9.285419e+03 9.276351e+03 9.277412e+03 9.286480e+03
16.6 9.283813e+03 9.271178e+03 9.277370e+03 9.290006e+03
17.6 9.289630e+03 9.267771e+03 9.277349e+03 9.299208e+03
18.6 9.266761e+03 9.267000e+03 9.277339e+03 9.277100e+03
19.6 9.255419e+03 9.268903e+03 9.277335e+03 9.263851e+03
20.6 9.279238e+03 9.270614e+03 9.277333e+03 9.285958e+03
21.6 9.262826e+03 9.270750e+03 9.277333e+03 9.269409e+03
0.1 9.275460e+03 9.268201e+03 9.277332e+03 9.284592e+03
1.1 9.253032e+03 9.266505e+03 9.277107e+03 9.263634e+03
2.1 9.231896e+03 9.265392e+03 9.274311e+03 9.240815e+03
3.1 9.217415e+03 9.264724e+03 9.270642e+03 9.223333e+03
4.1 9.223389e+03 9.265113e+03 9.270781e+03 9.229056e+03
5.1 9.251702e+03 9.268380e+03 9.273221e+03 9.256543e+03
6.1 9.272569e+03 9.272932e+03 9.275491e+03 9.275129e+03
7.1 9.279987e+03 9.276324e+03 9.276910e+03 9.280573e+03
8.1 9.269686e+03 9.276561e+03 9.277647e+03 9.270771e+03
9.1 9.253058e+03 9.273050e+03 9.277940e+03 9.257948e+03
10.1 9.227238e+03 9.269402e+03 9.277961e+03 9.235798e+03
11.1 9.231695e+03 9.267795e+03 9.277844e+03 9.241745e+03
12.1 9.216103e+03 9.268992e+03 9.277688e+03 9.224799e+03
