6.686029e+03 6.689796e+03 6.685396e+03 6.690428e+03
6.690520e+03 6.689796e+03 6.685396e+03 6.694919e+03
6.679550e+03 6.689796e+03 6.685396e+03 6.683950e+03
6.667167e+03 6.689796e+03 6.685743e+03 6.671220e+03
6.686388e+03 6.689796e+03 6.688552e+03 6.687631e+03
6.664516e+03 6.689796e+03 6.693242e+03 6.661069e+03
6.729653e+03 6.689796e+03 6.699448e+03 6.720001e+03
6.739398e+03 6.690864e+03 6.709865e+03 6.720398e+03
6.741326e+03 6.699528e+03 6.700196e+03 6.740657e+03
6.696030e+03 6.714015e+03 6.673291e+03 6.736753e+03
6.699191e+03 6.720841e+03 6.659175e+03 6.760857e+03
6.696930e+03 6.714203e+03 6.675036e+03 6.736097e+03
6.674964e+03 6.703190e+03 6.690256e+03 6.687898e+03
6.692718e+03 6.694711e+03 6.693995e+03 6.693434e+03
6.704947e+03 6.689807e+03 6.694686e+03 6.700069e+03
6.703784e+03 6.687508e+03 6.696746e+03 6.694546e+03
6.698454e+03 6.686853e+03 6.701418e+03 6.683889e+03
6.727017e+03 6.687125e+03 6.700886e+03 6.713256e+03
6.722729e+03 6.687784e+03 6.697594e+03 6.712919e+03
6.658311e+03 6.688471e+03 6.698512e+03 6.648270e+03
6.669832e+03 6.689013e+03 6.700164e+03 6.658681e+03
6.669286e+03 6.689382e+03 6.696212e+03 6.662455e+03
6.693737e+03 6.689899e+03 6.691244e+03 6.692392e+03
6.688139e+03 6.690872e+03 6.689315e+03 6.689697e+03
6.698627e+03 6.691432e+03 6.691286e+03 6.698774e+03
6.708406e+03 6.691131e+03 6.696884e+03 6.702653e+03
6.709667e+03 6.690562e+03 6.696892e+03 6.703337e+03
6.658252e+03 6.690503e+03 6.693390e+03 6.655365e+03
6.656966e+03 6.690871e+03 6.693364e+03 6.654473e+03
6.710041e+03 6.690784e+03 6.704421e+03 6.696403e+03
6.705398e+03 6.690531e+03 6.709217e+03 6.686712e+03
6.687720e+03 6.690921e+03 6.704220e+03 6.674421e+03
6.745080e+03 6.691411e+03 6.698632e+03 6.737858e+03
6.701724e+03 6.691170e+03 6.699549e+03 6.693344e+03
6.718968e+03 6.690557e+03 6.700052e+03 6.709473e+03
6.668893e+03 6.690054e+03 6.697929e+03 6.661018e+03
6.695613e+03 6.689767e+03 6.696031e+03 6.689350e+03
6.698493e+03 6.689961e+03 6.698402e+03 6.690051e+03
6.748819e+03 6.695888e+03 6.690962e+03 6.753744e+03
6.672487e+03 6.709769e+03 6.668950e+03 6.713305e+03
6.687877e+03 6.720066e+03 6.652011e+03 6.755933e+03
6.642801e+03 6.716506e+03 6.659747e+03 6.699560e+03
6.677792e+03 6.705816e+03 6.676074e+03 6.707535e+03
6.660941e+03 6.696502e+03 6.687318e+03 6.670126e+03
6.730274e+03 6.690791e+03 6.694876e+03 6.726189e+03
6.674408e+03 6.687941e+03 6.699709e+03 6.662640e+03
6.740837e+03 6.686939e+03 6.704788e+03 6.722989e+03
6.696624e+03 6.687024e+03 6.703803e+03 6.679846e+03
6.724378e+03 6.687618e+03 6.697253e+03 6.714743e+03
6.687759e+03 6.688314e+03 6.690752e+03 6.685321e+03
6.699450e+03 6.688904e+03 6.686598e+03 6.701756e+03
6.707106e+03 6.689481e+03 6.684915e+03 6.711672e+03
6.710062e+03 6.690135e+03 6.685223e+03 6.714974e+03
6.761438e+03 6.690455e+03 6.692524e+03 6.759370e+03
6.720011e+03 6.690340e+03 6.705815e+03 6.704536e+03
6.733476e+03 6.690093e+03 6.706985e+03 6.716584e+03
6.703410e+03 6.689901e+03 6.701603e+03 6.691707e+03
6.704271e+03 6.689790e+03 6.698526e+03 6.695535e+03
6.733147e+03 6.689738e+03 6.704047e+03 6.718838e+03
6.768583e+03 6.689724e+03 6.711513e+03 6.746794e+03
6.720708e+03 6.689731e+03 6.706789e+03 6.703650e+03
6.720508e+03 6.689747e+03 6.697730e+03 6.712526e+03
6.710659e+03 6.689764e+03 6.693735e+03 6.706688e+03
6.680974e+03 6.689777e+03 6.694027e+03 6.676724e+03
6.703811e+03 6.689786e+03 6.700736e+03 6.692861e+03
6.712926e+03 6.689791e+03 6.710131e+03 6.692586e+03
6.718758e+03 6.689793e+03 6.707151e+03 6.701401e+03
6.735563e+03 6.689795e+03 6.697683e+03 6.727675e+03
6.694858e+03 6.689825e+03 6.689849e+03 6.694833e+03
6.688006e+03 6.690259e+03 6.686343e+03 6.691922e+03
6.627325e+03 6.690878e+03 6.688939e+03 6.629263e+03
6.774737e+03 6.690881e+03 6.702086e+03 6.763532e+03
6.704764e+03 6.690503e+03 6.707127e+03 6.688140e+03
6.724282e+03 6.690501e+03 6.701822e+03 6.712961e+03
6.713977e+03 6.691151e+03 6.696028e+03 6.709100e+03
6.684241e+03 6.691450e+03 6.694998e+03 6.680693e+03
6.721309e+03 6.691013e+03 6.698157e+03 6.714165e+03
6.687700e+03 6.690400e+03 6.696267e+03 6.681833e+03
6.684426e+03 6.689967e+03 6.691090e+03 6.683303e+03
6.740158e+03 6.689734e+03 6.686873e+03 6.743019e+03
6.692691e+03 6.689636e+03 6.684605e+03 6.697722e+03
6.693572e+03 6.689618e+03 6.683703e+03 6.699486e+03
6.725315e+03 6.689681e+03 6.683656e+03 6.731340e+03
6.769722e+03 6.690007e+03 6.684605e+03 6.775124e+03
6.740395e+03 6.690435e+03 6.686459e+03 6.744371e+03
6.754390e+03 6.690496e+03 6.692929e+03 6.751957e+03
6.776003e+03 6.690265e+03 6.698872e+03 6.767396e+03
6.714456e+03 6.690017e+03 6.699805e+03 6.704668e+03
6.724958e+03 6.689852e+03 6.702225e+03 6.712585e+03
6.681299e+03 6.689765e+03 6.702461e+03 6.668603e+03
6.714485e+03 6.689729e+03 6.700068e+03 6.704146e+03
6.714621e+03 6.689724e+03 6.698576e+03 6.705769e+03
6.711579e+03 6.689736e+03 6.698999e+03 6.702316e+03
6.759298e+03 6.689754e+03 6.701787e+03 6.747265e+03
6.707758e+03 6.689769e+03 6.700853e+03 6.696674e+03
6.687855e+03 6.689781e+03 6.697950e+03 6.679686e+03
6.701338e+03 6.689788e+03 6.696536e+03 6.694590e+03
6.698021e+03 6.690488e+03 6.698565e+03 6.689943e+03
6.677003e+03 6.697697e+03 6.688419e+03 6.686282e+03
6.687158e+03 6.705995e+03 6.675079e+03 6.718075e+03
6.682141e+03 6.705019e+03 6.678552e+03 6.708608e+03
6.725930e+03 6.699101e+03 6.685058e+03 6.739973e+03
6.740961e+03 6.693847e+03 6.686842e+03 6.747966e+03
6.703600e+03 6.690621e+03 6.686422e+03 6.707799e+03
6.705306e+03 6.688968e+03 6.685905e+03 6.708369e+03
6.689208e+03 6.688332e+03 6.685653e+03 6.691888e+03
6.714827e+03 6.688316e+03 6.686628e+03 6.716515e+03
6.670018e+03 6.688607e+03 6.689425e+03 6.669200e+03
6.753239e+03 6.688977e+03 6.694148e+03 6.748069e+03
6.663173e+03 6.689396e+03 6.699800e+03 6.652769e+03
6.690232e+03 6.693784e+03 6.693606e+03 6.690410e+03
6.628745e+03 6.703670e+03 6.677037e+03 6.655379e+03
6.696210e+03 6.706304e+03 6.675427e+03 6.727088e+03
6.665995e+03 6.701392e+03 6.683412e+03 6.683975e+03
6.683486e+03 6.695768e+03 6.687689e+03 6.691565e+03
6.621584e+03 6.692480e+03 6.690022e+03 6.624042e+03
6.683444e+03 6.690597e+03 6.700614e+03 6.673427e+03
6.694172e+03 6.689340e+03 6.710436e+03 6.673076e+03
6.703286e+03 6.688720e+03 6.706756e+03 6.685250e+03
6.707862e+03 6.688635e+03 6.697584e+03 6.698913e+03
6.704529e+03 6.688832e+03 6.690197e+03 6.703164e+03
6.742439e+03 6.689102e+03 6.685874e+03 6.745668e+03
6.649179e+03 6.689396e+03 6.683912e+03 6.654662e+03
6.709766e+03 6.689859e+03 6.683993e+03 6.715631e+03
6.690581e+03 6.690177e+03 6.688556e+03 6.692201e+03
6.730133e+03 6.690155e+03 6.695587e+03 6.724701e+03
6.750520e+03 6.690001e+03 6.695913e+03 6.744608e+03
6.756732e+03 6.690076e+03 6.691748e+03 6.755061e+03
6.703076e+03 6.695180e+03 6.681666e+03 6.716590e+03
6.659247e+03 6.707867e+03 6.663818e+03 6.703296e+03
6.667673e+03 6.714084e+03 6.661487e+03 6.720271e+03
6.655082e+03 6.708637e+03 6.681242e+03 6.682477e+03
6.660229e+03 6.699957e+03 6.693513e+03 6.666673e+03
6.710431e+03 6.693479e+03 6.694255e+03 6.709655e+03
6.707293e+03 6.689781e+03 6.691489e+03 6.705585e+03
6.760155e+03 6.688045e+03 6.688992e+03 6.759208e+03
6.674209e+03 6.687548e+03 6.687186e+03 6.674571e+03
6.679969e+03 6.687841e+03 6.686134e+03 6.681675e+03
6.722396e+03 6.688964e+03 6.686911e+03 6.724450e+03
6.735512e+03 6.690487e+03 6.689067e+03 6.736931e+03
6.694177e+03 6.691325e+03 6.692382e+03 6.693120e+03
6.690314e+03 6.691112e+03 6.698754e+03 6.682673e+03
6.736468e+03 6.690520e+03 6.701610e+03 6.725378e+03
6.749599e+03 6.690037e+03 6.701542e+03 6.738094e+03
6.686413e+03 6.689754e+03 6.700858e+03 6.675308e+03
6.716668e+03 6.689622e+03 6.703143e+03 6.703148e+03
6.662395e+03 6.689589e+03 6.703227e+03 6.648757e+03
6.731309e+03 6.689613e+03 6.702908e+03 6.718014e+03
6.702917e+03 6.689680e+03 6.710727e+03 6.681869e+03
6.741792e+03 6.692425e+03 6.707761e+03 6.726456e+03
6.719423e+03 6.702039e+03 6.686992e+03 6.734470e+03
6.656063e+03 6.706645e+03 6.676861e+03 6.685847e+03
6.696802e+03 6.702643e+03 6.681748e+03 6.717696e+03
6.735871e+03 6.696609e+03 6.685371e+03 6.747109e+03
6.709682e+03 6.692365e+03 6.685887e+03 6.716160e+03
6.693383e+03 6.690292e+03 6.686400e+03 6.697275e+03
6.695448e+03 6.689387e+03 6.689334e+03 6.695501e+03
6.659320e+03 6.688921e+03 6.696247e+03 6.651995e+03
6.685745e+03 6.689001e+03 6.698005e+03 6.676741e+03
6.671700e+03 6.689794e+03 6.696237e+03 6.665257e+03
6.676243e+03 6.690297e+03 6.703116e+03 6.663424e+03
6.738014e+03 6.690274e+03 6.710733e+03 6.717555e+03
6.726535e+03 6.690554e+03 6.707246e+03 6.709843e+03
6.720575e+03 6.690934e+03 6.701592e+03 6.709917e+03
6.758665e+03 6.690748e+03 6.701307e+03 6.748106e+03
6.736225e+03 6.690295e+03 6.698128e+03 6.728391e+03
6.602049e+03 6.689935e+03 6.691918e+03 6.600066e+03
6.685970e+03 6.689739e+03 6.686835e+03 6.688874e+03
6.670968e+03 6.689658e+03 6.684110e+03 6.676515e+03
6.676586e+03 6.689644e+03 6.683113e+03 6.683117e+03
6.691516e+03 6.689664e+03 6.683061e+03 6.698120e+03
6.675489e+03 6.689698e+03 6.683495e+03 6.681693e+03
6.668952e+03 6.689732e+03 6.685208e+03 6.673476e+03
6.700431e+03 6.689758e+03 6.688785e+03 6.701404e+03
6.680698e+03 6.689775e+03 6.692292e+03 6.678181e+03
6.696277e+03 6.689990e+03 6.697835e+03 6.688431e+03
6.713537e+03 6.695176e+03 6.694228e+03 6.714484e+03
6.639575e+03 6.708663e+03 6.673763e+03 6.674475e+03
6.612439e+03 6.720042e+03 6.654719e+03 6.677762e+03
6.635267e+03 6.717763e+03 6.659433e+03 6.693597e+03
6.680593e+03 6.707192e+03 6.675351e+03 6.712434e+03
6.693005e+03 6.697417e+03 6.684683e+03 6.705739e+03
6.699660e+03 6.691264e+03 6.687750e+03 6.703174e+03
6.697872e+03 6.688167e+03 6.688504e+03 6.697535e+03
6.662617e+03 6.687265e+03 6.689030e+03 6.660853e+03
6.681813e+03 6.687489e+03 6.695432e+03 6.673871e+03
6.663782e+03 6.687987e+03 6.708024e+03 6.643744e+03
6.697577e+03 6.688654e+03 6.708913e+03 6.677319e+03
6.698542e+03 6.689410e+03 6.702353e+03 6.685600e+03
6.686544e+03 6.689798e+03 6.701092e+03 6.675250e+03
6.664802e+03 6.689844e+03 6.699822e+03 6.654823e+03
6.683913e+03 6.689787e+03 6.694337e+03 6.679363e+03
6.640901e+03 6.689790e+03 6.688798e+03 6.641893e+03
6.653703e+03 6.690050e+03 6.686053e+03 6.657699e+03
6.691619e+03 6.690256e+03 6.688779e+03 6.693096e+03
6.631851e+03 6.690178e+03 6.695044e+03 6.626985e+03
6.638764e+03 6.690000e+03 6.695436e+03 6.633328e+03
6.674867e+03 6.689863e+03 6.693469e+03 6.671261e+03
6.705328e+03 6.689786e+03 6.693416e+03 6.701697e+03
6.693635e+03 6.689751e+03 6.702522e+03 6.680864e+03
6.726572e+03 6.689741e+03 6.710426e+03 6.705887e+03
6.683796e+03 6.689747e+03 6.705563e+03 6.667980e+03
6.691425e+03 6.689759e+03 6.697070e+03 6.684114e+03
6.682534e+03 6.689771e+03 6.692827e+03 6.679479e+03
6.696587e+03 6.689781e+03 6.691985e+03 6.694384e+03
6.644638e+03 6.689792e+03 6.695364e+03 6.639066e+03
6.759942e+03 6.690054e+03 6.699089e+03 6.750907e+03
6.713542e+03 6.690917e+03 6.698137e+03 6.706322e+03
6.650314e+03 6.691795e+03 6.695402e+03 6.646708e+03
6.685609e+03 6.691786e+03 6.696743e+03 6.680652e+03
6.716582e+03 6.691101e+03 6.699106e+03 6.708577e+03
6.666297e+03 6.690402e+03 6.695739e+03 6.660961e+03
6.640442e+03 6.689945e+03 6.690323e+03 6.640064e+03
6.738425e+03 6.689712e+03 6.686387e+03 6.741750e+03
6.667881e+03 6.691781e+03 6.681719e+03 6.677943e+03
6.650796e+03 6.702392e+03 6.667958e+03 6.685230e+03
6.668917e+03 6.713112e+03 6.657019e+03 6.725009e+03
6.693658e+03 6.711659e+03 6.672373e+03 6.732944e+03
6.665080e+03 6.703290e+03 6.690449e+03 6.677922e+03
6.663768e+03 6.695694e+03 6.695101e+03 6.664361e+03
6.614550e+03 6.690998e+03 6.692961e+03 6.612587e+03
6.643031e+03 6.691477e+03 6.686581e+03 6.647926e+03
6.569354e+03 6.701998e+03 6.670415e+03 6.600937e+03
6.648146e+03 6.711575e+03 6.660324e+03 6.699397e+03
6.679163e+03 6.709226e+03 6.676494e+03 6.711895e+03
6.647492e+03 6.701232e+03 6.692448e+03 6.656277e+03
6.673742e+03 6.694720e+03 6.696210e+03 6.672252e+03
6.701777e+03 6.690958e+03 6.696659e+03 6.696077e+03
6.643308e+03 6.688891e+03 6.706933e+03 6.625265e+03
6.648504e+03 6.687936e+03 6.711571e+03 6.624870e+03
6.646881e+03 6.687801e+03 6.705201e+03 6.629481e+03
6.607640e+03 6.688131e+03 6.698481e+03 6.597291e+03
6.683074e+03 6.688604e+03 6.695047e+03 6.676632e+03
6.679121e+03 6.689031e+03 6.696388e+03 6.671764e+03
6.722271e+03 6.689344e+03 6.699008e+03 6.712606e+03
6.695308e+03 6.689546e+03 6.697429e+03 6.687425e+03
6.721230e+03 6.689666e+03 6.696182e+03 6.714714e+03
6.585896e+03 6.689731e+03 6.697548e+03 6.578079e+03
6.667212e+03 6.689768e+03 6.700888e+03 6.656092e+03
6.721699e+03 6.689903e+03 6.698624e+03 6.712978e+03
6.674450e+03 6.690224e+03 6.693897e+03 6.670777e+03
6.654891e+03 6.690329e+03 6.695212e+03 6.650008e+03
6.676439e+03 6.690217e+03 6.697396e+03 6.669261e+03
6.618468e+03 6.690313e+03 6.694811e+03 6.613970e+03
6.659782e+03 6.690570e+03 6.691455e+03 6.658897e+03
6.674453e+03 6.690529e+03 6.694181e+03 6.670801e+03
6.658834e+03 6.690246e+03 6.697127e+03 6.651953e+03
6.686775e+03 6.689979e+03 6.694252e+03 6.682502e+03
6.700312e+03 6.689815e+03 6.689768e+03 6.700359e+03
6.704557e+03 6.689736e+03 6.688732e+03 6.705561e+03
6.644725e+03 6.689710e+03 6.691646e+03 6.642788e+03
6.706812e+03 6.689713e+03 6.696296e+03 6.700229e+03
6.628605e+03 6.690279e+03 6.707332e+03 6.611552e+03
6.701240e+03 6.697094e+03 6.702684e+03 6.695651e+03
6.690186e+03 6.706027e+03 6.687391e+03 6.708821e+03
6.696567e+03 6.705702e+03 6.692047e+03 6.710223e+03
6.656851e+03 6.699780e+03 6.698108e+03 6.658522e+03
6.696583e+03 6.694266e+03 6.695302e+03 6.695547e+03
6.668396e+03 6.690819e+03 6.690106e+03 6.669109e+03
6.687883e+03 6.689031e+03 6.688176e+03 6.688738e+03
6.672359e+03 6.688319e+03 6.690761e+03 6.669917e+03
6.676030e+03 6.688267e+03 6.694254e+03 6.670043e+03
6.737893e+03 6.688552e+03 6.699451e+03 6.726993e+03
6.735242e+03 6.688931e+03 6.701256e+03 6.722916e+03
6.648468e+03 6.689262e+03 6.696662e+03 6.641068e+03
