6.686029e+03 6.689326e+03 6.685396e+03 6.689959e+03
6.690520e+03 6.689326e+03 6.685396e+03 6.694449e+03
6.679550e+03 6.689326e+03 6.685396e+03 6.683480e+03
6.667167e+03 6.689467e+03 6.685743e+03 6.670892e+03
6.686388e+03 6.690614e+03 6.688552e+03 6.688450e+03
6.664516e+03 6.692526e+03 6.693242e+03 6.663800e+03
6.729653e+03 6.693395e+03 6.699448e+03 6.723601e+03
6.739398e+03 6.693568e+03 6.709865e+03 6.723101e+03
6.741326e+03 6.700788e+03 6.700196e+03 6.741917e+03
6.696030e+03 6.714173e+03 6.673291e+03 6.736912e+03
6.699191e+03 6.720364e+03 6.659175e+03 6.760380e+03
6.696930e+03 6.713430e+03 6.675036e+03 6.735325e+03
6.674964e+03 6.702342e+03 6.690256e+03 6.687051e+03
6.692718e+03 6.694271e+03 6.693995e+03 6.692994e+03
6.704947e+03 6.690597e+03 6.694686e+03 6.700859e+03
6.703784e+03 6.689136e+03 6.696746e+03 6.696174e+03
6.698454e+03 6.688161e+03 6.701418e+03 6.685197e+03
6.727017e+03 6.687954e+03 6.700886e+03 6.714085e+03
6.722729e+03 6.688916e+03 6.697594e+03 6.714051e+03
6.658311e+03 6.689636e+03 6.698512e+03 6.649434e+03
6.669832e+03 6.689596e+03 6.700164e+03 6.659264e+03
6.669286e+03 6.689324e+03 6.696212e+03 6.662398e+03
6.693737e+03 6.689139e+03 6.691244e+03 6.691632e+03
6.688139e+03 6.689067e+03 6.689315e+03 6.687891e+03
6.698627e+03 6.689065e+03 6.691286e+03 6.696407e+03
6.708406e+03 6.689102e+03 6.696884e+03 6.700624e+03
6.709667e+03 6.689156e+03 6.696892e+03 6.701931e+03
6.658252e+03 6.689210e+03 6.693390e+03 6.654072e+03
6.656966e+03 6.689255e+03 6.693364e+03 6.652857e+03
6.710041e+03 6.689286e+03 6.704421e+03 6.694906e+03
6.705398e+03 6.689305e+03 6.709217e+03 6.685486e+03
6.687720e+03 6.689316e+03 6.704220e+03 6.672815e+03
6.745080e+03 6.689321e+03 6.698632e+03 6.735769e+03
6.701724e+03 6.689375e+03 6.699549e+03 6.691550e+03
6.718968e+03 6.690034e+03 6.700052e+03 6.708950e+03
6.668893e+03 6.691364e+03 6.697929e+03 6.662328e+03
6.695613e+03 6.692193e+03 6.696031e+03 6.691776e+03
6.698493e+03 6.692051e+03 6.698402e+03 6.692142e+03
6.748819e+03 6.696995e+03 6.690962e+03 6.754852e+03
6.672487e+03 6.710022e+03 6.668950e+03 6.713558e+03
6.687877e+03 6.719779e+03 6.652011e+03 6.755645e+03
6.642801e+03 6.715932e+03 6.659747e+03 6.698986e+03
6.677792e+03 6.705221e+03 6.676074e+03 6.706939e+03
6.660941e+03 6.696902e+03 6.687318e+03 6.670526e+03
6.730274e+03 6.693135e+03 6.694876e+03 6.728533e+03
6.674408e+03 6.691418e+03 6.699709e+03 6.666117e+03
6.740837e+03 6.689723e+03 6.704788e+03 6.725773e+03
6.696624e+03 6.688398e+03 6.703803e+03 6.681219e+03
6.724378e+03 6.687855e+03 6.697253e+03 6.714981e+03
6.687759e+03 6.687880e+03 6.690752e+03 6.684887e+03
6.699450e+03 6.688140e+03 6.686598e+03 6.700992e+03
6.707106e+03 6.688444e+03 6.684915e+03 6.710635e+03
6.710062e+03 6.688716e+03 6.685223e+03 6.713555e+03
6.761438e+03 6.688933e+03 6.692524e+03 6.757848e+03
6.720011e+03 6.689091e+03 6.705815e+03 6.703287e+03
6.733476e+03 6.689268e+03 6.706985e+03 6.715759e+03
6.703410e+03 6.690262e+03 6.701603e+03 6.692068e+03
6.704271e+03 6.691991e+03 6.698526e+03 6.697736e+03
6.733147e+03 6.692485e+03 6.704047e+03 6.721585e+03
6.768583e+03 6.691589e+03 6.711513e+03 6.748659e+03
6.720708e+03 6.690473e+03 6.706789e+03 6.704392e+03
6.720508e+03 6.690078e+03 6.697730e+03 6.712856e+03
6.710659e+03 6.691190e+03 6.693735e+03 6.708115e+03
6.680974e+03 6.692799e+03 6.694027e+03 6.679746e+03
6.703811e+03 6.692994e+03 6.700736e+03 6.696069e+03
6.712926e+03 6.691798e+03 6.710131e+03 6.694593e+03
6.718758e+03 6.690471e+03 6.707151e+03 6.702078e+03
6.735563e+03 6.689586e+03 6.697683e+03 6.727466e+03
6.694858e+03 6.689122e+03 6.689849e+03 6.694131e+03
6.688006e+03 6.688938e+03 6.686343e+03 6.690601e+03
6.627325e+03 6.688921e+03 6.688939e+03 6.627307e+03
6.774737e+03 6.688991e+03 6.702086e+03 6.761642e+03
6.704764e+03 6.689088e+03 6.707127e+03 6.686725e+03
6.724282e+03 6.689176e+03 6.701822e+03 6.711636e+03
6.713977e+03 6.689241e+03 6.696028e+03 6.707189e+03
6.684241e+03 6.689281e+03 6.694998e+03 6.678524e+03
6.721309e+03 6.689304e+03 6.698157e+03 6.712456e+03
6.687700e+03 6.689316e+03 6.696267e+03 6.680749e+03
6.684426e+03 6.689322e+03 6.691090e+03 6.682658e+03
6.740158e+03 6.689324e+03 6.686873e+03 6.742609e+03
6.692691e+03 6.689325e+03 6.684605e+03 6.697411e+03
6.693572e+03 6.689326e+03 6.683703e+03 6.699194e+03
6.725315e+03 6.689326e+03 6.683656e+03 6.730985e+03
6.769722e+03 6.689326e+03 6.684605e+03 6.774443e+03
6.740395e+03 6.689326e+03 6.686459e+03 6.743262e+03
6.754390e+03 6.689340e+03 6.692929e+03 6.750801e+03
6.776003e+03 6.689772e+03 6.698872e+03 6.766903e+03
6.714456e+03 6.690675e+03 6.699805e+03 6.705326e+03
6.724958e+03 6.690861e+03 6.702225e+03 6.713594e+03
6.681299e+03 6.690603e+03 6.702461e+03 6.669442e+03
6.714485e+03 6.691384e+03 6.700068e+03 6.705801e+03
6.714621e+03 6.692915e+03 6.698576e+03 6.708959e+03
6.711579e+03 6.693315e+03 6.698999e+03 6.705895e+03
6.759298e+03 6.692269e+03 6.701787e+03 6.749781e+03
6.707758e+03 6.691635e+03 6.700853e+03 6.698541e+03
6.687855e+03 6.691974e+03 6.697950e+03 6.681879e+03
6.701338e+03 6.692044e+03 6.696536e+03 6.696847e+03
6.698021e+03 6.691881e+03 6.698565e+03 6.691337e+03
6.677003e+03 6.698033e+03 6.688419e+03 6.686617e+03
6.687158e+03 6.705615e+03 6.675079e+03 6.717694e+03
6.682141e+03 6.704289e+03 6.678552e+03 6.707877e+03
6.725930e+03 6.698254e+03 6.685058e+03 6.739126e+03
6.740961e+03 6.693010e+03 6.686842e+03 6.747130e+03
6.703600e+03 6.689855e+03 6.686422e+03 6.707033e+03
6.705306e+03 6.688289e+03 6.685905e+03 6.707690e+03
6.689208e+03 6.687749e+03 6.685653e+03 6.691305e+03
6.714827e+03 6.688273e+03 6.686628e+03 6.716472e+03
6.670018e+03 6.689789e+03 6.689425e+03 6.670382e+03
6.753239e+03 6.690762e+03 6.694148e+03 6.749853e+03
6.663173e+03 6.690682e+03 6.699800e+03 6.654055e+03
6.690232e+03 6.694263e+03 6.693606e+03 6.690889e+03
6.628745e+03 6.703545e+03 6.677037e+03 6.655254e+03
6.696210e+03 6.705834e+03 6.675427e+03 6.726617e+03
6.665995e+03 6.700756e+03 6.683412e+03 6.683339e+03
6.683486e+03 6.694873e+03 6.687689e+03 6.690670e+03
6.621584e+03 6.690936e+03 6.690022e+03 6.622498e+03
6.683444e+03 6.688823e+03 6.700614e+03 6.671653e+03
6.694172e+03 6.687914e+03 6.710436e+03 6.671650e+03
6.703286e+03 6.687746e+03 6.706756e+03 6.684276e+03
6.707862e+03 6.687980e+03 6.697584e+03 6.698259e+03
6.704529e+03 6.688357e+03 6.690197e+03 6.702689e+03
6.742439e+03 6.688711e+03 6.685874e+03 6.745276e+03
6.649179e+03 6.688974e+03 6.683912e+03 6.654240e+03
6.709766e+03 6.689141e+03 6.683993e+03 6.714914e+03
6.690581e+03 6.689236e+03 6.688556e+03 6.691260e+03
6.730133e+03 6.689285e+03 6.695587e+03 6.723831e+03
6.750520e+03 6.689308e+03 6.695913e+03 6.743915e+03
6.756732e+03 6.689523e+03 6.691748e+03 6.754507e+03
6.703076e+03 6.694708e+03 6.681666e+03 6.716118e+03
6.659247e+03 6.707435e+03 6.663818e+03 6.702864e+03
6.667673e+03 6.713665e+03 6.661487e+03 6.719851e+03
6.655082e+03 6.708213e+03 6.681242e+03 6.682054e+03
6.660229e+03 6.699522e+03 6.693513e+03 6.666239e+03
6.710431e+03 6.693033e+03 6.694255e+03 6.709209e+03
6.707293e+03 6.689325e+03 6.691489e+03 6.705129e+03
6.760155e+03 6.687582e+03 6.688992e+03 6.758746e+03
6.674209e+03 6.687082e+03 6.687186e+03 6.674105e+03
6.679969e+03 6.687291e+03 6.686134e+03 6.681126e+03
6.722396e+03 6.687798e+03 6.686911e+03 6.723283e+03
6.735512e+03 6.688324e+03 6.689067e+03 6.734768e+03
6.694177e+03 6.688737e+03 6.692382e+03 6.690532e+03
6.690314e+03 6.689102e+03 6.698754e+03 6.680662e+03
6.736468e+03 6.690264e+03 6.701610e+03 6.725122e+03
6.749599e+03 6.692248e+03 6.701542e+03 6.740304e+03
6.686413e+03 6.693366e+03 6.700858e+03 6.678920e+03
6.716668e+03 6.692699e+03 6.703143e+03 6.706224e+03
6.662395e+03 6.692095e+03 6.703227e+03 6.651263e+03
6.731309e+03 6.692129e+03 6.702908e+03 6.720530e+03
6.702917e+03 6.691474e+03 6.710727e+03 6.683663e+03
6.741792e+03 6.693088e+03 6.707761e+03 6.727118e+03
6.719423e+03 6.701840e+03 6.686992e+03 6.734271e+03
6.656063e+03 6.705993e+03 6.676861e+03 6.685194e+03
6.696802e+03 6.701822e+03 6.681748e+03 6.716876e+03
6.735871e+03 6.695772e+03 6.685371e+03 6.746272e+03
6.709682e+03 6.691454e+03 6.685887e+03 6.715248e+03
6.693383e+03 6.689065e+03 6.686400e+03 6.696049e+03
6.695448e+03 6.687984e+03 6.689334e+03 6.694098e+03
6.659320e+03 6.687715e+03 6.696247e+03 6.650789e+03
6.685745e+03 6.687903e+03 6.698005e+03 6.675643e+03
6.671700e+03 6.688274e+03 6.696237e+03 6.663737e+03
6.676243e+03 6.688644e+03 6.703116e+03 6.661771e+03
6.738014e+03 6.688928e+03 6.710733e+03 6.716209e+03
6.726535e+03 6.689114e+03 6.707246e+03 6.708403e+03
6.720575e+03 6.689222e+03 6.701592e+03 6.708205e+03
6.758665e+03 6.689278e+03 6.701307e+03 6.746636e+03
6.736225e+03 6.689305e+03 6.698128e+03 6.727401e+03
6.602049e+03 6.689317e+03 6.691918e+03 6.599448e+03
6.685970e+03 6.689323e+03 6.686835e+03 6.688458e+03
6.670968e+03 6.689325e+03 6.684110e+03 6.676182e+03
6.676586e+03 6.689326e+03 6.683113e+03 6.682799e+03
6.691516e+03 6.689326e+03 6.683061e+03 6.697781e+03
6.675489e+03 6.689345e+03 6.683495e+03 6.681339e+03
6.668952e+03 6.689829e+03 6.685208e+03 6.673573e+03
6.700431e+03 6.691088e+03 6.688785e+03 6.702735e+03
6.680698e+03 6.692133e+03 6.692292e+03 6.680539e+03
6.696277e+03 6.692104e+03 6.697835e+03 6.690545e+03
6.713537e+03 6.696300e+03 6.694228e+03 6.715608e+03
6.639575e+03 6.708886e+03 6.673763e+03 6.674698e+03
6.612439e+03 6.719701e+03 6.654719e+03 6.677422e+03
6.635267e+03 6.717136e+03 6.659433e+03 6.692970e+03
6.680593e+03 6.706459e+03 6.675351e+03 6.711701e+03
6.693005e+03 6.696685e+03 6.684683e+03 6.705007e+03
6.699660e+03 6.690586e+03 6.687750e+03 6.702495e+03
6.697872e+03 6.687512e+03 6.688504e+03 6.696880e+03
6.662617e+03 6.686396e+03 6.689030e+03 6.659983e+03
6.681813e+03 6.686435e+03 6.695432e+03 6.672817e+03
6.663782e+03 6.687027e+03 6.708024e+03 6.642784e+03
6.697577e+03 6.687746e+03 6.708913e+03 6.676410e+03
6.698542e+03 6.688358e+03 6.702353e+03 6.684547e+03
6.686544e+03 6.688787e+03 6.701092e+03 6.674240e+03
6.664802e+03 6.689050e+03 6.699822e+03 6.654029e+03
6.683913e+03 6.689194e+03 6.694337e+03 6.678770e+03
6.640901e+03 6.689267e+03 6.688798e+03 6.641370e+03
6.653703e+03 6.689301e+03 6.686053e+03 6.656951e+03
6.691619e+03 6.689316e+03 6.688779e+03 6.692155e+03
6.631851e+03 6.689322e+03 6.695044e+03 6.626129e+03
6.638764e+03 6.689415e+03 6.695436e+03 6.632743e+03
6.674867e+03 6.690199e+03 6.693469e+03 6.671597e+03
6.705328e+03 6.691356e+03 6.693416e+03 6.703267e+03
6.693635e+03 6.691515e+03 6.702522e+03 6.682628e+03
6.726572e+03 6.690808e+03 6.710426e+03 6.706953e+03
6.683796e+03 6.690047e+03 6.705563e+03 6.668280e+03
6.691425e+03 6.689906e+03 6.697070e+03 6.684261e+03
6.682534e+03 6.690814e+03 6.692827e+03 6.680521e+03
6.696587e+03 6.691865e+03 6.691985e+03 6.696467e+03
6.644638e+03 6.691795e+03 6.695364e+03 6.641069e+03
6.759942e+03 6.690888e+03 6.699089e+03 6.751741e+03
6.713542e+03 6.690000e+03 6.698137e+03 6.705405e+03
6.650314e+03 6.689436e+03 6.695402e+03 6.644349e+03
6.685609e+03 6.689151e+03 6.696743e+03 6.678017e+03
6.716582e+03 6.689046e+03 6.699106e+03 6.706522e+03
6.666297e+03 6.689048e+03 6.695739e+03 6.659606e+03
6.640442e+03 6.689103e+03 6.690323e+03 6.639222e+03
6.738425e+03 6.689179e+03 6.686387e+03 6.741217e+03
6.667881e+03 6.691403e+03 6.681719e+03 6.677566e+03
6.650796e+03 6.702066e+03 6.667958e+03 6.684904e+03
6.668917e+03 6.712777e+03 6.657019e+03 6.724674e+03
6.693658e+03 6.711290e+03 6.672373e+03 6.732575e+03
6.665080e+03 6.702886e+03 6.690449e+03 6.677517e+03
6.663768e+03 6.695262e+03 6.695101e+03 6.663929e+03
6.614550e+03 6.690548e+03 6.692961e+03 6.612137e+03
6.643031e+03 6.691017e+03 6.686581e+03 6.647466e+03
6.569354e+03 6.701533e+03 6.670415e+03 6.600472e+03
6.648146e+03 6.711107e+03 6.660324e+03 6.698929e+03
6.679163e+03 6.708757e+03 6.676494e+03 6.711426e+03
6.647492e+03 6.700693e+03 6.692448e+03 6.655738e+03
6.673742e+03 6.693840e+03 6.696210e+03 6.671372e+03
6.701777e+03 6.689736e+03 6.696659e+03 6.694854e+03
6.643308e+03 6.687717e+03 6.706933e+03 6.624091e+03
6.648504e+03 6.687036e+03 6.711571e+03 6.623969e+03
6.646881e+03 6.687454e+03 6.705201e+03 6.629133e+03
6.607640e+03 6.689064e+03 6.698481e+03 6.598223e+03
6.683074e+03 6.690841e+03 6.695047e+03 6.678868e+03
6.679121e+03 6.691362e+03 6.696388e+03 6.674094e+03
6.722271e+03 6.690795e+03 6.699008e+03 6.714057e+03
6.695308e+03 6.690676e+03 6.697429e+03 6.688554e+03
6.721230e+03 6.691814e+03 6.696182e+03 6.716862e+03
6.585896e+03 6.692398e+03 6.697548e+03 6.580745e+03
6.667212e+03 6.691590e+03 6.700888e+03 6.657914e+03
6.721699e+03 6.690431e+03 6.698624e+03 6.713505e+03
6.674450e+03 6.689610e+03 6.693897e+03 6.670162e+03
6.654891e+03 6.689177e+03 6.695212e+03 6.648856e+03
6.676439e+03 6.689000e+03 6.697396e+03 6.668044e+03
6.618468e+03 6.688973e+03 6.694811e+03 6.612630e+03
6.659782e+03 6.689026e+03 6.691455e+03 6.657352e+03
6.674453e+03 6.689107e+03 6.694181e+03 6.669379e+03
6.658834e+03 6.689185e+03 6.697127e+03 6.650892e+03
6.686775e+03 6.689244e+03 6.694252e+03 6.681767e+03
6.700312e+03 6.689355e+03 6.689768e+03 6.699899e+03
6.704557e+03 6.690308e+03 6.688732e+03 6.706133e+03
6.644725e+03 6.692204e+03 6.691646e+03 6.645282e+03
6.706812e+03 6.693384e+03 6.696296e+03 6.703900e+03
6.628605e+03 6.693278e+03 6.707332e+03 6.614551e+03
6.701240e+03 6.698634e+03 6.702684e+03 6.697191e+03
6.690186e+03 6.706366e+03 6.687391e+03 6.709160e+03
6.696567e+03 6.705322e+03 6.692047e+03 6.709843e+03
6.656851e+03 6.699048e+03 6.698108e+03 6.657790e+03
6.696583e+03 6.693418e+03 6.695302e+03 6.694699e+03
6.668396e+03 6.690018e+03 6.690106e+03 6.668308e+03
6.687883e+03 6.688997e+03 6.688176e+03 6.688704e+03
6.672359e+03 6.690160e+03 6.690761e+03 6.671759e+03
6.676030e+03 6.691663e+03 6.694254e+03 6.673440e+03
6.737893e+03 6.691668e+03 6.699451e+03 6.730109e+03
6.735242e+03 6.690682e+03 6.701256e+03 6.724668e+03
6.648468e+03 6.689757e+03 6.696662e+03 6.641563e+03
