9.258429e+03 9.273379e+03 9.277440e+03 9.254368e+03
9.267104e+03 9.273379e+03 9.277440e+03 9.263044e+03
9.286233e+03 9.273379e+03 9.277440e+03 9.282173e+03
9.290864e+03 9.273468e+03 9.277105e+03 9.287228e+03
9.329840e+03 9.274194e+03 9.274392e+03 9.329642e+03
9.282955e+03 9.275403e+03 9.269867e+03 9.288491e+03
9.236473e+03 9.275952e+03 9.266909e+03 9.245516e+03
9.262363e+03 9.275621e+03 9.265507e+03 9.272477e+03
9.245555e+03 9.276613e+03 9.264367e+03 9.257801e+03
9.285333e+03 9.279103e+03 9.262443e+03 9.301993e+03
9.277717e+03 9.280203e+03 9.262065e+03 9.295855e+03
9.281161e+03 9.278556e+03 9.263625e+03 9.296092e+03
9.252256e+03 9.276097e+03 9.267958e+03 9.260395e+03
9.293185e+03 9.275003e+03 9.274449e+03 9.293738e+03
9.302491e+03 9.276285e+03 9.282419e+03 9.296357e+03
9.268431e+03 9.277344e+03 9.286285e+03 9.259490e+03
9.293028e+03 9.276457e+03 9.282973e+03 9.286512e+03
9.263137e+03 9.275487e+03 9.280313e+03 9.258310e+03
9.304802e+03 9.276205e+03 9.282140e+03 9.298866e+03
9.282224e+03 9.276401e+03 9.281366e+03 9.277258e+03
9.308958e+03 9.275338e+03 9.277682e+03 9.306614e+03
9.284563e+03 9.274207e+03 9.276015e+03 9.282755e+03
9.343534e+03 9.275957e+03 9.280721e+03 9.338771e+03
9.301856e+03 9.282656e+03 9.294388e+03 9.290125e+03
9.314828e+03 9.286683e+03 9.301565e+03 9.299946e+03
9.258047e+03 9.284037e+03 9.294377e+03 9.247707e+03
9.313240e+03 9.279382e+03 9.285199e+03 9.307423e+03
9.322274e+03 9.278959e+03 9.285609e+03 9.315625e+03
9.303351e+03 9.282050e+03 9.292085e+03 9.293316e+03
9.307361e+03 9.281388e+03 9.288662e+03 9.300088e+03
9.289947e+03 9.279361e+03 9.283830e+03 9.285479e+03
9.287762e+03 9.282577e+03 9.291228e+03 9.279111e+03
9.310966e+03 9.286598e+03 9.300083e+03 9.297480e+03
9.325913e+03 9.284729e+03 9.295372e+03 9.315270e+03
9.295696e+03 9.281043e+03 9.287926e+03 9.288813e+03
9.299705e+03 9.279607e+03 9.286488e+03 9.292824e+03
9.286720e+03 9.278930e+03 9.286288e+03 9.279362e+03
9.305170e+03 9.277011e+03 9.280991e+03 9.301190e+03
9.298034e+03 9.275999e+03 9.273407e+03 9.300626e+03
9.286927e+03 9.277520e+03 9.265960e+03 9.298487e+03
9.292101e+03 9.279109e+03 9.261671e+03 9.309538e+03
9.276152e+03 9.278181e+03 9.261607e+03 9.292726e+03
9.273923e+03 9.276005e+03 9.264983e+03 9.284945e+03
9.270878e+03 9.274809e+03 9.267834e+03 9.277853e+03
9.279247e+03 9.274982e+03 9.267622e+03 9.286607e+03
9.290918e+03 9.275227e+03 9.267127e+03 9.299018e+03
9.338465e+03 9.274673e+03 9.267631e+03 9.345507e+03
9.359396e+03 9.273865e+03 9.270285e+03 9.362975e+03
9.334192e+03 9.273313e+03 9.273929e+03 9.333576e+03
9.306541e+03 9.273060e+03 9.276698e+03 9.302903e+03
9.240809e+03 9.273005e+03 9.278143e+03 9.235670e+03
9.284701e+03 9.273294e+03 9.277739e+03 9.280256e+03
9.282865e+03 9.273975e+03 9.275475e+03 9.281365e+03
9.285173e+03 9.274337e+03 9.272684e+03 9.286826e+03
9.318575e+03 9.274140e+03 9.270420e+03 9.322296e+03
9.292197e+03 9.273826e+03 9.271232e+03 9.294792e+03
9.322193e+03 9.274144e+03 9.271622e+03 9.324716e+03
9.269278e+03 9.275062e+03 9.269716e+03 9.274624e+03
9.234971e+03 9.275292e+03 9.267853e+03 9.242409e+03
9.238933e+03 9.274703e+03 9.267902e+03 9.245733e+03
9.244260e+03 9.274008e+03 9.270942e+03 9.247326e+03
9.287179e+03 9.273782e+03 9.273583e+03 9.287378e+03
9.240277e+03 9.274511e+03 9.272353e+03 9.242435e+03
9.337325e+03 9.275547e+03 9.269289e+03 9.343584e+03
9.271078e+03 9.275684e+03 9.267405e+03 9.279357e+03
9.327876e+03 9.274935e+03 9.267481e+03 9.335330e+03
9.303919e+03 9.274099e+03 9.270548e+03 9.307470e+03
9.286943e+03 9.273542e+03 9.274251e+03 9.286234e+03
9.279872e+03 9.273489e+03 9.277293e+03 9.276069e+03
9.250611e+03 9.276927e+03 9.285287e+03 9.242251e+03
9.299880e+03 9.281984e+03 9.294558e+03 9.287306e+03
9.296308e+03 9.282055e+03 9.291571e+03 9.286792e+03
9.293745e+03 9.279020e+03 9.284281e+03 9.288485e+03
9.298651e+03 9.279061e+03 9.285266e+03 9.292447e+03
9.274068e+03 9.284426e+03 9.296740e+03 9.261754e+03
9.276101e+03 9.286898e+03 9.301208e+03 9.261790e+03
9.286854e+03 9.283332e+03 9.292644e+03 9.277541e+03
9.272271e+03 9.278324e+03 9.283220e+03 9.267375e+03
9.275990e+03 9.274777e+03 9.277964e+03 9.272803e+03
9.299683e+03 9.272875e+03 9.275702e+03 9.296856e+03
9.278634e+03 9.272071e+03 9.274963e+03 9.275742e+03
9.297062e+03 9.271923e+03 9.275043e+03 9.293942e+03
9.272360e+03 9.272184e+03 9.275333e+03 9.269212e+03
9.293242e+03 9.272945e+03 9.274353e+03 9.291834e+03
9.310649e+03 9.273845e+03 9.272540e+03 9.311954e+03
9.299230e+03 9.274165e+03 9.270705e+03 9.302691e+03
9.289530e+03 9.274825e+03 9.272136e+03 9.292220e+03
9.332483e+03 9.276355e+03 9.277399e+03 9.331439e+03
9.297059e+03 9.276525e+03 9.278312e+03 9.295272e+03
9.321897e+03 9.275584e+03 9.276131e+03 9.321350e+03
9.257904e+03 9.275285e+03 9.272664e+03 9.260524e+03
9.284107e+03 9.275751e+03 9.268692e+03 9.291167e+03
9.281197e+03 9.275755e+03 9.266694e+03 9.290258e+03
9.245738e+03 9.275142e+03 9.267321e+03 9.253558e+03
9.222159e+03 9.275862e+03 9.273402e+03 9.224620e+03
9.306276e+03 9.277991e+03 9.282257e+03 9.302010e+03
9.323188e+03 9.278942e+03 9.286583e+03 9.315547e+03
9.316423e+03 9.277727e+03 9.282891e+03 9.311259e+03
9.274428e+03 9.277269e+03 9.275862e+03 9.275835e+03
9.262039e+03 9.277588e+03 9.269950e+03 9.269677e+03
9.285562e+03 9.276544e+03 9.267390e+03 9.294716e+03
9.261623e+03 9.274886e+03 9.269004e+03 9.267506e+03
9.288487e+03 9.273659e+03 9.272420e+03 9.289726e+03
9.271444e+03 9.273032e+03 9.275327e+03 9.269149e+03
9.253687e+03 9.272809e+03 9.277138e+03 9.249358e+03
9.279450e+03 9.272844e+03 9.278120e+03 9.274174e+03
9.275457e+03 9.273921e+03 9.280254e+03 9.269124e+03
9.252135e+03 9.276451e+03 9.284685e+03 9.243902e+03
9.251850e+03 9.277746e+03 9.285512e+03 9.244084e+03
9.266500e+03 9.276832e+03 9.280887e+03 9.262445e+03
9.260042e+03 9.276170e+03 9.275633e+03 9.260579e+03
9.240648e+03 9.277126e+03 9.270323e+03 9.247452e+03
9.289741e+03 9.277008e+03 9.267079e+03 9.299670e+03
9.256885e+03 9.275619e+03 9.267704e+03 9.264799e+03
9.250140e+03 9.275986e+03 9.274335e+03 9.251791e+03
9.272700e+03 9.280634e+03 9.287827e+03 9.265507e+03
9.304220e+03 9.282519e+03 9.291976e+03 9.294762e+03
9.295941e+03 9.279969e+03 9.286168e+03 9.289743e+03
9.260677e+03 9.276610e+03 9.280808e+03 9.256479e+03
9.281243e+03 9.274299e+03 9.278152e+03 9.277391e+03
9.265128e+03 9.273063e+03 9.276969e+03 9.261222e+03
9.290931e+03 9.272533e+03 9.276477e+03 9.286987e+03
9.293287e+03 9.272514e+03 9.276119e+03 9.289682e+03
9.279855e+03 9.273073e+03 9.274709e+03 9.278219e+03
9.291386e+03 9.273591e+03 9.272504e+03 9.292473e+03
9.272247e+03 9.273661e+03 9.270914e+03 9.274994e+03
9.238103e+03 9.273531e+03 9.272069e+03 9.239565e+03
9.250076e+03 9.273453e+03 9.274303e+03 9.249226e+03
9.281293e+03 9.274520e+03 9.274034e+03 9.281779e+03
9.281853e+03 9.277285e+03 9.269876e+03 9.289262e+03
9.267652e+03 9.278649e+03 9.266399e+03 9.279903e+03
9.260135e+03 9.277461e+03 9.265810e+03 9.271785e+03
9.237801e+03 9.275568e+03 9.268986e+03 9.244382e+03
9.311994e+03 9.274159e+03 9.273172e+03 9.312981e+03
9.298736e+03 9.273358e+03 9.276237e+03 9.295858e+03
9.195566e+03 9.272984e+03 9.277919e+03 9.190632e+03
9.220039e+03 9.272880e+03 9.278621e+03 9.214299e+03
9.216453e+03 9.273595e+03 9.279978e+03 9.210070e+03
9.247222e+03 9.278754e+03 9.289223e+03 9.236753e+03
9.289005e+03 9.287026e+03 9.304178e+03 9.271853e+03
9.303041e+03 9.290596e+03 9.309610e+03 9.284027e+03
9.336336e+03 9.286739e+03 9.299233e+03 9.323842e+03
9.300970e+03 9.281255e+03 9.284476e+03 9.297749e+03
9.249538e+03 9.277832e+03 9.272411e+03 9.254960e+03
9.252062e+03 9.275865e+03 9.265751e+03 9.262176e+03
9.230982e+03 9.274205e+03 9.263556e+03 9.241631e+03
9.241130e+03 9.273486e+03 9.263790e+03 9.250825e+03
9.240558e+03 9.273674e+03 9.264590e+03 9.249642e+03
9.280709e+03 9.273624e+03 9.265351e+03 9.288982e+03
9.292362e+03 9.273913e+03 9.267242e+03 9.299034e+03
9.307842e+03 9.275796e+03 9.267533e+03 9.316105e+03
9.257191e+03 9.276729e+03 9.267234e+03 9.266687e+03
9.247103e+03 9.275863e+03 9.268642e+03 9.254324e+03
9.284881e+03 9.274596e+03 9.272159e+03 9.287318e+03
9.328280e+03 9.273902e+03 9.274793e+03 9.327389e+03
9.266519e+03 9.274017e+03 9.274661e+03 9.265874e+03
9.248704e+03 9.274194e+03 9.273338e+03 9.249561e+03
9.259303e+03 9.273973e+03 9.271880e+03 9.261395e+03
9.269829e+03 9.275356e+03 9.275926e+03 9.269259e+03
9.257748e+03 9.280593e+03 9.288213e+03 9.250128e+03
9.322715e+03 9.282749e+03 9.291955e+03 9.313508e+03
9.306637e+03 9.280772e+03 9.286927e+03 9.300482e+03
9.304596e+03 9.281741e+03 9.289686e+03 9.296651e+03
9.304421e+03 9.283978e+03 9.294866e+03 9.293532e+03
9.310544e+03 9.281904e+03 9.289819e+03 9.302629e+03
9.259642e+03 9.277864e+03 9.282267e+03 9.255239e+03
9.271101e+03 9.274729e+03 9.277853e+03 9.267977e+03
9.252941e+03 9.273016e+03 9.276064e+03 9.249894e+03
9.245302e+03 9.272297e+03 9.275550e+03 9.242049e+03
9.258065e+03 9.272153e+03 9.275639e+03 9.254579e+03
9.242448e+03 9.272311e+03 9.276019e+03 9.238740e+03
9.260206e+03 9.272624e+03 9.276546e+03 9.256284e+03
9.290012e+03 9.273872e+03 9.278760e+03 9.285124e+03
9.300245e+03 9.276625e+03 9.283781e+03 9.293089e+03
9.284521e+03 9.278874e+03 9.287685e+03 9.275710e+03
9.311247e+03 9.278531e+03 9.284676e+03 9.305102e+03
9.283859e+03 9.277730e+03 9.277131e+03 9.284458e+03
9.261046e+03 9.278905e+03 9.268844e+03 9.271107e+03
9.282822e+03 9.280283e+03 9.263358e+03 9.299747e+03
9.235199e+03 9.279209e+03 9.262313e+03 9.252095e+03
9.253717e+03 9.276673e+03 9.265145e+03 9.265245e+03
9.279840e+03 9.274527e+03 9.270094e+03 9.284273e+03
9.266063e+03 9.273281e+03 9.274425e+03 9.264919e+03
9.303325e+03 9.272783e+03 9.276897e+03 9.299211e+03
9.318932e+03 9.273039e+03 9.276692e+03 9.315279e+03
9.291695e+03 9.273450e+03 9.274413e+03 9.290732e+03
9.277528e+03 9.273520e+03 9.271710e+03 9.279338e+03
9.261948e+03 9.273644e+03 9.271260e+03 9.264331e+03
9.257354e+03 9.274014e+03 9.271418e+03 9.259949e+03
9.230878e+03 9.274056e+03 9.270738e+03 9.234196e+03
9.259686e+03 9.273797e+03 9.271362e+03 9.262121e+03
9.263765e+03 9.273533e+03 9.273766e+03 9.263532e+03
9.275955e+03 9.273445e+03 9.275821e+03 9.273579e+03
9.262229e+03 9.273788e+03 9.275665e+03 9.260352e+03
9.245268e+03 9.274076e+03 9.273844e+03 9.245499e+03
9.264084e+03 9.273952e+03 9.272118e+03 9.265918e+03
9.274892e+03 9.273866e+03 9.273306e+03 9.275451e+03
9.278522e+03 9.275240e+03 9.278303e+03 9.275460e+03
9.326359e+03 9.277459e+03 9.284151e+03 9.319667e+03
9.270584e+03 9.277727e+03 9.283275e+03 9.265036e+03
9.269391e+03 9.276287e+03 9.278657e+03 9.267020e+03
9.256614e+03 9.274760e+03 9.276472e+03 9.254902e+03
9.255657e+03 9.274494e+03 9.277683e+03 9.252468e+03
9.266659e+03 9.276345e+03 9.282452e+03 9.260552e+03
9.267281e+03 9.278479e+03 9.287054e+03 9.258706e+03
9.233642e+03 9.278386e+03 9.285348e+03 9.226680e+03
9.252077e+03 9.278675e+03 9.283920e+03 9.246833e+03
9.263210e+03 9.283931e+03 9.294049e+03 9.253092e+03
9.315974e+03 9.289980e+03 9.306629e+03 9.299324e+03
9.292678e+03 9.289330e+03 9.304754e+03 9.277253e+03
9.269336e+03 9.283504e+03 9.292411e+03 9.260429e+03
9.291288e+03 9.277787e+03 9.282327e+03 9.286748e+03
9.259003e+03 9.274151e+03 9.277086e+03 9.256068e+03
9.285696e+03 9.272319e+03 9.274882e+03 9.283133e+03
9.259729e+03 9.272124e+03 9.273410e+03 9.258442e+03
9.271592e+03 9.274468e+03 9.269348e+03 9.276712e+03
9.284102e+03 9.277158e+03 9.265170e+03 9.296089e+03
9.261528e+03 9.277251e+03 9.263603e+03 9.275176e+03
9.283143e+03 9.275767e+03 9.266020e+03 9.292890e+03
9.297093e+03 9.274351e+03 9.270664e+03 9.300779e+03
9.258992e+03 9.273475e+03 9.274639e+03 9.257828e+03
9.266225e+03 9.273668e+03 9.275886e+03 9.264006e+03
9.224439e+03 9.276026e+03 9.272363e+03 9.228103e+03
9.245965e+03 9.278154e+03 9.268097e+03 9.256021e+03
9.217126e+03 9.277647e+03 9.266135e+03 9.228637e+03
9.241168e+03 9.275980e+03 9.267767e+03 9.249381e+03
9.275329e+03 9.274980e+03 9.269907e+03 9.280402e+03
9.259306e+03 9.274587e+03 9.270893e+03 9.263000e+03
9.260676e+03 9.274071e+03 9.270238e+03 9.264509e+03
9.248223e+03 9.273528e+03 9.271048e+03 9.250703e+03
9.275030e+03 9.273812e+03 9.274942e+03 9.273900e+03
9.280832e+03 9.275967e+03 9.281730e+03 9.275069e+03
9.258311e+03 9.278446e+03 9.287775e+03 9.248981e+03
9.268171e+03 9.278632e+03 9.286997e+03 9.259806e+03
9.248798e+03 9.276893e+03 9.281469e+03 9.244222e+03
9.285419e+03 9.275430e+03 9.276351e+03 9.284498e+03
9.283813e+03 9.275249e+03 9.271178e+03 9.287885e+03
9.289630e+03 9.275149e+03 9.267771e+03 9.297008e+03
9.266761e+03 9.274454e+03 9.267000e+03 9.274214e+03
9.255419e+03 9.273879e+03 9.268903e+03 9.260394e+03
9.279238e+03 9.273891e+03 9.270614e+03 9.282515e+03
9.262826e+03 9.273858e+03 9.270750e+03 9.265934e+03
9.273319e+03 9.273661e+03 9.271161e+03 9.275819e+03
9.264757e+03 9.273846e+03 9.271916e+03 9.266687e+03
9.254586e+03 9.274299e+03 9.271960e+03 9.256925e+03
9.254887e+03 9.274310e+03 9.271177e+03 9.258020e+03
9.242554e+03 9.273950e+03 9.271414e+03 9.245090e+03
9.290991e+03 9.273595e+03 9.273606e+03 9.290980e+03
9.286831e+03 9.273424e+03 9.275779e+03 9.284476e+03
9.304521e+03 9.273911e+03 9.275071e+03 9.303361e+03
9.311525e+03 9.275071e+03 9.271314e+03 9.315282e+03
9.275460e+03 9.275822e+03 9.268201e+03 9.283082e+03
9.253032e+03 9.275554e+03 9.266505e+03 9.262081e+03
9.231896e+03 9.276169e+03 9.265392e+03 9.242674e+03
9.217415e+03 9.277408e+03 9.264724e+03 9.230099e+03
9.223389e+03 9.276905e+03 9.265113e+03 9.235180e+03
9.251702e+03 9.275394e+03 9.268380e+03 9.258717e+03
9.272569e+03 9.274116e+03 9.272932e+03 9.273753e+03
9.279987e+03 9.273391e+03 9.276324e+03 9.277054e+03
9.269686e+03 9.273485e+03 9.276561e+03 9.266609e+03
9.253058e+03 9.274515e+03 9.273050e+03 9.254523e+03
9.227238e+03 9.275487e+03 9.269402e+03 9.233323e+03
9.231695e+03 9.275372e+03 9.267795e+03 9.239273e+03
9.216103e+03 9.274593e+03 9.268992e+03 9.221703e+03
9.273104e+03 9.273871e+03 9.272306e+03 9.274670e+03
