8.780126e+03 8.720478e+03 8.673741e+03 8.826863e+03
8.791207e+03 8.720478e+03 8.673741e+03 8.837944e+03
8.755047e+03 8.720478e+03 8.673742e+03 8.801784e+03
8.738542e+03 8.722468e+03 8.675731e+03 8.785278e+03
8.758748e+03 8.738598e+03 8.691861e+03 8.805485e+03
8.797154e+03 8.765488e+03 8.718769e+03 8.843872e+03
8.779584e+03 8.777707e+03 8.743040e+03 8.814250e+03
8.791860e+03 8.765107e+03 8.773330e+03 8.783638e+03
8.812040e+03 8.744800e+03 8.780419e+03 8.776421e+03
8.814659e+03 8.729306e+03 8.769494e+03 8.774471e+03
8.781001e+03 8.720384e+03 8.759309e+03 8.742076e+03
8.793347e+03 8.716221e+03 8.769291e+03 8.740277e+03
8.805381e+03 8.715056e+03 8.755966e+03 8.764471e+03
8.799092e+03 8.715579e+03 8.728522e+03 8.786148e+03
8.743214e+03 8.716799e+03 8.723290e+03 8.736723e+03
8.726544e+03 8.718061e+03 8.731628e+03 8.712977e+03
8.771105e+03 8.719052e+03 8.742298e+03 8.747859e+03
8.743081e+03 8.719710e+03 8.735815e+03 8.726976e+03
8.739532e+03 8.720095e+03 8.731383e+03 8.728244e+03
8.770527e+03 8.720300e+03 8.739079e+03 8.751748e+03
8.807418e+03 8.720400e+03 8.740225e+03 8.787592e+03
8.744455e+03 8.720445e+03 8.718600e+03 8.746301e+03
8.714905e+03 8.720465e+03 8.700251e+03 8.735119e+03
8.722113e+03 8.720474e+03 8.704570e+03 8.738017e+03
8.751849e+03 8.720477e+03 8.719457e+03 8.752869e+03
8.827913e+03 8.720478e+03 8.735699e+03 8.812692e+03
8.769260e+03 8.720478e+03 8.727182e+03 8.762555e+03
8.717775e+03 8.720478e+03 8.713632e+03 8.724621e+03
8.726832e+03 8.720478e+03 8.717734e+03 8.729576e+03
8.793377e+03 8.720478e+03 8.747399e+03 8.766456e+03
8.810971e+03 8.720478e+03 8.756401e+03 8.775048e+03
8.735132e+03 8.720478e+03 8.748387e+03 8.707223e+03
8.733717e+03 8.720478e+03 8.741816e+03 8.712378e+03
8.731161e+03 8.720478e+03 8.746999e+03 8.704640e+03
8.749389e+03 8.720478e+03 8.750878e+03 8.718989e+03
8.697822e+03 8.720478e+03 8.754289e+03 8.664011e+03
8.688146e+03 8.720478e+03 8.754236e+03 8.654388e+03
8.730307e+03 8.720478e+03 8.756689e+03 8.694096e+03
8.811253e+03 8.720478e+03 8.751137e+03 8.780593e+03
8.791388e+03 8.720478e+03 8.743286e+03 8.768580e+03
8.742366e+03 8.720478e+03 8.737050e+03 8.725793e+03
8.725208e+03 8.720478e+03 8.740889e+03 8.704796e+03
8.750659e+03 8.721774e+03 8.735226e+03 8.737207e+03
8.772925e+03 8.735884e+03 8.724584e+03 8.784225e+03
8.784590e+03 8.762599e+03 8.727409e+03 8.819780e+03
8.761309e+03 8.777740e+03 8.733942e+03 8.805107e+03
8.773361e+03 8.767306e+03 8.744042e+03 8.796625e+03
8.740355e+03 8.746992e+03 8.734410e+03 8.752937e+03
8.699744e+03 8.730722e+03 8.708108e+03 8.722358e+03
8.669245e+03 8.721125e+03 8.684784e+03 8.705586e+03
8.695732e+03 8.716517e+03 8.671673e+03 8.740576e+03
8.755463e+03 8.715082e+03 8.677325e+03 8.793220e+03
8.788847e+03 8.715468e+03 8.703462e+03 8.800853e+03
8.809602e+03 8.716648e+03 8.737354e+03 8.788896e+03
8.839427e+03 8.717927e+03 8.767026e+03 8.790329e+03
8.779320e+03 8.719978e+03 8.755456e+03 8.743842e+03
8.746758e+03 8.733765e+03 8.734406e+03 8.746117e+03
8.739528e+03 8.758001e+03 8.730373e+03 8.767156e+03
8.768507e+03 8.764911e+03 8.746946e+03 8.786472e+03
8.787023e+03 8.752300e+03 8.762062e+03 8.777261e+03
8.766405e+03 8.736610e+03 8.740940e+03 8.762075e+03
8.757045e+03 8.731052e+03 8.712449e+03 8.775647e+03
8.785458e+03 8.746700e+03 8.709233e+03 8.822924e+03
8.796369e+03 8.769324e+03 8.721852e+03 8.843841e+03
8.813267e+03 8.772070e+03 8.743522e+03 8.841814e+03
8.816513e+03 8.755248e+03 8.763426e+03 8.808335e+03
8.721188e+03 8.736576e+03 8.745713e+03 8.712050e+03
8.688511e+03 8.724130e+03 8.711769e+03 8.700873e+03
8.719054e+03 8.717612e+03 8.686010e+03 8.750656e+03
8.758055e+03 8.715016e+03 8.682148e+03 8.790924e+03
8.782232e+03 8.714784e+03 8.700760e+03 8.796256e+03
8.796117e+03 8.715772e+03 8.740157e+03 8.771732e+03
8.719702e+03 8.717139e+03 8.748970e+03 8.687871e+03
8.681993e+03 8.718376e+03 8.733860e+03 8.666508e+03
8.695921e+03 8.719279e+03 8.728809e+03 8.686391e+03
8.750370e+03 8.719850e+03 8.734144e+03 8.736077e+03
8.793676e+03 8.720173e+03 8.741609e+03 8.772240e+03
8.757173e+03 8.720339e+03 8.725871e+03 8.751642e+03
8.712620e+03 8.720418e+03 8.699700e+03 8.733338e+03
8.718937e+03 8.720453e+03 8.679869e+03 8.759521e+03
8.746591e+03 8.720468e+03 8.669337e+03 8.797723e+03
8.751818e+03 8.720475e+03 8.665248e+03 8.807046e+03
8.776092e+03 8.720478e+03 8.667318e+03 8.829252e+03
8.765908e+03 8.720478e+03 8.687658e+03 8.798728e+03
8.800854e+03 8.720478e+03 8.717312e+03 8.804020e+03
8.755440e+03 8.720478e+03 8.744121e+03 8.731797e+03
8.844247e+03 8.720478e+03 8.758478e+03 8.806247e+03
8.860635e+03 8.720478e+03 8.759657e+03 8.821457e+03
8.795286e+03 8.720482e+03 8.761719e+03 8.754050e+03
8.718689e+03 8.723642e+03 8.752003e+03 8.690328e+03
8.689708e+03 8.742215e+03 8.739822e+03 8.692101e+03
8.675125e+03 8.768793e+03 8.738086e+03 8.705832e+03
8.712577e+03 8.777159e+03 8.740577e+03 8.749158e+03
8.731970e+03 8.762238e+03 8.747209e+03 8.746999e+03
8.767102e+03 8.742168e+03 8.748525e+03 8.760746e+03
8.722459e+03 8.727661e+03 8.751928e+03 8.698192e+03
8.737725e+03 8.719545e+03 8.753039e+03 8.704230e+03
8.753727e+03 8.715906e+03 8.755867e+03 8.713766e+03
8.771841e+03 8.715053e+03 8.748921e+03 8.737973e+03
8.785938e+03 8.715729e+03 8.740355e+03 8.761312e+03
8.779783e+03 8.716987e+03 8.741836e+03 8.754934e+03
8.742275e+03 8.718223e+03 8.727004e+03 8.733494e+03
8.678108e+03 8.719166e+03 8.700399e+03 8.696876e+03
8.685048e+03 8.719780e+03 8.679186e+03 8.725641e+03
8.708286e+03 8.720133e+03 8.667846e+03 8.760574e+03
8.698980e+03 8.720319e+03 8.664097e+03 8.755201e+03
8.705666e+03 8.720409e+03 8.674986e+03 8.751088e+03
8.730652e+03 8.720449e+03 8.704056e+03 8.747046e+03
8.771498e+03 8.720467e+03 8.732422e+03 8.759544e+03
8.766079e+03 8.720474e+03 8.749603e+03 8.736950e+03
8.727624e+03 8.720477e+03 8.742681e+03 8.705420e+03
8.753286e+03 8.720478e+03 8.733742e+03 8.740022e+03
8.759034e+03 8.720478e+03 8.739443e+03 8.740068e+03
8.769494e+03 8.720478e+03 8.736664e+03 8.753308e+03
8.693675e+03 8.720478e+03 8.719014e+03 8.695138e+03
8.701329e+03 8.720478e+03 8.713391e+03 8.708417e+03
8.715685e+03 8.720478e+03 8.736226e+03 8.699936e+03
8.746245e+03 8.720478e+03 8.754227e+03 8.712496e+03
8.696405e+03 8.720478e+03 8.734908e+03 8.681974e+03
8.673542e+03 8.720478e+03 8.703979e+03 8.690042e+03
8.701468e+03 8.720478e+03 8.681530e+03 8.740416e+03
8.717414e+03 8.720478e+03 8.669615e+03 8.768277e+03
8.689830e+03 8.720478e+03 8.668350e+03 8.741957e+03
8.686676e+03 8.720478e+03 8.686812e+03 8.720342e+03
8.692404e+03 8.720478e+03 8.716412e+03 8.696470e+03
8.738696e+03 8.720478e+03 8.737919e+03 8.721255e+03
8.752975e+03 8.720478e+03 8.728043e+03 8.745410e+03
8.704407e+03 8.720478e+03 8.704831e+03 8.720055e+03
8.672334e+03 8.720478e+03 8.694031e+03 8.698782e+03
8.709683e+03 8.720478e+03 8.703689e+03 8.726471e+03
8.738296e+03 8.720478e+03 8.727682e+03 8.731091e+03
8.692774e+03 8.720478e+03 8.757187e+03 8.656065e+03
8.722845e+03 8.720478e+03 8.748375e+03 8.694948e+03
8.694654e+03 8.720478e+03 8.717316e+03 8.697816e+03
8.627567e+03 8.720478e+03 8.690432e+03 8.657613e+03
8.490306e+03 8.720478e+03 8.674458e+03 8.536326e+03
8.513637e+03 8.720478e+03 8.666850e+03 8.567265e+03
8.526896e+03 8.720478e+03 8.666495e+03 8.580878e+03
8.624644e+03 8.720478e+03 8.682553e+03 8.662570e+03
8.675660e+03 8.720478e+03 8.709520e+03 8.686618e+03
8.741789e+03 8.720478e+03 8.730966e+03 8.731301e+03
8.765806e+03 8.721774e+03 8.749150e+03 8.738430e+03
8.788282e+03 8.735884e+03 8.753599e+03 8.770566e+03
8.735584e+03 8.762599e+03 8.753860e+03 8.744323e+03
8.709971e+03 8.777740e+03 8.751474e+03 8.736237e+03
8.720885e+03 8.768096e+03 8.754503e+03 8.734479e+03
8.726922e+03 8.759493e+03 8.751260e+03 8.735154e+03
8.772010e+03 8.759922e+03 8.747908e+03 8.784023e+03
8.778798e+03 8.750411e+03 8.763733e+03 8.765476e+03
8.762635e+03 8.735156e+03 8.760235e+03 8.737556e+03
8.759695e+03 8.723550e+03 8.743217e+03 8.740028e+03
8.774544e+03 8.717519e+03 8.738613e+03 8.753451e+03
8.786754e+03 8.715347e+03 8.736079e+03 8.766023e+03
8.723211e+03 8.715268e+03 8.714789e+03 8.723690e+03
8.715758e+03 8.716166e+03 8.698539e+03 8.733384e+03
8.707805e+03 8.717362e+03 8.708460e+03 8.716708e+03
8.707332e+03 8.718462e+03 8.726988e+03 8.698807e+03
8.727958e+03 8.719292e+03 8.742997e+03 8.704254e+03
8.703031e+03 8.719837e+03 8.737590e+03 8.685279e+03
8.695562e+03 8.720157e+03 8.730205e+03 8.685513e+03
8.731519e+03 8.720327e+03 8.746505e+03 8.705341e+03
8.800603e+03 8.720412e+03 8.760489e+03 8.760526e+03
8.799061e+03 8.720451e+03 8.751006e+03 8.768506e+03
8.798421e+03 8.720468e+03 8.741540e+03 8.777348e+03
8.783151e+03 8.720474e+03 8.743226e+03 8.760398e+03
8.735868e+03 8.720477e+03 8.727846e+03 8.728499e+03
8.638142e+03 8.720478e+03 8.700832e+03 8.657788e+03
8.636510e+03 8.720478e+03 8.679473e+03 8.677514e+03
8.624901e+03 8.720478e+03 8.668082e+03 8.677297e+03
8.649749e+03 8.720478e+03 8.663867e+03 8.706360e+03
8.640971e+03 8.720478e+03 8.663647e+03 8.697801e+03
8.664410e+03 8.720478e+03 8.665775e+03 8.719113e+03
8.688533e+03 8.720478e+03 8.679154e+03 8.729857e+03
8.743653e+03 8.720478e+03 8.710112e+03 8.754019e+03
8.785692e+03 8.720478e+03 8.737811e+03 8.768359e+03
8.832568e+03 8.720478e+03 8.756977e+03 8.796069e+03
8.766730e+03 8.720478e+03 8.762445e+03 8.724764e+03
8.706226e+03 8.720478e+03 8.757337e+03 8.669368e+03
8.666482e+03 8.720478e+03 8.748970e+03 8.637991e+03
8.702858e+03 8.720478e+03 8.748624e+03 8.674712e+03
8.706382e+03 8.720478e+03 8.741138e+03 8.685722e+03
8.706737e+03 8.720478e+03 8.715204e+03 8.712012e+03
8.711994e+03 8.720478e+03 8.688988e+03 8.743484e+03
8.717402e+03 8.720478e+03 8.675440e+03 8.762439e+03
8.735393e+03 8.720478e+03 8.686188e+03 8.769683e+03
8.766672e+03 8.720478e+03 8.718344e+03 8.768806e+03
8.763600e+03 8.720478e+03 8.754671e+03 8.729407e+03
8.801214e+03 8.720478e+03 8.759063e+03 8.762629e+03
8.801304e+03 8.720478e+03 8.752860e+03 8.768923e+03
8.788850e+03 8.720478e+03 8.754838e+03 8.754490e+03
8.744541e+03 8.720478e+03 8.743450e+03 8.721569e+03
8.617452e+03 8.720478e+03 8.714347e+03 8.623584e+03
8.623866e+03 8.720478e+03 8.690800e+03 8.653544e+03
8.682976e+03 8.720478e+03 8.693647e+03 8.709807e+03
8.763274e+03 8.720478e+03 8.714704e+03 8.769048e+03
8.789986e+03 8.720478e+03 8.733217e+03 8.777247e+03
8.737204e+03 8.720478e+03 8.725238e+03 8.732445e+03
8.699202e+03 8.720478e+03 8.720334e+03 8.699347e+03
8.697790e+03 8.720478e+03 8.730738e+03 8.687530e+03
8.724971e+03 8.720478e+03 8.756257e+03 8.689192e+03
8.770309e+03 8.720478e+03 8.767106e+03 8.723681e+03
8.701410e+03 8.720478e+03 8.740820e+03 8.681068e+03
8.663214e+03 8.720478e+03 8.714237e+03 8.669456e+03
8.710028e+03 8.720478e+03 8.716826e+03 8.713680e+03
8.710025e+03 8.720478e+03 8.731814e+03 8.698689e+03
8.741081e+03 8.720478e+03 8.745735e+03 8.715824e+03
8.779235e+03 8.720478e+03 8.752356e+03 8.747357e+03
8.741484e+03 8.720478e+03 8.750349e+03 8.711613e+03
8.673772e+03 8.720478e+03 8.745933e+03 8.648317e+03
8.668124e+03 8.720478e+03 8.746592e+03 8.642011e+03
8.671605e+03 8.720478e+03 8.742911e+03 8.649172e+03
8.615582e+03 8.720478e+03 8.718922e+03 8.617138e+03
8.627753e+03 8.720478e+03 8.691820e+03 8.656411e+03
8.697561e+03 8.720478e+03 8.674038e+03 8.744001e+03
8.698325e+03 8.720478e+03 8.669197e+03 8.749606e+03
8.686986e+03 8.720478e+03 8.684116e+03 8.723349e+03
8.668733e+03 8.720478e+03 8.708787e+03 8.680425e+03
8.732233e+03 8.720478e+03 8.747488e+03 8.705223e+03
8.754082e+03 8.720478e+03 8.757841e+03 8.716719e+03
8.639184e+03 8.720478e+03 8.732375e+03 8.627288e+03
8.571250e+03 8.720478e+03 8.701844e+03 8.589884e+03
8.591952e+03 8.720478e+03 8.685783e+03 8.626647e+03
8.630555e+03 8.720478e+03 8.693436e+03 8.657598e+03
8.664675e+03 8.720478e+03 8.714004e+03 8.671150e+03
8.709619e+03 8.720478e+03 8.749506e+03 8.680591e+03
8.708608e+03 8.720478e+03 8.758407e+03 8.670679e+03
8.727021e+03 8.720478e+03 8.753641e+03 8.693858e+03
8.710327e+03 8.720478e+03 8.753637e+03 8.677168e+03
8.703860e+03 8.720478e+03 8.770554e+03 8.653785e+03
8.697381e+03 8.720478e+03 8.764797e+03 8.653062e+03
8.692643e+03 8.720478e+03 8.736933e+03 8.676189e+03
8.700996e+03 8.720478e+03 8.728274e+03 8.693200e+03
8.689759e+03 8.720478e+03 8.735747e+03 8.674490e+03
8.710301e+03 8.720478e+03 8.745258e+03 8.685521e+03
8.726059e+03 8.720800e+03 8.745825e+03 8.701034e+03
8.737781e+03 8.729976e+03 8.731971e+03 8.735786e+03
8.694225e+03 8.753537e+03 8.727890e+03 8.719872e+03
8.661395e+03 8.765813e+03 8.733295e+03 8.693913e+03
8.738232e+03 8.756095e+03 8.741110e+03 8.753217e+03
8.778293e+03 8.739887e+03 8.733665e+03 8.784515e+03
8.734690e+03 8.727647e+03 8.730113e+03 8.732224e+03
8.729797e+03 8.720615e+03 8.739294e+03 8.711118e+03
8.647879e+03 8.717287e+03 8.740731e+03 8.624435e+03
8.565474e+03 8.716305e+03 8.736673e+03 8.545106e+03
8.596191e+03 8.716668e+03 8.739145e+03 8.573714e+03
8.635503e+03 8.717604e+03 8.747613e+03 8.605494e+03
8.653316e+03 8.718587e+03 8.743052e+03 8.628852e+03
8.663296e+03 8.719363e+03 8.717233e+03 8.665425e+03
8.642492e+03 8.720899e+03 8.691484e+03 8.671907e+03
8.693829e+03 8.734297e+03 8.687658e+03 8.740469e+03
8.712987e+03 8.760952e+03 8.706280e+03 8.767659e+03
8.716881e+03 8.777554e+03 8.727724e+03 8.766711e+03
8.702063e+03 8.768336e+03 8.759688e+03 8.710712e+03
8.716323e+03 8.748104e+03 8.773199e+03 8.691228e+03
8.765963e+03 8.731460e+03 8.768045e+03 8.729378e+03
8.778215e+03 8.721518e+03 8.776179e+03 8.723554e+03
8.757751e+03 8.716680e+03 8.761224e+03 8.713206e+03
8.675553e+03 8.715104e+03 8.723545e+03 8.667112e+03
8.653637e+03 8.715796e+03 8.690600e+03 8.678833e+03
8.678222e+03 8.726598e+03 8.680836e+03 8.723984e+03
8.704783e+03 8.752978e+03 8.697575e+03 8.760186e+03
8.702950e+03 8.774848e+03 8.718727e+03 8.759072e+03
8.736297e+03 8.770903e+03 8.738715e+03 8.768485e+03
8.699699e+03 8.751717e+03 8.740853e+03 8.710562e+03
8.651168e+03 8.734037e+03 8.718934e+03 8.666272e+03
