0.3 1.232749e+04 1.229065e+04 1.227187e+04 1.230871e+04
1.3 1.232592e+04 1.227980e+04 1.227281e+04 1.231893e+04
2.3 1.230473e+04 1.227502e+04 1.227947e+04 1.230918e+04
3.3 1.231467e+04 1.227833e+04 1.228992e+04 1.232626e+04
4.3 1.232873e+04 1.228202e+04 1.229408e+04 1.234080e+04
5.3 1.238585e+04 1.228420e+04 1.228880e+04 1.239044e+04
6.3 1.234857e+04 1.227891e+04 1.228092e+04 1.235057e+04
7.3 1.230902e+04 1.226989e+04 1.227504e+04 1.231417e+04
8.3 1.227411e+04 1.226283e+04 1.227170e+04 1.228298e+04
9.3 1.227885e+04 1.225897e+04 1.227016e+04 1.229004e+04
10.3 1.229932e+04 1.225748e+04 1.226980e+04 1.231164e+04
11.3 1.228637e+04 1.225986e+04 1.227257e+04 1.229909e+04
12.3 1.228560e+04 1.226904e+04 1.228172e+04 1.229827e+04
13.3 1.228726e+04 1.227854e+04 1.228848e+04 1.229720e+04
14.3 1.232944e+04 1.228502e+04 1.228622e+04 1.233064e+04
15.3 1.230209e+04 1.228393e+04 1.228213e+04 1.230029e+04
16.3 1.227829e+04 1.228266e+04 1.228420e+04 1.227982e+04
17.3 1.227066e+04 1.228728e+04 1.228473e+04 1.226811e+04
18.3 1.226799e+04 1.229069e+04 1.228036e+04 1.225766e+04
19.3 1.229381e+04 1.228510e+04 1.227538e+04 1.228409e+04
20.3 1.229395e+04 1.228682e+04 1.227218e+04 1.227931e+04
21.3 1.230290e+04 1.229693e+04 1.227067e+04 1.227664e+04
0.7 1.229932e+04 1.225748e+04 1.226980e+04 1.231164e+04
1.7 1.228637e+04 1.225986e+04 1.227257e+04 1.229909e+04
2.7 1.228560e+04 1.226904e+04 1.228172e+04 1.229827e+04
3.7 1.228726e+04 1.227854e+04 1.228848e+04 1.229720e+04
4.7 1.232944e+04 1.228502e+04 1.228622e+04 1.233064e+04
5.7 1.230209e+04 1.228393e+04 1.228213e+04 1.230029e+04
6.7 1.227829e+04 1.228266e+04 1.228420e+04 1.227982e+04
7.7 1.227066e+04 1.228728e+04 1.228473e+04 1.226811e+04
8.7 1.226799e+04 1.229069e+04 1.228036e+04 1.225766e+04
9.7 1.229381e+04 1.228510e+04 1.227538e+04 1.228409e+04
10.7 1.229395e+04 1.228682e+04 1.227218e+04 1.227931e+04
11.7 1.230290e+04 1.229693e+04 1.227067e+04 1.227664e+04
12.7 1.234248e+04 1.230354e+04 1.227019e+04 1.230914e+04
13.7 1.235949e+04 1.230326e+04 1.227026e+04 1.232650e+04
14.7 1.229699e+04 1.228739e+04 1.227058e+04 1.228018e+04
15.7 1.226382e+04 1.226597e+04 1.227097e+04 1.226881e+04
16.7 1.229978e+04 1.225787e+04 1.227131e+04 1.231322e+04
17.7 1.234669e+04 1.226737e+04 1.227155e+04 1.235087e+04
18.7 1.228773e+04 1.227129e+04 1.227170e+04 1.228814e+04
19.7 1.225450e+04 1.226687e+04 1.227179e+04 1.225942e+04
20.7 1.221606e+04 1.225749e+04 1.227183e+04 1.223040e+04
21.7 1.225149e+04 1.224652e+04 1.227185e+04 1.227682e+04
0.6 1.232944e+04 1.228502e+04 1.228622e+04 1.233064e+04
1.6 1.230209e+04 1.228393e+04 1.228213e+04 1.230029e+04
2.6 1.227829e+04 1.228266e+04 1.228420e+04 1.227982e+04
3.6 1.227066e+04 1.228728e+04 1.228473e+04 1.226811e+04
4.6 1.226799e+04 1.229069e+04 1.228036e+04 1.225766e+04
5.6 1.229381e+04 1.228510e+04 1.227538e+04 1.228409e+04
6.6 1.229395e+04 1.228682e+04 1.227218e+04 1.227931e+04
7.6 1.230290e+04 1.229693e+04 1.227067e+04 1.227664e+04
8.6 1.234248e+04 1.230354e+04 1.227019e+04 1.230914e+04
9.6 1.235949e+04 1.230326e+04 1.227026e+04 1.232650e+04
10.6 1.229699e+04 1.228739e+04 1.227058e+04 1.228018e+04
11.6 1.226382e+04 1.226597e+04 1.227097e+04 1.226881e+04
12.6 1.229978e+04 1.225787e+04 1.227131e+04 1.231322e+04
13.6 1.234669e+04 1.226737e+04 1.227155e+04 1.235087e+04
14.6 1.228773e+04 1.227129e+04 1.227170e+04 1.228814e+04
15.6 1.225450e+04 1.226687e+04 1.227179e+04 1.225942e+04
16.6 1.221606e+04 1.225749e+04 1.227183e+04 1.223040e+04
17.6 1.225149e+04 1.224652e+04 1.227185e+04 1.227682e+04
18.6 1.229532e+04 1.224362e+04 1.227186e+04 1.232357e+04
19.6 1.228156e+04 1.225538e+04 1.227187e+04 1.229805e+04
20.6 1.226535e+04 1.226473e+04 1.227187e+04 1.227249e+04
21.6 1.224161e+04 1.226638e+04 1.227187e+04 1.224709e+04
0.2 1.223812e+04 1.226771e+04 1.227187e+04 1.224228e+04
1.2 1.228426e+04 1.226619e+04 1.227257e+04 1.229065e+04
2.2 1.226018e+04 1.227008e+04 1.227865e+04 1.226874e+04
3.2 1.227264e+04 1.227828e+04 1.228774e+04 1.228210e+04
4.2 1.234389e+04 1.228856e+04 1.228922e+04 1.234455e+04
5.2 1.233516e+04 1.229573e+04 1.228674e+04 1.232618e+04
6.2 1.230873e+04 1.229553e+04 1.228773e+04 1.230093e+04
7.2 1.231278e+04 1.229695e+04 1.228552e+04 1.230136e+04
8.2 1.228799e+04 1.229356e+04 1.227975e+04 1.227417e+04
9.2 1.227347e+04 1.228123e+04 1.227457e+04 1.226681e+04
10.2 1.224754e+04 1.226878e+04 1.227154e+04 1.225029e+04
11.2 1.228358e+04 1.226093e+04 1.227022e+04 1.229287e+04
12.2 1.230427e+04 1.225759e+04 1.226992e+04 1.231661e+04
13.2 1.229243e+04 1.225738e+04 1.227014e+04 1.230520e+04
14.2 1.227556e+04 1.226202e+04 1.227056e+04 1.228410e+04
15.2 1.230296e+04 1.227331e+04 1.227099e+04 1.230063e+04
16.2 1.228153e+04 1.228810e+04 1.227134e+04 1.226477e+04
17.2 1.227824e+04 1.229991e+04 1.227158e+04 1.224990e+04
18.2 1.228147e+04 1.230621e+04 1.227172e+04 1.224698e+04
19.2 1.225847e+04 1.229920e+04 1.227180e+04 1.223107e+04
20.2 1.223260e+04 1.227817e+04 1.227184e+04 1.222627e+04
21.2 1.222771e+04 1.225798e+04 1.227186e+04 1.224159e+04
0.8 1.234389e+04 1.228856e+04 1.228922e+04 1.234455e+04
1.8 1.233516e+04 1.229573e+04 1.228674e+04 1.232618e+04
2.8 1.230873e+04 1.229553e+04 1.228773e+04 1.230093e+04
3.8 1.231278e+04 1.229695e+04 1.228552e+04 1.230136e+04
4.8 1.228799e+04 1.229356e+04 1.227975e+04 1.227417e+04
5.8 1.227347e+04 1.228123e+04 1.227457e+04 1.226681e+04
6.8 1.224754e+04 1.226878e+04 1.227154e+04 1.225029e+04
7.8 1.228358e+04 1.226093e+04 1.227022e+04 1.229287e+04
8.8 1.230427e+04 1.225759e+04 1.226992e+04 1.231661e+04
9.8 1.229243e+04 1.225738e+04 1.227014e+04 1.230520e+04
10.8 1.227556e+04 1.226202e+04 1.227056e+04 1.228410e+04
11.8 1.230296e+04 1.227331e+04 1.227099e+04 1.230063e+04
12.8 1.228153e+04 1.228810e+04 1.227134e+04 1.226477e+04
13.8 1.227824e+04 1.229991e+04 1.227158e+04 1.224990e+04
14.8 1.228147e+04 1.230621e+04 1.227172e+04 1.224698e+04
15.8 1.225847e+04 1.229920e+04 1.227180e+04 1.223107e+04
16.8 1.223260e+04 1.227817e+04 1.227184e+04 1.222627e+04
17.8 1.222771e+04 1.225798e+04 1.227186e+04 1.224159e+04
18.8 1.227848e+04 1.225997e+04 1.227186e+04 1.229037e+04
19.8 1.231409e+04 1.227592e+04 1.227187e+04 1.231003e+04
20.8 1.229073e+04 1.229337e+04 1.227187e+04 1.226923e+04
21.8 1.229371e+04 1.230451e+04 1.227187e+04 1.226107e+04
0.6 1.223608e+04 1.227222e+04 1.227188e+04 1.223575e+04
1.6 1.222879e+04 1.227403e+04 1.227384e+04 1.222860e+04
2.6 1.224414e+04 1.227776e+04 1.228212e+04 1.224849e+04
3.6 1.227504e+04 1.228401e+04 1.229208e+04 1.228310e+04
4.6 1.230919e+04 1.229028e+04 1.229368e+04 1.231259e+04
5.6 1.231485e+04 1.229438e+04 1.228705e+04 1.230751e+04
6.6 1.228664e+04 1.228660e+04 1.227935e+04 1.227939e+04
7.6 1.227702e+04 1.227459e+04 1.227406e+04 1.227649e+04
8.6 1.221375e+04 1.226605e+04 1.227119e+04 1.221889e+04
9.6 1.228060e+04 1.226346e+04 1.226996e+04 1.228710e+04
10.6 1.234876e+04 1.227305e+04 1.226975e+04 1.234546e+04
11.6 1.232374e+04 1.227659e+04 1.227007e+04 1.231721e+04
12.6 1.227881e+04 1.227023e+04 1.227058e+04 1.227916e+04
13.6 1.228500e+04 1.227496e+04 1.227105e+04 1.228109e+04
14.6 1.229843e+04 1.227899e+04 1.227140e+04 1.229084e+04
15.6 1.231891e+04 1.227439e+04 1.227207e+04 1.231659e+04
16.6 1.233169e+04 1.227247e+04 1.227749e+04 1.233672e+04
17.6 1.232012e+04 1.227711e+04 1.228679e+04 1.232979e+04
18.6 1.231325e+04 1.228572e+04 1.228915e+04 1.231668e+04
19.6 1.230459e+04 1.229070e+04 1.228409e+04 1.229798e+04
20.6 1.228865e+04 1.228257e+04 1.227799e+04 1.228407e+04
21.6 1.226209e+04 1.226648e+04 1.227378e+04 1.226940e+04
0.1 1.229843e+04 1.227899e+04 1.227140e+04 1.229084e+04
1.1 1.231891e+04 1.227439e+04 1.227207e+04 1.231659e+04
2.1 1.233169e+04 1.227247e+04 1.227749e+04 1.233672e+04
3.1 1.232012e+04 1.227711e+04 1.228679e+04 1.232979e+04
4.1 1.231325e+04 1.228572e+04 1.228915e+04 1.231668e+04
5.1 1.230459e+04 1.229070e+04 1.228409e+04 1.229798e+04
6.1 1.228865e+04 1.228257e+04 1.227799e+04 1.228407e+04
7.1 1.226209e+04 1.226648e+04 1.227378e+04 1.226940e+04
8.1 1.228226e+04 1.225969e+04 1.227148e+04 1.229405e+04
9.1 1.225757e+04 1.226913e+04 1.227046e+04 1.225891e+04
10.1 1.230578e+04 1.227270e+04 1.227025e+04 1.230332e+04
11.1 1.230514e+04 1.226731e+04 1.227047e+04 1.230830e+04
12.1 1.230833e+04 1.225737e+04 1.227085e+04 1.232182e+04
13.1 1.225304e+04 1.225940e+04 1.227122e+04 1.226486e+04
14.1 1.224301e+04 1.227152e+04 1.227150e+04 1.224299e+04
15.1 1.226453e+04 1.227395e+04 1.227167e+04 1.226225e+04
16.1 1.229622e+04 1.226928e+04 1.227177e+04 1.229871e+04
17.1 1.232453e+04 1.226446e+04 1.227183e+04 1.233189e+04
18.1 1.231206e+04 1.226149e+04 1.227185e+04 1.232242e+04
19.1 1.226404e+04 1.225959e+04 1.227186e+04 1.227631e+04
20.1 1.224686e+04 1.225576e+04 1.227187e+04 1.226297e+04
21.1 1.226778e+04 1.225165e+04 1.227187e+04 1.228799e+04
0.1 1.231567e+04 1.226872e+04 1.227187e+04 1.231882e+04
1.1 1.231486e+04 1.227380e+04 1.227227e+04 1.231332e+04
2.1 1.229565e+04 1.228021e+04 1.227716e+04 1.229260e+04
3.1 1.225270e+04 1.228407e+04 1.228343e+04 1.225207e+04
4.1 1.224554e+04 1.228669e+04 1.228309e+04 1.224194e+04
5.1 1.227517e+04 1.228216e+04 1.227910e+04 1.227211e+04
6.1 1.227544e+04 1.227698e+04 1.227943e+04 1.227789e+04
7.1 1.223731e+04 1.227741e+04 1.228370e+04 1.224360e+04
8.1 1.224532e+04 1.228142e+04 1.228288e+04 1.224678e+04
9.1 1.229507e+04 1.228228e+04 1.227833e+04 1.229112e+04
10.1 1.232243e+04 1.228852e+04 1.227427e+04 1.230818e+04
11.1 1.232183e+04 1.229929e+04 1.227190e+04 1.229445e+04
12.1 1.231472e+04 1.230304e+04 1.227081e+04 1.228249e+04
13.1 1.228296e+04 1.229693e+04 1.227048e+04 1.225651e+04
14.1 1.223994e+04 1.227923e+04 1.227057e+04 1.223128e+04
15.1 1.220548e+04 1.226029e+04 1.227086e+04 1.221605e+04
16.1 1.227238e+04 1.225684e+04 1.227118e+04 1.228672e+04
17.1 1.232829e+04 1.226796e+04 1.227145e+04 1.233178e+04
18.1 1.228783e+04 1.227138e+04 1.227164e+04 1.228809e+04
19.1 1.228132e+04 1.226781e+04 1.227175e+04 1.228525e+04
20.1 1.221469e+04 1.226448e+04 1.227181e+04 1.222203e+04
21.1 1.217873e+04 1.226963e+04 1.227184e+04 1.218094e+04
1.0 1.227517e+04 1.228216e+04 1.227910e+04 1.227211e+04
2.0 1.227544e+04 1.227698e+04 1.227943e+04 1.227789e+04
3.0 1.223731e+04 1.227741e+04 1.228370e+04 1.224360e+04
4.0 1.224532e+04 1.228142e+04 1.228288e+04 1.224678e+04
5.0 1.229507e+04 1.228228e+04 1.227833e+04 1.229112e+04
6.0 1.232243e+04 1.228852e+04 1.227427e+04 1.230818e+04
7.0 1.232183e+04 1.229929e+04 1.227190e+04 1.229445e+04
8.0 1.231472e+04 1.230304e+04 1.227081e+04 1.228249e+04
9.0 1.228296e+04 1.229693e+04 1.227048e+04 1.225651e+04
10.0 1.223994e+04 1.227923e+04 1.227057e+04 1.223128e+04
11.0 1.220548e+04 1.226029e+04 1.227086e+04 1.221605e+04
12.0 1.227238e+04 1.225684e+04 1.227118e+04 1.228672e+04
13.0 1.232829e+04 1.226796e+04 1.227145e+04 1.233178e+04
14.0 1.228783e+04 1.227138e+04 1.227164e+04 1.228809e+04
15.0 1.228132e+04 1.226781e+04 1.227175e+04 1.228525e+04
16.0 1.221469e+04 1.226448e+04 1.227181e+04 1.222203e+04
17.0 1.217873e+04 1.226963e+04 1.227184e+04 1.218094e+04
18.0 1.229309e+04 1.227990e+04 1.227186e+04 1.228504e+04
19.0 1.235901e+04 1.227908e+04 1.227187e+04 1.235180e+04
20.0 1.229319e+04 1.227207e+04 1.227187e+04 1.229300e+04
21.0 1.221941e+04 1.226679e+04 1.227187e+04 1.222449e+04
22.0 1.217091e+04 1.227273e+04 1.227187e+04 1.217005e+04
0.4 1.230383e+04 1.230301e+04 1.227187e+04 1.227269e+04
1.4 1.232121e+04 1.230479e+04 1.227300e+04 1.228942e+04
2.4 1.226852e+04 1.230026e+04 1.228002e+04 1.224828e+04
3.4 1.223377e+04 1.229396e+04 1.228856e+04 1.222837e+04
4.4 1.222410e+04 1.229319e+04 1.228862e+04 1.221954e+04
5.4 1.223324e+04 1.228745e+04 1.228271e+04 1.222850e+04
6.4 1.224168e+04 1.227334e+04 1.227686e+04 1.224520e+04
7.4 1.223152e+04 1.226929e+04 1.227310e+04 1.223533e+04
8.4 1.223347e+04 1.226881e+04 1.227113e+04 1.223579e+04
9.4 1.223061e+04 1.226493e+04 1.227033e+04 1.223601e+04
10.4 1.223787e+04 1.226074e+04 1.227025e+04 1.224737e+04
11.4 1.225293e+04 1.225696e+04 1.227054e+04 1.226650e+04
12.4 1.225907e+04 1.225150e+04 1.227093e+04 1.227850e+04
13.4 1.224448e+04 1.224714e+04 1.227129e+04 1.226863e+04
14.4 1.225460e+04 1.225369e+04 1.227154e+04 1.227245e+04
15.4 1.223773e+04 1.226533e+04 1.227170e+04 1.224410e+04
16.4 1.222570e+04 1.226950e+04 1.227179e+04 1.222799e+04
17.4 1.224920e+04 1.227073e+04 1.227183e+04 1.225030e+04
18.4 1.227513e+04 1.227629e+04 1.227185e+04 1.227069e+04
19.4 1.226371e+04 1.227634e+04 1.227186e+04 1.225923e+04
20.4 1.223716e+04 1.227075e+04 1.227187e+04 1.223828e+04
21.4 1.220581e+04 1.226807e+04 1.227187e+04 1.220961e+04
