0.7 1.199418e+04 1.202037e+04 1.201910e+04 1.199291e+04
1.7 1.201425e+04 1.201606e+04 1.202479e+04 1.202298e+04
2.7 1.205374e+04 1.202904e+04 1.204378e+04 1.206848e+04
3.7 1.203279e+04 1.204533e+04 1.206315e+04 1.205061e+04
4.7 1.209385e+04 1.203962e+04 1.206295e+04 1.211718e+04
5.7 1.206827e+04 1.201932e+04 1.204781e+04 1.209676e+04
6.7 1.200290e+04 1.200558e+04 1.203239e+04 1.202972e+04
7.7 1.203156e+04 1.200350e+04 1.202229e+04 1.205035e+04
8.7 1.201182e+04 1.201657e+04 1.201698e+04 1.201222e+04
9.7 1.209568e+04 1.203059e+04 1.201485e+04 1.207993e+04
10.7 1.209453e+04 1.203086e+04 1.201464e+04 1.207831e+04
11.7 1.199712e+04 1.203068e+04 1.201541e+04 1.198185e+04
12.7 1.191918e+04 1.203996e+04 1.201648e+04 1.189569e+04
13.7 1.200212e+04 1.204572e+04 1.201742e+04 1.197382e+04
14.7 1.198539e+04 1.203722e+04 1.201811e+04 1.196628e+04
15.7 1.194412e+04 1.202250e+04 1.201854e+04 1.194016e+04
16.7 1.191812e+04 1.201051e+04 1.201877e+04 1.192638e+04
17.7 1.202847e+04 1.200504e+04 1.201890e+04 1.204233e+04
18.7 1.200421e+04 1.201486e+04 1.201895e+04 1.200830e+04
19.7 1.197419e+04 1.203316e+04 1.201898e+04 1.196001e+04
20.7 1.209270e+04 1.203184e+04 1.201899e+04 1.207985e+04
21.7 1.203339e+04 1.202239e+04 1.201899e+04 1.202999e+04
0.9 1.206259e+04 1.200027e+04 1.201931e+04 1.208162e+04
1.9 1.205282e+04 1.200932e+04 1.202720e+04 1.207070e+04
2.9 1.201422e+04 1.202986e+04 1.204658e+04 1.203094e+04
3.9 1.202445e+04 1.204080e+04 1.205606e+04 1.203971e+04
4.9 1.203558e+04 1.203728e+04 1.204776e+04 1.204606e+04
5.9 1.201583e+04 1.204058e+04 1.203453e+04 1.200978e+04
6.9 1.206619e+04 1.204621e+04 1.202464e+04 1.204462e+04
7.9 1.201173e+04 1.203208e+04 1.201900e+04 1.199865e+04
8.9 1.201946e+04 1.201421e+04 1.201634e+04 1.202159e+04
9.9 1.199122e+04 1.201556e+04 1.201558e+04 1.199124e+04
10.9 1.204051e+04 1.202722e+04 1.201590e+04 1.202919e+04
11.9 1.206533e+04 1.202251e+04 1.201667e+04 1.205949e+04
12.9 1.208011e+04 1.201664e+04 1.201747e+04 1.208094e+04
13.9 1.201843e+04 1.203006e+04 1.201810e+04 1.200647e+04
14.9 1.204420e+04 1.204526e+04 1.201851e+04 1.201745e+04
15.9 1.201644e+04 1.203633e+04 1.201876e+04 1.199887e+04
16.9 1.200456e+04 1.201650e+04 1.201889e+04 1.200695e+04
17.9 1.195844e+04 1.200790e+04 1.201895e+04 1.196948e+04
18.9 1.199691e+04 1.202299e+04 1.201898e+04 1.199290e+04
19.9 1.200151e+04 1.203313e+04 1.201899e+04 1.198738e+04
20.9 1.208592e+04 1.202116e+04 1.201899e+04 1.208376e+04
21.9 1.204131e+04 1.200994e+04 1.201900e+04 1.205037e+04
0.1 1.207081e+04 1.202150e+04 1.201900e+04 1.206830e+04
1.1 1.196750e+04 1.200729e+04 1.201973e+04 1.197995e+04
2.1 1.199046e+04 1.201150e+04 1.203003e+04 1.200900e+04
3.1 1.196843e+04 1.203152e+04 1.205159e+04 1.198850e+04
4.1 1.206239e+04 1.204478e+04 1.206566e+04 1.208326e+04
5.1 1.205404e+04 1.203310e+04 1.205859e+04 1.207953e+04
6.1 1.199317e+04 1.202689e+04 1.204207e+04 1.200835e+04
7.1 1.203233e+04 1.203708e+04 1.202829e+04 1.202355e+04
8.1 1.208623e+04 1.202959e+04 1.202001e+04 1.207666e+04
9.1 1.200783e+04 1.201293e+04 1.201596e+04 1.201086e+04
10.1 1.198346e+04 1.200397e+04 1.201461e+04 1.199411e+04
11.1 1.192512e+04 1.201188e+04 1.201484e+04 1.192808e+04
12.1 1.194174e+04 1.203092e+04 1.201577e+04 1.192659e+04
13.1 1.200902e+04 1.203208e+04 1.201683e+04 1.199376e+04
14.1 1.197314e+04 1.201681e+04 1.201769e+04 1.197402e+04
15.1 1.189774e+04 1.200731e+04 1.201828e+04 1.190871e+04
16.1 1.195311e+04 1.201412e+04 1.201863e+04 1.195763e+04
17.1 1.203233e+04 1.201968e+04 1.201883e+04 1.203149e+04
18.1 1.196853e+04 1.201046e+04 1.201892e+04 1.197700e+04
19.1 1.202756e+04 1.200223e+04 1.201896e+04 1.204429e+04
20.1 1.205318e+04 1.200290e+04 1.201898e+04 1.206926e+04
21.1 1.198910e+04 1.201541e+04 1.201899e+04 1.199268e+04
0.1 1.201289e+04 1.205120e+04 1.201900e+04 1.198068e+04
1.1 1.201628e+04 1.203030e+04 1.201994e+04 1.200592e+04
2.1 1.205813e+04 1.202436e+04 1.203107e+04 1.206484e+04
3.1 1.210815e+04 1.203781e+04 1.205284e+04 1.212317e+04
4.1 1.214874e+04 1.204760e+04 1.206580e+04 1.216693e+04
5.1 1.204676e+04 1.204052e+04 1.205774e+04 1.206398e+04
6.1 1.199656e+04 1.203530e+04 1.204114e+04 1.200241e+04
7.1 1.200813e+04 1.203613e+04 1.202768e+04 1.199967e+04
8.1 1.193871e+04 1.202902e+04 1.201968e+04 1.192938e+04
9.1 1.201066e+04 1.201753e+04 1.201582e+04 1.200895e+04
10.1 1.203377e+04 1.201685e+04 1.201459e+04 1.203151e+04
11.1 1.208897e+04 1.202600e+04 1.201488e+04 1.207784e+04
12.1 1.204229e+04 1.202595e+04 1.201583e+04 1.203217e+04
13.1 1.211444e+04 1.202130e+04 1.201688e+04 1.211001e+04
14.1 1.207858e+04 1.202996e+04 1.201773e+04 1.206635e+04
15.1 1.204701e+04 1.204631e+04 1.201831e+04 1.201900e+04
16.1 1.205480e+04 1.204883e+04 1.201865e+04 1.202462e+04
17.1 1.198233e+04 1.204072e+04 1.201883e+04 1.196045e+04
18.1 1.197673e+04 1.204914e+04 1.201892e+04 1.194651e+04
19.1 1.203323e+04 1.206884e+04 1.201897e+04 1.198336e+04
20.1 1.205472e+04 1.206561e+04 1.201898e+04 1.200810e+04
21.1 1.204151e+04 1.203716e+04 1.201899e+04 1.202334e+04
1.0 1.201787e+04 1.201341e+04 1.201956e+04 1.202402e+04
2.0 1.198413e+04 1.201093e+04 1.202904e+04 1.200225e+04
3.0 1.197769e+04 1.202618e+04 1.204862e+04 1.200013e+04
4.0 1.202469e+04 1.202904e+04 1.205583e+04 1.205148e+04
5.0 1.213221e+04 1.201461e+04 1.204625e+04 1.216385e+04
6.0 1.217894e+04 1.200476e+04 1.203449e+04 1.220868e+04
7.0 1.204817e+04 1.201336e+04 1.203748e+04 1.207230e+04
8.0 1.194564e+04 1.203178e+04 1.205128e+04 1.196513e+04
9.0 1.188328e+04 1.203064e+04 1.205205e+04 1.190469e+04
10.0 1.193186e+04 1.201513e+04 1.204012e+04 1.195686e+04
11.0 1.188055e+04 1.200473e+04 1.202790e+04 1.190372e+04
12.0 1.189212e+04 1.200111e+04 1.202023e+04 1.191124e+04
13.0 1.203786e+04 1.200050e+04 1.201651e+04 1.205387e+04
14.0 1.197578e+04 1.200556e+04 1.201986e+04 1.199007e+04
15.0 1.203002e+04 1.202086e+04 1.203467e+04 1.204384e+04
16.0 1.208577e+04 1.202290e+04 1.204152e+04 1.210439e+04
17.0 1.201332e+04 1.201194e+04 1.203589e+04 1.203726e+04
18.0 1.197793e+04 1.200807e+04 1.202756e+04 1.199742e+04
19.0 1.197735e+04 1.202036e+04 1.202166e+04 1.197865e+04
20.0 1.199827e+04 1.202429e+04 1.201839e+04 1.199237e+04
21.0 1.198018e+04 1.201305e+04 1.201692e+04 1.198405e+04
22.0 1.198152e+04 1.200671e+04 1.201658e+04 1.199139e+04
0.2 1.213221e+04 1.201461e+04 1.204625e+04 1.216385e+04
1.2 1.217894e+04 1.200476e+04 1.203449e+04 1.220868e+04
2.2 1.204817e+04 1.201336e+04 1.203748e+04 1.207230e+04
3.2 1.194564e+04 1.203178e+04 1.205128e+04 1.196513e+04
4.2 1.188328e+04 1.203064e+04 1.205205e+04 1.190469e+04
5.2 1.193186e+04 1.201513e+04 1.204012e+04 1.195686e+04
6.2 1.188055e+04 1.200473e+04 1.202790e+04 1.190372e+04
7.2 1.189212e+04 1.200111e+04 1.202023e+04 1.191124e+04
8.2 1.203786e+04 1.200050e+04 1.201651e+04 1.205387e+04
9.2 1.197578e+04 1.200556e+04 1.201986e+04 1.199007e+04
10.2 1.203002e+04 1.202086e+04 1.203467e+04 1.204384e+04
11.2 1.208577e+04 1.202290e+04 1.204152e+04 1.210439e+04
12.2 1.201332e+04 1.201194e+04 1.203589e+04 1.203726e+04
13.2 1.197793e+04 1.200807e+04 1.202756e+04 1.199742e+04
14.2 1.197735e+04 1.202036e+04 1.202166e+04 1.197865e+04
15.2 1.199827e+04 1.202429e+04 1.201839e+04 1.199237e+04
16.2 1.198018e+04 1.201305e+04 1.201692e+04 1.198405e+04
17.2 1.198152e+04 1.200671e+04 1.201658e+04 1.199139e+04
18.2 1.194513e+04 1.201892e+04 1.201689e+04 1.194310e+04
19.2 1.191783e+04 1.204083e+04 1.201745e+04 1.189444e+04
20.2 1.202149e+04 1.204633e+04 1.201800e+04 1.199316e+04
21.2 1.209645e+04 1.203083e+04 1.201842e+04 1.208404e+04
0.6 1.203786e+04 1.200050e+04 1.201651e+04 1.205387e+04
1.6 1.197578e+04 1.200556e+04 1.201986e+04 1.199007e+04
2.6 1.203002e+04 1.202086e+04 1.203467e+04 1.204384e+04
3.6 1.208577e+04 1.202290e+04 1.204152e+04 1.210439e+04
4.6 1.201332e+04 1.201194e+04 1.203589e+04 1.203726e+04
5.6 1.197793e+04 1.200807e+04 1.202756e+04 1.199742e+04
6.6 1.197735e+04 1.202036e+04 1.202166e+04 1.197865e+04
7.6 1.199827e+04 1.202429e+04 1.201839e+04 1.199237e+04
8.6 1.198018e+04 1.201305e+04 1.201692e+04 1.198405e+04
9.6 1.198152e+04 1.200671e+04 1.201658e+04 1.199139e+04
10.6 1.194513e+04 1.201892e+04 1.201689e+04 1.194310e+04
11.6 1.191783e+04 1.204083e+04 1.201745e+04 1.189444e+04
12.6 1.202149e+04 1.204633e+04 1.201800e+04 1.199316e+04
13.6 1.209645e+04 1.203083e+04 1.201842e+04 1.208404e+04
14.6 1.203612e+04 1.202842e+04 1.201869e+04 1.202639e+04
15.6 1.199555e+04 1.203773e+04 1.201885e+04 1.197667e+04
16.6 1.198949e+04 1.202989e+04 1.201893e+04 1.197853e+04
17.6 1.199388e+04 1.202438e+04 1.201897e+04 1.198847e+04
18.6 1.207158e+04 1.203568e+04 1.201898e+04 1.205488e+04
19.6 1.210211e+04 1.203629e+04 1.201899e+04 1.208481e+04
20.6 1.207073e+04 1.202473e+04 1.201899e+04 1.206500e+04
21.6 1.201705e+04 1.201268e+04 1.201900e+04 1.202337e+04
0.7 1.205913e+04 1.206709e+04 1.201910e+04 1.201114e+04
1.7 1.214055e+04 1.205220e+04 1.202479e+04 1.211314e+04
2.7 1.212255e+04 1.204859e+04 1.204322e+04 1.211719e+04
3.7 1.205896e+04 1.204673e+04 1.205592e+04 1.206815e+04
4.7 1.200804e+04 1.203382e+04 1.204992e+04 1.202414e+04
5.7 1.196029e+04 1.201764e+04 1.203666e+04 1.197931e+04
6.7 1.196875e+04 1.200617e+04 1.202601e+04 1.198860e+04
7.7 1.199704e+04 1.200401e+04 1.201971e+04 1.201274e+04
8.7 1.198478e+04 1.201882e+04 1.201664e+04 1.198260e+04
9.7 1.208109e+04 1.203393e+04 1.201561e+04 1.206278e+04
10.7 1.201642e+04 1.202588e+04 1.201580e+04 1.200633e+04
11.7 1.203200e+04 1.201090e+04 1.201653e+04 1.203763e+04
12.7 1.197010e+04 1.200300e+04 1.201734e+04 1.198444e+04
13.7 1.201139e+04 1.200061e+04 1.201801e+04 1.202879e+04
14.7 1.199402e+04 1.200034e+04 1.201846e+04 1.201213e+04
15.7 1.204631e+04 1.200092e+04 1.201873e+04 1.206411e+04
16.7 1.195816e+04 1.200559e+04 1.201887e+04 1.197143e+04
17.7 1.197044e+04 1.201910e+04 1.201894e+04 1.197028e+04
18.7 1.194833e+04 1.202622e+04 1.201897e+04 1.194109e+04
19.7 1.197829e+04 1.202220e+04 1.201900e+04 1.197508e+04
20.7 1.214283e+04 1.201757e+04 1.202205e+04 1.214731e+04
21.7 1.205852e+04 1.202732e+04 1.203788e+04 1.206909e+04
0.5 1.197829e+04 1.202220e+04 1.201900e+04 1.197508e+04
1.5 1.214283e+04 1.201757e+04 1.202205e+04 1.214731e+04
2.5 1.205852e+04 1.202732e+04 1.203788e+04 1.206909e+04
3.5 1.205471e+04 1.203941e+04 1.205453e+04 1.206983e+04
4.5 1.199394e+04 1.202968e+04 1.205275e+04 1.201701e+04
5.5 1.202187e+04 1.201273e+04 1.204004e+04 1.204919e+04
6.5 1.193850e+04 1.200345e+04 1.202831e+04 1.196336e+04
7.5 1.187287e+04 1.200047e+04 1.202097e+04 1.189337e+04
8.5 1.193725e+04 1.200007e+04 1.201719e+04 1.195437e+04
9.5 1.194115e+04 1.200067e+04 1.201575e+04 1.195623e+04
10.5 1.192930e+04 1.200550e+04 1.201952e+04 1.194333e+04
11.5 1.197361e+04 1.202103e+04 1.203463e+04 1.198721e+04
12.5 1.202452e+04 1.202999e+04 1.204287e+04 1.203739e+04
13.5 1.204426e+04 1.202556e+04 1.203771e+04 1.205640e+04
14.5 1.208577e+04 1.201653e+04 1.202898e+04 1.209823e+04
15.5 1.210539e+04 1.200984e+04 1.202252e+04 1.211808e+04
16.5 1.209476e+04 1.201366e+04 1.201886e+04 1.209996e+04
17.5 1.209457e+04 1.202164e+04 1.201713e+04 1.209007e+04
18.5 1.209022e+04 1.201447e+04 1.201664e+04 1.209240e+04
19.5 1.201338e+04 1.200503e+04 1.201687e+04 1.202522e+04
20.5 1.200738e+04 1.201343e+04 1.201741e+04 1.201136e+04
21.5 1.199205e+04 1.204378e+04 1.201796e+04 1.196623e+04
0.5 1.194115e+04 1.200067e+04 1.201575e+04 1.195623e+04
1.5 1.192930e+04 1.200550e+04 1.201952e+04 1.194333e+04
2.5 1.197361e+04 1.202103e+04 1.203463e+04 1.198721e+04
3.5 1.202452e+04 1.202999e+04 1.204287e+04 1.203739e+04
4.5 1.204426e+04 1.202556e+04 1.203771e+04 1.205640e+04
5.5 1.208577e+04 1.201653e+04 1.202898e+04 1.209823e+04
6.5 1.210539e+04 1.200984e+04 1.202252e+04 1.211808e+04
7.5 1.209476e+04 1.201366e+04 1.201886e+04 1.209996e+04
8.5 1.209457e+04 1.202164e+04 1.201713e+04 1.209007e+04
9.5 1.209022e+04 1.201447e+04 1.201664e+04 1.209240e+04
10.5 1.201338e+04 1.200503e+04 1.201687e+04 1.202522e+04
11.5 1.200738e+04 1.201343e+04 1.201741e+04 1.201136e+04
12.5 1.199205e+04 1.204378e+04 1.201796e+04 1.196623e+04
13.5 1.206446e+04 1.206831e+04 1.201839e+04 1.201454e+04
14.5 1.208583e+04 1.205701e+04 1.201867e+04 1.204749e+04
15.5 1.199610e+04 1.203043e+04 1.201884e+04 1.198450e+04
16.5 1.201460e+04 1.202036e+04 1.201892e+04 1.201316e+04
17.5 1.205844e+04 1.202299e+04 1.201896e+04 1.205442e+04
18.5 1.203665e+04 1.202002e+04 1.201898e+04 1.203562e+04
19.5 1.201316e+04 1.201227e+04 1.201899e+04 1.201988e+04
20.5 1.202915e+04 1.200583e+04 1.201899e+04 1.204232e+04
21.5 1.196405e+04 1.200247e+04 1.201900e+04 1.198058e+04
