0.5 1.236168e+04 1.223933e+04 1.223305e+04 1.235541e+04
1.5 1.237250e+04 1.226444e+04 1.224257e+04 1.235063e+04
2.5 1.236785e+04 1.228302e+04 1.226529e+04 1.235012e+04
3.5 1.231030e+04 1.227026e+04 1.226931e+04 1.230935e+04
4.5 1.223525e+04 1.224135e+04 1.225976e+04 1.225366e+04
5.5 1.235274e+04 1.224075e+04 1.226742e+04 1.237941e+04
6.5 1.236737e+04 1.224867e+04 1.227383e+04 1.239253e+04
7.5 1.238836e+04 1.224164e+04 1.226263e+04 1.240935e+04
8.5 1.226032e+04 1.222976e+04 1.224708e+04 1.227763e+04
9.5 1.233758e+04 1.222677e+04 1.223629e+04 1.234710e+04
10.5 1.225578e+04 1.224288e+04 1.223076e+04 1.224367e+04
11.5 1.234381e+04 1.226444e+04 1.222906e+04 1.230842e+04
12.5 1.235702e+04 1.228078e+04 1.224328e+04 1.231952e+04
13.5 1.236320e+04 1.228589e+04 1.226453e+04 1.234184e+04
14.5 1.236442e+04 1.226935e+04 1.226457e+04 1.235965e+04
15.5 1.232032e+04 1.225769e+04 1.225246e+04 1.231510e+04
16.5 1.229201e+04 1.226176e+04 1.224136e+04 1.227161e+04
17.5 1.231138e+04 1.225924e+04 1.223454e+04 1.228667e+04
18.5 1.233092e+04 1.224548e+04 1.223104e+04 1.231649e+04
19.5 1.229544e+04 1.223148e+04 1.222969e+04 1.229365e+04
20.5 1.222821e+04 1.222878e+04 1.222966e+04 1.222909e+04
0.1 1.231030e+04 1.227026e+04 1.226931e+04 1.230935e+04
1.1 1.223525e+04 1.224135e+04 1.225976e+04 1.225366e+04
2.1 1.235274e+04 1.224075e+04 1.226742e+04 1.237941e+04
3.1 1.236737e+04 1.224867e+04 1.227383e+04 1.239253e+04
4.1 1.238836e+04 1.224164e+04 1.226263e+04 1.240935e+04
5.1 1.226032e+04 1.222976e+04 1.224708e+04 1.227763e+04
6.1 1.233758e+04 1.222677e+04 1.223629e+04 1.234710e+04
7.1 1.225578e+04 1.224288e+04 1.223076e+04 1.224367e+04
8.1 1.234381e+04 1.226444e+04 1.222906e+04 1.230842e+04
9.1 1.235702e+04 1.228078e+04 1.224328e+04 1.231952e+04
10.1 1.236320e+04 1.228589e+04 1.226453e+04 1.234184e+04
11.1 1.236442e+04 1.226935e+04 1.226457e+04 1.235965e+04
12.1 1.232032e+04 1.225769e+04 1.225246e+04 1.231510e+04
13.1 1.229201e+04 1.226176e+04 1.224136e+04 1.227161e+04
14.1 1.231138e+04 1.225924e+04 1.223454e+04 1.228667e+04
15.1 1.233092e+04 1.224548e+04 1.223104e+04 1.231649e+04
16.1 1.229544e+04 1.223148e+04 1.222969e+04 1.229365e+04
17.1 1.222821e+04 1.222878e+04 1.222966e+04 1.222909e+04
18.1 1.222453e+04 1.223539e+04 1.223032e+04 1.221946e+04
19.1 1.229536e+04 1.223925e+04 1.223114e+04 1.228725e+04
20.1 1.240717e+04 1.223610e+04 1.223186e+04 1.240292e+04
0.8 1.234381e+04 1.226444e+04 1.222906e+04 1.230842e+04
1.8 1.235702e+04 1.228078e+04 1.224328e+04 1.231952e+04
2.8 1.236320e+04 1.228589e+04 1.226453e+04 1.234184e+04
3.8 1.236442e+04 1.226935e+04 1.226457e+04 1.235965e+04
4.8 1.232032e+04 1.225769e+04 1.225246e+04 1.231510e+04
5.8 1.229201e+04 1.226176e+04 1.224136e+04 1.227161e+04
6.8 1.231138e+04 1.225924e+04 1.223454e+04 1.228667e+04
7.8 1.233092e+04 1.224548e+04 1.223104e+04 1.231649e+04
8.8 1.229544e+04 1.223148e+04 1.222969e+04 1.229365e+04
9.8 1.222821e+04 1.222878e+04 1.222966e+04 1.222909e+04
10.8 1.222453e+04 1.223539e+04 1.223032e+04 1.221946e+04
11.8 1.229536e+04 1.223925e+04 1.223114e+04 1.228725e+04
12.8 1.240717e+04 1.223610e+04 1.223186e+04 1.240292e+04
13.8 1.231981e+04 1.222927e+04 1.223236e+04 1.232291e+04
14.8 1.221867e+04 1.222308e+04 1.223267e+04 1.222825e+04
15.8 1.218892e+04 1.221930e+04 1.223284e+04 1.220246e+04
16.8 1.222139e+04 1.221760e+04 1.223292e+04 1.223671e+04
17.8 1.224615e+04 1.221727e+04 1.223296e+04 1.226184e+04
18.8 1.222650e+04 1.222040e+04 1.223298e+04 1.223908e+04
19.8 1.215482e+04 1.223050e+04 1.223299e+04 1.215731e+04
20.8 1.216626e+04 1.223867e+04 1.223299e+04 1.216058e+04
0.8 1.221465e+04 1.223684e+04 1.223362e+04 1.221143e+04
1.8 1.218330e+04 1.225183e+04 1.224930e+04 1.218077e+04
2.8 1.226575e+04 1.226584e+04 1.226894e+04 1.226885e+04
3.8 1.227217e+04 1.226085e+04 1.226675e+04 1.227807e+04
4.8 1.221695e+04 1.226112e+04 1.225346e+04 1.220929e+04
5.8 1.224443e+04 1.227186e+04 1.224194e+04 1.221450e+04
6.8 1.232462e+04 1.228130e+04 1.224499e+04 1.228831e+04
7.8 1.232629e+04 1.228498e+04 1.226393e+04 1.230524e+04
8.8 1.223786e+04 1.226033e+04 1.226589e+04 1.224342e+04
9.8 1.216174e+04 1.222302e+04 1.225384e+04 1.219256e+04
10.8 1.225763e+04 1.220972e+04 1.225137e+04 1.229928e+04
11.8 1.231123e+04 1.222932e+04 1.226672e+04 1.234863e+04
12.8 1.220932e+04 1.223877e+04 1.226707e+04 1.223763e+04
13.8 1.220638e+04 1.223523e+04 1.225381e+04 1.222496e+04
14.8 1.221779e+04 1.224512e+04 1.224106e+04 1.221373e+04
15.8 1.230648e+04 1.227057e+04 1.223344e+04 1.226934e+04
16.8 1.234902e+04 1.228345e+04 1.222987e+04 1.229545e+04
17.8 1.226477e+04 1.227123e+04 1.222872e+04 1.222227e+04
18.8 1.227400e+04 1.224919e+04 1.222893e+04 1.225375e+04
19.8 1.213472e+04 1.223446e+04 1.222979e+04 1.213005e+04
20.8 1.214094e+04 1.223522e+04 1.223079e+04 1.213651e+04
0.6 1.224443e+04 1.227186e+04 1.224194e+04 1.221450e+04
1.6 1.232462e+04 1.228130e+04 1.224499e+04 1.228831e+04
2.6 1.232629e+04 1.228498e+04 1.226393e+04 1.230524e+04
3.6 1.223786e+04 1.226033e+04 1.226589e+04 1.224342e+04
4.6 1.216174e+04 1.222302e+04 1.225384e+04 1.219256e+04
5.6 1.225763e+04 1.220972e+04 1.225137e+04 1.229928e+04
6.6 1.231123e+04 1.222932e+04 1.226672e+04 1.234863e+04
7.6 1.220932e+04 1.223877e+04 1.226707e+04 1.223763e+04
8.6 1.220638e+04 1.223523e+04 1.225381e+04 1.222496e+04
9.6 1.221779e+04 1.224512e+04 1.224106e+04 1.221373e+04
10.6 1.230648e+04 1.227057e+04 1.223344e+04 1.226934e+04
11.6 1.234902e+04 1.228345e+04 1.222987e+04 1.229545e+04
12.6 1.226477e+04 1.227123e+04 1.222872e+04 1.222227e+04
13.6 1.227400e+04 1.224919e+04 1.222893e+04 1.225375e+04
14.6 1.213472e+04 1.223446e+04 1.222979e+04 1.213005e+04
15.6 1.214094e+04 1.223522e+04 1.223079e+04 1.213651e+04
16.6 1.221806e+04 1.224274e+04 1.223239e+04 1.220771e+04
17.6 1.226737e+04 1.225745e+04 1.224925e+04 1.225917e+04
18.6 1.224074e+04 1.226796e+04 1.226880e+04 1.224158e+04
19.6 1.220445e+04 1.225724e+04 1.226625e+04 1.221346e+04
20.6 1.215794e+04 1.224449e+04 1.225299e+04 1.216644e+04
0.5 1.216174e+04 1.222302e+04 1.225384e+04 1.219256e+04
1.5 1.225763e+04 1.220972e+04 1.225137e+04 1.229928e+04
2.5 1.231123e+04 1.222932e+04 1.226672e+04 1.234863e+04
3.5 1.220932e+04 1.223877e+04 1.226707e+04 1.223763e+04
4.5 1.220638e+04 1.223523e+04 1.225381e+04 1.222496e+04
5.5 1.221779e+04 1.224512e+04 1.224106e+04 1.221373e+04
6.5 1.230648e+04 1.227057e+04 1.223344e+04 1.226934e+04
7.5 1.234902e+04 1.228345e+04 1.222987e+04 1.229545e+04
8.5 1.226477e+04 1.227123e+04 1.222872e+04 1.222227e+04
9.5 1.227400e+04 1.224919e+04 1.222893e+04 1.225375e+04
10.5 1.213472e+04 1.223446e+04 1.222979e+04 1.213005e+04
11.5 1.214094e+04 1.223522e+04 1.223079e+04 1.213651e+04
12.5 1.221806e+04 1.224274e+04 1.223239e+04 1.220771e+04
13.5 1.226737e+04 1.225745e+04 1.224925e+04 1.225917e+04
14.5 1.224074e+04 1.226796e+04 1.226880e+04 1.224158e+04
15.5 1.220445e+04 1.225724e+04 1.226625e+04 1.221346e+04
16.5 1.215794e+04 1.224449e+04 1.225299e+04 1.216644e+04
17.5 1.214880e+04 1.225414e+04 1.224155e+04 1.213622e+04
18.5 1.225863e+04 1.226888e+04 1.223463e+04 1.222439e+04
19.5 1.240092e+04 1.226490e+04 1.223110e+04 1.236712e+04
20.5 1.234411e+04 1.226215e+04 1.222976e+04 1.231171e+04
0.9 1.221806e+04 1.224274e+04 1.223239e+04 1.220771e+04
1.9 1.226737e+04 1.225745e+04 1.224925e+04 1.225917e+04
2.9 1.224074e+04 1.226796e+04 1.226880e+04 1.224158e+04
3.9 1.220445e+04 1.225724e+04 1.226625e+04 1.221346e+04
4.9 1.215794e+04 1.224449e+04 1.225299e+04 1.216644e+04
5.9 1.214880e+04 1.225414e+04 1.224155e+04 1.213622e+04
6.9 1.225863e+04 1.226888e+04 1.223463e+04 1.222439e+04
7.9 1.240092e+04 1.226490e+04 1.223110e+04 1.236712e+04
8.9 1.234411e+04 1.226215e+04 1.222976e+04 1.231171e+04
9.9 1.229645e+04 1.227586e+04 1.222975e+04 1.225034e+04
10.9 1.225409e+04 1.228494e+04 1.223041e+04 1.219956e+04
11.9 1.227789e+04 1.227203e+04 1.223122e+04 1.223708e+04
12.9 1.229956e+04 1.224898e+04 1.223191e+04 1.228249e+04
13.9 1.218237e+04 1.222981e+04 1.223240e+04 1.218495e+04
14.9 1.221297e+04 1.221930e+04 1.223269e+04 1.222636e+04
15.9 1.216476e+04 1.222091e+04 1.223285e+04 1.217670e+04
16.9 1.226937e+04 1.223071e+04 1.223396e+04 1.227263e+04
17.9 1.233089e+04 1.225064e+04 1.225142e+04 1.233167e+04
18.9 1.223875e+04 1.226784e+04 1.226962e+04 1.224053e+04
19.9 1.226948e+04 1.226890e+04 1.226786e+04 1.226844e+04
20.9 1.228453e+04 1.227435e+04 1.227432e+04 1.228450e+04
0.9 1.226937e+04 1.223071e+04 1.223396e+04 1.227263e+04
1.9 1.233089e+04 1.225064e+04 1.225142e+04 1.233167e+04
2.9 1.223875e+04 1.226784e+04 1.226962e+04 1.224053e+04
3.9 1.226948e+04 1.226890e+04 1.226786e+04 1.226844e+04
4.9 1.228453e+04 1.227435e+04 1.227432e+04 1.228450e+04
5.9 1.223160e+04 1.227309e+04 1.227843e+04 1.223694e+04
6.9 1.221841e+04 1.225500e+04 1.226543e+04 1.222884e+04
7.9 1.221267e+04 1.223499e+04 1.224842e+04 1.222610e+04
8.9 1.222229e+04 1.222208e+04 1.223660e+04 1.223681e+04
9.9 1.223545e+04 1.222056e+04 1.223050e+04 1.224538e+04
10.9 1.224626e+04 1.223039e+04 1.222816e+04 1.224403e+04
11.9 1.221165e+04 1.223754e+04 1.222795e+04 1.220206e+04
12.9 1.228962e+04 1.223937e+04 1.222881e+04 1.227906e+04
13.9 1.221919e+04 1.225063e+04 1.223000e+04 1.219855e+04
14.9 1.216383e+04 1.226642e+04 1.223435e+04 1.213176e+04
15.9 1.228002e+04 1.228222e+04 1.225667e+04 1.225446e+04
16.9 1.222635e+04 1.228183e+04 1.226998e+04 1.221450e+04
17.9 1.216182e+04 1.227946e+04 1.226228e+04 1.214465e+04
18.9 1.218720e+04 1.228472e+04 1.225067e+04 1.215315e+04
19.9 1.227781e+04 1.229211e+04 1.226021e+04 1.224591e+04
20.9 1.229545e+04 1.229349e+04 1.227046e+04 1.227243e+04
0.1 1.223875e+04 1.226784e+04 1.226962e+04 1.224053e+04
1.1 1.226948e+04 1.226890e+04 1.226786e+04 1.226844e+04
2.1 1.228453e+04 1.227435e+04 1.227432e+04 1.228450e+04
3.1 1.223160e+04 1.227309e+04 1.227843e+04 1.223694e+04
4.1 1.221841e+04 1.225500e+04 1.226543e+04 1.222884e+04
5.1 1.221267e+04 1.223499e+04 1.224842e+04 1.222610e+04
6.1 1.222229e+04 1.222208e+04 1.223660e+04 1.223681e+04
7.1 1.223545e+04 1.222056e+04 1.223050e+04 1.224538e+04
8.1 1.224626e+04 1.223039e+04 1.222816e+04 1.224403e+04
9.1 1.221165e+04 1.223754e+04 1.222795e+04 1.220206e+04
10.1 1.228962e+04 1.223937e+04 1.222881e+04 1.227906e+04
11.1 1.221919e+04 1.225063e+04 1.223000e+04 1.219855e+04
12.1 1.216383e+04 1.226642e+04 1.223435e+04 1.213176e+04
13.1 1.228002e+04 1.228222e+04 1.225667e+04 1.225446e+04
14.1 1.222635e+04 1.228183e+04 1.226998e+04 1.221450e+04
15.1 1.216182e+04 1.227946e+04 1.226228e+04 1.214465e+04
16.1 1.218720e+04 1.228472e+04 1.225067e+04 1.215315e+04
17.1 1.227781e+04 1.229211e+04 1.226021e+04 1.224591e+04
18.1 1.229545e+04 1.229349e+04 1.227046e+04 1.227243e+04
19.1 1.224739e+04 1.229126e+04 1.226191e+04 1.221804e+04
20.1 1.224159e+04 1.228762e+04 1.224927e+04 1.220325e+04
0.2 1.221919e+04 1.225063e+04 1.223000e+04 1.219855e+04
1.2 1.216383e+04 1.226642e+04 1.223435e+04 1.213176e+04
2.2 1.228002e+04 1.228222e+04 1.225667e+04 1.225446e+04
3.2 1.222635e+04 1.228183e+04 1.226998e+04 1.221450e+04
4.2 1.216182e+04 1.227946e+04 1.226228e+04 1.214465e+04
5.2 1.218720e+04 1.228472e+04 1.225067e+04 1.215315e+04
6.2 1.227781e+04 1.229211e+04 1.226021e+04 1.224591e+04
7.2 1.229545e+04 1.229349e+04 1.227046e+04 1.227243e+04
8.2 1.224739e+04 1.229126e+04 1.226191e+04 1.221804e+04
9.2 1.224159e+04 1.228762e+04 1.224927e+04 1.220325e+04
10.2 1.226356e+04 1.228780e+04 1.225833e+04 1.223409e+04
11.2 1.223885e+04 1.227898e+04 1.226876e+04 1.222863e+04
12.2 1.222470e+04 1.225356e+04 1.226064e+04 1.223178e+04
13.2 1.220900e+04 1.222287e+04 1.224678e+04 1.223290e+04
14.2 1.217971e+04 1.221506e+04 1.224860e+04 1.221325e+04
15.2 1.216208e+04 1.223330e+04 1.226516e+04 1.219394e+04
16.2 1.219871e+04 1.224063e+04 1.226443e+04 1.222251e+04
17.2 1.224985e+04 1.224802e+04 1.225149e+04 1.225332e+04
18.2 1.223173e+04 1.226235e+04 1.224119e+04 1.221058e+04
19.2 1.235949e+04 1.227865e+04 1.225288e+04 1.233372e+04
20.2 1.230324e+04 1.228080e+04 1.226683e+04 1.228927e+04
1.0 1.218720e+04 1.228472e+04 1.225067e+04 1.215315e+04
2.0 1.227781e+04 1.229211e+04 1.226021e+04 1.224591e+04
3.0 1.229545e+04 1.229349e+04 1.227046e+04 1.227243e+04
4.0 1.224739e+04 1.229126e+04 1.226191e+04 1.221804e+04
5.0 1.224159e+04 1.228762e+04 1.224927e+04 1.220325e+04
6.0 1.226356e+04 1.228780e+04 1.225833e+04 1.223409e+04
7.0 1.223885e+04 1.227898e+04 1.226876e+04 1.222863e+04
8.0 1.222470e+04 1.225356e+04 1.226064e+04 1.223178e+04
9.0 1.220900e+04 1.222287e+04 1.224678e+04 1.223290e+04
10.0 1.217971e+04 1.221506e+04 1.224860e+04 1.221325e+04
11.0 1.216208e+04 1.223330e+04 1.226516e+04 1.219394e+04
12.0 1.219871e+04 1.224063e+04 1.226443e+04 1.222251e+04
13.0 1.224985e+04 1.224802e+04 1.225149e+04 1.225332e+04
14.0 1.223173e+04 1.226235e+04 1.224119e+04 1.221058e+04
15.0 1.235949e+04 1.227865e+04 1.225288e+04 1.233372e+04
16.0 1.230324e+04 1.228080e+04 1.226683e+04 1.228927e+04
17.0 1.224366e+04 1.226157e+04 1.226099e+04 1.224309e+04
18.0 1.219252e+04 1.223868e+04 1.224768e+04 1.220152e+04
19.0 1.215653e+04 1.221745e+04 1.223756e+04 1.217664e+04
20.0 1.216055e+04 1.219702e+04 1.223204e+04 1.219557e+04
21.0 1.224633e+04 1.218950e+04 1.223323e+04 1.229007e+04
1.0 1.224159e+04 1.228762e+04 1.224927e+04 1.220325e+04
2.0 1.226356e+04 1.228780e+04 1.225833e+04 1.223409e+04
3.0 1.223885e+04 1.227898e+04 1.226876e+04 1.222863e+04
4.0 1.222470e+04 1.225356e+04 1.226064e+04 1.223178e+04
5.0 1.220900e+04 1.222287e+04 1.224678e+04 1.223290e+04
6.0 1.217971e+04 1.221506e+04 1.224860e+04 1.221325e+04
7.0 1.216208e+04 1.223330e+04 1.226516e+04 1.219394e+04
8.0 1.219871e+04 1.224063e+04 1.226443e+04 1.222251e+04
9.0 1.224985e+04 1.224802e+04 1.225149e+04 1.225332e+04
10.0 1.223173e+04 1.226235e+04 1.224119e+04 1.221058e+04
11.0 1.235949e+04 1.227865e+04 1.225288e+04 1.233372e+04
12.0 1.230324e+04 1.228080e+04 1.226683e+04 1.228927e+04
13.0 1.224366e+04 1.226157e+04 1.226099e+04 1.224309e+04
14.0 1.219252e+04 1.223868e+04 1.224768e+04 1.220152e+04
15.0 1.215653e+04 1.221745e+04 1.223756e+04 1.217664e+04
16.0 1.216055e+04 1.219702e+04 1.223204e+04 1.219557e+04
17.0 1.224633e+04 1.218950e+04 1.223323e+04 1.229007e+04
18.0 1.226594e+04 1.221538e+04 1.225445e+04 1.230501e+04
19.0 1.221897e+04 1.223853e+04 1.226703e+04 1.224747e+04
20.0 1.217042e+04 1.224206e+04 1.225952e+04 1.218789e+04
21.0 1.219106e+04 1.224390e+04 1.224688e+04 1.219404e+04
0.7 1.220900e+04 1.222287e+04 1.224678e+04 1.223290e+04
1.7 1.217971e+04 1.221506e+04 1.224860e+04 1.221325e+04
2.7 1.216208e+04 1.223330e+04 1.226516e+04 1.219394e+04
3.7 1.219871e+04 1.224063e+04 1.226443e+04 1.222251e+04
4.7 1.224985e+04 1.224802e+04 1.225149e+04 1.225332e+04
5.7 1.223173e+04 1.226235e+04 1.224119e+04 1.221058e+04
6.7 1.235949e+04 1.227865e+04 1.225288e+04 1.233372e+04
7.7 1.230324e+04 1.228080e+04 1.226683e+04 1.228927e+04
8.7 1.224366e+04 1.226157e+04 1.226099e+04 1.224309e+04
9.7 1.219252e+04 1.223868e+04 1.224768e+04 1.220152e+04
10.7 1.215653e+04 1.221745e+04 1.223756e+04 1.217664e+04
11.7 1.216055e+04 1.219702e+04 1.223204e+04 1.219557e+04
12.7 1.224633e+04 1.218950e+04 1.223323e+04 1.229007e+04
13.7 1.226594e+04 1.221538e+04 1.225445e+04 1.230501e+04
14.7 1.221897e+04 1.223853e+04 1.226703e+04 1.224747e+04
15.7 1.217042e+04 1.224206e+04 1.225952e+04 1.218789e+04
16.7 1.219106e+04 1.224390e+04 1.224688e+04 1.219404e+04
17.7 1.227506e+04 1.224858e+04 1.223792e+04 1.226440e+04
18.7 1.233533e+04 1.225878e+04 1.224537e+04 1.232192e+04
19.7 1.233601e+04 1.227070e+04 1.226455e+04 1.232987e+04
20.7 1.225457e+04 1.226239e+04 1.226469e+04 1.225687e+04
1.0 1.223173e+04 1.226235e+04 1.224119e+04 1.221058e+04
2.0 1.235949e+04 1.227865e+04 1.225288e+04 1.233372e+04
3.0 1.230324e+04 1.228080e+04 1.226683e+04 1.228927e+04
4.0 1.224366e+04 1.226157e+04 1.226099e+04 1.224309e+04
5.0 1.219252e+04 1.223868e+04 1.224768e+04 1.220152e+04
6.0 1.215653e+04 1.221745e+04 1.223756e+04 1.217664e+04
7.0 1.216055e+04 1.219702e+04 1.223204e+04 1.219557e+04
8.0 1.224633e+04 1.218950e+04 1.223323e+04 1.229007e+04
9.0 1.226594e+04 1.221538e+04 1.225445e+04 1.230501e+04
10.0 1.221897e+04 1.223853e+04 1.226703e+04 1.224747e+04
11.0 1.217042e+04 1.224206e+04 1.225952e+04 1.218789e+04
12.0 1.219106e+04 1.224390e+04 1.224688e+04 1.219404e+04
13.0 1.227506e+04 1.224858e+04 1.223792e+04 1.226440e+04
14.0 1.233533e+04 1.225878e+04 1.224537e+04 1.232192e+04
15.0 1.233601e+04 1.227070e+04 1.226455e+04 1.232987e+04
16.0 1.225457e+04 1.226239e+04 1.226469e+04 1.225687e+04
17.0 1.224991e+04 1.224995e+04 1.225231e+04 1.225227e+04
18.0 1.217154e+04 1.224812e+04 1.224090e+04 1.216432e+04
19.0 1.225161e+04 1.225182e+04 1.223766e+04 1.223745e+04
20.0 1.240025e+04 1.226522e+04 1.225608e+04 1.239111e+04
21.0 1.234108e+04 1.226123e+04 1.226698e+04 1.234683e+04
0.2 1.216055e+04 1.219702e+04 1.223204e+04 1.219557e+04
1.2 1.224633e+04 1.218950e+04 1.223323e+04 1.229007e+04
2.2 1.226594e+04 1.221538e+04 1.225445e+04 1.230501e+04
3.2 1.221897e+04 1.223853e+04 1.226703e+04 1.224747e+04
4.2 1.217042e+04 1.224206e+04 1.225952e+04 1.218789e+04
5.2 1.219106e+04 1.224390e+04 1.224688e+04 1.219404e+04
6.2 1.227506e+04 1.224858e+04 1.223792e+04 1.226440e+04
7.2 1.233533e+04 1.225878e+04 1.224537e+04 1.232192e+04
8.2 1.233601e+04 1.227070e+04 1.226455e+04 1.232987e+04
9.2 1.225457e+04 1.226239e+04 1.226469e+04 1.225687e+04
10.2 1.224991e+04 1.224995e+04 1.225231e+04 1.225227e+04
11.2 1.217154e+04 1.224812e+04 1.224090e+04 1.216432e+04
12.2 1.225161e+04 1.225182e+04 1.223766e+04 1.223745e+04
13.2 1.240025e+04 1.226522e+04 1.225608e+04 1.239111e+04
14.2 1.234108e+04 1.226123e+04 1.226698e+04 1.234683e+04
15.2 1.222999e+04 1.224000e+04 1.226228e+04 1.225227e+04
16.2 1.227292e+04 1.224346e+04 1.227125e+04 1.230070e+04
17.2 1.231429e+04 1.224946e+04 1.227436e+04 1.233919e+04
18.2 1.230993e+04 1.224127e+04 1.226111e+04 1.232978e+04
19.2 1.234050e+04 1.223497e+04 1.224542e+04 1.235094e+04
20.2 1.226818e+04 1.223773e+04 1.223567e+04 1.226612e+04
0.7 1.227506e+04 1.224858e+04 1.223792e+04 1.226440e+04
1.7 1.233533e+04 1.225878e+04 1.224537e+04 1.232192e+04
2.7 1.233601e+04 1.227070e+04 1.226455e+04 1.232987e+04
3.7 1.225457e+04 1.226239e+04 1.226469e+04 1.225687e+04
4.7 1.224991e+04 1.224995e+04 1.225231e+04 1.225227e+04
5.7 1.217154e+04 1.224812e+04 1.224090e+04 1.216432e+04
6.7 1.225161e+04 1.225182e+04 1.223766e+04 1.223745e+04
7.7 1.240025e+04 1.226522e+04 1.225608e+04 1.239111e+04
8.7 1.234108e+04 1.226123e+04 1.226698e+04 1.234683e+04
9.7 1.222999e+04 1.224000e+04 1.226228e+04 1.225227e+04
10.7 1.227292e+04 1.224346e+04 1.227125e+04 1.230070e+04
11.7 1.231429e+04 1.224946e+04 1.227436e+04 1.233919e+04
12.7 1.230993e+04 1.224127e+04 1.226111e+04 1.232978e+04
13.7 1.234050e+04 1.223497e+04 1.224542e+04 1.235094e+04
14.7 1.226818e+04 1.223773e+04 1.223567e+04 1.226612e+04
15.7 1.231716e+04 1.225223e+04 1.224620e+04 1.231113e+04
16.7 1.234525e+04 1.226518e+04 1.226402e+04 1.234410e+04
17.7 1.231025e+04 1.225920e+04 1.226186e+04 1.231291e+04
18.7 1.230399e+04 1.225998e+04 1.224959e+04 1.229359e+04
19.7 1.232034e+04 1.227214e+04 1.224927e+04 1.229747e+04
20.7 1.227432e+04 1.228262e+04 1.226580e+04 1.225750e+04
0.2 1.217154e+04 1.224812e+04 1.224090e+04 1.216432e+04
1.2 1.225161e+04 1.225182e+04 1.223766e+04 1.223745e+04
2.2 1.240025e+04 1.226522e+04 1.225608e+04 1.239111e+04
3.2 1.234108e+04 1.226123e+04 1.226698e+04 1.234683e+04
4.2 1.222999e+04 1.224000e+04 1.226228e+04 1.225227e+04
5.2 1.227292e+04 1.224346e+04 1.227125e+04 1.230070e+04
6.2 1.231429e+04 1.224946e+04 1.227436e+04 1.233919e+04
7.2 1.230993e+04 1.224127e+04 1.226111e+04 1.232978e+04
8.2 1.234050e+04 1.223497e+04 1.224542e+04 1.235094e+04
9.2 1.226818e+04 1.223773e+04 1.223567e+04 1.226612e+04
10.2 1.231716e+04 1.225223e+04 1.224620e+04 1.231113e+04
11.2 1.234525e+04 1.226518e+04 1.226402e+04 1.234410e+04
12.2 1.231025e+04 1.225920e+04 1.226186e+04 1.231291e+04
13.2 1.230399e+04 1.225998e+04 1.224959e+04 1.229359e+04
14.2 1.232034e+04 1.227214e+04 1.224927e+04 1.229747e+04
15.2 1.227432e+04 1.228262e+04 1.226580e+04 1.225750e+04
16.2 1.229516e+04 1.226981e+04 1.226629e+04 1.229164e+04
17.2 1.232570e+04 1.225092e+04 1.225329e+04 1.232808e+04
18.2 1.235381e+04 1.225248e+04 1.224133e+04 1.234266e+04
19.2 1.226971e+04 1.226813e+04 1.224838e+04 1.224996e+04
20.2 1.223635e+04 1.227697e+04 1.226540e+04 1.222478e+04
0.2 1.234108e+04 1.226123e+04 1.226698e+04 1.234683e+04
1.2 1.222999e+04 1.224000e+04 1.226228e+04 1.225227e+04
2.2 1.227292e+04 1.224346e+04 1.227125e+04 1.230070e+04
3.2 1.231429e+04 1.224946e+04 1.227436e+04 1.233919e+04
4.2 1.230993e+04 1.224127e+04 1.226111e+04 1.232978e+04
5.2 1.234050e+04 1.223497e+04 1.224542e+04 1.235094e+04
6.2 1.226818e+04 1.223773e+04 1.223567e+04 1.226612e+04
7.2 1.231716e+04 1.225223e+04 1.224620e+04 1.231113e+04
8.2 1.234525e+04 1.226518e+04 1.226402e+04 1.234410e+04
9.2 1.231025e+04 1.225920e+04 1.226186e+04 1.231291e+04
10.2 1.230399e+04 1.225998e+04 1.224959e+04 1.229359e+04
11.2 1.232034e+04 1.227214e+04 1.224927e+04 1.229747e+04
12.2 1.227432e+04 1.228262e+04 1.226580e+04 1.225750e+04
13.2 1.229516e+04 1.226981e+04 1.226629e+04 1.229164e+04
14.2 1.232570e+04 1.225092e+04 1.225329e+04 1.232808e+04
15.2 1.235381e+04 1.225248e+04 1.224133e+04 1.234266e+04
16.2 1.226971e+04 1.226813e+04 1.224838e+04 1.224996e+04
17.2 1.223635e+04 1.227697e+04 1.226540e+04 1.222478e+04
18.2 1.225493e+04 1.226237e+04 1.226322e+04 1.225579e+04
19.2 1.224334e+04 1.224070e+04 1.225030e+04 1.225294e+04
20.2 1.236682e+04 1.222505e+04 1.223927e+04 1.238104e+04
0.8 1.226818e+04 1.223773e+04 1.223567e+04 1.226612e+04
1.8 1.231716e+04 1.225223e+04 1.224620e+04 1.231113e+04
2.8 1.234525e+04 1.226518e+04 1.226402e+04 1.234410e+04
3.8 1.231025e+04 1.225920e+04 1.226186e+04 1.231291e+04
4.8 1.230399e+04 1.225998e+04 1.224959e+04 1.229359e+04
5.8 1.232034e+04 1.227214e+04 1.224927e+04 1.229747e+04
6.8 1.227432e+04 1.228262e+04 1.226580e+04 1.225750e+04
7.8 1.229516e+04 1.226981e+04 1.226629e+04 1.229164e+04
8.8 1.232570e+04 1.225092e+04 1.225329e+04 1.232808e+04
9.8 1.235381e+04 1.225248e+04 1.224133e+04 1.234266e+04
10.8 1.226971e+04 1.226813e+04 1.224838e+04 1.224996e+04
11.8 1.223635e+04 1.227697e+04 1.226540e+04 1.222478e+04
12.8 1.225493e+04 1.226237e+04 1.226322e+04 1.225579e+04
13.8 1.224334e+04 1.224070e+04 1.225030e+04 1.225294e+04
14.8 1.236682e+04 1.222505e+04 1.223927e+04 1.238104e+04
15.8 1.232504e+04 1.221678e+04 1.223294e+04 1.234120e+04
16.8 1.224701e+04 1.221262e+04 1.222999e+04 1.226438e+04
17.8 1.219770e+04 1.220473e+04 1.222908e+04 1.222204e+04
18.8 1.228251e+04 1.219598e+04 1.223054e+04 1.231707e+04
19.8 1.225011e+04 1.221408e+04 1.224933e+04 1.228536e+04
20.8 1.226868e+04 1.224062e+04 1.226790e+04 1.229595e+04
0.6 1.230399e+04 1.225998e+04 1.224959e+04 1.229359e+04
1.6 1.232034e+04 1.227214e+04 1.224927e+04 1.229747e+04
2.6 1.227432e+04 1.228262e+04 1.226580e+04 1.225750e+04
3.6 1.229516e+04 1.226981e+04 1.226629e+04 1.229164e+04
4.6 1.232570e+04 1.225092e+04 1.225329e+04 1.232808e+04
5.6 1.235381e+04 1.225248e+04 1.224133e+04 1.234266e+04
6.6 1.226971e+04 1.226813e+04 1.224838e+04 1.224996e+04
7.6 1.223635e+04 1.227697e+04 1.226540e+04 1.222478e+04
8.6 1.225493e+04 1.226237e+04 1.226322e+04 1.225579e+04
9.6 1.224334e+04 1.224070e+04 1.225030e+04 1.225294e+04
10.6 1.236682e+04 1.222505e+04 1.223927e+04 1.238104e+04
11.6 1.232504e+04 1.221678e+04 1.223294e+04 1.234120e+04
12.6 1.224701e+04 1.221262e+04 1.222999e+04 1.226438e+04
13.6 1.219770e+04 1.220473e+04 1.222908e+04 1.222204e+04
14.6 1.228251e+04 1.219598e+04 1.223054e+04 1.231707e+04
15.6 1.225011e+04 1.221408e+04 1.224933e+04 1.228536e+04
16.6 1.226868e+04 1.224062e+04 1.226790e+04 1.229595e+04
17.6 1.224779e+04 1.225162e+04 1.226430e+04 1.226047e+04
18.6 1.229741e+04 1.225709e+04 1.225128e+04 1.229160e+04
19.6 1.233313e+04 1.225744e+04 1.224050e+04 1.231619e+04
20.6 1.233724e+04 1.224989e+04 1.223407e+04 1.232142e+04
0.8 1.235381e+04 1.225248e+04 1.224133e+04 1.234266e+04
1.8 1.226971e+04 1.226813e+04 1.224838e+04 1.224996e+04
2.8 1.223635e+04 1.227697e+04 1.226540e+04 1.222478e+04
3.8 1.225493e+04 1.226237e+04 1.226322e+04 1.225579e+04
4.8 1.224334e+04 1.224070e+04 1.225030e+04 1.225294e+04
5.8 1.236682e+04 1.222505e+04 1.223927e+04 1.238104e+04
6.8 1.232504e+04 1.221678e+04 1.223294e+04 1.234120e+04
7.8 1.224701e+04 1.221262e+04 1.222999e+04 1.226438e+04
8.8 1.219770e+04 1.220473e+04 1.222908e+04 1.222204e+04
9.8 1.228251e+04 1.219598e+04 1.223054e+04 1.231707e+04
10.8 1.225011e+04 1.221408e+04 1.224933e+04 1.228536e+04
11.8 1.226868e+04 1.224062e+04 1.226790e+04 1.229595e+04
12.8 1.224779e+04 1.225162e+04 1.226430e+04 1.226047e+04
13.8 1.229741e+04 1.225709e+04 1.225128e+04 1.229160e+04
14.8 1.233313e+04 1.225744e+04 1.224050e+04 1.231619e+04
15.8 1.233724e+04 1.224989e+04 1.223407e+04 1.232142e+04
16.8 1.227366e+04 1.224312e+04 1.223085e+04 1.226139e+04
17.8 1.218776e+04 1.223996e+04 1.222969e+04 1.217750e+04
18.8 1.224096e+04 1.223523e+04 1.222978e+04 1.223551e+04
19.8 1.217060e+04 1.222860e+04 1.223047e+04 1.217246e+04
20.8 1.220865e+04 1.222713e+04 1.223129e+04 1.221281e+04
1.0 1.228251e+04 1.219598e+04 1.223054e+04 1.231707e+04
2.0 1.225011e+04 1.221408e+04 1.224933e+04 1.228536e+04
3.0 1.226868e+04 1.224062e+04 1.226790e+04 1.229595e+04
4.0 1.224779e+04 1.225162e+04 1.226430e+04 1.226047e+04
5.0 1.229741e+04 1.225709e+04 1.225128e+04 1.229160e+04
6.0 1.233313e+04 1.225744e+04 1.224050e+04 1.231619e+04
7.0 1.233724e+04 1.224989e+04 1.223407e+04 1.232142e+04
8.0 1.227366e+04 1.224312e+04 1.223085e+04 1.226139e+04
9.0 1.218776e+04 1.223996e+04 1.222969e+04 1.217750e+04
10.0 1.224096e+04 1.223523e+04 1.222978e+04 1.223551e+04
11.0 1.217060e+04 1.222860e+04 1.223047e+04 1.217246e+04
12.0 1.220865e+04 1.222713e+04 1.223129e+04 1.221281e+04
13.0 1.208095e+04 1.223133e+04 1.223196e+04 1.208158e+04
14.0 1.217478e+04 1.223261e+04 1.223243e+04 1.217459e+04
15.0 1.233992e+04 1.223306e+04 1.223271e+04 1.233956e+04
16.0 1.230719e+04 1.224672e+04 1.223286e+04 1.229333e+04
17.0 1.232131e+04 1.226670e+04 1.223293e+04 1.228753e+04
18.0 1.225517e+04 1.227079e+04 1.223297e+04 1.221735e+04
19.0 1.225115e+04 1.225529e+04 1.223298e+04 1.222884e+04
20.0 1.213211e+04 1.222776e+04 1.223299e+04 1.213734e+04
21.0 1.215097e+04 1.220218e+04 1.223318e+04 1.218196e+04
0.7 1.215097e+04 1.220218e+04 1.223318e+04 1.218196e+04
1.7 1.219935e+04 1.220406e+04 1.224514e+04 1.224043e+04
2.7 1.229155e+04 1.223052e+04 1.226700e+04 1.232803e+04
3.7 1.226770e+04 1.224109e+04 1.226842e+04 1.229503e+04
4.7 1.226289e+04 1.224163e+04 1.225583e+04 1.227709e+04
5.7 1.221160e+04 1.224646e+04 1.224380e+04 1.220893e+04
6.7 1.218004e+04 1.225907e+04 1.224921e+04 1.217019e+04
7.7 1.231632e+04 1.227155e+04 1.226635e+04 1.231111e+04
8.7 1.234504e+04 1.226304e+04 1.226481e+04 1.234682e+04
9.7 1.230793e+04 1.225153e+04 1.225172e+04 1.230812e+04
10.7 1.221018e+04 1.224910e+04 1.224124e+04 1.220231e+04
11.7 1.211916e+04 1.225992e+04 1.225192e+04 1.211116e+04
12.7 1.214390e+04 1.226735e+04 1.226689e+04 1.214345e+04
13.7 1.214103e+04 1.225480e+04 1.226198e+04 1.214821e+04
14.7 1.206477e+04 1.223671e+04 1.224866e+04 1.207673e+04
15.7 1.203537e+04 1.222393e+04 1.223821e+04 1.204965e+04
16.7 1.202489e+04 1.222017e+04 1.223241e+04 1.203713e+04
17.7 1.216326e+04 1.222766e+04 1.223082e+04 1.216642e+04
18.7 1.229265e+04 1.224856e+04 1.224752e+04 1.229161e+04
19.7 1.227138e+04 1.226367e+04 1.226608e+04 1.227379e+04
20.7 1.228705e+04 1.225953e+04 1.226310e+04 1.229062e+04
0.7 1.221160e+04 1.224646e+04 1.224380e+04 1.220893e+04
1.7 1.218004e+04 1.225907e+04 1.224921e+04 1.217019e+04
2.7 1.231632e+04 1.227155e+04 1.226635e+04 1.231111e+04
3.7 1.234504e+04 1.226304e+04 1.226481e+04 1.234682e+04
4.7 1.230793e+04 1.225153e+04 1.225172e+04 1.230812e+04
5.7 1.221018e+04 1.224910e+04 1.224124e+04 1.220231e+04
6.7 1.211916e+04 1.225992e+04 1.225192e+04 1.211116e+04
7.7 1.214390e+04 1.226735e+04 1.226689e+04 1.214345e+04
8.7 1.214103e+04 1.225480e+04 1.226198e+04 1.214821e+04
9.7 1.206477e+04 1.223671e+04 1.224866e+04 1.207673e+04
10.7 1.203537e+04 1.222393e+04 1.223821e+04 1.204965e+04
11.7 1.202489e+04 1.222017e+04 1.223241e+04 1.203713e+04
12.7 1.216326e+04 1.222766e+04 1.223082e+04 1.216642e+04
13.7 1.229265e+04 1.224856e+04 1.224752e+04 1.229161e+04
14.7 1.227138e+04 1.226367e+04 1.226608e+04 1.227379e+04
15.7 1.228705e+04 1.225953e+04 1.226310e+04 1.229062e+04
16.7 1.224084e+04 1.225985e+04 1.225094e+04 1.223194e+04
17.7 1.224489e+04 1.227092e+04 1.225489e+04 1.222886e+04
18.7 1.228799e+04 1.227810e+04 1.226917e+04 1.227906e+04
19.7 1.227999e+04 1.226589e+04 1.226504e+04 1.227914e+04
20.7 1.223839e+04 1.226044e+04 1.225084e+04 1.222879e+04
0.9 1.221018e+04 1.224910e+04 1.224124e+04 1.220231e+04
1.9 1.211916e+04 1.225992e+04 1.225192e+04 1.211116e+04
2.9 1.214390e+04 1.226735e+04 1.226689e+04 1.214345e+04
3.9 1.214103e+04 1.225480e+04 1.226198e+04 1.214821e+04
4.9 1.206477e+04 1.223671e+04 1.224866e+04 1.207673e+04
5.9 1.203537e+04 1.222393e+04 1.223821e+04 1.204965e+04
6.9 1.202489e+04 1.222017e+04 1.223241e+04 1.203713e+04
7.9 1.216326e+04 1.222766e+04 1.223082e+04 1.216642e+04
8.9 1.229265e+04 1.224856e+04 1.224752e+04 1.229161e+04
9.9 1.227138e+04 1.226367e+04 1.226608e+04 1.227379e+04
10.9 1.228705e+04 1.225953e+04 1.226310e+04 1.229062e+04
11.9 1.224084e+04 1.225985e+04 1.225094e+04 1.223194e+04
12.9 1.224489e+04 1.227092e+04 1.225489e+04 1.222886e+04
13.9 1.228799e+04 1.227810e+04 1.226917e+04 1.227906e+04
14.9 1.227999e+04 1.226589e+04 1.226504e+04 1.227914e+04
15.9 1.223839e+04 1.226044e+04 1.225084e+04 1.222879e+04
16.9 1.223016e+04 1.226881e+04 1.223916e+04 1.220051e+04
17.9 1.227662e+04 1.227764e+04 1.224150e+04 1.224048e+04
18.9 1.226763e+04 1.228524e+04 1.226140e+04 1.224378e+04
19.9 1.219307e+04 1.227891e+04 1.226527e+04 1.217943e+04
20.9 1.219281e+04 1.226637e+04 1.225605e+04 1.218249e+04
0.9 1.216326e+04 1.222766e+04 1.223082e+04 1.216642e+04
1.9 1.229265e+04 1.224856e+04 1.224752e+04 1.229161e+04
2.9 1.227138e+04 1.226367e+04 1.226608e+04 1.227379e+04
3.9 1.228705e+04 1.225953e+04 1.226310e+04 1.229062e+04
4.9 1.224084e+04 1.225985e+04 1.225094e+04 1.223194e+04
5.9 1.224489e+04 1.227092e+04 1.225489e+04 1.222886e+04
6.9 1.228799e+04 1.227810e+04 1.226917e+04 1.227906e+04
7.9 1.227999e+04 1.226589e+04 1.226504e+04 1.227914e+04
8.9 1.223839e+04 1.226044e+04 1.225084e+04 1.222879e+04
9.9 1.223016e+04 1.226881e+04 1.223916e+04 1.220051e+04
10.9 1.227662e+04 1.227764e+04 1.224150e+04 1.224048e+04
11.9 1.226763e+04 1.228524e+04 1.226140e+04 1.224378e+04
12.9 1.219307e+04 1.227891e+04 1.226527e+04 1.217943e+04
13.9 1.219281e+04 1.226637e+04 1.225605e+04 1.218249e+04
14.9 1.217566e+04 1.226744e+04 1.226408e+04 1.217231e+04
15.9 1.218345e+04 1.226120e+04 1.227195e+04 1.219420e+04
16.9 1.216665e+04 1.223618e+04 1.226190e+04 1.219237e+04
17.9 1.215777e+04 1.221892e+04 1.224682e+04 1.218567e+04
18.9 1.215984e+04 1.221343e+04 1.223618e+04 1.218260e+04
19.9 1.215592e+04 1.221248e+04 1.223071e+04 1.217415e+04
20.9 1.212894e+04 1.221302e+04 1.222858e+04 1.214450e+04
0.8 1.224084e+04 1.225985e+04 1.225094e+04 1.223194e+04
1.8 1.224489e+04 1.227092e+04 1.225489e+04 1.222886e+04
2.8 1.228799e+04 1.227810e+04 1.226917e+04 1.227906e+04
3.8 1.227999e+04 1.226589e+04 1.226504e+04 1.227914e+04
4.8 1.223839e+04 1.226044e+04 1.225084e+04 1.222879e+04
5.8 1.223016e+04 1.226881e+04 1.223916e+04 1.220051e+04
6.8 1.227662e+04 1.227764e+04 1.224150e+04 1.224048e+04
7.8 1.226763e+04 1.228524e+04 1.226140e+04 1.224378e+04
8.8 1.219307e+04 1.227891e+04 1.226527e+04 1.217943e+04
9.8 1.219281e+04 1.226637e+04 1.225605e+04 1.218249e+04
10.8 1.217566e+04 1.226744e+04 1.226408e+04 1.217231e+04
11.8 1.218345e+04 1.226120e+04 1.227195e+04 1.219420e+04
12.8 1.216665e+04 1.223618e+04 1.226190e+04 1.219237e+04
13.8 1.215777e+04 1.221892e+04 1.224682e+04 1.218567e+04
14.8 1.215984e+04 1.221343e+04 1.223618e+04 1.218260e+04
15.8 1.215592e+04 1.221248e+04 1.223071e+04 1.217415e+04
16.8 1.212894e+04 1.221302e+04 1.222858e+04 1.214450e+04
17.8 1.221078e+04 1.221091e+04 1.222836e+04 1.222822e+04
18.8 1.224198e+04 1.220129e+04 1.222910e+04 1.226980e+04
19.8 1.226545e+04 1.219154e+04 1.223018e+04 1.230409e+04
20.8 1.221199e+04 1.219454e+04 1.223119e+04 1.224863e+04
0.5 1.223016e+04 1.226881e+04 1.223916e+04 1.220051e+04
1.5 1.227662e+04 1.227764e+04 1.224150e+04 1.224048e+04
2.5 1.226763e+04 1.228524e+04 1.226140e+04 1.224378e+04
3.5 1.219307e+04 1.227891e+04 1.226527e+04 1.217943e+04
4.5 1.219281e+04 1.226637e+04 1.225605e+04 1.218249e+04
5.5 1.217566e+04 1.226744e+04 1.226408e+04 1.217231e+04
6.5 1.218345e+04 1.226120e+04 1.227195e+04 1.219420e+04
7.5 1.216665e+04 1.223618e+04 1.226190e+04 1.219237e+04
8.5 1.215777e+04 1.221892e+04 1.224682e+04 1.218567e+04
9.5 1.215984e+04 1.221343e+04 1.223618e+04 1.218260e+04
10.5 1.215592e+04 1.221248e+04 1.223071e+04 1.217415e+04
11.5 1.212894e+04 1.221302e+04 1.222858e+04 1.214450e+04
12.5 1.221078e+04 1.221091e+04 1.222836e+04 1.222822e+04
13.5 1.224198e+04 1.220129e+04 1.222910e+04 1.226980e+04
14.5 1.226545e+04 1.219154e+04 1.223018e+04 1.230409e+04
15.5 1.221199e+04 1.219454e+04 1.223119e+04 1.224863e+04
16.5 1.213822e+04 1.220959e+04 1.223194e+04 1.216057e+04
17.5 1.210037e+04 1.223012e+04 1.223243e+04 1.210268e+04
18.5 1.224720e+04 1.224346e+04 1.223272e+04 1.223645e+04
19.5 1.231566e+04 1.224415e+04 1.223286e+04 1.230438e+04
20.5 1.219141e+04 1.223730e+04 1.223294e+04 1.218705e+04
0.1 1.219307e+04 1.227891e+04 1.226527e+04 1.217943e+04
1.1 1.219281e+04 1.226637e+04 1.225605e+04 1.218249e+04
2.1 1.217566e+04 1.226744e+04 1.226408e+04 1.217231e+04
3.1 1.218345e+04 1.226120e+04 1.227195e+04 1.219420e+04
4.1 1.216665e+04 1.223618e+04 1.226190e+04 1.219237e+04
5.1 1.215777e+04 1.221892e+04 1.224682e+04 1.218567e+04
6.1 1.215984e+04 1.221343e+04 1.223618e+04 1.218260e+04
7.1 1.215592e+04 1.221248e+04 1.223071e+04 1.217415e+04
8.1 1.212894e+04 1.221302e+04 1.222858e+04 1.214450e+04
9.1 1.221078e+04 1.221091e+04 1.222836e+04 1.222822e+04
10.1 1.224198e+04 1.220129e+04 1.222910e+04 1.226980e+04
11.1 1.226545e+04 1.219154e+04 1.223018e+04 1.230409e+04
12.1 1.221199e+04 1.219454e+04 1.223119e+04 1.224863e+04
13.1 1.213822e+04 1.220959e+04 1.223194e+04 1.216057e+04
14.1 1.210037e+04 1.223012e+04 1.223243e+04 1.210268e+04
15.1 1.224720e+04 1.224346e+04 1.223272e+04 1.223645e+04
16.1 1.231566e+04 1.224415e+04 1.223286e+04 1.230438e+04
17.1 1.219141e+04 1.223730e+04 1.223294e+04 1.218705e+04
18.1 1.217201e+04 1.222949e+04 1.223297e+04 1.217549e+04
19.1 1.214711e+04 1.222769e+04 1.223298e+04 1.215241e+04
20.1 1.219066e+04 1.224259e+04 1.223299e+04 1.218106e+04
0.2 1.219066e+04 1.224259e+04 1.223299e+04 1.218106e+04
1.2 1.219566e+04 1.226260e+04 1.223699e+04 1.217006e+04
2.2 1.228903e+04 1.228117e+04 1.225908e+04 1.226695e+04
3.2 1.225943e+04 1.227857e+04 1.227056e+04 1.225142e+04
4.2 1.220354e+04 1.225752e+04 1.226180e+04 1.220782e+04
5.2 1.219672e+04 1.223658e+04 1.224828e+04 1.220843e+04
6.2 1.216470e+04 1.222313e+04 1.223852e+04 1.218009e+04
7.2 1.220885e+04 1.221639e+04 1.223301e+04 1.222547e+04
8.2 1.225869e+04 1.221995e+04 1.223040e+04 1.226914e+04
9.2 1.229250e+04 1.224023e+04 1.222964e+04 1.228191e+04
10.2 1.220924e+04 1.225213e+04 1.222995e+04 1.218706e+04
11.2 1.215207e+04 1.224683e+04 1.223071e+04 1.213596e+04
12.2 1.209311e+04 1.223711e+04 1.223150e+04 1.208750e+04
13.2 1.209679e+04 1.223741e+04 1.223212e+04 1.209150e+04
14.2 1.213176e+04 1.224528e+04 1.223579e+04 1.212228e+04
15.2 1.233962e+04 1.226299e+04 1.225754e+04 1.233417e+04
16.2 1.233690e+04 1.226717e+04 1.227046e+04 1.234019e+04
17.2 1.230786e+04 1.225226e+04 1.226252e+04 1.231812e+04
18.2 1.226165e+04 1.223495e+04 1.224897e+04 1.227567e+04
19.2 1.219788e+04 1.222342e+04 1.223894e+04 1.221340e+04
20.2 1.218619e+04 1.221748e+04 1.223323e+04 1.220194e+04
0.2 1.209679e+04 1.223741e+04 1.223212e+04 1.209150e+04
1.2 1.213176e+04 1.224528e+04 1.223579e+04 1.212228e+04
2.2 1.233962e+04 1.226299e+04 1.225754e+04 1.233417e+04
3.2 1.233690e+04 1.226717e+04 1.227046e+04 1.234019e+04
4.2 1.230786e+04 1.225226e+04 1.226252e+04 1.231812e+04
5.2 1.226165e+04 1.223495e+04 1.224897e+04 1.227567e+04
6.2 1.219788e+04 1.222342e+04 1.223894e+04 1.221340e+04
7.2 1.218619e+04 1.221748e+04 1.223323e+04 1.220194e+04
8.2 1.222484e+04 1.221750e+04 1.223049e+04 1.223783e+04
9.2 1.221442e+04 1.222625e+04 1.222965e+04 1.221782e+04
10.2 1.219764e+04 1.223326e+04 1.222991e+04 1.219430e+04
11.2 1.216760e+04 1.223285e+04 1.223066e+04 1.216541e+04
12.2 1.220410e+04 1.222812e+04 1.223146e+04 1.220744e+04
13.2 1.216756e+04 1.222437e+04 1.223209e+04 1.217528e+04
14.2 1.226225e+04 1.223455e+04 1.223251e+04 1.226021e+04
15.2 1.229053e+04 1.225707e+04 1.223803e+04 1.227149e+04
16.2 1.228758e+04 1.227934e+04 1.226086e+04 1.226910e+04
17.2 1.217028e+04 1.227668e+04 1.227036e+04 1.216397e+04
18.2 1.214652e+04 1.225096e+04 1.226061e+04 1.215616e+04
19.2 1.217364e+04 1.221863e+04 1.224725e+04 1.220227e+04
20.2 1.214790e+04 1.219818e+04 1.223996e+04 1.218968e+04
0.3 1.226225e+04 1.223455e+04 1.223251e+04 1.226021e+04
1.3 1.229053e+04 1.225707e+04 1.223803e+04 1.227149e+04
2.3 1.228758e+04 1.227934e+04 1.226086e+04 1.226910e+04
3.3 1.217028e+04 1.227668e+04 1.227036e+04 1.216397e+04
4.3 1.214652e+04 1.225096e+04 1.226061e+04 1.215616e+04
5.3 1.217364e+04 1.221863e+04 1.224725e+04 1.220227e+04
6.3 1.214790e+04 1.219818e+04 1.223996e+04 1.218968e+04
7.3 1.224565e+04 1.221422e+04 1.225471e+04 1.228614e+04
8.3 1.227992e+04 1.223778e+04 1.226764e+04 1.230978e+04
9.3 1.216775e+04 1.225414e+04 1.226070e+04 1.217431e+04
10.3 1.207741e+04 1.226570e+04 1.224744e+04 1.205915e+04
11.3 1.224606e+04 1.226056e+04 1.223765e+04 1.222315e+04
12.3 1.231074e+04 1.224527e+04 1.223228e+04 1.229774e+04
13.3 1.226247e+04 1.223090e+04 1.222986e+04 1.226144e+04
14.3 1.225197e+04 1.222164e+04 1.222924e+04 1.225957e+04
15.3 1.223952e+04 1.221699e+04 1.222963e+04 1.225216e+04
16.3 1.213806e+04 1.221542e+04 1.223047e+04 1.215311e+04
17.3 1.220253e+04 1.221561e+04 1.223133e+04 1.221826e+04
0.1 1.217364e+04 1.221863e+04 1.224725e+04 1.220227e+04
1.1 1.214790e+04 1.219818e+04 1.223996e+04 1.218968e+04
2.1 1.224565e+04 1.221422e+04 1.225471e+04 1.228614e+04
3.1 1.227992e+04 1.223778e+04 1.226764e+04 1.230978e+04
4.1 1.216775e+04 1.225414e+04 1.226070e+04 1.217431e+04
5.1 1.207741e+04 1.226570e+04 1.224744e+04 1.205915e+04
6.1 1.224606e+04 1.226056e+04 1.223765e+04 1.222315e+04
7.1 1.231074e+04 1.224527e+04 1.223228e+04 1.229774e+04
8.1 1.226247e+04 1.223090e+04 1.222986e+04 1.226144e+04
9.1 1.225197e+04 1.222164e+04 1.222924e+04 1.225957e+04
10.1 1.223952e+04 1.221699e+04 1.222963e+04 1.225216e+04
11.1 1.213806e+04 1.221542e+04 1.223047e+04 1.215311e+04
12.1 1.220253e+04 1.221561e+04 1.223133e+04 1.221826e+04
