0.6 1.227493e+04 1.226871e+04 1.226983e+04 1.227606e+04
1.6 1.228628e+04 1.226729e+04 1.227381e+04 1.229279e+04
2.6 1.227211e+04 1.227958e+04 1.228904e+04 1.228156e+04
3.6 1.232598e+04 1.229561e+04 1.230613e+04 1.233650e+04
4.6 1.234061e+04 1.230478e+04 1.230755e+04 1.234338e+04
5.6 1.236555e+04 1.230420e+04 1.229532e+04 1.235667e+04
6.6 1.235636e+04 1.229156e+04 1.228283e+04 1.234763e+04
7.6 1.233336e+04 1.228514e+04 1.228329e+04 1.233151e+04
8.6 1.230036e+04 1.229069e+04 1.229489e+04 1.230456e+04
9.6 1.231593e+04 1.229471e+04 1.229703e+04 1.231825e+04
10.6 1.232749e+04 1.229065e+04 1.228777e+04 1.232461e+04
11.6 1.232592e+04 1.227980e+04 1.227754e+04 1.232366e+04
12.6 1.230473e+04 1.227502e+04 1.227098e+04 1.230068e+04
13.6 1.231467e+04 1.227833e+04 1.226770e+04 1.230405e+04
14.6 1.232873e+04 1.228202e+04 1.226650e+04 1.231321e+04
15.6 1.238585e+04 1.228420e+04 1.226650e+04 1.236814e+04
16.6 1.234857e+04 1.227891e+04 1.226711e+04 1.233676e+04
17.6 1.230902e+04 1.226989e+04 1.226789e+04 1.230702e+04
18.6 1.227411e+04 1.226283e+04 1.226860e+04 1.227988e+04
19.6 1.227885e+04 1.225897e+04 1.226911e+04 1.228899e+04
20.6 1.229932e+04 1.225748e+04 1.226943e+04 1.231128e+04
21.6 1.228637e+04 1.225986e+04 1.226962e+04 1.229613e+04
0.1 1.236555e+04 1.230420e+04 1.229532e+04 1.235667e+04
1.1 1.235636e+04 1.229156e+04 1.228283e+04 1.234763e+04
2.1 1.233336e+04 1.228514e+04 1.228329e+04 1.233151e+04
3.1 1.230036e+04 1.229069e+04 1.229489e+04 1.230456e+04
4.1 1.231593e+04 1.229471e+04 1.229703e+04 1.231825e+04
5.1 1.232749e+04 1.229065e+04 1.228777e+04 1.232461e+04
6.1 1.232592e+04 1.227980e+04 1.227754e+04 1.232366e+04
7.1 1.230473e+04 1.227502e+04 1.227098e+04 1.230068e+04
8.1 1.231467e+04 1.227833e+04 1.226770e+04 1.230405e+04
9.1 1.232873e+04 1.228202e+04 1.226650e+04 1.231321e+04
10.1 1.238585e+04 1.228420e+04 1.226650e+04 1.236814e+04
11.1 1.234857e+04 1.227891e+04 1.226711e+04 1.233676e+04
12.1 1.230902e+04 1.226989e+04 1.226789e+04 1.230702e+04
13.1 1.227411e+04 1.226283e+04 1.226860e+04 1.227988e+04
14.1 1.227885e+04 1.225897e+04 1.226911e+04 1.228899e+04
15.1 1.229932e+04 1.225748e+04 1.226943e+04 1.231128e+04
16.1 1.228637e+04 1.225986e+04 1.226962e+04 1.229613e+04
17.1 1.228560e+04 1.226904e+04 1.226971e+04 1.228626e+04
18.1 1.228726e+04 1.227854e+04 1.226975e+04 1.227847e+04
19.1 1.232944e+04 1.228502e+04 1.226977e+04 1.231419e+04
20.1 1.230209e+04 1.228393e+04 1.226978e+04 1.228794e+04
21.1 1.227829e+04 1.228266e+04 1.226979e+04 1.226541e+04
0.4 1.226799e+04 1.229069e+04 1.226979e+04 1.224709e+04
1.4 1.229381e+04 1.228510e+04 1.227216e+04 1.228087e+04
2.4 1.229395e+04 1.228682e+04 1.228530e+04 1.229242e+04
3.4 1.230290e+04 1.229693e+04 1.230354e+04 1.230951e+04
4.4 1.234248e+04 1.230354e+04 1.230876e+04 1.234771e+04
5.4 1.235949e+04 1.230326e+04 1.229819e+04 1.235442e+04
6.4 1.229699e+04 1.228739e+04 1.228440e+04 1.229400e+04
7.4 1.226382e+04 1.226597e+04 1.227453e+04 1.227237e+04
8.4 1.229978e+04 1.225787e+04 1.226904e+04 1.231094e+04
9.4 1.234669e+04 1.226737e+04 1.226659e+04 1.234592e+04
10.4 1.228773e+04 1.227129e+04 1.226605e+04 1.228249e+04
11.4 1.225450e+04 1.226687e+04 1.226653e+04 1.225416e+04
12.4 1.221606e+04 1.225749e+04 1.226741e+04 1.222598e+04
13.4 1.225149e+04 1.224652e+04 1.226825e+04 1.227322e+04
14.4 1.229532e+04 1.224362e+04 1.226890e+04 1.232060e+04
15.4 1.228156e+04 1.225538e+04 1.226931e+04 1.229550e+04
16.4 1.226535e+04 1.226473e+04 1.226955e+04 1.227017e+04
17.4 1.224161e+04 1.226638e+04 1.226968e+04 1.224490e+04
18.4 1.225889e+04 1.226560e+04 1.226974e+04 1.226304e+04
19.4 1.225267e+04 1.226521e+04 1.226977e+04 1.225723e+04
20.4 1.230168e+04 1.227312e+04 1.226978e+04 1.229834e+04
21.4 1.231317e+04 1.228237e+04 1.226978e+04 1.230058e+04
0.5 1.227556e+04 1.226202e+04 1.226979e+04 1.228334e+04
1.5 1.230296e+04 1.227331e+04 1.227236e+04 1.230201e+04
2.5 1.228153e+04 1.228810e+04 1.228571e+04 1.227914e+04
3.5 1.227824e+04 1.229991e+04 1.229975e+04 1.227807e+04
4.5 1.228147e+04 1.230621e+04 1.229825e+04 1.227351e+04
5.5 1.225847e+04 1.229920e+04 1.228753e+04 1.224680e+04
6.5 1.223260e+04 1.227817e+04 1.227764e+04 1.223208e+04
7.5 1.222771e+04 1.225798e+04 1.227145e+04 1.224118e+04
8.5 1.227848e+04 1.225997e+04 1.226853e+04 1.228703e+04
9.5 1.231409e+04 1.227592e+04 1.227395e+04 1.231211e+04
10.5 1.229073e+04 1.229337e+04 1.229121e+04 1.228857e+04
11.5 1.229371e+04 1.230451e+04 1.230611e+04 1.229531e+04
12.5 1.228177e+04 1.230885e+04 1.230360e+04 1.227651e+04
13.5 1.230663e+04 1.230254e+04 1.229067e+04 1.229476e+04
14.5 1.227717e+04 1.228563e+04 1.227874e+04 1.227028e+04
15.5 1.228586e+04 1.226692e+04 1.227127e+04 1.229021e+04
16.5 1.225701e+04 1.226139e+04 1.226749e+04 1.226311e+04
17.5 1.225385e+04 1.227004e+04 1.226611e+04 1.224992e+04
18.5 1.223056e+04 1.227317e+04 1.226753e+04 1.222492e+04
19.5 1.228043e+04 1.227949e+04 1.227938e+04 1.228033e+04
20.5 1.229343e+04 1.229136e+04 1.229602e+04 1.229808e+04
21.5 1.230502e+04 1.230085e+04 1.229849e+04 1.230266e+04
0.9 1.227848e+04 1.225997e+04 1.226853e+04 1.228703e+04
1.9 1.231409e+04 1.227592e+04 1.227395e+04 1.231211e+04
2.9 1.229073e+04 1.229337e+04 1.229121e+04 1.228857e+04
3.9 1.229371e+04 1.230451e+04 1.230611e+04 1.229531e+04
4.9 1.228177e+04 1.230885e+04 1.230360e+04 1.227651e+04
5.9 1.230663e+04 1.230254e+04 1.229067e+04 1.229476e+04
6.9 1.227717e+04 1.228563e+04 1.227874e+04 1.227028e+04
7.9 1.228586e+04 1.226692e+04 1.227127e+04 1.229021e+04
8.9 1.225701e+04 1.226139e+04 1.226749e+04 1.226311e+04
9.9 1.225385e+04 1.227004e+04 1.226611e+04 1.224992e+04
10.9 1.223056e+04 1.227317e+04 1.226753e+04 1.222492e+04
11.9 1.228043e+04 1.227949e+04 1.227938e+04 1.228033e+04
12.9 1.229343e+04 1.229136e+04 1.229602e+04 1.229808e+04
13.9 1.230502e+04 1.230085e+04 1.229849e+04 1.230266e+04
14.9 1.225782e+04 1.229946e+04 1.228915e+04 1.224751e+04
15.9 1.222988e+04 1.228600e+04 1.227899e+04 1.222287e+04
16.9 1.225949e+04 1.227151e+04 1.227225e+04 1.226023e+04
17.9 1.226808e+04 1.225955e+04 1.226864e+04 1.227717e+04
18.9 1.226691e+04 1.224948e+04 1.226713e+04 1.228457e+04
19.9 1.225784e+04 1.224636e+04 1.226692e+04 1.227840e+04
20.9 1.225067e+04 1.226039e+04 1.226739e+04 1.225767e+04
21.9 1.223608e+04 1.227222e+04 1.226808e+04 1.223195e+04
0.3 1.225385e+04 1.227004e+04 1.226611e+04 1.224992e+04
1.3 1.223056e+04 1.227317e+04 1.226753e+04 1.222492e+04
2.3 1.228043e+04 1.227949e+04 1.227938e+04 1.228033e+04
3.3 1.229343e+04 1.229136e+04 1.229602e+04 1.229808e+04
4.3 1.230502e+04 1.230085e+04 1.229849e+04 1.230266e+04
5.3 1.225782e+04 1.229946e+04 1.228915e+04 1.224751e+04
6.3 1.222988e+04 1.228600e+04 1.227899e+04 1.222287e+04
7.3 1.225949e+04 1.227151e+04 1.227225e+04 1.226023e+04
8.3 1.226808e+04 1.225955e+04 1.226864e+04 1.227717e+04
9.3 1.226691e+04 1.224948e+04 1.226713e+04 1.228457e+04
10.3 1.225784e+04 1.224636e+04 1.226692e+04 1.227840e+04
11.3 1.225067e+04 1.226039e+04 1.226739e+04 1.225767e+04
12.3 1.223608e+04 1.227222e+04 1.226808e+04 1.223195e+04
13.3 1.222879e+04 1.227403e+04 1.226872e+04 1.222347e+04
14.3 1.224414e+04 1.227776e+04 1.226918e+04 1.223556e+04
15.3 1.227504e+04 1.228401e+04 1.226947e+04 1.226050e+04
16.3 1.230919e+04 1.229028e+04 1.226963e+04 1.228854e+04
17.3 1.231485e+04 1.229438e+04 1.226972e+04 1.229018e+04
18.3 1.228664e+04 1.228660e+04 1.226976e+04 1.226979e+04
19.3 1.227702e+04 1.227459e+04 1.226978e+04 1.227220e+04
20.3 1.221375e+04 1.226605e+04 1.226978e+04 1.221749e+04
21.3 1.228060e+04 1.226346e+04 1.226979e+04 1.228693e+04
0.5 1.224532e+04 1.228142e+04 1.226980e+04 1.223371e+04
1.5 1.229507e+04 1.228228e+04 1.227280e+04 1.228558e+04
2.5 1.232243e+04 1.228852e+04 1.228688e+04 1.232079e+04
3.5 1.232183e+04 1.229929e+04 1.230473e+04 1.232728e+04
4.5 1.231472e+04 1.230304e+04 1.230832e+04 1.232001e+04
5.5 1.228296e+04 1.229693e+04 1.229697e+04 1.228300e+04
6.5 1.223994e+04 1.227923e+04 1.228336e+04 1.224407e+04
7.5 1.220548e+04 1.226029e+04 1.227390e+04 1.221910e+04
8.5 1.227238e+04 1.225684e+04 1.226873e+04 1.228427e+04
9.5 1.232829e+04 1.226796e+04 1.226649e+04 1.232682e+04
10.5 1.228783e+04 1.227138e+04 1.226606e+04 1.228251e+04
11.5 1.228132e+04 1.226781e+04 1.226660e+04 1.228010e+04
12.5 1.221469e+04 1.226448e+04 1.226748e+04 1.221770e+04
13.5 1.217873e+04 1.226963e+04 1.226832e+04 1.217742e+04
14.5 1.229309e+04 1.227990e+04 1.226894e+04 1.228213e+04
15.5 1.235901e+04 1.227908e+04 1.226934e+04 1.234927e+04
16.5 1.229319e+04 1.227207e+04 1.226957e+04 1.229070e+04
17.5 1.221941e+04 1.226679e+04 1.226969e+04 1.222230e+04
18.5 1.217091e+04 1.227273e+04 1.226974e+04 1.216792e+04
19.5 1.220757e+04 1.228053e+04 1.226977e+04 1.219681e+04
20.5 1.218972e+04 1.227723e+04 1.226978e+04 1.218227e+04
21.5 1.215285e+04 1.226944e+04 1.226978e+04 1.215319e+04
0.5 1.230300e+04 1.227982e+04 1.226980e+04 1.229298e+04
1.5 1.227626e+04 1.228080e+04 1.227280e+04 1.226826e+04
2.5 1.224928e+04 1.228601e+04 1.228505e+04 1.224832e+04
3.5 1.225233e+04 1.229502e+04 1.229199e+04 1.224930e+04
4.5 1.226135e+04 1.229822e+04 1.228728e+04 1.225040e+04
5.5 1.228697e+04 1.228991e+04 1.228128e+04 1.227834e+04
6.5 1.228271e+04 1.228851e+04 1.228780e+04 1.228200e+04
7.5 1.227394e+04 1.229700e+04 1.230280e+04 1.227973e+04
8.5 1.230383e+04 1.230301e+04 1.230748e+04 1.230830e+04
9.5 1.232121e+04 1.230479e+04 1.229699e+04 1.231341e+04
10.5 1.226852e+04 1.230026e+04 1.228327e+04 1.225153e+04
11.5 1.223377e+04 1.229396e+04 1.227357e+04 1.221338e+04
12.5 1.222410e+04 1.229319e+04 1.226834e+04 1.219925e+04
13.5 1.223324e+04 1.228745e+04 1.226613e+04 1.221193e+04
14.5 1.224168e+04 1.227334e+04 1.226575e+04 1.223409e+04
15.5 1.223152e+04 1.226929e+04 1.226635e+04 1.222858e+04
16.5 1.223347e+04 1.226881e+04 1.226729e+04 1.223195e+04
17.5 1.223061e+04 1.226493e+04 1.226818e+04 1.223387e+04
18.5 1.223787e+04 1.226074e+04 1.226885e+04 1.224598e+04
19.5 1.225293e+04 1.225696e+04 1.226929e+04 1.226525e+04
20.5 1.225907e+04 1.225150e+04 1.226954e+04 1.227711e+04
21.5 1.224448e+04 1.224714e+04 1.226967e+04 1.226702e+04
0.4 1.226135e+04 1.229822e+04 1.228728e+04 1.225040e+04
1.4 1.228697e+04 1.228991e+04 1.228128e+04 1.227834e+04
2.4 1.228271e+04 1.228851e+04 1.228780e+04 1.228200e+04
3.4 1.227394e+04 1.229700e+04 1.230280e+04 1.227973e+04
4.4 1.230383e+04 1.230301e+04 1.230748e+04 1.230830e+04
5.4 1.232121e+04 1.230479e+04 1.229699e+04 1.231341e+04
6.4 1.226852e+04 1.230026e+04 1.228327e+04 1.225153e+04
7.4 1.223377e+04 1.229396e+04 1.227357e+04 1.221338e+04
8.4 1.222410e+04 1.229319e+04 1.226834e+04 1.219925e+04
9.4 1.223324e+04 1.228745e+04 1.226613e+04 1.221193e+04
10.4 1.224168e+04 1.227334e+04 1.226575e+04 1.223409e+04
11.4 1.223152e+04 1.226929e+04 1.226635e+04 1.222858e+04
12.4 1.223347e+04 1.226881e+04 1.226729e+04 1.223195e+04
13.4 1.223061e+04 1.226493e+04 1.226818e+04 1.223387e+04
14.4 1.223787e+04 1.226074e+04 1.226885e+04 1.224598e+04
15.4 1.225293e+04 1.225696e+04 1.226929e+04 1.226525e+04
16.4 1.225907e+04 1.225150e+04 1.226954e+04 1.227711e+04
17.4 1.224448e+04 1.224714e+04 1.226967e+04 1.226702e+04
18.4 1.225460e+04 1.225369e+04 1.226974e+04 1.227065e+04
19.4 1.223773e+04 1.226533e+04 1.226977e+04 1.224217e+04
20.4 1.222570e+04 1.226950e+04 1.226978e+04 1.222598e+04
21.4 1.224920e+04 1.227073e+04 1.226978e+04 1.224825e+04
0.5 1.223716e+04 1.227075e+04 1.226980e+04 1.223621e+04
1.5 1.220581e+04 1.226807e+04 1.227280e+04 1.221054e+04
2.5 1.223028e+04 1.227838e+04 1.228672e+04 1.223862e+04
3.5 1.226588e+04 1.229222e+04 1.230011e+04 1.227378e+04
4.5 1.231750e+04 1.230155e+04 1.229776e+04 1.231371e+04
5.5 1.228527e+04 1.229709e+04 1.228689e+04 1.227507e+04
6.5 1.224744e+04 1.228281e+04 1.227719e+04 1.224182e+04
7.5 1.224305e+04 1.226967e+04 1.227120e+04 1.224458e+04
8.5 1.222863e+04 1.226150e+04 1.226815e+04 1.223528e+04
9.5 1.225238e+04 1.225751e+04 1.226701e+04 1.226188e+04
10.5 1.225294e+04 1.225454e+04 1.226701e+04 1.226541e+04
11.5 1.224385e+04 1.224952e+04 1.226757e+04 1.226190e+04
12.5 1.222783e+04 1.225411e+04 1.226826e+04 1.224198e+04
13.5 1.221616e+04 1.226438e+04 1.226885e+04 1.222063e+04
14.5 1.223500e+04 1.226765e+04 1.226927e+04 1.223663e+04
15.5 1.223505e+04 1.226650e+04 1.226952e+04 1.223807e+04
16.5 1.221182e+04 1.226665e+04 1.226966e+04 1.221483e+04
17.5 1.228574e+04 1.227695e+04 1.226973e+04 1.227853e+04
18.5 1.227991e+04 1.228258e+04 1.226976e+04 1.226709e+04
19.5 1.228241e+04 1.227710e+04 1.226978e+04 1.227509e+04
20.5 1.222484e+04 1.226902e+04 1.226978e+04 1.222560e+04
21.5 1.225861e+04 1.226330e+04 1.226979e+04 1.226510e+04
