0.8 1.230036e+04 1.229069e+04 1.227151e+04 1.228118e+04
1.8 1.231593e+04 1.229471e+04 1.227723e+04 1.229845e+04
2.8 1.232749e+04 1.229065e+04 1.228441e+04 1.232125e+04
3.8 1.232592e+04 1.227980e+04 1.228361e+04 1.232973e+04
4.8 1.230473e+04 1.227502e+04 1.227875e+04 1.230846e+04
5.8 1.231467e+04 1.227833e+04 1.227452e+04 1.231086e+04
6.8 1.232873e+04 1.228202e+04 1.227479e+04 1.232151e+04
7.8 1.238585e+04 1.228420e+04 1.228187e+04 1.238351e+04
8.8 1.234857e+04 1.227891e+04 1.228356e+04 1.235321e+04
9.8 1.230902e+04 1.226989e+04 1.227946e+04 1.231858e+04
10.8 1.227411e+04 1.226283e+04 1.227494e+04 1.228622e+04
11.8 1.227885e+04 1.225897e+04 1.227206e+04 1.229194e+04
12.8 1.229932e+04 1.225748e+04 1.227059e+04 1.231243e+04
13.8 1.228637e+04 1.225986e+04 1.227000e+04 1.229651e+04
14.8 1.228560e+04 1.226904e+04 1.226994e+04 1.228650e+04
15.8 1.228726e+04 1.227854e+04 1.227263e+04 1.228135e+04
16.8 1.232944e+04 1.228502e+04 1.228135e+04 1.232577e+04
17.8 1.230209e+04 1.228393e+04 1.228434e+04 1.230250e+04
18.8 1.227829e+04 1.228266e+04 1.228065e+04 1.227628e+04
19.8 1.227066e+04 1.228728e+04 1.227598e+04 1.225936e+04
20.8 1.226799e+04 1.229069e+04 1.227278e+04 1.225008e+04
0.5 1.231467e+04 1.227833e+04 1.227452e+04 1.231086e+04
1.5 1.232873e+04 1.228202e+04 1.227479e+04 1.232151e+04
2.5 1.238585e+04 1.228420e+04 1.228187e+04 1.238351e+04
3.5 1.234857e+04 1.227891e+04 1.228356e+04 1.235321e+04
4.5 1.230902e+04 1.226989e+04 1.227946e+04 1.231858e+04
5.5 1.227411e+04 1.226283e+04 1.227494e+04 1.228622e+04
6.5 1.227885e+04 1.225897e+04 1.227206e+04 1.229194e+04
7.5 1.229932e+04 1.225748e+04 1.227059e+04 1.231243e+04
8.5 1.228637e+04 1.225986e+04 1.227000e+04 1.229651e+04
9.5 1.228560e+04 1.226904e+04 1.226994e+04 1.228650e+04
10.5 1.228726e+04 1.227854e+04 1.227263e+04 1.228135e+04
11.5 1.232944e+04 1.228502e+04 1.228135e+04 1.232577e+04
12.5 1.230209e+04 1.228393e+04 1.228434e+04 1.230250e+04
13.5 1.227829e+04 1.228266e+04 1.228065e+04 1.227628e+04
14.5 1.227066e+04 1.228728e+04 1.227598e+04 1.225936e+04
15.5 1.226799e+04 1.229069e+04 1.227278e+04 1.225008e+04
16.5 1.229381e+04 1.228510e+04 1.227102e+04 1.227974e+04
17.5 1.229395e+04 1.228682e+04 1.227023e+04 1.227735e+04
18.5 1.230290e+04 1.229693e+04 1.227005e+04 1.227602e+04
19.5 1.234248e+04 1.230354e+04 1.227020e+04 1.230915e+04
20.5 1.235949e+04 1.230326e+04 1.227049e+04 1.232673e+04
0.4 1.228560e+04 1.226904e+04 1.226994e+04 1.228650e+04
1.4 1.228726e+04 1.227854e+04 1.227263e+04 1.228135e+04
2.4 1.232944e+04 1.228502e+04 1.228135e+04 1.232577e+04
3.4 1.230209e+04 1.228393e+04 1.228434e+04 1.230250e+04
4.4 1.227829e+04 1.228266e+04 1.228065e+04 1.227628e+04
5.4 1.227066e+04 1.228728e+04 1.227598e+04 1.225936e+04
6.4 1.226799e+04 1.229069e+04 1.227278e+04 1.225008e+04
7.4 1.229381e+04 1.228510e+04 1.227102e+04 1.227974e+04
8.4 1.229395e+04 1.228682e+04 1.227023e+04 1.227735e+04
9.4 1.230290e+04 1.229693e+04 1.227005e+04 1.227602e+04
10.4 1.234248e+04 1.230354e+04 1.227020e+04 1.230915e+04
11.4 1.235949e+04 1.230326e+04 1.227049e+04 1.232673e+04
12.4 1.229699e+04 1.228739e+04 1.227078e+04 1.228038e+04
13.4 1.226382e+04 1.226597e+04 1.227099e+04 1.226883e+04
14.4 1.229978e+04 1.225787e+04 1.227112e+04 1.231303e+04
15.4 1.234669e+04 1.226737e+04 1.227120e+04 1.235053e+04
16.4 1.228773e+04 1.227129e+04 1.227124e+04 1.228768e+04
17.4 1.225450e+04 1.226687e+04 1.227126e+04 1.225889e+04
18.4 1.221606e+04 1.225749e+04 1.227127e+04 1.222984e+04
19.4 1.225149e+04 1.224652e+04 1.227128e+04 1.227624e+04
20.4 1.229532e+04 1.224362e+04 1.227355e+04 1.232526e+04
0.4 1.225149e+04 1.224652e+04 1.227128e+04 1.227624e+04
1.4 1.229532e+04 1.224362e+04 1.227355e+04 1.232526e+04
2.4 1.228156e+04 1.225538e+04 1.228193e+04 1.230811e+04
3.4 1.226535e+04 1.226473e+04 1.228488e+04 1.228550e+04
4.4 1.224161e+04 1.226638e+04 1.228108e+04 1.225630e+04
5.4 1.225889e+04 1.226560e+04 1.227625e+04 1.226954e+04
6.4 1.225267e+04 1.226521e+04 1.227292e+04 1.226038e+04
7.4 1.230168e+04 1.227312e+04 1.227109e+04 1.229965e+04
8.4 1.231317e+04 1.228237e+04 1.227026e+04 1.230105e+04
9.4 1.226576e+04 1.227969e+04 1.227005e+04 1.225612e+04
10.4 1.224613e+04 1.227015e+04 1.227020e+04 1.224618e+04
11.4 1.219586e+04 1.225713e+04 1.227049e+04 1.220922e+04
12.4 1.224448e+04 1.224871e+04 1.227223e+04 1.226800e+04
13.4 1.230676e+04 1.225572e+04 1.228051e+04 1.233155e+04
14.4 1.228139e+04 1.226017e+04 1.228484e+04 1.230607e+04
15.4 1.225686e+04 1.225326e+04 1.228172e+04 1.228533e+04
16.4 1.221510e+04 1.224781e+04 1.227829e+04 1.224559e+04
17.4 1.226240e+04 1.225705e+04 1.228281e+04 1.228816e+04
18.4 1.227993e+04 1.226643e+04 1.228500e+04 1.229850e+04
19.4 1.223812e+04 1.226771e+04 1.228085e+04 1.225126e+04
20.4 1.228426e+04 1.226619e+04 1.227564e+04 1.229372e+04
0.2 1.219586e+04 1.225713e+04 1.227049e+04 1.220922e+04
1.2 1.224448e+04 1.224871e+04 1.227223e+04 1.226800e+04
2.2 1.230676e+04 1.225572e+04 1.228051e+04 1.233155e+04
3.2 1.228139e+04 1.226017e+04 1.228484e+04 1.230607e+04
4.2 1.225686e+04 1.225326e+04 1.228172e+04 1.228533e+04
5.2 1.221510e+04 1.224781e+04 1.227829e+04 1.224559e+04
6.2 1.226240e+04 1.225705e+04 1.228281e+04 1.228816e+04
7.2 1.227993e+04 1.226643e+04 1.228500e+04 1.229850e+04
8.2 1.223812e+04 1.226771e+04 1.228085e+04 1.225126e+04
9.2 1.228426e+04 1.226619e+04 1.227564e+04 1.229372e+04
10.2 1.226018e+04 1.227008e+04 1.227218e+04 1.226228e+04
11.2 1.227264e+04 1.227828e+04 1.227045e+04 1.226481e+04
12.2 1.234389e+04 1.228856e+04 1.226979e+04 1.232512e+04
13.2 1.233516e+04 1.229573e+04 1.226973e+04 1.230917e+04
14.2 1.230873e+04 1.229553e+04 1.226999e+04 1.228319e+04
15.2 1.231278e+04 1.229695e+04 1.227036e+04 1.228620e+04
16.2 1.228799e+04 1.229356e+04 1.227069e+04 1.226512e+04
17.2 1.227347e+04 1.228123e+04 1.227094e+04 1.226318e+04
18.2 1.224754e+04 1.226878e+04 1.227110e+04 1.224985e+04
19.2 1.228358e+04 1.226093e+04 1.227119e+04 1.229384e+04
20.2 1.230427e+04 1.225759e+04 1.227124e+04 1.231792e+04
0.2 1.225686e+04 1.225326e+04 1.228172e+04 1.228533e+04
1.2 1.221510e+04 1.224781e+04 1.227829e+04 1.224559e+04
2.2 1.226240e+04 1.225705e+04 1.228281e+04 1.228816e+04
3.2 1.227993e+04 1.226643e+04 1.228500e+04 1.229850e+04
4.2 1.223812e+04 1.226771e+04 1.228085e+04 1.225126e+04
5.2 1.228426e+04 1.226619e+04 1.227564e+04 1.229372e+04
6.2 1.226018e+04 1.227008e+04 1.227218e+04 1.226228e+04
7.2 1.227264e+04 1.227828e+04 1.227045e+04 1.226481e+04
8.2 1.234389e+04 1.228856e+04 1.226979e+04 1.232512e+04
9.2 1.233516e+04 1.229573e+04 1.226973e+04 1.230917e+04
10.2 1.230873e+04 1.229553e+04 1.226999e+04 1.228319e+04
11.2 1.231278e+04 1.229695e+04 1.227036e+04 1.228620e+04
12.2 1.228799e+04 1.229356e+04 1.227069e+04 1.226512e+04
13.2 1.227347e+04 1.228123e+04 1.227094e+04 1.226318e+04
14.2 1.224754e+04 1.226878e+04 1.227110e+04 1.224985e+04
15.2 1.228358e+04 1.226093e+04 1.227119e+04 1.229384e+04
16.2 1.230427e+04 1.225759e+04 1.227124e+04 1.231792e+04
17.2 1.229243e+04 1.225738e+04 1.227130e+04 1.230636e+04
18.2 1.227556e+04 1.226202e+04 1.227523e+04 1.228877e+04
19.2 1.230296e+04 1.227331e+04 1.228340e+04 1.231304e+04
20.2 1.228153e+04 1.228810e+04 1.228439e+04 1.227782e+04
0.6 1.229243e+04 1.225738e+04 1.227130e+04 1.230636e+04
1.6 1.227556e+04 1.226202e+04 1.227523e+04 1.228877e+04
2.6 1.230296e+04 1.227331e+04 1.228340e+04 1.231304e+04
3.6 1.228153e+04 1.228810e+04 1.228439e+04 1.227782e+04
4.6 1.227824e+04 1.229991e+04 1.227991e+04 1.225824e+04
5.6 1.228147e+04 1.230621e+04 1.227533e+04 1.225060e+04
6.6 1.225847e+04 1.229920e+04 1.227239e+04 1.223166e+04
7.6 1.223260e+04 1.227817e+04 1.227083e+04 1.222526e+04
8.6 1.222771e+04 1.225798e+04 1.227017e+04 1.223990e+04
9.6 1.227848e+04 1.225997e+04 1.227006e+04 1.228857e+04
10.6 1.231409e+04 1.227592e+04 1.227026e+04 1.230842e+04
11.6 1.229073e+04 1.229337e+04 1.227055e+04 1.226792e+04
12.6 1.229371e+04 1.230451e+04 1.227082e+04 1.226002e+04
13.6 1.228177e+04 1.230885e+04 1.227102e+04 1.224394e+04
14.6 1.230663e+04 1.230254e+04 1.227114e+04 1.227524e+04
15.6 1.227717e+04 1.228563e+04 1.227121e+04 1.226274e+04
16.6 1.228586e+04 1.226692e+04 1.227125e+04 1.229019e+04
17.6 1.225701e+04 1.226139e+04 1.227126e+04 1.226688e+04
18.6 1.225385e+04 1.227004e+04 1.227127e+04 1.225508e+04
19.6 1.223056e+04 1.227317e+04 1.227127e+04 1.222866e+04
20.6 1.228043e+04 1.227949e+04 1.227128e+04 1.227222e+04
0.3 1.226606e+04 1.227151e+04 1.227128e+04 1.226582e+04
1.3 1.231567e+04 1.226872e+04 1.227289e+04 1.231984e+04
2.3 1.231486e+04 1.227380e+04 1.228104e+04 1.232210e+04
3.3 1.229565e+04 1.228021e+04 1.228499e+04 1.230043e+04
4.3 1.225270e+04 1.228407e+04 1.228393e+04 1.225257e+04
5.3 1.224554e+04 1.228669e+04 1.228739e+04 1.224624e+04
6.3 1.227517e+04 1.228216e+04 1.228682e+04 1.227983e+04
7.3 1.227544e+04 1.227698e+04 1.228105e+04 1.227951e+04
8.3 1.223731e+04 1.227741e+04 1.227689e+04 1.223679e+04
9.3 1.224532e+04 1.228142e+04 1.228146e+04 1.224537e+04
10.3 1.229507e+04 1.228228e+04 1.228370e+04 1.229648e+04
11.3 1.232243e+04 1.228852e+04 1.227981e+04 1.231373e+04
12.3 1.232183e+04 1.229929e+04 1.227504e+04 1.229759e+04
13.3 1.231472e+04 1.230304e+04 1.227626e+04 1.228795e+04
14.3 1.228296e+04 1.229693e+04 1.228271e+04 1.226875e+04
15.3 1.223994e+04 1.227923e+04 1.228267e+04 1.224338e+04
16.3 1.220548e+04 1.226029e+04 1.227806e+04 1.222326e+04
17.3 1.227238e+04 1.225684e+04 1.227384e+04 1.228939e+04
18.3 1.232829e+04 1.226796e+04 1.227136e+04 1.233169e+04
19.3 1.228783e+04 1.227138e+04 1.227020e+04 1.228665e+04
20.3 1.228132e+04 1.226781e+04 1.226982e+04 1.228332e+04
0.4 1.229565e+04 1.228021e+04 1.228499e+04 1.230043e+04
1.4 1.225270e+04 1.228407e+04 1.228393e+04 1.225257e+04
2.4 1.224554e+04 1.228669e+04 1.228739e+04 1.224624e+04
3.4 1.227517e+04 1.228216e+04 1.228682e+04 1.227983e+04
4.4 1.227544e+04 1.227698e+04 1.228105e+04 1.227951e+04
5.4 1.223731e+04 1.227741e+04 1.227689e+04 1.223679e+04
6.4 1.224532e+04 1.228142e+04 1.228146e+04 1.224537e+04
7.4 1.229507e+04 1.228228e+04 1.228370e+04 1.229648e+04
8.4 1.232243e+04 1.228852e+04 1.227981e+04 1.231373e+04
9.4 1.232183e+04 1.229929e+04 1.227504e+04 1.229759e+04
10.4 1.231472e+04 1.230304e+04 1.227626e+04 1.228795e+04
11.4 1.228296e+04 1.229693e+04 1.228271e+04 1.226875e+04
12.4 1.223994e+04 1.227923e+04 1.228267e+04 1.224338e+04
13.4 1.220548e+04 1.226029e+04 1.227806e+04 1.222326e+04
14.4 1.227238e+04 1.225684e+04 1.227384e+04 1.228939e+04
15.4 1.232829e+04 1.226796e+04 1.227136e+04 1.233169e+04
16.4 1.228783e+04 1.227138e+04 1.227020e+04 1.228665e+04
17.4 1.228132e+04 1.226781e+04 1.226982e+04 1.228332e+04
18.4 1.221469e+04 1.226448e+04 1.226989e+04 1.222011e+04
19.4 1.217873e+04 1.226963e+04 1.227019e+04 1.217929e+04
20.4 1.229309e+04 1.227990e+04 1.227053e+04 1.228372e+04
0.3 1.227544e+04 1.227698e+04 1.228105e+04 1.227951e+04
1.3 1.223731e+04 1.227741e+04 1.227689e+04 1.223679e+04
2.3 1.224532e+04 1.228142e+04 1.228146e+04 1.224537e+04
3.3 1.229507e+04 1.228228e+04 1.228370e+04 1.229648e+04
4.3 1.232243e+04 1.228852e+04 1.227981e+04 1.231373e+04
5.3 1.232183e+04 1.229929e+04 1.227504e+04 1.229759e+04
6.3 1.231472e+04 1.230304e+04 1.227626e+04 1.228795e+04
7.3 1.228296e+04 1.229693e+04 1.228271e+04 1.226875e+04
8.3 1.223994e+04 1.227923e+04 1.228267e+04 1.224338e+04
9.3 1.220548e+04 1.226029e+04 1.227806e+04 1.222326e+04
10.3 1.227238e+04 1.225684e+04 1.227384e+04 1.228939e+04
11.3 1.232829e+04 1.226796e+04 1.227136e+04 1.233169e+04
12.3 1.228783e+04 1.227138e+04 1.227020e+04 1.228665e+04
13.3 1.228132e+04 1.226781e+04 1.226982e+04 1.228332e+04
14.3 1.221469e+04 1.226448e+04 1.226989e+04 1.222011e+04
15.3 1.217873e+04 1.226963e+04 1.227019e+04 1.217929e+04
16.3 1.229309e+04 1.227990e+04 1.227053e+04 1.228372e+04
17.3 1.235901e+04 1.227908e+04 1.227082e+04 1.235075e+04
18.3 1.229319e+04 1.227207e+04 1.227102e+04 1.229215e+04
19.3 1.221941e+04 1.226679e+04 1.227115e+04 1.222376e+04
20.3 1.217091e+04 1.227273e+04 1.227121e+04 1.216939e+04
0.7 1.232183e+04 1.229929e+04 1.227504e+04 1.229759e+04
1.7 1.231472e+04 1.230304e+04 1.227626e+04 1.228795e+04
2.7 1.228296e+04 1.229693e+04 1.228271e+04 1.226875e+04
3.7 1.223994e+04 1.227923e+04 1.228267e+04 1.224338e+04
4.7 1.220548e+04 1.226029e+04 1.227806e+04 1.222326e+04
5.7 1.227238e+04 1.225684e+04 1.227384e+04 1.228939e+04
6.7 1.232829e+04 1.226796e+04 1.227136e+04 1.233169e+04
7.7 1.228783e+04 1.227138e+04 1.227020e+04 1.228665e+04
8.7 1.228132e+04 1.226781e+04 1.226982e+04 1.228332e+04
9.7 1.221469e+04 1.226448e+04 1.226989e+04 1.222011e+04
10.7 1.217873e+04 1.226963e+04 1.227019e+04 1.217929e+04
11.7 1.229309e+04 1.227990e+04 1.227053e+04 1.228372e+04
12.7 1.235901e+04 1.227908e+04 1.227082e+04 1.235075e+04
13.7 1.229319e+04 1.227207e+04 1.227102e+04 1.229215e+04
14.7 1.221941e+04 1.226679e+04 1.227115e+04 1.222376e+04
15.7 1.217091e+04 1.227273e+04 1.227121e+04 1.216939e+04
16.7 1.220757e+04 1.228053e+04 1.227125e+04 1.219829e+04
17.7 1.218972e+04 1.227723e+04 1.227126e+04 1.218375e+04
18.7 1.215285e+04 1.226944e+04 1.227127e+04 1.215468e+04
19.7 1.213059e+04 1.226343e+04 1.227127e+04 1.213843e+04
20.7 1.213298e+04 1.226032e+04 1.227128e+04 1.214393e+04
0.2 1.223324e+04 1.228745e+04 1.227128e+04 1.221707e+04
1.2 1.224168e+04 1.227334e+04 1.227260e+04 1.224094e+04
2.2 1.223152e+04 1.226929e+04 1.228057e+04 1.224280e+04
3.2 1.223347e+04 1.226881e+04 1.228500e+04 1.224967e+04
4.2 1.223061e+04 1.226493e+04 1.228194e+04 1.224763e+04
5.2 1.223787e+04 1.226074e+04 1.227699e+04 1.225412e+04
6.2 1.225293e+04 1.225696e+04 1.227337e+04 1.226934e+04
7.2 1.225907e+04 1.225150e+04 1.227132e+04 1.227889e+04
8.2 1.224448e+04 1.224714e+04 1.227062e+04 1.226796e+04
9.2 1.225460e+04 1.225369e+04 1.227627e+04 1.227718e+04
10.2 1.223773e+04 1.226533e+04 1.228338e+04 1.225579e+04
11.2 1.222570e+04 1.226950e+04 1.228266e+04 1.223886e+04
12.2 1.224920e+04 1.227073e+04 1.228072e+04 1.225918e+04
13.2 1.227513e+04 1.227629e+04 1.228515e+04 1.228399e+04
14.2 1.226371e+04 1.227634e+04 1.228522e+04 1.227259e+04
15.2 1.223716e+04 1.227075e+04 1.228002e+04 1.224642e+04
16.2 1.220581e+04 1.226807e+04 1.227479e+04 1.221253e+04
17.2 1.223028e+04 1.227838e+04 1.227158e+04 1.222348e+04
18.2 1.226588e+04 1.229222e+04 1.227007e+04 1.224373e+04
19.2 1.231750e+04 1.230155e+04 1.226958e+04 1.228553e+04
20.2 1.228527e+04 1.229709e+04 1.226966e+04 1.225784e+04
0.9 1.224448e+04 1.224714e+04 1.227062e+04 1.226796e+04
1.9 1.225460e+04 1.225369e+04 1.227627e+04 1.227718e+04
2.9 1.223773e+04 1.226533e+04 1.228338e+04 1.225579e+04
3.9 1.222570e+04 1.226950e+04 1.228266e+04 1.223886e+04
4.9 1.224920e+04 1.227073e+04 1.228072e+04 1.225918e+04
5.9 1.227513e+04 1.227629e+04 1.228515e+04 1.228399e+04
6.9 1.226371e+04 1.227634e+04 1.228522e+04 1.227259e+04
7.9 1.223716e+04 1.227075e+04 1.228002e+04 1.224642e+04
8.9 1.220581e+04 1.226807e+04 1.227479e+04 1.221253e+04
9.9 1.223028e+04 1.227838e+04 1.227158e+04 1.222348e+04
10.9 1.226588e+04 1.229222e+04 1.227007e+04 1.224373e+04
11.9 1.231750e+04 1.230155e+04 1.226958e+04 1.228553e+04
12.9 1.228527e+04 1.229709e+04 1.226966e+04 1.225784e+04
13.9 1.224744e+04 1.228281e+04 1.227000e+04 1.223463e+04
14.9 1.224305e+04 1.226967e+04 1.227039e+04 1.224378e+04
15.9 1.222863e+04 1.226150e+04 1.227073e+04 1.223786e+04
16.9 1.225238e+04 1.225751e+04 1.227097e+04 1.226584e+04
17.9 1.225294e+04 1.225454e+04 1.227112e+04 1.226952e+04
18.9 1.224385e+04 1.224952e+04 1.227152e+04 1.226585e+04
19.9 1.222783e+04 1.225411e+04 1.227772e+04 1.225144e+04
20.9 1.221616e+04 1.226438e+04 1.228457e+04 1.223635e+04
0.4 1.222570e+04 1.226950e+04 1.228266e+04 1.223886e+04
1.4 1.224920e+04 1.227073e+04 1.228072e+04 1.225918e+04
2.4 1.227513e+04 1.227629e+04 1.228515e+04 1.228399e+04
3.4 1.226371e+04 1.227634e+04 1.228522e+04 1.227259e+04
4.4 1.223716e+04 1.227075e+04 1.228002e+04 1.224642e+04
5.4 1.220581e+04 1.226807e+04 1.227479e+04 1.221253e+04
6.4 1.223028e+04 1.227838e+04 1.227158e+04 1.222348e+04
7.4 1.226588e+04 1.229222e+04 1.227007e+04 1.224373e+04
8.4 1.231750e+04 1.230155e+04 1.226958e+04 1.228553e+04
9.4 1.228527e+04 1.229709e+04 1.226966e+04 1.225784e+04
10.4 1.224744e+04 1.228281e+04 1.227000e+04 1.223463e+04
11.4 1.224305e+04 1.226967e+04 1.227039e+04 1.224378e+04
12.4 1.222863e+04 1.226150e+04 1.227073e+04 1.223786e+04
13.4 1.225238e+04 1.225751e+04 1.227097e+04 1.226584e+04
14.4 1.225294e+04 1.225454e+04 1.227112e+04 1.226952e+04
15.4 1.224385e+04 1.224952e+04 1.227152e+04 1.226585e+04
16.4 1.222783e+04 1.225411e+04 1.227772e+04 1.225144e+04
17.4 1.221616e+04 1.226438e+04 1.228457e+04 1.223635e+04
18.4 1.223500e+04 1.226765e+04 1.228337e+04 1.225073e+04
19.4 1.223505e+04 1.226650e+04 1.227847e+04 1.224702e+04
20.4 1.221182e+04 1.226665e+04 1.227432e+04 1.221949e+04
0.9 1.224385e+04 1.224952e+04 1.227152e+04 1.226585e+04
1.9 1.222783e+04 1.225411e+04 1.227772e+04 1.225144e+04
2.9 1.221616e+04 1.226438e+04 1.228457e+04 1.223635e+04
3.9 1.223500e+04 1.226765e+04 1.228337e+04 1.225073e+04
4.9 1.223505e+04 1.226650e+04 1.227847e+04 1.224702e+04
5.9 1.221182e+04 1.226665e+04 1.227432e+04 1.221949e+04
6.9 1.228574e+04 1.227695e+04 1.227183e+04 1.228062e+04
7.9 1.227991e+04 1.228258e+04 1.227056e+04 1.226789e+04
8.9 1.228241e+04 1.227710e+04 1.227009e+04 1.227540e+04
9.9 1.222484e+04 1.226902e+04 1.227010e+04 1.222591e+04
10.9 1.225861e+04 1.226330e+04 1.227034e+04 1.226565e+04
11.9 1.224546e+04 1.226019e+04 1.227064e+04 1.225591e+04
12.9 1.228830e+04 1.225897e+04 1.227089e+04 1.230022e+04
13.9 1.225327e+04 1.225948e+04 1.227129e+04 1.226509e+04
14.9 1.225658e+04 1.226578e+04 1.227712e+04 1.226792e+04
15.9 1.223848e+04 1.227320e+04 1.228436e+04 1.224964e+04
16.9 1.228126e+04 1.227249e+04 1.228359e+04 1.229235e+04
17.9 1.228097e+04 1.226748e+04 1.227874e+04 1.229223e+04
18.9 1.228176e+04 1.225970e+04 1.227451e+04 1.229657e+04
19.9 1.227263e+04 1.225496e+04 1.227193e+04 1.228961e+04
20.9 1.226442e+04 1.226634e+04 1.227061e+04 1.226869e+04
0.8 1.225327e+04 1.225948e+04 1.227129e+04 1.226509e+04
1.8 1.225658e+04 1.226578e+04 1.227712e+04 1.226792e+04
2.8 1.223848e+04 1.227320e+04 1.228436e+04 1.224964e+04
3.8 1.228126e+04 1.227249e+04 1.228359e+04 1.229235e+04
4.8 1.228097e+04 1.226748e+04 1.227874e+04 1.229223e+04
5.8 1.228176e+04 1.225970e+04 1.227451e+04 1.229657e+04
6.8 1.227263e+04 1.225496e+04 1.227193e+04 1.228961e+04
7.8 1.226442e+04 1.226634e+04 1.227061e+04 1.226869e+04
8.8 1.221774e+04 1.227436e+04 1.227010e+04 1.221348e+04
9.8 1.219743e+04 1.227001e+04 1.227009e+04 1.219751e+04
10.8 1.217187e+04 1.225963e+04 1.227032e+04 1.218256e+04
11.8 1.220698e+04 1.225279e+04 1.227062e+04 1.222481e+04
12.8 1.227461e+04 1.226281e+04 1.227088e+04 1.228268e+04
13.8 1.227117e+04 1.227396e+04 1.227106e+04 1.226827e+04
14.8 1.224639e+04 1.226976e+04 1.227117e+04 1.224780e+04
15.8 1.220535e+04 1.226173e+04 1.227350e+04 1.221712e+04
16.8 1.225984e+04 1.226588e+04 1.228190e+04 1.227587e+04
17.8 1.229427e+04 1.226948e+04 1.228487e+04 1.230966e+04
18.8 1.227927e+04 1.226733e+04 1.228108e+04 1.229301e+04
19.8 1.225422e+04 1.226381e+04 1.227624e+04 1.226665e+04
20.8 1.225204e+04 1.226142e+04 1.227292e+04 1.226355e+04
0.4 1.224639e+04 1.226976e+04 1.227117e+04 1.224780e+04
1.4 1.220535e+04 1.226173e+04 1.227350e+04 1.221712e+04
2.4 1.225984e+04 1.226588e+04 1.228190e+04 1.227587e+04
3.4 1.229427e+04 1.226948e+04 1.228487e+04 1.230966e+04
4.4 1.227927e+04 1.226733e+04 1.228108e+04 1.229301e+04
5.4 1.225422e+04 1.226381e+04 1.227624e+04 1.226665e+04
6.4 1.225204e+04 1.226142e+04 1.227292e+04 1.226355e+04
7.4 1.221252e+04 1.226021e+04 1.227109e+04 1.222340e+04
8.4 1.224937e+04 1.225972e+04 1.227026e+04 1.225991e+04
