0.7 1.076940e+04 1.076611e+04 1.074603e+04 1.074931e+04
1.7 1.060329e+04 1.073962e+04 1.075248e+04 1.061616e+04
2.7 1.064361e+04 1.074221e+04 1.077401e+04 1.067541e+04
3.7 1.081469e+04 1.075607e+04 1.079596e+04 1.085457e+04
4.7 1.069912e+04 1.076610e+04 1.079572e+04 1.072874e+04
5.7 1.083164e+04 1.076503e+04 1.077857e+04 1.084518e+04
6.7 1.066371e+04 1.074827e+04 1.076109e+04 1.067652e+04
7.7 1.068934e+04 1.073948e+04 1.074965e+04 1.069950e+04
8.7 1.069016e+04 1.077130e+04 1.074362e+04 1.066248e+04
9.7 1.099855e+04 1.080697e+04 1.074121e+04 1.093279e+04
10.7 1.091092e+04 1.080008e+04 1.074098e+04 1.085181e+04
11.7 1.083427e+04 1.079459e+04 1.074185e+04 1.078153e+04
12.7 1.084590e+04 1.082212e+04 1.074306e+04 1.076684e+04
13.7 1.077584e+04 1.084013e+04 1.074413e+04 1.067984e+04
14.7 1.081678e+04 1.081256e+04 1.074491e+04 1.074912e+04
15.7 1.076279e+04 1.076663e+04 1.074539e+04 1.074155e+04
16.7 1.064627e+04 1.073092e+04 1.074566e+04 1.066101e+04
17.7 1.069986e+04 1.071244e+04 1.074580e+04 1.073323e+04
18.7 1.061166e+04 1.071627e+04 1.074586e+04 1.064125e+04
19.7 1.067621e+04 1.073382e+04 1.074589e+04 1.068829e+04
20.7 1.086753e+04 1.075216e+04 1.074591e+04 1.086128e+04
21.7 1.057301e+04 1.076444e+04 1.074591e+04 1.055448e+04
0.9 1.087033e+04 1.071522e+04 1.074627e+04 1.090137e+04
1.9 1.079425e+04 1.071898e+04 1.075521e+04 1.083048e+04
2.9 1.081401e+04 1.073964e+04 1.077717e+04 1.085155e+04
3.9 1.073838e+04 1.075158e+04 1.078792e+04 1.077473e+04
4.9 1.072762e+04 1.074792e+04 1.077851e+04 1.075822e+04
5.9 1.075410e+04 1.075147e+04 1.076351e+04 1.076615e+04
6.9 1.080308e+04 1.076124e+04 1.075231e+04 1.079416e+04
7.9 1.087317e+04 1.076987e+04 1.074591e+04 1.084921e+04
8.9 1.067898e+04 1.076862e+04 1.074290e+04 1.065326e+04
9.9 1.077224e+04 1.078608e+04 1.074204e+04 1.072820e+04
10.9 1.076045e+04 1.081762e+04 1.074240e+04 1.068523e+04
11.9 1.087522e+04 1.082453e+04 1.074328e+04 1.079396e+04
12.9 1.087440e+04 1.080841e+04 1.074418e+04 1.081017e+04
13.9 1.078342e+04 1.079202e+04 1.074490e+04 1.073629e+04
14.9 1.071588e+04 1.078061e+04 1.074537e+04 1.068064e+04
15.9 1.064571e+04 1.077362e+04 1.074564e+04 1.061773e+04
16.9 1.070005e+04 1.076098e+04 1.074579e+04 1.068486e+04
17.9 1.070972e+04 1.074042e+04 1.074586e+04 1.071516e+04
18.9 1.068571e+04 1.072859e+04 1.074589e+04 1.070301e+04
19.9 1.073821e+04 1.073236e+04 1.074590e+04 1.075175e+04
20.9 1.077243e+04 1.074321e+04 1.074591e+04 1.077513e+04
21.9 1.077312e+04 1.074121e+04 1.074591e+04 1.077782e+04
0.1 1.090983e+04 1.076842e+04 1.074591e+04 1.088732e+04
1.1 1.082330e+04 1.075433e+04 1.074675e+04 1.081572e+04
2.1 1.078996e+04 1.074634e+04 1.075842e+04 1.080205e+04
3.1 1.067259e+04 1.075662e+04 1.078285e+04 1.069883e+04
4.1 1.082427e+04 1.076789e+04 1.079879e+04 1.085518e+04
5.1 1.091320e+04 1.077401e+04 1.079078e+04 1.092998e+04
6.1 1.086961e+04 1.076869e+04 1.077206e+04 1.087298e+04
7.1 1.089980e+04 1.075784e+04 1.075645e+04 1.089841e+04
8.1 1.081231e+04 1.075712e+04 1.074707e+04 1.080225e+04
9.1 1.074937e+04 1.075137e+04 1.074247e+04 1.074047e+04
10.1 1.089868e+04 1.073662e+04 1.074094e+04 1.090301e+04
11.1 1.086655e+04 1.073291e+04 1.074120e+04 1.087483e+04
12.1 1.078949e+04 1.074376e+04 1.074226e+04 1.078799e+04
13.1 1.085945e+04 1.075718e+04 1.074345e+04 1.084572e+04
14.1 1.090977e+04 1.076156e+04 1.074443e+04 1.089264e+04
15.1 1.081494e+04 1.075362e+04 1.074510e+04 1.080642e+04
16.1 1.084023e+04 1.077048e+04 1.074550e+04 1.081525e+04
17.1 1.089859e+04 1.079520e+04 1.074572e+04 1.084911e+04
18.1 1.072209e+04 1.079700e+04 1.074583e+04 1.067092e+04
19.1 1.063103e+04 1.077224e+04 1.074588e+04 1.060466e+04
20.1 1.068747e+04 1.075113e+04 1.074590e+04 1.068224e+04
21.1 1.085138e+04 1.076798e+04 1.074591e+04 1.082931e+04
0.1 1.063582e+04 1.074316e+04 1.074591e+04 1.063857e+04
1.1 1.075684e+04 1.075395e+04 1.074698e+04 1.074987e+04
2.1 1.069808e+04 1.075831e+04 1.075959e+04 1.069937e+04
3.1 1.078545e+04 1.076926e+04 1.078427e+04 1.080046e+04
4.1 1.082236e+04 1.077384e+04 1.079895e+04 1.084747e+04
5.1 1.076230e+04 1.076070e+04 1.078982e+04 1.079142e+04
6.1 1.076310e+04 1.074968e+04 1.077101e+04 1.078444e+04
7.1 1.066669e+04 1.074637e+04 1.075575e+04 1.067607e+04
8.1 1.077714e+04 1.073751e+04 1.074669e+04 1.078632e+04
9.1 1.070399e+04 1.072592e+04 1.074232e+04 1.072039e+04
10.1 1.063982e+04 1.072540e+04 1.074092e+04 1.065534e+04
11.1 1.068301e+04 1.073458e+04 1.074124e+04 1.068968e+04
12.1 1.064828e+04 1.073500e+04 1.074233e+04 1.065560e+04
13.1 1.072940e+04 1.073132e+04 1.074352e+04 1.074160e+04
14.1 1.070208e+04 1.074147e+04 1.074448e+04 1.070509e+04
15.1 1.073911e+04 1.075930e+04 1.074513e+04 1.072494e+04
16.1 1.074162e+04 1.076219e+04 1.074552e+04 1.072495e+04
17.1 1.066095e+04 1.074999e+04 1.074573e+04 1.065668e+04
18.1 1.073976e+04 1.074151e+04 1.074583e+04 1.074407e+04
19.1 1.077814e+04 1.074044e+04 1.074588e+04 1.078358e+04
20.1 1.081651e+04 1.074543e+04 1.074590e+04 1.081698e+04
21.1 1.069823e+04 1.075294e+04 1.074591e+04 1.069119e+04
1.0 1.070373e+04 1.074630e+04 1.074655e+04 1.070398e+04
2.0 1.063051e+04 1.074260e+04 1.075730e+04 1.064520e+04
3.0 1.082985e+04 1.075372e+04 1.077949e+04 1.085562e+04
4.0 1.064402e+04 1.076587e+04 1.078766e+04 1.066581e+04
5.0 1.073454e+04 1.076880e+04 1.077681e+04 1.074255e+04
6.0 1.082097e+04 1.075516e+04 1.076347e+04 1.082929e+04
7.0 1.085021e+04 1.074932e+04 1.076687e+04 1.086776e+04
8.0 1.071637e+04 1.075754e+04 1.078250e+04 1.074132e+04
9.0 1.076637e+04 1.076709e+04 1.078337e+04 1.078266e+04
10.0 1.077261e+04 1.076536e+04 1.076985e+04 1.077710e+04
11.0 1.068310e+04 1.074789e+04 1.075600e+04 1.069121e+04
12.0 1.068650e+04 1.072903e+04 1.074731e+04 1.070478e+04
13.0 1.066343e+04 1.071680e+04 1.074309e+04 1.068972e+04
14.0 1.057738e+04 1.071615e+04 1.074689e+04 1.060812e+04
15.0 1.066695e+04 1.073173e+04 1.076368e+04 1.069890e+04
16.0 1.073886e+04 1.075234e+04 1.077144e+04 1.075796e+04
17.0 1.067593e+04 1.076025e+04 1.076505e+04 1.068074e+04
18.0 1.085398e+04 1.075229e+04 1.075562e+04 1.085730e+04
19.0 1.075169e+04 1.075167e+04 1.074893e+04 1.074894e+04
20.0 1.078727e+04 1.075976e+04 1.074523e+04 1.077275e+04
21.0 1.081898e+04 1.076314e+04 1.074356e+04 1.079941e+04
22.0 1.062040e+04 1.075203e+04 1.074318e+04 1.061154e+04
0.2 1.073454e+04 1.076880e+04 1.077681e+04 1.074255e+04
1.2 1.082097e+04 1.075516e+04 1.076347e+04 1.082929e+04
2.2 1.085021e+04 1.074932e+04 1.076687e+04 1.086776e+04
3.2 1.071637e+04 1.075754e+04 1.078250e+04 1.074132e+04
4.2 1.076637e+04 1.076709e+04 1.078337e+04 1.078266e+04
5.2 1.077261e+04 1.076536e+04 1.076985e+04 1.077710e+04
6.2 1.068310e+04 1.074789e+04 1.075600e+04 1.069121e+04
7.2 1.068650e+04 1.072903e+04 1.074731e+04 1.070478e+04
8.2 1.066343e+04 1.071680e+04 1.074309e+04 1.068972e+04
9.2 1.057738e+04 1.071615e+04 1.074689e+04 1.060812e+04
10.2 1.066695e+04 1.073173e+04 1.076368e+04 1.069890e+04
11.2 1.073886e+04 1.075234e+04 1.077144e+04 1.075796e+04
12.2 1.067593e+04 1.076025e+04 1.076505e+04 1.068074e+04
13.2 1.085398e+04 1.075229e+04 1.075562e+04 1.085730e+04
14.2 1.075169e+04 1.075167e+04 1.074893e+04 1.074894e+04
15.2 1.078727e+04 1.075976e+04 1.074523e+04 1.077275e+04
16.2 1.081898e+04 1.076314e+04 1.074356e+04 1.079941e+04
17.2 1.062040e+04 1.075203e+04 1.074318e+04 1.061154e+04
18.2 1.072393e+04 1.074966e+04 1.074352e+04 1.071780e+04
19.2 1.070428e+04 1.076019e+04 1.074416e+04 1.068824e+04
20.2 1.091571e+04 1.076851e+04 1.074478e+04 1.089198e+04
21.2 1.087438e+04 1.077336e+04 1.074526e+04 1.084627e+04
0.6 1.066343e+04 1.071680e+04 1.074309e+04 1.068972e+04
1.6 1.057738e+04 1.071615e+04 1.074689e+04 1.060812e+04
2.6 1.066695e+04 1.073173e+04 1.076368e+04 1.069890e+04
3.6 1.073886e+04 1.075234e+04 1.077144e+04 1.075796e+04
4.6 1.067593e+04 1.076025e+04 1.076505e+04 1.068074e+04
5.6 1.085398e+04 1.075229e+04 1.075562e+04 1.085730e+04
6.6 1.075169e+04 1.075167e+04 1.074893e+04 1.074894e+04
7.6 1.078727e+04 1.075976e+04 1.074523e+04 1.077275e+04
8.6 1.081898e+04 1.076314e+04 1.074356e+04 1.079941e+04
9.6 1.062040e+04 1.075203e+04 1.074318e+04 1.061154e+04
10.6 1.072393e+04 1.074966e+04 1.074352e+04 1.071780e+04
11.6 1.070428e+04 1.076019e+04 1.074416e+04 1.068824e+04
12.6 1.091571e+04 1.076851e+04 1.074478e+04 1.089198e+04
13.6 1.087438e+04 1.077336e+04 1.074526e+04 1.084627e+04
14.6 1.074415e+04 1.077356e+04 1.074556e+04 1.071615e+04
15.6 1.076967e+04 1.077171e+04 1.074574e+04 1.074370e+04
16.6 1.071307e+04 1.077170e+04 1.074583e+04 1.068721e+04
17.6 1.072638e+04 1.076714e+04 1.074588e+04 1.070513e+04
18.6 1.073900e+04 1.075449e+04 1.074590e+04 1.073042e+04
19.6 1.068722e+04 1.073785e+04 1.074591e+04 1.069528e+04
20.6 1.067245e+04 1.072325e+04 1.074591e+04 1.069512e+04
21.6 1.075966e+04 1.071387e+04 1.074591e+04 1.079170e+04
0.7 1.069518e+04 1.073543e+04 1.074603e+04 1.070578e+04
1.7 1.081678e+04 1.073628e+04 1.075248e+04 1.083299e+04
2.7 1.074940e+04 1.075013e+04 1.077337e+04 1.077265e+04
3.7 1.068056e+04 1.075970e+04 1.078776e+04 1.070863e+04
4.7 1.085942e+04 1.075103e+04 1.078096e+04 1.088936e+04
5.7 1.074974e+04 1.073508e+04 1.076593e+04 1.078059e+04
6.7 1.079654e+04 1.072238e+04 1.075386e+04 1.082802e+04
7.7 1.064972e+04 1.071883e+04 1.074673e+04 1.067762e+04
8.7 1.070089e+04 1.073304e+04 1.074324e+04 1.071109e+04
9.7 1.073001e+04 1.075213e+04 1.074208e+04 1.071996e+04
10.7 1.081522e+04 1.076666e+04 1.074229e+04 1.079085e+04
11.7 1.076275e+04 1.076284e+04 1.074311e+04 1.074302e+04
12.7 1.069663e+04 1.074498e+04 1.074404e+04 1.069569e+04
13.7 1.073881e+04 1.072790e+04 1.074479e+04 1.075570e+04
14.7 1.069640e+04 1.071713e+04 1.074530e+04 1.072458e+04
15.7 1.076308e+04 1.071189e+04 1.074561e+04 1.079679e+04
16.7 1.070520e+04 1.072168e+04 1.074577e+04 1.072929e+04
17.7 1.067886e+04 1.076063e+04 1.074585e+04 1.066408e+04
18.7 1.067394e+04 1.077976e+04 1.074589e+04 1.064007e+04
19.7 1.068428e+04 1.076520e+04 1.074591e+04 1.066499e+04
20.7 1.067410e+04 1.074547e+04 1.074937e+04 1.067801e+04
21.7 1.064662e+04 1.074628e+04 1.076732e+04 1.066766e+04
0.5 1.068428e+04 1.076520e+04 1.074591e+04 1.066499e+04
1.5 1.067410e+04 1.074547e+04 1.074937e+04 1.067801e+04
2.5 1.064662e+04 1.074628e+04 1.076732e+04 1.066766e+04
3.5 1.056276e+04 1.075791e+04 1.078618e+04 1.059103e+04
4.5 1.086502e+04 1.076788e+04 1.078417e+04 1.088131e+04
5.5 1.084208e+04 1.076207e+04 1.076976e+04 1.084978e+04
6.5 1.075098e+04 1.074326e+04 1.075647e+04 1.076419e+04
7.5 1.068253e+04 1.072593e+04 1.074815e+04 1.070475e+04
8.5 1.075870e+04 1.071540e+04 1.074387e+04 1.078718e+04
9.5 1.076579e+04 1.071051e+04 1.074224e+04 1.079751e+04
10.5 1.077488e+04 1.071344e+04 1.074651e+04 1.080795e+04
11.5 1.072217e+04 1.073038e+04 1.076363e+04 1.075543e+04
12.5 1.074440e+04 1.074083e+04 1.077297e+04 1.077654e+04
13.5 1.069335e+04 1.073652e+04 1.076712e+04 1.072395e+04
14.5 1.079535e+04 1.072720e+04 1.075723e+04 1.082538e+04
15.5 1.078716e+04 1.072152e+04 1.074991e+04 1.081556e+04
16.5 1.081712e+04 1.074243e+04 1.074576e+04 1.082044e+04
17.5 1.067962e+04 1.078042e+04 1.074380e+04 1.064300e+04
18.5 1.077653e+04 1.079746e+04 1.074325e+04 1.072232e+04
19.5 1.075524e+04 1.078220e+04 1.074351e+04 1.071654e+04
20.5 1.073292e+04 1.075752e+04 1.074411e+04 1.071951e+04
21.5 1.077384e+04 1.074446e+04 1.074474e+04 1.077412e+04
0.5 1.076579e+04 1.071051e+04 1.074224e+04 1.079751e+04
1.5 1.077488e+04 1.071344e+04 1.074651e+04 1.080795e+04
2.5 1.072217e+04 1.073038e+04 1.076363e+04 1.075543e+04
3.5 1.074440e+04 1.074083e+04 1.077297e+04 1.077654e+04
4.5 1.069335e+04 1.073652e+04 1.076712e+04 1.072395e+04
5.5 1.079535e+04 1.072720e+04 1.075723e+04 1.082538e+04
6.5 1.078716e+04 1.072152e+04 1.074991e+04 1.081556e+04
7.5 1.081712e+04 1.074243e+04 1.074576e+04 1.082044e+04
8.5 1.067962e+04 1.078042e+04 1.074380e+04 1.064300e+04
9.5 1.077653e+04 1.079746e+04 1.074325e+04 1.072232e+04
10.5 1.075524e+04 1.078220e+04 1.074351e+04 1.071654e+04
11.5 1.073292e+04 1.075752e+04 1.074411e+04 1.071951e+04
12.5 1.077384e+04 1.074446e+04 1.074474e+04 1.077412e+04
13.5 1.064559e+04 1.074044e+04 1.074522e+04 1.065037e+04
14.5 1.074928e+04 1.074702e+04 1.074554e+04 1.074780e+04
15.5 1.070397e+04 1.075100e+04 1.074573e+04 1.069870e+04
16.5 1.064917e+04 1.076671e+04 1.074583e+04 1.062829e+04
17.5 1.072705e+04 1.078854e+04 1.074588e+04 1.068439e+04
18.5 1.071721e+04 1.077915e+04 1.074590e+04 1.068397e+04
19.5 1.082414e+04 1.075210e+04 1.074591e+04 1.081795e+04
20.5 1.078254e+04 1.072889e+04 1.074591e+04 1.079956e+04
21.5 1.071888e+04 1.071521e+04 1.074591e+04 1.074959e+04
