0.7 1.227400e+04 1.224919e+04 1.224327e+04 1.226809e+04
1.7 1.213472e+04 1.223446e+04 1.224677e+04 1.214703e+04
2.7 1.214094e+04 1.223522e+04 1.225841e+04 1.216413e+04
3.7 1.221806e+04 1.224274e+04 1.227029e+04 1.224561e+04
4.7 1.226737e+04 1.225745e+04 1.227016e+04 1.228008e+04
5.7 1.224074e+04 1.226796e+04 1.226088e+04 1.223366e+04
6.7 1.220445e+04 1.225724e+04 1.225142e+04 1.219863e+04
7.7 1.215794e+04 1.224449e+04 1.224523e+04 1.215868e+04
8.7 1.214880e+04 1.225414e+04 1.224197e+04 1.213664e+04
9.7 1.225863e+04 1.226888e+04 1.224067e+04 1.223042e+04
10.7 1.240092e+04 1.226490e+04 1.224054e+04 1.237656e+04
11.7 1.234411e+04 1.226215e+04 1.224101e+04 1.232297e+04
12.7 1.229645e+04 1.227586e+04 1.224167e+04 1.226225e+04
13.7 1.225409e+04 1.228494e+04 1.224225e+04 1.221140e+04
14.7 1.227789e+04 1.227203e+04 1.224267e+04 1.224852e+04
15.7 1.229956e+04 1.224898e+04 1.224293e+04 1.229350e+04
16.7 1.218237e+04 1.222981e+04 1.224307e+04 1.219563e+04
17.7 1.221297e+04 1.221930e+04 1.224315e+04 1.223682e+04
18.7 1.216476e+04 1.222091e+04 1.224318e+04 1.218703e+04
19.7 1.226937e+04 1.223071e+04 1.224320e+04 1.228186e+04
20.7 1.233089e+04 1.225064e+04 1.224321e+04 1.232346e+04
21.7 1.223875e+04 1.226784e+04 1.224321e+04 1.221412e+04
0.9 1.222229e+04 1.222208e+04 1.224340e+04 1.224361e+04
1.9 1.223545e+04 1.222056e+04 1.224824e+04 1.226312e+04
2.9 1.224626e+04 1.223039e+04 1.226012e+04 1.227600e+04
3.9 1.221165e+04 1.223754e+04 1.226594e+04 1.224005e+04
4.9 1.228962e+04 1.223937e+04 1.226085e+04 1.231110e+04
5.9 1.221919e+04 1.225063e+04 1.225273e+04 1.222129e+04
6.9 1.216383e+04 1.226642e+04 1.224667e+04 1.214408e+04
7.9 1.228002e+04 1.228222e+04 1.224321e+04 1.224100e+04
8.9 1.222635e+04 1.228183e+04 1.224158e+04 1.218610e+04
9.9 1.216182e+04 1.227946e+04 1.224112e+04 1.212348e+04
10.9 1.218720e+04 1.228472e+04 1.224131e+04 1.214378e+04
11.9 1.227781e+04 1.229211e+04 1.224178e+04 1.222749e+04
12.9 1.229545e+04 1.229349e+04 1.224228e+04 1.224424e+04
13.9 1.224739e+04 1.229126e+04 1.224266e+04 1.219879e+04
14.9 1.224159e+04 1.228762e+04 1.224292e+04 1.219689e+04
15.9 1.226356e+04 1.228780e+04 1.224306e+04 1.221882e+04
16.9 1.223885e+04 1.227898e+04 1.224314e+04 1.220301e+04
17.9 1.222470e+04 1.225356e+04 1.224318e+04 1.221432e+04
18.9 1.220900e+04 1.222287e+04 1.224320e+04 1.222933e+04
19.9 1.217971e+04 1.221506e+04 1.224321e+04 1.220787e+04
20.9 1.216208e+04 1.223330e+04 1.224321e+04 1.217199e+04
21.9 1.219871e+04 1.224063e+04 1.224321e+04 1.220129e+04
0.1 1.233601e+04 1.227070e+04 1.224321e+04 1.230853e+04
1.1 1.225457e+04 1.226239e+04 1.224366e+04 1.223584e+04
2.1 1.224991e+04 1.224995e+04 1.224998e+04 1.224994e+04
3.1 1.217154e+04 1.224812e+04 1.226320e+04 1.218662e+04
4.1 1.225161e+04 1.225182e+04 1.227182e+04 1.227161e+04
5.1 1.240025e+04 1.226522e+04 1.226749e+04 1.240252e+04
6.1 1.234108e+04 1.226123e+04 1.225736e+04 1.233721e+04
7.1 1.222999e+04 1.224000e+04 1.224891e+04 1.223891e+04
8.1 1.227292e+04 1.224346e+04 1.224384e+04 1.227329e+04
9.1 1.231429e+04 1.224946e+04 1.224135e+04 1.230619e+04
10.1 1.230993e+04 1.224127e+04 1.224052e+04 1.230919e+04
11.1 1.234050e+04 1.223497e+04 1.224066e+04 1.234618e+04
12.1 1.226818e+04 1.223773e+04 1.224123e+04 1.227169e+04
13.1 1.231716e+04 1.225223e+04 1.224188e+04 1.230681e+04
14.1 1.234525e+04 1.226518e+04 1.224241e+04 1.232249e+04
15.1 1.231025e+04 1.225920e+04 1.224277e+04 1.229382e+04
16.1 1.230399e+04 1.225998e+04 1.224299e+04 1.228700e+04
17.1 1.232034e+04 1.227214e+04 1.224311e+04 1.229131e+04
18.1 1.227432e+04 1.228262e+04 1.224316e+04 1.223487e+04
19.1 1.229516e+04 1.226981e+04 1.224319e+04 1.226854e+04
20.1 1.232570e+04 1.225092e+04 1.224320e+04 1.231799e+04
21.1 1.235381e+04 1.225248e+04 1.224321e+04 1.234454e+04
0.1 1.225011e+04 1.221408e+04 1.224321e+04 1.227924e+04
1.1 1.226868e+04 1.224062e+04 1.224379e+04 1.227185e+04
2.1 1.224779e+04 1.225162e+04 1.225061e+04 1.224679e+04
3.1 1.229741e+04 1.225709e+04 1.226396e+04 1.230428e+04
4.1 1.233313e+04 1.225744e+04 1.227191e+04 1.234760e+04
5.1 1.233724e+04 1.224989e+04 1.226697e+04 1.235431e+04
6.1 1.227366e+04 1.224312e+04 1.225679e+04 1.228733e+04
7.1 1.218776e+04 1.223996e+04 1.224853e+04 1.219634e+04
8.1 1.224096e+04 1.223523e+04 1.224363e+04 1.224937e+04
9.1 1.217060e+04 1.222860e+04 1.224126e+04 1.218326e+04
10.1 1.220865e+04 1.222713e+04 1.224051e+04 1.222203e+04
11.1 1.208095e+04 1.223133e+04 1.224069e+04 1.209030e+04
12.1 1.217478e+04 1.223261e+04 1.224127e+04 1.218344e+04
13.1 1.233992e+04 1.223306e+04 1.224191e+04 1.234877e+04
14.1 1.230719e+04 1.224672e+04 1.224244e+04 1.230291e+04
15.1 1.232131e+04 1.226670e+04 1.224279e+04 1.229739e+04
16.1 1.225517e+04 1.227079e+04 1.224300e+04 1.222738e+04
17.1 1.225115e+04 1.225529e+04 1.224311e+04 1.223897e+04
18.1 1.213211e+04 1.222776e+04 1.224317e+04 1.214752e+04
19.1 1.215097e+04 1.220218e+04 1.224319e+04 1.219198e+04
20.1 1.219935e+04 1.220406e+04 1.224320e+04 1.223850e+04
21.1 1.229155e+04 1.223052e+04 1.224321e+04 1.230424e+04
1.0 1.226770e+04 1.224109e+04 1.224356e+04 1.227017e+04
2.0 1.226289e+04 1.224163e+04 1.224937e+04 1.227063e+04
3.0 1.221160e+04 1.224646e+04 1.226138e+04 1.222651e+04
4.0 1.218004e+04 1.225907e+04 1.226580e+04 1.218677e+04
5.0 1.231632e+04 1.227155e+04 1.225992e+04 1.230469e+04
6.0 1.234504e+04 1.226304e+04 1.225271e+04 1.233471e+04
7.0 1.230793e+04 1.225153e+04 1.225455e+04 1.231095e+04
8.0 1.221018e+04 1.224910e+04 1.226300e+04 1.222407e+04
9.0 1.211916e+04 1.225992e+04 1.226348e+04 1.212272e+04
10.0 1.214390e+04 1.226735e+04 1.225616e+04 1.213272e+04
11.0 1.214103e+04 1.225480e+04 1.224867e+04 1.213489e+04
12.0 1.206477e+04 1.223671e+04 1.224397e+04 1.207204e+04
13.0 1.203537e+04 1.222393e+04 1.224168e+04 1.205312e+04
14.0 1.202489e+04 1.222017e+04 1.224374e+04 1.204846e+04
15.0 1.216326e+04 1.222766e+04 1.225282e+04 1.218843e+04
16.0 1.229265e+04 1.224856e+04 1.225702e+04 1.230111e+04
17.0 1.227138e+04 1.226367e+04 1.225357e+04 1.226128e+04
18.0 1.228705e+04 1.225953e+04 1.224846e+04 1.227598e+04
19.0 1.224084e+04 1.225985e+04 1.224484e+04 1.222584e+04
20.0 1.224489e+04 1.227092e+04 1.224284e+04 1.221682e+04
21.0 1.228799e+04 1.227810e+04 1.224194e+04 1.225184e+04
22.0 1.227999e+04 1.226589e+04 1.224173e+04 1.225583e+04
0.2 1.231632e+04 1.227155e+04 1.225992e+04 1.230469e+04
1.2 1.234504e+04 1.226304e+04 1.225271e+04 1.233471e+04
2.2 1.230793e+04 1.225153e+04 1.225455e+04 1.231095e+04
3.2 1.221018e+04 1.224910e+04 1.226300e+04 1.222407e+04
4.2 1.211916e+04 1.225992e+04 1.226348e+04 1.212272e+04
5.2 1.214390e+04 1.226735e+04 1.225616e+04 1.213272e+04
6.2 1.214103e+04 1.225480e+04 1.224867e+04 1.213489e+04
7.2 1.206477e+04 1.223671e+04 1.224397e+04 1.207204e+04
8.2 1.203537e+04 1.222393e+04 1.224168e+04 1.205312e+04
9.2 1.202489e+04 1.222017e+04 1.224374e+04 1.204846e+04
10.2 1.216326e+04 1.222766e+04 1.225282e+04 1.218843e+04
11.2 1.229265e+04 1.224856e+04 1.225702e+04 1.230111e+04
12.2 1.227138e+04 1.226367e+04 1.225357e+04 1.226128e+04
13.2 1.228705e+04 1.225953e+04 1.224846e+04 1.227598e+04
14.2 1.224084e+04 1.225985e+04 1.224484e+04 1.222584e+04
15.2 1.224489e+04 1.227092e+04 1.224284e+04 1.221682e+04
16.2 1.228799e+04 1.227810e+04 1.224194e+04 1.225184e+04
17.2 1.227999e+04 1.226589e+04 1.224173e+04 1.225583e+04
18.2 1.223839e+04 1.226044e+04 1.224192e+04 1.221987e+04
19.2 1.223016e+04 1.226881e+04 1.224226e+04 1.220361e+04
20.2 1.227662e+04 1.227764e+04 1.224260e+04 1.224158e+04
21.2 1.226763e+04 1.228524e+04 1.224286e+04 1.222524e+04
0.6 1.203537e+04 1.222393e+04 1.224168e+04 1.205312e+04
1.6 1.202489e+04 1.222017e+04 1.224374e+04 1.204846e+04
2.6 1.216326e+04 1.222766e+04 1.225282e+04 1.218843e+04
3.6 1.229265e+04 1.224856e+04 1.225702e+04 1.230111e+04
4.6 1.227138e+04 1.226367e+04 1.225357e+04 1.226128e+04
5.6 1.228705e+04 1.225953e+04 1.224846e+04 1.227598e+04
6.6 1.224084e+04 1.225985e+04 1.224484e+04 1.222584e+04
7.6 1.224489e+04 1.227092e+04 1.224284e+04 1.221682e+04
8.6 1.228799e+04 1.227810e+04 1.224194e+04 1.225184e+04
9.6 1.227999e+04 1.226589e+04 1.224173e+04 1.225583e+04
10.6 1.223839e+04 1.226044e+04 1.224192e+04 1.221987e+04
11.6 1.223016e+04 1.226881e+04 1.224226e+04 1.220361e+04
12.6 1.227662e+04 1.227764e+04 1.224260e+04 1.224158e+04
13.6 1.226763e+04 1.228524e+04 1.224286e+04 1.222524e+04
14.6 1.219307e+04 1.227891e+04 1.224302e+04 1.215718e+04
15.6 1.219281e+04 1.226637e+04 1.224312e+04 1.216956e+04
16.6 1.217566e+04 1.226744e+04 1.224317e+04 1.215139e+04
17.6 1.218345e+04 1.226120e+04 1.224319e+04 1.216544e+04
18.6 1.216665e+04 1.223618e+04 1.224320e+04 1.217368e+04
19.6 1.215777e+04 1.221892e+04 1.224321e+04 1.218205e+04
20.6 1.215984e+04 1.221343e+04 1.224321e+04 1.218962e+04
21.6 1.215592e+04 1.221248e+04 1.224321e+04 1.218665e+04
0.7 1.221199e+04 1.219454e+04 1.224327e+04 1.226072e+04
1.7 1.213822e+04 1.220959e+04 1.224677e+04 1.217539e+04
2.7 1.210037e+04 1.223012e+04 1.225807e+04 1.212832e+04
3.7 1.224720e+04 1.224346e+04 1.226585e+04 1.226959e+04
4.7 1.231566e+04 1.224415e+04 1.226217e+04 1.233368e+04
5.7 1.219141e+04 1.223730e+04 1.225404e+04 1.220816e+04
6.7 1.217201e+04 1.222949e+04 1.224751e+04 1.219003e+04
7.7 1.214711e+04 1.222769e+04 1.224365e+04 1.216308e+04
8.7 1.219066e+04 1.224259e+04 1.224176e+04 1.218983e+04
9.7 1.219566e+04 1.226260e+04 1.224114e+04 1.217420e+04
10.7 1.228903e+04 1.228117e+04 1.224125e+04 1.224911e+04
11.7 1.225943e+04 1.227857e+04 1.224170e+04 1.222255e+04
12.7 1.220354e+04 1.225752e+04 1.224220e+04 1.218822e+04
13.7 1.219672e+04 1.223658e+04 1.224260e+04 1.220275e+04
14.7 1.216470e+04 1.222313e+04 1.224288e+04 1.218445e+04
15.7 1.220885e+04 1.221639e+04 1.224305e+04 1.223551e+04
16.7 1.225869e+04 1.221995e+04 1.224313e+04 1.228187e+04
17.7 1.229250e+04 1.224023e+04 1.224318e+04 1.229545e+04
18.7 1.220924e+04 1.225213e+04 1.224320e+04 1.220030e+04
19.7 1.215207e+04 1.224683e+04 1.224321e+04 1.214846e+04
20.7 1.209311e+04 1.223711e+04 1.224508e+04 1.210108e+04
21.7 1.209679e+04 1.223741e+04 1.225479e+04 1.211418e+04
0.5 1.215207e+04 1.224683e+04 1.224321e+04 1.214846e+04
1.5 1.209311e+04 1.223711e+04 1.224508e+04 1.210108e+04
2.5 1.209679e+04 1.223741e+04 1.225479e+04 1.211418e+04
3.5 1.213176e+04 1.224528e+04 1.226500e+04 1.215148e+04
4.5 1.233962e+04 1.226299e+04 1.226391e+04 1.234054e+04
5.5 1.233690e+04 1.226717e+04 1.225612e+04 1.232585e+04
6.5 1.230786e+04 1.225226e+04 1.224892e+04 1.230452e+04
7.5 1.226165e+04 1.223495e+04 1.224442e+04 1.227112e+04
8.5 1.219788e+04 1.222342e+04 1.224210e+04 1.221657e+04
9.5 1.218619e+04 1.221748e+04 1.224122e+04 1.220994e+04
10.5 1.222484e+04 1.221750e+04 1.224353e+04 1.225087e+04
11.5 1.221442e+04 1.222625e+04 1.225280e+04 1.224097e+04
12.5 1.219764e+04 1.223326e+04 1.225785e+04 1.222224e+04
13.5 1.216760e+04 1.223285e+04 1.225468e+04 1.218943e+04
14.5 1.220410e+04 1.222812e+04 1.224933e+04 1.222532e+04
15.5 1.216756e+04 1.222437e+04 1.224537e+04 1.218856e+04
16.5 1.226225e+04 1.223455e+04 1.224313e+04 1.227083e+04
17.5 1.229053e+04 1.225707e+04 1.224207e+04 1.227553e+04
18.5 1.228758e+04 1.227934e+04 1.224177e+04 1.225001e+04
19.5 1.217028e+04 1.227668e+04 1.224191e+04 1.213551e+04
20.5 1.214652e+04 1.225096e+04 1.224224e+04 1.213779e+04
21.5 1.217364e+04 1.221863e+04 1.224257e+04 1.219759e+04
0.5 1.218619e+04 1.221748e+04 1.224122e+04 1.220994e+04
1.5 1.222484e+04 1.221750e+04 1.224353e+04 1.225087e+04
2.5 1.221442e+04 1.222625e+04 1.225280e+04 1.224097e+04
3.5 1.219764e+04 1.223326e+04 1.225785e+04 1.222224e+04
4.5 1.216760e+04 1.223285e+04 1.225468e+04 1.218943e+04
5.5 1.220410e+04 1.222812e+04 1.224933e+04 1.222532e+04
6.5 1.216756e+04 1.222437e+04 1.224537e+04 1.218856e+04
7.5 1.226225e+04 1.223455e+04 1.224313e+04 1.227083e+04
8.5 1.229053e+04 1.225707e+04 1.224207e+04 1.227553e+04
9.5 1.228758e+04 1.227934e+04 1.224177e+04 1.225001e+04
10.5 1.217028e+04 1.227668e+04 1.224191e+04 1.213551e+04
11.5 1.214652e+04 1.225096e+04 1.224224e+04 1.213779e+04
12.5 1.217364e+04 1.221863e+04 1.224257e+04 1.219759e+04
13.5 1.214790e+04 1.219818e+04 1.224284e+04 1.219256e+04
14.5 1.224565e+04 1.221422e+04 1.224301e+04 1.227444e+04
15.5 1.227992e+04 1.223778e+04 1.224311e+04 1.228525e+04
16.5 1.216775e+04 1.225414e+04 1.224317e+04 1.215678e+04
17.5 1.207741e+04 1.226570e+04 1.224319e+04 1.205490e+04
18.5 1.224606e+04 1.226056e+04 1.224320e+04 1.222871e+04
19.5 1.231074e+04 1.224527e+04 1.224321e+04 1.230867e+04
20.5 1.226247e+04 1.223090e+04 1.224321e+04 1.227479e+04
21.5 1.225197e+04 1.222164e+04 1.224321e+04 1.227354e+04
