0.3 5.849794e+03 5.836958e+03 5.801497e+03 5.814333e+03
1.3 5.820152e+03 5.817656e+03 5.803240e+03 5.805736e+03
2.3 5.820898e+03 5.798386e+03 5.815597e+03 5.838109e+03
3.3 5.782460e+03 5.794984e+03 5.834965e+03 5.822441e+03
4.3 5.841563e+03 5.803595e+03 5.842686e+03 5.880654e+03
5.3 5.830709e+03 5.826975e+03 5.832885e+03 5.836620e+03
6.3 5.897355e+03 5.821794e+03 5.818278e+03 5.893839e+03
7.3 5.758316e+03 5.794076e+03 5.807381e+03 5.771621e+03
8.3 5.767713e+03 5.768831e+03 5.801178e+03 5.800060e+03
9.3 5.762574e+03 5.753886e+03 5.798328e+03 5.807016e+03
10.3 5.834598e+03 5.747114e+03 5.797652e+03 5.885136e+03
11.3 5.803373e+03 5.749901e+03 5.802802e+03 5.856274e+03
12.3 5.784773e+03 5.766763e+03 5.819757e+03 5.837767e+03
13.3 5.753069e+03 5.791501e+03 5.832301e+03 5.793869e+03
14.3 5.843651e+03 5.826666e+03 5.828107e+03 5.845092e+03
15.3 5.797484e+03 5.832601e+03 5.820523e+03 5.785406e+03
16.3 5.780768e+03 5.820906e+03 5.824352e+03 5.784214e+03
17.3 5.731958e+03 5.828302e+03 5.825337e+03 5.728993e+03
18.3 5.842630e+03 5.840241e+03 5.817233e+03 5.819623e+03
19.3 5.774941e+03 5.822728e+03 5.807999e+03 5.760213e+03
20.3 5.806329e+03 5.809261e+03 5.802076e+03 5.799144e+03
21.3 5.769222e+03 5.812294e+03 5.799278e+03 5.756206e+03
0.7 5.834598e+03 5.747114e+03 5.797652e+03 5.885136e+03
1.7 5.803373e+03 5.749901e+03 5.802802e+03 5.856274e+03
2.7 5.784773e+03 5.766763e+03 5.819757e+03 5.837767e+03
3.7 5.753069e+03 5.791501e+03 5.832301e+03 5.793869e+03
4.7 5.843651e+03 5.826666e+03 5.828107e+03 5.845092e+03
5.7 5.797484e+03 5.832601e+03 5.820523e+03 5.785406e+03
6.7 5.780768e+03 5.820906e+03 5.824352e+03 5.784214e+03
7.7 5.731958e+03 5.828302e+03 5.825337e+03 5.728993e+03
8.7 5.842630e+03 5.840241e+03 5.817233e+03 5.819623e+03
9.7 5.774941e+03 5.822728e+03 5.807999e+03 5.760213e+03
10.7 5.806329e+03 5.809261e+03 5.802076e+03 5.799144e+03
11.7 5.769222e+03 5.812294e+03 5.799278e+03 5.756206e+03
12.7 5.863675e+03 5.825178e+03 5.798383e+03 5.836880e+03
13.7 5.867322e+03 5.844716e+03 5.798509e+03 5.821115e+03
14.7 5.861921e+03 5.832424e+03 5.799110e+03 5.828608e+03
15.7 5.812253e+03 5.802305e+03 5.799827e+03 5.809775e+03
16.7 5.820322e+03 5.792343e+03 5.800450e+03 5.828430e+03
17.7 5.868883e+03 5.814291e+03 5.800900e+03 5.855492e+03
18.7 5.742019e+03 5.811626e+03 5.801183e+03 5.731576e+03
19.7 5.748561e+03 5.788255e+03 5.801343e+03 5.761649e+03
20.7 5.723711e+03 5.775315e+03 5.801426e+03 5.749823e+03
21.7 5.812973e+03 5.778567e+03 5.801466e+03 5.835872e+03
0.6 5.843651e+03 5.826666e+03 5.828107e+03 5.845092e+03
1.6 5.797484e+03 5.832601e+03 5.820523e+03 5.785406e+03
2.6 5.780768e+03 5.820906e+03 5.824352e+03 5.784214e+03
3.6 5.731958e+03 5.828302e+03 5.825337e+03 5.728993e+03
4.6 5.842630e+03 5.840241e+03 5.817233e+03 5.819623e+03
5.6 5.774941e+03 5.822728e+03 5.807999e+03 5.760213e+03
6.6 5.806329e+03 5.809261e+03 5.802076e+03 5.799144e+03
7.6 5.769222e+03 5.812294e+03 5.799278e+03 5.756206e+03
8.6 5.863675e+03 5.825178e+03 5.798383e+03 5.836880e+03
9.6 5.867322e+03 5.844716e+03 5.798509e+03 5.821115e+03
10.6 5.861921e+03 5.832424e+03 5.799110e+03 5.828608e+03
11.6 5.812253e+03 5.802305e+03 5.799827e+03 5.809775e+03
12.6 5.820322e+03 5.792343e+03 5.800450e+03 5.828430e+03
13.6 5.868883e+03 5.814291e+03 5.800900e+03 5.855492e+03
14.6 5.742019e+03 5.811626e+03 5.801183e+03 5.731576e+03
15.6 5.748561e+03 5.788255e+03 5.801343e+03 5.761649e+03
16.6 5.723711e+03 5.775315e+03 5.801426e+03 5.749823e+03
17.6 5.812973e+03 5.778567e+03 5.801466e+03 5.835872e+03
18.6 5.851791e+03 5.791061e+03 5.801484e+03 5.862214e+03
19.6 5.858750e+03 5.820439e+03 5.801491e+03 5.839803e+03
20.6 5.836998e+03 5.822794e+03 5.801494e+03 5.815697e+03
21.6 5.780979e+03 5.804189e+03 5.801496e+03 5.778286e+03
0.2 5.705025e+03 5.800632e+03 5.801496e+03 5.705889e+03
1.2 5.735339e+03 5.773673e+03 5.802793e+03 5.764459e+03
2.2 5.755823e+03 5.767444e+03 5.814061e+03 5.802439e+03
3.2 5.801249e+03 5.778046e+03 5.830925e+03 5.854127e+03
4.2 5.815378e+03 5.808976e+03 5.833666e+03 5.840068e+03
5.2 5.810770e+03 5.836972e+03 5.829069e+03 5.802867e+03
6.2 5.841325e+03 5.837778e+03 5.830907e+03 5.834453e+03
7.2 5.836706e+03 5.847347e+03 5.826811e+03 5.816170e+03
8.2 5.837704e+03 5.845798e+03 5.816099e+03 5.808004e+03
9.2 5.813608e+03 5.814766e+03 5.806500e+03 5.805342e+03
10.2 5.820873e+03 5.780158e+03 5.800877e+03 5.841591e+03
11.2 5.789214e+03 5.757783e+03 5.798443e+03 5.829874e+03
12.2 5.875908e+03 5.754945e+03 5.797883e+03 5.918846e+03
13.2 5.879068e+03 5.771629e+03 5.798284e+03 5.905723e+03
14.2 5.878616e+03 5.799618e+03 5.799065e+03 5.878062e+03
15.2 5.898111e+03 5.833978e+03 5.799867e+03 5.864000e+03
16.2 5.854470e+03 5.847127e+03 5.800511e+03 5.807854e+03
17.2 5.829105e+03 5.845443e+03 5.800951e+03 5.784614e+03
18.2 5.853754e+03 5.856143e+03 5.801217e+03 5.798828e+03
19.2 5.824132e+03 5.849255e+03 5.801363e+03 5.776241e+03
20.2 5.778133e+03 5.823463e+03 5.801436e+03 5.756107e+03
21.2 5.707463e+03 5.804450e+03 5.801471e+03 5.704484e+03
0.8 5.815378e+03 5.808976e+03 5.833666e+03 5.840068e+03
1.8 5.810770e+03 5.836972e+03 5.829069e+03 5.802867e+03
2.8 5.841325e+03 5.837778e+03 5.830907e+03 5.834453e+03
3.8 5.836706e+03 5.847347e+03 5.826811e+03 5.816170e+03
4.8 5.837704e+03 5.845798e+03 5.816099e+03 5.808004e+03
5.8 5.813608e+03 5.814766e+03 5.806500e+03 5.805342e+03
6.8 5.820873e+03 5.780158e+03 5.800877e+03 5.841591e+03
7.8 5.789214e+03 5.757783e+03 5.798443e+03 5.829874e+03
8.8 5.875908e+03 5.754945e+03 5.797883e+03 5.918846e+03
9.8 5.879068e+03 5.771629e+03 5.798284e+03 5.905723e+03
10.8 5.878616e+03 5.799618e+03 5.799065e+03 5.878062e+03
11.8 5.898111e+03 5.833978e+03 5.799867e+03 5.864000e+03
12.8 5.854470e+03 5.847127e+03 5.800511e+03 5.807854e+03
13.8 5.829105e+03 5.845443e+03 5.800951e+03 5.784614e+03
14.8 5.853754e+03 5.856143e+03 5.801217e+03 5.798828e+03
15.8 5.824132e+03 5.849255e+03 5.801363e+03 5.776241e+03
16.8 5.778133e+03 5.823463e+03 5.801436e+03 5.756107e+03
17.8 5.707463e+03 5.804450e+03 5.801471e+03 5.704484e+03
18.8 5.784069e+03 5.817864e+03 5.801486e+03 5.767692e+03
19.8 5.821955e+03 5.836889e+03 5.801492e+03 5.786558e+03
20.8 5.824785e+03 5.840480e+03 5.801495e+03 5.785800e+03
21.8 5.787505e+03 5.836196e+03 5.801496e+03 5.752805e+03
0.6 5.822115e+03 5.815980e+03 5.801522e+03 5.807657e+03
1.6 5.773687e+03 5.804921e+03 5.805153e+03 5.773919e+03
2.6 5.746012e+03 5.797285e+03 5.820501e+03 5.769228e+03
3.6 5.803600e+03 5.799743e+03 5.838964e+03 5.842821e+03
4.6 5.848478e+03 5.815790e+03 5.841945e+03 5.874633e+03
5.6 5.909786e+03 5.837295e+03 5.829637e+03 5.902129e+03
6.6 5.864265e+03 5.824260e+03 5.815370e+03 5.855375e+03
7.6 5.801042e+03 5.803627e+03 5.805560e+03 5.802975e+03
8.6 5.777420e+03 5.800784e+03 5.800232e+03 5.776868e+03
9.6 5.827678e+03 5.807514e+03 5.797959e+03 5.818122e+03
10.6 5.913679e+03 5.832253e+03 5.797562e+03 5.878988e+03
11.6 5.880122e+03 5.836411e+03 5.798159e+03 5.841870e+03
12.6 5.814208e+03 5.817447e+03 5.799095e+03 5.795856e+03
13.6 5.805395e+03 5.825768e+03 5.799972e+03 5.779598e+03
14.6 5.802591e+03 5.826153e+03 5.800622e+03 5.777059e+03
15.6 5.780552e+03 5.801195e+03 5.801868e+03 5.781225e+03
16.6 5.823467e+03 5.782930e+03 5.811917e+03 5.852454e+03
17.6 5.795896e+03 5.783503e+03 5.829162e+03 5.841556e+03
18.6 5.881612e+03 5.807213e+03 5.833536e+03 5.907936e+03
19.6 5.840645e+03 5.829965e+03 5.824163e+03 5.834843e+03
20.6 5.805159e+03 5.816959e+03 5.812840e+03 5.801039e+03
21.6 5.817089e+03 5.797417e+03 5.805041e+03 5.824713e+03
0.1 5.802591e+03 5.826153e+03 5.800622e+03 5.777059e+03
1.1 5.780552e+03 5.801195e+03 5.801868e+03 5.781225e+03
2.1 5.823467e+03 5.782930e+03 5.811917e+03 5.852454e+03
3.1 5.795896e+03 5.783503e+03 5.829162e+03 5.841556e+03
4.1 5.881612e+03 5.807213e+03 5.833536e+03 5.907936e+03
5.1 5.840645e+03 5.829965e+03 5.824163e+03 5.834843e+03
6.1 5.805159e+03 5.816959e+03 5.812840e+03 5.801039e+03
7.1 5.817089e+03 5.797417e+03 5.805041e+03 5.824713e+03
8.1 5.837291e+03 5.800844e+03 5.800767e+03 5.837214e+03
9.1 5.818930e+03 5.825617e+03 5.798881e+03 5.792194e+03
10.1 5.827043e+03 5.819378e+03 5.798484e+03 5.806150e+03
11.1 5.783838e+03 5.793846e+03 5.798900e+03 5.788892e+03
12.1 5.785185e+03 5.780485e+03 5.799612e+03 5.804311e+03
13.1 5.835828e+03 5.797857e+03 5.800293e+03 5.838263e+03
14.1 5.811718e+03 5.823780e+03 5.800804e+03 5.788742e+03
15.1 5.815939e+03 5.813671e+03 5.801132e+03 5.803400e+03
16.1 5.846233e+03 5.786541e+03 5.801318e+03 5.861010e+03
17.1 5.840236e+03 5.764839e+03 5.801415e+03 5.876812e+03
18.1 5.841497e+03 5.752747e+03 5.801461e+03 5.890211e+03
19.1 5.739581e+03 5.747670e+03 5.801482e+03 5.793393e+03
20.1 5.733576e+03 5.748632e+03 5.801490e+03 5.786435e+03
21.1 5.738545e+03 5.755031e+03 5.801494e+03 5.785009e+03
0.1 5.781563e+03 5.823303e+03 5.801496e+03 5.759756e+03
1.1 5.875141e+03 5.840912e+03 5.802233e+03 5.836462e+03
2.1 5.872897e+03 5.844912e+03 5.811310e+03 5.839295e+03
3.1 5.854461e+03 5.835885e+03 5.822940e+03 5.841516e+03
4.1 5.841269e+03 5.842854e+03 5.822303e+03 5.820718e+03
5.1 5.866512e+03 5.830239e+03 5.814905e+03 5.851178e+03
6.1 5.856837e+03 5.805055e+03 5.815514e+03 5.867297e+03
7.1 5.811234e+03 5.795789e+03 5.823442e+03 5.838887e+03
8.1 5.823589e+03 5.816736e+03 5.821908e+03 5.828760e+03
9.1 5.917289e+03 5.824414e+03 5.813483e+03 5.906358e+03
10.1 5.909991e+03 5.821252e+03 5.805953e+03 5.894692e+03
11.1 5.865459e+03 5.822355e+03 5.801549e+03 5.844653e+03
12.1 5.889423e+03 5.831558e+03 5.799524e+03 5.857389e+03
13.1 5.834750e+03 5.844145e+03 5.798911e+03 5.789517e+03
14.1 5.844939e+03 5.827172e+03 5.799085e+03 5.816853e+03
15.1 5.824236e+03 5.797153e+03 5.799620e+03 5.826703e+03
16.1 5.844995e+03 5.792854e+03 5.800219e+03 5.852360e+03
17.1 5.899045e+03 5.814818e+03 5.800717e+03 5.884945e+03
18.1 5.843257e+03 5.809458e+03 5.801064e+03 5.834863e+03
19.1 5.871069e+03 5.794483e+03 5.801275e+03 5.877860e+03
20.1 5.834308e+03 5.794349e+03 5.801390e+03 5.841349e+03
21.1 5.769396e+03 5.813461e+03 5.801449e+03 5.757385e+03
1.0 5.866512e+03 5.830239e+03 5.814905e+03 5.851178e+03
2.0 5.856837e+03 5.805055e+03 5.815514e+03 5.867297e+03
3.0 5.811234e+03 5.795789e+03 5.823442e+03 5.838887e+03
4.0 5.823589e+03 5.816736e+03 5.821908e+03 5.828760e+03
5.0 5.917289e+03 5.824414e+03 5.813483e+03 5.906358e+03
6.0 5.909991e+03 5.821252e+03 5.805953e+03 5.894692e+03
7.0 5.865459e+03 5.822355e+03 5.801549e+03 5.844653e+03
8.0 5.889423e+03 5.831558e+03 5.799524e+03 5.857389e+03
9.0 5.834750e+03 5.844145e+03 5.798911e+03 5.789517e+03
10.0 5.844939e+03 5.827172e+03 5.799085e+03 5.816853e+03
11.0 5.824236e+03 5.797153e+03 5.799620e+03 5.826703e+03
12.0 5.844995e+03 5.792854e+03 5.800219e+03 5.852360e+03
13.0 5.899045e+03 5.814818e+03 5.800717e+03 5.884945e+03
14.0 5.843257e+03 5.809458e+03 5.801064e+03 5.834863e+03
15.0 5.871069e+03 5.794483e+03 5.801275e+03 5.877860e+03
16.0 5.834308e+03 5.794349e+03 5.801390e+03 5.841349e+03
17.0 5.769396e+03 5.813461e+03 5.801449e+03 5.757385e+03
18.0 5.881601e+03 5.835996e+03 5.801476e+03 5.847082e+03
19.0 5.907681e+03 5.823127e+03 5.801488e+03 5.886042e+03
20.0 5.823726e+03 5.804703e+03 5.801493e+03 5.820515e+03
21.0 5.832946e+03 5.801512e+03 5.801495e+03 5.832930e+03
22.0 5.817910e+03 5.821576e+03 5.801496e+03 5.797830e+03
0.4 5.830215e+03 5.824080e+03 5.801498e+03 5.807633e+03
1.4 5.870233e+03 5.846051e+03 5.803589e+03 5.827770e+03
2.4 5.818832e+03 5.845922e+03 5.816604e+03 5.789513e+03
3.4 5.785216e+03 5.831456e+03 5.832441e+03 5.786201e+03
4.4 5.823230e+03 5.838103e+03 5.832557e+03 5.817685e+03
5.4 5.816184e+03 5.839185e+03 5.821592e+03 5.798591e+03
6.4 5.850313e+03 5.818714e+03 5.810748e+03 5.842347e+03
7.4 5.809058e+03 5.822434e+03 5.803775e+03 5.790399e+03
8.4 5.804030e+03 5.820033e+03 5.800115e+03 5.784113e+03
9.4 5.812420e+03 5.794899e+03 5.798635e+03 5.816156e+03
10.4 5.750892e+03 5.768700e+03 5.798486e+03 5.780678e+03
11.4 5.742319e+03 5.753710e+03 5.799021e+03 5.787630e+03
12.4 5.741202e+03 5.750105e+03 5.799759e+03 5.790856e+03
13.4 5.764834e+03 5.753097e+03 5.800416e+03 5.812153e+03
14.4 5.768864e+03 5.781014e+03 5.800889e+03 5.788738e+03
15.4 5.775708e+03 5.818025e+03 5.801182e+03 5.758865e+03
16.4 5.703918e+03 5.832214e+03 5.801345e+03 5.673049e+03
17.4 5.811009e+03 5.835443e+03 5.801428e+03 5.776994e+03
18.4 5.859749e+03 5.848624e+03 5.801467e+03 5.812591e+03
19.4 5.907565e+03 5.834970e+03 5.801484e+03 5.874079e+03
20.4 5.860028e+03 5.800516e+03 5.801492e+03 5.861004e+03
21.4 5.827535e+03 5.775008e+03 5.801495e+03 5.854022e+03
