0.3 1.160686e+04 1.156544e+04 1.158242e+04 1.162383e+04
1.3 1.155418e+04 1.156545e+04 1.158243e+04 1.157116e+04
2.3 1.155312e+04 1.156561e+04 1.158254e+04 1.157005e+04
3.3 1.156024e+04 1.157318e+04 1.158263e+04 1.156970e+04
4.3 1.156143e+04 1.159099e+04 1.158261e+04 1.155304e+04
5.3 1.155196e+04 1.159415e+04 1.158253e+04 1.154034e+04
6.3 1.152331e+04 1.158675e+04 1.158246e+04 1.151903e+04
7.3 1.162590e+04 1.159276e+04 1.158243e+04 1.161556e+04
8.3 1.159538e+04 1.159769e+04 1.158241e+04 1.158010e+04
9.3 1.155820e+04 1.158879e+04 1.158240e+04 1.155181e+04
10.3 1.153699e+04 1.157651e+04 1.158240e+04 1.154288e+04
11.3 1.153112e+04 1.156793e+04 1.158240e+04 1.154560e+04
12.3 1.153584e+04 1.156329e+04 1.158241e+04 1.155497e+04
13.3 1.156261e+04 1.156162e+04 1.158241e+04 1.158340e+04
14.3 1.158848e+04 1.157277e+04 1.158242e+04 1.159812e+04
15.3 1.155724e+04 1.158970e+04 1.158242e+04 1.154995e+04
16.3 1.160476e+04 1.158998e+04 1.158242e+04 1.159720e+04
17.3 1.157411e+04 1.158047e+04 1.158242e+04 1.157606e+04
18.3 1.158367e+04 1.157214e+04 1.158242e+04 1.159394e+04
19.3 1.157693e+04 1.158195e+04 1.158242e+04 1.157739e+04
20.3 1.160371e+04 1.159846e+04 1.158242e+04 1.158768e+04
0.2 1.160605e+04 1.159234e+04 1.158242e+04 1.159613e+04
1.2 1.159890e+04 1.158187e+04 1.158243e+04 1.159946e+04
2.2 1.158916e+04 1.157191e+04 1.158254e+04 1.159979e+04
3.2 1.157383e+04 1.156608e+04 1.158272e+04 1.159047e+04
4.2 1.158357e+04 1.156940e+04 1.158281e+04 1.159698e+04
5.2 1.158272e+04 1.159067e+04 1.158273e+04 1.157478e+04
6.2 1.161735e+04 1.159854e+04 1.158259e+04 1.160140e+04
7.2 1.156887e+04 1.158917e+04 1.158248e+04 1.156219e+04
8.2 1.156818e+04 1.157751e+04 1.158242e+04 1.157308e+04
9.2 1.157128e+04 1.157039e+04 1.158239e+04 1.158329e+04
10.2 1.159817e+04 1.157876e+04 1.158238e+04 1.160179e+04
11.2 1.155511e+04 1.159152e+04 1.158239e+04 1.154597e+04
12.2 1.156105e+04 1.158861e+04 1.158239e+04 1.155484e+04
13.2 1.159111e+04 1.157838e+04 1.158243e+04 1.159517e+04
14.2 1.159639e+04 1.157018e+04 1.158258e+04 1.160879e+04
15.2 1.162036e+04 1.156946e+04 1.158272e+04 1.163361e+04
16.2 1.164015e+04 1.158868e+04 1.158270e+04 1.163417e+04
17.2 1.160136e+04 1.159913e+04 1.158269e+04 1.158492e+04
18.2 1.157658e+04 1.159095e+04 1.158277e+04 1.156840e+04
19.2 1.154975e+04 1.158242e+04 1.158282e+04 1.155016e+04
20.2 1.157026e+04 1.159499e+04 1.158273e+04 1.155800e+04
0.5 1.156105e+04 1.158861e+04 1.158239e+04 1.155484e+04
1.5 1.159111e+04 1.157838e+04 1.158243e+04 1.159517e+04
2.5 1.159639e+04 1.157018e+04 1.158258e+04 1.160879e+04
3.5 1.162036e+04 1.156946e+04 1.158272e+04 1.163361e+04
4.5 1.164015e+04 1.158868e+04 1.158270e+04 1.163417e+04
5.5 1.160136e+04 1.159913e+04 1.158269e+04 1.158492e+04
6.5 1.157658e+04 1.159095e+04 1.158277e+04 1.156840e+04
7.5 1.154975e+04 1.158242e+04 1.158282e+04 1.155016e+04
8.5 1.157026e+04 1.159499e+04 1.158273e+04 1.155800e+04
9.5 1.158058e+04 1.160120e+04 1.158258e+04 1.156195e+04
10.5 1.154849e+04 1.159046e+04 1.158247e+04 1.154050e+04
11.5 1.154917e+04 1.157693e+04 1.158240e+04 1.155464e+04
12.5 1.157190e+04 1.156923e+04 1.158238e+04 1.158505e+04
13.5 1.154294e+04 1.156755e+04 1.158237e+04 1.155777e+04
14.5 1.157417e+04 1.157983e+04 1.158238e+04 1.157671e+04
15.5 1.160630e+04 1.159344e+04 1.158239e+04 1.159525e+04
16.5 1.158871e+04 1.159298e+04 1.158240e+04 1.157812e+04
17.5 1.160360e+04 1.159853e+04 1.158241e+04 1.158747e+04
18.5 1.157330e+04 1.160135e+04 1.158241e+04 1.155437e+04
19.5 1.158947e+04 1.159063e+04 1.158242e+04 1.158126e+04
20.5 1.155513e+04 1.157701e+04 1.158242e+04 1.156054e+04
0.1 1.162036e+04 1.156946e+04 1.158272e+04 1.163361e+04
1.1 1.164015e+04 1.158868e+04 1.158270e+04 1.163417e+04
2.1 1.160136e+04 1.159913e+04 1.158269e+04 1.158492e+04
3.1 1.157658e+04 1.159095e+04 1.158277e+04 1.156840e+04
4.1 1.154975e+04 1.158242e+04 1.158282e+04 1.155016e+04
5.1 1.157026e+04 1.159499e+04 1.158273e+04 1.155800e+04
6.1 1.158058e+04 1.160120e+04 1.158258e+04 1.156195e+04
7.1 1.154849e+04 1.159046e+04 1.158247e+04 1.154050e+04
8.1 1.154917e+04 1.157693e+04 1.158240e+04 1.155464e+04
9.1 1.157190e+04 1.156923e+04 1.158238e+04 1.158505e+04
10.1 1.154294e+04 1.156755e+04 1.158237e+04 1.155777e+04
11.1 1.157417e+04 1.157983e+04 1.158238e+04 1.157671e+04
12.1 1.160630e+04 1.159344e+04 1.158239e+04 1.159525e+04
13.1 1.158871e+04 1.159298e+04 1.158240e+04 1.157812e+04
14.1 1.160360e+04 1.159853e+04 1.158241e+04 1.158747e+04
15.1 1.157330e+04 1.160135e+04 1.158241e+04 1.155437e+04
16.1 1.158947e+04 1.159063e+04 1.158242e+04 1.158126e+04
17.1 1.155513e+04 1.157701e+04 1.158242e+04 1.156054e+04
18.1 1.158484e+04 1.156768e+04 1.158242e+04 1.159958e+04
19.1 1.153141e+04 1.156314e+04 1.158242e+04 1.155069e+04
20.1 1.154820e+04 1.156199e+04 1.158242e+04 1.156863e+04
0.3 1.160903e+04 1.159423e+04 1.158242e+04 1.159722e+04
1.3 1.158756e+04 1.159705e+04 1.158244e+04 1.157295e+04
2.3 1.162112e+04 1.158715e+04 1.158255e+04 1.161653e+04
3.3 1.159132e+04 1.157655e+04 1.158271e+04 1.159747e+04
4.3 1.158168e+04 1.158385e+04 1.158271e+04 1.158055e+04
5.3 1.158646e+04 1.159224e+04 1.158261e+04 1.157684e+04
6.3 1.154049e+04 1.158589e+04 1.158251e+04 1.153711e+04
7.3 1.155233e+04 1.157634e+04 1.158244e+04 1.155843e+04
8.3 1.157174e+04 1.158399e+04 1.158241e+04 1.157015e+04
9.3 1.158639e+04 1.159275e+04 1.158239e+04 1.157603e+04
10.3 1.151227e+04 1.158681e+04 1.158239e+04 1.150785e+04
11.3 1.157383e+04 1.157631e+04 1.158240e+04 1.157991e+04
12.3 1.153050e+04 1.157797e+04 1.158240e+04 1.153494e+04
13.3 1.154972e+04 1.159098e+04 1.158241e+04 1.154114e+04
14.3 1.154845e+04 1.159029e+04 1.158241e+04 1.154057e+04
15.3 1.156929e+04 1.157983e+04 1.158242e+04 1.157187e+04
16.3 1.160103e+04 1.157138e+04 1.158242e+04 1.161207e+04
17.3 1.155816e+04 1.158049e+04 1.158242e+04 1.156008e+04
18.3 1.157380e+04 1.159162e+04 1.158242e+04 1.156460e+04
19.3 1.163501e+04 1.158723e+04 1.158242e+04 1.163020e+04
20.3 1.160883e+04 1.157692e+04 1.158242e+04 1.161433e+04
0.3 1.157084e+04 1.159251e+04 1.158242e+04 1.156074e+04
1.3 1.156793e+04 1.158947e+04 1.158244e+04 1.156089e+04
2.3 1.154839e+04 1.157901e+04 1.158254e+04 1.155192e+04
3.3 1.157272e+04 1.157834e+04 1.158264e+04 1.157702e+04
4.3 1.155969e+04 1.159106e+04 1.158261e+04 1.155123e+04
5.3 1.156182e+04 1.159133e+04 1.158253e+04 1.155302e+04
6.3 1.154924e+04 1.158114e+04 1.158249e+04 1.155059e+04
7.3 1.152049e+04 1.157191e+04 1.158257e+04 1.153115e+04
8.3 1.151304e+04 1.157758e+04 1.158262e+04 1.151808e+04
9.3 1.153877e+04 1.159095e+04 1.158257e+04 1.153039e+04
10.3 1.156051e+04 1.158921e+04 1.158249e+04 1.155380e+04
11.3 1.156064e+04 1.157903e+04 1.158244e+04 1.156405e+04
12.3 1.162529e+04 1.157035e+04 1.158241e+04 1.163735e+04
13.3 1.158496e+04 1.156538e+04 1.158240e+04 1.160198e+04
14.3 1.155406e+04 1.156308e+04 1.158240e+04 1.157338e+04
15.3 1.153157e+04 1.156250e+04 1.158240e+04 1.155147e+04
16.3 1.157784e+04 1.156387e+04 1.158240e+04 1.159637e+04
17.3 1.165333e+04 1.157865e+04 1.158241e+04 1.165708e+04
18.3 1.163635e+04 1.159313e+04 1.158241e+04 1.162563e+04
19.3 1.158317e+04 1.159044e+04 1.158242e+04 1.157514e+04
20.3 1.158541e+04 1.158067e+04 1.158242e+04 1.158716e+04
0.5 1.156182e+04 1.159133e+04 1.158253e+04 1.155302e+04
1.5 1.154924e+04 1.158114e+04 1.158249e+04 1.155059e+04
2.5 1.152049e+04 1.157191e+04 1.158257e+04 1.153115e+04
3.5 1.151304e+04 1.157758e+04 1.158262e+04 1.151808e+04
4.5 1.153877e+04 1.159095e+04 1.158257e+04 1.153039e+04
5.5 1.156051e+04 1.158921e+04 1.158249e+04 1.155380e+04
6.5 1.156064e+04 1.157903e+04 1.158244e+04 1.156405e+04
7.5 1.162529e+04 1.157035e+04 1.158241e+04 1.163735e+04
8.5 1.158496e+04 1.156538e+04 1.158240e+04 1.160198e+04
9.5 1.155406e+04 1.156308e+04 1.158240e+04 1.157338e+04
10.5 1.153157e+04 1.156250e+04 1.158240e+04 1.155147e+04
11.5 1.157784e+04 1.156387e+04 1.158240e+04 1.159637e+04
12.5 1.165333e+04 1.157865e+04 1.158241e+04 1.165708e+04
13.5 1.163635e+04 1.159313e+04 1.158241e+04 1.162563e+04
14.5 1.158317e+04 1.159044e+04 1.158242e+04 1.157514e+04
15.5 1.158541e+04 1.158067e+04 1.158242e+04 1.158716e+04
16.5 1.155877e+04 1.157674e+04 1.158242e+04 1.156445e+04
17.5 1.159351e+04 1.159324e+04 1.158242e+04 1.158269e+04
18.5 1.160317e+04 1.160190e+04 1.158242e+04 1.158369e+04
19.5 1.156585e+04 1.159927e+04 1.158242e+04 1.154899e+04
20.5 1.160149e+04 1.160826e+04 1.158242e+04 1.157565e+04
0.6 1.161476e+04 1.156469e+04 1.158242e+04 1.163249e+04
1.6 1.159113e+04 1.156308e+04 1.158246e+04 1.161051e+04
2.6 1.157287e+04 1.156367e+04 1.158258e+04 1.159178e+04
3.6 1.159517e+04 1.158042e+04 1.158263e+04 1.159739e+04
4.6 1.159619e+04 1.159915e+04 1.158258e+04 1.157963e+04
5.6 1.163661e+04 1.159658e+04 1.158250e+04 1.162253e+04
6.6 1.159171e+04 1.158436e+04 1.158245e+04 1.158980e+04
7.6 1.161166e+04 1.157660e+04 1.158242e+04 1.161748e+04
8.6 1.164089e+04 1.158699e+04 1.158240e+04 1.163630e+04
9.6 1.167911e+04 1.159347e+04 1.158240e+04 1.166804e+04
10.6 1.162047e+04 1.158569e+04 1.158240e+04 1.161718e+04
11.6 1.158921e+04 1.157489e+04 1.158241e+04 1.159673e+04
12.6 1.158389e+04 1.156757e+04 1.158241e+04 1.159872e+04
13.6 1.158484e+04 1.156385e+04 1.158241e+04 1.160341e+04
14.6 1.162621e+04 1.156246e+04 1.158242e+04 1.164616e+04
15.6 1.158903e+04 1.156324e+04 1.158242e+04 1.160821e+04
16.6 1.160570e+04 1.157915e+04 1.158242e+04 1.160897e+04
17.6 1.161218e+04 1.159883e+04 1.158242e+04 1.159577e+04
18.6 1.162275e+04 1.159719e+04 1.158242e+04 1.160798e+04
19.6 1.159313e+04 1.158466e+04 1.158242e+04 1.159089e+04
20.6 1.166073e+04 1.157373e+04 1.158250e+04 1.166950e+04
1.0 1.159313e+04 1.158466e+04 1.158242e+04 1.159089e+04
2.0 1.166073e+04 1.157373e+04 1.158250e+04 1.166950e+04
3.0 1.158559e+04 1.157129e+04 1.158262e+04 1.159692e+04
4.0 1.158772e+04 1.158570e+04 1.158262e+04 1.158464e+04
5.0 1.156945e+04 1.159175e+04 1.158255e+04 1.156025e+04
6.0 1.159423e+04 1.158409e+04 1.158248e+04 1.159262e+04
7.0 1.157320e+04 1.157442e+04 1.158243e+04 1.158121e+04
8.0 1.159168e+04 1.156965e+04 1.158241e+04 1.160444e+04
9.0 1.161808e+04 1.158186e+04 1.158240e+04 1.161861e+04
10.0 1.160944e+04 1.159232e+04 1.158241e+04 1.159952e+04
11.0 1.159413e+04 1.158710e+04 1.158250e+04 1.158952e+04
12.0 1.162980e+04 1.158291e+04 1.158261e+04 1.162951e+04
13.0 1.163030e+04 1.159749e+04 1.158261e+04 1.161542e+04
14.0 1.164145e+04 1.160107e+04 1.158254e+04 1.162292e+04
15.0 1.164813e+04 1.158903e+04 1.158247e+04 1.164157e+04
16.0 1.156701e+04 1.157567e+04 1.158243e+04 1.157377e+04
17.0 1.159362e+04 1.156714e+04 1.158241e+04 1.160889e+04
18.0 1.156247e+04 1.156294e+04 1.158240e+04 1.158193e+04
19.0 1.157223e+04 1.156140e+04 1.158240e+04 1.159323e+04
0.1 1.161808e+04 1.158186e+04 1.158240e+04 1.161861e+04
1.1 1.160944e+04 1.159232e+04 1.158241e+04 1.159952e+04
2.1 1.159413e+04 1.158710e+04 1.158250e+04 1.158952e+04
3.1 1.162980e+04 1.158291e+04 1.158261e+04 1.162951e+04
4.1 1.163030e+04 1.159749e+04 1.158261e+04 1.161542e+04
5.1 1.164145e+04 1.160107e+04 1.158254e+04 1.162292e+04
6.1 1.164813e+04 1.158903e+04 1.158247e+04 1.164157e+04
7.1 1.156701e+04 1.157567e+04 1.158243e+04 1.157377e+04
8.1 1.159362e+04 1.156714e+04 1.158241e+04 1.160889e+04
9.1 1.156247e+04 1.156294e+04 1.158240e+04 1.158193e+04
10.1 1.157223e+04 1.156140e+04 1.158240e+04 1.159323e+04
