0.5 1.635255e+03 1.690881e+03 1.694637e+03 1.639010e+03
1.5 1.601151e+03 1.690291e+03 1.694708e+03 1.605567e+03
2.5 1.693330e+03 1.690622e+03 1.694878e+03 1.697585e+03
3.5 1.711052e+03 1.690894e+03 1.694908e+03 1.715066e+03
4.5 1.726513e+03 1.690642e+03 1.694837e+03 1.730708e+03
5.5 1.657845e+03 1.690827e+03 1.694894e+03 1.661911e+03
6.5 1.704329e+03 1.691340e+03 1.694942e+03 1.707931e+03
7.5 1.677964e+03 1.691682e+03 1.694858e+03 1.681141e+03
8.5 1.655309e+03 1.691807e+03 1.694742e+03 1.658244e+03
9.5 1.664346e+03 1.691146e+03 1.694661e+03 1.667861e+03
10.5 1.691136e+03 1.688493e+03 1.694619e+03 1.697263e+03
11.5 1.671116e+03 1.685505e+03 1.694607e+03 1.680219e+03
12.5 1.635410e+03 1.685331e+03 1.694713e+03 1.644791e+03
13.5 1.626738e+03 1.687574e+03 1.694872e+03 1.634036e+03
14.5 1.689152e+03 1.689710e+03 1.694873e+03 1.694315e+03
15.5 1.701732e+03 1.689520e+03 1.694782e+03 1.706994e+03
16.5 1.712034e+03 1.687260e+03 1.694699e+03 1.719473e+03
17.5 1.646003e+03 1.682962e+03 1.694648e+03 1.657690e+03
18.5 1.730169e+03 1.679687e+03 1.694622e+03 1.745103e+03
19.5 1.723187e+03 1.683860e+03 1.694611e+03 1.733938e+03
20.5 1.669068e+03 1.701551e+03 1.694611e+03 1.662128e+03
0.1 1.711052e+03 1.690894e+03 1.694908e+03 1.715066e+03
1.1 1.726513e+03 1.690642e+03 1.694837e+03 1.730708e+03
2.1 1.657845e+03 1.690827e+03 1.694894e+03 1.661911e+03
3.1 1.704329e+03 1.691340e+03 1.694942e+03 1.707931e+03
4.1 1.677964e+03 1.691682e+03 1.694858e+03 1.681141e+03
5.1 1.655309e+03 1.691807e+03 1.694742e+03 1.658244e+03
6.1 1.664346e+03 1.691146e+03 1.694661e+03 1.667861e+03
7.1 1.691136e+03 1.688493e+03 1.694619e+03 1.697263e+03
8.1 1.671116e+03 1.685505e+03 1.694607e+03 1.680219e+03
9.1 1.635410e+03 1.685331e+03 1.694713e+03 1.644791e+03
10.1 1.626738e+03 1.687574e+03 1.694872e+03 1.634036e+03
11.1 1.689152e+03 1.689710e+03 1.694873e+03 1.694315e+03
12.1 1.701732e+03 1.689520e+03 1.694782e+03 1.706994e+03
13.1 1.712034e+03 1.687260e+03 1.694699e+03 1.719473e+03
14.1 1.646003e+03 1.682962e+03 1.694648e+03 1.657690e+03
15.1 1.730169e+03 1.679687e+03 1.694622e+03 1.745103e+03
16.1 1.723187e+03 1.683860e+03 1.694611e+03 1.733938e+03
17.1 1.669068e+03 1.701551e+03 1.694611e+03 1.662128e+03
18.1 1.707778e+03 1.725785e+03 1.694616e+03 1.676609e+03
19.1 1.748634e+03 1.734110e+03 1.694622e+03 1.709145e+03
20.1 1.714819e+03 1.718807e+03 1.694628e+03 1.690640e+03
0.8 1.671116e+03 1.685505e+03 1.694607e+03 1.680219e+03
1.8 1.635410e+03 1.685331e+03 1.694713e+03 1.644791e+03
2.8 1.626738e+03 1.687574e+03 1.694872e+03 1.634036e+03
3.8 1.689152e+03 1.689710e+03 1.694873e+03 1.694315e+03
4.8 1.701732e+03 1.689520e+03 1.694782e+03 1.706994e+03
5.8 1.712034e+03 1.687260e+03 1.694699e+03 1.719473e+03
6.8 1.646003e+03 1.682962e+03 1.694648e+03 1.657690e+03
7.8 1.730169e+03 1.679687e+03 1.694622e+03 1.745103e+03
8.8 1.723187e+03 1.683860e+03 1.694611e+03 1.733938e+03
9.8 1.669068e+03 1.701551e+03 1.694611e+03 1.662128e+03
10.8 1.707778e+03 1.725785e+03 1.694616e+03 1.676609e+03
11.8 1.748634e+03 1.734110e+03 1.694622e+03 1.709145e+03
12.8 1.714819e+03 1.718807e+03 1.694628e+03 1.690640e+03
13.8 1.747847e+03 1.701871e+03 1.694631e+03 1.740607e+03
14.8 1.707291e+03 1.692807e+03 1.694634e+03 1.709118e+03
15.8 1.646079e+03 1.689076e+03 1.694635e+03 1.651638e+03
16.8 1.663082e+03 1.687873e+03 1.694636e+03 1.669845e+03
17.8 1.691143e+03 1.688086e+03 1.694636e+03 1.697693e+03
18.8 1.702947e+03 1.693986e+03 1.694636e+03 1.703598e+03
19.8 1.712800e+03 1.712216e+03 1.694636e+03 1.695221e+03
20.8 1.718864e+03 1.723865e+03 1.694636e+03 1.689635e+03
0.8 1.710907e+03 1.709906e+03 1.694641e+03 1.695643e+03
1.8 1.725425e+03 1.714239e+03 1.694758e+03 1.705944e+03
2.8 1.648422e+03 1.707843e+03 1.694905e+03 1.635484e+03
3.8 1.716670e+03 1.698685e+03 1.694889e+03 1.712874e+03
4.8 1.700813e+03 1.690485e+03 1.694789e+03 1.705117e+03
5.8 1.703804e+03 1.684359e+03 1.694703e+03 1.714149e+03
6.8 1.689700e+03 1.682407e+03 1.694726e+03 1.702020e+03
7.8 1.697283e+03 1.684213e+03 1.694868e+03 1.707938e+03
8.8 1.723793e+03 1.686439e+03 1.694882e+03 1.732236e+03
9.8 1.732468e+03 1.687781e+03 1.694792e+03 1.739479e+03
10.8 1.705990e+03 1.689005e+03 1.694774e+03 1.711758e+03
11.8 1.698376e+03 1.690482e+03 1.694889e+03 1.702783e+03
12.8 1.686469e+03 1.691540e+03 1.694891e+03 1.689820e+03
13.8 1.739938e+03 1.691924e+03 1.694792e+03 1.742806e+03
14.8 1.689299e+03 1.691293e+03 1.694697e+03 1.692703e+03
15.8 1.657637e+03 1.689972e+03 1.694640e+03 1.662305e+03
16.8 1.716285e+03 1.687726e+03 1.694613e+03 1.723172e+03
17.8 1.674812e+03 1.682545e+03 1.694604e+03 1.686872e+03
18.8 1.681700e+03 1.681487e+03 1.694606e+03 1.694819e+03
19.8 1.782776e+03 1.687451e+03 1.694612e+03 1.789937e+03
20.8 1.707387e+03 1.700142e+03 1.694620e+03 1.701865e+03
0.6 1.703804e+03 1.684359e+03 1.694703e+03 1.714149e+03
1.6 1.689700e+03 1.682407e+03 1.694726e+03 1.702020e+03
2.6 1.697283e+03 1.684213e+03 1.694868e+03 1.707938e+03
3.6 1.723793e+03 1.686439e+03 1.694882e+03 1.732236e+03
4.6 1.732468e+03 1.687781e+03 1.694792e+03 1.739479e+03
5.6 1.705990e+03 1.689005e+03 1.694774e+03 1.711758e+03
6.6 1.698376e+03 1.690482e+03 1.694889e+03 1.702783e+03
7.6 1.686469e+03 1.691540e+03 1.694891e+03 1.689820e+03
8.6 1.739938e+03 1.691924e+03 1.694792e+03 1.742806e+03
9.6 1.689299e+03 1.691293e+03 1.694697e+03 1.692703e+03
10.6 1.657637e+03 1.689972e+03 1.694640e+03 1.662305e+03
11.6 1.716285e+03 1.687726e+03 1.694613e+03 1.723172e+03
12.6 1.674812e+03 1.682545e+03 1.694604e+03 1.686872e+03
13.6 1.681700e+03 1.681487e+03 1.694606e+03 1.694819e+03
14.6 1.782776e+03 1.687451e+03 1.694612e+03 1.789937e+03
15.6 1.707387e+03 1.700142e+03 1.694620e+03 1.701865e+03
16.6 1.761409e+03 1.711780e+03 1.694632e+03 1.744260e+03
17.6 1.718621e+03 1.713091e+03 1.694758e+03 1.700287e+03
18.6 1.723709e+03 1.706580e+03 1.694904e+03 1.712033e+03
19.6 1.669245e+03 1.699309e+03 1.694885e+03 1.664821e+03
20.6 1.694937e+03 1.694025e+03 1.694786e+03 1.695698e+03
0.5 1.732468e+03 1.687781e+03 1.694792e+03 1.739479e+03
1.5 1.705990e+03 1.689005e+03 1.694774e+03 1.711758e+03
2.5 1.698376e+03 1.690482e+03 1.694889e+03 1.702783e+03
3.5 1.686469e+03 1.691540e+03 1.694891e+03 1.689820e+03
4.5 1.739938e+03 1.691924e+03 1.694792e+03 1.742806e+03
5.5 1.689299e+03 1.691293e+03 1.694697e+03 1.692703e+03
6.5 1.657637e+03 1.689972e+03 1.694640e+03 1.662305e+03
7.5 1.716285e+03 1.687726e+03 1.694613e+03 1.723172e+03
8.5 1.674812e+03 1.682545e+03 1.694604e+03 1.686872e+03
9.5 1.681700e+03 1.681487e+03 1.694606e+03 1.694819e+03
10.5 1.782776e+03 1.687451e+03 1.694612e+03 1.789937e+03
11.5 1.707387e+03 1.700142e+03 1.694620e+03 1.701865e+03
12.5 1.761409e+03 1.711780e+03 1.694632e+03 1.744260e+03
13.5 1.718621e+03 1.713091e+03 1.694758e+03 1.700287e+03
14.5 1.723709e+03 1.706580e+03 1.694904e+03 1.712033e+03
15.5 1.669245e+03 1.699309e+03 1.694885e+03 1.664821e+03
16.5 1.694937e+03 1.694025e+03 1.694786e+03 1.695698e+03
17.5 1.717379e+03 1.690190e+03 1.694700e+03 1.721889e+03
18.5 1.682022e+03 1.686992e+03 1.694648e+03 1.689679e+03
19.5 1.700719e+03 1.681378e+03 1.694622e+03 1.713963e+03
20.5 1.662945e+03 1.678939e+03 1.694612e+03 1.678618e+03
0.9 1.761409e+03 1.711780e+03 1.694632e+03 1.744260e+03
1.9 1.718621e+03 1.713091e+03 1.694758e+03 1.700287e+03
2.9 1.723709e+03 1.706580e+03 1.694904e+03 1.712033e+03
3.9 1.669245e+03 1.699309e+03 1.694885e+03 1.664821e+03
4.9 1.694937e+03 1.694025e+03 1.694786e+03 1.695698e+03
5.9 1.717379e+03 1.690190e+03 1.694700e+03 1.721889e+03
6.9 1.682022e+03 1.686992e+03 1.694648e+03 1.689679e+03
7.9 1.700719e+03 1.681378e+03 1.694622e+03 1.713963e+03
8.9 1.662945e+03 1.678939e+03 1.694612e+03 1.678618e+03
9.9 1.667377e+03 1.680962e+03 1.694612e+03 1.681027e+03
10.9 1.685881e+03 1.683366e+03 1.694617e+03 1.697131e+03
11.9 1.747969e+03 1.681294e+03 1.694623e+03 1.761298e+03
12.9 1.585600e+03 1.681067e+03 1.694628e+03 1.599161e+03
13.9 1.686152e+03 1.684779e+03 1.694632e+03 1.696005e+03
14.9 1.664785e+03 1.690189e+03 1.694634e+03 1.669230e+03
15.9 1.677945e+03 1.704837e+03 1.694635e+03 1.667743e+03
16.9 1.736502e+03 1.724176e+03 1.694643e+03 1.706969e+03
17.9 1.718240e+03 1.727661e+03 1.694774e+03 1.685353e+03
18.9 1.737386e+03 1.722824e+03 1.694910e+03 1.709472e+03
19.9 1.827974e+03 1.724538e+03 1.694897e+03 1.798333e+03
20.9 1.701725e+03 1.719886e+03 1.694946e+03 1.676784e+03
0.9 1.736502e+03 1.724176e+03 1.694643e+03 1.706969e+03
1.9 1.718240e+03 1.727661e+03 1.694774e+03 1.685353e+03
2.9 1.737386e+03 1.722824e+03 1.694910e+03 1.709472e+03
3.9 1.827974e+03 1.724538e+03 1.694897e+03 1.798333e+03
4.9 1.701725e+03 1.719886e+03 1.694946e+03 1.676784e+03
5.9 1.701533e+03 1.708150e+03 1.694976e+03 1.688359e+03
6.9 1.709915e+03 1.697554e+03 1.694879e+03 1.707240e+03
7.9 1.713896e+03 1.691269e+03 1.694752e+03 1.717379e+03
8.9 1.699007e+03 1.688647e+03 1.694663e+03 1.705024e+03
9.9 1.740410e+03 1.691716e+03 1.694618e+03 1.743312e+03
10.9 1.689639e+03 1.701294e+03 1.694600e+03 1.682945e+03
11.9 1.671030e+03 1.703983e+03 1.694598e+03 1.661645e+03
12.9 1.744774e+03 1.694938e+03 1.694605e+03 1.744441e+03
13.9 1.710613e+03 1.686367e+03 1.694614e+03 1.718859e+03
14.9 1.728046e+03 1.682771e+03 1.694646e+03 1.739921e+03
15.9 1.687937e+03 1.683893e+03 1.694813e+03 1.698857e+03
16.9 1.694594e+03 1.686618e+03 1.694913e+03 1.702889e+03
17.9 1.699074e+03 1.688233e+03 1.694855e+03 1.705696e+03
18.9 1.767239e+03 1.688797e+03 1.694769e+03 1.773210e+03
19.9 1.664701e+03 1.689775e+03 1.694840e+03 1.669766e+03
20.9 1.682219e+03 1.689869e+03 1.694917e+03 1.687268e+03
0.1 1.737386e+03 1.722824e+03 1.694910e+03 1.709472e+03
1.1 1.827974e+03 1.724538e+03 1.694897e+03 1.798333e+03
2.1 1.701725e+03 1.719886e+03 1.694946e+03 1.676784e+03
3.1 1.701533e+03 1.708150e+03 1.694976e+03 1.688359e+03
4.1 1.709915e+03 1.697554e+03 1.694879e+03 1.707240e+03
5.1 1.713896e+03 1.691269e+03 1.694752e+03 1.717379e+03
6.1 1.699007e+03 1.688647e+03 1.694663e+03 1.705024e+03
7.1 1.740410e+03 1.691716e+03 1.694618e+03 1.743312e+03
8.1 1.689639e+03 1.701294e+03 1.694600e+03 1.682945e+03
9.1 1.671030e+03 1.703983e+03 1.694598e+03 1.661645e+03
10.1 1.744774e+03 1.694938e+03 1.694605e+03 1.744441e+03
11.1 1.710613e+03 1.686367e+03 1.694614e+03 1.718859e+03
12.1 1.728046e+03 1.682771e+03 1.694646e+03 1.739921e+03
13.1 1.687937e+03 1.683893e+03 1.694813e+03 1.698857e+03
14.1 1.694594e+03 1.686618e+03 1.694913e+03 1.702889e+03
15.1 1.699074e+03 1.688233e+03 1.694855e+03 1.705696e+03
16.1 1.767239e+03 1.688797e+03 1.694769e+03 1.773210e+03
17.1 1.664701e+03 1.689775e+03 1.694840e+03 1.669766e+03
18.1 1.682219e+03 1.689869e+03 1.694917e+03 1.687268e+03
19.1 1.689098e+03 1.687629e+03 1.694853e+03 1.696322e+03
20.1 1.770848e+03 1.685432e+03 1.694758e+03 1.780174e+03
0.2 1.710613e+03 1.686367e+03 1.694614e+03 1.718859e+03
1.2 1.728046e+03 1.682771e+03 1.694646e+03 1.739921e+03
2.2 1.687937e+03 1.683893e+03 1.694813e+03 1.698857e+03
3.2 1.694594e+03 1.686618e+03 1.694913e+03 1.702889e+03
4.2 1.699074e+03 1.688233e+03 1.694855e+03 1.705696e+03
5.2 1.767239e+03 1.688797e+03 1.694769e+03 1.773210e+03
6.2 1.664701e+03 1.689775e+03 1.694840e+03 1.669766e+03
7.2 1.682219e+03 1.689869e+03 1.694917e+03 1.687268e+03
8.2 1.689098e+03 1.687629e+03 1.694853e+03 1.696322e+03
9.2 1.770848e+03 1.685432e+03 1.694758e+03 1.780174e+03
10.2 1.717194e+03 1.686163e+03 1.694826e+03 1.725857e+03
11.2 1.698329e+03 1.688559e+03 1.694904e+03 1.704674e+03
12.2 1.681438e+03 1.690462e+03 1.694843e+03 1.685819e+03
13.2 1.770493e+03 1.691053e+03 1.694739e+03 1.774180e+03
14.2 1.741817e+03 1.691258e+03 1.694753e+03 1.745312e+03
15.2 1.669352e+03 1.691751e+03 1.694877e+03 1.672478e+03
16.2 1.681913e+03 1.691853e+03 1.694871e+03 1.684931e+03
17.2 1.666382e+03 1.689987e+03 1.694775e+03 1.671169e+03
18.2 1.708073e+03 1.687195e+03 1.694698e+03 1.715576e+03
19.2 1.667509e+03 1.686936e+03 1.694785e+03 1.675358e+03
20.2 1.652973e+03 1.688685e+03 1.694889e+03 1.659177e+03
1.0 1.767239e+03 1.688797e+03 1.694769e+03 1.773210e+03
2.0 1.664701e+03 1.689775e+03 1.694840e+03 1.669766e+03
3.0 1.682219e+03 1.689869e+03 1.694917e+03 1.687268e+03
4.0 1.689098e+03 1.687629e+03 1.694853e+03 1.696322e+03
5.0 1.770848e+03 1.685432e+03 1.694758e+03 1.780174e+03
6.0 1.717194e+03 1.686163e+03 1.694826e+03 1.725857e+03
7.0 1.698329e+03 1.688559e+03 1.694904e+03 1.704674e+03
8.0 1.681438e+03 1.690462e+03 1.694843e+03 1.685819e+03
9.0 1.770493e+03 1.691053e+03 1.694739e+03 1.774180e+03
10.0 1.741817e+03 1.691258e+03 1.694753e+03 1.745312e+03
11.0 1.669352e+03 1.691751e+03 1.694877e+03 1.672478e+03
12.0 1.681913e+03 1.691853e+03 1.694871e+03 1.684931e+03
13.0 1.666382e+03 1.689987e+03 1.694775e+03 1.671169e+03
14.0 1.708073e+03 1.687195e+03 1.694698e+03 1.715576e+03
15.0 1.667509e+03 1.686936e+03 1.694785e+03 1.675358e+03
16.0 1.652973e+03 1.688685e+03 1.694889e+03 1.659177e+03
17.0 1.758320e+03 1.690396e+03 1.694846e+03 1.762769e+03
18.0 1.691303e+03 1.691412e+03 1.694746e+03 1.694637e+03
19.0 1.641924e+03 1.691509e+03 1.694670e+03 1.645085e+03
20.0 1.650151e+03 1.690813e+03 1.694629e+03 1.653967e+03
21.0 1.714182e+03 1.690261e+03 1.694638e+03 1.718559e+03
1.0 1.770848e+03 1.685432e+03 1.694758e+03 1.780174e+03
2.0 1.717194e+03 1.686163e+03 1.694826e+03 1.725857e+03
3.0 1.698329e+03 1.688559e+03 1.694904e+03 1.704674e+03
4.0 1.681438e+03 1.690462e+03 1.694843e+03 1.685819e+03
5.0 1.770493e+03 1.691053e+03 1.694739e+03 1.774180e+03
6.0 1.741817e+03 1.691258e+03 1.694753e+03 1.745312e+03
7.0 1.669352e+03 1.691751e+03 1.694877e+03 1.672478e+03
8.0 1.681913e+03 1.691853e+03 1.694871e+03 1.684931e+03
9.0 1.666382e+03 1.689987e+03 1.694775e+03 1.671169e+03
10.0 1.708073e+03 1.687195e+03 1.694698e+03 1.715576e+03
11.0 1.667509e+03 1.686936e+03 1.694785e+03 1.675358e+03
12.0 1.652973e+03 1.688685e+03 1.694889e+03 1.659177e+03
13.0 1.758320e+03 1.690396e+03 1.694846e+03 1.762769e+03
14.0 1.691303e+03 1.691412e+03 1.694746e+03 1.694637e+03
15.0 1.641924e+03 1.691509e+03 1.694670e+03 1.645085e+03
16.0 1.650151e+03 1.690813e+03 1.694629e+03 1.653967e+03
17.0 1.714182e+03 1.690261e+03 1.694638e+03 1.718559e+03
18.0 1.734770e+03 1.690624e+03 1.694797e+03 1.738943e+03
19.0 1.716223e+03 1.691310e+03 1.694891e+03 1.719804e+03
20.0 1.679620e+03 1.695615e+03 1.694835e+03 1.678840e+03
21.0 1.732077e+03 1.712268e+03 1.694740e+03 1.714549e+03
0.7 1.770493e+03 1.691053e+03 1.694739e+03 1.774180e+03
1.7 1.741817e+03 1.691258e+03 1.694753e+03 1.745312e+03
2.7 1.669352e+03 1.691751e+03 1.694877e+03 1.672478e+03
3.7 1.681913e+03 1.691853e+03 1.694871e+03 1.684931e+03
4.7 1.666382e+03 1.689987e+03 1.694775e+03 1.671169e+03
5.7 1.708073e+03 1.687195e+03 1.694698e+03 1.715576e+03
6.7 1.667509e+03 1.686936e+03 1.694785e+03 1.675358e+03
7.7 1.652973e+03 1.688685e+03 1.694889e+03 1.659177e+03
8.7 1.758320e+03 1.690396e+03 1.694846e+03 1.762769e+03
9.7 1.691303e+03 1.691412e+03 1.694746e+03 1.694637e+03
10.7 1.641924e+03 1.691509e+03 1.694670e+03 1.645085e+03
11.7 1.650151e+03 1.690813e+03 1.694629e+03 1.653967e+03
12.7 1.714182e+03 1.690261e+03 1.694638e+03 1.718559e+03
13.7 1.734770e+03 1.690624e+03 1.694797e+03 1.738943e+03
14.7 1.716223e+03 1.691310e+03 1.694891e+03 1.719804e+03
15.7 1.679620e+03 1.695615e+03 1.694835e+03 1.678840e+03
16.7 1.732077e+03 1.712268e+03 1.694740e+03 1.714549e+03
17.7 1.704010e+03 1.732151e+03 1.694673e+03 1.666532e+03
18.7 1.756986e+03 1.735435e+03 1.694729e+03 1.716280e+03
19.7 1.704382e+03 1.722336e+03 1.694872e+03 1.676918e+03
20.7 1.704056e+03 1.707318e+03 1.694873e+03 1.691612e+03
1.0 1.708073e+03 1.687195e+03 1.694698e+03 1.715576e+03
2.0 1.667509e+03 1.686936e+03 1.694785e+03 1.675358e+03
3.0 1.652973e+03 1.688685e+03 1.694889e+03 1.659177e+03
4.0 1.758320e+03 1.690396e+03 1.694846e+03 1.762769e+03
5.0 1.691303e+03 1.691412e+03 1.694746e+03 1.694637e+03
6.0 1.641924e+03 1.691509e+03 1.694670e+03 1.645085e+03
7.0 1.650151e+03 1.690813e+03 1.694629e+03 1.653967e+03
8.0 1.714182e+03 1.690261e+03 1.694638e+03 1.718559e+03
9.0 1.734770e+03 1.690624e+03 1.694797e+03 1.738943e+03
10.0 1.716223e+03 1.691310e+03 1.694891e+03 1.719804e+03
11.0 1.679620e+03 1.695615e+03 1.694835e+03 1.678840e+03
12.0 1.732077e+03 1.712268e+03 1.694740e+03 1.714549e+03
13.0 1.704010e+03 1.732151e+03 1.694673e+03 1.666532e+03
14.0 1.756986e+03 1.735435e+03 1.694729e+03 1.716280e+03
15.0 1.704382e+03 1.722336e+03 1.694872e+03 1.676918e+03
16.0 1.704056e+03 1.707318e+03 1.694873e+03 1.691612e+03
17.0 1.750111e+03 1.701536e+03 1.694781e+03 1.743356e+03
18.0 1.782498e+03 1.705935e+03 1.694695e+03 1.771259e+03
19.0 1.648231e+03 1.710127e+03 1.694671e+03 1.632775e+03
20.0 1.746816e+03 1.706447e+03 1.694809e+03 1.735178e+03
21.0 1.695137e+03 1.698956e+03 1.694891e+03 1.691071e+03
0.2 1.650151e+03 1.690813e+03 1.694629e+03 1.653967e+03
1.2 1.714182e+03 1.690261e+03 1.694638e+03 1.718559e+03
2.2 1.734770e+03 1.690624e+03 1.694797e+03 1.738943e+03
3.2 1.716223e+03 1.691310e+03 1.694891e+03 1.719804e+03
4.2 1.679620e+03 1.695615e+03 1.694835e+03 1.678840e+03
5.2 1.732077e+03 1.712268e+03 1.694740e+03 1.714549e+03
6.2 1.704010e+03 1.732151e+03 1.694673e+03 1.666532e+03
7.2 1.756986e+03 1.735435e+03 1.694729e+03 1.716280e+03
8.2 1.704382e+03 1.722336e+03 1.694872e+03 1.676918e+03
9.2 1.704056e+03 1.707318e+03 1.694873e+03 1.691612e+03
10.2 1.750111e+03 1.701536e+03 1.694781e+03 1.743356e+03
11.2 1.782498e+03 1.705935e+03 1.694695e+03 1.771259e+03
12.2 1.648231e+03 1.710127e+03 1.694671e+03 1.632775e+03
13.2 1.746816e+03 1.706447e+03 1.694809e+03 1.735178e+03
14.2 1.695137e+03 1.698956e+03 1.694891e+03 1.691071e+03
15.2 1.683394e+03 1.692770e+03 1.694855e+03 1.685479e+03
16.2 1.711684e+03 1.689777e+03 1.694922e+03 1.716830e+03
17.2 1.666499e+03 1.688926e+03 1.694946e+03 1.672519e+03
18.2 1.764473e+03 1.689889e+03 1.694847e+03 1.769430e+03
19.2 1.690559e+03 1.700909e+03 1.694729e+03 1.684379e+03
20.2 1.774752e+03 1.719929e+03 1.694656e+03 1.749479e+03
0.7 1.704010e+03 1.732151e+03 1.694673e+03 1.666532e+03
1.7 1.756986e+03 1.735435e+03 1.694729e+03 1.716280e+03
2.7 1.704382e+03 1.722336e+03 1.694872e+03 1.676918e+03
3.7 1.704056e+03 1.707318e+03 1.694873e+03 1.691612e+03
4.7 1.750111e+03 1.701536e+03 1.694781e+03 1.743356e+03
5.7 1.782498e+03 1.705935e+03 1.694695e+03 1.771259e+03
6.7 1.648231e+03 1.710127e+03 1.694671e+03 1.632775e+03
7.7 1.746816e+03 1.706447e+03 1.694809e+03 1.735178e+03
8.7 1.695137e+03 1.698956e+03 1.694891e+03 1.691071e+03
9.7 1.683394e+03 1.692770e+03 1.694855e+03 1.685479e+03
10.7 1.711684e+03 1.689777e+03 1.694922e+03 1.716830e+03
11.7 1.666499e+03 1.688926e+03 1.694946e+03 1.672519e+03
12.7 1.764473e+03 1.689889e+03 1.694847e+03 1.769430e+03
13.7 1.690559e+03 1.700909e+03 1.694729e+03 1.684379e+03
14.7 1.774752e+03 1.719929e+03 1.694656e+03 1.749479e+03
15.7 1.712074e+03 1.725260e+03 1.694735e+03 1.681549e+03
16.7 1.720910e+03 1.715745e+03 1.694868e+03 1.700034e+03
17.7 1.713939e+03 1.703716e+03 1.694852e+03 1.705075e+03
18.7 1.752344e+03 1.694638e+03 1.694760e+03 1.752467e+03
19.7 1.733484e+03 1.689471e+03 1.694758e+03 1.738772e+03
20.7 1.697834e+03 1.687800e+03 1.694882e+03 1.704915e+03
0.2 1.782498e+03 1.705935e+03 1.694695e+03 1.771259e+03
1.2 1.648231e+03 1.710127e+03 1.694671e+03 1.632775e+03
2.2 1.746816e+03 1.706447e+03 1.694809e+03 1.735178e+03
3.2 1.695137e+03 1.698956e+03 1.694891e+03 1.691071e+03
4.2 1.683394e+03 1.692770e+03 1.694855e+03 1.685479e+03
5.2 1.711684e+03 1.689777e+03 1.694922e+03 1.716830e+03
6.2 1.666499e+03 1.688926e+03 1.694946e+03 1.672519e+03
7.2 1.764473e+03 1.689889e+03 1.694847e+03 1.769430e+03
8.2 1.690559e+03 1.700909e+03 1.694729e+03 1.684379e+03
9.2 1.774752e+03 1.719929e+03 1.694656e+03 1.749479e+03
10.2 1.712074e+03 1.725260e+03 1.694735e+03 1.681549e+03
11.2 1.720910e+03 1.715745e+03 1.694868e+03 1.700034e+03
12.2 1.713939e+03 1.703716e+03 1.694852e+03 1.705075e+03
13.2 1.752344e+03 1.694638e+03 1.694760e+03 1.752467e+03
14.2 1.733484e+03 1.689471e+03 1.694758e+03 1.738772e+03
15.2 1.697834e+03 1.687800e+03 1.694882e+03 1.704915e+03
16.2 1.637367e+03 1.687938e+03 1.694885e+03 1.644314e+03
17.2 1.681972e+03 1.688548e+03 1.694788e+03 1.688213e+03
18.2 1.728854e+03 1.688667e+03 1.694699e+03 1.734886e+03
19.2 1.667000e+03 1.689103e+03 1.694751e+03 1.672648e+03
20.2 1.724987e+03 1.690139e+03 1.694879e+03 1.729727e+03
0.2 1.695137e+03 1.698956e+03 1.694891e+03 1.691071e+03
1.2 1.683394e+03 1.692770e+03 1.694855e+03 1.685479e+03
2.2 1.711684e+03 1.689777e+03 1.694922e+03 1.716830e+03
3.2 1.666499e+03 1.688926e+03 1.694946e+03 1.672519e+03
4.2 1.764473e+03 1.689889e+03 1.694847e+03 1.769430e+03
5.2 1.690559e+03 1.700909e+03 1.694729e+03 1.684379e+03
6.2 1.774752e+03 1.719929e+03 1.694656e+03 1.749479e+03
7.2 1.712074e+03 1.725260e+03 1.694735e+03 1.681549e+03
8.2 1.720910e+03 1.715745e+03 1.694868e+03 1.700034e+03
9.2 1.713939e+03 1.703716e+03 1.694852e+03 1.705075e+03
10.2 1.752344e+03 1.694638e+03 1.694760e+03 1.752467e+03
11.2 1.733484e+03 1.689471e+03 1.694758e+03 1.738772e+03
12.2 1.697834e+03 1.687800e+03 1.694882e+03 1.704915e+03
13.2 1.637367e+03 1.687938e+03 1.694885e+03 1.644314e+03
14.2 1.681972e+03 1.688548e+03 1.694788e+03 1.688213e+03
15.2 1.728854e+03 1.688667e+03 1.694699e+03 1.734886e+03
16.2 1.667000e+03 1.689103e+03 1.694751e+03 1.672648e+03
17.2 1.724987e+03 1.690139e+03 1.694879e+03 1.729727e+03
18.2 1.720559e+03 1.691009e+03 1.694862e+03 1.724412e+03
19.2 1.668769e+03 1.691488e+03 1.694766e+03 1.672046e+03
20.2 1.679955e+03 1.691708e+03 1.694683e+03 1.682930e+03
0.8 1.774752e+03 1.719929e+03 1.694656e+03 1.749479e+03
1.8 1.712074e+03 1.725260e+03 1.694735e+03 1.681549e+03
2.8 1.720910e+03 1.715745e+03 1.694868e+03 1.700034e+03
3.8 1.713939e+03 1.703716e+03 1.694852e+03 1.705075e+03
4.8 1.752344e+03 1.694638e+03 1.694760e+03 1.752467e+03
5.8 1.733484e+03 1.689471e+03 1.694758e+03 1.738772e+03
6.8 1.697834e+03 1.687800e+03 1.694882e+03 1.704915e+03
7.8 1.637367e+03 1.687938e+03 1.694885e+03 1.644314e+03
8.8 1.681972e+03 1.688548e+03 1.694788e+03 1.688213e+03
9.8 1.728854e+03 1.688667e+03 1.694699e+03 1.734886e+03
10.8 1.667000e+03 1.689103e+03 1.694751e+03 1.672648e+03
11.8 1.724987e+03 1.690139e+03 1.694879e+03 1.729727e+03
12.8 1.720559e+03 1.691009e+03 1.694862e+03 1.724412e+03
13.8 1.668769e+03 1.691488e+03 1.694766e+03 1.672046e+03
14.8 1.679955e+03 1.691708e+03 1.694683e+03 1.682930e+03
15.8 1.616760e+03 1.691794e+03 1.694636e+03 1.619603e+03
16.8 1.739106e+03 1.691748e+03 1.694614e+03 1.741972e+03
17.8 1.696441e+03 1.691197e+03 1.694607e+03 1.699851e+03
18.8 1.689878e+03 1.690391e+03 1.694618e+03 1.694105e+03
19.8 1.610641e+03 1.690390e+03 1.694758e+03 1.615009e+03
20.8 1.676392e+03 1.691430e+03 1.694897e+03 1.679859e+03
0.6 1.752344e+03 1.694638e+03 1.694760e+03 1.752467e+03
1.6 1.733484e+03 1.689471e+03 1.694758e+03 1.738772e+03
2.6 1.697834e+03 1.687800e+03 1.694882e+03 1.704915e+03
3.6 1.637367e+03 1.687938e+03 1.694885e+03 1.644314e+03
4.6 1.681972e+03 1.688548e+03 1.694788e+03 1.688213e+03
5.6 1.728854e+03 1.688667e+03 1.694699e+03 1.734886e+03
6.6 1.667000e+03 1.689103e+03 1.694751e+03 1.672648e+03
7.6 1.724987e+03 1.690139e+03 1.694879e+03 1.729727e+03
8.6 1.720559e+03 1.691009e+03 1.694862e+03 1.724412e+03
9.6 1.668769e+03 1.691488e+03 1.694766e+03 1.672046e+03
10.6 1.679955e+03 1.691708e+03 1.694683e+03 1.682930e+03
11.6 1.616760e+03 1.691794e+03 1.694636e+03 1.619603e+03
12.6 1.739106e+03 1.691748e+03 1.694614e+03 1.741972e+03
13.6 1.696441e+03 1.691197e+03 1.694607e+03 1.699851e+03
14.6 1.689878e+03 1.690391e+03 1.694618e+03 1.694105e+03
15.6 1.610641e+03 1.690390e+03 1.694758e+03 1.615009e+03
16.6 1.676392e+03 1.691430e+03 1.694897e+03 1.679859e+03
17.6 1.718443e+03 1.697195e+03 1.694870e+03 1.716118e+03
18.6 1.588596e+03 1.707781e+03 1.694773e+03 1.575588e+03
19.6 1.704158e+03 1.712951e+03 1.694692e+03 1.685899e+03
20.6 1.792207e+03 1.704429e+03 1.694644e+03 1.782422e+03
0.8 1.728854e+03 1.688667e+03 1.694699e+03 1.734886e+03
1.8 1.667000e+03 1.689103e+03 1.694751e+03 1.672648e+03
2.8 1.724987e+03 1.690139e+03 1.694879e+03 1.729727e+03
3.8 1.720559e+03 1.691009e+03 1.694862e+03 1.724412e+03
4.8 1.668769e+03 1.691488e+03 1.694766e+03 1.672046e+03
5.8 1.679955e+03 1.691708e+03 1.694683e+03 1.682930e+03
6.8 1.616760e+03 1.691794e+03 1.694636e+03 1.619603e+03
7.8 1.739106e+03 1.691748e+03 1.694614e+03 1.741972e+03
8.8 1.696441e+03 1.691197e+03 1.694607e+03 1.699851e+03
9.8 1.689878e+03 1.690391e+03 1.694618e+03 1.694105e+03
10.8 1.610641e+03 1.690390e+03 1.694758e+03 1.615009e+03
11.8 1.676392e+03 1.691430e+03 1.694897e+03 1.679859e+03
12.8 1.718443e+03 1.697195e+03 1.694870e+03 1.716118e+03
13.8 1.588596e+03 1.707781e+03 1.694773e+03 1.575588e+03
14.8 1.704158e+03 1.712951e+03 1.694692e+03 1.685899e+03
15.8 1.792207e+03 1.704429e+03 1.694644e+03 1.782422e+03
16.8 1.622960e+03 1.703612e+03 1.694620e+03 1.613969e+03
17.8 1.752718e+03 1.710386e+03 1.694611e+03 1.736943e+03
18.8 1.705142e+03 1.703536e+03 1.694612e+03 1.696218e+03
19.8 1.767700e+03 1.694112e+03 1.694617e+03 1.768206e+03
20.8 1.669525e+03 1.698065e+03 1.694623e+03 1.666083e+03
1.0 1.689878e+03 1.690391e+03 1.694618e+03 1.694105e+03
2.0 1.610641e+03 1.690390e+03 1.694758e+03 1.615009e+03
3.0 1.676392e+03 1.691430e+03 1.694897e+03 1.679859e+03
4.0 1.718443e+03 1.697195e+03 1.694870e+03 1.716118e+03
5.0 1.588596e+03 1.707781e+03 1.694773e+03 1.575588e+03
6.0 1.704158e+03 1.712951e+03 1.694692e+03 1.685899e+03
7.0 1.792207e+03 1.704429e+03 1.694644e+03 1.782422e+03
8.0 1.622960e+03 1.703612e+03 1.694620e+03 1.613969e+03
9.0 1.752718e+03 1.710386e+03 1.694611e+03 1.736943e+03
10.0 1.705142e+03 1.703536e+03 1.694612e+03 1.696218e+03
11.0 1.767700e+03 1.694112e+03 1.694617e+03 1.768206e+03
12.0 1.669525e+03 1.698065e+03 1.694623e+03 1.666083e+03
13.0 1.744235e+03 1.709514e+03 1.694628e+03 1.729350e+03
14.0 1.645070e+03 1.705225e+03 1.694632e+03 1.634477e+03
15.0 1.645469e+03 1.694642e+03 1.694634e+03 1.645461e+03
16.0 1.620693e+03 1.687145e+03 1.694635e+03 1.628184e+03
17.0 1.583772e+03 1.682820e+03 1.694636e+03 1.595587e+03
18.0 1.656035e+03 1.679358e+03 1.694636e+03 1.671312e+03
19.0 1.681246e+03 1.676251e+03 1.694636e+03 1.699631e+03
20.0 1.704392e+03 1.678172e+03 1.694636e+03 1.720856e+03
21.0 1.700429e+03 1.682637e+03 1.694638e+03 1.712430e+03
0.7 1.700429e+03 1.682637e+03 1.694638e+03 1.712430e+03
1.7 1.670211e+03 1.686949e+03 1.694727e+03 1.677990e+03
2.7 1.622117e+03 1.690276e+03 1.694891e+03 1.626732e+03
3.7 1.740724e+03 1.692463e+03 1.694901e+03 1.743162e+03
4.7 1.637094e+03 1.697731e+03 1.694807e+03 1.634171e+03
5.7 1.705503e+03 1.707121e+03 1.694717e+03 1.693099e+03
6.7 1.650216e+03 1.710416e+03 1.694758e+03 1.634557e+03
7.7 1.693080e+03 1.705703e+03 1.694886e+03 1.682263e+03
8.7 1.652186e+03 1.699822e+03 1.694874e+03 1.647238e+03
9.7 1.765772e+03 1.700934e+03 1.694776e+03 1.759615e+03
10.7 1.775218e+03 1.707266e+03 1.694698e+03 1.762649e+03
11.7 1.693195e+03 1.707628e+03 1.694778e+03 1.680345e+03
12.7 1.717907e+03 1.702024e+03 1.694890e+03 1.710773e+03
13.7 1.724253e+03 1.696157e+03 1.694853e+03 1.722949e+03
14.7 1.638502e+03 1.692402e+03 1.694753e+03 1.640854e+03
15.7 1.699394e+03 1.690548e+03 1.694675e+03 1.703521e+03
16.7 1.687991e+03 1.692094e+03 1.694632e+03 1.690529e+03
17.7 1.701711e+03 1.699123e+03 1.694620e+03 1.697209e+03
18.7 1.661867e+03 1.702503e+03 1.694745e+03 1.654110e+03
19.7 1.673974e+03 1.699960e+03 1.694884e+03 1.668898e+03
20.7 1.717224e+03 1.695462e+03 1.694861e+03 1.716624e+03
0.7 1.705503e+03 1.707121e+03 1.694717e+03 1.693099e+03
1.7 1.650216e+03 1.710416e+03 1.694758e+03 1.634557e+03
2.7 1.693080e+03 1.705703e+03 1.694886e+03 1.682263e+03
3.7 1.652186e+03 1.699822e+03 1.694874e+03 1.647238e+03
4.7 1.765772e+03 1.700934e+03 1.694776e+03 1.759615e+03
5.7 1.775218e+03 1.707266e+03 1.694698e+03 1.762649e+03
6.7 1.693195e+03 1.707628e+03 1.694778e+03 1.680345e+03
7.7 1.717907e+03 1.702024e+03 1.694890e+03 1.710773e+03
8.7 1.724253e+03 1.696157e+03 1.694853e+03 1.722949e+03
9.7 1.638502e+03 1.692402e+03 1.694753e+03 1.640854e+03
10.7 1.699394e+03 1.690548e+03 1.694675e+03 1.703521e+03
11.7 1.687991e+03 1.692094e+03 1.694632e+03 1.690529e+03
12.7 1.701711e+03 1.699123e+03 1.694620e+03 1.697209e+03
13.7 1.661867e+03 1.702503e+03 1.694745e+03 1.654110e+03
14.7 1.673974e+03 1.699960e+03 1.694884e+03 1.668898e+03
15.7 1.717224e+03 1.695462e+03 1.694861e+03 1.716624e+03
16.7 1.704742e+03 1.690443e+03 1.694771e+03 1.709069e+03
17.7 1.696518e+03 1.687720e+03 1.694800e+03 1.703598e+03
18.7 1.702232e+03 1.687945e+03 1.694907e+03 1.709194e+03
19.7 1.761354e+03 1.688790e+03 1.694876e+03 1.767439e+03
20.7 1.687424e+03 1.687700e+03 1.694770e+03 1.694494e+03
0.9 1.775218e+03 1.707266e+03 1.694698e+03 1.762649e+03
1.9 1.693195e+03 1.707628e+03 1.694778e+03 1.680345e+03
2.9 1.717907e+03 1.702024e+03 1.694890e+03 1.710773e+03
3.9 1.724253e+03 1.696157e+03 1.694853e+03 1.722949e+03
4.9 1.638502e+03 1.692402e+03 1.694753e+03 1.640854e+03
5.9 1.699394e+03 1.690548e+03 1.694675e+03 1.703521e+03
6.9 1.687991e+03 1.692094e+03 1.694632e+03 1.690529e+03
7.9 1.701711e+03 1.699123e+03 1.694620e+03 1.697209e+03
8.9 1.661867e+03 1.702503e+03 1.694745e+03 1.654110e+03
9.9 1.673974e+03 1.699960e+03 1.694884e+03 1.668898e+03
10.9 1.717224e+03 1.695462e+03 1.694861e+03 1.716624e+03
11.9 1.704742e+03 1.690443e+03 1.694771e+03 1.709069e+03
12.9 1.696518e+03 1.687720e+03 1.694800e+03 1.703598e+03
13.9 1.702232e+03 1.687945e+03 1.694907e+03 1.709194e+03
14.9 1.761354e+03 1.688790e+03 1.694876e+03 1.767439e+03
15.9 1.687424e+03 1.687700e+03 1.694770e+03 1.694494e+03
16.9 1.662862e+03 1.685280e+03 1.694682e+03 1.672264e+03
17.9 1.713738e+03 1.684749e+03 1.694700e+03 1.723689e+03
18.9 1.737685e+03 1.689161e+03 1.694849e+03 1.743373e+03
19.9 1.643215e+03 1.705676e+03 1.694878e+03 1.632417e+03
20.9 1.712878e+03 1.724371e+03 1.694809e+03 1.683316e+03
0.9 1.701711e+03 1.699123e+03 1.694620e+03 1.697209e+03
1.9 1.661867e+03 1.702503e+03 1.694745e+03 1.654110e+03
2.9 1.673974e+03 1.699960e+03 1.694884e+03 1.668898e+03
3.9 1.717224e+03 1.695462e+03 1.694861e+03 1.716624e+03
4.9 1.704742e+03 1.690443e+03 1.694771e+03 1.709069e+03
5.9 1.696518e+03 1.687720e+03 1.694800e+03 1.703598e+03
6.9 1.702232e+03 1.687945e+03 1.694907e+03 1.709194e+03
7.9 1.761354e+03 1.688790e+03 1.694876e+03 1.767439e+03
8.9 1.687424e+03 1.687700e+03 1.694770e+03 1.694494e+03
9.9 1.662862e+03 1.685280e+03 1.694682e+03 1.672264e+03
10.9 1.713738e+03 1.684749e+03 1.694700e+03 1.723689e+03
11.9 1.737685e+03 1.689161e+03 1.694849e+03 1.743373e+03
12.9 1.643215e+03 1.705676e+03 1.694878e+03 1.632417e+03
13.9 1.712878e+03 1.724371e+03 1.694809e+03 1.683316e+03
14.9 1.729322e+03 1.725486e+03 1.694869e+03 1.698705e+03
15.9 1.690124e+03 1.713830e+03 1.694928e+03 1.671222e+03
16.9 1.722473e+03 1.700687e+03 1.694853e+03 1.716638e+03
17.9 1.652986e+03 1.687529e+03 1.694740e+03 1.660197e+03
18.9 1.671661e+03 1.680705e+03 1.694660e+03 1.685616e+03
19.9 1.713069e+03 1.681348e+03 1.694619e+03 1.726340e+03
20.9 1.652513e+03 1.684629e+03 1.694603e+03 1.662487e+03
0.8 1.704742e+03 1.690443e+03 1.694771e+03 1.709069e+03
1.8 1.696518e+03 1.687720e+03 1.694800e+03 1.703598e+03
2.8 1.702232e+03 1.687945e+03 1.694907e+03 1.709194e+03
3.8 1.761354e+03 1.688790e+03 1.694876e+03 1.767439e+03
4.8 1.687424e+03 1.687700e+03 1.694770e+03 1.694494e+03
5.8 1.662862e+03 1.685280e+03 1.694682e+03 1.672264e+03
6.8 1.713738e+03 1.684749e+03 1.694700e+03 1.723689e+03
7.8 1.737685e+03 1.689161e+03 1.694849e+03 1.743373e+03
8.8 1.643215e+03 1.705676e+03 1.694878e+03 1.632417e+03
9.8 1.712878e+03 1.724371e+03 1.694809e+03 1.683316e+03
10.8 1.729322e+03 1.725486e+03 1.694869e+03 1.698705e+03
11.8 1.690124e+03 1.713830e+03 1.694928e+03 1.671222e+03
12.8 1.722473e+03 1.700687e+03 1.694853e+03 1.716638e+03
13.8 1.652986e+03 1.687529e+03 1.694740e+03 1.660197e+03
14.8 1.671661e+03 1.680705e+03 1.694660e+03 1.685616e+03
15.8 1.713069e+03 1.681348e+03 1.694619e+03 1.726340e+03
16.8 1.652513e+03 1.684629e+03 1.694603e+03 1.662487e+03
17.8 1.678954e+03 1.687444e+03 1.694601e+03 1.686112e+03
18.8 1.645102e+03 1.688834e+03 1.694607e+03 1.650876e+03
19.8 1.664594e+03 1.689205e+03 1.694615e+03 1.670004e+03
20.8 1.620696e+03 1.685942e+03 1.694623e+03 1.629376e+03
0.5 1.662862e+03 1.685280e+03 1.694682e+03 1.672264e+03
1.5 1.713738e+03 1.684749e+03 1.694700e+03 1.723689e+03
2.5 1.737685e+03 1.689161e+03 1.694849e+03 1.743373e+03
3.5 1.643215e+03 1.705676e+03 1.694878e+03 1.632417e+03
4.5 1.712878e+03 1.724371e+03 1.694809e+03 1.683316e+03
5.5 1.729322e+03 1.725486e+03 1.694869e+03 1.698705e+03
6.5 1.690124e+03 1.713830e+03 1.694928e+03 1.671222e+03
7.5 1.722473e+03 1.700687e+03 1.694853e+03 1.716638e+03
8.5 1.652986e+03 1.687529e+03 1.694740e+03 1.660197e+03
9.5 1.671661e+03 1.680705e+03 1.694660e+03 1.685616e+03
10.5 1.713069e+03 1.681348e+03 1.694619e+03 1.726340e+03
11.5 1.652513e+03 1.684629e+03 1.694603e+03 1.662487e+03
12.5 1.678954e+03 1.687444e+03 1.694601e+03 1.686112e+03
13.5 1.645102e+03 1.688834e+03 1.694607e+03 1.650876e+03
14.5 1.664594e+03 1.689205e+03 1.694615e+03 1.670004e+03
15.5 1.620696e+03 1.685942e+03 1.694623e+03 1.629376e+03
16.5 1.705894e+03 1.684772e+03 1.694628e+03 1.715750e+03
17.5 1.698105e+03 1.694822e+03 1.694632e+03 1.697915e+03
18.5 1.729487e+03 1.702665e+03 1.694634e+03 1.721456e+03
19.5 1.638674e+03 1.697069e+03 1.694635e+03 1.636240e+03
20.5 1.691835e+03 1.690827e+03 1.694636e+03 1.695643e+03
0.1 1.643215e+03 1.705676e+03 1.694878e+03 1.632417e+03
1.1 1.712878e+03 1.724371e+03 1.694809e+03 1.683316e+03
2.1 1.729322e+03 1.725486e+03 1.694869e+03 1.698705e+03
3.1 1.690124e+03 1.713830e+03 1.694928e+03 1.671222e+03
4.1 1.722473e+03 1.700687e+03 1.694853e+03 1.716638e+03
5.1 1.652986e+03 1.687529e+03 1.694740e+03 1.660197e+03
6.1 1.671661e+03 1.680705e+03 1.694660e+03 1.685616e+03
7.1 1.713069e+03 1.681348e+03 1.694619e+03 1.726340e+03
8.1 1.652513e+03 1.684629e+03 1.694603e+03 1.662487e+03
9.1 1.678954e+03 1.687444e+03 1.694601e+03 1.686112e+03
10.1 1.645102e+03 1.688834e+03 1.694607e+03 1.650876e+03
11.1 1.664594e+03 1.689205e+03 1.694615e+03 1.670004e+03
12.1 1.620696e+03 1.685942e+03 1.694623e+03 1.629376e+03
13.1 1.705894e+03 1.684772e+03 1.694628e+03 1.715750e+03
14.1 1.698105e+03 1.694822e+03 1.694632e+03 1.697915e+03
15.1 1.729487e+03 1.702665e+03 1.694634e+03 1.721456e+03
16.1 1.638674e+03 1.697069e+03 1.694635e+03 1.636240e+03
17.1 1.691835e+03 1.690827e+03 1.694636e+03 1.695643e+03
18.1 1.730418e+03 1.689293e+03 1.694636e+03 1.735760e+03
19.1 1.655174e+03 1.689283e+03 1.694636e+03 1.660527e+03
20.1 1.684244e+03 1.687532e+03 1.694636e+03 1.691348e+03
0.2 1.684244e+03 1.687532e+03 1.694636e+03 1.691348e+03
1.2 1.685309e+03 1.685738e+03 1.694666e+03 1.694237e+03
2.2 1.622847e+03 1.686699e+03 1.694831e+03 1.630980e+03
3.2 1.640661e+03 1.688947e+03 1.694917e+03 1.646631e+03
4.2 1.667183e+03 1.690710e+03 1.694852e+03 1.671324e+03
5.2 1.714496e+03 1.691689e+03 1.694751e+03 1.717558e+03
6.2 1.669353e+03 1.692128e+03 1.694678e+03 1.671903e+03
7.2 1.703335e+03 1.692248e+03 1.694636e+03 1.705723e+03
8.2 1.697011e+03 1.691940e+03 1.694617e+03 1.699688e+03
9.2 1.717987e+03 1.690742e+03 1.694611e+03 1.721856e+03
10.2 1.648624e+03 1.686069e+03 1.694613e+03 1.657168e+03
11.2 1.679107e+03 1.681724e+03 1.694619e+03 1.692002e+03
12.2 1.642727e+03 1.684452e+03 1.694625e+03 1.652899e+03
13.2 1.677825e+03 1.695635e+03 1.694630e+03 1.676820e+03
14.2 1.753312e+03 1.706566e+03 1.694657e+03 1.741403e+03
15.2 1.671204e+03 1.707659e+03 1.694820e+03 1.658366e+03
16.2 1.715543e+03 1.702590e+03 1.694917e+03 1.707869e+03
17.2 1.681033e+03 1.697261e+03 1.694857e+03 1.678630e+03
18.2 1.661920e+03 1.693634e+03 1.694756e+03 1.663042e+03
19.2 1.642109e+03 1.691567e+03 1.694681e+03 1.645223e+03
20.2 1.705805e+03 1.690615e+03 1.694638e+03 1.709827e+03
0.2 1.677825e+03 1.695635e+03 1.694630e+03 1.676820e+03
1.2 1.753312e+03 1.706566e+03 1.694657e+03 1.741403e+03
2.2 1.671204e+03 1.707659e+03 1.694820e+03 1.658366e+03
3.2 1.715543e+03 1.702590e+03 1.694917e+03 1.707869e+03
4.2 1.681033e+03 1.697261e+03 1.694857e+03 1.678630e+03
5.2 1.661920e+03 1.693634e+03 1.694756e+03 1.663042e+03
6.2 1.642109e+03 1.691567e+03 1.694681e+03 1.645223e+03
7.2 1.705805e+03 1.690615e+03 1.694638e+03 1.709827e+03
8.2 1.747071e+03 1.692201e+03 1.694617e+03 1.749488e+03
9.2 1.687082e+03 1.699090e+03 1.694611e+03 1.682603e+03
10.2 1.673380e+03 1.699060e+03 1.694613e+03 1.668933e+03
11.2 1.659728e+03 1.691723e+03 1.694619e+03 1.662624e+03
12.2 1.674816e+03 1.688103e+03 1.694625e+03 1.681338e+03
13.2 1.717720e+03 1.688275e+03 1.694629e+03 1.724075e+03
14.2 1.696469e+03 1.688839e+03 1.694633e+03 1.702262e+03
15.2 1.672461e+03 1.689007e+03 1.694674e+03 1.678128e+03
16.2 1.656088e+03 1.689834e+03 1.694845e+03 1.661099e+03
17.2 1.695948e+03 1.690851e+03 1.694916e+03 1.700013e+03
18.2 1.705568e+03 1.691180e+03 1.694843e+03 1.709231e+03
19.2 1.715944e+03 1.690625e+03 1.694743e+03 1.720062e+03
20.2 1.707362e+03 1.690043e+03 1.694688e+03 1.712007e+03
0.3 1.696469e+03 1.688839e+03 1.694633e+03 1.702262e+03
1.3 1.672461e+03 1.689007e+03 1.694674e+03 1.678128e+03
2.3 1.656088e+03 1.689834e+03 1.694845e+03 1.661099e+03
3.3 1.695948e+03 1.690851e+03 1.694916e+03 1.700013e+03
4.3 1.705568e+03 1.691180e+03 1.694843e+03 1.709231e+03
5.3 1.715944e+03 1.690625e+03 1.694743e+03 1.720062e+03
6.3 1.707362e+03 1.690043e+03 1.694688e+03 1.712007e+03
7.3 1.684401e+03 1.690362e+03 1.694799e+03 1.688838e+03
8.3 1.648959e+03 1.691047e+03 1.694895e+03 1.652808e+03
9.3 1.740998e+03 1.690942e+03 1.694844e+03 1.744899e+03
10.3 1.656448e+03 1.688861e+03 1.694744e+03 1.662331e+03
11.3 1.701053e+03 1.683319e+03 1.694671e+03 1.712405e+03
12.3 1.659398e+03 1.681844e+03 1.694631e+03 1.672185e+03
13.3 1.676456e+03 1.684850e+03 1.694613e+03 1.686218e+03
14.3 1.694995e+03 1.688365e+03 1.694608e+03 1.701238e+03
15.3 1.662390e+03 1.690718e+03 1.694611e+03 1.666282e+03
16.3 1.699909e+03 1.691983e+03 1.694617e+03 1.702544e+03
17.3 1.703424e+03 1.692531e+03 1.694624e+03 1.705517e+03
0.1 1.715944e+03 1.690625e+03 1.694743e+03 1.720062e+03
1.1 1.707362e+03 1.690043e+03 1.694688e+03 1.712007e+03
2.1 1.684401e+03 1.690362e+03 1.694799e+03 1.688838e+03
3.1 1.648959e+03 1.691047e+03 1.694895e+03 1.652808e+03
4.1 1.740998e+03 1.690942e+03 1.694844e+03 1.744899e+03
5.1 1.656448e+03 1.688861e+03 1.694744e+03 1.662331e+03
6.1 1.701053e+03 1.683319e+03 1.694671e+03 1.712405e+03
7.1 1.659398e+03 1.681844e+03 1.694631e+03 1.672185e+03
8.1 1.676456e+03 1.684850e+03 1.694613e+03 1.686218e+03
9.1 1.694995e+03 1.688365e+03 1.694608e+03 1.701238e+03
10.1 1.662390e+03 1.690718e+03 1.694611e+03 1.666282e+03
11.1 1.699909e+03 1.691983e+03 1.694617e+03 1.702544e+03
12.1 1.703424e+03 1.692531e+03 1.694624e+03 1.705517e+03
