0.6 1.134695e+04 1.140229e+04 1.142882e+04 1.137348e+04
1.6 1.131963e+04 1.140480e+04 1.143871e+04 1.135354e+04
2.6 1.144593e+04 1.143968e+04 1.147657e+04 1.148281e+04
3.6 1.149170e+04 1.148189e+04 1.151904e+04 1.152885e+04
4.6 1.155984e+04 1.149036e+04 1.152258e+04 1.159206e+04
5.6 1.149723e+04 1.146703e+04 1.149219e+04 1.152239e+04
6.6 1.145680e+04 1.143695e+04 1.146113e+04 1.148098e+04
7.6 1.135700e+04 1.143540e+04 1.146228e+04 1.138388e+04
8.6 1.144614e+04 1.146188e+04 1.149110e+04 1.147536e+04
9.6 1.147628e+04 1.147409e+04 1.149643e+04 1.149863e+04
10.6 1.152498e+04 1.146092e+04 1.147341e+04 1.153747e+04
11.6 1.155756e+04 1.143749e+04 1.144799e+04 1.156806e+04
12.6 1.146191e+04 1.143877e+04 1.143167e+04 1.145481e+04
13.6 1.151626e+04 1.146345e+04 1.142354e+04 1.147635e+04
14.6 1.147788e+04 1.147661e+04 1.142054e+04 1.142182e+04
15.6 1.159271e+04 1.146767e+04 1.142053e+04 1.154558e+04
16.6 1.146089e+04 1.144249e+04 1.142205e+04 1.144045e+04
17.6 1.143170e+04 1.141651e+04 1.142401e+04 1.143921e+04
18.6 1.140536e+04 1.139909e+04 1.142576e+04 1.143202e+04
19.6 1.144614e+04 1.139036e+04 1.142703e+04 1.148281e+04
20.6 1.145612e+04 1.138762e+04 1.142783e+04 1.149633e+04
21.6 1.141019e+04 1.139755e+04 1.142829e+04 1.144093e+04
0.1 1.149723e+04 1.146703e+04 1.149219e+04 1.152239e+04
1.1 1.145680e+04 1.143695e+04 1.146113e+04 1.148098e+04
2.1 1.135700e+04 1.143540e+04 1.146228e+04 1.138388e+04
3.1 1.144614e+04 1.146188e+04 1.149110e+04 1.147536e+04
4.1 1.147628e+04 1.147409e+04 1.149643e+04 1.149863e+04
5.1 1.152498e+04 1.146092e+04 1.147341e+04 1.153747e+04
6.1 1.155756e+04 1.143749e+04 1.144799e+04 1.156806e+04
7.1 1.146191e+04 1.143877e+04 1.143167e+04 1.145481e+04
8.1 1.151626e+04 1.146345e+04 1.142354e+04 1.147635e+04
9.1 1.147788e+04 1.147661e+04 1.142054e+04 1.142182e+04
10.1 1.159271e+04 1.146767e+04 1.142053e+04 1.154558e+04
11.1 1.146089e+04 1.144249e+04 1.142205e+04 1.144045e+04
12.1 1.143170e+04 1.141651e+04 1.142401e+04 1.143921e+04
13.1 1.140536e+04 1.139909e+04 1.142576e+04 1.143202e+04
14.1 1.144614e+04 1.139036e+04 1.142703e+04 1.148281e+04
15.1 1.145612e+04 1.138762e+04 1.142783e+04 1.149633e+04
16.1 1.141019e+04 1.139755e+04 1.142829e+04 1.144093e+04
17.1 1.144215e+04 1.143178e+04 1.142852e+04 1.143889e+04
18.1 1.143143e+04 1.146112e+04 1.142863e+04 1.139895e+04
19.1 1.153815e+04 1.146575e+04 1.142868e+04 1.150109e+04
20.1 1.146797e+04 1.145499e+04 1.142870e+04 1.144168e+04
21.1 1.145294e+04 1.145737e+04 1.142871e+04 1.142428e+04
0.4 1.135504e+04 1.144119e+04 1.142873e+04 1.134257e+04
1.4 1.142145e+04 1.142529e+04 1.143462e+04 1.143078e+04
2.4 1.145170e+04 1.144113e+04 1.146727e+04 1.147784e+04
3.4 1.151776e+04 1.147735e+04 1.151260e+04 1.155301e+04
4.4 1.155522e+04 1.148964e+04 1.152560e+04 1.159118e+04
5.4 1.152259e+04 1.147328e+04 1.149931e+04 1.154862e+04
6.4 1.137611e+04 1.146439e+04 1.146503e+04 1.137675e+04
7.4 1.141991e+04 1.147147e+04 1.144050e+04 1.138893e+04
8.4 1.153243e+04 1.146905e+04 1.142685e+04 1.149023e+04
9.4 1.156666e+04 1.144963e+04 1.142078e+04 1.153780e+04
10.4 1.139211e+04 1.142392e+04 1.141942e+04 1.138761e+04
11.4 1.146624e+04 1.140564e+04 1.142063e+04 1.148123e+04
12.4 1.149509e+04 1.141173e+04 1.142280e+04 1.150615e+04
13.4 1.148352e+04 1.143725e+04 1.142490e+04 1.147118e+04
14.4 1.144874e+04 1.145470e+04 1.142650e+04 1.142055e+04
15.4 1.147192e+04 1.145529e+04 1.142754e+04 1.144417e+04
16.4 1.139511e+04 1.143939e+04 1.142814e+04 1.138386e+04
17.4 1.141505e+04 1.142654e+04 1.142845e+04 1.141696e+04
18.4 1.147098e+04 1.143826e+04 1.142860e+04 1.146132e+04
19.4 1.149924e+04 1.145782e+04 1.142867e+04 1.147009e+04
20.4 1.151321e+04 1.145860e+04 1.142870e+04 1.148331e+04
21.4 1.147955e+04 1.144171e+04 1.142871e+04 1.146655e+04
0.5 1.150222e+04 1.145049e+04 1.142873e+04 1.148047e+04
1.5 1.154249e+04 1.145892e+04 1.143512e+04 1.151869e+04
2.5 1.144938e+04 1.147606e+04 1.146830e+04 1.144162e+04
3.5 1.146238e+04 1.149207e+04 1.150319e+04 1.147350e+04
4.5 1.150575e+04 1.148012e+04 1.149947e+04 1.152510e+04
5.5 1.145063e+04 1.145195e+04 1.147282e+04 1.147150e+04
6.5 1.139537e+04 1.144099e+04 1.144824e+04 1.140262e+04
7.5 1.141239e+04 1.144672e+04 1.143285e+04 1.139852e+04
8.5 1.149450e+04 1.144434e+04 1.142558e+04 1.147574e+04
9.5 1.156414e+04 1.144569e+04 1.143906e+04 1.155750e+04
10.5 1.143609e+04 1.147084e+04 1.148196e+04 1.144721e+04
11.5 1.149853e+04 1.149451e+04 1.151901e+04 1.152303e+04
12.5 1.146908e+04 1.148569e+04 1.151275e+04 1.149614e+04
13.5 1.147156e+04 1.145449e+04 1.148063e+04 1.149770e+04
14.5 1.136460e+04 1.142611e+04 1.145098e+04 1.138948e+04
15.5 1.143206e+04 1.142492e+04 1.143241e+04 1.143955e+04
16.5 1.145005e+04 1.143229e+04 1.142300e+04 1.144077e+04
17.5 1.152552e+04 1.142807e+04 1.141957e+04 1.151702e+04
18.5 1.140548e+04 1.141797e+04 1.142311e+04 1.141063e+04
19.5 1.149086e+04 1.143310e+04 1.145257e+04 1.151033e+04
20.5 1.149462e+04 1.146529e+04 1.149392e+04 1.152325e+04
21.5 1.158183e+04 1.147163e+04 1.150007e+04 1.161027e+04
0.9 1.149450e+04 1.144434e+04 1.142558e+04 1.147574e+04
1.9 1.156414e+04 1.144569e+04 1.143906e+04 1.155750e+04
2.9 1.143609e+04 1.147084e+04 1.148196e+04 1.144721e+04
3.9 1.149853e+04 1.149451e+04 1.151901e+04 1.152303e+04
4.9 1.146908e+04 1.148569e+04 1.151275e+04 1.149614e+04
5.9 1.147156e+04 1.145449e+04 1.148063e+04 1.149770e+04
6.9 1.136460e+04 1.142611e+04 1.145098e+04 1.138948e+04
7.9 1.143206e+04 1.142492e+04 1.143241e+04 1.143955e+04
8.9 1.145005e+04 1.143229e+04 1.142300e+04 1.144077e+04
9.9 1.152552e+04 1.142807e+04 1.141957e+04 1.151702e+04
10.9 1.140548e+04 1.141797e+04 1.142311e+04 1.141063e+04
11.9 1.149086e+04 1.143310e+04 1.145257e+04 1.151033e+04
12.9 1.149462e+04 1.146529e+04 1.149392e+04 1.152325e+04
13.9 1.158183e+04 1.147163e+04 1.150007e+04 1.161027e+04
14.9 1.149718e+04 1.145128e+04 1.147685e+04 1.152274e+04
15.9 1.139485e+04 1.142460e+04 1.145159e+04 1.142183e+04
16.9 1.145144e+04 1.140603e+04 1.143483e+04 1.148025e+04
17.9 1.140808e+04 1.141084e+04 1.142587e+04 1.142312e+04
18.9 1.150976e+04 1.143918e+04 1.142212e+04 1.149271e+04
19.9 1.144329e+04 1.146094e+04 1.142158e+04 1.140394e+04
20.9 1.137254e+04 1.145751e+04 1.142276e+04 1.133779e+04
21.9 1.138365e+04 1.143771e+04 1.142448e+04 1.137043e+04
0.3 1.152552e+04 1.142807e+04 1.141957e+04 1.151702e+04
1.3 1.140548e+04 1.141797e+04 1.142311e+04 1.141063e+04
2.3 1.149086e+04 1.143310e+04 1.145257e+04 1.151033e+04
3.3 1.149462e+04 1.146529e+04 1.149392e+04 1.152325e+04
4.3 1.158183e+04 1.147163e+04 1.150007e+04 1.161027e+04
5.3 1.149718e+04 1.145128e+04 1.147685e+04 1.152274e+04
6.3 1.139485e+04 1.142460e+04 1.145159e+04 1.142183e+04
7.3 1.145144e+04 1.140603e+04 1.143483e+04 1.148025e+04
8.3 1.140808e+04 1.141084e+04 1.142587e+04 1.142312e+04
9.3 1.150976e+04 1.143918e+04 1.142212e+04 1.149271e+04
10.3 1.144329e+04 1.146094e+04 1.142158e+04 1.140394e+04
11.3 1.137254e+04 1.145751e+04 1.142276e+04 1.133779e+04
12.3 1.138365e+04 1.143771e+04 1.142448e+04 1.137043e+04
13.3 1.136735e+04 1.142351e+04 1.142606e+04 1.136990e+04
14.3 1.140404e+04 1.143936e+04 1.142721e+04 1.139189e+04
15.3 1.144196e+04 1.146851e+04 1.142793e+04 1.140137e+04
16.3 1.153286e+04 1.147493e+04 1.142834e+04 1.148626e+04
17.3 1.149870e+04 1.145611e+04 1.142854e+04 1.147114e+04
18.3 1.142232e+04 1.143006e+04 1.142864e+04 1.142090e+04
19.3 1.144467e+04 1.142344e+04 1.142869e+04 1.144991e+04
20.3 1.135413e+04 1.144206e+04 1.142870e+04 1.134078e+04
21.3 1.145532e+04 1.145784e+04 1.142871e+04 1.142619e+04
0.5 1.153870e+04 1.144852e+04 1.142875e+04 1.151893e+04
1.5 1.153792e+04 1.144413e+04 1.143621e+04 1.153000e+04
2.5 1.143861e+04 1.145952e+04 1.147120e+04 1.145028e+04
3.5 1.147321e+04 1.148881e+04 1.151557e+04 1.149997e+04
4.5 1.146390e+04 1.149603e+04 1.152450e+04 1.149237e+04
5.5 1.143952e+04 1.148191e+04 1.149627e+04 1.145389e+04
6.5 1.143375e+04 1.147402e+04 1.146245e+04 1.142218e+04
7.5 1.144504e+04 1.147717e+04 1.143894e+04 1.140681e+04
8.5 1.144040e+04 1.146909e+04 1.142608e+04 1.139739e+04
9.5 1.142808e+04 1.144637e+04 1.142051e+04 1.140223e+04
10.5 1.143215e+04 1.142082e+04 1.141945e+04 1.143078e+04
11.5 1.133176e+04 1.141508e+04 1.142080e+04 1.133748e+04
12.5 1.129964e+04 1.143320e+04 1.142299e+04 1.128942e+04
13.5 1.144014e+04 1.144372e+04 1.142506e+04 1.142149e+04
14.5 1.166245e+04 1.143599e+04 1.142661e+04 1.165308e+04
15.5 1.163145e+04 1.142098e+04 1.142761e+04 1.163808e+04
16.5 1.138354e+04 1.142413e+04 1.142817e+04 1.138759e+04
17.5 1.133548e+04 1.144314e+04 1.142847e+04 1.132081e+04
18.5 1.130708e+04 1.144862e+04 1.142861e+04 1.128707e+04
19.5 1.132836e+04 1.143638e+04 1.142867e+04 1.132065e+04
20.5 1.125917e+04 1.141780e+04 1.142870e+04 1.127006e+04
21.5 1.128684e+04 1.140323e+04 1.142871e+04 1.131232e+04
0.5 1.158140e+04 1.143096e+04 1.142875e+04 1.157919e+04
1.5 1.141200e+04 1.142554e+04 1.143621e+04 1.142267e+04
2.5 1.141455e+04 1.144405e+04 1.146665e+04 1.143715e+04
3.5 1.145387e+04 1.145770e+04 1.148391e+04 1.148008e+04
4.5 1.146392e+04 1.144783e+04 1.147219e+04 1.148827e+04
5.5 1.133177e+04 1.143130e+04 1.145730e+04 1.135777e+04
6.5 1.130930e+04 1.144397e+04 1.147349e+04 1.133882e+04
7.5 1.136215e+04 1.147880e+04 1.151077e+04 1.139412e+04
8.5 1.143942e+04 1.149189e+04 1.152241e+04 1.146995e+04
9.5 1.151488e+04 1.147618e+04 1.149633e+04 1.153503e+04
10.5 1.144628e+04 1.146970e+04 1.146222e+04 1.143880e+04
11.5 1.146629e+04 1.147509e+04 1.143812e+04 1.142932e+04
12.5 1.148905e+04 1.146523e+04 1.142512e+04 1.144893e+04
13.5 1.144092e+04 1.145239e+04 1.141964e+04 1.140817e+04
14.5 1.151341e+04 1.145083e+04 1.141869e+04 1.148127e+04
15.5 1.149785e+04 1.144863e+04 1.142016e+04 1.146939e+04
16.5 1.149671e+04 1.143461e+04 1.142250e+04 1.148459e+04
17.5 1.148712e+04 1.141460e+04 1.142472e+04 1.149724e+04
18.5 1.145285e+04 1.139964e+04 1.142640e+04 1.147960e+04
19.5 1.146888e+04 1.140102e+04 1.142748e+04 1.149535e+04
20.5 1.145637e+04 1.142781e+04 1.142811e+04 1.145667e+04
21.5 1.145598e+04 1.145785e+04 1.142844e+04 1.142657e+04
0.4 1.146392e+04 1.144783e+04 1.147219e+04 1.148827e+04
1.4 1.133177e+04 1.143130e+04 1.145730e+04 1.135777e+04
2.4 1.130930e+04 1.144397e+04 1.147349e+04 1.133882e+04
3.4 1.136215e+04 1.147880e+04 1.151077e+04 1.139412e+04
4.4 1.143942e+04 1.149189e+04 1.152241e+04 1.146995e+04
5.4 1.151488e+04 1.147618e+04 1.149633e+04 1.153503e+04
6.4 1.144628e+04 1.146970e+04 1.146222e+04 1.143880e+04
7.4 1.146629e+04 1.147509e+04 1.143812e+04 1.142932e+04
8.4 1.148905e+04 1.146523e+04 1.142512e+04 1.144893e+04
9.4 1.144092e+04 1.145239e+04 1.141964e+04 1.140817e+04
10.4 1.151341e+04 1.145083e+04 1.141869e+04 1.148127e+04
11.4 1.149785e+04 1.144863e+04 1.142016e+04 1.146939e+04
12.4 1.149671e+04 1.143461e+04 1.142250e+04 1.148459e+04
13.4 1.148712e+04 1.141460e+04 1.142472e+04 1.149724e+04
14.4 1.145285e+04 1.139964e+04 1.142640e+04 1.147960e+04
15.4 1.146888e+04 1.140102e+04 1.142748e+04 1.149535e+04
16.4 1.145637e+04 1.142781e+04 1.142811e+04 1.145667e+04
17.4 1.145598e+04 1.145785e+04 1.142844e+04 1.142657e+04
18.4 1.141147e+04 1.146770e+04 1.142859e+04 1.137236e+04
19.4 1.141224e+04 1.146487e+04 1.142867e+04 1.137603e+04
20.4 1.148003e+04 1.146799e+04 1.142870e+04 1.144074e+04
21.4 1.142230e+04 1.146876e+04 1.142871e+04 1.138224e+04
0.5 1.130599e+04 1.141366e+04 1.142875e+04 1.132108e+04
1.5 1.131768e+04 1.140548e+04 1.143621e+04 1.134841e+04
2.5 1.140859e+04 1.143250e+04 1.147081e+04 1.144690e+04
3.5 1.143816e+04 1.146465e+04 1.150410e+04 1.147761e+04
4.5 1.154326e+04 1.146556e+04 1.149826e+04 1.157595e+04
5.5 1.141294e+04 1.144356e+04 1.147122e+04 1.144061e+04
6.5 1.135219e+04 1.141906e+04 1.144711e+04 1.138024e+04
7.5 1.141566e+04 1.140214e+04 1.143223e+04 1.144575e+04
8.5 1.135403e+04 1.139308e+04 1.142465e+04 1.138560e+04
9.5 1.136516e+04 1.138953e+04 1.142180e+04 1.139743e+04
10.5 1.136446e+04 1.139525e+04 1.142180e+04 1.139101e+04
11.5 1.144730e+04 1.141719e+04 1.142319e+04 1.145330e+04
12.5 1.130846e+04 1.143723e+04 1.142492e+04 1.129615e+04
13.5 1.136993e+04 1.144051e+04 1.142640e+04 1.135581e+04
14.5 1.145138e+04 1.143188e+04 1.142743e+04 1.144693e+04
15.5 1.146156e+04 1.143928e+04 1.142806e+04 1.145034e+04
16.5 1.145953e+04 1.145348e+04 1.142840e+04 1.143446e+04
17.5 1.153518e+04 1.145109e+04 1.142858e+04 1.151266e+04
18.5 1.138175e+04 1.143387e+04 1.142866e+04 1.137655e+04
19.5 1.134937e+04 1.141434e+04 1.142869e+04 1.136371e+04
20.5 1.124820e+04 1.140069e+04 1.142871e+04 1.127621e+04
21.5 1.138274e+04 1.139354e+04 1.142871e+04 1.141792e+04
