0.7 1.588880e+03 1.600121e+03 1.608073e+03 1.596832e+03
1.7 1.719029e+03 1.604078e+03 1.611023e+03 1.725974e+03
2.7 1.618576e+03 1.616175e+03 1.620863e+03 1.623264e+03
3.7 1.693907e+03 1.627849e+03 1.630898e+03 1.696956e+03
4.7 1.633023e+03 1.627129e+03 1.630792e+03 1.636686e+03
5.7 1.633090e+03 1.617902e+03 1.622951e+03 1.638139e+03
6.7 1.589309e+03 1.610425e+03 1.614959e+03 1.593843e+03
7.7 1.592143e+03 1.607000e+03 1.609727e+03 1.594870e+03
8.7 1.619051e+03 1.607234e+03 1.606974e+03 1.618791e+03
9.7 1.579396e+03 1.607565e+03 1.605869e+03 1.577700e+03
10.7 1.612008e+03 1.602228e+03 1.605763e+03 1.615543e+03
11.7 1.568719e+03 1.599702e+03 1.606164e+03 1.575180e+03
12.7 1.630413e+03 1.603431e+03 1.606714e+03 1.633697e+03
13.7 1.609252e+03 1.606811e+03 1.607205e+03 1.609646e+03
14.7 1.641098e+03 1.602876e+03 1.607560e+03 1.645782e+03
15.7 1.510713e+03 1.599569e+03 1.607781e+03 1.518925e+03
16.7 1.617663e+03 1.600788e+03 1.607905e+03 1.624780e+03
17.7 1.575927e+03 1.604762e+03 1.607968e+03 1.579133e+03
18.7 1.590900e+03 1.618863e+03 1.607998e+03 1.580034e+03
19.7 1.651437e+03 1.638084e+03 1.608011e+03 1.621364e+03
20.7 1.640283e+03 1.639801e+03 1.608017e+03 1.608499e+03
21.7 1.668260e+03 1.633153e+03 1.608019e+03 1.643126e+03
0.9 1.617391e+03 1.602953e+03 1.608181e+03 1.622619e+03
1.9 1.653439e+03 1.607030e+03 1.612269e+03 1.658678e+03
2.9 1.590612e+03 1.617704e+03 1.622311e+03 1.595219e+03
3.9 1.602062e+03 1.620937e+03 1.627225e+03 1.608351e+03
4.9 1.682649e+03 1.612143e+03 1.622924e+03 1.693430e+03
5.9 1.620327e+03 1.605376e+03 1.616066e+03 1.631016e+03
6.9 1.671812e+03 1.603361e+03 1.610945e+03 1.679396e+03
7.9 1.623619e+03 1.601411e+03 1.608019e+03 1.630228e+03
8.9 1.628483e+03 1.600849e+03 1.606644e+03 1.634278e+03
9.9 1.602336e+03 1.603802e+03 1.606249e+03 1.604783e+03
10.9 1.660501e+03 1.607611e+03 1.606415e+03 1.659304e+03
11.9 1.593878e+03 1.607195e+03 1.606814e+03 1.593497e+03
12.9 1.630129e+03 1.605139e+03 1.607229e+03 1.632220e+03
13.9 1.584401e+03 1.604953e+03 1.607555e+03 1.587003e+03
14.9 1.668389e+03 1.605548e+03 1.607770e+03 1.670611e+03
15.9 1.634831e+03 1.604119e+03 1.607896e+03 1.638609e+03
16.9 1.615561e+03 1.602698e+03 1.607963e+03 1.620826e+03
17.9 1.614785e+03 1.603545e+03 1.607995e+03 1.619234e+03
18.9 1.648884e+03 1.606041e+03 1.608010e+03 1.650852e+03
19.9 1.671298e+03 1.606730e+03 1.608016e+03 1.672584e+03
20.9 1.604016e+03 1.604760e+03 1.608019e+03 1.607275e+03
21.9 1.624156e+03 1.604133e+03 1.608020e+03 1.628042e+03
0.1 1.591411e+03 1.633333e+03 1.608020e+03 1.566098e+03
1.1 1.628380e+03 1.618331e+03 1.608402e+03 1.618451e+03
2.1 1.671641e+03 1.614392e+03 1.613739e+03 1.670988e+03
3.1 1.684576e+03 1.621024e+03 1.624908e+03 1.688460e+03
4.1 1.568841e+03 1.626228e+03 1.632195e+03 1.574808e+03
5.1 1.664814e+03 1.620330e+03 1.628533e+03 1.673017e+03
6.1 1.606479e+03 1.612039e+03 1.619973e+03 1.614412e+03
7.1 1.590453e+03 1.607628e+03 1.612837e+03 1.595662e+03
8.1 1.627457e+03 1.603512e+03 1.608547e+03 1.632492e+03
9.1 1.567172e+03 1.601086e+03 1.606446e+03 1.572533e+03
10.1 1.630919e+03 1.602347e+03 1.605748e+03 1.634320e+03
11.1 1.574392e+03 1.614461e+03 1.605864e+03 1.565795e+03
12.1 1.656012e+03 1.634355e+03 1.606349e+03 1.628006e+03
13.1 1.621872e+03 1.638461e+03 1.606895e+03 1.590306e+03
14.1 1.610909e+03 1.626934e+03 1.607343e+03 1.591318e+03
15.1 1.650823e+03 1.615456e+03 1.607649e+03 1.643017e+03
16.1 1.659073e+03 1.609962e+03 1.607832e+03 1.656943e+03
17.1 1.630724e+03 1.606768e+03 1.607932e+03 1.631888e+03
18.1 1.605098e+03 1.602733e+03 1.607981e+03 1.610347e+03
19.1 1.564369e+03 1.601221e+03 1.608004e+03 1.571151e+03
20.1 1.591050e+03 1.602510e+03 1.608013e+03 1.596554e+03
21.1 1.623292e+03 1.605595e+03 1.608018e+03 1.625715e+03
0.1 1.539669e+03 1.607623e+03 1.608020e+03 1.540066e+03
1.1 1.609835e+03 1.605312e+03 1.608509e+03 1.613032e+03
2.1 1.634175e+03 1.610426e+03 1.614274e+03 1.638023e+03
3.1 1.533394e+03 1.622350e+03 1.625555e+03 1.536599e+03
4.1 1.623132e+03 1.628750e+03 1.632268e+03 1.626650e+03
5.1 1.689062e+03 1.620576e+03 1.628093e+03 1.696578e+03
6.1 1.546469e+03 1.619547e+03 1.619494e+03 1.546416e+03
7.1 1.632743e+03 1.626012e+03 1.612518e+03 1.619249e+03
8.1 1.609284e+03 1.618999e+03 1.608377e+03 1.598661e+03
9.1 1.671008e+03 1.609349e+03 1.606375e+03 1.668034e+03
10.1 1.585341e+03 1.613082e+03 1.605737e+03 1.577996e+03
11.1 1.675653e+03 1.624470e+03 1.605885e+03 1.657069e+03
12.1 1.586843e+03 1.620308e+03 1.606381e+03 1.572916e+03
13.1 1.576933e+03 1.610294e+03 1.606925e+03 1.573564e+03
14.1 1.518928e+03 1.605257e+03 1.607365e+03 1.521035e+03
15.1 1.512094e+03 1.604088e+03 1.607663e+03 1.515668e+03
16.1 1.584402e+03 1.601320e+03 1.607840e+03 1.590923e+03
17.1 1.575452e+03 1.596732e+03 1.607935e+03 1.586656e+03
18.1 1.605221e+03 1.598234e+03 1.607983e+03 1.614969e+03
19.1 1.648397e+03 1.603469e+03 1.608004e+03 1.652933e+03
20.1 1.598176e+03 1.605947e+03 1.608014e+03 1.600243e+03
21.1 1.536962e+03 1.604724e+03 1.608018e+03 1.540256e+03
1.0 1.629087e+03 1.604649e+03 1.608312e+03 1.632751e+03
2.0 1.529335e+03 1.610381e+03 1.613225e+03 1.532179e+03
3.0 1.621739e+03 1.621320e+03 1.623371e+03 1.623790e+03
4.0 1.571614e+03 1.624164e+03 1.627106e+03 1.574556e+03
5.0 1.617513e+03 1.617232e+03 1.622142e+03 1.622424e+03
6.0 1.579941e+03 1.611176e+03 1.616047e+03 1.584812e+03
7.0 1.676653e+03 1.614023e+03 1.617599e+03 1.680229e+03
8.0 1.673673e+03 1.622240e+03 1.624745e+03 1.676178e+03
9.0 1.632615e+03 1.621575e+03 1.625145e+03 1.636185e+03
10.0 1.624110e+03 1.613891e+03 1.618964e+03 1.629183e+03
11.0 1.655702e+03 1.608071e+03 1.612634e+03 1.660264e+03
12.0 1.588548e+03 1.605458e+03 1.608660e+03 1.591750e+03
13.0 1.616418e+03 1.604593e+03 1.606729e+03 1.618555e+03
14.0 1.626365e+03 1.606920e+03 1.608465e+03 1.627910e+03
15.0 1.624629e+03 1.614759e+03 1.616142e+03 1.626013e+03
16.0 1.583368e+03 1.616613e+03 1.619692e+03 1.586447e+03
17.0 1.608847e+03 1.611807e+03 1.616771e+03 1.613811e+03
18.0 1.635247e+03 1.607832e+03 1.612457e+03 1.639872e+03
19.0 1.630081e+03 1.606150e+03 1.609398e+03 1.633328e+03
20.0 1.607059e+03 1.604141e+03 1.607708e+03 1.610626e+03
21.0 1.613217e+03 1.601873e+03 1.606946e+03 1.618289e+03
22.0 1.640137e+03 1.602046e+03 1.606770e+03 1.644861e+03
0.2 1.617513e+03 1.617232e+03 1.622142e+03 1.622424e+03
1.2 1.579941e+03 1.611176e+03 1.616047e+03 1.584812e+03
2.2 1.676653e+03 1.614023e+03 1.617599e+03 1.680229e+03
3.2 1.673673e+03 1.622240e+03 1.624745e+03 1.676178e+03
4.2 1.632615e+03 1.621575e+03 1.625145e+03 1.636185e+03
5.2 1.624110e+03 1.613891e+03 1.618964e+03 1.629183e+03
6.2 1.655702e+03 1.608071e+03 1.612634e+03 1.660264e+03
7.2 1.588548e+03 1.605458e+03 1.608660e+03 1.591750e+03
8.2 1.616418e+03 1.604593e+03 1.606729e+03 1.618555e+03
9.2 1.626365e+03 1.606920e+03 1.608465e+03 1.627910e+03
10.2 1.624629e+03 1.614759e+03 1.616142e+03 1.626013e+03
11.2 1.583368e+03 1.616613e+03 1.619692e+03 1.586447e+03
12.2 1.608847e+03 1.611807e+03 1.616771e+03 1.613811e+03
13.2 1.635247e+03 1.607832e+03 1.612457e+03 1.639872e+03
14.2 1.630081e+03 1.606150e+03 1.609398e+03 1.633328e+03
15.2 1.607059e+03 1.604141e+03 1.607708e+03 1.610626e+03
16.2 1.613217e+03 1.601873e+03 1.606946e+03 1.618289e+03
17.2 1.640137e+03 1.602046e+03 1.606770e+03 1.644861e+03
18.2 1.626104e+03 1.603723e+03 1.606928e+03 1.629309e+03
19.2 1.556745e+03 1.605375e+03 1.607217e+03 1.558587e+03
20.2 1.635610e+03 1.605479e+03 1.607502e+03 1.637633e+03
21.2 1.664812e+03 1.605817e+03 1.607719e+03 1.666715e+03
0.6 1.616418e+03 1.604593e+03 1.606729e+03 1.618555e+03
1.6 1.626365e+03 1.606920e+03 1.608465e+03 1.627910e+03
2.6 1.624629e+03 1.614759e+03 1.616142e+03 1.626013e+03
3.6 1.583368e+03 1.616613e+03 1.619692e+03 1.586447e+03
4.6 1.608847e+03 1.611807e+03 1.616771e+03 1.613811e+03
5.6 1.635247e+03 1.607832e+03 1.612457e+03 1.639872e+03
6.6 1.630081e+03 1.606150e+03 1.609398e+03 1.633328e+03
7.6 1.607059e+03 1.604141e+03 1.607708e+03 1.610626e+03
8.6 1.613217e+03 1.601873e+03 1.606946e+03 1.618289e+03
9.6 1.640137e+03 1.602046e+03 1.606770e+03 1.644861e+03
10.6 1.626104e+03 1.603723e+03 1.606928e+03 1.629309e+03
11.6 1.556745e+03 1.605375e+03 1.607217e+03 1.558587e+03
12.6 1.635610e+03 1.605479e+03 1.607502e+03 1.637633e+03
13.6 1.664812e+03 1.605817e+03 1.607719e+03 1.666715e+03
14.6 1.580915e+03 1.619495e+03 1.607861e+03 1.569281e+03
15.6 1.615077e+03 1.637548e+03 1.607942e+03 1.585471e+03
16.6 1.636954e+03 1.636868e+03 1.607984e+03 1.608070e+03
17.6 1.581900e+03 1.624873e+03 1.608004e+03 1.565031e+03
18.6 1.622556e+03 1.614503e+03 1.608014e+03 1.616066e+03
19.6 1.585002e+03 1.603468e+03 1.608018e+03 1.589551e+03
20.6 1.604032e+03 1.597026e+03 1.608019e+03 1.615025e+03
21.6 1.594703e+03 1.597257e+03 1.608020e+03 1.605466e+03
0.7 1.535782e+03 1.606301e+03 1.608073e+03 1.537553e+03
1.7 1.635484e+03 1.603639e+03 1.611023e+03 1.642869e+03
2.7 1.631083e+03 1.612527e+03 1.620573e+03 1.639129e+03
3.7 1.603003e+03 1.619607e+03 1.627151e+03 1.610548e+03
4.7 1.505993e+03 1.613216e+03 1.624040e+03 1.516817e+03
5.7 1.597181e+03 1.606149e+03 1.617173e+03 1.608204e+03
6.7 1.604947e+03 1.604002e+03 1.611654e+03 1.612599e+03
7.7 1.563394e+03 1.604238e+03 1.608392e+03 1.567548e+03
8.7 1.616958e+03 1.604980e+03 1.606797e+03 1.618774e+03
9.7 1.607802e+03 1.605263e+03 1.606267e+03 1.608806e+03
10.7 1.538670e+03 1.603462e+03 1.606362e+03 1.541571e+03
11.7 1.577492e+03 1.602534e+03 1.606740e+03 1.581698e+03
12.7 1.585711e+03 1.603532e+03 1.607163e+03 1.589342e+03
13.7 1.613689e+03 1.604932e+03 1.607507e+03 1.616265e+03
14.7 1.579516e+03 1.605907e+03 1.607741e+03 1.581349e+03
15.7 1.612926e+03 1.606444e+03 1.607880e+03 1.614361e+03
16.7 1.575199e+03 1.607189e+03 1.607954e+03 1.575965e+03
17.7 1.669366e+03 1.608717e+03 1.607991e+03 1.668639e+03
18.7 1.589212e+03 1.605432e+03 1.608008e+03 1.591788e+03
19.7 1.605826e+03 1.600206e+03 1.608019e+03 1.613639e+03
20.7 1.546538e+03 1.601446e+03 1.609602e+03 1.554694e+03
21.7 1.598662e+03 1.612025e+03 1.617806e+03 1.604443e+03
0.5 1.605826e+03 1.600206e+03 1.608019e+03 1.613639e+03
1.5 1.546538e+03 1.601446e+03 1.609602e+03 1.554694e+03
2.5 1.598662e+03 1.612025e+03 1.617806e+03 1.604443e+03
3.5 1.659421e+03 1.622549e+03 1.626430e+03 1.663302e+03
4.5 1.579317e+03 1.620844e+03 1.625510e+03 1.583983e+03
5.5 1.634698e+03 1.613712e+03 1.618924e+03 1.639910e+03
6.5 1.567430e+03 1.608776e+03 1.612847e+03 1.571500e+03
7.5 1.543213e+03 1.606406e+03 1.609043e+03 1.545850e+03
8.5 1.549417e+03 1.605370e+03 1.607085e+03 1.551131e+03
9.5 1.632228e+03 1.605060e+03 1.606339e+03 1.633507e+03
10.5 1.658762e+03 1.607159e+03 1.608293e+03 1.659896e+03
11.5 1.596405e+03 1.614828e+03 1.616120e+03 1.597698e+03
12.5 1.572383e+03 1.615292e+03 1.620387e+03 1.577478e+03
13.5 1.593074e+03 1.607852e+03 1.617714e+03 1.602936e+03
14.5 1.583738e+03 1.603753e+03 1.613193e+03 1.593177e+03
15.5 1.635710e+03 1.603562e+03 1.609848e+03 1.641995e+03
16.5 1.623016e+03 1.605458e+03 1.607948e+03 1.625505e+03
17.5 1.582773e+03 1.607231e+03 1.607054e+03 1.582596e+03
18.5 1.544283e+03 1.605524e+03 1.606801e+03 1.545561e+03
19.5 1.580095e+03 1.604048e+03 1.606921e+03 1.582968e+03
20.5 1.613933e+03 1.605072e+03 1.607197e+03 1.616058e+03
21.5 1.612345e+03 1.607703e+03 1.607482e+03 1.612125e+03
0.5 1.632228e+03 1.605060e+03 1.606339e+03 1.633507e+03
1.5 1.658762e+03 1.607159e+03 1.608293e+03 1.659896e+03
2.5 1.596405e+03 1.614828e+03 1.616120e+03 1.597698e+03
3.5 1.572383e+03 1.615292e+03 1.620387e+03 1.577478e+03
4.5 1.593074e+03 1.607852e+03 1.617714e+03 1.602936e+03
5.5 1.583738e+03 1.603753e+03 1.613193e+03 1.593177e+03
6.5 1.635710e+03 1.603562e+03 1.609848e+03 1.641995e+03
7.5 1.623016e+03 1.605458e+03 1.607948e+03 1.625505e+03
8.5 1.582773e+03 1.607231e+03 1.607054e+03 1.582596e+03
9.5 1.544283e+03 1.605524e+03 1.606801e+03 1.545561e+03
10.5 1.580095e+03 1.604048e+03 1.606921e+03 1.582968e+03
11.5 1.613933e+03 1.605072e+03 1.607197e+03 1.616058e+03
12.5 1.612345e+03 1.607703e+03 1.607482e+03 1.612125e+03
13.5 1.635133e+03 1.609551e+03 1.607705e+03 1.633287e+03
14.5 1.609019e+03 1.607540e+03 1.607851e+03 1.609331e+03
15.5 1.551589e+03 1.604925e+03 1.607937e+03 1.554601e+03
16.5 1.635298e+03 1.605603e+03 1.607981e+03 1.637677e+03
17.5 1.612953e+03 1.606264e+03 1.608003e+03 1.614693e+03
18.5 1.600045e+03 1.601406e+03 1.608013e+03 1.606652e+03
19.5 1.563998e+03 1.598923e+03 1.608017e+03 1.573092e+03
20.5 1.611039e+03 1.600733e+03 1.608019e+03 1.618325e+03
21.5 1.623726e+03 1.603444e+03 1.608020e+03 1.628302e+03
