0.3 1.204857e+04 1.202825e+04 1.201934e+04 1.203966e+04
1.3 1.203751e+04 1.201832e+04 1.202134e+04 1.204052e+04
2.3 1.203953e+04 1.202401e+04 1.203548e+04 1.205100e+04
3.3 1.214505e+04 1.204154e+04 1.205764e+04 1.216115e+04
4.3 1.207031e+04 1.204873e+04 1.206648e+04 1.208806e+04
5.3 1.207070e+04 1.203820e+04 1.205526e+04 1.208777e+04
6.3 1.200205e+04 1.202228e+04 1.203855e+04 1.201832e+04
7.3 1.198231e+04 1.201015e+04 1.202607e+04 1.199823e+04
8.3 1.203735e+04 1.200328e+04 1.201898e+04 1.205304e+04
9.3 1.206651e+04 1.200025e+04 1.201572e+04 1.208198e+04
10.3 1.204187e+04 1.199966e+04 1.201494e+04 1.205715e+04
11.3 1.199549e+04 1.200570e+04 1.202084e+04 1.201063e+04
12.3 1.204899e+04 1.202520e+04 1.204024e+04 1.206402e+04
13.3 1.203793e+04 1.203995e+04 1.205459e+04 1.205258e+04
14.3 1.207448e+04 1.203627e+04 1.204979e+04 1.208801e+04
15.3 1.202265e+04 1.202798e+04 1.204112e+04 1.203579e+04
16.3 1.203022e+04 1.203172e+04 1.204550e+04 1.204400e+04
17.3 1.207829e+04 1.202774e+04 1.204662e+04 1.209717e+04
18.3 1.208312e+04 1.201242e+04 1.203735e+04 1.210805e+04
19.3 1.203273e+04 1.200510e+04 1.202678e+04 1.205441e+04
20.3 1.199684e+04 1.201781e+04 1.202000e+04 1.199904e+04
21.3 1.204594e+04 1.203977e+04 1.201680e+04 1.202297e+04
0.7 1.204187e+04 1.199966e+04 1.201494e+04 1.205715e+04
1.7 1.199549e+04 1.200570e+04 1.202084e+04 1.201063e+04
2.7 1.204899e+04 1.202520e+04 1.204024e+04 1.206402e+04
3.7 1.203793e+04 1.203995e+04 1.205459e+04 1.205258e+04
4.7 1.207448e+04 1.203627e+04 1.204979e+04 1.208801e+04
5.7 1.202265e+04 1.202798e+04 1.204112e+04 1.203579e+04
6.7 1.203022e+04 1.203172e+04 1.204550e+04 1.204400e+04
7.7 1.207829e+04 1.202774e+04 1.204662e+04 1.209717e+04
8.7 1.208312e+04 1.201242e+04 1.203735e+04 1.210805e+04
9.7 1.203273e+04 1.200510e+04 1.202678e+04 1.205441e+04
10.7 1.199684e+04 1.201781e+04 1.202000e+04 1.199904e+04
11.7 1.204594e+04 1.203977e+04 1.201680e+04 1.202297e+04
12.7 1.212680e+04 1.204417e+04 1.201578e+04 1.209841e+04
13.7 1.205485e+04 1.202999e+04 1.201592e+04 1.204077e+04
14.7 1.203133e+04 1.203587e+04 1.201661e+04 1.201207e+04
15.7 1.202743e+04 1.206021e+04 1.201743e+04 1.198465e+04
16.7 1.205521e+04 1.206510e+04 1.201814e+04 1.200826e+04
17.7 1.202149e+04 1.204039e+04 1.201866e+04 1.199976e+04
18.7 1.199333e+04 1.201590e+04 1.201898e+04 1.199641e+04
19.7 1.198573e+04 1.200435e+04 1.201917e+04 1.200054e+04
20.7 1.200303e+04 1.201030e+04 1.201926e+04 1.201199e+04
21.7 1.207262e+04 1.202789e+04 1.201931e+04 1.206404e+04
0.6 1.207448e+04 1.203627e+04 1.204979e+04 1.208801e+04
1.6 1.202265e+04 1.202798e+04 1.204112e+04 1.203579e+04
2.6 1.203022e+04 1.203172e+04 1.204550e+04 1.204400e+04
3.6 1.207829e+04 1.202774e+04 1.204662e+04 1.209717e+04
4.6 1.208312e+04 1.201242e+04 1.203735e+04 1.210805e+04
5.6 1.203273e+04 1.200510e+04 1.202678e+04 1.205441e+04
6.6 1.199684e+04 1.201781e+04 1.202000e+04 1.199904e+04
7.6 1.204594e+04 1.203977e+04 1.201680e+04 1.202297e+04
8.6 1.212680e+04 1.204417e+04 1.201578e+04 1.209841e+04
9.6 1.205485e+04 1.202999e+04 1.201592e+04 1.204077e+04
10.6 1.203133e+04 1.203587e+04 1.201661e+04 1.201207e+04
11.6 1.202743e+04 1.206021e+04 1.201743e+04 1.198465e+04
12.6 1.205521e+04 1.206510e+04 1.201814e+04 1.200826e+04
13.6 1.202149e+04 1.204039e+04 1.201866e+04 1.199976e+04
14.6 1.199333e+04 1.201590e+04 1.201898e+04 1.199641e+04
15.6 1.198573e+04 1.200435e+04 1.201917e+04 1.200054e+04
16.6 1.200303e+04 1.201030e+04 1.201926e+04 1.201199e+04
17.6 1.207262e+04 1.202789e+04 1.201931e+04 1.206404e+04
18.6 1.208239e+04 1.203799e+04 1.201933e+04 1.206373e+04
19.6 1.204745e+04 1.203229e+04 1.201934e+04 1.203450e+04
20.6 1.199418e+04 1.202037e+04 1.201934e+04 1.199315e+04
21.6 1.201425e+04 1.201606e+04 1.201934e+04 1.201753e+04
0.2 1.191812e+04 1.201051e+04 1.201934e+04 1.192695e+04
1.2 1.202847e+04 1.200504e+04 1.202082e+04 1.204426e+04
2.2 1.200421e+04 1.201486e+04 1.203372e+04 1.202307e+04
3.2 1.197419e+04 1.203316e+04 1.205302e+04 1.199405e+04
4.2 1.209270e+04 1.203184e+04 1.205616e+04 1.211702e+04
5.2 1.203339e+04 1.202239e+04 1.205090e+04 1.206189e+04
6.2 1.202605e+04 1.202607e+04 1.205300e+04 1.205297e+04
7.2 1.202156e+04 1.202037e+04 1.204831e+04 1.204950e+04
8.2 1.200440e+04 1.200750e+04 1.203605e+04 1.203296e+04
9.2 1.196695e+04 1.200060e+04 1.202507e+04 1.199141e+04
10.2 1.200486e+04 1.199925e+04 1.201863e+04 1.202425e+04
11.2 1.206259e+04 1.200027e+04 1.201585e+04 1.207816e+04
12.2 1.205282e+04 1.200932e+04 1.201521e+04 1.205871e+04
13.2 1.201422e+04 1.202986e+04 1.201566e+04 1.200003e+04
14.2 1.202445e+04 1.204080e+04 1.201656e+04 1.200020e+04
15.2 1.203558e+04 1.203728e+04 1.201748e+04 1.201578e+04
16.2 1.201583e+04 1.204058e+04 1.201821e+04 1.199347e+04
17.2 1.206619e+04 1.204621e+04 1.201872e+04 1.203869e+04
18.2 1.201173e+04 1.203208e+04 1.201902e+04 1.199868e+04
19.2 1.201946e+04 1.201421e+04 1.201919e+04 1.202444e+04
20.2 1.199122e+04 1.201556e+04 1.201927e+04 1.199493e+04
21.2 1.204051e+04 1.202722e+04 1.201931e+04 1.203261e+04
0.8 1.209270e+04 1.203184e+04 1.205616e+04 1.211702e+04
1.8 1.203339e+04 1.202239e+04 1.205090e+04 1.206189e+04
2.8 1.202605e+04 1.202607e+04 1.205300e+04 1.205297e+04
3.8 1.202156e+04 1.202037e+04 1.204831e+04 1.204950e+04
4.8 1.200440e+04 1.200750e+04 1.203605e+04 1.203296e+04
5.8 1.196695e+04 1.200060e+04 1.202507e+04 1.199141e+04
6.8 1.200486e+04 1.199925e+04 1.201863e+04 1.202425e+04
7.8 1.206259e+04 1.200027e+04 1.201585e+04 1.207816e+04
8.8 1.205282e+04 1.200932e+04 1.201521e+04 1.205871e+04
9.8 1.201422e+04 1.202986e+04 1.201566e+04 1.200003e+04
10.8 1.202445e+04 1.204080e+04 1.201656e+04 1.200020e+04
11.8 1.203558e+04 1.203728e+04 1.201748e+04 1.201578e+04
12.8 1.201583e+04 1.204058e+04 1.201821e+04 1.199347e+04
13.8 1.206619e+04 1.204621e+04 1.201872e+04 1.203869e+04
14.8 1.201173e+04 1.203208e+04 1.201902e+04 1.199868e+04
15.8 1.201946e+04 1.201421e+04 1.201919e+04 1.202444e+04
16.8 1.199122e+04 1.201556e+04 1.201927e+04 1.199493e+04
17.8 1.204051e+04 1.202722e+04 1.201931e+04 1.203261e+04
18.8 1.206533e+04 1.202251e+04 1.201933e+04 1.206215e+04
19.8 1.208011e+04 1.201664e+04 1.201934e+04 1.208280e+04
20.8 1.201843e+04 1.203006e+04 1.201934e+04 1.200771e+04
21.8 1.204420e+04 1.204526e+04 1.201934e+04 1.201828e+04
0.6 1.198394e+04 1.202643e+04 1.201937e+04 1.197688e+04
1.6 1.194184e+04 1.201340e+04 1.202353e+04 1.195197e+04
2.6 1.198420e+04 1.202306e+04 1.204109e+04 1.200223e+04
3.6 1.202298e+04 1.204119e+04 1.206222e+04 1.204401e+04
4.6 1.207499e+04 1.204068e+04 1.206563e+04 1.209994e+04
5.6 1.207081e+04 1.202150e+04 1.205155e+04 1.210085e+04
6.6 1.196750e+04 1.200729e+04 1.203522e+04 1.199543e+04
7.6 1.199046e+04 1.201150e+04 1.202399e+04 1.200296e+04
8.6 1.196843e+04 1.203152e+04 1.201789e+04 1.195480e+04
9.6 1.206239e+04 1.204478e+04 1.201529e+04 1.203290e+04
10.6 1.205404e+04 1.203310e+04 1.201484e+04 1.203578e+04
11.6 1.199317e+04 1.202689e+04 1.201552e+04 1.198181e+04
12.6 1.203233e+04 1.203708e+04 1.201659e+04 1.201185e+04
13.6 1.208623e+04 1.202959e+04 1.201760e+04 1.207424e+04
14.6 1.200783e+04 1.201293e+04 1.201834e+04 1.201324e+04
15.6 1.198346e+04 1.200397e+04 1.201977e+04 1.199927e+04
16.6 1.192512e+04 1.201188e+04 1.203127e+04 1.194451e+04
17.6 1.194174e+04 1.203092e+04 1.205100e+04 1.196182e+04
18.6 1.200902e+04 1.203208e+04 1.205601e+04 1.203294e+04
19.6 1.197314e+04 1.201681e+04 1.204528e+04 1.200161e+04
20.6 1.189774e+04 1.200731e+04 1.203232e+04 1.192275e+04
21.6 1.195311e+04 1.201412e+04 1.202340e+04 1.196239e+04
0.1 1.200783e+04 1.201293e+04 1.201834e+04 1.201324e+04
1.1 1.198346e+04 1.200397e+04 1.201977e+04 1.199927e+04
2.1 1.192512e+04 1.201188e+04 1.203127e+04 1.194451e+04
3.1 1.194174e+04 1.203092e+04 1.205100e+04 1.196182e+04
4.1 1.200902e+04 1.203208e+04 1.205601e+04 1.203294e+04
5.1 1.197314e+04 1.201681e+04 1.204528e+04 1.200161e+04
6.1 1.189774e+04 1.200731e+04 1.203232e+04 1.192275e+04
7.1 1.195311e+04 1.201412e+04 1.202340e+04 1.196239e+04
8.1 1.203233e+04 1.201968e+04 1.201851e+04 1.203117e+04
9.1 1.196853e+04 1.201046e+04 1.201635e+04 1.197443e+04
10.1 1.202756e+04 1.200223e+04 1.201589e+04 1.204122e+04
11.1 1.205318e+04 1.200290e+04 1.201637e+04 1.206664e+04
12.1 1.198910e+04 1.201541e+04 1.201718e+04 1.199088e+04
13.1 1.201331e+04 1.201929e+04 1.201796e+04 1.201199e+04
14.1 1.201355e+04 1.200976e+04 1.201855e+04 1.202234e+04
15.1 1.202673e+04 1.200295e+04 1.201892e+04 1.204270e+04
16.1 1.201273e+04 1.200141e+04 1.201914e+04 1.203046e+04
17.1 1.206308e+04 1.200180e+04 1.201925e+04 1.208053e+04
18.1 1.201433e+04 1.200246e+04 1.201930e+04 1.203117e+04
19.1 1.206218e+04 1.200526e+04 1.201932e+04 1.207624e+04
20.1 1.207883e+04 1.202457e+04 1.201933e+04 1.207359e+04
21.1 1.205480e+04 1.205231e+04 1.201934e+04 1.202183e+04
0.1 1.214874e+04 1.204760e+04 1.201934e+04 1.212047e+04
1.1 1.204676e+04 1.204052e+04 1.202018e+04 1.202642e+04
2.1 1.199656e+04 1.203530e+04 1.203057e+04 1.199184e+04
3.1 1.200813e+04 1.203613e+04 1.204388e+04 1.201588e+04
4.1 1.193871e+04 1.202902e+04 1.204315e+04 1.195284e+04
5.1 1.201066e+04 1.201753e+04 1.203469e+04 1.202781e+04
6.1 1.203377e+04 1.201685e+04 1.203538e+04 1.205231e+04
7.1 1.208897e+04 1.202600e+04 1.204446e+04 1.210742e+04
8.1 1.204229e+04 1.202595e+04 1.204270e+04 1.205904e+04
9.1 1.211444e+04 1.202130e+04 1.203306e+04 1.212619e+04
10.1 1.207858e+04 1.202996e+04 1.202444e+04 1.207306e+04
11.1 1.204701e+04 1.204631e+04 1.201940e+04 1.202010e+04
12.1 1.205480e+04 1.204883e+04 1.201708e+04 1.202306e+04
13.1 1.198233e+04 1.204072e+04 1.201638e+04 1.195799e+04
14.1 1.197673e+04 1.204914e+04 1.201658e+04 1.194417e+04
15.1 1.203323e+04 1.206884e+04 1.201719e+04 1.198159e+04
16.1 1.205472e+04 1.206561e+04 1.201788e+04 1.200699e+04
17.1 1.204151e+04 1.203716e+04 1.201845e+04 1.202280e+04
18.1 1.201787e+04 1.201341e+04 1.201885e+04 1.202331e+04
19.1 1.198413e+04 1.201093e+04 1.201909e+04 1.199229e+04
20.1 1.197769e+04 1.202618e+04 1.201922e+04 1.197073e+04
21.1 1.202469e+04 1.202904e+04 1.201929e+04 1.201493e+04
1.0 1.201066e+04 1.201753e+04 1.203469e+04 1.202781e+04
2.0 1.203377e+04 1.201685e+04 1.203538e+04 1.205231e+04
3.0 1.208897e+04 1.202600e+04 1.204446e+04 1.210742e+04
4.0 1.204229e+04 1.202595e+04 1.204270e+04 1.205904e+04
5.0 1.211444e+04 1.202130e+04 1.203306e+04 1.212619e+04
6.0 1.207858e+04 1.202996e+04 1.202444e+04 1.207306e+04
7.0 1.204701e+04 1.204631e+04 1.201940e+04 1.202010e+04
8.0 1.205480e+04 1.204883e+04 1.201708e+04 1.202306e+04
9.0 1.198233e+04 1.204072e+04 1.201638e+04 1.195799e+04
10.0 1.197673e+04 1.204914e+04 1.201658e+04 1.194417e+04
11.0 1.203323e+04 1.206884e+04 1.201719e+04 1.198159e+04
12.0 1.205472e+04 1.206561e+04 1.201788e+04 1.200699e+04
13.0 1.204151e+04 1.203716e+04 1.201845e+04 1.202280e+04
14.0 1.201787e+04 1.201341e+04 1.201885e+04 1.202331e+04
15.0 1.198413e+04 1.201093e+04 1.201909e+04 1.199229e+04
16.0 1.197769e+04 1.202618e+04 1.201922e+04 1.197073e+04
17.0 1.202469e+04 1.202904e+04 1.201929e+04 1.201493e+04
18.0 1.213221e+04 1.201461e+04 1.201932e+04 1.213691e+04
19.0 1.217894e+04 1.200476e+04 1.201933e+04 1.219352e+04
20.0 1.204817e+04 1.201336e+04 1.201934e+04 1.205415e+04
21.0 1.194564e+04 1.203178e+04 1.201934e+04 1.193320e+04
22.0 1.188328e+04 1.203064e+04 1.201934e+04 1.187199e+04
0.4 1.202149e+04 1.204633e+04 1.201934e+04 1.199450e+04
1.4 1.209645e+04 1.203083e+04 1.202174e+04 1.208736e+04
2.4 1.203612e+04 1.202842e+04 1.203663e+04 1.204433e+04
3.4 1.199555e+04 1.203773e+04 1.205475e+04 1.201258e+04
4.4 1.198949e+04 1.202989e+04 1.205489e+04 1.201449e+04
5.4 1.199388e+04 1.202438e+04 1.204234e+04 1.201184e+04
6.4 1.207158e+04 1.203568e+04 1.202993e+04 1.206583e+04
7.4 1.210211e+04 1.203629e+04 1.202195e+04 1.208777e+04
8.4 1.207073e+04 1.202473e+04 1.201776e+04 1.206376e+04
9.4 1.201705e+04 1.201268e+04 1.201607e+04 1.202043e+04
10.4 1.205382e+04 1.200530e+04 1.201590e+04 1.206442e+04
11.4 1.209778e+04 1.201053e+04 1.201651e+04 1.210376e+04
12.4 1.206175e+04 1.203761e+04 1.201735e+04 1.204150e+04
13.4 1.207398e+04 1.206606e+04 1.201811e+04 1.202602e+04
14.4 1.205913e+04 1.206709e+04 1.201865e+04 1.201068e+04
15.4 1.214055e+04 1.205220e+04 1.201898e+04 1.210733e+04
16.4 1.212255e+04 1.204859e+04 1.201917e+04 1.209313e+04
17.4 1.205896e+04 1.204673e+04 1.201926e+04 1.203149e+04
18.4 1.200804e+04 1.203382e+04 1.201931e+04 1.199353e+04
19.4 1.196029e+04 1.201764e+04 1.201933e+04 1.196198e+04
20.4 1.196875e+04 1.200617e+04 1.201934e+04 1.198192e+04
21.4 1.199704e+04 1.200401e+04 1.201934e+04 1.201236e+04
