0.8 1.194350e+04 1.201456e+04 1.201733e+04 1.194627e+04
1.8 1.202050e+04 1.201593e+04 1.202767e+04 1.203224e+04
2.8 1.199731e+04 1.203423e+04 1.204974e+04 1.201282e+04
3.8 1.204886e+04 1.203301e+04 1.205462e+04 1.207047e+04
4.8 1.205282e+04 1.201756e+04 1.204297e+04 1.207823e+04
5.8 1.202475e+04 1.200682e+04 1.202972e+04 1.204765e+04
6.8 1.203456e+04 1.200253e+04 1.202085e+04 1.205288e+04
7.8 1.189913e+04 1.200600e+04 1.201605e+04 1.190918e+04
8.8 1.206241e+04 1.202423e+04 1.201394e+04 1.205212e+04
9.8 1.204354e+04 1.204520e+04 1.201352e+04 1.201186e+04
10.8 1.208000e+04 1.204358e+04 1.201402e+04 1.205044e+04
11.8 1.211676e+04 1.202379e+04 1.201485e+04 1.210782e+04
12.8 1.205651e+04 1.200967e+04 1.201564e+04 1.206247e+04
13.8 1.204927e+04 1.201434e+04 1.201622e+04 1.205115e+04
14.8 1.201285e+04 1.203187e+04 1.201659e+04 1.199758e+04
15.8 1.204829e+04 1.203734e+04 1.201680e+04 1.202776e+04
16.8 1.204857e+04 1.202825e+04 1.201691e+04 1.203723e+04
17.8 1.203751e+04 1.201832e+04 1.201696e+04 1.203614e+04
18.8 1.203953e+04 1.202401e+04 1.201698e+04 1.203250e+04
19.8 1.214505e+04 1.204154e+04 1.201699e+04 1.212051e+04
20.8 1.207031e+04 1.204873e+04 1.201700e+04 1.203858e+04
21.8 1.207070e+04 1.203820e+04 1.201700e+04 1.204951e+04
0.4 1.212680e+04 1.204417e+04 1.201701e+04 1.209964e+04
1.4 1.205485e+04 1.202999e+04 1.202079e+04 1.204564e+04
2.4 1.203133e+04 1.203587e+04 1.204306e+04 1.203851e+04
3.4 1.202743e+04 1.206021e+04 1.207491e+04 1.204213e+04
4.4 1.205521e+04 1.206510e+04 1.208494e+04 1.207506e+04
5.4 1.202149e+04 1.204039e+04 1.206706e+04 1.204816e+04
6.4 1.199333e+04 1.201590e+04 1.204300e+04 1.202043e+04
7.4 1.198573e+04 1.200435e+04 1.202561e+04 1.200699e+04
8.4 1.200303e+04 1.201030e+04 1.201588e+04 1.200861e+04
9.4 1.207262e+04 1.202789e+04 1.201152e+04 1.205625e+04
10.4 1.208239e+04 1.203799e+04 1.201050e+04 1.205490e+04
11.4 1.204745e+04 1.203229e+04 1.201131e+04 1.202647e+04
12.4 1.199418e+04 1.202037e+04 1.201282e+04 1.198663e+04
13.4 1.201425e+04 1.201606e+04 1.201430e+04 1.201248e+04
14.4 1.205374e+04 1.202904e+04 1.201543e+04 1.204012e+04
15.4 1.203279e+04 1.204533e+04 1.201616e+04 1.200362e+04
16.4 1.209385e+04 1.203962e+04 1.201659e+04 1.207082e+04
17.4 1.206827e+04 1.201932e+04 1.201681e+04 1.206576e+04
18.4 1.200290e+04 1.200558e+04 1.201692e+04 1.201424e+04
19.4 1.203156e+04 1.200350e+04 1.201697e+04 1.204502e+04
20.4 1.201182e+04 1.201657e+04 1.201699e+04 1.201223e+04
21.4 1.209568e+04 1.203059e+04 1.201700e+04 1.208208e+04
0.4 1.200456e+04 1.201650e+04 1.201700e+04 1.200507e+04
1.4 1.195844e+04 1.200790e+04 1.202048e+04 1.197101e+04
2.4 1.199691e+04 1.202299e+04 1.204001e+04 1.201393e+04
3.4 1.200151e+04 1.203313e+04 1.205450e+04 1.202288e+04
4.4 1.208592e+04 1.202116e+04 1.204832e+04 1.211308e+04
5.4 1.204131e+04 1.200994e+04 1.203472e+04 1.206609e+04
6.4 1.203908e+04 1.201745e+04 1.202401e+04 1.204564e+04
7.4 1.206237e+04 1.203426e+04 1.201774e+04 1.204585e+04
8.4 1.204689e+04 1.203087e+04 1.201467e+04 1.203069e+04
9.4 1.197951e+04 1.201465e+04 1.201363e+04 1.197849e+04
10.4 1.196135e+04 1.200433e+04 1.201381e+04 1.197083e+04
11.4 1.200963e+04 1.200190e+04 1.201562e+04 1.202334e+04
12.4 1.205717e+04 1.201640e+04 1.203153e+04 1.207230e+04
13.4 1.206116e+04 1.204843e+04 1.206378e+04 1.207651e+04
14.4 1.205596e+04 1.206889e+04 1.208484e+04 1.207191e+04
15.4 1.202638e+04 1.205326e+04 1.207475e+04 1.204787e+04
16.4 1.198394e+04 1.202643e+04 1.205068e+04 1.200819e+04
17.4 1.194184e+04 1.201340e+04 1.203057e+04 1.195902e+04
18.4 1.198420e+04 1.202306e+04 1.201847e+04 1.197961e+04
19.4 1.202298e+04 1.204119e+04 1.201254e+04 1.199433e+04
20.4 1.207499e+04 1.204068e+04 1.201057e+04 1.204488e+04
21.4 1.207081e+04 1.202150e+04 1.201090e+04 1.206021e+04
0.1 1.196135e+04 1.200433e+04 1.201381e+04 1.197083e+04
1.1 1.200963e+04 1.200190e+04 1.201562e+04 1.202334e+04
2.1 1.205717e+04 1.201640e+04 1.203153e+04 1.207230e+04
3.1 1.206116e+04 1.204843e+04 1.206378e+04 1.207651e+04
4.1 1.205596e+04 1.206889e+04 1.208484e+04 1.207191e+04
5.1 1.202638e+04 1.205326e+04 1.207475e+04 1.204787e+04
6.1 1.198394e+04 1.202643e+04 1.205068e+04 1.200819e+04
7.1 1.194184e+04 1.201340e+04 1.203057e+04 1.195902e+04
8.1 1.198420e+04 1.202306e+04 1.201847e+04 1.197961e+04
9.1 1.202298e+04 1.204119e+04 1.201254e+04 1.199433e+04
10.1 1.207499e+04 1.204068e+04 1.201057e+04 1.204488e+04
11.1 1.207081e+04 1.202150e+04 1.201090e+04 1.206021e+04
12.1 1.196750e+04 1.200729e+04 1.201227e+04 1.197249e+04
13.1 1.199046e+04 1.201150e+04 1.201382e+04 1.199278e+04
14.1 1.196843e+04 1.203152e+04 1.201509e+04 1.195199e+04
15.1 1.206239e+04 1.204478e+04 1.201595e+04 1.203356e+04
16.1 1.205404e+04 1.203310e+04 1.201709e+04 1.203804e+04
17.1 1.199317e+04 1.202689e+04 1.202986e+04 1.199615e+04
18.1 1.203233e+04 1.203708e+04 1.205140e+04 1.204665e+04
19.1 1.208623e+04 1.202959e+04 1.205377e+04 1.211041e+04
20.1 1.200783e+04 1.201293e+04 1.204131e+04 1.203622e+04
21.1 1.198346e+04 1.200397e+04 1.202846e+04 1.200796e+04
1.0 1.205404e+04 1.203310e+04 1.201709e+04 1.203804e+04
2.0 1.199317e+04 1.202689e+04 1.202986e+04 1.199615e+04
3.0 1.203233e+04 1.203708e+04 1.205140e+04 1.204665e+04
4.0 1.208623e+04 1.202959e+04 1.205377e+04 1.211041e+04
5.0 1.200783e+04 1.201293e+04 1.204131e+04 1.203622e+04
6.0 1.198346e+04 1.200397e+04 1.202846e+04 1.200796e+04
7.0 1.192512e+04 1.201188e+04 1.202012e+04 1.193336e+04
8.0 1.194174e+04 1.203092e+04 1.201569e+04 1.192651e+04
9.0 1.200902e+04 1.203208e+04 1.201382e+04 1.199076e+04
10.0 1.197314e+04 1.201681e+04 1.201354e+04 1.196987e+04
11.0 1.189774e+04 1.200731e+04 1.201411e+04 1.190454e+04
12.0 1.195311e+04 1.201412e+04 1.201495e+04 1.195395e+04
13.0 1.203233e+04 1.201968e+04 1.201572e+04 1.202838e+04
14.0 1.196853e+04 1.201046e+04 1.201627e+04 1.197435e+04
15.0 1.202756e+04 1.200223e+04 1.201662e+04 1.204195e+04
16.0 1.205318e+04 1.200290e+04 1.201682e+04 1.206709e+04
17.0 1.198910e+04 1.201541e+04 1.201692e+04 1.199061e+04
18.0 1.201331e+04 1.201929e+04 1.201697e+04 1.201099e+04
19.0 1.201355e+04 1.200976e+04 1.201699e+04 1.202078e+04
20.0 1.202673e+04 1.200295e+04 1.201700e+04 1.204077e+04
21.0 1.201273e+04 1.200141e+04 1.201700e+04 1.202833e+04
22.0 1.206308e+04 1.200180e+04 1.201700e+04 1.207828e+04
0.2 1.201433e+04 1.200246e+04 1.201700e+04 1.202887e+04
1.2 1.206218e+04 1.200526e+04 1.201915e+04 1.207607e+04
2.2 1.207883e+04 1.202457e+04 1.203786e+04 1.209212e+04
3.2 1.205480e+04 1.205231e+04 1.206549e+04 1.206798e+04
4.2 1.201289e+04 1.205120e+04 1.206928e+04 1.203097e+04
5.2 1.201628e+04 1.203030e+04 1.205239e+04 1.203837e+04
6.2 1.205813e+04 1.202436e+04 1.203403e+04 1.206781e+04
7.2 1.210815e+04 1.203781e+04 1.202182e+04 1.209215e+04
8.2 1.214874e+04 1.204760e+04 1.201526e+04 1.211640e+04
9.2 1.204676e+04 1.204052e+04 1.201248e+04 1.201872e+04
10.2 1.199656e+04 1.203530e+04 1.201203e+04 1.197329e+04
11.2 1.200813e+04 1.203613e+04 1.201281e+04 1.198481e+04
12.2 1.193871e+04 1.202902e+04 1.201401e+04 1.192370e+04
13.2 1.201066e+04 1.201753e+04 1.201512e+04 1.200824e+04
14.2 1.203377e+04 1.201685e+04 1.201593e+04 1.203285e+04
15.2 1.208897e+04 1.202600e+04 1.201644e+04 1.207941e+04
16.2 1.204229e+04 1.202595e+04 1.201673e+04 1.203307e+04
17.2 1.211444e+04 1.202130e+04 1.201688e+04 1.211001e+04
18.2 1.207858e+04 1.202996e+04 1.201695e+04 1.206557e+04
19.2 1.204701e+04 1.204631e+04 1.201698e+04 1.201767e+04
20.2 1.205480e+04 1.204883e+04 1.201702e+04 1.202299e+04
21.2 1.198233e+04 1.204072e+04 1.202224e+04 1.196385e+04
0.5 1.205480e+04 1.204883e+04 1.201702e+04 1.202299e+04
1.5 1.198233e+04 1.204072e+04 1.202224e+04 1.196385e+04
2.5 1.197673e+04 1.204914e+04 1.204670e+04 1.197429e+04
3.5 1.203323e+04 1.206884e+04 1.207772e+04 1.204211e+04
4.5 1.205472e+04 1.206561e+04 1.208396e+04 1.207308e+04
5.5 1.204151e+04 1.203716e+04 1.206423e+04 1.206858e+04
6.5 1.201787e+04 1.201341e+04 1.204059e+04 1.204505e+04
7.5 1.198413e+04 1.201093e+04 1.202415e+04 1.199736e+04
8.5 1.197769e+04 1.202618e+04 1.201516e+04 1.196666e+04
9.5 1.202469e+04 1.202904e+04 1.201127e+04 1.200691e+04
10.5 1.213221e+04 1.201461e+04 1.201052e+04 1.212812e+04
11.5 1.217894e+04 1.200476e+04 1.201146e+04 1.218565e+04
12.5 1.204817e+04 1.201336e+04 1.201300e+04 1.204781e+04
13.5 1.194564e+04 1.203178e+04 1.201445e+04 1.192831e+04
14.5 1.188328e+04 1.203064e+04 1.201553e+04 1.186818e+04
15.5 1.193186e+04 1.201513e+04 1.201623e+04 1.193296e+04
16.5 1.188055e+04 1.200473e+04 1.201662e+04 1.189244e+04
17.5 1.189212e+04 1.200111e+04 1.201683e+04 1.190784e+04
18.5 1.203786e+04 1.200050e+04 1.201693e+04 1.205429e+04
19.5 1.197578e+04 1.200556e+04 1.201697e+04 1.198719e+04
20.5 1.203002e+04 1.202086e+04 1.201699e+04 1.202615e+04
21.5 1.208577e+04 1.202290e+04 1.201700e+04 1.207987e+04
0.9 1.198949e+04 1.202989e+04 1.201753e+04 1.197714e+04
1.9 1.199388e+04 1.202438e+04 1.202944e+04 1.199895e+04
2.9 1.207158e+04 1.203568e+04 1.205053e+04 1.208643e+04
3.9 1.210211e+04 1.203629e+04 1.205307e+04 1.211889e+04
4.9 1.207073e+04 1.202473e+04 1.204094e+04 1.208694e+04
5.9 1.201705e+04 1.201268e+04 1.202832e+04 1.203269e+04
6.9 1.205382e+04 1.200530e+04 1.202031e+04 1.206883e+04
7.9 1.209778e+04 1.201053e+04 1.202479e+04 1.211204e+04
8.9 1.206175e+04 1.203761e+04 1.205120e+04 1.207534e+04
9.9 1.207398e+04 1.206606e+04 1.207914e+04 1.208706e+04
10.9 1.205913e+04 1.206709e+04 1.207903e+04 1.207107e+04
11.9 1.214055e+04 1.205220e+04 1.205740e+04 1.214575e+04
12.9 1.212255e+04 1.204859e+04 1.203539e+04 1.210935e+04
13.9 1.205896e+04 1.204673e+04 1.202106e+04 1.203328e+04
14.9 1.200804e+04 1.203382e+04 1.201359e+04 1.198781e+04
15.9 1.196029e+04 1.201764e+04 1.201066e+04 1.195331e+04
16.9 1.196875e+04 1.200617e+04 1.201047e+04 1.197306e+04
17.9 1.199704e+04 1.200401e+04 1.201167e+04 1.200470e+04
18.9 1.198478e+04 1.201882e+04 1.201327e+04 1.197923e+04
19.9 1.208109e+04 1.203393e+04 1.201468e+04 1.206184e+04
20.9 1.201642e+04 1.202588e+04 1.201569e+04 1.200623e+04
21.9 1.203200e+04 1.201090e+04 1.201632e+04 1.203742e+04
0.7 1.205382e+04 1.200530e+04 1.202031e+04 1.206883e+04
1.7 1.209778e+04 1.201053e+04 1.202479e+04 1.211204e+04
2.7 1.206175e+04 1.203761e+04 1.205120e+04 1.207534e+04
3.7 1.207398e+04 1.206606e+04 1.207914e+04 1.208706e+04
4.7 1.205913e+04 1.206709e+04 1.207903e+04 1.207107e+04
5.7 1.214055e+04 1.205220e+04 1.205740e+04 1.214575e+04
6.7 1.212255e+04 1.204859e+04 1.203539e+04 1.210935e+04
7.7 1.205896e+04 1.204673e+04 1.202106e+04 1.203328e+04
8.7 1.200804e+04 1.203382e+04 1.201359e+04 1.198781e+04
9.7 1.196029e+04 1.201764e+04 1.201066e+04 1.195331e+04
10.7 1.196875e+04 1.200617e+04 1.201047e+04 1.197306e+04
11.7 1.199704e+04 1.200401e+04 1.201167e+04 1.200470e+04
12.7 1.198478e+04 1.201882e+04 1.201327e+04 1.197923e+04
13.7 1.208109e+04 1.203393e+04 1.201468e+04 1.206184e+04
14.7 1.201642e+04 1.202588e+04 1.201569e+04 1.200623e+04
15.7 1.203200e+04 1.201090e+04 1.201632e+04 1.203742e+04
16.7 1.197010e+04 1.200300e+04 1.201667e+04 1.198377e+04
17.7 1.201139e+04 1.200061e+04 1.201685e+04 1.202763e+04
18.7 1.199402e+04 1.200034e+04 1.201694e+04 1.201061e+04
19.7 1.204631e+04 1.200092e+04 1.201697e+04 1.206236e+04
20.7 1.195816e+04 1.200559e+04 1.201699e+04 1.196955e+04
21.7 1.197044e+04 1.201910e+04 1.201700e+04 1.196834e+04
0.9 1.201338e+04 1.200503e+04 1.201753e+04 1.202588e+04
1.9 1.200738e+04 1.201343e+04 1.202967e+04 1.202362e+04
2.9 1.199205e+04 1.204378e+04 1.206005e+04 1.200832e+04
3.9 1.206446e+04 1.206831e+04 1.208435e+04 1.208050e+04
4.9 1.208583e+04 1.205701e+04 1.207793e+04 1.210675e+04
5.9 1.199610e+04 1.203043e+04 1.205426e+04 1.201993e+04
6.9 1.201460e+04 1.202036e+04 1.203300e+04 1.202724e+04
7.9 1.205844e+04 1.202299e+04 1.201979e+04 1.205524e+04
8.9 1.203665e+04 1.202002e+04 1.201311e+04 1.202975e+04
9.9 1.201316e+04 1.201227e+04 1.201068e+04 1.201157e+04
10.9 1.202915e+04 1.200583e+04 1.201077e+04 1.203410e+04
11.9 1.196405e+04 1.200247e+04 1.201205e+04 1.197363e+04
12.9 1.195607e+04 1.200132e+04 1.201361e+04 1.196836e+04
13.9 1.196158e+04 1.200131e+04 1.201493e+04 1.197521e+04
14.9 1.202062e+04 1.200183e+04 1.201585e+04 1.203464e+04
