0.3 1.536272e+03 1.606417e+03 1.609802e+03 1.539657e+03
1.3 1.613009e+03 1.606602e+03 1.609987e+03 1.616394e+03
2.3 1.550276e+03 1.607989e+03 1.611380e+03 1.553667e+03
3.3 1.524553e+03 1.608314e+03 1.612672e+03 1.528911e+03
4.3 1.628841e+03 1.605693e+03 1.612340e+03 1.635488e+03
5.3 1.618038e+03 1.604831e+03 1.611294e+03 1.624501e+03
6.3 1.646110e+03 1.606191e+03 1.610422e+03 1.650341e+03
7.3 1.581794e+03 1.605171e+03 1.609900e+03 1.586523e+03
8.3 1.599822e+03 1.603591e+03 1.609639e+03 1.605869e+03
9.3 1.587402e+03 1.603876e+03 1.609544e+03 1.593070e+03
10.3 1.596519e+03 1.604955e+03 1.609549e+03 1.601113e+03
11.3 1.562074e+03 1.605876e+03 1.609603e+03 1.565801e+03
12.3 1.596821e+03 1.606560e+03 1.609667e+03 1.599928e+03
13.3 1.619527e+03 1.606963e+03 1.609720e+03 1.622284e+03
14.3 1.566871e+03 1.605600e+03 1.609757e+03 1.571028e+03
15.3 1.533506e+03 1.603368e+03 1.609779e+03 1.539917e+03
16.3 1.613095e+03 1.603274e+03 1.609791e+03 1.619612e+03
17.3 1.629843e+03 1.604548e+03 1.609797e+03 1.635091e+03
18.3 1.612427e+03 1.605687e+03 1.609800e+03 1.616540e+03
19.3 1.600901e+03 1.602702e+03 1.609801e+03 1.608000e+03
20.3 1.665455e+03 1.598297e+03 1.609802e+03 1.676959e+03
0.2 1.601163e+03 1.604082e+03 1.609802e+03 1.606883e+03
1.2 1.650378e+03 1.604768e+03 1.609969e+03 1.655579e+03
2.2 1.574754e+03 1.607055e+03 1.611423e+03 1.579122e+03
3.2 1.607550e+03 1.610130e+03 1.613924e+03 1.611344e+03
4.2 1.652313e+03 1.610189e+03 1.615130e+03 1.657254e+03
5.2 1.627567e+03 1.603804e+03 1.614006e+03 1.637768e+03
6.2 1.588880e+03 1.600121e+03 1.612115e+03 1.600874e+03
7.2 1.719029e+03 1.604078e+03 1.610655e+03 1.725606e+03
8.2 1.618576e+03 1.616175e+03 1.609810e+03 1.612210e+03
9.2 1.693907e+03 1.627849e+03 1.609412e+03 1.675470e+03
10.2 1.633023e+03 1.627129e+03 1.609298e+03 1.615192e+03
11.2 1.633090e+03 1.617902e+03 1.609343e+03 1.624532e+03
12.2 1.589309e+03 1.610425e+03 1.609459e+03 1.588343e+03
13.2 1.592143e+03 1.607000e+03 1.610012e+03 1.595155e+03
14.2 1.619051e+03 1.607234e+03 1.612023e+03 1.623840e+03
15.2 1.579396e+03 1.607565e+03 1.613887e+03 1.585718e+03
16.2 1.612008e+03 1.602228e+03 1.613675e+03 1.623455e+03
17.2 1.568719e+03 1.599702e+03 1.613422e+03 1.582439e+03
18.2 1.630413e+03 1.603431e+03 1.614575e+03 1.641557e+03
19.2 1.609252e+03 1.606811e+03 1.615301e+03 1.617742e+03
20.2 1.641098e+03 1.602876e+03 1.614028e+03 1.652250e+03
0.5 1.589309e+03 1.610425e+03 1.609459e+03 1.588343e+03
1.5 1.592143e+03 1.607000e+03 1.610012e+03 1.595155e+03
2.5 1.619051e+03 1.607234e+03 1.612023e+03 1.623840e+03
3.5 1.579396e+03 1.607565e+03 1.613887e+03 1.585718e+03
4.5 1.612008e+03 1.602228e+03 1.613675e+03 1.623455e+03
5.5 1.568719e+03 1.599702e+03 1.613422e+03 1.582439e+03
6.5 1.630413e+03 1.603431e+03 1.614575e+03 1.641557e+03
7.5 1.609252e+03 1.606811e+03 1.615301e+03 1.617742e+03
8.5 1.641098e+03 1.602876e+03 1.614028e+03 1.652250e+03
9.5 1.510713e+03 1.599569e+03 1.611991e+03 1.523135e+03
10.5 1.617663e+03 1.600788e+03 1.610443e+03 1.627319e+03
11.5 1.575927e+03 1.604762e+03 1.609595e+03 1.580761e+03
12.5 1.590900e+03 1.618863e+03 1.609240e+03 1.581277e+03
13.5 1.651437e+03 1.638084e+03 1.609175e+03 1.622528e+03
14.5 1.640283e+03 1.639801e+03 1.609261e+03 1.609743e+03
15.5 1.668260e+03 1.633153e+03 1.609403e+03 1.644510e+03
16.5 1.736078e+03 1.635292e+03 1.609541e+03 1.710328e+03
17.5 1.622629e+03 1.630070e+03 1.609648e+03 1.602207e+03
18.5 1.637216e+03 1.617908e+03 1.609719e+03 1.629026e+03
19.5 1.639092e+03 1.608716e+03 1.609760e+03 1.640136e+03
20.5 1.617403e+03 1.604275e+03 1.609782e+03 1.622910e+03
0.1 1.579396e+03 1.607565e+03 1.613887e+03 1.585718e+03
1.1 1.612008e+03 1.602228e+03 1.613675e+03 1.623455e+03
2.1 1.568719e+03 1.599702e+03 1.613422e+03 1.582439e+03
3.1 1.630413e+03 1.603431e+03 1.614575e+03 1.641557e+03
4.1 1.609252e+03 1.606811e+03 1.615301e+03 1.617742e+03
5.1 1.641098e+03 1.602876e+03 1.614028e+03 1.652250e+03
6.1 1.510713e+03 1.599569e+03 1.611991e+03 1.523135e+03
7.1 1.617663e+03 1.600788e+03 1.610443e+03 1.627319e+03
8.1 1.575927e+03 1.604762e+03 1.609595e+03 1.580761e+03
9.1 1.590900e+03 1.618863e+03 1.609240e+03 1.581277e+03
10.1 1.651437e+03 1.638084e+03 1.609175e+03 1.622528e+03
11.1 1.640283e+03 1.639801e+03 1.609261e+03 1.609743e+03
12.1 1.668260e+03 1.633153e+03 1.609403e+03 1.644510e+03
13.1 1.736078e+03 1.635292e+03 1.609541e+03 1.710328e+03
14.1 1.622629e+03 1.630070e+03 1.609648e+03 1.602207e+03
15.1 1.637216e+03 1.617908e+03 1.609719e+03 1.629026e+03
16.1 1.639092e+03 1.608716e+03 1.609760e+03 1.640136e+03
17.1 1.617403e+03 1.604275e+03 1.609782e+03 1.622910e+03
18.1 1.617391e+03 1.602953e+03 1.609793e+03 1.624231e+03
19.1 1.653439e+03 1.607030e+03 1.609798e+03 1.656208e+03
20.1 1.590612e+03 1.617704e+03 1.609800e+03 1.582709e+03
0.3 1.623619e+03 1.601411e+03 1.609802e+03 1.632010e+03
1.3 1.628483e+03 1.600849e+03 1.610027e+03 1.637661e+03
2.3 1.602336e+03 1.603802e+03 1.611615e+03 1.610149e+03
3.3 1.660501e+03 1.607611e+03 1.613684e+03 1.666574e+03
4.3 1.593878e+03 1.607195e+03 1.613787e+03 1.600470e+03
5.3 1.630129e+03 1.605139e+03 1.612416e+03 1.637406e+03
6.3 1.584401e+03 1.604953e+03 1.611022e+03 1.590470e+03
7.3 1.668389e+03 1.605548e+03 1.610117e+03 1.672957e+03
8.3 1.634831e+03 1.604119e+03 1.609639e+03 1.640352e+03
9.3 1.615561e+03 1.602698e+03 1.609442e+03 1.622306e+03
10.3 1.614785e+03 1.603545e+03 1.609418e+03 1.620658e+03
11.3 1.648884e+03 1.606041e+03 1.609484e+03 1.652326e+03
12.3 1.671298e+03 1.606730e+03 1.609578e+03 1.674146e+03
13.3 1.604016e+03 1.604760e+03 1.609662e+03 1.608918e+03
14.3 1.624156e+03 1.604133e+03 1.609723e+03 1.629745e+03
15.3 1.607759e+03 1.605011e+03 1.609761e+03 1.612509e+03
16.3 1.581723e+03 1.605915e+03 1.609782e+03 1.585590e+03
17.3 1.581329e+03 1.604591e+03 1.609793e+03 1.586531e+03
18.3 1.546289e+03 1.603011e+03 1.609798e+03 1.553076e+03
19.3 1.650096e+03 1.603497e+03 1.609800e+03 1.656400e+03
20.3 1.613694e+03 1.604874e+03 1.609801e+03 1.618621e+03
0.3 1.610909e+03 1.626934e+03 1.609802e+03 1.593777e+03
1.3 1.650823e+03 1.615456e+03 1.610027e+03 1.645394e+03
2.3 1.659073e+03 1.609962e+03 1.611499e+03 1.660610e+03
3.3 1.630724e+03 1.606768e+03 1.612757e+03 1.636713e+03
4.3 1.605098e+03 1.602733e+03 1.612362e+03 1.614727e+03
5.3 1.564369e+03 1.601221e+03 1.611288e+03 1.574436e+03
6.3 1.591050e+03 1.602510e+03 1.610785e+03 1.599326e+03
7.3 1.623292e+03 1.605595e+03 1.611874e+03 1.629571e+03
8.3 1.584414e+03 1.606301e+03 1.612554e+03 1.590667e+03
9.3 1.633672e+03 1.604426e+03 1.611853e+03 1.641098e+03
10.3 1.615168e+03 1.603957e+03 1.610808e+03 1.622018e+03
11.3 1.595951e+03 1.604738e+03 1.610074e+03 1.601287e+03
12.3 1.614911e+03 1.605575e+03 1.609686e+03 1.619022e+03
13.3 1.538637e+03 1.606106e+03 1.609523e+03 1.542055e+03
14.3 1.652989e+03 1.606521e+03 1.609494e+03 1.655961e+03
15.3 1.628304e+03 1.607737e+03 1.609537e+03 1.630104e+03
16.3 1.579264e+03 1.609244e+03 1.609607e+03 1.579628e+03
17.3 1.539669e+03 1.607623e+03 1.609676e+03 1.541722e+03
18.3 1.609835e+03 1.605312e+03 1.609728e+03 1.614252e+03
19.3 1.634175e+03 1.610426e+03 1.609763e+03 1.633511e+03
20.3 1.533394e+03 1.622350e+03 1.609782e+03 1.520827e+03
0.5 1.564369e+03 1.601221e+03 1.611288e+03 1.574436e+03
1.5 1.591050e+03 1.602510e+03 1.610785e+03 1.599326e+03
2.5 1.623292e+03 1.605595e+03 1.611874e+03 1.629571e+03
3.5 1.584414e+03 1.606301e+03 1.612554e+03 1.590667e+03
4.5 1.633672e+03 1.604426e+03 1.611853e+03 1.641098e+03
5.5 1.615168e+03 1.603957e+03 1.610808e+03 1.622018e+03
6.5 1.595951e+03 1.604738e+03 1.610074e+03 1.601287e+03
7.5 1.614911e+03 1.605575e+03 1.609686e+03 1.619022e+03
8.5 1.538637e+03 1.606106e+03 1.609523e+03 1.542055e+03
9.5 1.652989e+03 1.606521e+03 1.609494e+03 1.655961e+03
10.5 1.628304e+03 1.607737e+03 1.609537e+03 1.630104e+03
11.5 1.579264e+03 1.609244e+03 1.609607e+03 1.579628e+03
12.5 1.539669e+03 1.607623e+03 1.609676e+03 1.541722e+03
13.5 1.609835e+03 1.605312e+03 1.609728e+03 1.614252e+03
14.5 1.634175e+03 1.610426e+03 1.609763e+03 1.633511e+03
15.5 1.533394e+03 1.622350e+03 1.609782e+03 1.520827e+03
16.5 1.623132e+03 1.628750e+03 1.609793e+03 1.604175e+03
17.5 1.689062e+03 1.620576e+03 1.609798e+03 1.678283e+03
18.5 1.546469e+03 1.619547e+03 1.609800e+03 1.536722e+03
19.5 1.632743e+03 1.626012e+03 1.609801e+03 1.616532e+03
20.5 1.609284e+03 1.618999e+03 1.609802e+03 1.600086e+03
0.6 1.612926e+03 1.606444e+03 1.609806e+03 1.616288e+03
1.6 1.575199e+03 1.607189e+03 1.610307e+03 1.578317e+03
2.6 1.669366e+03 1.608717e+03 1.611977e+03 1.672626e+03
3.6 1.589212e+03 1.605432e+03 1.612721e+03 1.596501e+03
4.6 1.605826e+03 1.600206e+03 1.611999e+03 1.617619e+03
5.6 1.546538e+03 1.601446e+03 1.610956e+03 1.556048e+03
6.6 1.598662e+03 1.612025e+03 1.610207e+03 1.596844e+03
7.6 1.659421e+03 1.622549e+03 1.609787e+03 1.646659e+03
8.6 1.579317e+03 1.620844e+03 1.609591e+03 1.568064e+03
9.6 1.634698e+03 1.613712e+03 1.609537e+03 1.630524e+03
10.6 1.567430e+03 1.608776e+03 1.609565e+03 1.568218e+03
11.6 1.543213e+03 1.606406e+03 1.609625e+03 1.546433e+03
12.6 1.549417e+03 1.605370e+03 1.609687e+03 1.553734e+03
13.6 1.632228e+03 1.605060e+03 1.609735e+03 1.636903e+03
14.6 1.658762e+03 1.607159e+03 1.609766e+03 1.661369e+03
15.6 1.596405e+03 1.614828e+03 1.609784e+03 1.591362e+03
16.6 1.572383e+03 1.615292e+03 1.609794e+03 1.566884e+03
17.6 1.593074e+03 1.607852e+03 1.609798e+03 1.595020e+03
18.6 1.583738e+03 1.603753e+03 1.609800e+03 1.589785e+03
19.6 1.635710e+03 1.603562e+03 1.609875e+03 1.642022e+03
20.6 1.623016e+03 1.605458e+03 1.610965e+03 1.628522e+03
1.0 1.635710e+03 1.603562e+03 1.609875e+03 1.642022e+03
2.0 1.623016e+03 1.605458e+03 1.610965e+03 1.628522e+03
3.0 1.582773e+03 1.607231e+03 1.612518e+03 1.588060e+03
4.0 1.544283e+03 1.605524e+03 1.612527e+03 1.551286e+03
5.0 1.580095e+03 1.604048e+03 1.611536e+03 1.587583e+03
6.0 1.613933e+03 1.605072e+03 1.610590e+03 1.619451e+03
7.0 1.612345e+03 1.607703e+03 1.609993e+03 1.614635e+03
8.0 1.635133e+03 1.609551e+03 1.609681e+03 1.635262e+03
9.0 1.609019e+03 1.607540e+03 1.609554e+03 1.611034e+03
10.0 1.551589e+03 1.604925e+03 1.609637e+03 1.556301e+03
11.0 1.635298e+03 1.605603e+03 1.610854e+03 1.640549e+03
12.0 1.612953e+03 1.606264e+03 1.612417e+03 1.619107e+03
13.0 1.600045e+03 1.601406e+03 1.612392e+03 1.611031e+03
14.0 1.563998e+03 1.598923e+03 1.611423e+03 1.576498e+03
15.0 1.611039e+03 1.600733e+03 1.610519e+03 1.620826e+03
16.0 1.623726e+03 1.603444e+03 1.609956e+03 1.630238e+03
17.0 1.591711e+03 1.605357e+03 1.609664e+03 1.596018e+03
18.0 1.617377e+03 1.606421e+03 1.609549e+03 1.620505e+03
19.0 1.627444e+03 1.606922e+03 1.609543e+03 1.630064e+03
0.1 1.609019e+03 1.607540e+03 1.609554e+03 1.611034e+03
1.1 1.551589e+03 1.604925e+03 1.609637e+03 1.556301e+03
2.1 1.635298e+03 1.605603e+03 1.610854e+03 1.640549e+03
3.1 1.612953e+03 1.606264e+03 1.612417e+03 1.619107e+03
4.1 1.600045e+03 1.601406e+03 1.612392e+03 1.611031e+03
5.1 1.563998e+03 1.598923e+03 1.611423e+03 1.576498e+03
6.1 1.611039e+03 1.600733e+03 1.610519e+03 1.620826e+03
7.1 1.623726e+03 1.603444e+03 1.609956e+03 1.630238e+03
8.1 1.591711e+03 1.605357e+03 1.609664e+03 1.596018e+03
9.1 1.617377e+03 1.606421e+03 1.609549e+03 1.620505e+03
10.1 1.627444e+03 1.606922e+03 1.609543e+03 1.630064e+03
