0.5 1.183671e+04 1.178940e+04 1.180422e+04 1.185153e+04
1.5 1.177242e+04 1.178441e+04 1.180882e+04 1.179684e+04
2.5 1.187688e+04 1.179778e+04 1.181980e+04 1.189891e+04
3.5 1.185997e+04 1.180496e+04 1.182175e+04 1.187676e+04
4.5 1.180755e+04 1.180144e+04 1.181713e+04 1.182325e+04
5.5 1.183978e+04 1.180783e+04 1.182083e+04 1.185279e+04
6.5 1.189158e+04 1.181571e+04 1.182393e+04 1.189981e+04
7.5 1.189255e+04 1.181423e+04 1.181852e+04 1.189684e+04
8.5 1.186960e+04 1.180887e+04 1.181100e+04 1.187173e+04
9.5 1.184090e+04 1.180788e+04 1.180579e+04 1.183880e+04
10.5 1.180636e+04 1.181850e+04 1.180312e+04 1.179097e+04
11.5 1.182881e+04 1.183225e+04 1.180229e+04 1.179885e+04
12.5 1.186417e+04 1.183997e+04 1.180917e+04 1.183336e+04
13.5 1.185998e+04 1.183924e+04 1.181944e+04 1.184018e+04
14.5 1.186158e+04 1.182811e+04 1.181946e+04 1.185293e+04
15.5 1.184884e+04 1.182247e+04 1.181360e+04 1.183997e+04
16.5 1.185228e+04 1.182727e+04 1.180824e+04 1.183325e+04
17.5 1.184720e+04 1.183034e+04 1.180494e+04 1.182180e+04
18.5 1.183319e+04 1.182629e+04 1.180325e+04 1.181015e+04
19.5 1.186978e+04 1.181759e+04 1.180260e+04 1.185479e+04
20.5 1.191058e+04 1.181861e+04 1.180259e+04 1.189455e+04
0.1 1.185997e+04 1.180496e+04 1.182175e+04 1.187676e+04
1.1 1.180755e+04 1.180144e+04 1.181713e+04 1.182325e+04
2.1 1.183978e+04 1.180783e+04 1.182083e+04 1.185279e+04
3.1 1.189158e+04 1.181571e+04 1.182393e+04 1.189981e+04
4.1 1.189255e+04 1.181423e+04 1.181852e+04 1.189684e+04
5.1 1.186960e+04 1.180887e+04 1.181100e+04 1.187173e+04
6.1 1.184090e+04 1.180788e+04 1.180579e+04 1.183880e+04
7.1 1.180636e+04 1.181850e+04 1.180312e+04 1.179097e+04
8.1 1.182881e+04 1.183225e+04 1.180229e+04 1.179885e+04
9.1 1.186417e+04 1.183997e+04 1.180917e+04 1.183336e+04
10.1 1.185998e+04 1.183924e+04 1.181944e+04 1.184018e+04
11.1 1.186158e+04 1.182811e+04 1.181946e+04 1.185293e+04
12.1 1.184884e+04 1.182247e+04 1.181360e+04 1.183997e+04
13.1 1.185228e+04 1.182727e+04 1.180824e+04 1.183325e+04
14.1 1.184720e+04 1.183034e+04 1.180494e+04 1.182180e+04
15.1 1.183319e+04 1.182629e+04 1.180325e+04 1.181015e+04
16.1 1.186978e+04 1.181759e+04 1.180260e+04 1.185479e+04
17.1 1.191058e+04 1.181861e+04 1.180259e+04 1.189455e+04
18.1 1.183410e+04 1.182937e+04 1.180290e+04 1.180764e+04
19.1 1.184912e+04 1.183557e+04 1.180330e+04 1.181685e+04
20.1 1.190106e+04 1.183313e+04 1.180365e+04 1.187157e+04
0.8 1.182881e+04 1.183225e+04 1.180229e+04 1.179885e+04
1.8 1.186417e+04 1.183997e+04 1.180917e+04 1.183336e+04
2.8 1.185998e+04 1.183924e+04 1.181944e+04 1.184018e+04
3.8 1.186158e+04 1.182811e+04 1.181946e+04 1.185293e+04
4.8 1.184884e+04 1.182247e+04 1.181360e+04 1.183997e+04
5.8 1.185228e+04 1.182727e+04 1.180824e+04 1.183325e+04
6.8 1.184720e+04 1.183034e+04 1.180494e+04 1.182180e+04
7.8 1.183319e+04 1.182629e+04 1.180325e+04 1.181015e+04
8.8 1.186978e+04 1.181759e+04 1.180260e+04 1.185479e+04
9.8 1.191058e+04 1.181861e+04 1.180259e+04 1.189455e+04
10.8 1.183410e+04 1.182937e+04 1.180290e+04 1.180764e+04
11.8 1.184912e+04 1.183557e+04 1.180330e+04 1.181685e+04
12.8 1.190106e+04 1.183313e+04 1.180365e+04 1.187157e+04
13.8 1.191798e+04 1.182269e+04 1.180389e+04 1.189918e+04
14.8 1.191025e+04 1.181088e+04 1.180404e+04 1.190341e+04
15.8 1.181071e+04 1.180263e+04 1.180412e+04 1.181220e+04
16.8 1.177503e+04 1.179837e+04 1.180416e+04 1.178082e+04
17.8 1.181125e+04 1.179691e+04 1.180418e+04 1.181852e+04
18.8 1.184844e+04 1.180104e+04 1.180419e+04 1.185159e+04
19.8 1.184523e+04 1.181566e+04 1.180419e+04 1.183376e+04
20.8 1.183148e+04 1.182864e+04 1.180419e+04 1.180703e+04
0.8 1.178339e+04 1.182854e+04 1.180450e+04 1.175935e+04
1.8 1.184943e+04 1.183323e+04 1.181207e+04 1.182828e+04
2.8 1.176430e+04 1.183321e+04 1.182157e+04 1.175266e+04
3.8 1.186048e+04 1.182486e+04 1.182051e+04 1.185612e+04
4.8 1.179498e+04 1.182414e+04 1.181409e+04 1.178493e+04
5.8 1.184517e+04 1.183188e+04 1.180852e+04 1.182181e+04
6.8 1.183555e+04 1.183726e+04 1.180999e+04 1.180828e+04
7.8 1.184890e+04 1.183663e+04 1.181915e+04 1.183142e+04
8.8 1.185700e+04 1.182089e+04 1.182009e+04 1.185620e+04
9.8 1.179123e+04 1.179950e+04 1.181427e+04 1.180599e+04
10.8 1.184874e+04 1.179173e+04 1.181308e+04 1.187008e+04
11.8 1.181338e+04 1.180184e+04 1.182050e+04 1.183203e+04
12.8 1.185723e+04 1.180767e+04 1.182067e+04 1.187022e+04
13.8 1.184026e+04 1.180484e+04 1.181426e+04 1.184968e+04
14.8 1.173218e+04 1.179109e+04 1.180809e+04 1.174919e+04
15.8 1.172883e+04 1.177068e+04 1.180441e+04 1.176256e+04
16.8 1.182247e+04 1.176264e+04 1.180269e+04 1.186252e+04
17.8 1.176431e+04 1.177729e+04 1.180213e+04 1.178915e+04
18.8 1.178442e+04 1.179361e+04 1.180223e+04 1.179304e+04
19.8 1.180743e+04 1.180075e+04 1.180265e+04 1.180933e+04
20.8 1.178979e+04 1.180065e+04 1.180313e+04 1.179227e+04
0.6 1.184517e+04 1.183188e+04 1.180852e+04 1.182181e+04
1.6 1.183555e+04 1.183726e+04 1.180999e+04 1.180828e+04
2.6 1.184890e+04 1.183663e+04 1.181915e+04 1.183142e+04
3.6 1.185700e+04 1.182089e+04 1.182009e+04 1.185620e+04
4.6 1.179123e+04 1.179950e+04 1.181427e+04 1.180599e+04
5.6 1.184874e+04 1.179173e+04 1.181308e+04 1.187008e+04
6.6 1.181338e+04 1.180184e+04 1.182050e+04 1.183203e+04
7.6 1.185723e+04 1.180767e+04 1.182067e+04 1.187022e+04
8.6 1.184026e+04 1.180484e+04 1.181426e+04 1.184968e+04
9.6 1.173218e+04 1.179109e+04 1.180809e+04 1.174919e+04
10.6 1.172883e+04 1.177068e+04 1.180441e+04 1.176256e+04
11.6 1.182247e+04 1.176264e+04 1.180269e+04 1.186252e+04
12.6 1.176431e+04 1.177729e+04 1.180213e+04 1.178915e+04
13.6 1.178442e+04 1.179361e+04 1.180223e+04 1.179304e+04
14.6 1.180743e+04 1.180075e+04 1.180265e+04 1.180933e+04
15.6 1.178979e+04 1.180065e+04 1.180313e+04 1.179227e+04
16.6 1.180630e+04 1.179874e+04 1.180390e+04 1.181147e+04
17.6 1.184145e+04 1.180622e+04 1.181205e+04 1.184728e+04
18.6 1.186955e+04 1.181682e+04 1.182150e+04 1.187423e+04
19.6 1.180942e+04 1.181680e+04 1.182027e+04 1.181289e+04
20.6 1.182260e+04 1.180786e+04 1.181386e+04 1.182860e+04
0.5 1.179123e+04 1.179950e+04 1.181427e+04 1.180599e+04
1.5 1.184874e+04 1.179173e+04 1.181308e+04 1.187008e+04
2.5 1.181338e+04 1.180184e+04 1.182050e+04 1.183203e+04
3.5 1.185723e+04 1.180767e+04 1.182067e+04 1.187022e+04
4.5 1.184026e+04 1.180484e+04 1.181426e+04 1.184968e+04
5.5 1.173218e+04 1.179109e+04 1.180809e+04 1.174919e+04
6.5 1.172883e+04 1.177068e+04 1.180441e+04 1.176256e+04
7.5 1.182247e+04 1.176264e+04 1.180269e+04 1.186252e+04
8.5 1.176431e+04 1.177729e+04 1.180213e+04 1.178915e+04
9.5 1.178442e+04 1.179361e+04 1.180223e+04 1.179304e+04
10.5 1.180743e+04 1.180075e+04 1.180265e+04 1.180933e+04
11.5 1.178979e+04 1.180065e+04 1.180313e+04 1.179227e+04
12.5 1.180630e+04 1.179874e+04 1.180390e+04 1.181147e+04
13.5 1.184145e+04 1.180622e+04 1.181205e+04 1.184728e+04
14.5 1.186955e+04 1.181682e+04 1.182150e+04 1.187423e+04
15.5 1.180942e+04 1.181680e+04 1.182027e+04 1.181289e+04
16.5 1.182260e+04 1.180786e+04 1.181386e+04 1.182860e+04
17.5 1.176161e+04 1.178840e+04 1.180833e+04 1.178154e+04
18.5 1.176691e+04 1.177292e+04 1.180499e+04 1.179898e+04
19.5 1.179848e+04 1.177943e+04 1.180328e+04 1.182233e+04
20.5 1.176618e+04 1.178400e+04 1.180263e+04 1.178482e+04
0.9 1.180630e+04 1.179874e+04 1.180390e+04 1.181147e+04
1.9 1.184145e+04 1.180622e+04 1.181205e+04 1.184728e+04
2.9 1.186955e+04 1.181682e+04 1.182150e+04 1.187423e+04
3.9 1.180942e+04 1.181680e+04 1.182027e+04 1.181289e+04
4.9 1.182260e+04 1.180786e+04 1.181386e+04 1.182860e+04
5.9 1.176161e+04 1.178840e+04 1.180833e+04 1.178154e+04
6.9 1.176691e+04 1.177292e+04 1.180499e+04 1.179898e+04
7.9 1.179848e+04 1.177943e+04 1.180328e+04 1.182233e+04
8.9 1.176618e+04 1.178400e+04 1.180263e+04 1.178482e+04
9.9 1.181536e+04 1.177280e+04 1.180263e+04 1.184519e+04
10.9 1.173806e+04 1.176484e+04 1.180294e+04 1.177616e+04
11.9 1.183245e+04 1.177819e+04 1.180334e+04 1.185760e+04
12.9 1.188601e+04 1.179533e+04 1.180367e+04 1.189435e+04
13.9 1.180581e+04 1.180371e+04 1.180391e+04 1.180601e+04
14.9 1.185912e+04 1.180709e+04 1.180405e+04 1.185609e+04
15.9 1.183145e+04 1.181673e+04 1.180412e+04 1.181885e+04
16.9 1.183304e+04 1.183087e+04 1.180466e+04 1.180683e+04
17.9 1.189698e+04 1.184050e+04 1.181310e+04 1.186958e+04
18.9 1.189778e+04 1.184424e+04 1.182189e+04 1.187544e+04
19.9 1.187660e+04 1.184415e+04 1.182104e+04 1.185349e+04
20.9 1.188933e+04 1.184325e+04 1.182417e+04 1.187024e+04
0.9 1.183304e+04 1.183087e+04 1.180466e+04 1.180683e+04
1.9 1.189698e+04 1.184050e+04 1.181310e+04 1.186958e+04
2.9 1.189778e+04 1.184424e+04 1.182189e+04 1.187544e+04
3.9 1.187660e+04 1.184415e+04 1.182104e+04 1.185349e+04
4.9 1.188933e+04 1.184325e+04 1.182417e+04 1.187024e+04
5.9 1.182829e+04 1.183576e+04 1.182616e+04 1.181868e+04
6.9 1.184764e+04 1.182111e+04 1.181987e+04 1.184639e+04
7.9 1.181645e+04 1.180802e+04 1.181165e+04 1.182008e+04
8.9 1.180241e+04 1.180015e+04 1.180594e+04 1.180819e+04
9.9 1.177453e+04 1.179557e+04 1.180299e+04 1.178195e+04
10.9 1.185904e+04 1.179199e+04 1.180186e+04 1.186891e+04
11.9 1.179842e+04 1.179431e+04 1.180176e+04 1.180587e+04
12.9 1.181494e+04 1.180538e+04 1.180217e+04 1.181174e+04
13.9 1.177896e+04 1.182084e+04 1.180275e+04 1.176087e+04
14.9 1.181429e+04 1.183341e+04 1.180485e+04 1.178574e+04
15.9 1.178699e+04 1.184029e+04 1.181564e+04 1.176234e+04
16.9 1.176408e+04 1.183390e+04 1.182207e+04 1.175226e+04
17.9 1.175451e+04 1.180871e+04 1.181835e+04 1.176415e+04
18.9 1.181642e+04 1.178181e+04 1.181274e+04 1.184735e+04
19.9 1.181769e+04 1.178292e+04 1.181735e+04 1.185211e+04
20.9 1.179794e+04 1.180282e+04 1.182230e+04 1.181742e+04
0.1 1.189778e+04 1.184424e+04 1.182189e+04 1.187544e+04
1.1 1.187660e+04 1.184415e+04 1.182104e+04 1.185349e+04
2.1 1.188933e+04 1.184325e+04 1.182417e+04 1.187024e+04
3.1 1.182829e+04 1.183576e+04 1.182616e+04 1.181868e+04
4.1 1.184764e+04 1.182111e+04 1.181987e+04 1.184639e+04
5.1 1.181645e+04 1.180802e+04 1.181165e+04 1.182008e+04
6.1 1.180241e+04 1.180015e+04 1.180594e+04 1.180819e+04
7.1 1.177453e+04 1.179557e+04 1.180299e+04 1.178195e+04
8.1 1.185904e+04 1.179199e+04 1.180186e+04 1.186891e+04
9.1 1.179842e+04 1.179431e+04 1.180176e+04 1.180587e+04
10.1 1.181494e+04 1.180538e+04 1.180217e+04 1.181174e+04
11.1 1.177896e+04 1.182084e+04 1.180275e+04 1.176087e+04
12.1 1.181429e+04 1.183341e+04 1.180485e+04 1.178574e+04
13.1 1.178699e+04 1.184029e+04 1.181564e+04 1.176234e+04
14.1 1.176408e+04 1.183390e+04 1.182207e+04 1.175226e+04
15.1 1.175451e+04 1.180871e+04 1.181835e+04 1.176415e+04
16.1 1.181642e+04 1.178181e+04 1.181274e+04 1.184735e+04
17.1 1.181769e+04 1.178292e+04 1.181735e+04 1.185211e+04
18.1 1.179794e+04 1.180282e+04 1.182230e+04 1.181742e+04
19.1 1.181069e+04 1.182420e+04 1.181817e+04 1.180466e+04
20.1 1.185277e+04 1.183793e+04 1.181206e+04 1.182690e+04
0.2 1.177896e+04 1.182084e+04 1.180275e+04 1.176087e+04
1.2 1.181429e+04 1.183341e+04 1.180485e+04 1.178574e+04
2.2 1.178699e+04 1.184029e+04 1.181564e+04 1.176234e+04
3.2 1.176408e+04 1.183390e+04 1.182207e+04 1.175226e+04
4.2 1.175451e+04 1.180871e+04 1.181835e+04 1.176415e+04
5.2 1.181642e+04 1.178181e+04 1.181274e+04 1.184735e+04
6.2 1.181769e+04 1.178292e+04 1.181735e+04 1.185211e+04
7.2 1.179794e+04 1.180282e+04 1.182230e+04 1.181742e+04
8.2 1.181069e+04 1.182420e+04 1.181817e+04 1.180466e+04
9.2 1.185277e+04 1.183793e+04 1.181206e+04 1.182690e+04
10.2 1.182173e+04 1.184379e+04 1.181644e+04 1.179438e+04
11.2 1.186576e+04 1.183912e+04 1.182148e+04 1.184811e+04
12.2 1.182998e+04 1.182420e+04 1.181756e+04 1.182333e+04
13.2 1.182524e+04 1.180577e+04 1.181086e+04 1.183032e+04
14.2 1.185504e+04 1.179915e+04 1.181173e+04 1.186763e+04
15.2 1.178428e+04 1.180684e+04 1.181974e+04 1.179718e+04
16.2 1.180495e+04 1.181059e+04 1.181939e+04 1.181375e+04
17.2 1.179538e+04 1.181697e+04 1.181314e+04 1.179154e+04
18.2 1.183628e+04 1.182784e+04 1.180816e+04 1.181660e+04
19.2 1.187250e+04 1.183631e+04 1.181381e+04 1.185000e+04
20.2 1.179370e+04 1.183514e+04 1.182055e+04 1.177911e+04
1.0 1.181642e+04 1.178181e+04 1.181274e+04 1.184735e+04
2.0 1.181769e+04 1.178292e+04 1.181735e+04 1.185211e+04
3.0 1.179794e+04 1.180282e+04 1.182230e+04 1.181742e+04
4.0 1.181069e+04 1.182420e+04 1.181817e+04 1.180466e+04
5.0 1.185277e+04 1.183793e+04 1.181206e+04 1.182690e+04
6.0 1.182173e+04 1.184379e+04 1.181644e+04 1.179438e+04
7.0 1.186576e+04 1.183912e+04 1.182148e+04 1.184811e+04
8.0 1.182998e+04 1.182420e+04 1.181756e+04 1.182333e+04
9.0 1.182524e+04 1.180577e+04 1.181086e+04 1.183032e+04
10.0 1.185504e+04 1.179915e+04 1.181173e+04 1.186763e+04
11.0 1.178428e+04 1.180684e+04 1.181974e+04 1.179718e+04
12.0 1.180495e+04 1.181059e+04 1.181939e+04 1.181375e+04
13.0 1.179538e+04 1.181697e+04 1.181314e+04 1.179154e+04
14.0 1.183628e+04 1.182784e+04 1.180816e+04 1.181660e+04
15.0 1.187250e+04 1.183631e+04 1.181381e+04 1.185000e+04
16.0 1.179370e+04 1.183514e+04 1.182055e+04 1.177911e+04
17.0 1.176888e+04 1.182342e+04 1.181773e+04 1.176320e+04
18.0 1.176834e+04 1.181067e+04 1.181129e+04 1.176896e+04
19.0 1.175881e+04 1.179876e+04 1.180640e+04 1.176645e+04
20.0 1.179124e+04 1.178691e+04 1.180373e+04 1.180806e+04
21.0 1.180679e+04 1.178217e+04 1.180431e+04 1.182892e+04
1.0 1.185277e+04 1.183793e+04 1.181206e+04 1.182690e+04
2.0 1.182173e+04 1.184379e+04 1.181644e+04 1.179438e+04
3.0 1.186576e+04 1.183912e+04 1.182148e+04 1.184811e+04
4.0 1.182998e+04 1.182420e+04 1.181756e+04 1.182333e+04
5.0 1.182524e+04 1.180577e+04 1.181086e+04 1.183032e+04
6.0 1.185504e+04 1.179915e+04 1.181173e+04 1.186763e+04
7.0 1.178428e+04 1.180684e+04 1.181974e+04 1.179718e+04
8.0 1.180495e+04 1.181059e+04 1.181939e+04 1.181375e+04
9.0 1.179538e+04 1.181697e+04 1.181314e+04 1.179154e+04
10.0 1.183628e+04 1.182784e+04 1.180816e+04 1.181660e+04
11.0 1.187250e+04 1.183631e+04 1.181381e+04 1.185000e+04
12.0 1.179370e+04 1.183514e+04 1.182055e+04 1.177911e+04
13.0 1.176888e+04 1.182342e+04 1.181773e+04 1.176320e+04
14.0 1.176834e+04 1.181067e+04 1.181129e+04 1.176896e+04
15.0 1.175881e+04 1.179876e+04 1.180640e+04 1.176645e+04
16.0 1.179124e+04 1.178691e+04 1.180373e+04 1.180806e+04
17.0 1.180679e+04 1.178217e+04 1.180431e+04 1.182892e+04
18.0 1.182045e+04 1.179530e+04 1.181456e+04 1.183972e+04
19.0 1.176555e+04 1.180787e+04 1.182064e+04 1.177833e+04
20.0 1.176110e+04 1.181282e+04 1.181702e+04 1.176530e+04
21.0 1.182285e+04 1.182326e+04 1.181090e+04 1.181049e+04
0.7 1.182524e+04 1.180577e+04 1.181086e+04 1.183032e+04
1.7 1.185504e+04 1.179915e+04 1.181173e+04 1.186763e+04
2.7 1.178428e+04 1.180684e+04 1.181974e+04 1.179718e+04
3.7 1.180495e+04 1.181059e+04 1.181939e+04 1.181375e+04
4.7 1.179538e+04 1.181697e+04 1.181314e+04 1.179154e+04
5.7 1.183628e+04 1.182784e+04 1.180816e+04 1.181660e+04
6.7 1.187250e+04 1.183631e+04 1.181381e+04 1.185000e+04
7.7 1.179370e+04 1.183514e+04 1.182055e+04 1.177911e+04
8.7 1.176888e+04 1.182342e+04 1.181773e+04 1.176320e+04
9.7 1.176834e+04 1.181067e+04 1.181129e+04 1.176896e+04
10.7 1.175881e+04 1.179876e+04 1.180640e+04 1.176645e+04
11.7 1.179124e+04 1.178691e+04 1.180373e+04 1.180806e+04
12.7 1.180679e+04 1.178217e+04 1.180431e+04 1.182892e+04
13.7 1.182045e+04 1.179530e+04 1.181456e+04 1.183972e+04
14.7 1.176555e+04 1.180787e+04 1.182064e+04 1.177833e+04
15.7 1.176110e+04 1.181282e+04 1.181702e+04 1.176530e+04
16.7 1.182285e+04 1.182326e+04 1.181090e+04 1.181049e+04
17.7 1.179067e+04 1.183652e+04 1.180658e+04 1.176073e+04
18.7 1.181426e+04 1.184330e+04 1.181018e+04 1.178113e+04
19.7 1.184463e+04 1.184198e+04 1.181945e+04 1.182210e+04
20.7 1.179879e+04 1.182936e+04 1.181951e+04 1.178894e+04
1.0 1.183628e+04 1.182784e+04 1.180816e+04 1.181660e+04
2.0 1.187250e+04 1.183631e+04 1.181381e+04 1.185000e+04
3.0 1.179370e+04 1.183514e+04 1.182055e+04 1.177911e+04
4.0 1.176888e+04 1.182342e+04 1.181773e+04 1.176320e+04
5.0 1.176834e+04 1.181067e+04 1.181129e+04 1.176896e+04
6.0 1.175881e+04 1.179876e+04 1.180640e+04 1.176645e+04
7.0 1.179124e+04 1.178691e+04 1.180373e+04 1.180806e+04
8.0 1.180679e+04 1.178217e+04 1.180431e+04 1.182892e+04
9.0 1.182045e+04 1.179530e+04 1.181456e+04 1.183972e+04
10.0 1.176555e+04 1.180787e+04 1.182064e+04 1.177833e+04
11.0 1.176110e+04 1.181282e+04 1.181702e+04 1.176530e+04
12.0 1.182285e+04 1.182326e+04 1.181090e+04 1.181049e+04
13.0 1.179067e+04 1.183652e+04 1.180658e+04 1.176073e+04
14.0 1.181426e+04 1.184330e+04 1.181018e+04 1.178113e+04
15.0 1.184463e+04 1.184198e+04 1.181945e+04 1.182210e+04
16.0 1.179879e+04 1.182936e+04 1.181951e+04 1.178894e+04
17.0 1.185743e+04 1.181307e+04 1.181353e+04 1.185789e+04
18.0 1.179279e+04 1.179952e+04 1.180801e+04 1.180128e+04
19.0 1.180907e+04 1.179374e+04 1.180645e+04 1.182178e+04
20.0 1.184090e+04 1.180306e+04 1.181535e+04 1.185319e+04
21.0 1.185148e+04 1.180814e+04 1.182062e+04 1.186396e+04
0.2 1.179124e+04 1.178691e+04 1.180373e+04 1.180806e+04
1.2 1.180679e+04 1.178217e+04 1.180431e+04 1.182892e+04
2.2 1.182045e+04 1.179530e+04 1.181456e+04 1.183972e+04
3.2 1.176555e+04 1.180787e+04 1.182064e+04 1.177833e+04
4.2 1.176110e+04 1.181282e+04 1.181702e+04 1.176530e+04
5.2 1.182285e+04 1.182326e+04 1.181090e+04 1.181049e+04
6.2 1.179067e+04 1.183652e+04 1.180658e+04 1.176073e+04
7.2 1.181426e+04 1.184330e+04 1.181018e+04 1.178113e+04
8.2 1.184463e+04 1.184198e+04 1.181945e+04 1.182210e+04
9.2 1.179879e+04 1.182936e+04 1.181951e+04 1.178894e+04
10.2 1.185743e+04 1.181307e+04 1.181353e+04 1.185789e+04
11.2 1.179279e+04 1.179952e+04 1.180801e+04 1.180128e+04
12.2 1.180907e+04 1.179374e+04 1.180645e+04 1.182178e+04
13.2 1.184090e+04 1.180306e+04 1.181535e+04 1.185319e+04
14.2 1.185148e+04 1.180814e+04 1.182062e+04 1.186396e+04
15.2 1.177875e+04 1.180343e+04 1.181835e+04 1.179367e+04
16.2 1.178497e+04 1.180915e+04 1.182268e+04 1.179850e+04
17.2 1.184882e+04 1.181484e+04 1.182419e+04 1.185817e+04
18.2 1.185160e+04 1.181285e+04 1.181778e+04 1.185654e+04
19.2 1.193312e+04 1.181591e+04 1.181020e+04 1.192741e+04
20.2 1.188487e+04 1.182697e+04 1.180549e+04 1.186338e+04
0.7 1.179067e+04 1.183652e+04 1.180658e+04 1.176073e+04
1.7 1.181426e+04 1.184330e+04 1.181018e+04 1.178113e+04
2.7 1.184463e+04 1.184198e+04 1.181945e+04 1.182210e+04
3.7 1.179879e+04 1.182936e+04 1.181951e+04 1.178894e+04
4.7 1.185743e+04 1.181307e+04 1.181353e+04 1.185789e+04
5.7 1.179279e+04 1.179952e+04 1.180801e+04 1.180128e+04
6.7 1.180907e+04 1.179374e+04 1.180645e+04 1.182178e+04
7.7 1.184090e+04 1.180306e+04 1.181535e+04 1.185319e+04
8.7 1.185148e+04 1.180814e+04 1.182062e+04 1.186396e+04
9.7 1.177875e+04 1.180343e+04 1.181835e+04 1.179367e+04
10.7 1.178497e+04 1.180915e+04 1.182268e+04 1.179850e+04
11.7 1.184882e+04 1.181484e+04 1.182419e+04 1.185817e+04
12.7 1.185160e+04 1.181285e+04 1.181778e+04 1.185654e+04
13.7 1.193312e+04 1.181591e+04 1.181020e+04 1.192741e+04
14.7 1.188487e+04 1.182697e+04 1.180549e+04 1.186338e+04
15.7 1.188765e+04 1.183613e+04 1.181058e+04 1.186210e+04
16.7 1.186176e+04 1.183662e+04 1.181919e+04 1.184433e+04
17.7 1.185853e+04 1.182394e+04 1.181815e+04 1.185274e+04
18.7 1.183578e+04 1.180011e+04 1.181221e+04 1.184788e+04
19.7 1.183255e+04 1.178673e+04 1.181206e+04 1.185788e+04
20.7 1.179573e+04 1.179588e+04 1.182005e+04 1.181990e+04
0.2 1.179279e+04 1.179952e+04 1.180801e+04 1.180128e+04
1.2 1.180907e+04 1.179374e+04 1.180645e+04 1.182178e+04
2.2 1.184090e+04 1.180306e+04 1.181535e+04 1.185319e+04
3.2 1.185148e+04 1.180814e+04 1.182062e+04 1.186396e+04
4.2 1.177875e+04 1.180343e+04 1.181835e+04 1.179367e+04
5.2 1.178497e+04 1.180915e+04 1.182268e+04 1.179850e+04
6.2 1.184882e+04 1.181484e+04 1.182419e+04 1.185817e+04
7.2 1.185160e+04 1.181285e+04 1.181778e+04 1.185654e+04
8.2 1.193312e+04 1.181591e+04 1.181020e+04 1.192741e+04
9.2 1.188487e+04 1.182697e+04 1.180549e+04 1.186338e+04
10.2 1.188765e+04 1.183613e+04 1.181058e+04 1.186210e+04
11.2 1.186176e+04 1.183662e+04 1.181919e+04 1.184433e+04
12.2 1.185853e+04 1.182394e+04 1.181815e+04 1.185274e+04
13.2 1.183578e+04 1.180011e+04 1.181221e+04 1.184788e+04
14.2 1.183255e+04 1.178673e+04 1.181206e+04 1.185788e+04
15.2 1.179573e+04 1.179588e+04 1.182005e+04 1.181990e+04
16.2 1.181807e+04 1.180365e+04 1.182029e+04 1.183470e+04
17.2 1.179772e+04 1.180141e+04 1.181400e+04 1.181031e+04
18.2 1.185405e+04 1.178813e+04 1.180822e+04 1.187414e+04
19.2 1.177476e+04 1.178707e+04 1.181163e+04 1.179933e+04
20.2 1.177947e+04 1.180093e+04 1.181985e+04 1.179839e+04
0.2 1.185148e+04 1.180814e+04 1.182062e+04 1.186396e+04
1.2 1.177875e+04 1.180343e+04 1.181835e+04 1.179367e+04
2.2 1.178497e+04 1.180915e+04 1.182268e+04 1.179850e+04
3.2 1.184882e+04 1.181484e+04 1.182419e+04 1.185817e+04
4.2 1.185160e+04 1.181285e+04 1.181778e+04 1.185654e+04
5.2 1.193312e+04 1.181591e+04 1.181020e+04 1.192741e+04
6.2 1.188487e+04 1.182697e+04 1.180549e+04 1.186338e+04
7.2 1.188765e+04 1.183613e+04 1.181058e+04 1.186210e+04
8.2 1.186176e+04 1.183662e+04 1.181919e+04 1.184433e+04
9.2 1.185853e+04 1.182394e+04 1.181815e+04 1.185274e+04
10.2 1.183578e+04 1.180011e+04 1.181221e+04 1.184788e+04
11.2 1.183255e+04 1.178673e+04 1.181206e+04 1.185788e+04
12.2 1.179573e+04 1.179588e+04 1.182005e+04 1.181990e+04
13.2 1.181807e+04 1.180365e+04 1.182029e+04 1.183470e+04
14.2 1.179772e+04 1.180141e+04 1.181400e+04 1.181031e+04
15.2 1.185405e+04 1.178813e+04 1.180822e+04 1.187414e+04
16.2 1.177476e+04 1.178707e+04 1.181163e+04 1.179933e+04
17.2 1.177947e+04 1.180093e+04 1.181985e+04 1.179839e+04
18.2 1.178667e+04 1.180792e+04 1.181880e+04 1.179756e+04
19.2 1.181257e+04 1.180728e+04 1.181256e+04 1.181784e+04
20.2 1.183864e+04 1.180491e+04 1.180723e+04 1.184096e+04
0.8 1.188487e+04 1.182697e+04 1.180549e+04 1.186338e+04
1.8 1.188765e+04 1.183613e+04 1.181058e+04 1.186210e+04
2.8 1.186176e+04 1.183662e+04 1.181919e+04 1.184433e+04
3.8 1.185853e+04 1.182394e+04 1.181815e+04 1.185274e+04
4.8 1.183578e+04 1.180011e+04 1.181221e+04 1.184788e+04
5.8 1.183255e+04 1.178673e+04 1.181206e+04 1.185788e+04
6.8 1.179573e+04 1.179588e+04 1.182005e+04 1.181990e+04
7.8 1.181807e+04 1.180365e+04 1.182029e+04 1.183470e+04
8.8 1.179772e+04 1.180141e+04 1.181400e+04 1.181031e+04
9.8 1.185405e+04 1.178813e+04 1.180822e+04 1.187414e+04
10.8 1.177476e+04 1.178707e+04 1.181163e+04 1.179933e+04
11.8 1.177947e+04 1.180093e+04 1.181985e+04 1.179839e+04
12.8 1.178667e+04 1.180792e+04 1.181880e+04 1.179756e+04
13.8 1.181257e+04 1.180728e+04 1.181256e+04 1.181784e+04
14.8 1.183864e+04 1.180491e+04 1.180723e+04 1.184096e+04
15.8 1.185000e+04 1.180310e+04 1.180417e+04 1.185107e+04
16.8 1.177383e+04 1.180139e+04 1.180274e+04 1.177519e+04
17.8 1.175585e+04 1.179607e+04 1.180230e+04 1.176208e+04
18.8 1.179638e+04 1.178953e+04 1.180301e+04 1.180987e+04
19.8 1.181046e+04 1.179717e+04 1.181209e+04 1.182538e+04
20.8 1.183038e+04 1.180974e+04 1.182106e+04 1.184170e+04
0.6 1.183578e+04 1.180011e+04 1.181221e+04 1.184788e+04
1.6 1.183255e+04 1.178673e+04 1.181206e+04 1.185788e+04
2.6 1.179573e+04 1.179588e+04 1.182005e+04 1.181990e+04
3.6 1.181807e+04 1.180365e+04 1.182029e+04 1.183470e+04
4.6 1.179772e+04 1.180141e+04 1.181400e+04 1.181031e+04
5.6 1.185405e+04 1.178813e+04 1.180822e+04 1.187414e+04
6.6 1.177476e+04 1.178707e+04 1.181163e+04 1.179933e+04
7.6 1.177947e+04 1.180093e+04 1.181985e+04 1.179839e+04
8.6 1.178667e+04 1.180792e+04 1.181880e+04 1.179756e+04
9.6 1.181257e+04 1.180728e+04 1.181256e+04 1.181784e+04
10.6 1.183864e+04 1.180491e+04 1.180723e+04 1.184096e+04
11.6 1.185000e+04 1.180310e+04 1.180417e+04 1.185107e+04
12.6 1.177383e+04 1.180139e+04 1.180274e+04 1.177519e+04
13.6 1.175585e+04 1.179607e+04 1.180230e+04 1.176208e+04
14.6 1.179638e+04 1.178953e+04 1.180301e+04 1.180987e+04
15.6 1.181046e+04 1.179717e+04 1.181209e+04 1.182538e+04
16.6 1.183038e+04 1.180974e+04 1.182106e+04 1.184170e+04
17.6 1.177536e+04 1.181059e+04 1.181932e+04 1.178409e+04
18.6 1.180236e+04 1.180395e+04 1.181303e+04 1.181144e+04
19.6 1.178316e+04 1.179965e+04 1.180782e+04 1.179132e+04
20.6 1.186234e+04 1.180551e+04 1.180472e+04 1.186155e+04
0.8 1.185405e+04 1.178813e+04 1.180822e+04 1.187414e+04
1.8 1.177476e+04 1.178707e+04 1.181163e+04 1.179933e+04
2.8 1.177947e+04 1.180093e+04 1.181985e+04 1.179839e+04
3.8 1.178667e+04 1.180792e+04 1.181880e+04 1.179756e+04
4.8 1.181257e+04 1.180728e+04 1.181256e+04 1.181784e+04
5.8 1.183864e+04 1.180491e+04 1.180723e+04 1.184096e+04
6.8 1.185000e+04 1.180310e+04 1.180417e+04 1.185107e+04
7.8 1.177383e+04 1.180139e+04 1.180274e+04 1.177519e+04
8.8 1.175585e+04 1.179607e+04 1.180230e+04 1.176208e+04
9.8 1.179638e+04 1.178953e+04 1.180301e+04 1.180987e+04
10.8 1.181046e+04 1.179717e+04 1.181209e+04 1.182538e+04
11.8 1.183038e+04 1.180974e+04 1.182106e+04 1.184170e+04
12.8 1.177536e+04 1.181059e+04 1.181932e+04 1.178409e+04
13.8 1.180236e+04 1.180395e+04 1.181303e+04 1.181144e+04
14.8 1.178316e+04 1.179965e+04 1.180782e+04 1.179132e+04
15.8 1.186234e+04 1.180551e+04 1.180472e+04 1.186155e+04
16.8 1.182514e+04 1.181743e+04 1.180316e+04 1.181087e+04
17.8 1.181457e+04 1.182780e+04 1.180260e+04 1.178937e+04
18.8 1.181314e+04 1.183092e+04 1.180264e+04 1.178486e+04
19.8 1.183718e+04 1.182473e+04 1.180298e+04 1.181542e+04
20.8 1.183848e+04 1.182103e+04 1.180337e+04 1.182082e+04
1.0 1.179638e+04 1.178953e+04 1.180301e+04 1.180987e+04
2.0 1.181046e+04 1.179717e+04 1.181209e+04 1.182538e+04
3.0 1.183038e+04 1.180974e+04 1.182106e+04 1.184170e+04
4.0 1.177536e+04 1.181059e+04 1.181932e+04 1.178409e+04
5.0 1.180236e+04 1.180395e+04 1.181303e+04 1.181144e+04
6.0 1.178316e+04 1.179965e+04 1.180782e+04 1.179132e+04
7.0 1.186234e+04 1.180551e+04 1.180472e+04 1.186155e+04
8.0 1.182514e+04 1.181743e+04 1.180316e+04 1.181087e+04
9.0 1.181457e+04 1.182780e+04 1.180260e+04 1.178937e+04
10.0 1.181314e+04 1.183092e+04 1.180264e+04 1.178486e+04
11.0 1.183718e+04 1.182473e+04 1.180298e+04 1.181542e+04
12.0 1.183848e+04 1.182103e+04 1.180337e+04 1.182082e+04
13.0 1.186287e+04 1.182469e+04 1.180370e+04 1.184187e+04
14.0 1.176307e+04 1.182705e+04 1.180392e+04 1.173994e+04
15.0 1.182186e+04 1.182414e+04 1.180406e+04 1.180178e+04
16.0 1.185174e+04 1.182674e+04 1.180413e+04 1.182913e+04
17.0 1.182892e+04 1.183461e+04 1.180416e+04 1.179848e+04
18.0 1.185740e+04 1.183693e+04 1.180418e+04 1.182465e+04
19.0 1.189420e+04 1.183037e+04 1.180419e+04 1.186801e+04
20.0 1.175778e+04 1.181268e+04 1.180419e+04 1.174929e+04
21.0 1.175191e+04 1.179376e+04 1.180428e+04 1.176244e+04
0.7 1.175191e+04 1.179376e+04 1.180428e+04 1.176244e+04
1.7 1.179965e+04 1.179066e+04 1.181006e+04 1.181905e+04
2.7 1.184936e+04 1.180254e+04 1.182063e+04 1.186745e+04
3.7 1.183720e+04 1.180790e+04 1.182132e+04 1.185061e+04
4.7 1.183935e+04 1.180479e+04 1.181523e+04 1.184979e+04
5.7 1.172992e+04 1.179924e+04 1.180942e+04 1.174010e+04
6.7 1.169724e+04 1.180276e+04 1.181203e+04 1.170651e+04
7.7 1.180399e+04 1.181346e+04 1.182032e+04 1.181084e+04
8.7 1.184671e+04 1.181480e+04 1.181957e+04 1.185149e+04
9.7 1.184778e+04 1.180802e+04 1.181325e+04 1.185300e+04
10.7 1.176588e+04 1.180079e+04 1.180818e+04 1.177326e+04
11.7 1.175880e+04 1.180568e+04 1.181334e+04 1.176647e+04
12.7 1.176118e+04 1.181454e+04 1.182058e+04 1.176722e+04
13.7 1.173965e+04 1.181388e+04 1.181821e+04 1.174397e+04
14.7 1.172034e+04 1.180852e+04 1.181177e+04 1.172359e+04
15.7 1.170399e+04 1.180399e+04 1.180672e+04 1.170671e+04
16.7 1.169003e+04 1.180069e+04 1.180391e+04 1.169325e+04
17.7 1.170719e+04 1.179775e+04 1.180314e+04 1.171259e+04
18.7 1.179859e+04 1.180482e+04 1.181122e+04 1.180498e+04
19.7 1.185645e+04 1.181462e+04 1.182018e+04 1.186201e+04
20.7 1.181203e+04 1.181701e+04 1.181874e+04 1.181377e+04
0.7 1.172992e+04 1.179924e+04 1.180942e+04 1.174010e+04
1.7 1.169724e+04 1.180276e+04 1.181203e+04 1.170651e+04
2.7 1.180399e+04 1.181346e+04 1.182032e+04 1.181084e+04
3.7 1.184671e+04 1.181480e+04 1.181957e+04 1.185149e+04
4.7 1.184778e+04 1.180802e+04 1.181325e+04 1.185300e+04
5.7 1.176588e+04 1.180079e+04 1.180818e+04 1.177326e+04
6.7 1.175880e+04 1.180568e+04 1.181334e+04 1.176647e+04
7.7 1.176118e+04 1.181454e+04 1.182058e+04 1.176722e+04
8.7 1.173965e+04 1.181388e+04 1.181821e+04 1.174397e+04
9.7 1.172034e+04 1.180852e+04 1.181177e+04 1.172359e+04
10.7 1.170399e+04 1.180399e+04 1.180672e+04 1.170671e+04
11.7 1.169003e+04 1.180069e+04 1.180391e+04 1.169325e+04
12.7 1.170719e+04 1.179775e+04 1.180314e+04 1.171259e+04
13.7 1.179859e+04 1.180482e+04 1.181122e+04 1.180498e+04
14.7 1.185645e+04 1.181462e+04 1.182018e+04 1.186201e+04
15.7 1.181203e+04 1.181701e+04 1.181874e+04 1.181377e+04
16.7 1.180626e+04 1.182265e+04 1.181287e+04 1.179648e+04
17.7 1.181230e+04 1.183108e+04 1.181478e+04 1.179600e+04
18.7 1.180347e+04 1.183409e+04 1.182168e+04 1.179106e+04
19.7 1.178967e+04 1.182693e+04 1.181968e+04 1.178242e+04
20.7 1.184736e+04 1.182570e+04 1.181282e+04 1.183449e+04
0.9 1.176588e+04 1.180079e+04 1.180818e+04 1.177326e+04
1.9 1.175880e+04 1.180568e+04 1.181334e+04 1.176647e+04
2.9 1.176118e+04 1.181454e+04 1.182058e+04 1.176722e+04
3.9 1.173965e+04 1.181388e+04 1.181821e+04 1.174397e+04
4.9 1.172034e+04 1.180852e+04 1.181177e+04 1.172359e+04
5.9 1.170399e+04 1.180399e+04 1.180672e+04 1.170671e+04
6.9 1.169003e+04 1.180069e+04 1.180391e+04 1.169325e+04
7.9 1.170719e+04 1.179775e+04 1.180314e+04 1.171259e+04
8.9 1.179859e+04 1.180482e+04 1.181122e+04 1.180498e+04
9.9 1.185645e+04 1.181462e+04 1.182018e+04 1.186201e+04
10.9 1.181203e+04 1.181701e+04 1.181874e+04 1.181377e+04
11.9 1.180626e+04 1.182265e+04 1.181287e+04 1.179648e+04
12.9 1.181230e+04 1.183108e+04 1.181478e+04 1.179600e+04
13.9 1.180347e+04 1.183409e+04 1.182168e+04 1.179106e+04
14.9 1.178967e+04 1.182693e+04 1.181968e+04 1.178242e+04
15.9 1.184736e+04 1.182570e+04 1.181282e+04 1.183449e+04
16.9 1.185303e+04 1.183302e+04 1.180718e+04 1.182719e+04
17.9 1.179683e+04 1.183814e+04 1.180831e+04 1.176699e+04
18.9 1.188164e+04 1.184037e+04 1.181792e+04 1.185920e+04
19.9 1.175412e+04 1.184146e+04 1.181980e+04 1.173246e+04
20.9 1.181785e+04 1.184217e+04 1.181534e+04 1.179102e+04
0.9 1.170719e+04 1.179775e+04 1.180314e+04 1.171259e+04
1.9 1.179859e+04 1.180482e+04 1.181122e+04 1.180498e+04
2.9 1.185645e+04 1.181462e+04 1.182018e+04 1.186201e+04
3.9 1.181203e+04 1.181701e+04 1.181874e+04 1.181377e+04
4.9 1.180626e+04 1.182265e+04 1.181287e+04 1.179648e+04
5.9 1.181230e+04 1.183108e+04 1.181478e+04 1.179600e+04
6.9 1.180347e+04 1.183409e+04 1.182168e+04 1.179106e+04
7.9 1.178967e+04 1.182693e+04 1.181968e+04 1.178242e+04
8.9 1.184736e+04 1.182570e+04 1.181282e+04 1.183449e+04
9.9 1.185303e+04 1.183302e+04 1.180718e+04 1.182719e+04
10.9 1.179683e+04 1.183814e+04 1.180831e+04 1.176699e+04
11.9 1.188164e+04 1.184037e+04 1.181792e+04 1.185920e+04
12.9 1.175412e+04 1.184146e+04 1.181980e+04 1.173246e+04
13.9 1.181785e+04 1.184217e+04 1.181534e+04 1.179102e+04
14.9 1.175317e+04 1.184146e+04 1.181922e+04 1.173093e+04
15.9 1.172227e+04 1.183100e+04 1.182302e+04 1.171429e+04
16.9 1.177281e+04 1.181239e+04 1.181816e+04 1.177858e+04
17.9 1.172251e+04 1.180536e+04 1.181088e+04 1.172803e+04
18.9 1.175441e+04 1.180439e+04 1.180574e+04 1.175576e+04
19.9 1.173438e+04 1.180187e+04 1.180309e+04 1.173559e+04
20.9 1.177201e+04 1.179931e+04 1.180206e+04 1.177476e+04
0.8 1.180626e+04 1.182265e+04 1.181287e+04 1.179648e+04
1.8 1.181230e+04 1.183108e+04 1.181478e+04 1.179600e+04
2.8 1.180347e+04 1.183409e+04 1.182168e+04 1.179106e+04
3.8 1.178967e+04 1.182693e+04 1.181968e+04 1.178242e+04
4.8 1.184736e+04 1.182570e+04 1.181282e+04 1.183449e+04
5.8 1.185303e+04 1.183302e+04 1.180718e+04 1.182719e+04
6.8 1.179683e+04 1.183814e+04 1.180831e+04 1.176699e+04
7.8 1.188164e+04 1.184037e+04 1.181792e+04 1.185920e+04
8.8 1.175412e+04 1.184146e+04 1.181980e+04 1.173246e+04
9.8 1.181785e+04 1.184217e+04 1.181534e+04 1.179102e+04
10.8 1.175317e+04 1.184146e+04 1.181922e+04 1.173093e+04
11.8 1.172227e+04 1.183100e+04 1.182302e+04 1.171429e+04
12.8 1.177281e+04 1.181239e+04 1.181816e+04 1.177858e+04
13.8 1.172251e+04 1.180536e+04 1.181088e+04 1.172803e+04
14.8 1.175441e+04 1.180439e+04 1.180574e+04 1.175576e+04
15.8 1.173438e+04 1.180187e+04 1.180309e+04 1.173559e+04
16.8 1.177201e+04 1.179931e+04 1.180206e+04 1.177476e+04
17.8 1.177222e+04 1.179606e+04 1.180195e+04 1.177811e+04
18.8 1.175729e+04 1.178920e+04 1.180231e+04 1.177041e+04
19.8 1.174247e+04 1.178303e+04 1.180284e+04 1.176227e+04
20.8 1.173447e+04 1.178850e+04 1.180332e+04 1.174929e+04
0.5 1.185303e+04 1.183302e+04 1.180718e+04 1.182719e+04
1.5 1.179683e+04 1.183814e+04 1.180831e+04 1.176699e+04
2.5 1.188164e+04 1.184037e+04 1.181792e+04 1.185920e+04
3.5 1.175412e+04 1.184146e+04 1.181980e+04 1.173246e+04
4.5 1.181785e+04 1.184217e+04 1.181534e+04 1.179102e+04
5.5 1.175317e+04 1.184146e+04 1.181922e+04 1.173093e+04
6.5 1.172227e+04 1.183100e+04 1.182302e+04 1.171429e+04
7.5 1.177281e+04 1.181239e+04 1.181816e+04 1.177858e+04
8.5 1.172251e+04 1.180536e+04 1.181088e+04 1.172803e+04
9.5 1.175441e+04 1.180439e+04 1.180574e+04 1.175576e+04
10.5 1.173438e+04 1.180187e+04 1.180309e+04 1.173559e+04
11.5 1.177201e+04 1.179931e+04 1.180206e+04 1.177476e+04
12.5 1.177222e+04 1.179606e+04 1.180195e+04 1.177811e+04
13.5 1.175729e+04 1.178920e+04 1.180231e+04 1.177041e+04
14.5 1.174247e+04 1.178303e+04 1.180284e+04 1.176227e+04
15.5 1.173447e+04 1.178850e+04 1.180332e+04 1.174929e+04
16.5 1.179859e+04 1.179926e+04 1.180369e+04 1.180302e+04
17.5 1.178067e+04 1.180174e+04 1.180392e+04 1.178285e+04
18.5 1.177732e+04 1.180204e+04 1.180406e+04 1.177934e+04
19.5 1.178196e+04 1.180839e+04 1.180413e+04 1.177770e+04
20.5 1.177068e+04 1.181114e+04 1.180417e+04 1.176371e+04
0.1 1.175412e+04 1.184146e+04 1.181980e+04 1.173246e+04
1.1 1.181785e+04 1.184217e+04 1.181534e+04 1.179102e+04
2.1 1.175317e+04 1.184146e+04 1.181922e+04 1.173093e+04
3.1 1.172227e+04 1.183100e+04 1.182302e+04 1.171429e+04
4.1 1.177281e+04 1.181239e+04 1.181816e+04 1.177858e+04
5.1 1.172251e+04 1.180536e+04 1.181088e+04 1.172803e+04
6.1 1.175441e+04 1.180439e+04 1.180574e+04 1.175576e+04
7.1 1.173438e+04 1.180187e+04 1.180309e+04 1.173559e+04
8.1 1.177201e+04 1.179931e+04 1.180206e+04 1.177476e+04
9.1 1.177222e+04 1.179606e+04 1.180195e+04 1.177811e+04
10.1 1.175729e+04 1.178920e+04 1.180231e+04 1.177041e+04
11.1 1.174247e+04 1.178303e+04 1.180284e+04 1.176227e+04
12.1 1.173447e+04 1.178850e+04 1.180332e+04 1.174929e+04
13.1 1.179859e+04 1.179926e+04 1.180369e+04 1.180302e+04
14.1 1.178067e+04 1.180174e+04 1.180392e+04 1.178285e+04
15.1 1.177732e+04 1.180204e+04 1.180406e+04 1.177934e+04
16.1 1.178196e+04 1.180839e+04 1.180413e+04 1.177770e+04
17.1 1.177068e+04 1.181114e+04 1.180417e+04 1.176371e+04
18.1 1.178614e+04 1.180862e+04 1.180418e+04 1.178170e+04
19.1 1.175926e+04 1.180770e+04 1.180419e+04 1.175575e+04
20.1 1.176863e+04 1.181732e+04 1.180419e+04 1.175550e+04
0.2 1.176863e+04 1.181732e+04 1.180419e+04 1.175550e+04
1.2 1.180954e+04 1.182950e+04 1.180613e+04 1.178616e+04
2.2 1.190158e+04 1.183747e+04 1.181680e+04 1.188092e+04
3.2 1.183486e+04 1.183335e+04 1.182235e+04 1.182386e+04
4.2 1.176896e+04 1.182075e+04 1.181812e+04 1.176633e+04
5.2 1.184300e+04 1.180919e+04 1.181158e+04 1.184539e+04
6.2 1.178279e+04 1.180199e+04 1.180686e+04 1.178766e+04
7.2 1.179832e+04 1.179844e+04 1.180420e+04 1.180408e+04
8.2 1.180996e+04 1.179356e+04 1.180294e+04 1.181934e+04
9.2 1.175024e+04 1.178159e+04 1.180257e+04 1.177122e+04
10.2 1.177106e+04 1.178176e+04 1.180272e+04 1.179202e+04
11.2 1.173946e+04 1.179347e+04 1.180309e+04 1.174908e+04
12.2 1.175833e+04 1.180056e+04 1.180347e+04 1.176125e+04
13.2 1.180590e+04 1.180041e+04 1.180377e+04 1.180926e+04
14.2 1.173726e+04 1.179968e+04 1.180555e+04 1.174312e+04
15.2 1.183303e+04 1.180998e+04 1.181606e+04 1.183911e+04
16.2 1.178645e+04 1.181750e+04 1.182230e+04 1.179125e+04
17.2 1.178346e+04 1.181481e+04 1.181847e+04 1.178713e+04
18.2 1.175626e+04 1.180889e+04 1.181191e+04 1.175929e+04
19.2 1.184780e+04 1.180433e+04 1.180707e+04 1.185054e+04
20.2 1.180003e+04 1.180166e+04 1.180431e+04 1.180267e+04
0.2 1.180590e+04 1.180041e+04 1.180377e+04 1.180926e+04
1.2 1.173726e+04 1.179968e+04 1.180555e+04 1.174312e+04
2.2 1.183303e+04 1.180998e+04 1.181606e+04 1.183911e+04
3.2 1.178645e+04 1.181750e+04 1.182230e+04 1.179125e+04
4.2 1.178346e+04 1.181481e+04 1.181847e+04 1.178713e+04
5.2 1.175626e+04 1.180889e+04 1.181191e+04 1.175929e+04
6.2 1.184780e+04 1.180433e+04 1.180707e+04 1.185054e+04
7.2 1.180003e+04 1.180166e+04 1.180431e+04 1.180267e+04
8.2 1.184765e+04 1.179976e+04 1.180299e+04 1.185088e+04
9.2 1.183331e+04 1.179733e+04 1.180258e+04 1.183855e+04
10.2 1.181052e+04 1.180084e+04 1.180271e+04 1.181239e+04
11.2 1.177039e+04 1.180769e+04 1.180307e+04 1.176576e+04
12.2 1.183187e+04 1.180872e+04 1.180345e+04 1.182660e+04
13.2 1.182671e+04 1.180555e+04 1.180376e+04 1.182491e+04
14.2 1.181086e+04 1.179482e+04 1.180396e+04 1.182000e+04
15.2 1.178962e+04 1.178415e+04 1.180663e+04 1.181210e+04
16.2 1.180934e+04 1.179414e+04 1.181766e+04 1.183286e+04
17.2 1.168989e+04 1.180552e+04 1.182226e+04 1.170663e+04
18.2 1.177471e+04 1.180478e+04 1.181754e+04 1.178747e+04
19.2 1.170724e+04 1.179546e+04 1.181109e+04 1.172286e+04
20.2 1.172109e+04 1.178850e+04 1.180756e+04 1.174015e+04
0.3 1.181086e+04 1.179482e+04 1.180396e+04 1.182000e+04
1.3 1.178962e+04 1.178415e+04 1.180663e+04 1.181210e+04
2.3 1.180934e+04 1.179414e+04 1.181766e+04 1.183286e+04
3.3 1.168989e+04 1.180552e+04 1.182226e+04 1.170663e+04
4.3 1.177471e+04 1.180478e+04 1.181754e+04 1.178747e+04
5.3 1.170724e+04 1.179546e+04 1.181109e+04 1.172286e+04
6.3 1.172109e+04 1.178850e+04 1.180756e+04 1.174015e+04
7.3 1.181599e+04 1.179830e+04 1.181469e+04 1.183238e+04
8.3 1.179455e+04 1.180982e+04 1.182094e+04 1.180567e+04
9.3 1.181366e+04 1.180269e+04 1.181759e+04 1.182856e+04
10.3 1.174243e+04 1.178976e+04 1.181118e+04 1.176385e+04
11.3 1.177690e+04 1.179354e+04 1.180644e+04 1.178980e+04
12.3 1.179793e+04 1.180110e+04 1.180385e+04 1.180068e+04
13.3 1.181801e+04 1.180359e+04 1.180268e+04 1.181711e+04
14.3 1.179297e+04 1.180330e+04 1.180238e+04 1.179205e+04
15.3 1.175346e+04 1.180263e+04 1.180257e+04 1.175340e+04
16.3 1.176053e+04 1.180211e+04 1.180297e+04 1.176140e+04
17.3 1.179060e+04 1.180168e+04 1.180339e+04 1.179232e+04
0.1 1.170724e+04 1.179546e+04 1.181109e+04 1.172286e+04
1.1 1.172109e+04 1.178850e+04 1.180756e+04 1.174015e+04
2.1 1.181599e+04 1.179830e+04 1.181469e+04 1.183238e+04
3.1 1.179455e+04 1.180982e+04 1.182094e+04 1.180567e+04
4.1 1.181366e+04 1.180269e+04 1.181759e+04 1.182856e+04
5.1 1.174243e+04 1.178976e+04 1.181118e+04 1.176385e+04
6.1 1.177690e+04 1.179354e+04 1.180644e+04 1.178980e+04
7.1 1.179793e+04 1.180110e+04 1.180385e+04 1.180068e+04
8.1 1.181801e+04 1.180359e+04 1.180268e+04 1.181711e+04
9.1 1.179297e+04 1.180330e+04 1.180238e+04 1.179205e+04
10.1 1.175346e+04 1.180263e+04 1.180257e+04 1.175340e+04
11.1 1.176053e+04 1.180211e+04 1.180297e+04 1.176140e+04
12.1 1.179060e+04 1.180168e+04 1.180339e+04 1.179232e+04
