0.8 1.628841e+03 1.605693e+03 1.609870e+03 1.633018e+03
1.8 1.618038e+03 1.604831e+03 1.610462e+03 1.623669e+03
2.8 1.646110e+03 1.606191e+03 1.611725e+03 1.651644e+03
3.8 1.581794e+03 1.605171e+03 1.612004e+03 1.588627e+03
4.8 1.599822e+03 1.603591e+03 1.611338e+03 1.607568e+03
5.8 1.587402e+03 1.603876e+03 1.610580e+03 1.594106e+03
6.8 1.596519e+03 1.604955e+03 1.610072e+03 1.601636e+03
7.8 1.562074e+03 1.605876e+03 1.609797e+03 1.565994e+03
8.8 1.596821e+03 1.606560e+03 1.609677e+03 1.599937e+03
9.8 1.619527e+03 1.606963e+03 1.609653e+03 1.622216e+03
10.8 1.566871e+03 1.605600e+03 1.609681e+03 1.570952e+03
11.8 1.533506e+03 1.603368e+03 1.609729e+03 1.539867e+03
12.8 1.613095e+03 1.603274e+03 1.609774e+03 1.619595e+03
13.8 1.629843e+03 1.604548e+03 1.609807e+03 1.635101e+03
14.8 1.612427e+03 1.605687e+03 1.609828e+03 1.616569e+03
15.8 1.600901e+03 1.602702e+03 1.609840e+03 1.608040e+03
16.8 1.665455e+03 1.598297e+03 1.609846e+03 1.677004e+03
17.8 1.641861e+03 1.600724e+03 1.609849e+03 1.650986e+03
18.8 1.583910e+03 1.617183e+03 1.609851e+03 1.576578e+03
19.8 1.634089e+03 1.640798e+03 1.609851e+03 1.603142e+03
20.8 1.662034e+03 1.648884e+03 1.609852e+03 1.623001e+03
21.8 1.644306e+03 1.633606e+03 1.609852e+03 1.620551e+03
0.4 1.596679e+03 1.602981e+03 1.609852e+03 1.603550e+03
1.4 1.595597e+03 1.601098e+03 1.610069e+03 1.604568e+03
2.4 1.634663e+03 1.602478e+03 1.611342e+03 1.643527e+03
3.4 1.653196e+03 1.606048e+03 1.613165e+03 1.660313e+03
4.4 1.589112e+03 1.607394e+03 1.613739e+03 1.595457e+03
5.4 1.602232e+03 1.605219e+03 1.612715e+03 1.609728e+03
6.4 1.601163e+03 1.604082e+03 1.611339e+03 1.608420e+03
7.4 1.650378e+03 1.604768e+03 1.610344e+03 1.655954e+03
8.4 1.574754e+03 1.607055e+03 1.609788e+03 1.577487e+03
9.4 1.607550e+03 1.610130e+03 1.609538e+03 1.606958e+03
10.4 1.652313e+03 1.610189e+03 1.609480e+03 1.651603e+03
11.4 1.627567e+03 1.603804e+03 1.609526e+03 1.633288e+03
12.4 1.588880e+03 1.600121e+03 1.609612e+03 1.598371e+03
13.4 1.719029e+03 1.604078e+03 1.609697e+03 1.724648e+03
14.4 1.618576e+03 1.616175e+03 1.609762e+03 1.612162e+03
15.4 1.693907e+03 1.627849e+03 1.609804e+03 1.675862e+03
16.4 1.633023e+03 1.627129e+03 1.609828e+03 1.615722e+03
17.4 1.633090e+03 1.617902e+03 1.609841e+03 1.625029e+03
18.4 1.589309e+03 1.610425e+03 1.609847e+03 1.588731e+03
19.4 1.592143e+03 1.607000e+03 1.609850e+03 1.594993e+03
20.4 1.619051e+03 1.607234e+03 1.609851e+03 1.621668e+03
21.4 1.579396e+03 1.607565e+03 1.609851e+03 1.581682e+03
0.4 1.615561e+03 1.602698e+03 1.609852e+03 1.622716e+03
1.4 1.614785e+03 1.603545e+03 1.610050e+03 1.621290e+03
2.4 1.648884e+03 1.606041e+03 1.611168e+03 1.654010e+03
3.4 1.671298e+03 1.606730e+03 1.611997e+03 1.676565e+03
4.4 1.604016e+03 1.604760e+03 1.611643e+03 1.610900e+03
5.4 1.624156e+03 1.604133e+03 1.610866e+03 1.630888e+03
6.4 1.607759e+03 1.605011e+03 1.610253e+03 1.613000e+03
7.4 1.581723e+03 1.605915e+03 1.609894e+03 1.585702e+03
8.4 1.581329e+03 1.604591e+03 1.609718e+03 1.586456e+03
9.4 1.546289e+03 1.603011e+03 1.609659e+03 1.552937e+03
10.4 1.650096e+03 1.603497e+03 1.609669e+03 1.656268e+03
11.4 1.613694e+03 1.604874e+03 1.609772e+03 1.618592e+03
12.4 1.576832e+03 1.606771e+03 1.610683e+03 1.580744e+03
13.4 1.569138e+03 1.609159e+03 1.612528e+03 1.572507e+03
14.4 1.606691e+03 1.610240e+03 1.613733e+03 1.610184e+03
15.4 1.642184e+03 1.607513e+03 1.613155e+03 1.647827e+03
16.4 1.620265e+03 1.604895e+03 1.611778e+03 1.627149e+03
17.4 1.617381e+03 1.608445e+03 1.610628e+03 1.619563e+03
18.4 1.646091e+03 1.625661e+03 1.609936e+03 1.630366e+03
19.4 1.635910e+03 1.646227e+03 1.609597e+03 1.599279e+03
20.4 1.641864e+03 1.648587e+03 1.609484e+03 1.602761e+03
21.4 1.591411e+03 1.633333e+03 1.609503e+03 1.567581e+03
0.1 1.650096e+03 1.603497e+03 1.609669e+03 1.656268e+03
1.1 1.613694e+03 1.604874e+03 1.609772e+03 1.618592e+03
2.1 1.576832e+03 1.606771e+03 1.610683e+03 1.580744e+03
3.1 1.569138e+03 1.609159e+03 1.612528e+03 1.572507e+03
4.1 1.606691e+03 1.610240e+03 1.613733e+03 1.610184e+03
5.1 1.642184e+03 1.607513e+03 1.613155e+03 1.647827e+03
6.1 1.620265e+03 1.604895e+03 1.611778e+03 1.627149e+03
7.1 1.617381e+03 1.608445e+03 1.610628e+03 1.619563e+03
8.1 1.646091e+03 1.625661e+03 1.609936e+03 1.630366e+03
9.1 1.635910e+03 1.646227e+03 1.609597e+03 1.599279e+03
10.1 1.641864e+03 1.648587e+03 1.609484e+03 1.602761e+03
11.1 1.591411e+03 1.633333e+03 1.609503e+03 1.567581e+03
12.1 1.628380e+03 1.618331e+03 1.609581e+03 1.619631e+03
13.1 1.671641e+03 1.614392e+03 1.609670e+03 1.666919e+03
14.1 1.684576e+03 1.621024e+03 1.609742e+03 1.673294e+03
15.1 1.568841e+03 1.626228e+03 1.609792e+03 1.552404e+03
16.1 1.664814e+03 1.620330e+03 1.609857e+03 1.654340e+03
17.1 1.606479e+03 1.612039e+03 1.610587e+03 1.605027e+03
18.1 1.590453e+03 1.607628e+03 1.611819e+03 1.594644e+03
19.1 1.627457e+03 1.603512e+03 1.611955e+03 1.635900e+03
20.1 1.567172e+03 1.601086e+03 1.611243e+03 1.577329e+03
21.1 1.630919e+03 1.602347e+03 1.610507e+03 1.639080e+03
1.0 1.664814e+03 1.620330e+03 1.609857e+03 1.654340e+03
2.0 1.606479e+03 1.612039e+03 1.610587e+03 1.605027e+03
3.0 1.590453e+03 1.607628e+03 1.611819e+03 1.594644e+03
4.0 1.627457e+03 1.603512e+03 1.611955e+03 1.635900e+03
5.0 1.567172e+03 1.601086e+03 1.611243e+03 1.577329e+03
6.0 1.630919e+03 1.602347e+03 1.610507e+03 1.639080e+03
7.0 1.574392e+03 1.614461e+03 1.610030e+03 1.569962e+03
8.0 1.656012e+03 1.634355e+03 1.609777e+03 1.631434e+03
9.0 1.621872e+03 1.638461e+03 1.609670e+03 1.593081e+03
10.0 1.610909e+03 1.626934e+03 1.609654e+03 1.593629e+03
11.0 1.650823e+03 1.615456e+03 1.609686e+03 1.645054e+03
12.0 1.659073e+03 1.609962e+03 1.609734e+03 1.658845e+03
13.0 1.630724e+03 1.606768e+03 1.609778e+03 1.633735e+03
14.0 1.605098e+03 1.602733e+03 1.609810e+03 1.612176e+03
15.0 1.564369e+03 1.601221e+03 1.609830e+03 1.572978e+03
16.0 1.591050e+03 1.602510e+03 1.609841e+03 1.598382e+03
17.0 1.623292e+03 1.605595e+03 1.609847e+03 1.627544e+03
18.0 1.584414e+03 1.606301e+03 1.609850e+03 1.587963e+03
19.0 1.633672e+03 1.604426e+03 1.609851e+03 1.639096e+03
20.0 1.615168e+03 1.603957e+03 1.609851e+03 1.621062e+03
21.0 1.595951e+03 1.604738e+03 1.609852e+03 1.601065e+03
22.0 1.614911e+03 1.605575e+03 1.609852e+03 1.619188e+03
0.2 1.538637e+03 1.606106e+03 1.609852e+03 1.542383e+03
1.2 1.652989e+03 1.606521e+03 1.609975e+03 1.656442e+03
2.2 1.628304e+03 1.607737e+03 1.611045e+03 1.631612e+03
3.2 1.579264e+03 1.609244e+03 1.612626e+03 1.582646e+03
4.2 1.539669e+03 1.607623e+03 1.612843e+03 1.544889e+03
5.2 1.609835e+03 1.605312e+03 1.611877e+03 1.616400e+03
6.2 1.634175e+03 1.610426e+03 1.610826e+03 1.634575e+03
7.2 1.533394e+03 1.622350e+03 1.610127e+03 1.521171e+03
8.2 1.623132e+03 1.628750e+03 1.609752e+03 1.604135e+03
9.2 1.689062e+03 1.620576e+03 1.609593e+03 1.678078e+03
10.2 1.546469e+03 1.619547e+03 1.609567e+03 1.536489e+03
11.2 1.632743e+03 1.626012e+03 1.609612e+03 1.616343e+03
12.2 1.609284e+03 1.618999e+03 1.609680e+03 1.599965e+03
13.2 1.671008e+03 1.609349e+03 1.609744e+03 1.671402e+03
14.2 1.585341e+03 1.613082e+03 1.609790e+03 1.582049e+03
15.2 1.675653e+03 1.624470e+03 1.609820e+03 1.661003e+03
16.2 1.586843e+03 1.620308e+03 1.609836e+03 1.576371e+03
17.2 1.576933e+03 1.610294e+03 1.609845e+03 1.576484e+03
18.2 1.518928e+03 1.605257e+03 1.609849e+03 1.523519e+03
19.2 1.512094e+03 1.604088e+03 1.609850e+03 1.517856e+03
20.2 1.584402e+03 1.601320e+03 1.609853e+03 1.592935e+03
21.2 1.575452e+03 1.596732e+03 1.610151e+03 1.588871e+03
0.5 1.584402e+03 1.601320e+03 1.609853e+03 1.592935e+03
1.5 1.575452e+03 1.596732e+03 1.610151e+03 1.588871e+03
2.5 1.605221e+03 1.598234e+03 1.611551e+03 1.618537e+03
3.5 1.648397e+03 1.603469e+03 1.613326e+03 1.658254e+03
4.5 1.598176e+03 1.605947e+03 1.613683e+03 1.605912e+03
5.5 1.536962e+03 1.604724e+03 1.612554e+03 1.544792e+03
6.5 1.629087e+03 1.604649e+03 1.611201e+03 1.635639e+03
7.5 1.529335e+03 1.610381e+03 1.610261e+03 1.529215e+03
8.5 1.621739e+03 1.621320e+03 1.609746e+03 1.610165e+03
9.5 1.571614e+03 1.624164e+03 1.609524e+03 1.556973e+03
10.5 1.617513e+03 1.617232e+03 1.609481e+03 1.609762e+03
11.5 1.579941e+03 1.611176e+03 1.609535e+03 1.578299e+03
12.5 1.676653e+03 1.614023e+03 1.609623e+03 1.672253e+03
13.5 1.673673e+03 1.622240e+03 1.609706e+03 1.661139e+03
14.5 1.632615e+03 1.621575e+03 1.609768e+03 1.620808e+03
15.5 1.624110e+03 1.613891e+03 1.609807e+03 1.620027e+03
16.5 1.655702e+03 1.608071e+03 1.609830e+03 1.657461e+03
17.5 1.588548e+03 1.605458e+03 1.609842e+03 1.592932e+03
18.5 1.616418e+03 1.604593e+03 1.609847e+03 1.621673e+03
19.5 1.626365e+03 1.606920e+03 1.609850e+03 1.629295e+03
20.5 1.624629e+03 1.614759e+03 1.609851e+03 1.619721e+03
21.5 1.583368e+03 1.616613e+03 1.609851e+03 1.576607e+03
0.9 1.636954e+03 1.636868e+03 1.609882e+03 1.609968e+03
1.9 1.581900e+03 1.624873e+03 1.610564e+03 1.567590e+03
2.9 1.622556e+03 1.614503e+03 1.611770e+03 1.619823e+03
3.9 1.585002e+03 1.603468e+03 1.611915e+03 1.593448e+03
4.9 1.604032e+03 1.597026e+03 1.611221e+03 1.618227e+03
5.9 1.594703e+03 1.597257e+03 1.610499e+03 1.607945e+03
6.9 1.577232e+03 1.600075e+03 1.610041e+03 1.587197e+03
7.9 1.605475e+03 1.603287e+03 1.610298e+03 1.612485e+03
8.9 1.551182e+03 1.606855e+03 1.611808e+03 1.556136e+03
9.9 1.625930e+03 1.609512e+03 1.613407e+03 1.629825e+03
10.9 1.535782e+03 1.606301e+03 1.613401e+03 1.542881e+03
11.9 1.635484e+03 1.603639e+03 1.612163e+03 1.644008e+03
12.9 1.631083e+03 1.612527e+03 1.610903e+03 1.629459e+03
13.9 1.603003e+03 1.619607e+03 1.610084e+03 1.593480e+03
14.9 1.505993e+03 1.613216e+03 1.609656e+03 1.502433e+03
15.9 1.597181e+03 1.606149e+03 1.609489e+03 1.600520e+03
16.9 1.604947e+03 1.604002e+03 1.609478e+03 1.610423e+03
17.9 1.563394e+03 1.604238e+03 1.609547e+03 1.568703e+03
18.9 1.616958e+03 1.604980e+03 1.609638e+03 1.621615e+03
19.9 1.607802e+03 1.605263e+03 1.609719e+03 1.612258e+03
20.9 1.538670e+03 1.603462e+03 1.609777e+03 1.544985e+03
21.9 1.577492e+03 1.602534e+03 1.609813e+03 1.584771e+03
0.7 1.577232e+03 1.600075e+03 1.610041e+03 1.587197e+03
1.7 1.605475e+03 1.603287e+03 1.610298e+03 1.612485e+03
2.7 1.551182e+03 1.606855e+03 1.611808e+03 1.556136e+03
3.7 1.625930e+03 1.609512e+03 1.613407e+03 1.629825e+03
4.7 1.535782e+03 1.606301e+03 1.613401e+03 1.542881e+03
5.7 1.635484e+03 1.603639e+03 1.612163e+03 1.644008e+03
6.7 1.631083e+03 1.612527e+03 1.610903e+03 1.629459e+03
7.7 1.603003e+03 1.619607e+03 1.610084e+03 1.593480e+03
8.7 1.505993e+03 1.613216e+03 1.609656e+03 1.502433e+03
9.7 1.597181e+03 1.606149e+03 1.609489e+03 1.600520e+03
10.7 1.604947e+03 1.604002e+03 1.609478e+03 1.610423e+03
11.7 1.563394e+03 1.604238e+03 1.609547e+03 1.568703e+03
12.7 1.616958e+03 1.604980e+03 1.609638e+03 1.621615e+03
13.7 1.607802e+03 1.605263e+03 1.609719e+03 1.612258e+03
14.7 1.538670e+03 1.603462e+03 1.609777e+03 1.544985e+03
15.7 1.577492e+03 1.602534e+03 1.609813e+03 1.584771e+03
16.7 1.585711e+03 1.603532e+03 1.609833e+03 1.592012e+03
17.7 1.613689e+03 1.604932e+03 1.609843e+03 1.618601e+03
18.7 1.579516e+03 1.605907e+03 1.609848e+03 1.583456e+03
19.7 1.612926e+03 1.606444e+03 1.609850e+03 1.616332e+03
20.7 1.575199e+03 1.607189e+03 1.609851e+03 1.577862e+03
21.7 1.669366e+03 1.608717e+03 1.609851e+03 1.670500e+03
0.9 1.580095e+03 1.604048e+03 1.609882e+03 1.585929e+03
1.9 1.613933e+03 1.605072e+03 1.610576e+03 1.619437e+03
2.9 1.612345e+03 1.607703e+03 1.612315e+03 1.616957e+03
3.9 1.635133e+03 1.609551e+03 1.613705e+03 1.639286e+03
4.9 1.609019e+03 1.607540e+03 1.613337e+03 1.614817e+03
5.9 1.551589e+03 1.604925e+03 1.611983e+03 1.558647e+03
6.9 1.635298e+03 1.605603e+03 1.610767e+03 1.640462e+03
7.9 1.612953e+03 1.606264e+03 1.610011e+03 1.616701e+03
8.9 1.600045e+03 1.601406e+03 1.609629e+03 1.608268e+03
9.9 1.563998e+03 1.598923e+03 1.609490e+03 1.574565e+03
10.9 1.611039e+03 1.600733e+03 1.609495e+03 1.619801e+03
11.9 1.623726e+03 1.603444e+03 1.609569e+03 1.629851e+03
12.9 1.591711e+03 1.605357e+03 1.609658e+03 1.596012e+03
13.9 1.617377e+03 1.606421e+03 1.609733e+03 1.620690e+03
14.9 1.627444e+03 1.606922e+03 1.609786e+03 1.630307e+03
