0.6 1.063542e+03 1.030416e+03 1.021996e+03 1.055123e+03
1.6 9.865630e+02 1.030864e+03 1.021525e+03 9.772234e+02
2.6 1.027177e+03 1.028900e+03 1.019717e+03 1.017994e+03
3.6 9.778956e+02 1.026315e+03 1.017690e+03 9.692706e+02
4.6 9.958823e+02 1.028105e+03 1.017521e+03 9.852980e+02
5.6 9.289199e+02 1.032756e+03 1.018972e+03 9.151357e+02
6.6 1.108964e+03 1.033551e+03 1.020454e+03 1.095867e+03
7.6 1.049425e+03 1.030712e+03 1.020399e+03 1.039112e+03
8.6 1.013508e+03 1.026922e+03 1.019024e+03 1.005610e+03
9.6 1.060816e+03 1.024993e+03 1.018769e+03 1.054592e+03
10.6 1.018585e+03 1.025076e+03 1.019868e+03 1.013377e+03
11.6 1.021093e+03 1.026615e+03 1.021081e+03 1.015560e+03
12.6 1.064872e+03 1.031748e+03 1.021861e+03 1.054985e+03
13.6 1.035047e+03 1.038986e+03 1.022249e+03 1.018310e+03
14.6 1.023174e+03 1.041894e+03 1.022392e+03 1.003673e+03
15.6 1.064370e+03 1.038436e+03 1.022392e+03 1.048326e+03
16.6 1.062696e+03 1.033438e+03 1.022320e+03 1.051578e+03
17.6 1.059798e+03 1.029857e+03 1.022226e+03 1.052167e+03
18.6 1.053949e+03 1.027870e+03 1.022143e+03 1.048222e+03
19.6 1.074019e+03 1.026966e+03 1.022082e+03 1.069135e+03
20.6 1.029505e+03 1.026761e+03 1.022044e+03 1.024788e+03
21.6 1.028040e+03 1.028513e+03 1.022022e+03 1.021548e+03
0.1 9.289199e+02 1.032756e+03 1.018972e+03 9.151357e+02
1.1 1.108964e+03 1.033551e+03 1.020454e+03 1.095867e+03
2.1 1.049425e+03 1.030712e+03 1.020399e+03 1.039112e+03
3.1 1.013508e+03 1.026922e+03 1.019024e+03 1.005610e+03
4.1 1.060816e+03 1.024993e+03 1.018769e+03 1.054592e+03
5.1 1.018585e+03 1.025076e+03 1.019868e+03 1.013377e+03
6.1 1.021093e+03 1.026615e+03 1.021081e+03 1.015560e+03
7.1 1.064872e+03 1.031748e+03 1.021861e+03 1.054985e+03
8.1 1.035047e+03 1.038986e+03 1.022249e+03 1.018310e+03
9.1 1.023174e+03 1.041894e+03 1.022392e+03 1.003673e+03
10.1 1.064370e+03 1.038436e+03 1.022392e+03 1.048326e+03
11.1 1.062696e+03 1.033438e+03 1.022320e+03 1.051578e+03
12.1 1.059798e+03 1.029857e+03 1.022226e+03 1.052167e+03
13.1 1.053949e+03 1.027870e+03 1.022143e+03 1.048222e+03
14.1 1.074019e+03 1.026966e+03 1.022082e+03 1.069135e+03
15.1 1.029505e+03 1.026761e+03 1.022044e+03 1.024788e+03
16.1 1.028040e+03 1.028513e+03 1.022022e+03 1.021548e+03
17.1 1.043577e+03 1.034260e+03 1.022011e+03 1.031328e+03
18.1 1.050683e+03 1.038412e+03 1.022006e+03 1.034276e+03
19.1 1.072856e+03 1.036659e+03 1.022003e+03 1.058200e+03
20.1 1.087706e+03 1.033972e+03 1.022002e+03 1.075736e+03
21.1 1.034990e+03 1.035529e+03 1.022002e+03 1.021463e+03
0.4 1.038866e+03 1.040109e+03 1.022001e+03 1.020758e+03
1.4 1.058910e+03 1.036344e+03 1.021720e+03 1.044286e+03
2.4 1.140393e+03 1.030283e+03 1.020161e+03 1.130272e+03
3.4 1.073912e+03 1.024990e+03 1.017997e+03 1.066920e+03
4.4 9.698170e+02 1.024635e+03 1.017377e+03 9.625591e+02
5.4 9.917634e+02 1.026747e+03 1.018632e+03 9.836481e+02
6.4 1.012683e+03 1.012674e+03 1.020268e+03 1.020277e+03
7.4 1.001028e+03 9.885059e+02 1.021439e+03 1.033961e+03
8.4 1.017956e+03 9.815646e+02 1.022091e+03 1.058482e+03
9.4 1.083559e+03 9.979906e+02 1.022380e+03 1.107949e+03
10.4 1.034432e+03 1.015803e+03 1.022445e+03 1.041075e+03
11.4 1.030382e+03 1.024297e+03 1.022388e+03 1.028473e+03
12.4 1.021300e+03 1.014156e+03 1.022284e+03 1.029429e+03
13.4 8.743096e+02 9.904270e+02 1.022183e+03 9.060661e+02
14.4 9.809161e+02 9.780964e+02 1.022107e+03 1.024927e+03
15.4 9.789673e+02 9.883355e+02 1.022058e+03 1.012689e+03
16.4 1.006208e+03 1.006309e+03 1.022029e+03 1.021929e+03
17.4 1.038490e+03 1.019214e+03 1.022014e+03 1.041290e+03
18.4 1.103677e+03 1.023601e+03 1.022007e+03 1.102083e+03
19.4 1.003978e+03 1.023714e+03 1.022004e+03 1.002267e+03
20.4 1.054386e+03 1.027874e+03 1.022002e+03 1.048514e+03
21.4 1.024147e+03 1.033964e+03 1.022002e+03 1.012184e+03
0.5 1.107256e+03 1.018791e+03 1.022001e+03 1.110466e+03
1.5 1.097269e+03 1.020242e+03 1.021696e+03 1.098723e+03
2.5 1.046411e+03 1.021666e+03 1.020112e+03 1.044857e+03
3.5 9.553427e+02 1.023088e+03 1.018447e+03 9.507014e+02
4.5 9.973563e+02 1.028870e+03 1.018624e+03 9.871102e+02
5.5 1.180197e+03 1.031069e+03 1.019896e+03 1.169024e+03
6.5 1.050278e+03 1.014891e+03 1.021070e+03 1.056457e+03
7.5 1.004220e+03 9.923965e+02 1.021804e+03 1.033628e+03
8.5 1.034947e+03 9.933652e+02 1.022151e+03 1.063733e+03
9.5 9.693758e+02 1.008425e+03 1.021508e+03 9.824590e+02
10.5 1.058626e+03 1.018766e+03 1.019460e+03 1.059320e+03
11.5 9.068296e+02 1.023693e+03 1.017692e+03 9.008279e+02
12.5 1.022580e+03 1.030510e+03 1.017990e+03 1.010060e+03
13.5 1.046679e+03 1.035987e+03 1.019524e+03 1.030216e+03
14.5 1.050769e+03 1.033551e+03 1.020939e+03 1.038157e+03
15.5 1.033713e+03 1.016849e+03 1.021825e+03 1.038688e+03
16.5 1.027260e+03 1.006104e+03 1.022274e+03 1.043430e+03
17.5 9.332969e+02 1.013070e+03 1.022438e+03 9.426647e+02
18.5 1.006524e+03 1.022082e+03 1.022269e+03 1.006710e+03
19.5 1.124271e+03 1.025666e+03 1.020863e+03 1.119468e+03
20.5 1.078688e+03 1.026106e+03 1.018889e+03 1.071471e+03
21.5 1.046387e+03 1.030168e+03 1.018596e+03 1.034815e+03
0.9 1.034947e+03 9.933652e+02 1.022151e+03 1.063733e+03
1.9 9.693758e+02 1.008425e+03 1.021508e+03 9.824590e+02
2.9 1.058626e+03 1.018766e+03 1.019460e+03 1.059320e+03
3.9 9.068296e+02 1.023693e+03 1.017692e+03 9.008279e+02
4.9 1.022580e+03 1.030510e+03 1.017990e+03 1.010060e+03
5.9 1.046679e+03 1.035987e+03 1.019524e+03 1.030216e+03
6.9 1.050769e+03 1.033551e+03 1.020939e+03 1.038157e+03
7.9 1.033713e+03 1.016849e+03 1.021825e+03 1.038688e+03
8.9 1.027260e+03 1.006104e+03 1.022274e+03 1.043430e+03
9.9 9.332969e+02 1.013070e+03 1.022438e+03 9.426647e+02
10.9 1.006524e+03 1.022082e+03 1.022269e+03 1.006710e+03
11.9 1.124271e+03 1.025666e+03 1.020863e+03 1.119468e+03
12.9 1.078688e+03 1.026106e+03 1.018889e+03 1.071471e+03
13.9 1.046387e+03 1.030168e+03 1.018596e+03 1.034815e+03
14.9 1.081814e+03 1.034627e+03 1.019704e+03 1.066891e+03
15.9 1.046027e+03 1.034574e+03 1.020910e+03 1.032363e+03
16.9 1.047071e+03 1.031517e+03 1.021710e+03 1.037264e+03
17.9 8.852161e+02 1.018389e+03 1.022137e+03 8.889643e+02
18.9 1.012304e+03 9.939420e+02 1.022317e+03 1.040678e+03
19.9 9.526627e+02 9.788008e+02 1.022342e+03 9.962038e+02
20.9 9.944590e+02 9.901462e+02 1.022286e+03 1.026599e+03
21.9 9.533831e+02 1.010052e+03 1.022204e+03 9.655343e+02
0.3 9.332969e+02 1.013070e+03 1.022438e+03 9.426647e+02
1.3 1.006524e+03 1.022082e+03 1.022269e+03 1.006710e+03
2.3 1.124271e+03 1.025666e+03 1.020863e+03 1.119468e+03
3.3 1.078688e+03 1.026106e+03 1.018889e+03 1.071471e+03
4.3 1.046387e+03 1.030168e+03 1.018596e+03 1.034815e+03
5.3 1.081814e+03 1.034627e+03 1.019704e+03 1.066891e+03
6.3 1.046027e+03 1.034574e+03 1.020910e+03 1.032363e+03
7.3 1.047071e+03 1.031517e+03 1.021710e+03 1.037264e+03
8.3 8.852161e+02 1.018389e+03 1.022137e+03 8.889643e+02
9.3 1.012304e+03 9.939420e+02 1.022317e+03 1.040678e+03
10.3 9.526627e+02 9.788008e+02 1.022342e+03 9.962038e+02
11.3 9.944590e+02 9.901462e+02 1.022286e+03 1.026599e+03
12.3 9.533831e+02 1.010052e+03 1.022204e+03 9.655343e+02
13.3 9.710339e+02 1.024487e+03 1.022128e+03 9.686748e+02
14.3 9.005356e+02 1.036087e+03 1.022074e+03 8.865220e+02
15.3 1.120198e+03 1.044954e+03 1.022039e+03 1.097284e+03
16.3 1.067056e+03 1.048800e+03 1.022020e+03 1.040276e+03
17.3 1.010045e+03 1.048009e+03 1.022010e+03 9.840455e+02
18.3 1.141807e+03 1.042040e+03 1.022005e+03 1.121772e+03
19.3 1.066538e+03 1.033205e+03 1.022003e+03 1.055336e+03
20.3 1.020972e+03 1.024066e+03 1.022002e+03 1.018909e+03
21.3 1.042683e+03 1.019282e+03 1.022002e+03 1.045403e+03
0.5 1.049496e+03 1.035261e+03 1.022000e+03 1.036234e+03
1.5 1.067922e+03 1.031700e+03 1.021644e+03 1.057866e+03
2.5 1.049003e+03 1.027430e+03 1.019974e+03 1.041547e+03
3.5 1.062661e+03 1.023875e+03 1.017856e+03 1.056643e+03
4.5 1.028413e+03 1.022627e+03 1.017429e+03 1.023216e+03
5.5 1.015179e+03 1.019675e+03 1.018777e+03 1.014281e+03
6.5 9.917946e+02 1.003451e+03 1.020391e+03 1.008735e+03
7.5 1.014372e+03 9.822778e+02 1.021513e+03 1.053608e+03
8.5 9.646814e+02 9.809540e+02 1.022127e+03 1.005855e+03
9.5 9.817686e+02 1.000054e+03 1.022393e+03 1.004107e+03
10.5 1.072877e+03 1.017708e+03 1.022444e+03 1.077613e+03
11.5 1.054476e+03 1.025493e+03 1.022380e+03 1.051362e+03
12.5 1.013173e+03 1.025867e+03 1.022275e+03 1.009581e+03
13.5 1.029248e+03 1.028230e+03 1.022176e+03 1.023194e+03
14.5 9.524526e+02 1.033830e+03 1.022102e+03 9.407241e+02
15.5 1.077392e+03 1.035110e+03 1.022054e+03 1.064336e+03
16.5 1.120997e+03 1.030884e+03 1.022027e+03 1.112140e+03
17.5 1.110640e+03 1.025105e+03 1.022013e+03 1.107549e+03
18.5 1.135305e+03 1.026178e+03 1.022007e+03 1.131134e+03
19.5 1.012812e+03 1.030853e+03 1.022004e+03 1.003963e+03
20.5 1.019958e+03 1.032032e+03 1.022002e+03 1.009928e+03
21.5 1.026257e+03 1.030862e+03 1.022002e+03 1.017397e+03
0.5 1.030804e+03 1.030959e+03 1.022000e+03 1.021845e+03
1.5 1.060524e+03 1.031674e+03 1.021644e+03 1.050495e+03
2.5 1.049116e+03 1.029076e+03 1.020191e+03 1.040231e+03
3.5 1.077656e+03 1.029642e+03 1.019367e+03 1.067381e+03
4.5 1.029172e+03 1.033200e+03 1.019927e+03 1.015898e+03
5.5 1.045666e+03 1.033195e+03 1.020637e+03 1.033108e+03
6.5 1.054896e+03 1.029668e+03 1.019864e+03 1.045092e+03
7.5 1.061354e+03 1.025562e+03 1.018085e+03 1.053877e+03
8.5 1.017385e+03 1.025343e+03 1.017529e+03 1.009571e+03
9.5 9.761364e+02 1.030990e+03 1.018774e+03 9.639206e+02
10.5 1.058020e+03 1.037717e+03 1.020402e+03 1.040705e+03
11.5 1.055797e+03 1.042463e+03 1.021553e+03 1.034887e+03
12.5 1.038154e+03 1.044241e+03 1.022173e+03 1.016087e+03
13.5 9.989688e+02 1.033560e+03 1.022435e+03 9.878440e+02
14.5 9.591667e+02 1.012546e+03 1.022480e+03 9.691006e+02
15.5 9.466312e+02 1.005095e+03 1.022410e+03 9.639458e+02
16.5 9.735300e+02 1.010424e+03 1.022298e+03 9.854044e+02
17.5 1.039575e+03 1.018112e+03 1.022192e+03 1.043655e+03
18.5 1.035429e+03 1.023622e+03 1.022112e+03 1.033919e+03
19.5 1.042036e+03 1.020567e+03 1.022060e+03 1.043529e+03
20.5 1.052154e+03 1.001705e+03 1.022031e+03 1.072479e+03
21.5 9.300855e+02 9.817179e+02 1.022015e+03 9.703825e+02
0.4 1.029172e+03 1.033200e+03 1.019927e+03 1.015898e+03
1.4 1.045666e+03 1.033195e+03 1.020637e+03 1.033108e+03
2.4 1.054896e+03 1.029668e+03 1.019864e+03 1.045092e+03
3.4 1.061354e+03 1.025562e+03 1.018085e+03 1.053877e+03
4.4 1.017385e+03 1.025343e+03 1.017529e+03 1.009571e+03
5.4 9.761364e+02 1.030990e+03 1.018774e+03 9.639206e+02
6.4 1.058020e+03 1.037717e+03 1.020402e+03 1.040705e+03
7.4 1.055797e+03 1.042463e+03 1.021553e+03 1.034887e+03
8.4 1.038154e+03 1.044241e+03 1.022173e+03 1.016087e+03
9.4 9.989688e+02 1.033560e+03 1.022435e+03 9.878440e+02
10.4 9.591667e+02 1.012546e+03 1.022480e+03 9.691006e+02
11.4 9.466312e+02 1.005095e+03 1.022410e+03 9.639458e+02
12.4 9.735300e+02 1.010424e+03 1.022298e+03 9.854044e+02
13.4 1.039575e+03 1.018112e+03 1.022192e+03 1.043655e+03
14.4 1.035429e+03 1.023622e+03 1.022112e+03 1.033919e+03
15.4 1.042036e+03 1.020567e+03 1.022060e+03 1.043529e+03
16.4 1.052154e+03 1.001705e+03 1.022031e+03 1.072479e+03
17.4 9.300855e+02 9.817179e+02 1.022015e+03 9.703825e+02
18.4 1.052413e+03 9.819078e+02 1.022007e+03 1.092512e+03
19.4 9.691058e+02 9.965749e+02 1.022004e+03 9.945348e+02
20.4 1.007479e+03 1.009217e+03 1.022002e+03 1.020265e+03
21.4 9.892000e+02 1.017350e+03 1.022002e+03 9.938515e+02
0.5 1.006483e+03 1.031061e+03 1.022000e+03 9.974223e+02
1.5 9.589999e+02 1.031265e+03 1.021644e+03 9.493790e+02
2.5 9.451804e+02 1.029175e+03 1.019992e+03 9.359979e+02
3.5 1.061286e+03 1.027573e+03 1.018403e+03 1.052116e+03
4.5 1.016671e+03 1.031285e+03 1.018682e+03 1.004068e+03
5.5 1.057263e+03 1.034145e+03 1.019973e+03 1.043091e+03
6.5 1.032154e+03 1.033204e+03 1.021123e+03 1.020074e+03
7.5 1.032955e+03 1.031073e+03 1.021834e+03 1.023715e+03
8.5 1.071808e+03 1.029419e+03 1.022196e+03 1.064585e+03
9.5 1.040329e+03 1.028375e+03 1.022332e+03 1.034285e+03
10.5 1.056891e+03 1.022753e+03 1.022332e+03 1.056469e+03
11.5 1.045669e+03 1.005552e+03 1.022265e+03 1.062382e+03
12.5 1.006455e+03 9.977343e+02 1.022183e+03 1.030904e+03
13.5 9.708820e+02 1.004877e+03 1.022112e+03 9.881175e+02
14.5 1.000051e+03 1.015015e+03 1.022063e+03 1.007100e+03
15.5 1.009860e+03 1.019772e+03 1.022033e+03 1.012121e+03
16.5 1.021596e+03 1.021604e+03 1.022016e+03 1.022008e+03
17.5 1.038482e+03 1.028150e+03 1.022008e+03 1.032340e+03
18.5 1.043175e+03 1.033690e+03 1.022004e+03 1.031489e+03
19.5 1.040200e+03 1.034227e+03 1.022003e+03 1.027976e+03
20.5 1.045370e+03 1.032482e+03 1.022002e+03 1.034890e+03
21.5 1.036260e+03 1.030687e+03 1.022002e+03 1.027575e+03
