0.5 1.550276e+03 1.607989e+03 1.611502e+03 1.553788e+03
1.5 1.524553e+03 1.608314e+03 1.610535e+03 1.526774e+03
2.5 1.628841e+03 1.605693e+03 1.608228e+03 1.631375e+03
3.5 1.618038e+03 1.604831e+03 1.607820e+03 1.621026e+03
4.5 1.646110e+03 1.606191e+03 1.608789e+03 1.648708e+03
5.5 1.581794e+03 1.605171e+03 1.608011e+03 1.584634e+03
6.5 1.599822e+03 1.603591e+03 1.607360e+03 1.603591e+03
7.5 1.587402e+03 1.603876e+03 1.608497e+03 1.592024e+03
8.5 1.596519e+03 1.604955e+03 1.610078e+03 1.601641e+03
9.5 1.562074e+03 1.605876e+03 1.611174e+03 1.567371e+03
10.5 1.596821e+03 1.606560e+03 1.611735e+03 1.601996e+03
11.5 1.619527e+03 1.606963e+03 1.611908e+03 1.624472e+03
12.5 1.566871e+03 1.605600e+03 1.610463e+03 1.571734e+03
13.5 1.533506e+03 1.603368e+03 1.608305e+03 1.538443e+03
14.5 1.613095e+03 1.603274e+03 1.608300e+03 1.618122e+03
15.5 1.629843e+03 1.604548e+03 1.609530e+03 1.634825e+03
16.5 1.612427e+03 1.605687e+03 1.610658e+03 1.617399e+03
17.5 1.600901e+03 1.602702e+03 1.611351e+03 1.609551e+03
18.5 1.665455e+03 1.598297e+03 1.611706e+03 1.678864e+03
19.5 1.641861e+03 1.600724e+03 1.611844e+03 1.652981e+03
20.5 1.583910e+03 1.617183e+03 1.611846e+03 1.578573e+03
0.1 1.618038e+03 1.604831e+03 1.607820e+03 1.621026e+03
1.1 1.646110e+03 1.606191e+03 1.608789e+03 1.648708e+03
2.1 1.581794e+03 1.605171e+03 1.608011e+03 1.584634e+03
3.1 1.599822e+03 1.603591e+03 1.607360e+03 1.603591e+03
4.1 1.587402e+03 1.603876e+03 1.608497e+03 1.592024e+03
5.1 1.596519e+03 1.604955e+03 1.610078e+03 1.601641e+03
6.1 1.562074e+03 1.605876e+03 1.611174e+03 1.567371e+03
7.1 1.596821e+03 1.606560e+03 1.611735e+03 1.601996e+03
8.1 1.619527e+03 1.606963e+03 1.611908e+03 1.624472e+03
9.1 1.566871e+03 1.605600e+03 1.610463e+03 1.571734e+03
10.1 1.533506e+03 1.603368e+03 1.608305e+03 1.538443e+03
11.1 1.613095e+03 1.603274e+03 1.608300e+03 1.618122e+03
12.1 1.629843e+03 1.604548e+03 1.609530e+03 1.634825e+03
13.1 1.612427e+03 1.605687e+03 1.610658e+03 1.617399e+03
14.1 1.600901e+03 1.602702e+03 1.611351e+03 1.609551e+03
15.1 1.665455e+03 1.598297e+03 1.611706e+03 1.678864e+03
16.1 1.641861e+03 1.600724e+03 1.611844e+03 1.652981e+03
17.1 1.583910e+03 1.617183e+03 1.611846e+03 1.578573e+03
18.1 1.634089e+03 1.640798e+03 1.611780e+03 1.605071e+03
19.1 1.662034e+03 1.648884e+03 1.611696e+03 1.624845e+03
20.1 1.644306e+03 1.633606e+03 1.611623e+03 1.622323e+03
0.8 1.619527e+03 1.606963e+03 1.611908e+03 1.624472e+03
1.8 1.566871e+03 1.605600e+03 1.610463e+03 1.571734e+03
2.8 1.533506e+03 1.603368e+03 1.608305e+03 1.538443e+03
3.8 1.613095e+03 1.603274e+03 1.608300e+03 1.618122e+03
4.8 1.629843e+03 1.604548e+03 1.609530e+03 1.634825e+03
5.8 1.612427e+03 1.605687e+03 1.610658e+03 1.617399e+03
6.8 1.600901e+03 1.602702e+03 1.611351e+03 1.609551e+03
7.8 1.665455e+03 1.598297e+03 1.611706e+03 1.678864e+03
8.8 1.641861e+03 1.600724e+03 1.611844e+03 1.652981e+03
9.8 1.583910e+03 1.617183e+03 1.611846e+03 1.578573e+03
10.8 1.634089e+03 1.640798e+03 1.611780e+03 1.605071e+03
11.8 1.662034e+03 1.648884e+03 1.611696e+03 1.624845e+03
12.8 1.644306e+03 1.633606e+03 1.611623e+03 1.622323e+03
13.8 1.652089e+03 1.616646e+03 1.611572e+03 1.647015e+03
14.8 1.614197e+03 1.607489e+03 1.611541e+03 1.618248e+03
15.8 1.563078e+03 1.603696e+03 1.611524e+03 1.570907e+03
16.8 1.595780e+03 1.602477e+03 1.611515e+03 1.604819e+03
17.8 1.604706e+03 1.602700e+03 1.611511e+03 1.613518e+03
18.8 1.612703e+03 1.608660e+03 1.611510e+03 1.615552e+03
19.8 1.621751e+03 1.627053e+03 1.611509e+03 1.606207e+03
20.8 1.652564e+03 1.638892e+03 1.611509e+03 1.625180e+03
0.8 1.646372e+03 1.625014e+03 1.611444e+03 1.632802e+03
1.8 1.650264e+03 1.627522e+03 1.609852e+03 1.632594e+03
2.8 1.586144e+03 1.618828e+03 1.607857e+03 1.575172e+03
3.8 1.628724e+03 1.610221e+03 1.608079e+03 1.626582e+03
4.8 1.630556e+03 1.605827e+03 1.609429e+03 1.634158e+03
5.8 1.654477e+03 1.604302e+03 1.610600e+03 1.660775e+03
6.8 1.596679e+03 1.602981e+03 1.610290e+03 1.603988e+03
7.8 1.595597e+03 1.601098e+03 1.608366e+03 1.602865e+03
8.8 1.634663e+03 1.602478e+03 1.608167e+03 1.640351e+03
9.8 1.653196e+03 1.606048e+03 1.609391e+03 1.656538e+03
10.8 1.589112e+03 1.607394e+03 1.609642e+03 1.591360e+03
11.8 1.602232e+03 1.605219e+03 1.608082e+03 1.605095e+03
12.8 1.601163e+03 1.604082e+03 1.608047e+03 1.605128e+03
13.8 1.650378e+03 1.604768e+03 1.609394e+03 1.655003e+03
14.8 1.574754e+03 1.607055e+03 1.610689e+03 1.578388e+03
15.8 1.607550e+03 1.610130e+03 1.611463e+03 1.608883e+03
16.8 1.652313e+03 1.610189e+03 1.611825e+03 1.653949e+03
17.8 1.627567e+03 1.603804e+03 1.611942e+03 1.635704e+03
18.8 1.588880e+03 1.600121e+03 1.611920e+03 1.600679e+03
19.8 1.719029e+03 1.604078e+03 1.611833e+03 1.726784e+03
20.8 1.618576e+03 1.616175e+03 1.611732e+03 1.614132e+03
0.6 1.654477e+03 1.604302e+03 1.610600e+03 1.660775e+03
1.6 1.596679e+03 1.602981e+03 1.610290e+03 1.603988e+03
2.6 1.595597e+03 1.601098e+03 1.608366e+03 1.602865e+03
3.6 1.634663e+03 1.602478e+03 1.608167e+03 1.640351e+03
4.6 1.653196e+03 1.606048e+03 1.609391e+03 1.656538e+03
5.6 1.589112e+03 1.607394e+03 1.609642e+03 1.591360e+03
6.6 1.602232e+03 1.605219e+03 1.608082e+03 1.605095e+03
7.6 1.601163e+03 1.604082e+03 1.608047e+03 1.605128e+03
8.6 1.650378e+03 1.604768e+03 1.609394e+03 1.655003e+03
9.6 1.574754e+03 1.607055e+03 1.610689e+03 1.578388e+03
10.6 1.607550e+03 1.610130e+03 1.611463e+03 1.608883e+03
11.6 1.652313e+03 1.610189e+03 1.611825e+03 1.653949e+03
12.6 1.627567e+03 1.603804e+03 1.611942e+03 1.635704e+03
13.6 1.588880e+03 1.600121e+03 1.611920e+03 1.600679e+03
14.6 1.719029e+03 1.604078e+03 1.611833e+03 1.726784e+03
15.6 1.618576e+03 1.616175e+03 1.611732e+03 1.614132e+03
16.6 1.693907e+03 1.627849e+03 1.611570e+03 1.677628e+03
17.6 1.633023e+03 1.627129e+03 1.609857e+03 1.615751e+03
18.6 1.633090e+03 1.617902e+03 1.607871e+03 1.623059e+03
19.6 1.589309e+03 1.610425e+03 1.608130e+03 1.587014e+03
20.6 1.592143e+03 1.607000e+03 1.609477e+03 1.594621e+03
0.5 1.653196e+03 1.606048e+03 1.609391e+03 1.656538e+03
1.5 1.589112e+03 1.607394e+03 1.609642e+03 1.591360e+03
2.5 1.602232e+03 1.605219e+03 1.608082e+03 1.605095e+03
3.5 1.601163e+03 1.604082e+03 1.608047e+03 1.605128e+03
4.5 1.650378e+03 1.604768e+03 1.609394e+03 1.655003e+03
5.5 1.574754e+03 1.607055e+03 1.610689e+03 1.578388e+03
6.5 1.607550e+03 1.610130e+03 1.611463e+03 1.608883e+03
7.5 1.652313e+03 1.610189e+03 1.611825e+03 1.653949e+03
8.5 1.627567e+03 1.603804e+03 1.611942e+03 1.635704e+03
9.5 1.588880e+03 1.600121e+03 1.611920e+03 1.600679e+03
10.5 1.719029e+03 1.604078e+03 1.611833e+03 1.726784e+03
11.5 1.618576e+03 1.616175e+03 1.611732e+03 1.614132e+03
12.5 1.693907e+03 1.627849e+03 1.611570e+03 1.677628e+03
13.5 1.633023e+03 1.627129e+03 1.609857e+03 1.615751e+03
14.5 1.633090e+03 1.617902e+03 1.607871e+03 1.623059e+03
15.5 1.589309e+03 1.610425e+03 1.608130e+03 1.587014e+03
16.5 1.592143e+03 1.607000e+03 1.609477e+03 1.594621e+03
17.5 1.619051e+03 1.607234e+03 1.610639e+03 1.622456e+03
18.5 1.579396e+03 1.607565e+03 1.611342e+03 1.583173e+03
19.5 1.612008e+03 1.602228e+03 1.611700e+03 1.621480e+03
20.5 1.568719e+03 1.599702e+03 1.611837e+03 1.580854e+03
0.9 1.693907e+03 1.627849e+03 1.611570e+03 1.677628e+03
1.9 1.633023e+03 1.627129e+03 1.609857e+03 1.615751e+03
2.9 1.633090e+03 1.617902e+03 1.607871e+03 1.623059e+03
3.9 1.589309e+03 1.610425e+03 1.608130e+03 1.587014e+03
4.9 1.592143e+03 1.607000e+03 1.609477e+03 1.594621e+03
5.9 1.619051e+03 1.607234e+03 1.610639e+03 1.622456e+03
6.9 1.579396e+03 1.607565e+03 1.611342e+03 1.583173e+03
7.9 1.612008e+03 1.602228e+03 1.611700e+03 1.621480e+03
8.9 1.568719e+03 1.599702e+03 1.611837e+03 1.580854e+03
9.9 1.630413e+03 1.603431e+03 1.611837e+03 1.638820e+03
10.9 1.609252e+03 1.606811e+03 1.611771e+03 1.614211e+03
11.9 1.641098e+03 1.602876e+03 1.611688e+03 1.649910e+03
12.9 1.510713e+03 1.599569e+03 1.611618e+03 1.522762e+03
13.9 1.617663e+03 1.600788e+03 1.611569e+03 1.628444e+03
14.9 1.575927e+03 1.604762e+03 1.611539e+03 1.582704e+03
15.9 1.590900e+03 1.618863e+03 1.611523e+03 1.583559e+03
16.9 1.651437e+03 1.638084e+03 1.611410e+03 1.624763e+03
17.9 1.640283e+03 1.639801e+03 1.609637e+03 1.610119e+03
18.9 1.668260e+03 1.633153e+03 1.607788e+03 1.642896e+03
19.9 1.736078e+03 1.635292e+03 1.607967e+03 1.708754e+03
20.9 1.622629e+03 1.630070e+03 1.607310e+03 1.599869e+03
0.9 1.651437e+03 1.638084e+03 1.611410e+03 1.624763e+03
1.9 1.640283e+03 1.639801e+03 1.609637e+03 1.610119e+03
2.9 1.668260e+03 1.633153e+03 1.607788e+03 1.642896e+03
3.9 1.736078e+03 1.635292e+03 1.607967e+03 1.708754e+03
4.9 1.622629e+03 1.630070e+03 1.607310e+03 1.599869e+03
5.9 1.637216e+03 1.617908e+03 1.606893e+03 1.626200e+03
6.9 1.639092e+03 1.608716e+03 1.608214e+03 1.638589e+03
7.9 1.617403e+03 1.604275e+03 1.609941e+03 1.623069e+03
8.9 1.617391e+03 1.602953e+03 1.611142e+03 1.625580e+03
9.9 1.653439e+03 1.607030e+03 1.611762e+03 1.658171e+03
10.9 1.590612e+03 1.617704e+03 1.612000e+03 1.584908e+03
11.9 1.602062e+03 1.620937e+03 1.612020e+03 1.593146e+03
12.9 1.682649e+03 1.612143e+03 1.611933e+03 1.682439e+03
13.9 1.620327e+03 1.605376e+03 1.611813e+03 1.626763e+03
14.9 1.671812e+03 1.603361e+03 1.611370e+03 1.679821e+03
15.9 1.623619e+03 1.601411e+03 1.609104e+03 1.631312e+03
16.9 1.628483e+03 1.600849e+03 1.607751e+03 1.635385e+03
17.9 1.602336e+03 1.603802e+03 1.608533e+03 1.607067e+03
18.9 1.660501e+03 1.607611e+03 1.609712e+03 1.662602e+03
19.9 1.593878e+03 1.607195e+03 1.608744e+03 1.595427e+03
20.9 1.630129e+03 1.605139e+03 1.607702e+03 1.632693e+03
0.1 1.668260e+03 1.633153e+03 1.607788e+03 1.642896e+03
1.1 1.736078e+03 1.635292e+03 1.607967e+03 1.708754e+03
2.1 1.622629e+03 1.630070e+03 1.607310e+03 1.599869e+03
3.1 1.637216e+03 1.617908e+03 1.606893e+03 1.626200e+03
4.1 1.639092e+03 1.608716e+03 1.608214e+03 1.638589e+03
5.1 1.617403e+03 1.604275e+03 1.609941e+03 1.623069e+03
6.1 1.617391e+03 1.602953e+03 1.611142e+03 1.625580e+03
7.1 1.653439e+03 1.607030e+03 1.611762e+03 1.658171e+03
8.1 1.590612e+03 1.617704e+03 1.612000e+03 1.584908e+03
9.1 1.602062e+03 1.620937e+03 1.612020e+03 1.593146e+03
10.1 1.682649e+03 1.612143e+03 1.611933e+03 1.682439e+03
11.1 1.620327e+03 1.605376e+03 1.611813e+03 1.626763e+03
12.1 1.671812e+03 1.603361e+03 1.611370e+03 1.679821e+03
13.1 1.623619e+03 1.601411e+03 1.609104e+03 1.631312e+03
14.1 1.628483e+03 1.600849e+03 1.607751e+03 1.635385e+03
15.1 1.602336e+03 1.603802e+03 1.608533e+03 1.607067e+03
16.1 1.660501e+03 1.607611e+03 1.609712e+03 1.662602e+03
17.1 1.593878e+03 1.607195e+03 1.608744e+03 1.595427e+03
18.1 1.630129e+03 1.605139e+03 1.607702e+03 1.632693e+03
19.1 1.584401e+03 1.604953e+03 1.608571e+03 1.588019e+03
20.1 1.668389e+03 1.605548e+03 1.609855e+03 1.672695e+03
0.2 1.620327e+03 1.605376e+03 1.611813e+03 1.626763e+03
1.2 1.671812e+03 1.603361e+03 1.611370e+03 1.679821e+03
2.2 1.623619e+03 1.601411e+03 1.609104e+03 1.631312e+03
3.2 1.628483e+03 1.600849e+03 1.607751e+03 1.635385e+03
4.2 1.602336e+03 1.603802e+03 1.608533e+03 1.607067e+03
5.2 1.660501e+03 1.607611e+03 1.609712e+03 1.662602e+03
6.2 1.593878e+03 1.607195e+03 1.608744e+03 1.595427e+03
7.2 1.630129e+03 1.605139e+03 1.607702e+03 1.632693e+03
8.2 1.584401e+03 1.604953e+03 1.608571e+03 1.588019e+03
9.2 1.668389e+03 1.605548e+03 1.609855e+03 1.672695e+03
10.2 1.634831e+03 1.604119e+03 1.608935e+03 1.639647e+03
11.2 1.615561e+03 1.602698e+03 1.607875e+03 1.620739e+03
12.2 1.614785e+03 1.603545e+03 1.608700e+03 1.619939e+03
13.2 1.648884e+03 1.606041e+03 1.610108e+03 1.652950e+03
14.2 1.671298e+03 1.606730e+03 1.609923e+03 1.674492e+03
15.2 1.604016e+03 1.604760e+03 1.608241e+03 1.607497e+03
16.2 1.624156e+03 1.604133e+03 1.608315e+03 1.628337e+03
17.2 1.607759e+03 1.605011e+03 1.609629e+03 1.612377e+03
18.2 1.581723e+03 1.605915e+03 1.610675e+03 1.586483e+03
19.2 1.581329e+03 1.604591e+03 1.609488e+03 1.586226e+03
20.2 1.546289e+03 1.603011e+03 1.608071e+03 1.551349e+03
1.0 1.660501e+03 1.607611e+03 1.609712e+03 1.662602e+03
2.0 1.593878e+03 1.607195e+03 1.608744e+03 1.595427e+03
3.0 1.630129e+03 1.605139e+03 1.607702e+03 1.632693e+03
4.0 1.584401e+03 1.604953e+03 1.608571e+03 1.588019e+03
5.0 1.668389e+03 1.605548e+03 1.609855e+03 1.672695e+03
6.0 1.634831e+03 1.604119e+03 1.608935e+03 1.639647e+03
7.0 1.615561e+03 1.602698e+03 1.607875e+03 1.620739e+03
8.0 1.614785e+03 1.603545e+03 1.608700e+03 1.619939e+03
9.0 1.648884e+03 1.606041e+03 1.610108e+03 1.652950e+03
10.0 1.671298e+03 1.606730e+03 1.609923e+03 1.674492e+03
11.0 1.604016e+03 1.604760e+03 1.608241e+03 1.607497e+03
12.0 1.624156e+03 1.604133e+03 1.608315e+03 1.628337e+03
13.0 1.607759e+03 1.605011e+03 1.609629e+03 1.612377e+03
14.0 1.581723e+03 1.605915e+03 1.610675e+03 1.586483e+03
15.0 1.581329e+03 1.604591e+03 1.609488e+03 1.586226e+03
16.0 1.546289e+03 1.603011e+03 1.608071e+03 1.551349e+03
17.0 1.650096e+03 1.603497e+03 1.608664e+03 1.655264e+03
18.0 1.613694e+03 1.604874e+03 1.610016e+03 1.618836e+03
19.0 1.576832e+03 1.606771e+03 1.611044e+03 1.581106e+03
20.0 1.569138e+03 1.609159e+03 1.611605e+03 1.571584e+03
21.0 1.606691e+03 1.610240e+03 1.611484e+03 1.607935e+03
1.0 1.668389e+03 1.605548e+03 1.609855e+03 1.672695e+03
2.0 1.634831e+03 1.604119e+03 1.608935e+03 1.639647e+03
3.0 1.615561e+03 1.602698e+03 1.607875e+03 1.620739e+03
4.0 1.614785e+03 1.603545e+03 1.608700e+03 1.619939e+03
5.0 1.648884e+03 1.606041e+03 1.610108e+03 1.652950e+03
6.0 1.671298e+03 1.606730e+03 1.609923e+03 1.674492e+03
7.0 1.604016e+03 1.604760e+03 1.608241e+03 1.607497e+03
8.0 1.624156e+03 1.604133e+03 1.608315e+03 1.628337e+03
9.0 1.607759e+03 1.605011e+03 1.609629e+03 1.612377e+03
10.0 1.581723e+03 1.605915e+03 1.610675e+03 1.586483e+03
11.0 1.581329e+03 1.604591e+03 1.609488e+03 1.586226e+03
12.0 1.546289e+03 1.603011e+03 1.608071e+03 1.551349e+03
13.0 1.650096e+03 1.603497e+03 1.608664e+03 1.655264e+03
14.0 1.613694e+03 1.604874e+03 1.610016e+03 1.618836e+03
15.0 1.576832e+03 1.606771e+03 1.611044e+03 1.581106e+03
16.0 1.569138e+03 1.609159e+03 1.611605e+03 1.571584e+03
17.0 1.606691e+03 1.610240e+03 1.611484e+03 1.607935e+03
18.0 1.642184e+03 1.607513e+03 1.609329e+03 1.644000e+03
19.0 1.620265e+03 1.604895e+03 1.608051e+03 1.623421e+03
20.0 1.617381e+03 1.608445e+03 1.608813e+03 1.617749e+03
21.0 1.646091e+03 1.625661e+03 1.610098e+03 1.630528e+03
0.7 1.648884e+03 1.606041e+03 1.610108e+03 1.652950e+03
1.7 1.671298e+03 1.606730e+03 1.609923e+03 1.674492e+03
2.7 1.604016e+03 1.604760e+03 1.608241e+03 1.607497e+03
3.7 1.624156e+03 1.604133e+03 1.608315e+03 1.628337e+03
4.7 1.607759e+03 1.605011e+03 1.609629e+03 1.612377e+03
5.7 1.581723e+03 1.605915e+03 1.610675e+03 1.586483e+03
6.7 1.581329e+03 1.604591e+03 1.609488e+03 1.586226e+03
7.7 1.546289e+03 1.603011e+03 1.608071e+03 1.551349e+03
8.7 1.650096e+03 1.603497e+03 1.608664e+03 1.655264e+03
9.7 1.613694e+03 1.604874e+03 1.610016e+03 1.618836e+03
10.7 1.576832e+03 1.606771e+03 1.611044e+03 1.581106e+03
11.7 1.569138e+03 1.609159e+03 1.611605e+03 1.571584e+03
12.7 1.606691e+03 1.610240e+03 1.611484e+03 1.607935e+03
13.7 1.642184e+03 1.607513e+03 1.609329e+03 1.644000e+03
14.7 1.620265e+03 1.604895e+03 1.608051e+03 1.623421e+03
15.7 1.617381e+03 1.608445e+03 1.608813e+03 1.617749e+03
16.7 1.646091e+03 1.625661e+03 1.610098e+03 1.630528e+03
17.7 1.635910e+03 1.646227e+03 1.611008e+03 1.600690e+03
18.7 1.641864e+03 1.648587e+03 1.610251e+03 1.603528e+03
19.7 1.591411e+03 1.633333e+03 1.608303e+03 1.566381e+03
20.7 1.628380e+03 1.618331e+03 1.608289e+03 1.618338e+03
1.0 1.581723e+03 1.605915e+03 1.610675e+03 1.586483e+03
2.0 1.581329e+03 1.604591e+03 1.609488e+03 1.586226e+03
3.0 1.546289e+03 1.603011e+03 1.608071e+03 1.551349e+03
4.0 1.650096e+03 1.603497e+03 1.608664e+03 1.655264e+03
5.0 1.613694e+03 1.604874e+03 1.610016e+03 1.618836e+03
6.0 1.576832e+03 1.606771e+03 1.611044e+03 1.581106e+03
7.0 1.569138e+03 1.609159e+03 1.611605e+03 1.571584e+03
8.0 1.606691e+03 1.610240e+03 1.611484e+03 1.607935e+03
9.0 1.642184e+03 1.607513e+03 1.609329e+03 1.644000e+03
10.0 1.620265e+03 1.604895e+03 1.608051e+03 1.623421e+03
11.0 1.617381e+03 1.608445e+03 1.608813e+03 1.617749e+03
12.0 1.646091e+03 1.625661e+03 1.610098e+03 1.630528e+03
13.0 1.635910e+03 1.646227e+03 1.611008e+03 1.600690e+03
14.0 1.641864e+03 1.648587e+03 1.610251e+03 1.603528e+03
15.0 1.591411e+03 1.633333e+03 1.608303e+03 1.566381e+03
16.0 1.628380e+03 1.618331e+03 1.608289e+03 1.618338e+03
17.0 1.671641e+03 1.614392e+03 1.609546e+03 1.666795e+03
18.0 1.684576e+03 1.621024e+03 1.610705e+03 1.674258e+03
19.0 1.568841e+03 1.626228e+03 1.611035e+03 1.553647e+03
20.0 1.664814e+03 1.620330e+03 1.609163e+03 1.653647e+03
21.0 1.606479e+03 1.612039e+03 1.608056e+03 1.602495e+03
0.2 1.569138e+03 1.609159e+03 1.611605e+03 1.571584e+03
1.2 1.606691e+03 1.610240e+03 1.611484e+03 1.607935e+03
2.2 1.642184e+03 1.607513e+03 1.609329e+03 1.644000e+03
3.2 1.620265e+03 1.604895e+03 1.608051e+03 1.623421e+03
4.2 1.617381e+03 1.608445e+03 1.608813e+03 1.617749e+03
5.2 1.646091e+03 1.625661e+03 1.610098e+03 1.630528e+03
6.2 1.635910e+03 1.646227e+03 1.611008e+03 1.600690e+03
7.2 1.641864e+03 1.648587e+03 1.610251e+03 1.603528e+03
8.2 1.591411e+03 1.633333e+03 1.608303e+03 1.566381e+03
9.2 1.628380e+03 1.618331e+03 1.608289e+03 1.618338e+03
10.2 1.671641e+03 1.614392e+03 1.609546e+03 1.666795e+03
11.2 1.684576e+03 1.621024e+03 1.610705e+03 1.674258e+03
12.2 1.568841e+03 1.626228e+03 1.611035e+03 1.553647e+03
13.2 1.664814e+03 1.620330e+03 1.609163e+03 1.653647e+03
14.2 1.606479e+03 1.612039e+03 1.608056e+03 1.602495e+03
15.2 1.590453e+03 1.607628e+03 1.608534e+03 1.591359e+03
16.2 1.627457e+03 1.603512e+03 1.607623e+03 1.631568e+03
17.2 1.567172e+03 1.601086e+03 1.607307e+03 1.573393e+03
18.2 1.630919e+03 1.602347e+03 1.608652e+03 1.637225e+03
19.2 1.574392e+03 1.614461e+03 1.610246e+03 1.570177e+03
20.2 1.656012e+03 1.634355e+03 1.611236e+03 1.632893e+03
0.7 1.635910e+03 1.646227e+03 1.611008e+03 1.600690e+03
1.7 1.641864e+03 1.648587e+03 1.610251e+03 1.603528e+03
2.7 1.591411e+03 1.633333e+03 1.608303e+03 1.566381e+03
3.7 1.628380e+03 1.618331e+03 1.608289e+03 1.618338e+03
4.7 1.671641e+03 1.614392e+03 1.609546e+03 1.666795e+03
5.7 1.684576e+03 1.621024e+03 1.610705e+03 1.674258e+03
6.7 1.568841e+03 1.626228e+03 1.611035e+03 1.553647e+03
7.7 1.664814e+03 1.620330e+03 1.609163e+03 1.653647e+03
8.7 1.606479e+03 1.612039e+03 1.608056e+03 1.602495e+03
9.7 1.590453e+03 1.607628e+03 1.608534e+03 1.591359e+03
10.7 1.627457e+03 1.603512e+03 1.607623e+03 1.631568e+03
11.7 1.567172e+03 1.601086e+03 1.607307e+03 1.573393e+03
12.7 1.630919e+03 1.602347e+03 1.608652e+03 1.637225e+03
13.7 1.574392e+03 1.614461e+03 1.610246e+03 1.570177e+03
14.7 1.656012e+03 1.634355e+03 1.611236e+03 1.632893e+03
15.7 1.621872e+03 1.638461e+03 1.610167e+03 1.593577e+03
16.7 1.610909e+03 1.626934e+03 1.608356e+03 1.592331e+03
17.7 1.650823e+03 1.615456e+03 1.608576e+03 1.643943e+03
18.7 1.659073e+03 1.609962e+03 1.609823e+03 1.658933e+03
19.7 1.630724e+03 1.606768e+03 1.609855e+03 1.633811e+03
20.7 1.605098e+03 1.602733e+03 1.608176e+03 1.610542e+03
0.2 1.684576e+03 1.621024e+03 1.610705e+03 1.674258e+03
1.2 1.568841e+03 1.626228e+03 1.611035e+03 1.553647e+03
2.2 1.664814e+03 1.620330e+03 1.609163e+03 1.653647e+03
3.2 1.606479e+03 1.612039e+03 1.608056e+03 1.602495e+03
4.2 1.590453e+03 1.607628e+03 1.608534e+03 1.591359e+03
5.2 1.627457e+03 1.603512e+03 1.607623e+03 1.631568e+03
6.2 1.567172e+03 1.601086e+03 1.607307e+03 1.573393e+03
7.2 1.630919e+03 1.602347e+03 1.608652e+03 1.637225e+03
8.2 1.574392e+03 1.614461e+03 1.610246e+03 1.570177e+03
9.2 1.656012e+03 1.634355e+03 1.611236e+03 1.632893e+03
10.2 1.621872e+03 1.638461e+03 1.610167e+03 1.593577e+03
11.2 1.610909e+03 1.626934e+03 1.608356e+03 1.592331e+03
12.2 1.650823e+03 1.615456e+03 1.608576e+03 1.643943e+03
13.2 1.659073e+03 1.609962e+03 1.609823e+03 1.658933e+03
14.2 1.630724e+03 1.606768e+03 1.609855e+03 1.633811e+03
15.2 1.605098e+03 1.602733e+03 1.608176e+03 1.610542e+03
16.2 1.564369e+03 1.601221e+03 1.608126e+03 1.571273e+03
17.2 1.591050e+03 1.602510e+03 1.609446e+03 1.597987e+03
18.2 1.623292e+03 1.605595e+03 1.610662e+03 1.628359e+03
19.2 1.584414e+03 1.606301e+03 1.609945e+03 1.588058e+03
20.2 1.633672e+03 1.604426e+03 1.608217e+03 1.637462e+03
0.2 1.606479e+03 1.612039e+03 1.608056e+03 1.602495e+03
1.2 1.590453e+03 1.607628e+03 1.608534e+03 1.591359e+03
2.2 1.627457e+03 1.603512e+03 1.607623e+03 1.631568e+03
3.2 1.567172e+03 1.601086e+03 1.607307e+03 1.573393e+03
4.2 1.630919e+03 1.602347e+03 1.608652e+03 1.637225e+03
5.2 1.574392e+03 1.614461e+03 1.610246e+03 1.570177e+03
6.2 1.656012e+03 1.634355e+03 1.611236e+03 1.632893e+03
7.2 1.621872e+03 1.638461e+03 1.610167e+03 1.593577e+03
8.2 1.610909e+03 1.626934e+03 1.608356e+03 1.592331e+03
9.2 1.650823e+03 1.615456e+03 1.608576e+03 1.643943e+03
10.2 1.659073e+03 1.609962e+03 1.609823e+03 1.658933e+03
11.2 1.630724e+03 1.606768e+03 1.609855e+03 1.633811e+03
12.2 1.605098e+03 1.602733e+03 1.608176e+03 1.610542e+03
13.2 1.564369e+03 1.601221e+03 1.608126e+03 1.571273e+03
14.2 1.591050e+03 1.602510e+03 1.609446e+03 1.597987e+03
15.2 1.623292e+03 1.605595e+03 1.610662e+03 1.628359e+03
16.2 1.584414e+03 1.606301e+03 1.609945e+03 1.588058e+03
17.2 1.633672e+03 1.604426e+03 1.608217e+03 1.637462e+03
18.2 1.615168e+03 1.603957e+03 1.608438e+03 1.619648e+03
19.2 1.595951e+03 1.604738e+03 1.609750e+03 1.600963e+03
20.2 1.614911e+03 1.605575e+03 1.610870e+03 1.620206e+03
0.8 1.656012e+03 1.634355e+03 1.611236e+03 1.632893e+03
1.8 1.621872e+03 1.638461e+03 1.610167e+03 1.593577e+03
2.8 1.610909e+03 1.626934e+03 1.608356e+03 1.592331e+03
3.8 1.650823e+03 1.615456e+03 1.608576e+03 1.643943e+03
4.8 1.659073e+03 1.609962e+03 1.609823e+03 1.658933e+03
5.8 1.630724e+03 1.606768e+03 1.609855e+03 1.633811e+03
6.8 1.605098e+03 1.602733e+03 1.608176e+03 1.610542e+03
7.8 1.564369e+03 1.601221e+03 1.608126e+03 1.571273e+03
8.8 1.591050e+03 1.602510e+03 1.609446e+03 1.597987e+03
9.8 1.623292e+03 1.605595e+03 1.610662e+03 1.628359e+03
10.8 1.584414e+03 1.606301e+03 1.609945e+03 1.588058e+03
11.8 1.633672e+03 1.604426e+03 1.608217e+03 1.637462e+03
12.8 1.615168e+03 1.603957e+03 1.608438e+03 1.619648e+03
13.8 1.595951e+03 1.604738e+03 1.609750e+03 1.600963e+03
14.8 1.614911e+03 1.605575e+03 1.610870e+03 1.620206e+03
15.8 1.538637e+03 1.606106e+03 1.611514e+03 1.544045e+03
16.8 1.652989e+03 1.606521e+03 1.611813e+03 1.658280e+03
17.8 1.628304e+03 1.607737e+03 1.611906e+03 1.632473e+03
18.8 1.579264e+03 1.609244e+03 1.611757e+03 1.581778e+03
19.8 1.539669e+03 1.607623e+03 1.609849e+03 1.541895e+03
20.8 1.609835e+03 1.605312e+03 1.607963e+03 1.612487e+03
0.6 1.659073e+03 1.609962e+03 1.609823e+03 1.658933e+03
1.6 1.630724e+03 1.606768e+03 1.609855e+03 1.633811e+03
2.6 1.605098e+03 1.602733e+03 1.608176e+03 1.610542e+03
3.6 1.564369e+03 1.601221e+03 1.608126e+03 1.571273e+03
4.6 1.591050e+03 1.602510e+03 1.609446e+03 1.597987e+03
5.6 1.623292e+03 1.605595e+03 1.610662e+03 1.628359e+03
6.6 1.584414e+03 1.606301e+03 1.609945e+03 1.588058e+03
7.6 1.633672e+03 1.604426e+03 1.608217e+03 1.637462e+03
8.6 1.615168e+03 1.603957e+03 1.608438e+03 1.619648e+03
9.6 1.595951e+03 1.604738e+03 1.609750e+03 1.600963e+03
10.6 1.614911e+03 1.605575e+03 1.610870e+03 1.620206e+03
11.6 1.538637e+03 1.606106e+03 1.611514e+03 1.544045e+03
12.6 1.652989e+03 1.606521e+03 1.611813e+03 1.658280e+03
13.6 1.628304e+03 1.607737e+03 1.611906e+03 1.632473e+03
14.6 1.579264e+03 1.609244e+03 1.611757e+03 1.581778e+03
15.6 1.539669e+03 1.607623e+03 1.609849e+03 1.541895e+03
16.6 1.609835e+03 1.605312e+03 1.607963e+03 1.612487e+03
17.6 1.634175e+03 1.610426e+03 1.608329e+03 1.632077e+03
18.6 1.533394e+03 1.622350e+03 1.609651e+03 1.520695e+03
19.6 1.623132e+03 1.628750e+03 1.610746e+03 1.605128e+03
20.6 1.689062e+03 1.620576e+03 1.611399e+03 1.679884e+03
0.8 1.623292e+03 1.605595e+03 1.610662e+03 1.628359e+03
1.8 1.584414e+03 1.606301e+03 1.609945e+03 1.588058e+03
2.8 1.633672e+03 1.604426e+03 1.608217e+03 1.637462e+03
3.8 1.615168e+03 1.603957e+03 1.608438e+03 1.619648e+03
4.8 1.595951e+03 1.604738e+03 1.609750e+03 1.600963e+03
5.8 1.614911e+03 1.605575e+03 1.610870e+03 1.620206e+03
6.8 1.538637e+03 1.606106e+03 1.611514e+03 1.544045e+03
7.8 1.652989e+03 1.606521e+03 1.611813e+03 1.658280e+03
8.8 1.628304e+03 1.607737e+03 1.611906e+03 1.632473e+03
9.8 1.579264e+03 1.609244e+03 1.611757e+03 1.581778e+03
10.8 1.539669e+03 1.607623e+03 1.609849e+03 1.541895e+03
11.8 1.609835e+03 1.605312e+03 1.607963e+03 1.612487e+03
12.8 1.634175e+03 1.610426e+03 1.608329e+03 1.632077e+03
13.8 1.533394e+03 1.622350e+03 1.609651e+03 1.520695e+03
14.8 1.623132e+03 1.628750e+03 1.610746e+03 1.605128e+03
15.8 1.689062e+03 1.620576e+03 1.611399e+03 1.679884e+03
16.8 1.546469e+03 1.619547e+03 1.611726e+03 1.538647e+03
17.8 1.632743e+03 1.626012e+03 1.611844e+03 1.618575e+03
18.8 1.609284e+03 1.618999e+03 1.611835e+03 1.602119e+03
19.8 1.671008e+03 1.609349e+03 1.611764e+03 1.673423e+03
20.8 1.585341e+03 1.613082e+03 1.611682e+03 1.583940e+03
1.0 1.579264e+03 1.609244e+03 1.611757e+03 1.581778e+03
2.0 1.539669e+03 1.607623e+03 1.609849e+03 1.541895e+03
3.0 1.609835e+03 1.605312e+03 1.607963e+03 1.612487e+03
4.0 1.634175e+03 1.610426e+03 1.608329e+03 1.632077e+03
5.0 1.533394e+03 1.622350e+03 1.609651e+03 1.520695e+03
6.0 1.623132e+03 1.628750e+03 1.610746e+03 1.605128e+03
7.0 1.689062e+03 1.620576e+03 1.611399e+03 1.679884e+03
8.0 1.546469e+03 1.619547e+03 1.611726e+03 1.538647e+03
9.0 1.632743e+03 1.626012e+03 1.611844e+03 1.618575e+03
10.0 1.609284e+03 1.618999e+03 1.611835e+03 1.602119e+03
11.0 1.671008e+03 1.609349e+03 1.611764e+03 1.673423e+03
12.0 1.585341e+03 1.613082e+03 1.611682e+03 1.583940e+03
13.0 1.675653e+03 1.624470e+03 1.611613e+03 1.662796e+03
14.0 1.586843e+03 1.620308e+03 1.611565e+03 1.578101e+03
15.0 1.576933e+03 1.610294e+03 1.611537e+03 1.578177e+03
16.0 1.518928e+03 1.605257e+03 1.611522e+03 1.525193e+03
17.0 1.512094e+03 1.604088e+03 1.611514e+03 1.519520e+03
18.0 1.584402e+03 1.601320e+03 1.611511e+03 1.594594e+03
19.0 1.575452e+03 1.596732e+03 1.611509e+03 1.590230e+03
20.0 1.605221e+03 1.598234e+03 1.611509e+03 1.618495e+03
21.0 1.648397e+03 1.603469e+03 1.611490e+03 1.656418e+03
0.7 1.648397e+03 1.603469e+03 1.611490e+03 1.656418e+03
1.7 1.598176e+03 1.605947e+03 1.610275e+03 1.602504e+03
2.7 1.536962e+03 1.604724e+03 1.608054e+03 1.540292e+03
3.7 1.629087e+03 1.604649e+03 1.607910e+03 1.632348e+03
4.7 1.529335e+03 1.610381e+03 1.609189e+03 1.528143e+03
5.7 1.621739e+03 1.621320e+03 1.610410e+03 1.610829e+03
6.7 1.571614e+03 1.624164e+03 1.609861e+03 1.557310e+03
7.7 1.617513e+03 1.617232e+03 1.608120e+03 1.608401e+03
8.7 1.579941e+03 1.611176e+03 1.608276e+03 1.577041e+03
9.7 1.676653e+03 1.614023e+03 1.609606e+03 1.672236e+03
10.7 1.673673e+03 1.622240e+03 1.610671e+03 1.662104e+03
11.7 1.632615e+03 1.621575e+03 1.609586e+03 1.620627e+03
12.7 1.624110e+03 1.613891e+03 1.608065e+03 1.618284e+03
13.7 1.655702e+03 1.608071e+03 1.608563e+03 1.656194e+03
14.7 1.588548e+03 1.605458e+03 1.609916e+03 1.593007e+03
15.7 1.616418e+03 1.604593e+03 1.610978e+03 1.622803e+03
16.7 1.626365e+03 1.606920e+03 1.611568e+03 1.631013e+03
17.7 1.624629e+03 1.614759e+03 1.611729e+03 1.621599e+03
18.7 1.583368e+03 1.616613e+03 1.610032e+03 1.576788e+03
19.7 1.608847e+03 1.611807e+03 1.608148e+03 1.605188e+03
20.7 1.635247e+03 1.607832e+03 1.608451e+03 1.635866e+03
0.7 1.621739e+03 1.621320e+03 1.610410e+03 1.610829e+03
1.7 1.571614e+03 1.624164e+03 1.609861e+03 1.557310e+03
2.7 1.617513e+03 1.617232e+03 1.608120e+03 1.608401e+03
3.7 1.579941e+03 1.611176e+03 1.608276e+03 1.577041e+03
4.7 1.676653e+03 1.614023e+03 1.609606e+03 1.672236e+03
5.7 1.673673e+03 1.622240e+03 1.610671e+03 1.662104e+03
6.7 1.632615e+03 1.621575e+03 1.609586e+03 1.620627e+03
7.7 1.624110e+03 1.613891e+03 1.608065e+03 1.618284e+03
8.7 1.655702e+03 1.608071e+03 1.608563e+03 1.656194e+03
9.7 1.588548e+03 1.605458e+03 1.609916e+03 1.593007e+03
10.7 1.616418e+03 1.604593e+03 1.610978e+03 1.622803e+03
11.7 1.626365e+03 1.606920e+03 1.611568e+03 1.631013e+03
12.7 1.624629e+03 1.614759e+03 1.611729e+03 1.621599e+03
13.7 1.583368e+03 1.616613e+03 1.610032e+03 1.576788e+03
14.7 1.608847e+03 1.611807e+03 1.608148e+03 1.605188e+03
15.7 1.635247e+03 1.607832e+03 1.608451e+03 1.635866e+03
16.7 1.630081e+03 1.606150e+03 1.609685e+03 1.633616e+03
17.7 1.607059e+03 1.604141e+03 1.609284e+03 1.612202e+03
18.7 1.613217e+03 1.601873e+03 1.607834e+03 1.619178e+03
19.7 1.640137e+03 1.602046e+03 1.608253e+03 1.646344e+03
20.7 1.626104e+03 1.603723e+03 1.609695e+03 1.632077e+03
0.9 1.673673e+03 1.622240e+03 1.610671e+03 1.662104e+03
1.9 1.632615e+03 1.621575e+03 1.609586e+03 1.620627e+03
2.9 1.624110e+03 1.613891e+03 1.608065e+03 1.618284e+03
3.9 1.655702e+03 1.608071e+03 1.608563e+03 1.656194e+03
4.9 1.588548e+03 1.605458e+03 1.609916e+03 1.593007e+03
5.9 1.616418e+03 1.604593e+03 1.610978e+03 1.622803e+03
6.9 1.626365e+03 1.606920e+03 1.611568e+03 1.631013e+03
7.9 1.624629e+03 1.614759e+03 1.611729e+03 1.621599e+03
8.9 1.583368e+03 1.616613e+03 1.610032e+03 1.576788e+03
9.9 1.608847e+03 1.611807e+03 1.608148e+03 1.605188e+03
10.9 1.635247e+03 1.607832e+03 1.608451e+03 1.635866e+03
11.9 1.630081e+03 1.606150e+03 1.609685e+03 1.633616e+03
12.9 1.607059e+03 1.604141e+03 1.609284e+03 1.612202e+03
13.9 1.613217e+03 1.601873e+03 1.607834e+03 1.619178e+03
14.9 1.640137e+03 1.602046e+03 1.608253e+03 1.646344e+03
15.9 1.626104e+03 1.603723e+03 1.609695e+03 1.632077e+03
16.9 1.556745e+03 1.605375e+03 1.610882e+03 1.562252e+03
17.9 1.635610e+03 1.605479e+03 1.610644e+03 1.640775e+03
18.9 1.664812e+03 1.605817e+03 1.608623e+03 1.667619e+03
19.9 1.580915e+03 1.619495e+03 1.608229e+03 1.569650e+03
20.9 1.615077e+03 1.637548e+03 1.609166e+03 1.586696e+03
0.9 1.624629e+03 1.614759e+03 1.611729e+03 1.621599e+03
1.9 1.583368e+03 1.616613e+03 1.610032e+03 1.576788e+03
2.9 1.608847e+03 1.611807e+03 1.608148e+03 1.605188e+03
3.9 1.635247e+03 1.607832e+03 1.608451e+03 1.635866e+03
4.9 1.630081e+03 1.606150e+03 1.609685e+03 1.633616e+03
5.9 1.607059e+03 1.604141e+03 1.609284e+03 1.612202e+03
6.9 1.613217e+03 1.601873e+03 1.607834e+03 1.619178e+03
7.9 1.640137e+03 1.602046e+03 1.608253e+03 1.646344e+03
8.9 1.626104e+03 1.603723e+03 1.609695e+03 1.632077e+03
9.9 1.556745e+03 1.605375e+03 1.610882e+03 1.562252e+03
10.9 1.635610e+03 1.605479e+03 1.610644e+03 1.640775e+03
11.9 1.664812e+03 1.605817e+03 1.608623e+03 1.667619e+03
12.9 1.580915e+03 1.619495e+03 1.608229e+03 1.569650e+03
13.9 1.615077e+03 1.637548e+03 1.609166e+03 1.586696e+03
14.9 1.636954e+03 1.636868e+03 1.608350e+03 1.608436e+03
15.9 1.581900e+03 1.624873e+03 1.607551e+03 1.564578e+03
16.9 1.622556e+03 1.614503e+03 1.608572e+03 1.616625e+03
17.9 1.585002e+03 1.603468e+03 1.610104e+03 1.591637e+03
18.9 1.604032e+03 1.597026e+03 1.611184e+03 1.618190e+03
19.9 1.594703e+03 1.597257e+03 1.611741e+03 1.609186e+03
20.9 1.577232e+03 1.600075e+03 1.611956e+03 1.589113e+03
0.8 1.630081e+03 1.606150e+03 1.609685e+03 1.633616e+03
1.8 1.607059e+03 1.604141e+03 1.609284e+03 1.612202e+03
2.8 1.613217e+03 1.601873e+03 1.607834e+03 1.619178e+03
3.8 1.640137e+03 1.602046e+03 1.608253e+03 1.646344e+03
4.8 1.626104e+03 1.603723e+03 1.609695e+03 1.632077e+03
5.8 1.556745e+03 1.605375e+03 1.610882e+03 1.562252e+03
6.8 1.635610e+03 1.605479e+03 1.610644e+03 1.640775e+03
7.8 1.664812e+03 1.605817e+03 1.608623e+03 1.667619e+03
8.8 1.580915e+03 1.619495e+03 1.608229e+03 1.569650e+03
9.8 1.615077e+03 1.637548e+03 1.609166e+03 1.586696e+03
10.8 1.636954e+03 1.636868e+03 1.608350e+03 1.608436e+03
11.8 1.581900e+03 1.624873e+03 1.607551e+03 1.564578e+03
12.8 1.622556e+03 1.614503e+03 1.608572e+03 1.616625e+03
13.8 1.585002e+03 1.603468e+03 1.610104e+03 1.591637e+03
14.8 1.604032e+03 1.597026e+03 1.611184e+03 1.618190e+03
15.8 1.594703e+03 1.597257e+03 1.611741e+03 1.609186e+03
16.8 1.577232e+03 1.600075e+03 1.611956e+03 1.589113e+03
17.8 1.605475e+03 1.603287e+03 1.611979e+03 1.614167e+03
18.8 1.551182e+03 1.606855e+03 1.611903e+03 1.556231e+03
19.8 1.625930e+03 1.609512e+03 1.611794e+03 1.628212e+03
20.8 1.535782e+03 1.606301e+03 1.611692e+03 1.541172e+03
0.5 1.556745e+03 1.605375e+03 1.610882e+03 1.562252e+03
1.5 1.635610e+03 1.605479e+03 1.610644e+03 1.640775e+03
2.5 1.664812e+03 1.605817e+03 1.608623e+03 1.667619e+03
3.5 1.580915e+03 1.619495e+03 1.608229e+03 1.569650e+03
4.5 1.615077e+03 1.637548e+03 1.609166e+03 1.586696e+03
5.5 1.636954e+03 1.636868e+03 1.608350e+03 1.608436e+03
6.5 1.581900e+03 1.624873e+03 1.607551e+03 1.564578e+03
7.5 1.622556e+03 1.614503e+03 1.608572e+03 1.616625e+03
8.5 1.585002e+03 1.603468e+03 1.610104e+03 1.591637e+03
9.5 1.604032e+03 1.597026e+03 1.611184e+03 1.618190e+03
10.5 1.594703e+03 1.597257e+03 1.611741e+03 1.609186e+03
11.5 1.577232e+03 1.600075e+03 1.611956e+03 1.589113e+03
12.5 1.605475e+03 1.603287e+03 1.611979e+03 1.614167e+03
13.5 1.551182e+03 1.606855e+03 1.611903e+03 1.556231e+03
14.5 1.625930e+03 1.609512e+03 1.611794e+03 1.628212e+03
15.5 1.535782e+03 1.606301e+03 1.611692e+03 1.541172e+03
16.5 1.635484e+03 1.603639e+03 1.611615e+03 1.643460e+03
17.5 1.631083e+03 1.612527e+03 1.611565e+03 1.630121e+03
18.5 1.603003e+03 1.619607e+03 1.611536e+03 1.594933e+03
19.5 1.505993e+03 1.613216e+03 1.611521e+03 1.504298e+03
20.5 1.597181e+03 1.606149e+03 1.611514e+03 1.602546e+03
0.1 1.580915e+03 1.619495e+03 1.608229e+03 1.569650e+03
1.1 1.615077e+03 1.637548e+03 1.609166e+03 1.586696e+03
2.1 1.636954e+03 1.636868e+03 1.608350e+03 1.608436e+03
3.1 1.581900e+03 1.624873e+03 1.607551e+03 1.564578e+03
4.1 1.622556e+03 1.614503e+03 1.608572e+03 1.616625e+03
5.1 1.585002e+03 1.603468e+03 1.610104e+03 1.591637e+03
6.1 1.604032e+03 1.597026e+03 1.611184e+03 1.618190e+03
7.1 1.594703e+03 1.597257e+03 1.611741e+03 1.609186e+03
8.1 1.577232e+03 1.600075e+03 1.611956e+03 1.589113e+03
9.1 1.605475e+03 1.603287e+03 1.611979e+03 1.614167e+03
10.1 1.551182e+03 1.606855e+03 1.611903e+03 1.556231e+03
11.1 1.625930e+03 1.609512e+03 1.611794e+03 1.628212e+03
12.1 1.535782e+03 1.606301e+03 1.611692e+03 1.541172e+03
13.1 1.635484e+03 1.603639e+03 1.611615e+03 1.643460e+03
14.1 1.631083e+03 1.612527e+03 1.611565e+03 1.630121e+03
15.1 1.603003e+03 1.619607e+03 1.611536e+03 1.594933e+03
16.1 1.505993e+03 1.613216e+03 1.611521e+03 1.504298e+03
17.1 1.597181e+03 1.606149e+03 1.611514e+03 1.602546e+03
18.1 1.604947e+03 1.604002e+03 1.611511e+03 1.612455e+03
19.1 1.563394e+03 1.604238e+03 1.611509e+03 1.570665e+03
20.1 1.616958e+03 1.604980e+03 1.611509e+03 1.623486e+03
0.2 1.616958e+03 1.604980e+03 1.611509e+03 1.623486e+03
1.2 1.607802e+03 1.605263e+03 1.611102e+03 1.613641e+03
2.2 1.538670e+03 1.603462e+03 1.608858e+03 1.544067e+03
3.2 1.577492e+03 1.602534e+03 1.607693e+03 1.582651e+03
4.2 1.585711e+03 1.603532e+03 1.608582e+03 1.590761e+03
5.2 1.613689e+03 1.604932e+03 1.609955e+03 1.618712e+03
6.2 1.579516e+03 1.605907e+03 1.610947e+03 1.584555e+03
7.2 1.612926e+03 1.606444e+03 1.611507e+03 1.617988e+03
8.2 1.575199e+03 1.607189e+03 1.611771e+03 1.579782e+03
9.2 1.669366e+03 1.608717e+03 1.611849e+03 1.672497e+03
10.2 1.589212e+03 1.605432e+03 1.611817e+03 1.595597e+03
11.2 1.605826e+03 1.600206e+03 1.611740e+03 1.617359e+03
12.2 1.546538e+03 1.601446e+03 1.611660e+03 1.556752e+03
13.2 1.598662e+03 1.612025e+03 1.611597e+03 1.598234e+03
14.2 1.659421e+03 1.622549e+03 1.611224e+03 1.648096e+03
15.2 1.579317e+03 1.620844e+03 1.609015e+03 1.567488e+03
16.2 1.634698e+03 1.613712e+03 1.607703e+03 1.628689e+03
17.2 1.567430e+03 1.608776e+03 1.608509e+03 1.567162e+03
18.2 1.543213e+03 1.606406e+03 1.609886e+03 1.546693e+03
19.2 1.549417e+03 1.605370e+03 1.610904e+03 1.554951e+03
20.2 1.632228e+03 1.605060e+03 1.611484e+03 1.638652e+03
0.2 1.598662e+03 1.612025e+03 1.611597e+03 1.598234e+03
1.2 1.659421e+03 1.622549e+03 1.611224e+03 1.648096e+03
2.2 1.579317e+03 1.620844e+03 1.609015e+03 1.567488e+03
3.2 1.634698e+03 1.613712e+03 1.607703e+03 1.628689e+03
4.2 1.567430e+03 1.608776e+03 1.608509e+03 1.567162e+03
5.2 1.543213e+03 1.606406e+03 1.609886e+03 1.546693e+03
6.2 1.549417e+03 1.605370e+03 1.610904e+03 1.554951e+03
7.2 1.632228e+03 1.605060e+03 1.611484e+03 1.638652e+03
8.2 1.658762e+03 1.607159e+03 1.611762e+03 1.663364e+03
9.2 1.596405e+03 1.614828e+03 1.611848e+03 1.593425e+03
10.2 1.572383e+03 1.615292e+03 1.611821e+03 1.568911e+03
11.2 1.593074e+03 1.607852e+03 1.611745e+03 1.596967e+03
12.2 1.583738e+03 1.603753e+03 1.611664e+03 1.591648e+03
13.2 1.635710e+03 1.603562e+03 1.611600e+03 1.643747e+03
14.2 1.623016e+03 1.605458e+03 1.611557e+03 1.629114e+03
15.2 1.582773e+03 1.607231e+03 1.610997e+03 1.586539e+03
16.2 1.544283e+03 1.605524e+03 1.608678e+03 1.547438e+03
17.2 1.580095e+03 1.604048e+03 1.607712e+03 1.583759e+03
18.2 1.613933e+03 1.605072e+03 1.608703e+03 1.617564e+03
19.2 1.612345e+03 1.607703e+03 1.610060e+03 1.614702e+03
20.2 1.635133e+03 1.609551e+03 1.610801e+03 1.636382e+03
0.3 1.623016e+03 1.605458e+03 1.611557e+03 1.629114e+03
1.3 1.582773e+03 1.607231e+03 1.610997e+03 1.586539e+03
2.3 1.544283e+03 1.605524e+03 1.608678e+03 1.547438e+03
3.3 1.580095e+03 1.604048e+03 1.607712e+03 1.583759e+03
4.3 1.613933e+03 1.605072e+03 1.608703e+03 1.617564e+03
5.3 1.612345e+03 1.607703e+03 1.610060e+03 1.614702e+03
6.3 1.635133e+03 1.609551e+03 1.610801e+03 1.636382e+03
7.3 1.609019e+03 1.607540e+03 1.609302e+03 1.610782e+03
8.3 1.551589e+03 1.604925e+03 1.607989e+03 1.554653e+03
9.3 1.635298e+03 1.605603e+03 1.608694e+03 1.638389e+03
10.3 1.612953e+03 1.606264e+03 1.610040e+03 1.616730e+03
11.3 1.600045e+03 1.601406e+03 1.611036e+03 1.609675e+03
12.3 1.563998e+03 1.598923e+03 1.611581e+03 1.576655e+03
13.3 1.611039e+03 1.600733e+03 1.611826e+03 1.622132e+03
14.3 1.623726e+03 1.603444e+03 1.611890e+03 1.632172e+03
15.3 1.591711e+03 1.605357e+03 1.611849e+03 1.598204e+03
16.3 1.617377e+03 1.606421e+03 1.611764e+03 1.622721e+03
17.3 1.627444e+03 1.606922e+03 1.611677e+03 1.632198e+03
0.1 1.612345e+03 1.607703e+03 1.610060e+03 1.614702e+03
1.1 1.635133e+03 1.609551e+03 1.610801e+03 1.636382e+03
2.1 1.609019e+03 1.607540e+03 1.609302e+03 1.610782e+03
3.1 1.551589e+03 1.604925e+03 1.607989e+03 1.554653e+03
4.1 1.635298e+03 1.605603e+03 1.608694e+03 1.638389e+03
5.1 1.612953e+03 1.606264e+03 1.610040e+03 1.616730e+03
6.1 1.600045e+03 1.601406e+03 1.611036e+03 1.609675e+03
7.1 1.563998e+03 1.598923e+03 1.611581e+03 1.576655e+03
8.1 1.611039e+03 1.600733e+03 1.611826e+03 1.622132e+03
9.1 1.623726e+03 1.603444e+03 1.611890e+03 1.632172e+03
10.1 1.591711e+03 1.605357e+03 1.611849e+03 1.598204e+03
11.1 1.617377e+03 1.606421e+03 1.611764e+03 1.622721e+03
12.1 1.627444e+03 1.606922e+03 1.611677e+03 1.632198e+03
