0.6 1.153699e+04 1.157651e+04 1.158252e+04 1.154300e+04
1.6 1.153112e+04 1.156793e+04 1.158245e+04 1.154564e+04
2.6 1.153584e+04 1.156329e+04 1.158215e+04 1.155471e+04
3.6 1.156261e+04 1.156162e+04 1.158183e+04 1.158282e+04
4.6 1.158848e+04 1.157277e+04 1.158180e+04 1.159751e+04
5.6 1.155724e+04 1.158970e+04 1.158203e+04 1.154957e+04
6.6 1.160476e+04 1.158998e+04 1.158227e+04 1.159706e+04
7.6 1.157411e+04 1.158047e+04 1.158226e+04 1.157591e+04
8.6 1.158367e+04 1.157214e+04 1.158204e+04 1.159357e+04
9.6 1.157693e+04 1.158195e+04 1.158200e+04 1.157698e+04
10.6 1.160371e+04 1.159846e+04 1.158218e+04 1.158744e+04
11.6 1.162386e+04 1.159568e+04 1.158238e+04 1.161056e+04
12.6 1.158485e+04 1.158439e+04 1.158250e+04 1.158297e+04
13.6 1.160501e+04 1.157608e+04 1.158256e+04 1.161149e+04
14.6 1.158986e+04 1.157841e+04 1.158259e+04 1.159403e+04
15.6 1.163799e+04 1.159658e+04 1.158259e+04 1.162400e+04
16.6 1.161330e+04 1.159968e+04 1.158258e+04 1.159619e+04
17.6 1.156679e+04 1.158768e+04 1.158256e+04 1.156168e+04
18.6 1.159701e+04 1.157504e+04 1.158255e+04 1.160452e+04
19.6 1.162070e+04 1.156710e+04 1.158254e+04 1.163614e+04
20.6 1.155128e+04 1.156313e+04 1.158253e+04 1.157069e+04
21.6 1.157228e+04 1.156220e+04 1.158253e+04 1.159261e+04
0.1 1.155724e+04 1.158970e+04 1.158203e+04 1.154957e+04
1.1 1.160476e+04 1.158998e+04 1.158227e+04 1.159706e+04
2.1 1.157411e+04 1.158047e+04 1.158226e+04 1.157591e+04
3.1 1.158367e+04 1.157214e+04 1.158204e+04 1.159357e+04
4.1 1.157693e+04 1.158195e+04 1.158200e+04 1.157698e+04
5.1 1.160371e+04 1.159846e+04 1.158218e+04 1.158744e+04
6.1 1.162386e+04 1.159568e+04 1.158238e+04 1.161056e+04
7.1 1.158485e+04 1.158439e+04 1.158250e+04 1.158297e+04
8.1 1.160501e+04 1.157608e+04 1.158256e+04 1.161149e+04
9.1 1.158986e+04 1.157841e+04 1.158259e+04 1.159403e+04
10.1 1.163799e+04 1.159658e+04 1.158259e+04 1.162400e+04
11.1 1.161330e+04 1.159968e+04 1.158258e+04 1.159619e+04
12.1 1.156679e+04 1.158768e+04 1.158256e+04 1.156168e+04
13.1 1.159701e+04 1.157504e+04 1.158255e+04 1.160452e+04
14.1 1.162070e+04 1.156710e+04 1.158254e+04 1.163614e+04
15.1 1.155128e+04 1.156313e+04 1.158253e+04 1.157069e+04
16.1 1.157228e+04 1.156220e+04 1.158253e+04 1.159261e+04
17.1 1.159256e+04 1.156413e+04 1.158253e+04 1.161096e+04
18.1 1.161368e+04 1.157280e+04 1.158252e+04 1.162341e+04
19.1 1.162089e+04 1.159544e+04 1.158252e+04 1.160797e+04
20.1 1.161003e+04 1.160247e+04 1.158252e+04 1.159009e+04
21.1 1.156156e+04 1.159364e+04 1.158252e+04 1.155045e+04
0.4 1.158981e+04 1.159959e+04 1.158252e+04 1.157274e+04
1.4 1.160365e+04 1.159203e+04 1.158248e+04 1.159410e+04
2.4 1.152786e+04 1.157851e+04 1.158223e+04 1.153158e+04
3.4 1.155545e+04 1.156828e+04 1.158188e+04 1.156905e+04
4.4 1.155170e+04 1.157089e+04 1.158178e+04 1.156259e+04
5.4 1.159599e+04 1.158678e+04 1.158198e+04 1.159119e+04
6.4 1.156560e+04 1.158957e+04 1.158224e+04 1.155828e+04
7.4 1.152369e+04 1.158119e+04 1.158243e+04 1.152493e+04
8.4 1.157240e+04 1.157987e+04 1.158254e+04 1.157507e+04
9.4 1.156733e+04 1.159209e+04 1.158259e+04 1.155782e+04
10.4 1.160605e+04 1.159234e+04 1.158260e+04 1.159630e+04
11.4 1.159890e+04 1.158187e+04 1.158259e+04 1.159962e+04
12.4 1.158916e+04 1.157191e+04 1.158257e+04 1.159982e+04
13.4 1.157383e+04 1.156608e+04 1.158255e+04 1.159030e+04
14.4 1.158357e+04 1.156940e+04 1.158254e+04 1.159671e+04
15.4 1.158272e+04 1.159067e+04 1.158253e+04 1.157458e+04
16.4 1.161735e+04 1.159854e+04 1.158253e+04 1.160134e+04
17.4 1.156887e+04 1.158917e+04 1.158253e+04 1.156223e+04
18.4 1.156818e+04 1.157751e+04 1.158252e+04 1.157319e+04
19.4 1.157128e+04 1.157039e+04 1.158252e+04 1.158342e+04
20.4 1.159817e+04 1.157876e+04 1.158252e+04 1.160194e+04
21.4 1.155511e+04 1.159152e+04 1.158252e+04 1.154611e+04
0.5 1.153892e+04 1.157259e+04 1.158252e+04 1.154886e+04
1.5 1.156936e+04 1.159482e+04 1.158247e+04 1.155701e+04
2.5 1.158661e+04 1.159788e+04 1.158222e+04 1.157095e+04
3.5 1.152492e+04 1.158895e+04 1.158195e+04 1.151793e+04
4.5 1.160903e+04 1.159423e+04 1.158198e+04 1.159678e+04
5.5 1.158756e+04 1.159705e+04 1.158218e+04 1.157270e+04
6.5 1.162112e+04 1.158715e+04 1.158237e+04 1.161635e+04
7.5 1.159132e+04 1.157655e+04 1.158249e+04 1.159726e+04
8.5 1.158168e+04 1.158385e+04 1.158255e+04 1.158038e+04
9.5 1.158646e+04 1.159224e+04 1.158244e+04 1.157667e+04
10.5 1.154049e+04 1.158589e+04 1.158211e+04 1.153671e+04
11.5 1.155233e+04 1.157634e+04 1.158183e+04 1.155782e+04
12.5 1.157174e+04 1.158399e+04 1.158187e+04 1.156962e+04
13.5 1.158639e+04 1.159275e+04 1.158212e+04 1.157576e+04
14.5 1.151227e+04 1.158681e+04 1.158235e+04 1.150782e+04
15.5 1.157383e+04 1.157631e+04 1.158250e+04 1.158001e+04
16.5 1.153050e+04 1.157797e+04 1.158257e+04 1.153510e+04
17.5 1.154972e+04 1.159098e+04 1.158259e+04 1.154133e+04
18.5 1.154845e+04 1.159029e+04 1.158257e+04 1.154073e+04
19.5 1.156929e+04 1.157983e+04 1.158234e+04 1.157179e+04
20.5 1.160103e+04 1.157138e+04 1.158202e+04 1.161167e+04
21.5 1.155816e+04 1.158049e+04 1.158197e+04 1.155964e+04
0.9 1.158168e+04 1.158385e+04 1.158255e+04 1.158038e+04
1.9 1.158646e+04 1.159224e+04 1.158244e+04 1.157667e+04
2.9 1.154049e+04 1.158589e+04 1.158211e+04 1.153671e+04
3.9 1.155233e+04 1.157634e+04 1.158183e+04 1.155782e+04
4.9 1.157174e+04 1.158399e+04 1.158187e+04 1.156962e+04
5.9 1.158639e+04 1.159275e+04 1.158212e+04 1.157576e+04
6.9 1.151227e+04 1.158681e+04 1.158235e+04 1.150782e+04
7.9 1.157383e+04 1.157631e+04 1.158250e+04 1.158001e+04
8.9 1.153050e+04 1.157797e+04 1.158257e+04 1.153510e+04
9.9 1.154972e+04 1.159098e+04 1.158259e+04 1.154133e+04
10.9 1.154845e+04 1.159029e+04 1.158257e+04 1.154073e+04
11.9 1.156929e+04 1.157983e+04 1.158234e+04 1.157179e+04
12.9 1.160103e+04 1.157138e+04 1.158202e+04 1.161167e+04
13.9 1.155816e+04 1.158049e+04 1.158197e+04 1.155964e+04
14.9 1.157380e+04 1.159162e+04 1.158215e+04 1.156434e+04
15.9 1.163501e+04 1.158723e+04 1.158235e+04 1.163013e+04
16.9 1.160883e+04 1.157692e+04 1.158248e+04 1.161439e+04
17.9 1.156823e+04 1.156916e+04 1.158255e+04 1.158162e+04
18.9 1.157088e+04 1.156509e+04 1.158258e+04 1.158837e+04
19.9 1.158152e+04 1.156619e+04 1.158258e+04 1.159790e+04
20.9 1.157948e+04 1.158277e+04 1.158257e+04 1.157928e+04
21.9 1.159483e+04 1.159246e+04 1.158256e+04 1.158493e+04
0.3 1.154972e+04 1.159098e+04 1.158259e+04 1.154133e+04
1.3 1.154845e+04 1.159029e+04 1.158257e+04 1.154073e+04
2.3 1.156929e+04 1.157983e+04 1.158234e+04 1.157179e+04
3.3 1.160103e+04 1.157138e+04 1.158202e+04 1.161167e+04
4.3 1.155816e+04 1.158049e+04 1.158197e+04 1.155964e+04
5.3 1.157380e+04 1.159162e+04 1.158215e+04 1.156434e+04
6.3 1.163501e+04 1.158723e+04 1.158235e+04 1.163013e+04
7.3 1.160883e+04 1.157692e+04 1.158248e+04 1.161439e+04
8.3 1.156823e+04 1.156916e+04 1.158255e+04 1.158162e+04
9.3 1.157088e+04 1.156509e+04 1.158258e+04 1.158837e+04
10.3 1.158152e+04 1.156619e+04 1.158258e+04 1.159790e+04
11.3 1.157948e+04 1.158277e+04 1.158257e+04 1.157928e+04
12.3 1.159483e+04 1.159246e+04 1.158256e+04 1.158493e+04
13.3 1.158944e+04 1.158684e+04 1.158254e+04 1.158514e+04
14.3 1.160177e+04 1.157868e+04 1.158254e+04 1.160562e+04
15.3 1.156367e+04 1.157385e+04 1.158253e+04 1.157235e+04
16.3 1.156832e+04 1.158005e+04 1.158253e+04 1.157080e+04
17.3 1.160456e+04 1.159361e+04 1.158253e+04 1.159348e+04
18.3 1.158501e+04 1.159201e+04 1.158252e+04 1.157553e+04
19.3 1.156780e+04 1.158135e+04 1.158252e+04 1.156897e+04
20.3 1.155518e+04 1.157228e+04 1.158252e+04 1.156543e+04
21.3 1.160318e+04 1.156981e+04 1.158252e+04 1.161590e+04
0.5 1.157996e+04 1.159448e+04 1.158252e+04 1.156801e+04
1.5 1.157227e+04 1.159958e+04 1.158247e+04 1.155516e+04
2.5 1.158451e+04 1.158820e+04 1.158220e+04 1.157850e+04
3.5 1.157933e+04 1.157472e+04 1.158185e+04 1.158646e+04
4.5 1.155374e+04 1.157768e+04 1.158178e+04 1.155784e+04
5.5 1.162192e+04 1.159501e+04 1.158200e+04 1.160892e+04
6.5 1.160098e+04 1.159537e+04 1.158226e+04 1.158788e+04
7.5 1.158645e+04 1.158376e+04 1.158245e+04 1.158514e+04
8.5 1.155989e+04 1.158216e+04 1.158254e+04 1.156027e+04
9.5 1.163349e+04 1.159270e+04 1.158259e+04 1.162338e+04
10.5 1.163838e+04 1.159060e+04 1.158260e+04 1.163037e+04
11.5 1.159634e+04 1.157983e+04 1.158259e+04 1.159909e+04
12.5 1.152840e+04 1.157100e+04 1.158257e+04 1.153997e+04
13.5 1.153887e+04 1.157617e+04 1.158255e+04 1.154525e+04
14.5 1.158410e+04 1.159029e+04 1.158254e+04 1.157635e+04
15.5 1.158554e+04 1.158957e+04 1.158253e+04 1.157851e+04
16.5 1.156642e+04 1.157990e+04 1.158253e+04 1.156905e+04
17.5 1.154604e+04 1.157234e+04 1.158253e+04 1.155622e+04
18.5 1.153871e+04 1.158094e+04 1.158252e+04 1.154030e+04
19.5 1.154400e+04 1.159250e+04 1.158252e+04 1.153402e+04
20.5 1.152763e+04 1.158839e+04 1.158252e+04 1.152176e+04
21.5 1.152719e+04 1.157776e+04 1.158252e+04 1.153195e+04
0.5 1.163023e+04 1.159183e+04 1.158252e+04 1.162092e+04
1.5 1.161118e+04 1.158923e+04 1.158247e+04 1.160441e+04
2.5 1.156905e+04 1.157931e+04 1.158223e+04 1.157198e+04
3.5 1.157750e+04 1.158220e+04 1.158210e+04 1.157740e+04
4.5 1.161054e+04 1.159346e+04 1.158219e+04 1.159926e+04
5.5 1.164287e+04 1.159033e+04 1.158230e+04 1.163484e+04
6.5 1.161857e+04 1.157906e+04 1.158218e+04 1.162169e+04
7.5 1.163877e+04 1.156961e+04 1.158189e+04 1.165105e+04
8.5 1.162175e+04 1.157137e+04 1.158180e+04 1.163217e+04
9.5 1.160063e+04 1.158746e+04 1.158200e+04 1.159517e+04
10.5 1.161385e+04 1.159237e+04 1.158227e+04 1.160375e+04
11.5 1.157748e+04 1.158724e+04 1.158245e+04 1.157269e+04
12.5 1.161918e+04 1.159367e+04 1.158255e+04 1.160806e+04
13.5 1.163639e+04 1.159865e+04 1.158259e+04 1.162034e+04
14.5 1.163309e+04 1.159311e+04 1.158260e+04 1.162258e+04
15.5 1.159382e+04 1.160160e+04 1.158259e+04 1.157481e+04
16.5 1.156398e+04 1.160448e+04 1.158257e+04 1.154207e+04
17.5 1.156531e+04 1.159175e+04 1.158255e+04 1.155612e+04
18.5 1.156518e+04 1.157683e+04 1.158254e+04 1.157089e+04
19.5 1.160525e+04 1.156714e+04 1.158253e+04 1.162065e+04
20.5 1.158687e+04 1.156256e+04 1.158253e+04 1.160684e+04
21.5 1.153925e+04 1.156183e+04 1.158253e+04 1.155995e+04
0.4 1.161054e+04 1.159346e+04 1.158219e+04 1.159926e+04
1.4 1.164287e+04 1.159033e+04 1.158230e+04 1.163484e+04
2.4 1.161857e+04 1.157906e+04 1.158218e+04 1.162169e+04
3.4 1.163877e+04 1.156961e+04 1.158189e+04 1.165105e+04
4.4 1.162175e+04 1.157137e+04 1.158180e+04 1.163217e+04
5.4 1.160063e+04 1.158746e+04 1.158200e+04 1.159517e+04
6.4 1.161385e+04 1.159237e+04 1.158227e+04 1.160375e+04
7.4 1.157748e+04 1.158724e+04 1.158245e+04 1.157269e+04
8.4 1.161918e+04 1.159367e+04 1.158255e+04 1.160806e+04
9.4 1.163639e+04 1.159865e+04 1.158259e+04 1.162034e+04
10.4 1.163309e+04 1.159311e+04 1.158260e+04 1.162258e+04
11.4 1.159382e+04 1.160160e+04 1.158259e+04 1.157481e+04
12.4 1.156398e+04 1.160448e+04 1.158257e+04 1.154207e+04
13.4 1.156531e+04 1.159175e+04 1.158255e+04 1.155612e+04
14.4 1.156518e+04 1.157683e+04 1.158254e+04 1.157089e+04
15.4 1.160525e+04 1.156714e+04 1.158253e+04 1.162065e+04
16.4 1.158687e+04 1.156256e+04 1.158253e+04 1.160684e+04
17.4 1.153925e+04 1.156183e+04 1.158253e+04 1.155995e+04
18.4 1.156450e+04 1.157769e+04 1.158253e+04 1.156934e+04
19.4 1.158126e+04 1.159719e+04 1.158252e+04 1.156660e+04
20.4 1.161396e+04 1.159596e+04 1.158252e+04 1.160052e+04
21.4 1.161350e+04 1.159123e+04 1.158252e+04 1.160480e+04
0.5 1.158447e+04 1.158876e+04 1.158252e+04 1.157823e+04
1.5 1.152581e+04 1.157469e+04 1.158247e+04 1.153358e+04
2.5 1.156979e+04 1.156584e+04 1.158220e+04 1.158615e+04
3.5 1.156417e+04 1.156470e+04 1.158194e+04 1.158141e+04
4.5 1.159449e+04 1.158080e+04 1.158199e+04 1.159567e+04
5.5 1.160951e+04 1.159025e+04 1.158220e+04 1.160146e+04
6.5 1.157302e+04 1.158448e+04 1.158238e+04 1.157092e+04
7.5 1.157279e+04 1.157505e+04 1.158250e+04 1.158023e+04
8.5 1.158802e+04 1.156835e+04 1.158256e+04 1.160223e+04
9.5 1.161476e+04 1.156469e+04 1.158258e+04 1.163265e+04
10.5 1.159113e+04 1.156308e+04 1.158258e+04 1.161063e+04
11.5 1.157287e+04 1.156367e+04 1.158257e+04 1.159177e+04
12.5 1.159517e+04 1.158042e+04 1.158255e+04 1.159730e+04
13.5 1.159619e+04 1.159915e+04 1.158254e+04 1.157959e+04
14.5 1.163661e+04 1.159658e+04 1.158253e+04 1.162256e+04
15.5 1.159171e+04 1.158436e+04 1.158253e+04 1.158988e+04
16.5 1.161166e+04 1.157660e+04 1.158253e+04 1.161759e+04
17.5 1.164089e+04 1.158699e+04 1.158253e+04 1.163643e+04
18.5 1.167911e+04 1.159347e+04 1.158252e+04 1.166817e+04
19.5 1.162047e+04 1.158569e+04 1.158252e+04 1.161730e+04
20.5 1.158921e+04 1.157489e+04 1.158252e+04 1.159685e+04
21.5 1.158389e+04 1.156757e+04 1.158252e+04 1.159884e+04
