0.7 1.139511e+04 1.143939e+04 1.143248e+04 1.138820e+04
1.7 1.141505e+04 1.142654e+04 1.144071e+04 1.142922e+04
2.7 1.147098e+04 1.143826e+04 1.146818e+04 1.150090e+04
3.7 1.149924e+04 1.145782e+04 1.149619e+04 1.153761e+04
4.7 1.151321e+04 1.145860e+04 1.149589e+04 1.155051e+04
5.7 1.147955e+04 1.144171e+04 1.147401e+04 1.151184e+04
6.7 1.144957e+04 1.141988e+04 1.145170e+04 1.148139e+04
7.7 1.138712e+04 1.140849e+04 1.143709e+04 1.141572e+04
8.7 1.138612e+04 1.142219e+04 1.142941e+04 1.139334e+04
9.7 1.153542e+04 1.144215e+04 1.142633e+04 1.151960e+04
10.7 1.156310e+04 1.145069e+04 1.142603e+04 1.153844e+04
11.7 1.144171e+04 1.145487e+04 1.142715e+04 1.141399e+04
12.7 1.132994e+04 1.146557e+04 1.142868e+04 1.129306e+04
13.7 1.144604e+04 1.147072e+04 1.143006e+04 1.140538e+04
14.7 1.147354e+04 1.146341e+04 1.143105e+04 1.144117e+04
15.7 1.133245e+04 1.144304e+04 1.143166e+04 1.132107e+04
16.7 1.135386e+04 1.141876e+04 1.143201e+04 1.136710e+04
17.7 1.142277e+04 1.140367e+04 1.143218e+04 1.145128e+04
18.7 1.137494e+04 1.141703e+04 1.143227e+04 1.139017e+04
19.7 1.141645e+04 1.144790e+04 1.143230e+04 1.140085e+04
20.7 1.149360e+04 1.145834e+04 1.143232e+04 1.146758e+04
21.7 1.146275e+04 1.145582e+04 1.143233e+04 1.143926e+04
0.9 1.155636e+04 1.139235e+04 1.143278e+04 1.159679e+04
1.9 1.142881e+04 1.140106e+04 1.144419e+04 1.147194e+04
2.9 1.144537e+04 1.142936e+04 1.147222e+04 1.148823e+04
3.9 1.150222e+04 1.145049e+04 1.148594e+04 1.153767e+04
4.9 1.154249e+04 1.145892e+04 1.147393e+04 1.155750e+04
5.9 1.144938e+04 1.147606e+04 1.145479e+04 1.142810e+04
6.9 1.146238e+04 1.149207e+04 1.144049e+04 1.141081e+04
7.9 1.150575e+04 1.148012e+04 1.143233e+04 1.145796e+04
8.9 1.145063e+04 1.145195e+04 1.142849e+04 1.142717e+04
9.9 1.139537e+04 1.144099e+04 1.142739e+04 1.138177e+04
10.9 1.141239e+04 1.144672e+04 1.142785e+04 1.139351e+04
11.9 1.149450e+04 1.144434e+04 1.142896e+04 1.147912e+04
12.9 1.156414e+04 1.144569e+04 1.143012e+04 1.154856e+04
13.9 1.143609e+04 1.147084e+04 1.143103e+04 1.139628e+04
14.9 1.149853e+04 1.149451e+04 1.143163e+04 1.143565e+04
15.9 1.146908e+04 1.148569e+04 1.143198e+04 1.141537e+04
16.9 1.147156e+04 1.145449e+04 1.143217e+04 1.144924e+04
17.9 1.136460e+04 1.142611e+04 1.143226e+04 1.137076e+04
18.9 1.143206e+04 1.142492e+04 1.143230e+04 1.143944e+04
19.9 1.145005e+04 1.143229e+04 1.143232e+04 1.145008e+04
20.9 1.152552e+04 1.142807e+04 1.143233e+04 1.152977e+04
21.9 1.140548e+04 1.141797e+04 1.143233e+04 1.141984e+04
0.1 1.149870e+04 1.145611e+04 1.143233e+04 1.147492e+04
1.1 1.142232e+04 1.143006e+04 1.143340e+04 1.142565e+04
2.1 1.144467e+04 1.142344e+04 1.144829e+04 1.146952e+04
3.1 1.135413e+04 1.144206e+04 1.147947e+04 1.139154e+04
4.1 1.145532e+04 1.145784e+04 1.149981e+04 1.149729e+04
5.1 1.150435e+04 1.145316e+04 1.148959e+04 1.154078e+04
6.1 1.144509e+04 1.144682e+04 1.146570e+04 1.146397e+04
7.1 1.146636e+04 1.144993e+04 1.144578e+04 1.146220e+04
8.1 1.143348e+04 1.144469e+04 1.143380e+04 1.142259e+04
9.1 1.146647e+04 1.142802e+04 1.142794e+04 1.146639e+04
10.1 1.147756e+04 1.141147e+04 1.142599e+04 1.149208e+04
11.1 1.136021e+04 1.141892e+04 1.142631e+04 1.136761e+04
12.1 1.145523e+04 1.144759e+04 1.142767e+04 1.143531e+04
13.1 1.142372e+04 1.145890e+04 1.142919e+04 1.139401e+04
14.1 1.146369e+04 1.144599e+04 1.143044e+04 1.144814e+04
15.1 1.133722e+04 1.142677e+04 1.143129e+04 1.134174e+04
16.1 1.141544e+04 1.142672e+04 1.143181e+04 1.142052e+04
17.1 1.142363e+04 1.143421e+04 1.143208e+04 1.142150e+04
18.1 1.137803e+04 1.143101e+04 1.143222e+04 1.137924e+04
19.1 1.145742e+04 1.141790e+04 1.143228e+04 1.147181e+04
20.1 1.143472e+04 1.140930e+04 1.143231e+04 1.145773e+04
21.1 1.149989e+04 1.142057e+04 1.143232e+04 1.151164e+04
0.1 1.150397e+04 1.145484e+04 1.143233e+04 1.148146e+04
1.1 1.147421e+04 1.144440e+04 1.143369e+04 1.146351e+04
2.1 1.142019e+04 1.144075e+04 1.144979e+04 1.142923e+04
3.1 1.143283e+04 1.145611e+04 1.148128e+04 1.145799e+04
4.1 1.153740e+04 1.146753e+04 1.150002e+04 1.156989e+04
5.1 1.142525e+04 1.146489e+04 1.148836e+04 1.144872e+04
6.1 1.135435e+04 1.146369e+04 1.146436e+04 1.135502e+04
7.1 1.135290e+04 1.146652e+04 1.144488e+04 1.133127e+04
8.1 1.139927e+04 1.146011e+04 1.143333e+04 1.137248e+04
9.1 1.145804e+04 1.144016e+04 1.142774e+04 1.144563e+04
10.1 1.142877e+04 1.143206e+04 1.142596e+04 1.142267e+04
11.1 1.148292e+04 1.144293e+04 1.142637e+04 1.146636e+04
12.1 1.153870e+04 1.144852e+04 1.142775e+04 1.151794e+04
13.1 1.153792e+04 1.144413e+04 1.142927e+04 1.152306e+04
14.1 1.143861e+04 1.145952e+04 1.143050e+04 1.140958e+04
15.1 1.147321e+04 1.148881e+04 1.143133e+04 1.141573e+04
16.1 1.146390e+04 1.149603e+04 1.143183e+04 1.139970e+04
17.1 1.143952e+04 1.148191e+04 1.143209e+04 1.138971e+04
18.1 1.143375e+04 1.147402e+04 1.143223e+04 1.139195e+04
19.1 1.144504e+04 1.147717e+04 1.143229e+04 1.140016e+04
20.1 1.144040e+04 1.146909e+04 1.143231e+04 1.140362e+04
21.1 1.142808e+04 1.144637e+04 1.143232e+04 1.141404e+04
1.0 1.143215e+04 1.142082e+04 1.143315e+04 1.144447e+04
2.0 1.133176e+04 1.141508e+04 1.144686e+04 1.136354e+04
3.0 1.129964e+04 1.143320e+04 1.147518e+04 1.134161e+04
4.0 1.144014e+04 1.144372e+04 1.148561e+04 1.148203e+04
5.0 1.166245e+04 1.143599e+04 1.147175e+04 1.169821e+04
6.0 1.163145e+04 1.142098e+04 1.145474e+04 1.166521e+04
7.0 1.138354e+04 1.142413e+04 1.145907e+04 1.141848e+04
8.0 1.133548e+04 1.144314e+04 1.147901e+04 1.137135e+04
9.0 1.130708e+04 1.144862e+04 1.148013e+04 1.133859e+04
10.0 1.132836e+04 1.143638e+04 1.146288e+04 1.135486e+04
11.0 1.125917e+04 1.141780e+04 1.144521e+04 1.128657e+04
12.0 1.128684e+04 1.140323e+04 1.143412e+04 1.131773e+04
13.0 1.134308e+04 1.139503e+04 1.142873e+04 1.137677e+04
14.0 1.137794e+04 1.139831e+04 1.143357e+04 1.141321e+04
15.0 1.144141e+04 1.141932e+04 1.145500e+04 1.147710e+04
16.0 1.153513e+04 1.143390e+04 1.146491e+04 1.156615e+04
17.0 1.158140e+04 1.143096e+04 1.145676e+04 1.160720e+04
18.0 1.141200e+04 1.142554e+04 1.144472e+04 1.143118e+04
19.0 1.141455e+04 1.144405e+04 1.143617e+04 1.140667e+04
20.0 1.145387e+04 1.145770e+04 1.143146e+04 1.142763e+04
21.0 1.146392e+04 1.144783e+04 1.142933e+04 1.144542e+04
22.0 1.133177e+04 1.143130e+04 1.142884e+04 1.132931e+04
0.2 1.166245e+04 1.143599e+04 1.147175e+04 1.169821e+04
1.2 1.163145e+04 1.142098e+04 1.145474e+04 1.166521e+04
2.2 1.138354e+04 1.142413e+04 1.145907e+04 1.141848e+04
3.2 1.133548e+04 1.144314e+04 1.147901e+04 1.137135e+04
4.2 1.130708e+04 1.144862e+04 1.148013e+04 1.133859e+04
5.2 1.132836e+04 1.143638e+04 1.146288e+04 1.135486e+04
6.2 1.125917e+04 1.141780e+04 1.144521e+04 1.128657e+04
7.2 1.128684e+04 1.140323e+04 1.143412e+04 1.131773e+04
8.2 1.134308e+04 1.139503e+04 1.142873e+04 1.137677e+04
9.2 1.137794e+04 1.139831e+04 1.143357e+04 1.141321e+04
10.2 1.144141e+04 1.141932e+04 1.145500e+04 1.147710e+04
11.2 1.153513e+04 1.143390e+04 1.146491e+04 1.156615e+04
12.2 1.158140e+04 1.143096e+04 1.145676e+04 1.160720e+04
13.2 1.141200e+04 1.142554e+04 1.144472e+04 1.143118e+04
14.2 1.141455e+04 1.144405e+04 1.143617e+04 1.140667e+04
15.2 1.145387e+04 1.145770e+04 1.143146e+04 1.142763e+04
16.2 1.146392e+04 1.144783e+04 1.142933e+04 1.144542e+04
17.2 1.133177e+04 1.143130e+04 1.142884e+04 1.132931e+04
18.2 1.130930e+04 1.144397e+04 1.142928e+04 1.129460e+04
19.2 1.136215e+04 1.147880e+04 1.143009e+04 1.131344e+04
20.2 1.143942e+04 1.149189e+04 1.143088e+04 1.137842e+04
21.2 1.151488e+04 1.147618e+04 1.143149e+04 1.147019e+04
0.6 1.134308e+04 1.139503e+04 1.142873e+04 1.137677e+04
1.6 1.137794e+04 1.139831e+04 1.143357e+04 1.141321e+04
2.6 1.144141e+04 1.141932e+04 1.145500e+04 1.147710e+04
3.6 1.153513e+04 1.143390e+04 1.146491e+04 1.156615e+04
4.6 1.158140e+04 1.143096e+04 1.145676e+04 1.160720e+04
5.6 1.141200e+04 1.142554e+04 1.144472e+04 1.143118e+04
6.6 1.141455e+04 1.144405e+04 1.143617e+04 1.140667e+04
7.6 1.145387e+04 1.145770e+04 1.143146e+04 1.142763e+04
8.6 1.146392e+04 1.144783e+04 1.142933e+04 1.144542e+04
9.6 1.133177e+04 1.143130e+04 1.142884e+04 1.132931e+04
10.6 1.130930e+04 1.144397e+04 1.142928e+04 1.129460e+04
11.6 1.136215e+04 1.147880e+04 1.143009e+04 1.131344e+04
12.6 1.143942e+04 1.149189e+04 1.143088e+04 1.137842e+04
13.6 1.151488e+04 1.147618e+04 1.143149e+04 1.147019e+04
14.6 1.144628e+04 1.146970e+04 1.143188e+04 1.140846e+04
15.6 1.146629e+04 1.147509e+04 1.143211e+04 1.142331e+04
16.6 1.148905e+04 1.146523e+04 1.143223e+04 1.145605e+04
17.6 1.144092e+04 1.145239e+04 1.143229e+04 1.142082e+04
18.6 1.151341e+04 1.145083e+04 1.143231e+04 1.149489e+04
19.6 1.149785e+04 1.144863e+04 1.143232e+04 1.148154e+04
20.6 1.149671e+04 1.143461e+04 1.143233e+04 1.149442e+04
21.6 1.148712e+04 1.141460e+04 1.143233e+04 1.150485e+04
0.7 1.141147e+04 1.146770e+04 1.143248e+04 1.137625e+04
1.7 1.141224e+04 1.146487e+04 1.144071e+04 1.138808e+04
2.7 1.148003e+04 1.146799e+04 1.146737e+04 1.147942e+04
3.7 1.142230e+04 1.146876e+04 1.148573e+04 1.143927e+04
4.7 1.142070e+04 1.145904e+04 1.147705e+04 1.143871e+04
5.7 1.138894e+04 1.143697e+04 1.145788e+04 1.140985e+04
6.7 1.130599e+04 1.141366e+04 1.144247e+04 1.133480e+04
7.7 1.131768e+04 1.140548e+04 1.143337e+04 1.134557e+04
8.7 1.140859e+04 1.143250e+04 1.142892e+04 1.140500e+04
9.7 1.143816e+04 1.146465e+04 1.142744e+04 1.140095e+04
10.7 1.154326e+04 1.146556e+04 1.142770e+04 1.150540e+04
11.7 1.141294e+04 1.144356e+04 1.142876e+04 1.139814e+04
12.7 1.135219e+04 1.141906e+04 1.142994e+04 1.136306e+04
13.7 1.141566e+04 1.140214e+04 1.143090e+04 1.144442e+04
14.7 1.135403e+04 1.139308e+04 1.143155e+04 1.139250e+04
15.7 1.136516e+04 1.138953e+04 1.143194e+04 1.140757e+04
16.7 1.136446e+04 1.139525e+04 1.143215e+04 1.140135e+04
17.7 1.144730e+04 1.141719e+04 1.143225e+04 1.146236e+04
18.7 1.130846e+04 1.143723e+04 1.143230e+04 1.130352e+04
19.7 1.136993e+04 1.144051e+04 1.143233e+04 1.136174e+04
20.7 1.145138e+04 1.143188e+04 1.143674e+04 1.145624e+04
21.7 1.146156e+04 1.143928e+04 1.145965e+04 1.148193e+04
0.5 1.136993e+04 1.144051e+04 1.143233e+04 1.136174e+04
1.5 1.145138e+04 1.143188e+04 1.143674e+04 1.145624e+04
2.5 1.146156e+04 1.143928e+04 1.145965e+04 1.148193e+04
3.5 1.145953e+04 1.145348e+04 1.148372e+04 1.148977e+04
4.5 1.153518e+04 1.145109e+04 1.148115e+04 1.156524e+04
5.5 1.138175e+04 1.143387e+04 1.146277e+04 1.141066e+04
6.5 1.134937e+04 1.141434e+04 1.144580e+04 1.138082e+04
7.5 1.124820e+04 1.140069e+04 1.143519e+04 1.128269e+04
8.5 1.138274e+04 1.139354e+04 1.142972e+04 1.141892e+04
9.5 1.139144e+04 1.139088e+04 1.142764e+04 1.142819e+04
10.5 1.136918e+04 1.139632e+04 1.143309e+04 1.140595e+04
11.5 1.135074e+04 1.141875e+04 1.145494e+04 1.138692e+04
12.5 1.145095e+04 1.143956e+04 1.146685e+04 1.147824e+04
13.5 1.137356e+04 1.144316e+04 1.145939e+04 1.138979e+04
14.5 1.145460e+04 1.142963e+04 1.144677e+04 1.147174e+04
15.5 1.154203e+04 1.141413e+04 1.143743e+04 1.156532e+04
16.5 1.150308e+04 1.141570e+04 1.143213e+04 1.151950e+04
17.5 1.146599e+04 1.142954e+04 1.142963e+04 1.146608e+04
18.5 1.146523e+04 1.143334e+04 1.142893e+04 1.146082e+04
19.5 1.135573e+04 1.142424e+04 1.142926e+04 1.136075e+04
20.5 1.138894e+04 1.142356e+04 1.143003e+04 1.139541e+04
21.5 1.136002e+04 1.144551e+04 1.143083e+04 1.134534e+04
0.5 1.139144e+04 1.139088e+04 1.142764e+04 1.142819e+04
1.5 1.136918e+04 1.139632e+04 1.143309e+04 1.140595e+04
2.5 1.135074e+04 1.141875e+04 1.145494e+04 1.138692e+04
3.5 1.145095e+04 1.143956e+04 1.146685e+04 1.147824e+04
4.5 1.137356e+04 1.144316e+04 1.145939e+04 1.138979e+04
5.5 1.145460e+04 1.142963e+04 1.144677e+04 1.147174e+04
6.5 1.154203e+04 1.141413e+04 1.143743e+04 1.156532e+04
7.5 1.150308e+04 1.141570e+04 1.143213e+04 1.151950e+04
8.5 1.146599e+04 1.142954e+04 1.142963e+04 1.146608e+04
9.5 1.146523e+04 1.143334e+04 1.142893e+04 1.146082e+04
10.5 1.135573e+04 1.142424e+04 1.142926e+04 1.136075e+04
11.5 1.138894e+04 1.142356e+04 1.143003e+04 1.139541e+04
12.5 1.136002e+04 1.144551e+04 1.143083e+04 1.134534e+04
13.5 1.143618e+04 1.146613e+04 1.143145e+04 1.140150e+04
14.5 1.144195e+04 1.146283e+04 1.143186e+04 1.141098e+04
15.5 1.135433e+04 1.144325e+04 1.143210e+04 1.134317e+04
16.5 1.143492e+04 1.143404e+04 1.143222e+04 1.143311e+04
17.5 1.146402e+04 1.143885e+04 1.143228e+04 1.145745e+04
18.5 1.147183e+04 1.144143e+04 1.143231e+04 1.146271e+04
19.5 1.147650e+04 1.143021e+04 1.143232e+04 1.147861e+04
20.5 1.147435e+04 1.141313e+04 1.143233e+04 1.149355e+04
21.5 1.134811e+04 1.140031e+04 1.143233e+04 1.138013e+04
