0.3 1.152498e+04 1.146092e+04 1.143163e+04 1.149569e+04
1.3 1.155756e+04 1.143749e+04 1.143513e+04 1.155520e+04
2.3 1.146191e+04 1.143877e+04 1.145997e+04 1.148310e+04
3.3 1.151626e+04 1.146345e+04 1.149890e+04 1.155171e+04
4.3 1.147788e+04 1.147661e+04 1.151442e+04 1.151569e+04
5.3 1.159271e+04 1.146767e+04 1.149472e+04 1.161976e+04
6.3 1.146089e+04 1.144249e+04 1.146536e+04 1.148376e+04
7.3 1.143170e+04 1.141651e+04 1.144345e+04 1.145865e+04
8.3 1.140536e+04 1.139909e+04 1.143099e+04 1.143725e+04
9.3 1.144614e+04 1.139036e+04 1.142526e+04 1.148104e+04
10.3 1.145612e+04 1.138762e+04 1.142390e+04 1.149240e+04
11.3 1.141019e+04 1.139755e+04 1.143425e+04 1.144689e+04
12.3 1.144215e+04 1.143178e+04 1.146833e+04 1.147870e+04
13.3 1.143143e+04 1.146112e+04 1.149354e+04 1.146386e+04
14.3 1.153815e+04 1.146575e+04 1.148511e+04 1.155752e+04
15.3 1.146797e+04 1.145499e+04 1.146987e+04 1.148284e+04
16.3 1.145294e+04 1.145737e+04 1.147757e+04 1.147313e+04
17.3 1.142093e+04 1.145676e+04 1.147955e+04 1.144372e+04
18.3 1.135504e+04 1.144119e+04 1.146326e+04 1.137710e+04
19.3 1.142145e+04 1.142529e+04 1.144470e+04 1.144086e+04
20.3 1.145170e+04 1.144113e+04 1.143279e+04 1.144336e+04
21.3 1.151776e+04 1.147735e+04 1.142717e+04 1.146757e+04
0.7 1.145612e+04 1.138762e+04 1.142390e+04 1.149240e+04
1.7 1.141019e+04 1.139755e+04 1.143425e+04 1.144689e+04
2.7 1.144215e+04 1.143178e+04 1.146833e+04 1.147870e+04
3.7 1.143143e+04 1.146112e+04 1.149354e+04 1.146386e+04
4.7 1.153815e+04 1.146575e+04 1.148511e+04 1.155752e+04
5.7 1.146797e+04 1.145499e+04 1.146987e+04 1.148284e+04
6.7 1.145294e+04 1.145737e+04 1.147757e+04 1.147313e+04
7.7 1.142093e+04 1.145676e+04 1.147955e+04 1.144372e+04
8.7 1.135504e+04 1.144119e+04 1.146326e+04 1.137710e+04
9.7 1.142145e+04 1.142529e+04 1.144470e+04 1.144086e+04
10.7 1.145170e+04 1.144113e+04 1.143279e+04 1.144336e+04
11.7 1.151776e+04 1.147735e+04 1.142717e+04 1.146757e+04
12.7 1.155522e+04 1.148964e+04 1.142537e+04 1.149095e+04
13.7 1.152259e+04 1.147328e+04 1.142562e+04 1.147493e+04
14.7 1.137611e+04 1.146439e+04 1.142683e+04 1.133855e+04
15.7 1.141991e+04 1.147147e+04 1.142827e+04 1.137671e+04
16.7 1.153243e+04 1.146905e+04 1.142952e+04 1.149291e+04
17.7 1.156666e+04 1.144963e+04 1.143043e+04 1.154745e+04
18.7 1.139211e+04 1.142392e+04 1.143100e+04 1.139919e+04
19.7 1.146624e+04 1.140564e+04 1.143132e+04 1.149192e+04
20.7 1.149509e+04 1.141173e+04 1.143148e+04 1.151484e+04
21.7 1.148352e+04 1.143725e+04 1.143157e+04 1.147784e+04
0.6 1.153815e+04 1.146575e+04 1.148511e+04 1.155752e+04
1.6 1.146797e+04 1.145499e+04 1.146987e+04 1.148284e+04
2.6 1.145294e+04 1.145737e+04 1.147757e+04 1.147313e+04
3.6 1.142093e+04 1.145676e+04 1.147955e+04 1.144372e+04
4.6 1.135504e+04 1.144119e+04 1.146326e+04 1.137710e+04
5.6 1.142145e+04 1.142529e+04 1.144470e+04 1.144086e+04
6.6 1.145170e+04 1.144113e+04 1.143279e+04 1.144336e+04
7.6 1.151776e+04 1.147735e+04 1.142717e+04 1.146757e+04
8.6 1.155522e+04 1.148964e+04 1.142537e+04 1.149095e+04
9.6 1.152259e+04 1.147328e+04 1.142562e+04 1.147493e+04
10.6 1.137611e+04 1.146439e+04 1.142683e+04 1.133855e+04
11.6 1.141991e+04 1.147147e+04 1.142827e+04 1.137671e+04
12.6 1.153243e+04 1.146905e+04 1.142952e+04 1.149291e+04
13.6 1.156666e+04 1.144963e+04 1.143043e+04 1.154745e+04
14.6 1.139211e+04 1.142392e+04 1.143100e+04 1.139919e+04
15.6 1.146624e+04 1.140564e+04 1.143132e+04 1.149192e+04
16.6 1.149509e+04 1.141173e+04 1.143148e+04 1.151484e+04
17.6 1.148352e+04 1.143725e+04 1.143157e+04 1.147784e+04
18.6 1.144874e+04 1.145470e+04 1.143160e+04 1.142564e+04
19.6 1.147192e+04 1.145529e+04 1.143162e+04 1.144825e+04
20.6 1.139511e+04 1.143939e+04 1.143162e+04 1.138735e+04
21.6 1.141505e+04 1.142654e+04 1.143163e+04 1.142013e+04
0.2 1.135386e+04 1.141876e+04 1.143163e+04 1.136672e+04
1.2 1.142277e+04 1.140367e+04 1.143423e+04 1.145333e+04
2.2 1.137494e+04 1.141703e+04 1.145688e+04 1.141478e+04
3.2 1.141645e+04 1.144790e+04 1.149078e+04 1.145932e+04
4.2 1.149360e+04 1.145834e+04 1.149629e+04 1.153155e+04
5.2 1.146275e+04 1.145582e+04 1.148705e+04 1.149398e+04
6.2 1.142066e+04 1.146107e+04 1.149074e+04 1.145032e+04
7.2 1.142241e+04 1.145647e+04 1.148251e+04 1.144844e+04
8.2 1.144058e+04 1.143743e+04 1.146098e+04 1.146412e+04
9.2 1.140175e+04 1.141538e+04 1.144168e+04 1.142806e+04
10.2 1.145958e+04 1.139983e+04 1.143038e+04 1.149014e+04
11.2 1.155636e+04 1.139235e+04 1.142549e+04 1.158950e+04
12.2 1.142881e+04 1.140106e+04 1.142436e+04 1.145211e+04
13.2 1.144537e+04 1.142936e+04 1.142517e+04 1.144118e+04
14.2 1.150222e+04 1.145049e+04 1.142674e+04 1.147847e+04
15.2 1.154249e+04 1.145892e+04 1.142835e+04 1.151192e+04
16.2 1.144938e+04 1.147606e+04 1.142965e+04 1.140296e+04
17.2 1.146238e+04 1.149207e+04 1.143053e+04 1.140084e+04
18.2 1.150575e+04 1.148012e+04 1.143106e+04 1.145670e+04
19.2 1.145063e+04 1.145195e+04 1.143136e+04 1.143004e+04
20.2 1.139537e+04 1.144099e+04 1.143151e+04 1.138588e+04
21.2 1.141239e+04 1.144672e+04 1.143157e+04 1.139724e+04
0.8 1.149360e+04 1.145834e+04 1.149629e+04 1.153155e+04
1.8 1.146275e+04 1.145582e+04 1.148705e+04 1.149398e+04
2.8 1.142066e+04 1.146107e+04 1.149074e+04 1.145032e+04
3.8 1.142241e+04 1.145647e+04 1.148251e+04 1.144844e+04
4.8 1.144058e+04 1.143743e+04 1.146098e+04 1.146412e+04
5.8 1.140175e+04 1.141538e+04 1.144168e+04 1.142806e+04
6.8 1.145958e+04 1.139983e+04 1.143038e+04 1.149014e+04
7.8 1.155636e+04 1.139235e+04 1.142549e+04 1.158950e+04
8.8 1.142881e+04 1.140106e+04 1.142436e+04 1.145211e+04
9.8 1.144537e+04 1.142936e+04 1.142517e+04 1.144118e+04
10.8 1.150222e+04 1.145049e+04 1.142674e+04 1.147847e+04
11.8 1.154249e+04 1.145892e+04 1.142835e+04 1.151192e+04
12.8 1.144938e+04 1.147606e+04 1.142965e+04 1.140296e+04
13.8 1.146238e+04 1.149207e+04 1.143053e+04 1.140084e+04
14.8 1.150575e+04 1.148012e+04 1.143106e+04 1.145670e+04
15.8 1.145063e+04 1.145195e+04 1.143136e+04 1.143004e+04
16.8 1.139537e+04 1.144099e+04 1.143151e+04 1.138588e+04
17.8 1.141239e+04 1.144672e+04 1.143157e+04 1.139724e+04
18.8 1.149450e+04 1.144434e+04 1.143161e+04 1.148177e+04
19.8 1.156414e+04 1.144569e+04 1.143162e+04 1.155006e+04
20.8 1.143609e+04 1.147084e+04 1.143162e+04 1.139687e+04
21.8 1.149853e+04 1.149451e+04 1.143163e+04 1.143564e+04
0.6 1.138365e+04 1.143771e+04 1.143168e+04 1.137762e+04
1.6 1.136735e+04 1.142351e+04 1.143898e+04 1.138282e+04
2.6 1.140404e+04 1.143936e+04 1.146982e+04 1.143450e+04
3.6 1.144196e+04 1.146851e+04 1.150694e+04 1.148038e+04
4.6 1.153286e+04 1.147493e+04 1.151293e+04 1.157085e+04
5.6 1.149870e+04 1.145611e+04 1.148819e+04 1.153078e+04
6.6 1.142232e+04 1.143006e+04 1.145951e+04 1.145177e+04
7.6 1.144467e+04 1.142344e+04 1.143979e+04 1.146102e+04
8.6 1.135413e+04 1.144206e+04 1.142909e+04 1.134116e+04
9.6 1.145532e+04 1.145784e+04 1.142452e+04 1.142200e+04
10.6 1.150435e+04 1.145316e+04 1.142372e+04 1.147491e+04
11.6 1.144509e+04 1.144682e+04 1.142492e+04 1.142319e+04
12.6 1.146636e+04 1.144993e+04 1.142680e+04 1.144323e+04
13.6 1.143348e+04 1.144469e+04 1.142856e+04 1.141735e+04
14.6 1.146647e+04 1.142802e+04 1.142987e+04 1.146832e+04
15.6 1.147756e+04 1.141147e+04 1.143237e+04 1.149847e+04
16.6 1.136021e+04 1.141892e+04 1.145257e+04 1.139387e+04
17.6 1.145523e+04 1.144759e+04 1.148723e+04 1.149487e+04
18.6 1.142372e+04 1.145890e+04 1.149603e+04 1.146084e+04
19.6 1.146369e+04 1.144599e+04 1.147719e+04 1.149488e+04
20.6 1.133722e+04 1.142677e+04 1.145443e+04 1.136487e+04
21.6 1.141544e+04 1.142672e+04 1.143875e+04 1.142746e+04
0.1 1.146647e+04 1.142802e+04 1.142987e+04 1.146832e+04
1.1 1.147756e+04 1.141147e+04 1.143237e+04 1.149847e+04
2.1 1.136021e+04 1.141892e+04 1.145257e+04 1.139387e+04
3.1 1.145523e+04 1.144759e+04 1.148723e+04 1.149487e+04
4.1 1.142372e+04 1.145890e+04 1.149603e+04 1.146084e+04
5.1 1.146369e+04 1.144599e+04 1.147719e+04 1.149488e+04
6.1 1.133722e+04 1.142677e+04 1.145443e+04 1.136487e+04
7.1 1.141544e+04 1.142672e+04 1.143875e+04 1.142746e+04
8.1 1.142363e+04 1.143421e+04 1.143016e+04 1.141958e+04
9.1 1.137803e+04 1.143101e+04 1.142637e+04 1.137339e+04
10.1 1.145742e+04 1.141790e+04 1.142557e+04 1.146510e+04
11.1 1.143472e+04 1.140930e+04 1.142641e+04 1.145183e+04
12.1 1.149989e+04 1.142057e+04 1.142784e+04 1.150715e+04
13.1 1.148564e+04 1.143212e+04 1.142921e+04 1.148272e+04
14.1 1.146660e+04 1.142951e+04 1.143023e+04 1.146732e+04
15.1 1.136869e+04 1.141703e+04 1.143089e+04 1.138255e+04
16.1 1.145839e+04 1.140499e+04 1.143127e+04 1.148466e+04
17.1 1.149464e+04 1.139746e+04 1.143146e+04 1.152864e+04
18.1 1.152519e+04 1.139384e+04 1.143155e+04 1.156291e+04
19.1 1.147702e+04 1.139494e+04 1.143160e+04 1.151367e+04
20.1 1.149910e+04 1.141473e+04 1.143161e+04 1.151598e+04
21.1 1.149112e+04 1.144481e+04 1.143162e+04 1.147793e+04
0.1 1.153740e+04 1.146753e+04 1.143163e+04 1.150150e+04
1.1 1.142525e+04 1.146489e+04 1.143311e+04 1.139346e+04
2.1 1.135435e+04 1.146369e+04 1.145135e+04 1.134201e+04
3.1 1.135290e+04 1.146652e+04 1.147473e+04 1.136111e+04
4.1 1.139927e+04 1.146011e+04 1.147345e+04 1.141260e+04
5.1 1.145804e+04 1.144016e+04 1.145858e+04 1.147647e+04
6.1 1.142877e+04 1.143206e+04 1.145980e+04 1.145652e+04
7.1 1.148292e+04 1.144293e+04 1.147574e+04 1.151573e+04
8.1 1.153870e+04 1.144852e+04 1.147265e+04 1.156284e+04
9.1 1.153792e+04 1.144413e+04 1.145572e+04 1.154951e+04
10.1 1.143861e+04 1.145952e+04 1.144058e+04 1.141967e+04
11.1 1.147321e+04 1.148881e+04 1.143173e+04 1.141613e+04
12.1 1.146390e+04 1.149603e+04 1.142766e+04 1.139553e+04
13.1 1.143952e+04 1.148191e+04 1.142643e+04 1.138404e+04
14.1 1.143375e+04 1.147402e+04 1.142678e+04 1.138651e+04
15.1 1.144504e+04 1.147717e+04 1.142785e+04 1.139573e+04
16.1 1.144040e+04 1.146909e+04 1.142906e+04 1.140037e+04
17.1 1.142808e+04 1.144637e+04 1.143006e+04 1.141177e+04
18.1 1.143215e+04 1.142082e+04 1.143076e+04 1.144208e+04
19.1 1.133176e+04 1.141508e+04 1.143118e+04 1.134786e+04
20.1 1.129964e+04 1.143320e+04 1.143141e+04 1.129784e+04
21.1 1.144014e+04 1.144372e+04 1.143153e+04 1.142795e+04
1.0 1.145804e+04 1.144016e+04 1.145858e+04 1.147647e+04
2.0 1.142877e+04 1.143206e+04 1.145980e+04 1.145652e+04
3.0 1.148292e+04 1.144293e+04 1.147574e+04 1.151573e+04
4.0 1.153870e+04 1.144852e+04 1.147265e+04 1.156284e+04
5.0 1.153792e+04 1.144413e+04 1.145572e+04 1.154951e+04
6.0 1.143861e+04 1.145952e+04 1.144058e+04 1.141967e+04
7.0 1.147321e+04 1.148881e+04 1.143173e+04 1.141613e+04
8.0 1.146390e+04 1.149603e+04 1.142766e+04 1.139553e+04
9.0 1.143952e+04 1.148191e+04 1.142643e+04 1.138404e+04
10.0 1.143375e+04 1.147402e+04 1.142678e+04 1.138651e+04
11.0 1.144504e+04 1.147717e+04 1.142785e+04 1.139573e+04
12.0 1.144040e+04 1.146909e+04 1.142906e+04 1.140037e+04
13.0 1.142808e+04 1.144637e+04 1.143006e+04 1.141177e+04
14.0 1.143215e+04 1.142082e+04 1.143076e+04 1.144208e+04
15.0 1.133176e+04 1.141508e+04 1.143118e+04 1.134786e+04
16.0 1.129964e+04 1.143320e+04 1.143141e+04 1.129784e+04
17.0 1.144014e+04 1.144372e+04 1.143153e+04 1.142795e+04
18.0 1.166245e+04 1.143599e+04 1.143159e+04 1.165805e+04
19.0 1.163145e+04 1.142098e+04 1.143161e+04 1.164209e+04
20.0 1.138354e+04 1.142413e+04 1.143162e+04 1.139103e+04
21.0 1.133548e+04 1.144314e+04 1.143162e+04 1.132396e+04
22.0 1.130708e+04 1.144862e+04 1.143163e+04 1.129009e+04
0.4 1.143942e+04 1.149189e+04 1.143163e+04 1.137916e+04
1.4 1.151488e+04 1.147618e+04 1.143583e+04 1.147453e+04
2.4 1.144628e+04 1.146970e+04 1.146199e+04 1.143857e+04
3.4 1.146629e+04 1.147509e+04 1.149382e+04 1.148502e+04
4.4 1.148905e+04 1.146523e+04 1.149406e+04 1.151787e+04
5.4 1.144092e+04 1.145239e+04 1.147202e+04 1.146055e+04
6.4 1.151341e+04 1.145083e+04 1.145022e+04 1.151280e+04
7.4 1.149785e+04 1.144863e+04 1.143621e+04 1.148543e+04
8.4 1.149671e+04 1.143461e+04 1.142885e+04 1.149094e+04
9.4 1.148712e+04 1.141460e+04 1.142587e+04 1.149839e+04
10.4 1.145285e+04 1.139964e+04 1.142558e+04 1.147878e+04
11.4 1.146888e+04 1.140102e+04 1.142665e+04 1.149451e+04
12.4 1.145637e+04 1.142781e+04 1.142813e+04 1.145669e+04
13.4 1.145598e+04 1.145785e+04 1.142945e+04 1.142759e+04
14.4 1.141147e+04 1.146770e+04 1.143040e+04 1.137417e+04
15.4 1.141224e+04 1.146487e+04 1.143099e+04 1.137836e+04
16.4 1.148003e+04 1.146799e+04 1.143132e+04 1.144337e+04
17.4 1.142230e+04 1.146876e+04 1.143149e+04 1.138502e+04
18.4 1.142070e+04 1.145904e+04 1.143157e+04 1.139323e+04
19.4 1.138894e+04 1.143697e+04 1.143160e+04 1.138357e+04
20.4 1.130599e+04 1.141366e+04 1.143162e+04 1.132394e+04
21.4 1.131768e+04 1.140548e+04 1.143162e+04 1.134383e+04
