0.5 1.062267e+04 1.060519e+04 1.061383e+04 1.063131e+04
1.5 1.064660e+04 1.061280e+04 1.061750e+04 1.065130e+04
2.5 1.063911e+04 1.062062e+04 1.062625e+04 1.064475e+04
3.5 1.061700e+04 1.062146e+04 1.062780e+04 1.062333e+04
4.5 1.059998e+04 1.062044e+04 1.062412e+04 1.060367e+04
5.5 1.066664e+04 1.062297e+04 1.062707e+04 1.067074e+04
6.5 1.066550e+04 1.062184e+04 1.062954e+04 1.067321e+04
7.5 1.063969e+04 1.061404e+04 1.062523e+04 1.065088e+04
8.5 1.059871e+04 1.060598e+04 1.061924e+04 1.061196e+04
9.5 1.061030e+04 1.060509e+04 1.061508e+04 1.062029e+04
10.5 1.061075e+04 1.061899e+04 1.061295e+04 1.060471e+04
11.5 1.066416e+04 1.063672e+04 1.061229e+04 1.063973e+04
12.5 1.067233e+04 1.064396e+04 1.061778e+04 1.064614e+04
13.5 1.068476e+04 1.063930e+04 1.062596e+04 1.067142e+04
14.5 1.066654e+04 1.062614e+04 1.062598e+04 1.066637e+04
15.5 1.064670e+04 1.062213e+04 1.062131e+04 1.064588e+04
16.5 1.063756e+04 1.063061e+04 1.061703e+04 1.062398e+04
17.5 1.065663e+04 1.063587e+04 1.061441e+04 1.063516e+04
18.5 1.066479e+04 1.063156e+04 1.061306e+04 1.064629e+04
19.5 1.065083e+04 1.062038e+04 1.061254e+04 1.064299e+04
20.5 1.063452e+04 1.061623e+04 1.061253e+04 1.063081e+04
0.1 1.061700e+04 1.062146e+04 1.062780e+04 1.062333e+04
1.1 1.059998e+04 1.062044e+04 1.062412e+04 1.060367e+04
2.1 1.066664e+04 1.062297e+04 1.062707e+04 1.067074e+04
3.1 1.066550e+04 1.062184e+04 1.062954e+04 1.067321e+04
4.1 1.063969e+04 1.061404e+04 1.062523e+04 1.065088e+04
5.1 1.059871e+04 1.060598e+04 1.061924e+04 1.061196e+04
6.1 1.061030e+04 1.060509e+04 1.061508e+04 1.062029e+04
7.1 1.061075e+04 1.061899e+04 1.061295e+04 1.060471e+04
8.1 1.066416e+04 1.063672e+04 1.061229e+04 1.063973e+04
9.1 1.067233e+04 1.064396e+04 1.061778e+04 1.064614e+04
10.1 1.068476e+04 1.063930e+04 1.062596e+04 1.067142e+04
11.1 1.066654e+04 1.062614e+04 1.062598e+04 1.066637e+04
12.1 1.064670e+04 1.062213e+04 1.062131e+04 1.064588e+04
13.1 1.063756e+04 1.063061e+04 1.061703e+04 1.062398e+04
14.1 1.065663e+04 1.063587e+04 1.061441e+04 1.063516e+04
15.1 1.066479e+04 1.063156e+04 1.061306e+04 1.064629e+04
16.1 1.065083e+04 1.062038e+04 1.061254e+04 1.064299e+04
17.1 1.063452e+04 1.061623e+04 1.061253e+04 1.063081e+04
18.1 1.064911e+04 1.062079e+04 1.061278e+04 1.064110e+04
19.1 1.066320e+04 1.062482e+04 1.061310e+04 1.065148e+04
20.1 1.070350e+04 1.062591e+04 1.061337e+04 1.069097e+04
0.8 1.066416e+04 1.063672e+04 1.061229e+04 1.063973e+04
1.8 1.067233e+04 1.064396e+04 1.061778e+04 1.064614e+04
2.8 1.068476e+04 1.063930e+04 1.062596e+04 1.067142e+04
3.8 1.066654e+04 1.062614e+04 1.062598e+04 1.066637e+04
4.8 1.064670e+04 1.062213e+04 1.062131e+04 1.064588e+04
5.8 1.063756e+04 1.063061e+04 1.061703e+04 1.062398e+04
6.8 1.065663e+04 1.063587e+04 1.061441e+04 1.063516e+04
7.8 1.066479e+04 1.063156e+04 1.061306e+04 1.064629e+04
8.8 1.065083e+04 1.062038e+04 1.061254e+04 1.064299e+04
9.8 1.063452e+04 1.061623e+04 1.061253e+04 1.063081e+04
10.8 1.064911e+04 1.062079e+04 1.061278e+04 1.064110e+04
11.8 1.066320e+04 1.062482e+04 1.061310e+04 1.065148e+04
12.8 1.070350e+04 1.062591e+04 1.061337e+04 1.069097e+04
13.8 1.065017e+04 1.061942e+04 1.061357e+04 1.064432e+04
14.8 1.061684e+04 1.060972e+04 1.061369e+04 1.062080e+04
15.8 1.060939e+04 1.060236e+04 1.061375e+04 1.062078e+04
16.8 1.062449e+04 1.059841e+04 1.061378e+04 1.063987e+04
17.8 1.062803e+04 1.059693e+04 1.061380e+04 1.064490e+04
18.8 1.061169e+04 1.059973e+04 1.061381e+04 1.062577e+04
19.8 1.061794e+04 1.061020e+04 1.061381e+04 1.062155e+04
20.8 1.061505e+04 1.062055e+04 1.061381e+04 1.060831e+04
0.8 1.062590e+04 1.062370e+04 1.061405e+04 1.061625e+04
1.8 1.060479e+04 1.062583e+04 1.062009e+04 1.059905e+04
2.8 1.060531e+04 1.062533e+04 1.062766e+04 1.060764e+04
3.8 1.062266e+04 1.061966e+04 1.062682e+04 1.062982e+04
4.8 1.062344e+04 1.062422e+04 1.062170e+04 1.062092e+04
5.8 1.064105e+04 1.063744e+04 1.061726e+04 1.062086e+04
6.8 1.067488e+04 1.064383e+04 1.061843e+04 1.064949e+04
7.8 1.067619e+04 1.064105e+04 1.062573e+04 1.066087e+04
8.8 1.061698e+04 1.063301e+04 1.062649e+04 1.061045e+04
9.8 1.060565e+04 1.062610e+04 1.062184e+04 1.060139e+04
10.8 1.065024e+04 1.062218e+04 1.062089e+04 1.064894e+04
11.8 1.066185e+04 1.062153e+04 1.062681e+04 1.066712e+04
12.8 1.061041e+04 1.061550e+04 1.062694e+04 1.062185e+04
13.8 1.060449e+04 1.060735e+04 1.062183e+04 1.061896e+04
14.8 1.060076e+04 1.060553e+04 1.061692e+04 1.061214e+04
15.8 1.062899e+04 1.061012e+04 1.061398e+04 1.063285e+04
16.8 1.064683e+04 1.061509e+04 1.061261e+04 1.064435e+04
17.8 1.063138e+04 1.061996e+04 1.061217e+04 1.062358e+04
18.8 1.060481e+04 1.061779e+04 1.061225e+04 1.059926e+04
19.8 1.058709e+04 1.061333e+04 1.061258e+04 1.058633e+04
20.8 1.060586e+04 1.061629e+04 1.061296e+04 1.060253e+04
0.6 1.064105e+04 1.063744e+04 1.061726e+04 1.062086e+04
1.6 1.067488e+04 1.064383e+04 1.061843e+04 1.064949e+04
2.6 1.067619e+04 1.064105e+04 1.062573e+04 1.066087e+04
3.6 1.061698e+04 1.063301e+04 1.062649e+04 1.061045e+04
4.6 1.060565e+04 1.062610e+04 1.062184e+04 1.060139e+04
5.6 1.065024e+04 1.062218e+04 1.062089e+04 1.064894e+04
6.6 1.066185e+04 1.062153e+04 1.062681e+04 1.066712e+04
7.6 1.061041e+04 1.061550e+04 1.062694e+04 1.062185e+04
8.6 1.060449e+04 1.060735e+04 1.062183e+04 1.061896e+04
9.6 1.060076e+04 1.060553e+04 1.061692e+04 1.061214e+04
10.6 1.062899e+04 1.061012e+04 1.061398e+04 1.063285e+04
11.6 1.064683e+04 1.061509e+04 1.061261e+04 1.064435e+04
12.6 1.063138e+04 1.061996e+04 1.061217e+04 1.062358e+04
13.6 1.060481e+04 1.061779e+04 1.061225e+04 1.059926e+04
14.6 1.058709e+04 1.061333e+04 1.061258e+04 1.058633e+04
15.6 1.060586e+04 1.061629e+04 1.061296e+04 1.060253e+04
16.6 1.061203e+04 1.062237e+04 1.061358e+04 1.060324e+04
17.6 1.064483e+04 1.062676e+04 1.062008e+04 1.063815e+04
18.6 1.063344e+04 1.062612e+04 1.062761e+04 1.063493e+04
19.6 1.060418e+04 1.061761e+04 1.062662e+04 1.061320e+04
20.6 1.059004e+04 1.060929e+04 1.062151e+04 1.060226e+04
0.5 1.060565e+04 1.062610e+04 1.062184e+04 1.060139e+04
1.5 1.065024e+04 1.062218e+04 1.062089e+04 1.064894e+04
2.5 1.066185e+04 1.062153e+04 1.062681e+04 1.066712e+04
3.5 1.061041e+04 1.061550e+04 1.062694e+04 1.062185e+04
4.5 1.060449e+04 1.060735e+04 1.062183e+04 1.061896e+04
5.5 1.060076e+04 1.060553e+04 1.061692e+04 1.061214e+04
6.5 1.062899e+04 1.061012e+04 1.061398e+04 1.063285e+04
7.5 1.064683e+04 1.061509e+04 1.061261e+04 1.064435e+04
8.5 1.063138e+04 1.061996e+04 1.061217e+04 1.062358e+04
9.5 1.060481e+04 1.061779e+04 1.061225e+04 1.059926e+04
10.5 1.058709e+04 1.061333e+04 1.061258e+04 1.058633e+04
11.5 1.060586e+04 1.061629e+04 1.061296e+04 1.060253e+04
12.5 1.061203e+04 1.062237e+04 1.061358e+04 1.060324e+04
13.5 1.064483e+04 1.062676e+04 1.062008e+04 1.063815e+04
14.5 1.063344e+04 1.062612e+04 1.062761e+04 1.063493e+04
15.5 1.060418e+04 1.061761e+04 1.062662e+04 1.061320e+04
16.5 1.059004e+04 1.060929e+04 1.062151e+04 1.060226e+04
17.5 1.057505e+04 1.060865e+04 1.061711e+04 1.058351e+04
18.5 1.062852e+04 1.061230e+04 1.061444e+04 1.063066e+04
19.5 1.067124e+04 1.061820e+04 1.061308e+04 1.066612e+04
20.5 1.063522e+04 1.062148e+04 1.061256e+04 1.062631e+04
0.9 1.061203e+04 1.062237e+04 1.061358e+04 1.060324e+04
1.9 1.064483e+04 1.062676e+04 1.062008e+04 1.063815e+04
2.9 1.063344e+04 1.062612e+04 1.062761e+04 1.063493e+04
3.9 1.060418e+04 1.061761e+04 1.062662e+04 1.061320e+04
4.9 1.059004e+04 1.060929e+04 1.062151e+04 1.060226e+04
5.9 1.057505e+04 1.060865e+04 1.061711e+04 1.058351e+04
6.9 1.062852e+04 1.061230e+04 1.061444e+04 1.063066e+04
7.9 1.067124e+04 1.061820e+04 1.061308e+04 1.066612e+04
8.9 1.063522e+04 1.062148e+04 1.061256e+04 1.062631e+04
9.9 1.059957e+04 1.062251e+04 1.061256e+04 1.058962e+04
10.9 1.059215e+04 1.062214e+04 1.061281e+04 1.058283e+04
11.9 1.060785e+04 1.062328e+04 1.061313e+04 1.059770e+04
12.9 1.060091e+04 1.061965e+04 1.061340e+04 1.059465e+04
13.9 1.056003e+04 1.061123e+04 1.061358e+04 1.056239e+04
14.9 1.059839e+04 1.060457e+04 1.061369e+04 1.060751e+04
15.9 1.058884e+04 1.060716e+04 1.061376e+04 1.059544e+04
16.9 1.060613e+04 1.061608e+04 1.061418e+04 1.060423e+04
17.9 1.065183e+04 1.062412e+04 1.062091e+04 1.064862e+04
18.9 1.064170e+04 1.062869e+04 1.062792e+04 1.064093e+04
19.9 1.063468e+04 1.062982e+04 1.062724e+04 1.063211e+04
20.9 1.062641e+04 1.063047e+04 1.062973e+04 1.062567e+04
0.9 1.060613e+04 1.061608e+04 1.061418e+04 1.060423e+04
1.9 1.065183e+04 1.062412e+04 1.062091e+04 1.064862e+04
2.9 1.064170e+04 1.062869e+04 1.062792e+04 1.064093e+04
3.9 1.063468e+04 1.062982e+04 1.062724e+04 1.063211e+04
4.9 1.062641e+04 1.063047e+04 1.062973e+04 1.062567e+04
5.9 1.061124e+04 1.062601e+04 1.063132e+04 1.061654e+04
6.9 1.059780e+04 1.061547e+04 1.062631e+04 1.060864e+04
7.9 1.059412e+04 1.060568e+04 1.061975e+04 1.060819e+04
8.9 1.063099e+04 1.059991e+04 1.061520e+04 1.064628e+04
9.9 1.063180e+04 1.060122e+04 1.061285e+04 1.064343e+04
10.9 1.063606e+04 1.061032e+04 1.061195e+04 1.063768e+04
11.9 1.062460e+04 1.061927e+04 1.061187e+04 1.061720e+04
12.9 1.065263e+04 1.062660e+04 1.061220e+04 1.063823e+04
13.9 1.062910e+04 1.063611e+04 1.061266e+04 1.060564e+04
14.9 1.062115e+04 1.064384e+04 1.061433e+04 1.059164e+04
15.9 1.063555e+04 1.064375e+04 1.062293e+04 1.061473e+04
16.9 1.061699e+04 1.063399e+04 1.062806e+04 1.061106e+04
17.9 1.059673e+04 1.062342e+04 1.062509e+04 1.059841e+04
18.9 1.059239e+04 1.061816e+04 1.062062e+04 1.059485e+04
19.9 1.063161e+04 1.061931e+04 1.062430e+04 1.063660e+04
20.9 1.065460e+04 1.062548e+04 1.062825e+04 1.065737e+04
0.1 1.064170e+04 1.062869e+04 1.062792e+04 1.064093e+04
1.1 1.063468e+04 1.062982e+04 1.062724e+04 1.063211e+04
2.1 1.062641e+04 1.063047e+04 1.062973e+04 1.062567e+04
3.1 1.061124e+04 1.062601e+04 1.063132e+04 1.061654e+04
4.1 1.059780e+04 1.061547e+04 1.062631e+04 1.060864e+04
5.1 1.059412e+04 1.060568e+04 1.061975e+04 1.060819e+04
6.1 1.063099e+04 1.059991e+04 1.061520e+04 1.064628e+04
7.1 1.063180e+04 1.060122e+04 1.061285e+04 1.064343e+04
8.1 1.063606e+04 1.061032e+04 1.061195e+04 1.063768e+04
9.1 1.062460e+04 1.061927e+04 1.061187e+04 1.061720e+04
10.1 1.065263e+04 1.062660e+04 1.061220e+04 1.063823e+04
11.1 1.062910e+04 1.063611e+04 1.061266e+04 1.060564e+04
12.1 1.062115e+04 1.064384e+04 1.061433e+04 1.059164e+04
13.1 1.063555e+04 1.064375e+04 1.062293e+04 1.061473e+04
14.1 1.061699e+04 1.063399e+04 1.062806e+04 1.061106e+04
15.1 1.059673e+04 1.062342e+04 1.062509e+04 1.059841e+04
16.1 1.059239e+04 1.061816e+04 1.062062e+04 1.059485e+04
17.1 1.063161e+04 1.061931e+04 1.062430e+04 1.063660e+04
18.1 1.065460e+04 1.062548e+04 1.062825e+04 1.065737e+04
19.1 1.062748e+04 1.063704e+04 1.062495e+04 1.061539e+04
20.1 1.063020e+04 1.064587e+04 1.062008e+04 1.060442e+04
0.2 1.062910e+04 1.063611e+04 1.061266e+04 1.060564e+04
1.2 1.062115e+04 1.064384e+04 1.061433e+04 1.059164e+04
2.2 1.063555e+04 1.064375e+04 1.062293e+04 1.061473e+04
3.2 1.061699e+04 1.063399e+04 1.062806e+04 1.061106e+04
4.2 1.059673e+04 1.062342e+04 1.062509e+04 1.059841e+04
5.2 1.059239e+04 1.061816e+04 1.062062e+04 1.059485e+04
6.2 1.063161e+04 1.061931e+04 1.062430e+04 1.063660e+04
7.2 1.065460e+04 1.062548e+04 1.062825e+04 1.065737e+04
8.2 1.062748e+04 1.063704e+04 1.062495e+04 1.061539e+04
9.2 1.063020e+04 1.064587e+04 1.062008e+04 1.060442e+04
10.2 1.062469e+04 1.064551e+04 1.062357e+04 1.060275e+04
11.2 1.063149e+04 1.063525e+04 1.062759e+04 1.062383e+04
12.2 1.059825e+04 1.062019e+04 1.062446e+04 1.060253e+04
13.2 1.061192e+04 1.061179e+04 1.061912e+04 1.061926e+04
14.2 1.060084e+04 1.061222e+04 1.061982e+04 1.060844e+04
15.2 1.061649e+04 1.061590e+04 1.062620e+04 1.062679e+04
16.2 1.059761e+04 1.061407e+04 1.062592e+04 1.060947e+04
17.2 1.063393e+04 1.061933e+04 1.062094e+04 1.063554e+04
18.2 1.064497e+04 1.063176e+04 1.061697e+04 1.063018e+04
19.2 1.066257e+04 1.063821e+04 1.062147e+04 1.064583e+04
20.2 1.061717e+04 1.063333e+04 1.062685e+04 1.061069e+04
1.0 1.059239e+04 1.061816e+04 1.062062e+04 1.059485e+04
2.0 1.063161e+04 1.061931e+04 1.062430e+04 1.063660e+04
3.0 1.065460e+04 1.062548e+04 1.062825e+04 1.065737e+04
4.0 1.062748e+04 1.063704e+04 1.062495e+04 1.061539e+04
5.0 1.063020e+04 1.064587e+04 1.062008e+04 1.060442e+04
6.0 1.062469e+04 1.064551e+04 1.062357e+04 1.060275e+04
7.0 1.063149e+04 1.063525e+04 1.062759e+04 1.062383e+04
8.0 1.059825e+04 1.062019e+04 1.062446e+04 1.060253e+04
9.0 1.061192e+04 1.061179e+04 1.061912e+04 1.061926e+04
10.0 1.060084e+04 1.061222e+04 1.061982e+04 1.060844e+04
11.0 1.061649e+04 1.061590e+04 1.062620e+04 1.062679e+04
12.0 1.059761e+04 1.061407e+04 1.062592e+04 1.060947e+04
13.0 1.063393e+04 1.061933e+04 1.062094e+04 1.063554e+04
14.0 1.064497e+04 1.063176e+04 1.061697e+04 1.063018e+04
15.0 1.066257e+04 1.063821e+04 1.062147e+04 1.064583e+04
16.0 1.061717e+04 1.063333e+04 1.062685e+04 1.061069e+04
17.0 1.059280e+04 1.062023e+04 1.062460e+04 1.059716e+04
18.0 1.060531e+04 1.060831e+04 1.061947e+04 1.061647e+04
19.0 1.060202e+04 1.060438e+04 1.061557e+04 1.061321e+04
20.0 1.060905e+04 1.060839e+04 1.061344e+04 1.061410e+04
21.0 1.060753e+04 1.061369e+04 1.061390e+04 1.060774e+04
1.0 1.063020e+04 1.064587e+04 1.062008e+04 1.060442e+04
2.0 1.062469e+04 1.064551e+04 1.062357e+04 1.060275e+04
3.0 1.063149e+04 1.063525e+04 1.062759e+04 1.062383e+04
4.0 1.059825e+04 1.062019e+04 1.062446e+04 1.060253e+04
5.0 1.061192e+04 1.061179e+04 1.061912e+04 1.061926e+04
6.0 1.060084e+04 1.061222e+04 1.061982e+04 1.060844e+04
7.0 1.061649e+04 1.061590e+04 1.062620e+04 1.062679e+04
8.0 1.059761e+04 1.061407e+04 1.062592e+04 1.060947e+04
9.0 1.063393e+04 1.061933e+04 1.062094e+04 1.063554e+04
10.0 1.064497e+04 1.063176e+04 1.061697e+04 1.063018e+04
11.0 1.066257e+04 1.063821e+04 1.062147e+04 1.064583e+04
12.0 1.061717e+04 1.063333e+04 1.062685e+04 1.061069e+04
13.0 1.059280e+04 1.062023e+04 1.062460e+04 1.059716e+04
14.0 1.060531e+04 1.060831e+04 1.061947e+04 1.061647e+04
15.0 1.060202e+04 1.060438e+04 1.061557e+04 1.061321e+04
16.0 1.060905e+04 1.060839e+04 1.061344e+04 1.061410e+04
17.0 1.060753e+04 1.061369e+04 1.061390e+04 1.060774e+04
18.0 1.060215e+04 1.061994e+04 1.062208e+04 1.060428e+04
19.0 1.059139e+04 1.061976e+04 1.062692e+04 1.059856e+04
20.0 1.057864e+04 1.061494e+04 1.062403e+04 1.058774e+04
21.0 1.059165e+04 1.061708e+04 1.061916e+04 1.059373e+04
0.7 1.061192e+04 1.061179e+04 1.061912e+04 1.061926e+04
1.7 1.060084e+04 1.061222e+04 1.061982e+04 1.060844e+04
2.7 1.061649e+04 1.061590e+04 1.062620e+04 1.062679e+04
3.7 1.059761e+04 1.061407e+04 1.062592e+04 1.060947e+04
4.7 1.063393e+04 1.061933e+04 1.062094e+04 1.063554e+04
5.7 1.064497e+04 1.063176e+04 1.061697e+04 1.063018e+04
6.7 1.066257e+04 1.063821e+04 1.062147e+04 1.064583e+04
7.7 1.061717e+04 1.063333e+04 1.062685e+04 1.061069e+04
8.7 1.059280e+04 1.062023e+04 1.062460e+04 1.059716e+04
9.7 1.060531e+04 1.060831e+04 1.061947e+04 1.061647e+04
10.7 1.060202e+04 1.060438e+04 1.061557e+04 1.061321e+04
11.7 1.060905e+04 1.060839e+04 1.061344e+04 1.061410e+04
12.7 1.060753e+04 1.061369e+04 1.061390e+04 1.060774e+04
13.7 1.060215e+04 1.061994e+04 1.062208e+04 1.060428e+04
14.7 1.059139e+04 1.061976e+04 1.062692e+04 1.059856e+04
15.7 1.057864e+04 1.061494e+04 1.062403e+04 1.058774e+04
16.7 1.059165e+04 1.061708e+04 1.061916e+04 1.059373e+04
17.7 1.062273e+04 1.062386e+04 1.061571e+04 1.061458e+04
18.7 1.064714e+04 1.062826e+04 1.061858e+04 1.063746e+04
19.7 1.064701e+04 1.062826e+04 1.062597e+04 1.064472e+04
20.7 1.061527e+04 1.062029e+04 1.062602e+04 1.062101e+04
1.0 1.064497e+04 1.063176e+04 1.061697e+04 1.063018e+04
2.0 1.066257e+04 1.063821e+04 1.062147e+04 1.064583e+04
3.0 1.061717e+04 1.063333e+04 1.062685e+04 1.061069e+04
4.0 1.059280e+04 1.062023e+04 1.062460e+04 1.059716e+04
5.0 1.060531e+04 1.060831e+04 1.061947e+04 1.061647e+04
6.0 1.060202e+04 1.060438e+04 1.061557e+04 1.061321e+04
7.0 1.060905e+04 1.060839e+04 1.061344e+04 1.061410e+04
8.0 1.060753e+04 1.061369e+04 1.061390e+04 1.060774e+04
9.0 1.060215e+04 1.061994e+04 1.062208e+04 1.060428e+04
10.0 1.059139e+04 1.061976e+04 1.062692e+04 1.059856e+04
11.0 1.057864e+04 1.061494e+04 1.062403e+04 1.058774e+04
12.0 1.059165e+04 1.061708e+04 1.061916e+04 1.059373e+04
13.0 1.062273e+04 1.062386e+04 1.061571e+04 1.061458e+04
14.0 1.064714e+04 1.062826e+04 1.061858e+04 1.063746e+04
15.0 1.064701e+04 1.062826e+04 1.062597e+04 1.064472e+04
16.0 1.061527e+04 1.062029e+04 1.062602e+04 1.062101e+04
17.0 1.060243e+04 1.061503e+04 1.062125e+04 1.060865e+04
18.0 1.057036e+04 1.061845e+04 1.061686e+04 1.056877e+04
19.0 1.063112e+04 1.062304e+04 1.061561e+04 1.062369e+04
20.0 1.067382e+04 1.062664e+04 1.062271e+04 1.066988e+04
21.0 1.063904e+04 1.062602e+04 1.062691e+04 1.063992e+04
0.2 1.060905e+04 1.060839e+04 1.061344e+04 1.061410e+04
1.2 1.060753e+04 1.061369e+04 1.061390e+04 1.060774e+04
2.2 1.060215e+04 1.061994e+04 1.062208e+04 1.060428e+04
3.2 1.059139e+04 1.061976e+04 1.062692e+04 1.059856e+04
4.2 1.057864e+04 1.061494e+04 1.062403e+04 1.058774e+04
5.2 1.059165e+04 1.061708e+04 1.061916e+04 1.059373e+04
6.2 1.062273e+04 1.062386e+04 1.061571e+04 1.061458e+04
7.2 1.064714e+04 1.062826e+04 1.061858e+04 1.063746e+04
8.2 1.064701e+04 1.062826e+04 1.062597e+04 1.064472e+04
9.2 1.061527e+04 1.062029e+04 1.062602e+04 1.062101e+04
10.2 1.060243e+04 1.061503e+04 1.062125e+04 1.060865e+04
11.2 1.057036e+04 1.061845e+04 1.061686e+04 1.056877e+04
12.2 1.063112e+04 1.062304e+04 1.061561e+04 1.062369e+04
13.2 1.067382e+04 1.062664e+04 1.062271e+04 1.066988e+04
14.2 1.063904e+04 1.062602e+04 1.062691e+04 1.063992e+04
15.2 1.061906e+04 1.062308e+04 1.062509e+04 1.062107e+04
16.2 1.062038e+04 1.062351e+04 1.062855e+04 1.062542e+04
17.2 1.062935e+04 1.062008e+04 1.062975e+04 1.063901e+04
18.2 1.063801e+04 1.061198e+04 1.062464e+04 1.065067e+04
19.2 1.062379e+04 1.061021e+04 1.061860e+04 1.063218e+04
20.2 1.061966e+04 1.061646e+04 1.061484e+04 1.061804e+04
0.7 1.062273e+04 1.062386e+04 1.061571e+04 1.061458e+04
1.7 1.064714e+04 1.062826e+04 1.061858e+04 1.063746e+04
2.7 1.064701e+04 1.062826e+04 1.062597e+04 1.064472e+04
3.7 1.061527e+04 1.062029e+04 1.062602e+04 1.062101e+04
4.7 1.060243e+04 1.061503e+04 1.062125e+04 1.060865e+04
5.7 1.057036e+04 1.061845e+04 1.061686e+04 1.056877e+04
6.7 1.063112e+04 1.062304e+04 1.061561e+04 1.062369e+04
7.7 1.067382e+04 1.062664e+04 1.062271e+04 1.066988e+04
8.7 1.063904e+04 1.062602e+04 1.062691e+04 1.063992e+04
9.7 1.061906e+04 1.062308e+04 1.062509e+04 1.062107e+04
10.7 1.062038e+04 1.062351e+04 1.062855e+04 1.062542e+04
11.7 1.062935e+04 1.062008e+04 1.062975e+04 1.063901e+04
12.7 1.063801e+04 1.061198e+04 1.062464e+04 1.065067e+04
13.7 1.062379e+04 1.061021e+04 1.061860e+04 1.063218e+04
14.7 1.061966e+04 1.061646e+04 1.061484e+04 1.061804e+04
15.7 1.062999e+04 1.062328e+04 1.061890e+04 1.062561e+04
16.7 1.061887e+04 1.062475e+04 1.062577e+04 1.061989e+04
17.7 1.060203e+04 1.061808e+04 1.062493e+04 1.060889e+04
18.7 1.059537e+04 1.061343e+04 1.062020e+04 1.060215e+04
19.7 1.062092e+04 1.061480e+04 1.062008e+04 1.062620e+04
20.7 1.060144e+04 1.061898e+04 1.062645e+04 1.060891e+04
0.2 1.057036e+04 1.061845e+04 1.061686e+04 1.056877e+04
1.2 1.063112e+04 1.062304e+04 1.061561e+04 1.062369e+04
2.2 1.067382e+04 1.062664e+04 1.062271e+04 1.066988e+04
3.2 1.063904e+04 1.062602e+04 1.062691e+04 1.063992e+04
4.2 1.061906e+04 1.062308e+04 1.062509e+04 1.062107e+04
5.2 1.062038e+04 1.062351e+04 1.062855e+04 1.062542e+04
6.2 1.062935e+04 1.062008e+04 1.062975e+04 1.063901e+04
7.2 1.063801e+04 1.061198e+04 1.062464e+04 1.065067e+04
8.2 1.062379e+04 1.061021e+04 1.061860e+04 1.063218e+04
9.2 1.061966e+04 1.061646e+04 1.061484e+04 1.061804e+04
10.2 1.062999e+04 1.062328e+04 1.061890e+04 1.062561e+04
11.2 1.061887e+04 1.062475e+04 1.062577e+04 1.061989e+04
12.2 1.060203e+04 1.061808e+04 1.062493e+04 1.060889e+04
13.2 1.059537e+04 1.061343e+04 1.062020e+04 1.060215e+04
14.2 1.062092e+04 1.061480e+04 1.062008e+04 1.062620e+04
15.2 1.060144e+04 1.061898e+04 1.062645e+04 1.060891e+04
16.2 1.063814e+04 1.061576e+04 1.062664e+04 1.064902e+04
17.2 1.064630e+04 1.060953e+04 1.062163e+04 1.065841e+04
18.2 1.064154e+04 1.060871e+04 1.061702e+04 1.064985e+04
19.2 1.060950e+04 1.061393e+04 1.061974e+04 1.061531e+04
20.2 1.060940e+04 1.061867e+04 1.062629e+04 1.061703e+04
0.2 1.063904e+04 1.062602e+04 1.062691e+04 1.063992e+04
1.2 1.061906e+04 1.062308e+04 1.062509e+04 1.062107e+04
2.2 1.062038e+04 1.062351e+04 1.062855e+04 1.062542e+04
3.2 1.062935e+04 1.062008e+04 1.062975e+04 1.063901e+04
4.2 1.063801e+04 1.061198e+04 1.062464e+04 1.065067e+04
5.2 1.062379e+04 1.061021e+04 1.061860e+04 1.063218e+04
6.2 1.061966e+04 1.061646e+04 1.061484e+04 1.061804e+04
7.2 1.062999e+04 1.062328e+04 1.061890e+04 1.062561e+04
8.2 1.061887e+04 1.062475e+04 1.062577e+04 1.061989e+04
9.2 1.060203e+04 1.061808e+04 1.062493e+04 1.060889e+04
10.2 1.059537e+04 1.061343e+04 1.062020e+04 1.060215e+04
11.2 1.062092e+04 1.061480e+04 1.062008e+04 1.062620e+04
12.2 1.060144e+04 1.061898e+04 1.062645e+04 1.060891e+04
13.2 1.063814e+04 1.061576e+04 1.062664e+04 1.064902e+04
14.2 1.064630e+04 1.060953e+04 1.062163e+04 1.065841e+04
15.2 1.064154e+04 1.060871e+04 1.061702e+04 1.064985e+04
16.2 1.060950e+04 1.061393e+04 1.061974e+04 1.061531e+04
17.2 1.060940e+04 1.061867e+04 1.062629e+04 1.061703e+04
18.2 1.061660e+04 1.061484e+04 1.062546e+04 1.062722e+04
19.2 1.063077e+04 1.060774e+04 1.062048e+04 1.064351e+04
20.2 1.065266e+04 1.060237e+04 1.061623e+04 1.066652e+04
0.8 1.061966e+04 1.061646e+04 1.061484e+04 1.061804e+04
1.8 1.062999e+04 1.062328e+04 1.061890e+04 1.062561e+04
2.8 1.061887e+04 1.062475e+04 1.062577e+04 1.061989e+04
3.8 1.060203e+04 1.061808e+04 1.062493e+04 1.060889e+04
4.8 1.059537e+04 1.061343e+04 1.062020e+04 1.060215e+04
5.8 1.062092e+04 1.061480e+04 1.062008e+04 1.062620e+04
6.8 1.060144e+04 1.061898e+04 1.062645e+04 1.060891e+04
7.8 1.063814e+04 1.061576e+04 1.062664e+04 1.064902e+04
8.8 1.064630e+04 1.060953e+04 1.062163e+04 1.065841e+04
9.8 1.064154e+04 1.060871e+04 1.061702e+04 1.064985e+04
10.8 1.060950e+04 1.061393e+04 1.061974e+04 1.061531e+04
11.8 1.060940e+04 1.061867e+04 1.062629e+04 1.061703e+04
12.8 1.061660e+04 1.061484e+04 1.062546e+04 1.062722e+04
13.8 1.063077e+04 1.060774e+04 1.062048e+04 1.064351e+04
14.8 1.065266e+04 1.060237e+04 1.061623e+04 1.066652e+04
15.8 1.064409e+04 1.059946e+04 1.061379e+04 1.065842e+04
16.8 1.062167e+04 1.059876e+04 1.061265e+04 1.063556e+04
17.8 1.061435e+04 1.060305e+04 1.061230e+04 1.062361e+04
18.8 1.064094e+04 1.061048e+04 1.061287e+04 1.064333e+04
19.8 1.063993e+04 1.061884e+04 1.062010e+04 1.064119e+04
20.8 1.063989e+04 1.062256e+04 1.062726e+04 1.064459e+04
0.6 1.059537e+04 1.061343e+04 1.062020e+04 1.060215e+04
1.6 1.062092e+04 1.061480e+04 1.062008e+04 1.062620e+04
2.6 1.060144e+04 1.061898e+04 1.062645e+04 1.060891e+04
3.6 1.063814e+04 1.061576e+04 1.062664e+04 1.064902e+04
4.6 1.064630e+04 1.060953e+04 1.062163e+04 1.065841e+04
5.6 1.064154e+04 1.060871e+04 1.061702e+04 1.064985e+04
6.6 1.060950e+04 1.061393e+04 1.061974e+04 1.061531e+04
7.6 1.060940e+04 1.061867e+04 1.062629e+04 1.061703e+04
8.6 1.061660e+04 1.061484e+04 1.062546e+04 1.062722e+04
9.6 1.063077e+04 1.060774e+04 1.062048e+04 1.064351e+04
10.6 1.065266e+04 1.060237e+04 1.061623e+04 1.066652e+04
11.6 1.064409e+04 1.059946e+04 1.061379e+04 1.065842e+04
12.6 1.062167e+04 1.059876e+04 1.061265e+04 1.063556e+04
13.6 1.061435e+04 1.060305e+04 1.061230e+04 1.062361e+04
14.6 1.064094e+04 1.061048e+04 1.061287e+04 1.064333e+04
15.6 1.063993e+04 1.061884e+04 1.062010e+04 1.064119e+04
16.6 1.063989e+04 1.062256e+04 1.062726e+04 1.064459e+04
17.6 1.061859e+04 1.062242e+04 1.062587e+04 1.062204e+04
18.6 1.062858e+04 1.062541e+04 1.062086e+04 1.062402e+04
19.6 1.066817e+04 1.062775e+04 1.061670e+04 1.065713e+04
20.6 1.065293e+04 1.062893e+04 1.061423e+04 1.063823e+04
0.8 1.064154e+04 1.060871e+04 1.061702e+04 1.064985e+04
1.8 1.060950e+04 1.061393e+04 1.061974e+04 1.061531e+04
2.8 1.060940e+04 1.061867e+04 1.062629e+04 1.061703e+04
3.8 1.061660e+04 1.061484e+04 1.062546e+04 1.062722e+04
4.8 1.063077e+04 1.060774e+04 1.062048e+04 1.064351e+04
5.8 1.065266e+04 1.060237e+04 1.061623e+04 1.066652e+04
6.8 1.064409e+04 1.059946e+04 1.061379e+04 1.065842e+04
7.8 1.062167e+04 1.059876e+04 1.061265e+04 1.063556e+04
8.8 1.061435e+04 1.060305e+04 1.061230e+04 1.062361e+04
9.8 1.064094e+04 1.061048e+04 1.061287e+04 1.064333e+04
10.8 1.063993e+04 1.061884e+04 1.062010e+04 1.064119e+04
11.8 1.063989e+04 1.062256e+04 1.062726e+04 1.064459e+04
12.8 1.061859e+04 1.062242e+04 1.062587e+04 1.062204e+04
13.8 1.062858e+04 1.062541e+04 1.062086e+04 1.062402e+04
14.8 1.066817e+04 1.062775e+04 1.061670e+04 1.065713e+04
15.8 1.065293e+04 1.062893e+04 1.061423e+04 1.063823e+04
16.8 1.062322e+04 1.062868e+04 1.061299e+04 1.060752e+04
17.8 1.060057e+04 1.062782e+04 1.061254e+04 1.058528e+04
18.8 1.060209e+04 1.062710e+04 1.061257e+04 1.058756e+04
19.8 1.062077e+04 1.062061e+04 1.061284e+04 1.061300e+04
20.8 1.061211e+04 1.061529e+04 1.061315e+04 1.060997e+04
1.0 1.064094e+04 1.061048e+04 1.061287e+04 1.064333e+04
2.0 1.063993e+04 1.061884e+04 1.062010e+04 1.064119e+04
3.0 1.063989e+04 1.062256e+04 1.062726e+04 1.064459e+04
4.0 1.061859e+04 1.062242e+04 1.062587e+04 1.062204e+04
5.0 1.062858e+04 1.062541e+04 1.062086e+04 1.062402e+04
6.0 1.066817e+04 1.062775e+04 1.061670e+04 1.065713e+04
7.0 1.065293e+04 1.062893e+04 1.061423e+04 1.063823e+04
8.0 1.062322e+04 1.062868e+04 1.061299e+04 1.060752e+04
9.0 1.060057e+04 1.062782e+04 1.061254e+04 1.058528e+04
10.0 1.060209e+04 1.062710e+04 1.061257e+04 1.058756e+04
11.0 1.062077e+04 1.062061e+04 1.061284e+04 1.061300e+04
12.0 1.061211e+04 1.061529e+04 1.061315e+04 1.060997e+04
13.0 1.058668e+04 1.061668e+04 1.061341e+04 1.058342e+04
14.0 1.061750e+04 1.062089e+04 1.061359e+04 1.061020e+04
15.0 1.066841e+04 1.062176e+04 1.061370e+04 1.066035e+04
16.0 1.067242e+04 1.062898e+04 1.061376e+04 1.065720e+04
17.0 1.066291e+04 1.064113e+04 1.061379e+04 1.063557e+04
18.0 1.065154e+04 1.064511e+04 1.061380e+04 1.062023e+04
19.0 1.062902e+04 1.064014e+04 1.061381e+04 1.060269e+04
20.0 1.061029e+04 1.063155e+04 1.061381e+04 1.059255e+04
21.0 1.059764e+04 1.062484e+04 1.061388e+04 1.058668e+04
0.7 1.059764e+04 1.062484e+04 1.061388e+04 1.058668e+04
1.7 1.062798e+04 1.062170e+04 1.061849e+04 1.062477e+04
2.7 1.066517e+04 1.062088e+04 1.062691e+04 1.067120e+04
3.7 1.063874e+04 1.061465e+04 1.062746e+04 1.065155e+04
4.7 1.062604e+04 1.061093e+04 1.062261e+04 1.063773e+04
5.7 1.057977e+04 1.061501e+04 1.061797e+04 1.058274e+04
6.7 1.057846e+04 1.062098e+04 1.062006e+04 1.057754e+04
7.7 1.069202e+04 1.062363e+04 1.062666e+04 1.069505e+04
8.7 1.069098e+04 1.061810e+04 1.062607e+04 1.069895e+04
9.7 1.063011e+04 1.061536e+04 1.062103e+04 1.063577e+04
10.7 1.057034e+04 1.061881e+04 1.061699e+04 1.056851e+04
11.7 1.053902e+04 1.062370e+04 1.062110e+04 1.053642e+04
12.7 1.055994e+04 1.062374e+04 1.062687e+04 1.056308e+04
13.7 1.052972e+04 1.061586e+04 1.062498e+04 1.053884e+04
14.7 1.052138e+04 1.060696e+04 1.061985e+04 1.053427e+04
15.7 1.051587e+04 1.060109e+04 1.061582e+04 1.053059e+04
16.7 1.052715e+04 1.060055e+04 1.061358e+04 1.054019e+04
17.7 1.057703e+04 1.060735e+04 1.061297e+04 1.058265e+04
18.7 1.064418e+04 1.061721e+04 1.061941e+04 1.064638e+04
19.7 1.065467e+04 1.062155e+04 1.062656e+04 1.065967e+04
20.7 1.061576e+04 1.061946e+04 1.062541e+04 1.062171e+04
0.7 1.057977e+04 1.061501e+04 1.061797e+04 1.058274e+04
1.7 1.057846e+04 1.062098e+04 1.062006e+04 1.057754e+04
2.7 1.069202e+04 1.062363e+04 1.062666e+04 1.069505e+04
3.7 1.069098e+04 1.061810e+04 1.062607e+04 1.069895e+04
4.7 1.063011e+04 1.061536e+04 1.062103e+04 1.063577e+04
5.7 1.057034e+04 1.061881e+04 1.061699e+04 1.056851e+04
6.7 1.053902e+04 1.062370e+04 1.062110e+04 1.053642e+04
7.7 1.055994e+04 1.062374e+04 1.062687e+04 1.056308e+04
8.7 1.052972e+04 1.061586e+04 1.062498e+04 1.053884e+04
9.7 1.052138e+04 1.060696e+04 1.061985e+04 1.053427e+04
10.7 1.051587e+04 1.060109e+04 1.061582e+04 1.053059e+04
11.7 1.052715e+04 1.060055e+04 1.061358e+04 1.054019e+04
12.7 1.057703e+04 1.060735e+04 1.061297e+04 1.058265e+04
13.7 1.064418e+04 1.061721e+04 1.061941e+04 1.064638e+04
14.7 1.065467e+04 1.062155e+04 1.062656e+04 1.065967e+04
15.7 1.061576e+04 1.061946e+04 1.062541e+04 1.062171e+04
16.7 1.059689e+04 1.062496e+04 1.062073e+04 1.059265e+04
17.7 1.061217e+04 1.063230e+04 1.062225e+04 1.060211e+04
18.7 1.062071e+04 1.063201e+04 1.062775e+04 1.061645e+04
19.7 1.061530e+04 1.062382e+04 1.062616e+04 1.061763e+04
20.7 1.060023e+04 1.062549e+04 1.062069e+04 1.059543e+04
0.9 1.057034e+04 1.061881e+04 1.061699e+04 1.056851e+04
1.9 1.053902e+04 1.062370e+04 1.062110e+04 1.053642e+04
2.9 1.055994e+04 1.062374e+04 1.062687e+04 1.056308e+04
3.9 1.052972e+04 1.061586e+04 1.062498e+04 1.053884e+04
4.9 1.052138e+04 1.060696e+04 1.061985e+04 1.053427e+04
5.9 1.051587e+04 1.060109e+04 1.061582e+04 1.053059e+04
6.9 1.052715e+04 1.060055e+04 1.061358e+04 1.054019e+04
7.9 1.057703e+04 1.060735e+04 1.061297e+04 1.058265e+04
8.9 1.064418e+04 1.061721e+04 1.061941e+04 1.064638e+04
9.9 1.065467e+04 1.062155e+04 1.062656e+04 1.065967e+04
10.9 1.061576e+04 1.061946e+04 1.062541e+04 1.062171e+04
11.9 1.059689e+04 1.062496e+04 1.062073e+04 1.059265e+04
12.9 1.061217e+04 1.063230e+04 1.062225e+04 1.060211e+04
13.9 1.062071e+04 1.063201e+04 1.062775e+04 1.061645e+04
14.9 1.061530e+04 1.062382e+04 1.062616e+04 1.061763e+04
15.9 1.060023e+04 1.062549e+04 1.062069e+04 1.059543e+04
16.9 1.059171e+04 1.063736e+04 1.061619e+04 1.057054e+04
17.9 1.062423e+04 1.064356e+04 1.061709e+04 1.059776e+04
18.9 1.064350e+04 1.064147e+04 1.062475e+04 1.062679e+04
19.9 1.060961e+04 1.063637e+04 1.062625e+04 1.059949e+04
20.9 1.059472e+04 1.063223e+04 1.062269e+04 1.058518e+04
0.9 1.057703e+04 1.060735e+04 1.061297e+04 1.058265e+04
1.9 1.064418e+04 1.061721e+04 1.061941e+04 1.064638e+04
2.9 1.065467e+04 1.062155e+04 1.062656e+04 1.065967e+04
3.9 1.061576e+04 1.061946e+04 1.062541e+04 1.062171e+04
4.9 1.059689e+04 1.062496e+04 1.062073e+04 1.059265e+04
5.9 1.061217e+04 1.063230e+04 1.062225e+04 1.060211e+04
6.9 1.062071e+04 1.063201e+04 1.062775e+04 1.061645e+04
7.9 1.061530e+04 1.062382e+04 1.062616e+04 1.061763e+04
8.9 1.060023e+04 1.062549e+04 1.062069e+04 1.059543e+04
9.9 1.059171e+04 1.063736e+04 1.061619e+04 1.057054e+04
10.9 1.062423e+04 1.064356e+04 1.061709e+04 1.059776e+04
11.9 1.064350e+04 1.064147e+04 1.062475e+04 1.062679e+04
12.9 1.060961e+04 1.063637e+04 1.062625e+04 1.059949e+04
13.9 1.059472e+04 1.063223e+04 1.062269e+04 1.058518e+04
14.9 1.059736e+04 1.062995e+04 1.062579e+04 1.059319e+04
15.9 1.060309e+04 1.062677e+04 1.062882e+04 1.060514e+04
16.9 1.061790e+04 1.062219e+04 1.062495e+04 1.062066e+04
17.9 1.061346e+04 1.062105e+04 1.061914e+04 1.061155e+04
18.9 1.061209e+04 1.061708e+04 1.061504e+04 1.061005e+04
19.9 1.060425e+04 1.060902e+04 1.061293e+04 1.060816e+04
20.9 1.060308e+04 1.060212e+04 1.061211e+04 1.061307e+04
0.8 1.059689e+04 1.062496e+04 1.062073e+04 1.059265e+04
1.8 1.061217e+04 1.063230e+04 1.062225e+04 1.060211e+04
2.8 1.062071e+04 1.063201e+04 1.062775e+04 1.061645e+04
3.8 1.061530e+04 1.062382e+04 1.062616e+04 1.061763e+04
4.8 1.060023e+04 1.062549e+04 1.062069e+04 1.059543e+04
5.8 1.059171e+04 1.063736e+04 1.061619e+04 1.057054e+04
6.8 1.062423e+04 1.064356e+04 1.061709e+04 1.059776e+04
7.8 1.064350e+04 1.064147e+04 1.062475e+04 1.062679e+04
8.8 1.060961e+04 1.063637e+04 1.062625e+04 1.059949e+04
9.8 1.059472e+04 1.063223e+04 1.062269e+04 1.058518e+04
10.8 1.059736e+04 1.062995e+04 1.062579e+04 1.059319e+04
11.8 1.060309e+04 1.062677e+04 1.062882e+04 1.060514e+04
12.8 1.061790e+04 1.062219e+04 1.062495e+04 1.062066e+04
13.8 1.061346e+04 1.062105e+04 1.061914e+04 1.061155e+04
14.8 1.061209e+04 1.061708e+04 1.061504e+04 1.061005e+04
15.8 1.060425e+04 1.060902e+04 1.061293e+04 1.060816e+04
16.8 1.060308e+04 1.060212e+04 1.061211e+04 1.061307e+04
17.8 1.061665e+04 1.060041e+04 1.061202e+04 1.062826e+04
18.8 1.062826e+04 1.060580e+04 1.061231e+04 1.063478e+04
19.8 1.062303e+04 1.061280e+04 1.061273e+04 1.062295e+04
20.8 1.062303e+04 1.061904e+04 1.061312e+04 1.061711e+04
0.5 1.059171e+04 1.063736e+04 1.061619e+04 1.057054e+04
1.5 1.062423e+04 1.064356e+04 1.061709e+04 1.059776e+04
2.5 1.064350e+04 1.064147e+04 1.062475e+04 1.062679e+04
3.5 1.060961e+04 1.063637e+04 1.062625e+04 1.059949e+04
4.5 1.059472e+04 1.063223e+04 1.062269e+04 1.058518e+04
5.5 1.059736e+04 1.062995e+04 1.062579e+04 1.059319e+04
6.5 1.060309e+04 1.062677e+04 1.062882e+04 1.060514e+04
7.5 1.061790e+04 1.062219e+04 1.062495e+04 1.062066e+04
8.5 1.061346e+04 1.062105e+04 1.061914e+04 1.061155e+04
9.5 1.061209e+04 1.061708e+04 1.061504e+04 1.061005e+04
10.5 1.060425e+04 1.060902e+04 1.061293e+04 1.060816e+04
11.5 1.060308e+04 1.060212e+04 1.061211e+04 1.061307e+04
12.5 1.061665e+04 1.060041e+04 1.061202e+04 1.062826e+04
13.5 1.062826e+04 1.060580e+04 1.061231e+04 1.063478e+04
14.5 1.062303e+04 1.061280e+04 1.061273e+04 1.062295e+04
15.5 1.062303e+04 1.061904e+04 1.061312e+04 1.061711e+04
16.5 1.059953e+04 1.062406e+04 1.061341e+04 1.058888e+04
17.5 1.060125e+04 1.062757e+04 1.061360e+04 1.058727e+04
18.5 1.061971e+04 1.062876e+04 1.061370e+04 1.060465e+04
19.5 1.062510e+04 1.062833e+04 1.061376e+04 1.061053e+04
20.5 1.061173e+04 1.062111e+04 1.061379e+04 1.060441e+04
0.1 1.060961e+04 1.063637e+04 1.062625e+04 1.059949e+04
1.1 1.059472e+04 1.063223e+04 1.062269e+04 1.058518e+04
2.1 1.059736e+04 1.062995e+04 1.062579e+04 1.059319e+04
3.1 1.060309e+04 1.062677e+04 1.062882e+04 1.060514e+04
4.1 1.061790e+04 1.062219e+04 1.062495e+04 1.062066e+04
5.1 1.061346e+04 1.062105e+04 1.061914e+04 1.061155e+04
6.1 1.061209e+04 1.061708e+04 1.061504e+04 1.061005e+04
7.1 1.060425e+04 1.060902e+04 1.061293e+04 1.060816e+04
8.1 1.060308e+04 1.060212e+04 1.061211e+04 1.061307e+04
9.1 1.061665e+04 1.060041e+04 1.061202e+04 1.062826e+04
10.1 1.062826e+04 1.060580e+04 1.061231e+04 1.063478e+04
11.1 1.062303e+04 1.061280e+04 1.061273e+04 1.062295e+04
12.1 1.062303e+04 1.061904e+04 1.061312e+04 1.061711e+04
13.1 1.059953e+04 1.062406e+04 1.061341e+04 1.058888e+04
14.1 1.060125e+04 1.062757e+04 1.061360e+04 1.058727e+04
15.1 1.061971e+04 1.062876e+04 1.061370e+04 1.060465e+04
16.1 1.062510e+04 1.062833e+04 1.061376e+04 1.061053e+04
17.1 1.061173e+04 1.062111e+04 1.061379e+04 1.060441e+04
18.1 1.057345e+04 1.061074e+04 1.061380e+04 1.057652e+04
19.1 1.057348e+04 1.060605e+04 1.061381e+04 1.058124e+04
20.1 1.059166e+04 1.061673e+04 1.061381e+04 1.058874e+04
0.2 1.059166e+04 1.061673e+04 1.061381e+04 1.058874e+04
1.2 1.062381e+04 1.063100e+04 1.061535e+04 1.060816e+04
2.2 1.065627e+04 1.063685e+04 1.062386e+04 1.064328e+04
3.2 1.062362e+04 1.063020e+04 1.062828e+04 1.062170e+04
4.2 1.059351e+04 1.061724e+04 1.062491e+04 1.060118e+04
5.2 1.059292e+04 1.060637e+04 1.061970e+04 1.060625e+04
6.2 1.058200e+04 1.059991e+04 1.061594e+04 1.059802e+04
7.2 1.060098e+04 1.059695e+04 1.061382e+04 1.061785e+04
8.2 1.059606e+04 1.059769e+04 1.061281e+04 1.061118e+04
9.2 1.060149e+04 1.060353e+04 1.061252e+04 1.061049e+04
10.2 1.058225e+04 1.061267e+04 1.061264e+04 1.058222e+04
11.2 1.058337e+04 1.061803e+04 1.061293e+04 1.057827e+04
12.2 1.060097e+04 1.061596e+04 1.061324e+04 1.059824e+04
13.2 1.059867e+04 1.061736e+04 1.061347e+04 1.059478e+04
14.2 1.059764e+04 1.062195e+04 1.061489e+04 1.059057e+04
15.2 1.065304e+04 1.062651e+04 1.062327e+04 1.064980e+04
16.2 1.063322e+04 1.062378e+04 1.062825e+04 1.063768e+04
17.2 1.062117e+04 1.061450e+04 1.062519e+04 1.063185e+04
18.2 1.057117e+04 1.060581e+04 1.061996e+04 1.058533e+04
19.2 1.058895e+04 1.060048e+04 1.061610e+04 1.060457e+04
20.2 1.058588e+04 1.059800e+04 1.061390e+04 1.060178e+04
0.2 1.059867e+04 1.061736e+04 1.061347e+04 1.059478e+04
1.2 1.059764e+04 1.062195e+04 1.061489e+04 1.059057e+04
2.2 1.065304e+04 1.062651e+04 1.062327e+04 1.064980e+04
3.2 1.063322e+04 1.062378e+04 1.062825e+04 1.063768e+04
4.2 1.062117e+04 1.061450e+04 1.062519e+04 1.063185e+04
5.2 1.057117e+04 1.060581e+04 1.061996e+04 1.058533e+04
6.2 1.058895e+04 1.060048e+04 1.061610e+04 1.060457e+04
7.2 1.058588e+04 1.059800e+04 1.061390e+04 1.060178e+04
8.2 1.060779e+04 1.059917e+04 1.061285e+04 1.062147e+04
9.2 1.058865e+04 1.060684e+04 1.061252e+04 1.059433e+04
10.2 1.060238e+04 1.061673e+04 1.061262e+04 1.059827e+04
11.2 1.059167e+04 1.062144e+04 1.061291e+04 1.058314e+04
12.2 1.062640e+04 1.061665e+04 1.061322e+04 1.062297e+04
13.2 1.062802e+04 1.060921e+04 1.061346e+04 1.063228e+04
14.2 1.064071e+04 1.060677e+04 1.061362e+04 1.064757e+04
15.2 1.063821e+04 1.061028e+04 1.061575e+04 1.064368e+04
16.2 1.062568e+04 1.061758e+04 1.062455e+04 1.063264e+04
17.2 1.058337e+04 1.061797e+04 1.062821e+04 1.059360e+04
18.2 1.057647e+04 1.061450e+04 1.062445e+04 1.058642e+04
19.2 1.057685e+04 1.061535e+04 1.061930e+04 1.058081e+04
20.2 1.059553e+04 1.061793e+04 1.061649e+04 1.059409e+04
0.3 1.064071e+04 1.060677e+04 1.061362e+04 1.064757e+04
1.3 1.063821e+04 1.061028e+04 1.061575e+04 1.064368e+04
2.3 1.062568e+04 1.061758e+04 1.062455e+04 1.063264e+04
3.3 1.058337e+04 1.061797e+04 1.062821e+04 1.059360e+04
4.3 1.057647e+04 1.061450e+04 1.062445e+04 1.058642e+04
5.3 1.057685e+04 1.061535e+04 1.061930e+04 1.058081e+04
6.3 1.059553e+04 1.061793e+04 1.061649e+04 1.059409e+04
7.3 1.062721e+04 1.062207e+04 1.062218e+04 1.062732e+04
8.3 1.061936e+04 1.062187e+04 1.062716e+04 1.062465e+04
9.3 1.059658e+04 1.061794e+04 1.062449e+04 1.060313e+04
10.3 1.058783e+04 1.061671e+04 1.061938e+04 1.059050e+04
11.3 1.061781e+04 1.061938e+04 1.061560e+04 1.061403e+04
12.3 1.063357e+04 1.061664e+04 1.061354e+04 1.063046e+04
13.3 1.063147e+04 1.060931e+04 1.061261e+04 1.063476e+04
14.3 1.060713e+04 1.060299e+04 1.061236e+04 1.061651e+04
15.3 1.059694e+04 1.059941e+04 1.061252e+04 1.061005e+04
16.3 1.056961e+04 1.059793e+04 1.061284e+04 1.058452e+04
17.3 1.060503e+04 1.059766e+04 1.061317e+04 1.062054e+04
0.1 1.057685e+04 1.061535e+04 1.061930e+04 1.058081e+04
1.1 1.059553e+04 1.061793e+04 1.061649e+04 1.059409e+04
2.1 1.062721e+04 1.062207e+04 1.062218e+04 1.062732e+04
3.1 1.061936e+04 1.062187e+04 1.062716e+04 1.062465e+04
4.1 1.059658e+04 1.061794e+04 1.062449e+04 1.060313e+04
5.1 1.058783e+04 1.061671e+04 1.061938e+04 1.059050e+04
6.1 1.061781e+04 1.061938e+04 1.061560e+04 1.061403e+04
7.1 1.063357e+04 1.061664e+04 1.061354e+04 1.063046e+04
8.1 1.063147e+04 1.060931e+04 1.061261e+04 1.063476e+04
9.1 1.060713e+04 1.060299e+04 1.061236e+04 1.061651e+04
10.1 1.059694e+04 1.059941e+04 1.061252e+04 1.061005e+04
11.1 1.056961e+04 1.059793e+04 1.061284e+04 1.058452e+04
12.1 1.060503e+04 1.059766e+04 1.061317e+04 1.062054e+04
