0.7 1.681700e+03 1.681487e+03 1.692774e+03 1.692988e+03
1.7 1.782776e+03 1.687451e+03 1.695481e+03 1.790806e+03
2.7 1.707387e+03 1.700142e+03 1.704505e+03 1.711751e+03
3.7 1.761409e+03 1.711780e+03 1.713708e+03 1.763337e+03
4.7 1.718621e+03 1.713091e+03 1.713611e+03 1.719140e+03
5.7 1.723709e+03 1.706580e+03 1.706420e+03 1.723549e+03
6.7 1.669245e+03 1.699309e+03 1.699090e+03 1.669026e+03
7.7 1.694937e+03 1.694025e+03 1.694291e+03 1.695203e+03
8.7 1.717379e+03 1.690190e+03 1.691766e+03 1.718955e+03
9.7 1.682022e+03 1.686992e+03 1.690753e+03 1.685784e+03
10.7 1.700719e+03 1.681378e+03 1.690656e+03 1.709997e+03
11.7 1.662945e+03 1.678939e+03 1.691023e+03 1.675029e+03
12.7 1.667377e+03 1.680962e+03 1.691528e+03 1.677943e+03
13.7 1.685881e+03 1.683366e+03 1.691979e+03 1.694493e+03
14.7 1.747969e+03 1.681294e+03 1.692304e+03 1.758979e+03
15.7 1.585600e+03 1.681067e+03 1.692507e+03 1.597040e+03
16.7 1.686152e+03 1.684779e+03 1.692620e+03 1.693993e+03
17.7 1.664785e+03 1.690189e+03 1.692678e+03 1.667274e+03
18.7 1.677945e+03 1.704837e+03 1.692705e+03 1.665814e+03
19.7 1.736502e+03 1.724176e+03 1.692718e+03 1.705044e+03
20.7 1.718240e+03 1.727661e+03 1.692723e+03 1.683302e+03
21.7 1.737386e+03 1.722824e+03 1.692725e+03 1.707287e+03
0.9 1.699007e+03 1.688647e+03 1.692874e+03 1.703234e+03
1.9 1.740410e+03 1.691716e+03 1.696623e+03 1.745318e+03
2.9 1.689639e+03 1.701294e+03 1.705833e+03 1.694178e+03
3.9 1.671030e+03 1.703983e+03 1.710340e+03 1.677387e+03
4.9 1.744774e+03 1.694938e+03 1.706395e+03 1.756231e+03
5.9 1.710613e+03 1.686367e+03 1.700105e+03 1.724351e+03
6.9 1.728046e+03 1.682771e+03 1.695409e+03 1.740683e+03
7.9 1.687937e+03 1.683893e+03 1.692725e+03 1.696769e+03
8.9 1.694594e+03 1.686618e+03 1.691464e+03 1.699440e+03
9.9 1.699074e+03 1.688233e+03 1.691102e+03 1.701943e+03
10.9 1.767239e+03 1.688797e+03 1.691254e+03 1.769695e+03
11.9 1.664701e+03 1.689775e+03 1.691620e+03 1.666546e+03
12.9 1.682219e+03 1.689869e+03 1.692001e+03 1.684352e+03
13.9 1.689098e+03 1.687629e+03 1.692299e+03 1.693769e+03
14.9 1.770848e+03 1.685432e+03 1.692497e+03 1.777913e+03
15.9 1.717194e+03 1.686163e+03 1.692612e+03 1.723643e+03
16.9 1.698329e+03 1.688559e+03 1.692673e+03 1.702443e+03
17.9 1.681438e+03 1.690462e+03 1.692703e+03 1.683679e+03
18.9 1.770493e+03 1.691053e+03 1.692716e+03 1.772157e+03
19.9 1.741817e+03 1.691258e+03 1.692722e+03 1.743282e+03
20.9 1.669352e+03 1.691751e+03 1.692725e+03 1.670325e+03
21.9 1.681913e+03 1.691853e+03 1.692726e+03 1.682786e+03
0.1 1.704382e+03 1.722336e+03 1.692726e+03 1.674771e+03
1.1 1.704056e+03 1.707318e+03 1.693076e+03 1.689815e+03
2.1 1.750111e+03 1.701536e+03 1.697971e+03 1.746546e+03
3.1 1.782498e+03 1.705935e+03 1.708215e+03 1.784778e+03
4.1 1.648231e+03 1.710127e+03 1.714898e+03 1.653002e+03
5.1 1.746816e+03 1.706447e+03 1.711540e+03 1.751909e+03
6.1 1.695137e+03 1.698956e+03 1.703689e+03 1.699869e+03
7.1 1.683394e+03 1.692770e+03 1.697144e+03 1.687767e+03
8.1 1.711684e+03 1.689777e+03 1.693210e+03 1.715117e+03
9.1 1.666499e+03 1.688926e+03 1.691283e+03 1.668856e+03
10.1 1.764473e+03 1.689889e+03 1.690642e+03 1.765225e+03
11.1 1.690559e+03 1.700909e+03 1.690749e+03 1.680398e+03
12.1 1.774752e+03 1.719929e+03 1.691193e+03 1.746016e+03
13.1 1.712074e+03 1.725260e+03 1.691695e+03 1.678508e+03
14.1 1.720910e+03 1.715745e+03 1.692105e+03 1.697271e+03
15.1 1.713939e+03 1.703716e+03 1.692386e+03 1.702608e+03
16.1 1.752344e+03 1.694638e+03 1.692554e+03 1.750261e+03
17.1 1.733484e+03 1.689471e+03 1.692645e+03 1.736659e+03
18.1 1.697834e+03 1.687800e+03 1.692690e+03 1.702724e+03
19.1 1.637367e+03 1.687938e+03 1.692711e+03 1.642140e+03
20.1 1.681972e+03 1.688548e+03 1.692720e+03 1.686144e+03
21.1 1.728854e+03 1.688667e+03 1.692724e+03 1.732911e+03
0.1 1.610641e+03 1.690390e+03 1.692726e+03 1.612977e+03
1.1 1.676392e+03 1.691430e+03 1.693174e+03 1.678135e+03
2.1 1.718443e+03 1.697195e+03 1.698462e+03 1.719709e+03
3.1 1.588596e+03 1.707781e+03 1.708808e+03 1.589623e+03
4.1 1.704158e+03 1.712951e+03 1.714965e+03 1.706172e+03
5.1 1.792207e+03 1.704429e+03 1.711136e+03 1.798914e+03
6.1 1.622960e+03 1.703612e+03 1.703250e+03 1.622598e+03
7.1 1.752718e+03 1.710386e+03 1.696851e+03 1.739183e+03
8.1 1.705142e+03 1.703536e+03 1.693053e+03 1.694659e+03
9.1 1.767700e+03 1.694112e+03 1.691217e+03 1.764806e+03
10.1 1.669525e+03 1.698065e+03 1.690632e+03 1.662092e+03
11.1 1.744235e+03 1.709514e+03 1.690768e+03 1.725489e+03
12.1 1.645070e+03 1.705225e+03 1.691223e+03 1.631067e+03
13.1 1.645469e+03 1.694642e+03 1.691721e+03 1.642549e+03
14.1 1.620693e+03 1.687145e+03 1.692125e+03 1.625673e+03
15.1 1.583772e+03 1.682820e+03 1.692398e+03 1.593350e+03
16.1 1.656035e+03 1.679358e+03 1.692561e+03 1.669237e+03
17.1 1.681246e+03 1.676251e+03 1.692648e+03 1.697643e+03
18.1 1.704392e+03 1.678172e+03 1.692692e+03 1.718911e+03
19.1 1.700429e+03 1.682637e+03 1.692712e+03 1.710504e+03
20.1 1.670211e+03 1.686949e+03 1.692720e+03 1.675983e+03
21.1 1.622117e+03 1.690276e+03 1.692724e+03 1.624565e+03
1.0 1.740724e+03 1.692463e+03 1.692994e+03 1.741255e+03
2.0 1.637094e+03 1.697731e+03 1.697500e+03 1.636864e+03
3.0 1.705503e+03 1.707121e+03 1.706805e+03 1.705187e+03
4.0 1.650216e+03 1.710416e+03 1.710231e+03 1.650030e+03
5.0 1.693080e+03 1.705703e+03 1.705678e+03 1.693056e+03
6.0 1.652186e+03 1.699822e+03 1.700088e+03 1.652452e+03
7.0 1.765772e+03 1.700934e+03 1.701511e+03 1.766350e+03
8.0 1.775218e+03 1.707266e+03 1.708065e+03 1.776016e+03
9.0 1.693195e+03 1.707628e+03 1.708432e+03 1.693999e+03
10.0 1.717907e+03 1.702024e+03 1.702763e+03 1.718646e+03
11.0 1.724253e+03 1.696157e+03 1.696957e+03 1.725053e+03
12.0 1.638502e+03 1.692402e+03 1.693313e+03 1.639413e+03
13.0 1.699394e+03 1.690548e+03 1.691542e+03 1.700388e+03
14.0 1.687991e+03 1.692094e+03 1.693134e+03 1.689031e+03
15.0 1.701711e+03 1.699123e+03 1.700175e+03 1.702764e+03
16.0 1.661867e+03 1.702503e+03 1.703431e+03 1.662795e+03
17.0 1.673974e+03 1.699960e+03 1.700752e+03 1.674766e+03
18.0 1.717224e+03 1.695462e+03 1.696795e+03 1.718558e+03
19.0 1.704742e+03 1.690443e+03 1.693989e+03 1.708288e+03
20.0 1.696518e+03 1.687720e+03 1.692440e+03 1.701237e+03
21.0 1.702232e+03 1.687945e+03 1.691741e+03 1.706027e+03
22.0 1.761354e+03 1.688790e+03 1.691579e+03 1.764143e+03
0.2 1.693080e+03 1.705703e+03 1.705678e+03 1.693056e+03
1.2 1.652186e+03 1.699822e+03 1.700088e+03 1.652452e+03
2.2 1.765772e+03 1.700934e+03 1.701511e+03 1.766350e+03
3.2 1.775218e+03 1.707266e+03 1.708065e+03 1.776016e+03
4.2 1.693195e+03 1.707628e+03 1.708432e+03 1.693999e+03
5.2 1.717907e+03 1.702024e+03 1.702763e+03 1.718646e+03
6.2 1.724253e+03 1.696157e+03 1.696957e+03 1.725053e+03
7.2 1.638502e+03 1.692402e+03 1.693313e+03 1.639413e+03
8.2 1.699394e+03 1.690548e+03 1.691542e+03 1.700388e+03
9.2 1.687991e+03 1.692094e+03 1.693134e+03 1.689031e+03
10.2 1.701711e+03 1.699123e+03 1.700175e+03 1.702764e+03
11.2 1.661867e+03 1.702503e+03 1.703431e+03 1.662795e+03
12.2 1.673974e+03 1.699960e+03 1.700752e+03 1.674766e+03
13.2 1.717224e+03 1.695462e+03 1.696795e+03 1.718558e+03
14.2 1.704742e+03 1.690443e+03 1.693989e+03 1.708288e+03
15.2 1.696518e+03 1.687720e+03 1.692440e+03 1.701237e+03
16.2 1.702232e+03 1.687945e+03 1.691741e+03 1.706027e+03
17.2 1.761354e+03 1.688790e+03 1.691579e+03 1.764143e+03
18.2 1.687424e+03 1.687700e+03 1.691724e+03 1.691448e+03
19.2 1.662862e+03 1.685280e+03 1.691989e+03 1.669572e+03
20.2 1.713738e+03 1.684749e+03 1.692251e+03 1.721240e+03
21.2 1.737685e+03 1.689161e+03 1.692450e+03 1.740974e+03
0.6 1.699394e+03 1.690548e+03 1.691542e+03 1.700388e+03
1.6 1.687991e+03 1.692094e+03 1.693134e+03 1.689031e+03
2.6 1.701711e+03 1.699123e+03 1.700175e+03 1.702764e+03
3.6 1.661867e+03 1.702503e+03 1.703431e+03 1.662795e+03
4.6 1.673974e+03 1.699960e+03 1.700752e+03 1.674766e+03
5.6 1.717224e+03 1.695462e+03 1.696795e+03 1.718558e+03
6.6 1.704742e+03 1.690443e+03 1.693989e+03 1.708288e+03
7.6 1.696518e+03 1.687720e+03 1.692440e+03 1.701237e+03
8.6 1.702232e+03 1.687945e+03 1.691741e+03 1.706027e+03
9.6 1.761354e+03 1.688790e+03 1.691579e+03 1.764143e+03
10.6 1.687424e+03 1.687700e+03 1.691724e+03 1.691448e+03
11.6 1.662862e+03 1.685280e+03 1.691989e+03 1.669572e+03
12.6 1.713738e+03 1.684749e+03 1.692251e+03 1.721240e+03
13.6 1.737685e+03 1.689161e+03 1.692450e+03 1.740974e+03
14.6 1.643215e+03 1.705676e+03 1.692580e+03 1.630119e+03
15.6 1.712878e+03 1.724371e+03 1.692654e+03 1.681161e+03
16.6 1.729322e+03 1.725486e+03 1.692693e+03 1.696529e+03
17.6 1.690124e+03 1.713830e+03 1.692712e+03 1.669006e+03
18.6 1.722473e+03 1.700687e+03 1.692720e+03 1.714506e+03
19.6 1.652986e+03 1.687529e+03 1.692724e+03 1.658181e+03
20.6 1.671661e+03 1.680705e+03 1.692725e+03 1.683682e+03
21.6 1.713069e+03 1.681348e+03 1.692726e+03 1.724447e+03
0.7 1.620696e+03 1.685942e+03 1.692774e+03 1.627528e+03
1.7 1.705894e+03 1.684772e+03 1.695481e+03 1.716602e+03
2.7 1.698105e+03 1.694822e+03 1.704239e+03 1.707523e+03
3.7 1.729487e+03 1.702665e+03 1.710272e+03 1.737094e+03
4.7 1.638674e+03 1.697069e+03 1.707419e+03 1.649024e+03
5.7 1.691835e+03 1.690827e+03 1.701120e+03 1.702127e+03
6.7 1.730418e+03 1.689293e+03 1.696059e+03 1.737183e+03
7.7 1.655174e+03 1.689283e+03 1.693067e+03 1.658958e+03
8.7 1.684244e+03 1.687532e+03 1.691604e+03 1.688316e+03
9.7 1.685309e+03 1.685738e+03 1.691118e+03 1.690689e+03
10.7 1.622847e+03 1.686699e+03 1.691205e+03 1.627353e+03
11.7 1.640661e+03 1.688947e+03 1.691552e+03 1.643266e+03
12.7 1.667183e+03 1.690710e+03 1.691940e+03 1.668412e+03
13.7 1.714496e+03 1.691689e+03 1.692256e+03 1.715063e+03
14.7 1.669353e+03 1.692128e+03 1.692470e+03 1.669695e+03
15.7 1.703335e+03 1.692248e+03 1.692597e+03 1.703684e+03
16.7 1.697011e+03 1.691940e+03 1.692666e+03 1.697736e+03
17.7 1.717987e+03 1.690742e+03 1.692699e+03 1.719944e+03
18.7 1.648624e+03 1.686069e+03 1.692715e+03 1.655269e+03
19.7 1.679107e+03 1.681724e+03 1.692725e+03 1.690109e+03
20.7 1.642727e+03 1.684452e+03 1.694177e+03 1.652451e+03
21.7 1.677825e+03 1.695635e+03 1.701701e+03 1.683891e+03
0.5 1.679107e+03 1.681724e+03 1.692725e+03 1.690109e+03
1.5 1.642727e+03 1.684452e+03 1.694177e+03 1.652451e+03
2.5 1.677825e+03 1.695635e+03 1.701701e+03 1.683891e+03
3.5 1.753312e+03 1.706566e+03 1.709610e+03 1.756356e+03
4.5 1.671204e+03 1.707659e+03 1.708767e+03 1.672313e+03
5.5 1.715543e+03 1.702590e+03 1.702726e+03 1.715679e+03
6.5 1.681033e+03 1.697261e+03 1.697153e+03 1.680925e+03
7.5 1.661920e+03 1.693634e+03 1.693664e+03 1.661950e+03
8.5 1.642109e+03 1.691567e+03 1.691868e+03 1.642410e+03
9.5 1.705805e+03 1.690615e+03 1.691185e+03 1.706374e+03
10.5 1.747071e+03 1.692201e+03 1.692976e+03 1.747847e+03
11.5 1.687082e+03 1.699090e+03 1.700155e+03 1.688147e+03
12.5 1.673380e+03 1.699060e+03 1.704068e+03 1.678388e+03
13.5 1.659728e+03 1.691723e+03 1.701617e+03 1.669622e+03
14.5 1.674816e+03 1.688103e+03 1.697470e+03 1.684184e+03
15.5 1.717720e+03 1.688275e+03 1.694402e+03 1.723848e+03
16.5 1.696469e+03 1.688839e+03 1.692660e+03 1.700289e+03
17.5 1.672461e+03 1.689007e+03 1.691840e+03 1.675293e+03
18.5 1.656088e+03 1.689834e+03 1.691608e+03 1.657863e+03
19.5 1.695948e+03 1.690851e+03 1.691718e+03 1.696815e+03
20.5 1.705568e+03 1.691180e+03 1.691971e+03 1.706359e+03
21.5 1.715944e+03 1.690625e+03 1.692233e+03 1.717552e+03
0.5 1.705805e+03 1.690615e+03 1.691185e+03 1.706374e+03
1.5 1.747071e+03 1.692201e+03 1.692976e+03 1.747847e+03
2.5 1.687082e+03 1.699090e+03 1.700155e+03 1.688147e+03
3.5 1.673380e+03 1.699060e+03 1.704068e+03 1.678388e+03
4.5 1.659728e+03 1.691723e+03 1.701617e+03 1.669622e+03
5.5 1.674816e+03 1.688103e+03 1.697470e+03 1.684184e+03
6.5 1.717720e+03 1.688275e+03 1.694402e+03 1.723848e+03
7.5 1.696469e+03 1.688839e+03 1.692660e+03 1.700289e+03
8.5 1.672461e+03 1.689007e+03 1.691840e+03 1.675293e+03
9.5 1.656088e+03 1.689834e+03 1.691608e+03 1.657863e+03
10.5 1.695948e+03 1.690851e+03 1.691718e+03 1.696815e+03
11.5 1.705568e+03 1.691180e+03 1.691971e+03 1.706359e+03
12.5 1.715944e+03 1.690625e+03 1.692233e+03 1.717552e+03
13.5 1.707362e+03 1.690043e+03 1.692437e+03 1.709756e+03
14.5 1.684401e+03 1.690362e+03 1.692571e+03 1.686610e+03
15.5 1.648959e+03 1.691047e+03 1.692649e+03 1.650562e+03
16.5 1.740998e+03 1.690942e+03 1.692691e+03 1.742746e+03
17.5 1.656448e+03 1.688861e+03 1.692711e+03 1.660297e+03
18.5 1.701053e+03 1.683319e+03 1.692720e+03 1.710454e+03
19.5 1.659398e+03 1.681844e+03 1.692723e+03 1.670277e+03
20.5 1.676456e+03 1.684850e+03 1.692725e+03 1.684330e+03
21.5 1.694995e+03 1.688365e+03 1.692726e+03 1.699356e+03
