0.5 1.035126e+03 1.011993e+03 1.019119e+03 1.042252e+03
1.5 1.038212e+03 1.000684e+03 1.020925e+03 1.058453e+03
2.5 9.818377e+02 1.008129e+03 1.025235e+03 9.989437e+02
3.5 9.703879e+02 1.011945e+03 1.025998e+03 9.844406e+02
4.5 9.243665e+02 1.002852e+03 1.024187e+03 9.457010e+02
5.5 1.112003e+03 1.006035e+03 1.025639e+03 1.131608e+03
6.5 1.037703e+03 1.018423e+03 1.026856e+03 1.046136e+03
7.5 9.287074e+02 1.026947e+03 1.024732e+03 9.264925e+02
8.5 1.063542e+03 1.030416e+03 1.021780e+03 1.054907e+03
9.5 9.865630e+02 1.030864e+03 1.019733e+03 9.754316e+02
10.5 1.027177e+03 1.028900e+03 1.018684e+03 1.016960e+03
11.5 9.778956e+02 1.026315e+03 1.018361e+03 9.699416e+02
12.5 9.958823e+02 1.028105e+03 1.021060e+03 9.888372e+02
13.5 9.289199e+02 1.032756e+03 1.025092e+03 9.212553e+02
14.5 1.108964e+03 1.033551e+03 1.025099e+03 1.100512e+03
15.5 1.049425e+03 1.030712e+03 1.022802e+03 1.041515e+03
16.5 1.013508e+03 1.026922e+03 1.020695e+03 1.007281e+03
17.5 1.060816e+03 1.024993e+03 1.019401e+03 1.055224e+03
18.5 1.018585e+03 1.025076e+03 1.018737e+03 1.012246e+03
19.5 1.021093e+03 1.026615e+03 1.018481e+03 1.012959e+03
20.5 1.064872e+03 1.031748e+03 1.018476e+03 1.051600e+03
0.1 9.703879e+02 1.011945e+03 1.025998e+03 9.844406e+02
1.1 9.243665e+02 1.002852e+03 1.024187e+03 9.457010e+02
2.1 1.112003e+03 1.006035e+03 1.025639e+03 1.131608e+03
3.1 1.037703e+03 1.018423e+03 1.026856e+03 1.046136e+03
4.1 9.287074e+02 1.026947e+03 1.024732e+03 9.264925e+02
5.1 1.063542e+03 1.030416e+03 1.021780e+03 1.054907e+03
6.1 9.865630e+02 1.030864e+03 1.019733e+03 9.754316e+02
7.1 1.027177e+03 1.028900e+03 1.018684e+03 1.016960e+03
8.1 9.778956e+02 1.026315e+03 1.018361e+03 9.699416e+02
9.1 9.958823e+02 1.028105e+03 1.021060e+03 9.888372e+02
10.1 9.289199e+02 1.032756e+03 1.025092e+03 9.212553e+02
11.1 1.108964e+03 1.033551e+03 1.025099e+03 1.100512e+03
12.1 1.049425e+03 1.030712e+03 1.022802e+03 1.041515e+03
13.1 1.013508e+03 1.026922e+03 1.020695e+03 1.007281e+03
14.1 1.060816e+03 1.024993e+03 1.019401e+03 1.055224e+03
15.1 1.018585e+03 1.025076e+03 1.018737e+03 1.012246e+03
16.1 1.021093e+03 1.026615e+03 1.018481e+03 1.012959e+03
17.1 1.064872e+03 1.031748e+03 1.018476e+03 1.051600e+03
18.1 1.035047e+03 1.038986e+03 1.018600e+03 1.014661e+03
19.1 1.023174e+03 1.041894e+03 1.018757e+03 1.000038e+03
20.1 1.064370e+03 1.038436e+03 1.018893e+03 1.044827e+03
0.8 9.778956e+02 1.026315e+03 1.018361e+03 9.699416e+02
1.8 9.958823e+02 1.028105e+03 1.021060e+03 9.888372e+02
2.8 9.289199e+02 1.032756e+03 1.025092e+03 9.212553e+02
3.8 1.108964e+03 1.033551e+03 1.025099e+03 1.100512e+03
4.8 1.049425e+03 1.030712e+03 1.022802e+03 1.041515e+03
5.8 1.013508e+03 1.026922e+03 1.020695e+03 1.007281e+03
6.8 1.060816e+03 1.024993e+03 1.019401e+03 1.055224e+03
7.8 1.018585e+03 1.025076e+03 1.018737e+03 1.012246e+03
8.8 1.021093e+03 1.026615e+03 1.018481e+03 1.012959e+03
9.8 1.064872e+03 1.031748e+03 1.018476e+03 1.051600e+03
10.8 1.035047e+03 1.038986e+03 1.018600e+03 1.014661e+03
11.8 1.023174e+03 1.041894e+03 1.018757e+03 1.000038e+03
12.8 1.064370e+03 1.038436e+03 1.018893e+03 1.044827e+03
13.8 1.062696e+03 1.033438e+03 1.018988e+03 1.048247e+03
14.8 1.059798e+03 1.029857e+03 1.019047e+03 1.048988e+03
15.8 1.053949e+03 1.027870e+03 1.019078e+03 1.045157e+03
16.8 1.074019e+03 1.026966e+03 1.019094e+03 1.066148e+03
17.8 1.029505e+03 1.026761e+03 1.019102e+03 1.021846e+03
18.8 1.028040e+03 1.028513e+03 1.019105e+03 1.018632e+03
19.8 1.043577e+03 1.034260e+03 1.019107e+03 1.028424e+03
20.8 1.050683e+03 1.038412e+03 1.019107e+03 1.031378e+03
0.8 1.034990e+03 1.035529e+03 1.019227e+03 1.018688e+03
1.8 9.208301e+02 1.039012e+03 1.022201e+03 9.040185e+02
2.8 1.038866e+03 1.040109e+03 1.025928e+03 1.024685e+03
3.8 1.058910e+03 1.036344e+03 1.025513e+03 1.048079e+03
4.8 1.140393e+03 1.030283e+03 1.022991e+03 1.133102e+03
5.8 1.073912e+03 1.024990e+03 1.020804e+03 1.069727e+03
6.8 9.698170e+02 1.024635e+03 1.021384e+03 9.665658e+02
7.8 9.917634e+02 1.026747e+03 1.024977e+03 9.899938e+02
8.8 1.012683e+03 1.012674e+03 1.025350e+03 1.025359e+03
9.8 1.001028e+03 9.885059e+02 1.023063e+03 1.035585e+03
10.8 1.017956e+03 9.815646e+02 1.022594e+03 1.058986e+03
11.8 1.083559e+03 9.979906e+02 1.025507e+03 1.111075e+03
12.8 1.034432e+03 1.015803e+03 1.025574e+03 1.044203e+03
13.8 1.030382e+03 1.024297e+03 1.023057e+03 1.029143e+03
14.8 1.021300e+03 1.014156e+03 1.020638e+03 1.027783e+03
15.8 8.743096e+02 9.904270e+02 1.019192e+03 9.030748e+02
16.8 9.809161e+02 9.780964e+02 1.018516e+03 1.021335e+03
17.8 9.789673e+02 9.883355e+02 1.018298e+03 1.008929e+03
18.8 1.006208e+03 1.006309e+03 1.018338e+03 1.018237e+03
19.8 1.038490e+03 1.019214e+03 1.018500e+03 1.037776e+03
20.8 1.103677e+03 1.023601e+03 1.018690e+03 1.098766e+03
0.6 1.073912e+03 1.024990e+03 1.020804e+03 1.069727e+03
1.6 9.698170e+02 1.024635e+03 1.021384e+03 9.665658e+02
2.6 9.917634e+02 1.026747e+03 1.024977e+03 9.899938e+02
3.6 1.012683e+03 1.012674e+03 1.025350e+03 1.025359e+03
4.6 1.001028e+03 9.885059e+02 1.023063e+03 1.035585e+03
5.6 1.017956e+03 9.815646e+02 1.022594e+03 1.058986e+03
6.6 1.083559e+03 9.979906e+02 1.025507e+03 1.111075e+03
7.6 1.034432e+03 1.015803e+03 1.025574e+03 1.044203e+03
8.6 1.030382e+03 1.024297e+03 1.023057e+03 1.029143e+03
9.6 1.021300e+03 1.014156e+03 1.020638e+03 1.027783e+03
10.6 8.743096e+02 9.904270e+02 1.019192e+03 9.030748e+02
11.6 9.809161e+02 9.780964e+02 1.018516e+03 1.021335e+03
12.6 9.789673e+02 9.883355e+02 1.018298e+03 1.008929e+03
13.6 1.006208e+03 1.006309e+03 1.018338e+03 1.018237e+03
14.6 1.038490e+03 1.019214e+03 1.018500e+03 1.037776e+03
15.6 1.103677e+03 1.023601e+03 1.018690e+03 1.098766e+03
16.6 1.003978e+03 1.023714e+03 1.018993e+03 9.992565e+02
17.6 1.054386e+03 1.027874e+03 1.022193e+03 1.048705e+03
18.6 1.024147e+03 1.033964e+03 1.025902e+03 1.016084e+03
19.6 1.036652e+03 1.035272e+03 1.025418e+03 1.026798e+03
20.6 9.955681e+02 1.029080e+03 1.022901e+03 9.893891e+02
0.5 1.001028e+03 9.885059e+02 1.023063e+03 1.035585e+03
1.5 1.017956e+03 9.815646e+02 1.022594e+03 1.058986e+03
2.5 1.083559e+03 9.979906e+02 1.025507e+03 1.111075e+03
3.5 1.034432e+03 1.015803e+03 1.025574e+03 1.044203e+03
4.5 1.030382e+03 1.024297e+03 1.023057e+03 1.029143e+03
5.5 1.021300e+03 1.014156e+03 1.020638e+03 1.027783e+03
6.5 8.743096e+02 9.904270e+02 1.019192e+03 9.030748e+02
7.5 9.809161e+02 9.780964e+02 1.018516e+03 1.021335e+03
8.5 9.789673e+02 9.883355e+02 1.018298e+03 1.008929e+03
9.5 1.006208e+03 1.006309e+03 1.018338e+03 1.018237e+03
10.5 1.038490e+03 1.019214e+03 1.018500e+03 1.037776e+03
11.5 1.103677e+03 1.023601e+03 1.018690e+03 1.098766e+03
12.5 1.003978e+03 1.023714e+03 1.018993e+03 9.992565e+02
13.5 1.054386e+03 1.027874e+03 1.022193e+03 1.048705e+03
14.5 1.024147e+03 1.033964e+03 1.025902e+03 1.016084e+03
15.5 1.036652e+03 1.035272e+03 1.025418e+03 1.026798e+03
16.5 9.955681e+02 1.029080e+03 1.022901e+03 9.893891e+02
17.5 1.008647e+03 1.007516e+03 1.020732e+03 1.021863e+03
18.5 9.823951e+02 9.876265e+02 1.019418e+03 1.014187e+03
19.5 9.786417e+02 9.888396e+02 1.018749e+03 1.008551e+03
20.5 9.960734e+02 9.908338e+02 1.018494e+03 1.023734e+03
0.9 1.003978e+03 1.023714e+03 1.018993e+03 9.992565e+02
1.9 1.054386e+03 1.027874e+03 1.022193e+03 1.048705e+03
2.9 1.024147e+03 1.033964e+03 1.025902e+03 1.016084e+03
3.9 1.036652e+03 1.035272e+03 1.025418e+03 1.026798e+03
4.9 9.955681e+02 1.029080e+03 1.022901e+03 9.893891e+02
5.9 1.008647e+03 1.007516e+03 1.020732e+03 1.021863e+03
6.9 9.823951e+02 9.876265e+02 1.019418e+03 1.014187e+03
7.9 9.786417e+02 9.888396e+02 1.018749e+03 1.008551e+03
8.9 9.960734e+02 9.908338e+02 1.018494e+03 1.023734e+03
9.9 9.872105e+02 9.790454e+02 1.018493e+03 1.026658e+03
10.9 9.893757e+02 9.717351e+02 1.018617e+03 1.036258e+03
11.9 1.066232e+03 9.845088e+02 1.018772e+03 1.100495e+03
12.9 9.839365e+02 1.005157e+03 1.018903e+03 9.976831e+02
13.9 9.928364e+02 1.021064e+03 1.018995e+03 9.907675e+02
14.9 1.037973e+03 1.030338e+03 1.019050e+03 1.026686e+03
15.9 9.776616e+02 1.037914e+03 1.019080e+03 9.588279e+02
16.9 9.913484e+02 1.044575e+03 1.019292e+03 9.660651e+02
17.9 1.097740e+03 1.047971e+03 1.022604e+03 1.072373e+03
18.9 1.038896e+03 1.048421e+03 1.026056e+03 1.016531e+03
19.9 1.024949e+03 1.047295e+03 1.025722e+03 1.003376e+03
20.9 1.028573e+03 1.046033e+03 1.026949e+03 1.009489e+03
0.9 9.913484e+02 1.044575e+03 1.019292e+03 9.660651e+02
1.9 1.097740e+03 1.047971e+03 1.022604e+03 1.072373e+03
2.9 1.038896e+03 1.048421e+03 1.026056e+03 1.016531e+03
3.9 1.024949e+03 1.047295e+03 1.025722e+03 1.003376e+03
4.9 1.028573e+03 1.046033e+03 1.026949e+03 1.009489e+03
5.9 1.039283e+03 1.042447e+03 1.027729e+03 1.024565e+03
6.9 1.025452e+03 1.036291e+03 1.025262e+03 1.014422e+03
7.9 1.015564e+03 1.030925e+03 1.022034e+03 1.006674e+03
8.9 1.047500e+03 1.027680e+03 1.019791e+03 1.039611e+03
9.9 9.497724e+02 1.024729e+03 1.018634e+03 9.436776e+02
10.9 9.786407e+02 1.020587e+03 1.018190e+03 9.762440e+02
11.9 1.107256e+03 1.018791e+03 1.018151e+03 1.106617e+03
12.9 1.097269e+03 1.020242e+03 1.018314e+03 1.095340e+03
13.9 1.046411e+03 1.021666e+03 1.018539e+03 1.043285e+03
14.9 9.553427e+02 1.023088e+03 1.019366e+03 9.516205e+02
15.9 9.973563e+02 1.028870e+03 1.023599e+03 9.920851e+02
16.9 1.180197e+03 1.031069e+03 1.026126e+03 1.175254e+03
17.9 1.050278e+03 1.014891e+03 1.024665e+03 1.060052e+03
18.9 1.004220e+03 9.923965e+02 1.022462e+03 1.034286e+03
19.9 1.034947e+03 9.933652e+02 1.024271e+03 1.065853e+03
20.9 9.693758e+02 1.008425e+03 1.026217e+03 9.871683e+02
0.1 1.038896e+03 1.048421e+03 1.026056e+03 1.016531e+03
1.1 1.024949e+03 1.047295e+03 1.025722e+03 1.003376e+03
2.1 1.028573e+03 1.046033e+03 1.026949e+03 1.009489e+03
3.1 1.039283e+03 1.042447e+03 1.027729e+03 1.024565e+03
4.1 1.025452e+03 1.036291e+03 1.025262e+03 1.014422e+03
5.1 1.015564e+03 1.030925e+03 1.022034e+03 1.006674e+03
6.1 1.047500e+03 1.027680e+03 1.019791e+03 1.039611e+03
7.1 9.497724e+02 1.024729e+03 1.018634e+03 9.436776e+02
8.1 9.786407e+02 1.020587e+03 1.018190e+03 9.762440e+02
9.1 1.107256e+03 1.018791e+03 1.018151e+03 1.106617e+03
10.1 1.097269e+03 1.020242e+03 1.018314e+03 1.095340e+03
11.1 1.046411e+03 1.021666e+03 1.018539e+03 1.043285e+03
12.1 9.553427e+02 1.023088e+03 1.019366e+03 9.516205e+02
13.1 9.973563e+02 1.028870e+03 1.023599e+03 9.920851e+02
14.1 1.180197e+03 1.031069e+03 1.026126e+03 1.175254e+03
15.1 1.050278e+03 1.014891e+03 1.024665e+03 1.060052e+03
16.1 1.004220e+03 9.923965e+02 1.022462e+03 1.034286e+03
17.1 1.034947e+03 9.933652e+02 1.024271e+03 1.065853e+03
18.1 9.693758e+02 1.008425e+03 1.026217e+03 9.871683e+02
19.1 1.058626e+03 1.018766e+03 1.024594e+03 1.064454e+03
20.1 9.068296e+02 1.023693e+03 1.022197e+03 9.053329e+02
0.2 1.046411e+03 1.021666e+03 1.018539e+03 1.043285e+03
1.2 9.553427e+02 1.023088e+03 1.019366e+03 9.516205e+02
2.2 9.973563e+02 1.028870e+03 1.023599e+03 9.920851e+02
3.2 1.180197e+03 1.031069e+03 1.026126e+03 1.175254e+03
4.2 1.050278e+03 1.014891e+03 1.024665e+03 1.060052e+03
5.2 1.004220e+03 9.923965e+02 1.022462e+03 1.034286e+03
6.2 1.034947e+03 9.933652e+02 1.024271e+03 1.065853e+03
7.2 9.693758e+02 1.008425e+03 1.026217e+03 9.871683e+02
8.2 1.058626e+03 1.018766e+03 1.024594e+03 1.064454e+03
9.2 9.068296e+02 1.023693e+03 1.022197e+03 9.053329e+02
10.2 1.022580e+03 1.030510e+03 1.023915e+03 1.015985e+03
11.2 1.046679e+03 1.035987e+03 1.025894e+03 1.036587e+03
12.2 1.050769e+03 1.033551e+03 1.024353e+03 1.041572e+03
13.2 1.033713e+03 1.016849e+03 1.021723e+03 1.038586e+03
14.2 1.027260e+03 1.006104e+03 1.022068e+03 1.043224e+03
15.2 9.332969e+02 1.013070e+03 1.025211e+03 9.454372e+02
16.2 1.006524e+03 1.022082e+03 1.025072e+03 1.009513e+03
17.2 1.124271e+03 1.025666e+03 1.022618e+03 1.121223e+03
18.2 1.078688e+03 1.026106e+03 1.020663e+03 1.073245e+03
19.2 1.046387e+03 1.030168e+03 1.022882e+03 1.039100e+03
20.2 1.081814e+03 1.034627e+03 1.025528e+03 1.072714e+03
1.0 1.004220e+03 9.923965e+02 1.022462e+03 1.034286e+03
2.0 1.034947e+03 9.933652e+02 1.024271e+03 1.065853e+03
3.0 9.693758e+02 1.008425e+03 1.026217e+03 9.871683e+02
4.0 1.058626e+03 1.018766e+03 1.024594e+03 1.064454e+03
5.0 9.068296e+02 1.023693e+03 1.022197e+03 9.053329e+02
6.0 1.022580e+03 1.030510e+03 1.023915e+03 1.015985e+03
7.0 1.046679e+03 1.035987e+03 1.025894e+03 1.036587e+03
8.0 1.050769e+03 1.033551e+03 1.024353e+03 1.041572e+03
9.0 1.033713e+03 1.016849e+03 1.021723e+03 1.038586e+03
10.0 1.027260e+03 1.006104e+03 1.022068e+03 1.043224e+03
11.0 9.332969e+02 1.013070e+03 1.025211e+03 9.454372e+02
12.0 1.006524e+03 1.022082e+03 1.025072e+03 1.009513e+03
13.0 1.124271e+03 1.025666e+03 1.022618e+03 1.121223e+03
14.0 1.078688e+03 1.026106e+03 1.020663e+03 1.073245e+03
15.0 1.046387e+03 1.030168e+03 1.022882e+03 1.039100e+03
16.0 1.081814e+03 1.034627e+03 1.025528e+03 1.072714e+03
17.0 1.046027e+03 1.034574e+03 1.024420e+03 1.035873e+03
18.0 1.047071e+03 1.031517e+03 1.021895e+03 1.037449e+03
19.0 8.852161e+02 1.018389e+03 1.019974e+03 8.868011e+02
20.0 1.012304e+03 9.939420e+02 1.018926e+03 1.037288e+03
21.0 9.526627e+02 9.788008e+02 1.019153e+03 9.930150e+02
1.0 9.068296e+02 1.023693e+03 1.022197e+03 9.053329e+02
2.0 1.022580e+03 1.030510e+03 1.023915e+03 1.015985e+03
3.0 1.046679e+03 1.035987e+03 1.025894e+03 1.036587e+03
4.0 1.050769e+03 1.033551e+03 1.024353e+03 1.041572e+03
5.0 1.033713e+03 1.016849e+03 1.021723e+03 1.038586e+03
6.0 1.027260e+03 1.006104e+03 1.022068e+03 1.043224e+03
7.0 9.332969e+02 1.013070e+03 1.025211e+03 9.454372e+02
8.0 1.006524e+03 1.022082e+03 1.025072e+03 1.009513e+03
9.0 1.124271e+03 1.025666e+03 1.022618e+03 1.121223e+03
10.0 1.078688e+03 1.026106e+03 1.020663e+03 1.073245e+03
11.0 1.046387e+03 1.030168e+03 1.022882e+03 1.039100e+03
12.0 1.081814e+03 1.034627e+03 1.025528e+03 1.072714e+03
13.0 1.046027e+03 1.034574e+03 1.024420e+03 1.035873e+03
14.0 1.047071e+03 1.031517e+03 1.021895e+03 1.037449e+03
15.0 8.852161e+02 1.018389e+03 1.019974e+03 8.868011e+02
16.0 1.012304e+03 9.939420e+02 1.018926e+03 1.037288e+03
17.0 9.526627e+02 9.788008e+02 1.019153e+03 9.930150e+02
18.0 9.944590e+02 9.901462e+02 1.023179e+03 1.027492e+03
19.0 9.533831e+02 1.010052e+03 1.025565e+03 9.688961e+02
20.0 9.710339e+02 1.024487e+03 1.024141e+03 9.706879e+02
21.0 9.005356e+02 1.036087e+03 1.021742e+03 8.861905e+02
0.7 1.033713e+03 1.016849e+03 1.021723e+03 1.038586e+03
1.7 1.027260e+03 1.006104e+03 1.022068e+03 1.043224e+03
2.7 9.332969e+02 1.013070e+03 1.025211e+03 9.454372e+02
3.7 1.006524e+03 1.022082e+03 1.025072e+03 1.009513e+03
4.7 1.124271e+03 1.025666e+03 1.022618e+03 1.121223e+03
5.7 1.078688e+03 1.026106e+03 1.020663e+03 1.073245e+03
6.7 1.046387e+03 1.030168e+03 1.022882e+03 1.039100e+03
7.7 1.081814e+03 1.034627e+03 1.025528e+03 1.072714e+03
8.7 1.046027e+03 1.034574e+03 1.024420e+03 1.035873e+03
9.7 1.047071e+03 1.031517e+03 1.021895e+03 1.037449e+03
10.7 8.852161e+02 1.018389e+03 1.019974e+03 8.868011e+02
11.7 1.012304e+03 9.939420e+02 1.018926e+03 1.037288e+03
12.7 9.526627e+02 9.788008e+02 1.019153e+03 9.930150e+02
13.7 9.944590e+02 9.901462e+02 1.023179e+03 1.027492e+03
14.7 9.533831e+02 1.010052e+03 1.025565e+03 9.688961e+02
15.7 9.710339e+02 1.024487e+03 1.024141e+03 9.706879e+02
16.7 9.005356e+02 1.036087e+03 1.021742e+03 8.861905e+02
17.7 1.120198e+03 1.044954e+03 1.020043e+03 1.095288e+03
18.7 1.067056e+03 1.048800e+03 1.021456e+03 1.039712e+03
19.7 1.010045e+03 1.048009e+03 1.025095e+03 9.871310e+02
20.7 1.141807e+03 1.042040e+03 1.025122e+03 1.124889e+03
1.0 1.078688e+03 1.026106e+03 1.020663e+03 1.073245e+03
2.0 1.046387e+03 1.030168e+03 1.022882e+03 1.039100e+03
3.0 1.081814e+03 1.034627e+03 1.025528e+03 1.072714e+03
4.0 1.046027e+03 1.034574e+03 1.024420e+03 1.035873e+03
5.0 1.047071e+03 1.031517e+03 1.021895e+03 1.037449e+03
6.0 8.852161e+02 1.018389e+03 1.019974e+03 8.868011e+02
7.0 1.012304e+03 9.939420e+02 1.018926e+03 1.037288e+03
8.0 9.526627e+02 9.788008e+02 1.019153e+03 9.930150e+02
9.0 9.944590e+02 9.901462e+02 1.023179e+03 1.027492e+03
10.0 9.533831e+02 1.010052e+03 1.025565e+03 9.688961e+02
11.0 9.710339e+02 1.024487e+03 1.024141e+03 9.706879e+02
12.0 9.005356e+02 1.036087e+03 1.021742e+03 8.861905e+02
13.0 1.120198e+03 1.044954e+03 1.020043e+03 1.095288e+03
14.0 1.067056e+03 1.048800e+03 1.021456e+03 1.039712e+03
15.0 1.010045e+03 1.048009e+03 1.025095e+03 9.871310e+02
16.0 1.141807e+03 1.042040e+03 1.025122e+03 1.124889e+03
17.0 1.066538e+03 1.033205e+03 1.022773e+03 1.056107e+03
18.0 1.020972e+03 1.024066e+03 1.020607e+03 1.017514e+03
19.0 1.042683e+03 1.019282e+03 1.019992e+03 1.043393e+03
20.0 9.987649e+02 1.023198e+03 1.023488e+03 9.990545e+02
21.0 1.064904e+03 1.019383e+03 1.025556e+03 1.071078e+03
0.2 1.012304e+03 9.939420e+02 1.018926e+03 1.037288e+03
1.2 9.526627e+02 9.788008e+02 1.019153e+03 9.930150e+02
2.2 9.944590e+02 9.901462e+02 1.023179e+03 1.027492e+03
3.2 9.533831e+02 1.010052e+03 1.025565e+03 9.688961e+02
4.2 9.710339e+02 1.024487e+03 1.024141e+03 9.706879e+02
5.2 9.005356e+02 1.036087e+03 1.021742e+03 8.861905e+02
6.2 1.120198e+03 1.044954e+03 1.020043e+03 1.095288e+03
7.2 1.067056e+03 1.048800e+03 1.021456e+03 1.039712e+03
8.2 1.010045e+03 1.048009e+03 1.025095e+03 9.871310e+02
9.2 1.141807e+03 1.042040e+03 1.025122e+03 1.124889e+03
10.2 1.066538e+03 1.033205e+03 1.022773e+03 1.056107e+03
11.2 1.020972e+03 1.024066e+03 1.020607e+03 1.017514e+03
12.2 1.042683e+03 1.019282e+03 1.019992e+03 1.043393e+03
13.2 9.987649e+02 1.023198e+03 1.023488e+03 9.990545e+02
14.2 1.064904e+03 1.019383e+03 1.025556e+03 1.071078e+03
15.2 1.021431e+03 1.005773e+03 1.024663e+03 1.040321e+03
16.2 9.193737e+02 1.007666e+03 1.026365e+03 9.380730e+02
17.2 1.003891e+03 1.018378e+03 1.026956e+03 1.012469e+03
18.2 1.022768e+03 1.025951e+03 1.024443e+03 1.021260e+03
19.2 1.031007e+03 1.032433e+03 1.021466e+03 1.020039e+03
20.2 1.064579e+03 1.039493e+03 1.019616e+03 1.044702e+03
0.7 1.120198e+03 1.044954e+03 1.020043e+03 1.095288e+03
1.7 1.067056e+03 1.048800e+03 1.021456e+03 1.039712e+03
2.7 1.010045e+03 1.048009e+03 1.025095e+03 9.871310e+02
3.7 1.141807e+03 1.042040e+03 1.025122e+03 1.124889e+03
4.7 1.066538e+03 1.033205e+03 1.022773e+03 1.056107e+03
5.7 1.020972e+03 1.024066e+03 1.020607e+03 1.017514e+03
6.7 1.042683e+03 1.019282e+03 1.019992e+03 1.043393e+03
7.7 9.987649e+02 1.023198e+03 1.023488e+03 9.990545e+02
8.7 1.064904e+03 1.019383e+03 1.025556e+03 1.071078e+03
9.7 1.021431e+03 1.005773e+03 1.024663e+03 1.040321e+03
10.7 9.193737e+02 1.007666e+03 1.026365e+03 9.380730e+02
11.7 1.003891e+03 1.018378e+03 1.026956e+03 1.012469e+03
12.7 1.022768e+03 1.025951e+03 1.024443e+03 1.021260e+03
13.7 1.031007e+03 1.032433e+03 1.021466e+03 1.020039e+03
14.7 1.064579e+03 1.039493e+03 1.019616e+03 1.044702e+03
15.7 9.748491e+02 1.044134e+03 1.021614e+03 9.523284e+02
16.7 1.110833e+03 1.044367e+03 1.024995e+03 1.091461e+03
17.7 1.034516e+03 1.037303e+03 1.024585e+03 1.021799e+03
18.7 1.000673e+03 1.016696e+03 1.022256e+03 1.006233e+03
19.7 1.021439e+03 1.001821e+03 1.022196e+03 1.041814e+03
20.7 9.225988e+02 1.007903e+03 1.025332e+03 9.400269e+02
0.2 1.020972e+03 1.024066e+03 1.020607e+03 1.017514e+03
1.2 1.042683e+03 1.019282e+03 1.019992e+03 1.043393e+03
2.2 9.987649e+02 1.023198e+03 1.023488e+03 9.990545e+02
3.2 1.064904e+03 1.019383e+03 1.025556e+03 1.071078e+03
4.2 1.021431e+03 1.005773e+03 1.024663e+03 1.040321e+03
5.2 9.193737e+02 1.007666e+03 1.026365e+03 9.380730e+02
6.2 1.003891e+03 1.018378e+03 1.026956e+03 1.012469e+03
7.2 1.022768e+03 1.025951e+03 1.024443e+03 1.021260e+03
8.2 1.031007e+03 1.032433e+03 1.021466e+03 1.020039e+03
9.2 1.064579e+03 1.039493e+03 1.019616e+03 1.044702e+03
10.2 9.748491e+02 1.044134e+03 1.021614e+03 9.523284e+02
11.2 1.110833e+03 1.044367e+03 1.024995e+03 1.091461e+03
12.2 1.034516e+03 1.037303e+03 1.024585e+03 1.021799e+03
13.2 1.000673e+03 1.016696e+03 1.022256e+03 1.006233e+03
14.2 1.021439e+03 1.001821e+03 1.022196e+03 1.041814e+03
15.2 9.225988e+02 1.007903e+03 1.025332e+03 9.400269e+02
16.2 1.033247e+03 1.018494e+03 1.025426e+03 1.040179e+03
17.2 9.761815e+02 1.021127e+03 1.022959e+03 9.780139e+02
18.2 1.055048e+03 1.007971e+03 1.020689e+03 1.067765e+03
19.2 1.035999e+03 1.002604e+03 1.022027e+03 1.055422e+03
20.2 9.957425e+02 1.013109e+03 1.025256e+03 1.007889e+03
0.2 1.064904e+03 1.019383e+03 1.025556e+03 1.071078e+03
1.2 1.021431e+03 1.005773e+03 1.024663e+03 1.040321e+03
2.2 9.193737e+02 1.007666e+03 1.026365e+03 9.380730e+02
3.2 1.003891e+03 1.018378e+03 1.026956e+03 1.012469e+03
4.2 1.022768e+03 1.025951e+03 1.024443e+03 1.021260e+03
5.2 1.031007e+03 1.032433e+03 1.021466e+03 1.020039e+03
6.2 1.064579e+03 1.039493e+03 1.019616e+03 1.044702e+03
7.2 9.748491e+02 1.044134e+03 1.021614e+03 9.523284e+02
8.2 1.110833e+03 1.044367e+03 1.024995e+03 1.091461e+03
9.2 1.034516e+03 1.037303e+03 1.024585e+03 1.021799e+03
10.2 1.000673e+03 1.016696e+03 1.022256e+03 1.006233e+03
11.2 1.021439e+03 1.001821e+03 1.022196e+03 1.041814e+03
12.2 9.225988e+02 1.007903e+03 1.025332e+03 9.400269e+02
13.2 1.033247e+03 1.018494e+03 1.025426e+03 1.040179e+03
14.2 9.761815e+02 1.021127e+03 1.022959e+03 9.780139e+02
15.2 1.055048e+03 1.007971e+03 1.020689e+03 1.067765e+03
16.2 1.035999e+03 1.002604e+03 1.022027e+03 1.055422e+03
17.2 9.957425e+02 1.013109e+03 1.025256e+03 1.007889e+03
18.2 9.752667e+02 1.023410e+03 1.024843e+03 9.766994e+02
19.2 1.007814e+03 1.028470e+03 1.022391e+03 1.001735e+03
20.2 9.908580e+02 1.030343e+03 1.020299e+03 9.808138e+02
0.8 1.064579e+03 1.039493e+03 1.019616e+03 1.044702e+03
1.8 9.748491e+02 1.044134e+03 1.021614e+03 9.523284e+02
2.8 1.110833e+03 1.044367e+03 1.024995e+03 1.091461e+03
3.8 1.034516e+03 1.037303e+03 1.024585e+03 1.021799e+03
4.8 1.000673e+03 1.016696e+03 1.022256e+03 1.006233e+03
5.8 1.021439e+03 1.001821e+03 1.022196e+03 1.041814e+03
6.8 9.225988e+02 1.007903e+03 1.025332e+03 9.400269e+02
7.8 1.033247e+03 1.018494e+03 1.025426e+03 1.040179e+03
8.8 9.761815e+02 1.021127e+03 1.022959e+03 9.780139e+02
9.8 1.055048e+03 1.007971e+03 1.020689e+03 1.067765e+03
10.8 1.035999e+03 1.002604e+03 1.022027e+03 1.055422e+03
11.8 9.957425e+02 1.013109e+03 1.025256e+03 1.007889e+03
12.8 9.752667e+02 1.023410e+03 1.024843e+03 9.766994e+02
13.8 1.007814e+03 1.028470e+03 1.022391e+03 1.001735e+03
14.8 9.908580e+02 1.030343e+03 1.020299e+03 9.808138e+02
15.8 1.073744e+03 1.030808e+03 1.019098e+03 1.062034e+03
16.8 1.045787e+03 1.028982e+03 1.018538e+03 1.035343e+03
17.8 9.541646e+02 1.014700e+03 1.018365e+03 9.578298e+02
18.8 9.782832e+02 9.940650e+02 1.018643e+03 1.002861e+03
19.8 1.051700e+03 9.941595e+02 1.022207e+03 1.079748e+03
20.8 1.052180e+03 1.009313e+03 1.025730e+03 1.068596e+03
0.6 1.000673e+03 1.016696e+03 1.022256e+03 1.006233e+03
1.6 1.021439e+03 1.001821e+03 1.022196e+03 1.041814e+03
2.6 9.225988e+02 1.007903e+03 1.025332e+03 9.400269e+02
3.6 1.033247e+03 1.018494e+03 1.025426e+03 1.040179e+03
4.6 9.761815e+02 1.021127e+03 1.022959e+03 9.780139e+02
5.6 1.055048e+03 1.007971e+03 1.020689e+03 1.067765e+03
6.6 1.035999e+03 1.002604e+03 1.022027e+03 1.055422e+03
7.6 9.957425e+02 1.013109e+03 1.025256e+03 1.007889e+03
8.6 9.752667e+02 1.023410e+03 1.024843e+03 9.766994e+02
9.6 1.007814e+03 1.028470e+03 1.022391e+03 1.001735e+03
10.6 9.908580e+02 1.030343e+03 1.020299e+03 9.808138e+02
11.6 1.073744e+03 1.030808e+03 1.019098e+03 1.062034e+03
12.6 1.045787e+03 1.028982e+03 1.018538e+03 1.035343e+03
13.6 9.541646e+02 1.014700e+03 1.018365e+03 9.578298e+02
14.6 9.782832e+02 9.940650e+02 1.018643e+03 1.002861e+03
15.6 1.051700e+03 9.941595e+02 1.022207e+03 1.079748e+03
16.6 1.052180e+03 1.009313e+03 1.025730e+03 1.068596e+03
17.6 1.047598e+03 1.019519e+03 1.025047e+03 1.053125e+03
18.6 1.003049e+03 1.021495e+03 1.022578e+03 1.004132e+03
19.6 9.207029e+02 1.021526e+03 1.020531e+03 9.197084e+02
20.6 1.013824e+03 1.023819e+03 1.019313e+03 1.009317e+03
0.8 1.055048e+03 1.007971e+03 1.020689e+03 1.067765e+03
1.8 1.035999e+03 1.002604e+03 1.022027e+03 1.055422e+03
2.8 9.957425e+02 1.013109e+03 1.025256e+03 1.007889e+03
3.8 9.752667e+02 1.023410e+03 1.024843e+03 9.766994e+02
4.8 1.007814e+03 1.028470e+03 1.022391e+03 1.001735e+03
5.8 9.908580e+02 1.030343e+03 1.020299e+03 9.808138e+02
6.8 1.073744e+03 1.030808e+03 1.019098e+03 1.062034e+03
7.8 1.045787e+03 1.028982e+03 1.018538e+03 1.035343e+03
8.8 9.541646e+02 1.014700e+03 1.018365e+03 9.578298e+02
9.8 9.782832e+02 9.940650e+02 1.018643e+03 1.002861e+03
10.8 1.051700e+03 9.941595e+02 1.022207e+03 1.079748e+03
11.8 1.052180e+03 1.009313e+03 1.025730e+03 1.068596e+03
12.8 1.047598e+03 1.019519e+03 1.025047e+03 1.053125e+03
13.8 1.003049e+03 1.021495e+03 1.022578e+03 1.004132e+03
14.8 9.207029e+02 1.021526e+03 1.020531e+03 9.197084e+02
15.8 1.013824e+03 1.023819e+03 1.019313e+03 1.009317e+03
16.8 1.030724e+03 1.029712e+03 1.018702e+03 1.019713e+03
17.8 9.846934e+02 1.035542e+03 1.018481e+03 9.676321e+02
18.8 9.661203e+02 1.035905e+03 1.018498e+03 9.487132e+02
19.8 1.075552e+03 1.033495e+03 1.018629e+03 1.060686e+03
20.8 1.109484e+03 1.033722e+03 1.018784e+03 1.094546e+03
1.0 9.782832e+02 9.940650e+02 1.018643e+03 1.002861e+03
2.0 1.051700e+03 9.941595e+02 1.022207e+03 1.079748e+03
3.0 1.052180e+03 1.009313e+03 1.025730e+03 1.068596e+03
4.0 1.047598e+03 1.019519e+03 1.025047e+03 1.053125e+03
5.0 1.003049e+03 1.021495e+03 1.022578e+03 1.004132e+03
6.0 9.207029e+02 1.021526e+03 1.020531e+03 9.197084e+02
7.0 1.013824e+03 1.023819e+03 1.019313e+03 1.009317e+03
8.0 1.030724e+03 1.029712e+03 1.018702e+03 1.019713e+03
9.0 9.846934e+02 1.035542e+03 1.018481e+03 9.676321e+02
10.0 9.661203e+02 1.035905e+03 1.018498e+03 9.487132e+02
11.0 1.075552e+03 1.033495e+03 1.018629e+03 1.060686e+03
12.0 1.109484e+03 1.033722e+03 1.018784e+03 1.094546e+03
13.0 1.113069e+03 1.036266e+03 1.018913e+03 1.095716e+03
14.0 1.049496e+03 1.035261e+03 1.019001e+03 1.033235e+03
15.0 1.067922e+03 1.031700e+03 1.019054e+03 1.055276e+03
16.0 1.049003e+03 1.027430e+03 1.019082e+03 1.040655e+03
17.0 1.062661e+03 1.023875e+03 1.019096e+03 1.057883e+03
18.0 1.028413e+03 1.022627e+03 1.019103e+03 1.024889e+03
19.0 1.015179e+03 1.019675e+03 1.019106e+03 1.014610e+03
20.0 9.917946e+02 1.003451e+03 1.019107e+03 1.007450e+03
21.0 1.014372e+03 9.822778e+02 1.019142e+03 1.051237e+03
0.7 1.014372e+03 9.822778e+02 1.019142e+03 1.051237e+03
1.7 9.646814e+02 9.809540e+02 1.021411e+03 1.005139e+03
2.7 9.817686e+02 1.000054e+03 1.025560e+03 1.007274e+03
3.7 1.072877e+03 1.017708e+03 1.025829e+03 1.080998e+03
4.7 1.054476e+03 1.025493e+03 1.023440e+03 1.052423e+03
5.7 1.013173e+03 1.025867e+03 1.021158e+03 1.008464e+03
6.7 1.029248e+03 1.028230e+03 1.022185e+03 1.023203e+03
7.7 9.524526e+02 1.033830e+03 1.025436e+03 9.440585e+02
8.7 1.077392e+03 1.035110e+03 1.025145e+03 1.067426e+03
9.7 1.120997e+03 1.030884e+03 1.022661e+03 1.112774e+03
10.7 1.110640e+03 1.025105e+03 1.020672e+03 1.106207e+03
11.7 1.135305e+03 1.026178e+03 1.022698e+03 1.131826e+03
12.7 1.012812e+03 1.030853e+03 1.025540e+03 1.007499e+03
13.7 1.019958e+03 1.032032e+03 1.024608e+03 1.012534e+03
14.7 1.026257e+03 1.030862e+03 1.022081e+03 1.017476e+03
15.7 9.811497e+02 1.029538e+03 1.020098e+03 9.717089e+02
16.7 1.040081e+03 1.027746e+03 1.018996e+03 1.031332e+03
17.7 9.609345e+02 1.024518e+03 1.018696e+03 9.551116e+02
18.7 1.024339e+03 1.026335e+03 1.021865e+03 1.019869e+03
19.7 1.030804e+03 1.030959e+03 1.025385e+03 1.025230e+03
20.7 1.060524e+03 1.031674e+03 1.024819e+03 1.053670e+03
0.7 1.013173e+03 1.025867e+03 1.021158e+03 1.008464e+03
1.7 1.029248e+03 1.028230e+03 1.022185e+03 1.023203e+03
2.7 9.524526e+02 1.033830e+03 1.025436e+03 9.440585e+02
3.7 1.077392e+03 1.035110e+03 1.025145e+03 1.067426e+03
4.7 1.120997e+03 1.030884e+03 1.022661e+03 1.112774e+03
5.7 1.110640e+03 1.025105e+03 1.020672e+03 1.106207e+03
6.7 1.135305e+03 1.026178e+03 1.022698e+03 1.131826e+03
7.7 1.012812e+03 1.030853e+03 1.025540e+03 1.007499e+03
8.7 1.019958e+03 1.032032e+03 1.024608e+03 1.012534e+03
9.7 1.026257e+03 1.030862e+03 1.022081e+03 1.017476e+03
10.7 9.811497e+02 1.029538e+03 1.020098e+03 9.717089e+02
11.7 1.040081e+03 1.027746e+03 1.018996e+03 1.031332e+03
12.7 9.609345e+02 1.024518e+03 1.018696e+03 9.551116e+02
13.7 1.024339e+03 1.026335e+03 1.021865e+03 1.019869e+03
14.7 1.030804e+03 1.030959e+03 1.025385e+03 1.025230e+03
15.7 1.060524e+03 1.031674e+03 1.024819e+03 1.053670e+03
16.7 1.049116e+03 1.029076e+03 1.022513e+03 1.042553e+03
17.7 1.077656e+03 1.029642e+03 1.023262e+03 1.071276e+03
18.7 1.029172e+03 1.033200e+03 1.025971e+03 1.021943e+03
19.7 1.045666e+03 1.033195e+03 1.025189e+03 1.037659e+03
20.7 1.054896e+03 1.029668e+03 1.022495e+03 1.047722e+03
0.9 1.110640e+03 1.025105e+03 1.020672e+03 1.106207e+03
1.9 1.135305e+03 1.026178e+03 1.022698e+03 1.131826e+03
2.9 1.012812e+03 1.030853e+03 1.025540e+03 1.007499e+03
3.9 1.019958e+03 1.032032e+03 1.024608e+03 1.012534e+03
4.9 1.026257e+03 1.030862e+03 1.022081e+03 1.017476e+03
5.9 9.811497e+02 1.029538e+03 1.020098e+03 9.717089e+02
6.9 1.040081e+03 1.027746e+03 1.018996e+03 1.031332e+03
7.9 9.609345e+02 1.024518e+03 1.018696e+03 9.551116e+02
8.9 1.024339e+03 1.026335e+03 1.021865e+03 1.019869e+03
9.9 1.030804e+03 1.030959e+03 1.025385e+03 1.025230e+03
10.9 1.060524e+03 1.031674e+03 1.024819e+03 1.053670e+03
11.9 1.049116e+03 1.029076e+03 1.022513e+03 1.042553e+03
12.9 1.077656e+03 1.029642e+03 1.023262e+03 1.071276e+03
13.9 1.029172e+03 1.033200e+03 1.025971e+03 1.021943e+03
14.9 1.045666e+03 1.033195e+03 1.025189e+03 1.037659e+03
15.9 1.054896e+03 1.029668e+03 1.022495e+03 1.047722e+03
16.9 1.061354e+03 1.025562e+03 1.020278e+03 1.056070e+03
17.9 1.017385e+03 1.025343e+03 1.020722e+03 1.012764e+03
18.9 9.761364e+02 1.030990e+03 1.024497e+03 9.696436e+02
19.9 1.058020e+03 1.037717e+03 1.025232e+03 1.045535e+03
20.9 1.055797e+03 1.042463e+03 1.023483e+03 1.036817e+03
0.9 9.609345e+02 1.024518e+03 1.018696e+03 9.551116e+02
1.9 1.024339e+03 1.026335e+03 1.021865e+03 1.019869e+03
2.9 1.030804e+03 1.030959e+03 1.025385e+03 1.025230e+03
3.9 1.060524e+03 1.031674e+03 1.024819e+03 1.053670e+03
4.9 1.049116e+03 1.029076e+03 1.022513e+03 1.042553e+03
5.9 1.077656e+03 1.029642e+03 1.023262e+03 1.071276e+03
6.9 1.029172e+03 1.033200e+03 1.025971e+03 1.021943e+03
7.9 1.045666e+03 1.033195e+03 1.025189e+03 1.037659e+03
8.9 1.054896e+03 1.029668e+03 1.022495e+03 1.047722e+03
9.9 1.061354e+03 1.025562e+03 1.020278e+03 1.056070e+03
10.9 1.017385e+03 1.025343e+03 1.020722e+03 1.012764e+03
11.9 9.761364e+02 1.030990e+03 1.024497e+03 9.696436e+02
12.9 1.058020e+03 1.037717e+03 1.025232e+03 1.045535e+03
13.9 1.055797e+03 1.042463e+03 1.023483e+03 1.036817e+03
14.9 1.038154e+03 1.044241e+03 1.025007e+03 1.018920e+03
15.9 9.989688e+02 1.033560e+03 1.026499e+03 9.919084e+02
16.9 9.591667e+02 1.012546e+03 1.024592e+03 9.712125e+02
17.9 9.466312e+02 1.005095e+03 1.021731e+03 9.632672e+02
18.9 9.735300e+02 1.010424e+03 1.019713e+03 9.828195e+02
19.9 1.039575e+03 1.018112e+03 1.018674e+03 1.040137e+03
20.9 1.035429e+03 1.023622e+03 1.018271e+03 1.030077e+03
0.8 1.049116e+03 1.029076e+03 1.022513e+03 1.042553e+03
1.8 1.077656e+03 1.029642e+03 1.023262e+03 1.071276e+03
2.8 1.029172e+03 1.033200e+03 1.025971e+03 1.021943e+03
3.8 1.045666e+03 1.033195e+03 1.025189e+03 1.037659e+03
4.8 1.054896e+03 1.029668e+03 1.022495e+03 1.047722e+03
5.8 1.061354e+03 1.025562e+03 1.020278e+03 1.056070e+03
6.8 1.017385e+03 1.025343e+03 1.020722e+03 1.012764e+03
7.8 9.761364e+02 1.030990e+03 1.024497e+03 9.696436e+02
8.8 1.058020e+03 1.037717e+03 1.025232e+03 1.045535e+03
9.8 1.055797e+03 1.042463e+03 1.023483e+03 1.036817e+03
10.8 1.038154e+03 1.044241e+03 1.025007e+03 1.018920e+03
11.8 9.989688e+02 1.033560e+03 1.026499e+03 9.919084e+02
12.8 9.591667e+02 1.012546e+03 1.024592e+03 9.712125e+02
13.8 9.466312e+02 1.005095e+03 1.021731e+03 9.632672e+02
14.8 9.735300e+02 1.010424e+03 1.019713e+03 9.828195e+02
15.8 1.039575e+03 1.018112e+03 1.018674e+03 1.040137e+03
16.8 1.035429e+03 1.023622e+03 1.018271e+03 1.030077e+03
17.8 1.042036e+03 1.020567e+03 1.018228e+03 1.039697e+03
18.8 1.052154e+03 1.001705e+03 1.018370e+03 1.068818e+03
19.8 9.300855e+02 9.817179e+02 1.018574e+03 9.669419e+02
20.8 1.052413e+03 9.819078e+02 1.018765e+03 1.089270e+03
0.5 1.061354e+03 1.025562e+03 1.020278e+03 1.056070e+03
1.5 1.017385e+03 1.025343e+03 1.020722e+03 1.012764e+03
2.5 9.761364e+02 1.030990e+03 1.024497e+03 9.696436e+02
3.5 1.058020e+03 1.037717e+03 1.025232e+03 1.045535e+03
4.5 1.055797e+03 1.042463e+03 1.023483e+03 1.036817e+03
5.5 1.038154e+03 1.044241e+03 1.025007e+03 1.018920e+03
6.5 9.989688e+02 1.033560e+03 1.026499e+03 9.919084e+02
7.5 9.591667e+02 1.012546e+03 1.024592e+03 9.712125e+02
8.5 9.466312e+02 1.005095e+03 1.021731e+03 9.632672e+02
9.5 9.735300e+02 1.010424e+03 1.019713e+03 9.828195e+02
10.5 1.039575e+03 1.018112e+03 1.018674e+03 1.040137e+03
11.5 1.035429e+03 1.023622e+03 1.018271e+03 1.030077e+03
12.5 1.042036e+03 1.020567e+03 1.018228e+03 1.039697e+03
13.5 1.052154e+03 1.001705e+03 1.018370e+03 1.068818e+03
14.5 9.300855e+02 9.817179e+02 1.018574e+03 9.669419e+02
15.5 1.052413e+03 9.819078e+02 1.018765e+03 1.089270e+03
16.5 9.691058e+02 9.965749e+02 1.018909e+03 9.914397e+02
17.5 1.007479e+03 1.009217e+03 1.019002e+03 1.017264e+03
18.5 9.892000e+02 1.017350e+03 1.019055e+03 9.909048e+02
19.5 9.975078e+02 1.023866e+03 1.019083e+03 9.927250e+02
20.5 1.026930e+03 1.028629e+03 1.019097e+03 1.017397e+03
0.1 1.058020e+03 1.037717e+03 1.025232e+03 1.045535e+03
1.1 1.055797e+03 1.042463e+03 1.023483e+03 1.036817e+03
2.1 1.038154e+03 1.044241e+03 1.025007e+03 1.018920e+03
3.1 9.989688e+02 1.033560e+03 1.026499e+03 9.919084e+02
4.1 9.591667e+02 1.012546e+03 1.024592e+03 9.712125e+02
5.1 9.466312e+02 1.005095e+03 1.021731e+03 9.632672e+02
6.1 9.735300e+02 1.010424e+03 1.019713e+03 9.828195e+02
7.1 1.039575e+03 1.018112e+03 1.018674e+03 1.040137e+03
8.1 1.035429e+03 1.023622e+03 1.018271e+03 1.030077e+03
9.1 1.042036e+03 1.020567e+03 1.018228e+03 1.039697e+03
10.1 1.052154e+03 1.001705e+03 1.018370e+03 1.068818e+03
11.1 9.300855e+02 9.817179e+02 1.018574e+03 9.669419e+02
12.1 1.052413e+03 9.819078e+02 1.018765e+03 1.089270e+03
13.1 9.691058e+02 9.965749e+02 1.018909e+03 9.914397e+02
14.1 1.007479e+03 1.009217e+03 1.019002e+03 1.017264e+03
15.1 9.892000e+02 1.017350e+03 1.019055e+03 9.909048e+02
16.1 9.975078e+02 1.023866e+03 1.019083e+03 9.927250e+02
17.1 1.026930e+03 1.028629e+03 1.019097e+03 1.017397e+03
18.1 1.006483e+03 1.031061e+03 1.019103e+03 9.945255e+02
19.1 9.589999e+02 1.031265e+03 1.019106e+03 9.468408e+02
20.1 9.451804e+02 1.029175e+03 1.019107e+03 9.351123e+02
0.2 9.451804e+02 1.029175e+03 1.019107e+03 9.351123e+02
1.2 1.061286e+03 1.027573e+03 1.019867e+03 1.053580e+03
2.2 1.016671e+03 1.031285e+03 1.024058e+03 1.009444e+03
3.2 1.057263e+03 1.034145e+03 1.026235e+03 1.049353e+03
4.2 1.032154e+03 1.033204e+03 1.024573e+03 1.023524e+03
5.2 1.032955e+03 1.031073e+03 1.022009e+03 1.023890e+03
6.2 1.071808e+03 1.029419e+03 1.020156e+03 1.062545e+03
7.2 1.040329e+03 1.028375e+03 1.019111e+03 1.031064e+03
8.2 1.056891e+03 1.022753e+03 1.018616e+03 1.052754e+03
9.2 1.045669e+03 1.005552e+03 1.018472e+03 1.058589e+03
10.2 1.006455e+03 9.977343e+02 1.018530e+03 1.027251e+03
11.2 9.708820e+02 1.004877e+03 1.018675e+03 9.846801e+02
12.2 1.000051e+03 1.015015e+03 1.018825e+03 1.003861e+03
13.2 1.009860e+03 1.019772e+03 1.018942e+03 1.009030e+03
14.2 1.021596e+03 1.021604e+03 1.019639e+03 1.019631e+03
15.2 1.038482e+03 1.028150e+03 1.023764e+03 1.034096e+03
16.2 1.043175e+03 1.033690e+03 1.026216e+03 1.035701e+03
17.2 1.040200e+03 1.034227e+03 1.024710e+03 1.030683e+03
18.2 1.045370e+03 1.032482e+03 1.022138e+03 1.035026e+03
19.2 1.036260e+03 1.030687e+03 1.020236e+03 1.025810e+03
20.2 1.053205e+03 1.029389e+03 1.019153e+03 1.042968e+03
0.2 1.009860e+03 1.019772e+03 1.018942e+03 1.009030e+03
1.2 1.021596e+03 1.021604e+03 1.019639e+03 1.019631e+03
2.2 1.038482e+03 1.028150e+03 1.023764e+03 1.034096e+03
3.2 1.043175e+03 1.033690e+03 1.026216e+03 1.035701e+03
4.2 1.040200e+03 1.034227e+03 1.024710e+03 1.030683e+03
5.2 1.045370e+03 1.032482e+03 1.022138e+03 1.035026e+03
6.2 1.036260e+03 1.030687e+03 1.020236e+03 1.025810e+03
7.2 1.053205e+03 1.029389e+03 1.019153e+03 1.042968e+03
8.2 1.033962e+03 1.027802e+03 1.018634e+03 1.024793e+03
9.2 1.028733e+03 1.024473e+03 1.018473e+03 1.022733e+03
10.2 1.020788e+03 1.022590e+03 1.018524e+03 1.016722e+03
11.2 9.087993e+02 1.023428e+03 1.018666e+03 9.040371e+02
12.2 9.738687e+02 1.025303e+03 1.018817e+03 9.673830e+02
13.2 1.006297e+03 1.026117e+03 1.018936e+03 9.991161e+02
14.2 9.953199e+02 1.016015e+03 1.019016e+03 9.983206e+02
15.2 9.930786e+02 1.001726e+03 1.020063e+03 1.011415e+03
16.2 1.021259e+03 1.006121e+03 1.024394e+03 1.039533e+03
17.2 1.018737e+03 1.017563e+03 1.026198e+03 1.027372e+03
18.2 9.413544e+02 1.016343e+03 1.024347e+03 9.493582e+02
19.2 9.539316e+02 9.975392e+02 1.021813e+03 9.782056e+02
20.2 1.048457e+03 9.814670e+02 1.020429e+03 1.087419e+03
0.3 9.953199e+02 1.016015e+03 1.019016e+03 9.983206e+02
1.3 9.930786e+02 1.001726e+03 1.020063e+03 1.011415e+03
2.3 1.021259e+03 1.006121e+03 1.024394e+03 1.039533e+03
3.3 1.018737e+03 1.017563e+03 1.026198e+03 1.027372e+03
4.3 9.413544e+02 1.016343e+03 1.024347e+03 9.493582e+02
5.3 9.539316e+02 9.975392e+02 1.021813e+03 9.782056e+02
6.3 1.048457e+03 9.814670e+02 1.020429e+03 1.087419e+03
7.3 9.490253e+02 9.901754e+02 1.023228e+03 9.820780e+02
8.3 1.003947e+03 1.009049e+03 1.025681e+03 1.020579e+03
9.3 9.704250e+02 1.010901e+03 1.024365e+03 9.838889e+02
10.3 9.672423e+02 1.002082e+03 1.021849e+03 9.870098e+02
11.3 1.012327e+03 1.005042e+03 1.019991e+03 1.027275e+03
12.3 1.057434e+03 1.015523e+03 1.018973e+03 1.060884e+03
13.3 1.063015e+03 1.024315e+03 1.018514e+03 1.057214e+03
14.3 9.904467e+02 1.029161e+03 1.018395e+03 9.796809e+02
15.3 9.906163e+02 1.031185e+03 1.018470e+03 9.779015e+02
16.3 9.690714e+02 1.031614e+03 1.018629e+03 9.560866e+02
17.3 1.026139e+03 1.031196e+03 1.018793e+03 1.013735e+03
0.1 9.539316e+02 9.975392e+02 1.021813e+03 9.782056e+02
1.1 1.048457e+03 9.814670e+02 1.020429e+03 1.087419e+03
2.1 9.490253e+02 9.901754e+02 1.023228e+03 9.820780e+02
3.1 1.003947e+03 1.009049e+03 1.025681e+03 1.020579e+03
4.1 9.704250e+02 1.010901e+03 1.024365e+03 9.838889e+02
5.1 9.672423e+02 1.002082e+03 1.021849e+03 9.870098e+02
6.1 1.012327e+03 1.005042e+03 1.019991e+03 1.027275e+03
7.1 1.057434e+03 1.015523e+03 1.018973e+03 1.060884e+03
8.1 1.063015e+03 1.024315e+03 1.018514e+03 1.057214e+03
9.1 9.904467e+02 1.029161e+03 1.018395e+03 9.796809e+02
10.1 9.906163e+02 1.031185e+03 1.018470e+03 9.779015e+02
11.1 9.690714e+02 1.031614e+03 1.018629e+03 9.560866e+02
12.1 1.026139e+03 1.031196e+03 1.018793e+03 1.013735e+03
