0.8 1.144614e+04 1.146188e+04 1.143517e+04 1.141942e+04
1.8 1.147628e+04 1.147409e+04 1.144371e+04 1.144590e+04
2.8 1.152498e+04 1.146092e+04 1.145443e+04 1.151849e+04
3.8 1.155756e+04 1.143749e+04 1.145323e+04 1.157330e+04
4.8 1.146191e+04 1.143877e+04 1.144598e+04 1.146912e+04
5.8 1.151626e+04 1.146345e+04 1.143966e+04 1.149248e+04
6.8 1.147788e+04 1.147661e+04 1.144007e+04 1.144134e+04
7.8 1.159271e+04 1.146767e+04 1.145063e+04 1.157568e+04
8.8 1.146089e+04 1.144249e+04 1.145316e+04 1.147156e+04
9.8 1.143170e+04 1.141651e+04 1.144703e+04 1.146223e+04
10.8 1.140536e+04 1.139909e+04 1.144029e+04 1.144656e+04
11.8 1.144614e+04 1.139036e+04 1.143599e+04 1.149177e+04
12.8 1.145612e+04 1.138762e+04 1.143379e+04 1.150229e+04
13.8 1.141019e+04 1.139755e+04 1.143291e+04 1.144556e+04
14.8 1.144215e+04 1.143178e+04 1.143283e+04 1.144321e+04
15.8 1.143143e+04 1.146112e+04 1.143684e+04 1.140716e+04
16.8 1.153815e+04 1.146575e+04 1.144985e+04 1.152226e+04
17.8 1.146797e+04 1.145499e+04 1.145432e+04 1.146730e+04
18.8 1.145294e+04 1.145737e+04 1.144882e+04 1.144439e+04
19.8 1.142093e+04 1.145676e+04 1.144184e+04 1.140601e+04
20.8 1.135504e+04 1.144119e+04 1.143707e+04 1.135091e+04
0.5 1.151626e+04 1.146345e+04 1.143966e+04 1.149248e+04
1.5 1.147788e+04 1.147661e+04 1.144007e+04 1.144134e+04
2.5 1.159271e+04 1.146767e+04 1.145063e+04 1.157568e+04
3.5 1.146089e+04 1.144249e+04 1.145316e+04 1.147156e+04
4.5 1.143170e+04 1.141651e+04 1.144703e+04 1.146223e+04
5.5 1.140536e+04 1.139909e+04 1.144029e+04 1.144656e+04
6.5 1.144614e+04 1.139036e+04 1.143599e+04 1.149177e+04
7.5 1.145612e+04 1.138762e+04 1.143379e+04 1.150229e+04
8.5 1.141019e+04 1.139755e+04 1.143291e+04 1.144556e+04
9.5 1.144215e+04 1.143178e+04 1.143283e+04 1.144321e+04
10.5 1.143143e+04 1.146112e+04 1.143684e+04 1.140716e+04
11.5 1.153815e+04 1.146575e+04 1.144985e+04 1.152226e+04
12.5 1.146797e+04 1.145499e+04 1.145432e+04 1.146730e+04
13.5 1.145294e+04 1.145737e+04 1.144882e+04 1.144439e+04
14.5 1.142093e+04 1.145676e+04 1.144184e+04 1.140601e+04
15.5 1.135504e+04 1.144119e+04 1.143707e+04 1.135091e+04
16.5 1.142145e+04 1.142529e+04 1.143445e+04 1.143061e+04
17.5 1.145170e+04 1.144113e+04 1.143326e+04 1.144383e+04
18.5 1.151776e+04 1.147735e+04 1.143298e+04 1.147339e+04
19.5 1.155522e+04 1.148964e+04 1.143322e+04 1.149880e+04
20.5 1.152259e+04 1.147328e+04 1.143365e+04 1.148296e+04
0.4 1.144215e+04 1.143178e+04 1.143283e+04 1.144321e+04
1.4 1.143143e+04 1.146112e+04 1.143684e+04 1.140716e+04
2.4 1.153815e+04 1.146575e+04 1.144985e+04 1.152226e+04
3.4 1.146797e+04 1.145499e+04 1.145432e+04 1.146730e+04
4.4 1.145294e+04 1.145737e+04 1.144882e+04 1.144439e+04
5.4 1.142093e+04 1.145676e+04 1.144184e+04 1.140601e+04
6.4 1.135504e+04 1.144119e+04 1.143707e+04 1.135091e+04
7.4 1.142145e+04 1.142529e+04 1.143445e+04 1.143061e+04
8.4 1.145170e+04 1.144113e+04 1.143326e+04 1.144383e+04
9.4 1.151776e+04 1.147735e+04 1.143298e+04 1.147339e+04
10.4 1.155522e+04 1.148964e+04 1.143322e+04 1.149880e+04
11.4 1.152259e+04 1.147328e+04 1.143365e+04 1.148296e+04
12.4 1.137611e+04 1.146439e+04 1.143407e+04 1.134580e+04
13.4 1.141991e+04 1.147147e+04 1.143439e+04 1.138283e+04
14.4 1.153243e+04 1.146905e+04 1.143459e+04 1.149798e+04
15.4 1.156666e+04 1.144963e+04 1.143471e+04 1.155173e+04
16.4 1.139211e+04 1.142392e+04 1.143477e+04 1.140296e+04
17.4 1.146624e+04 1.140564e+04 1.143480e+04 1.149540e+04
18.4 1.149509e+04 1.141173e+04 1.143481e+04 1.151817e+04
19.4 1.148352e+04 1.143725e+04 1.143482e+04 1.148109e+04
20.4 1.144874e+04 1.145470e+04 1.143822e+04 1.143226e+04
0.4 1.148352e+04 1.143725e+04 1.143482e+04 1.148109e+04
1.4 1.144874e+04 1.145470e+04 1.143822e+04 1.143226e+04
2.4 1.147192e+04 1.145529e+04 1.145072e+04 1.146735e+04
3.4 1.139511e+04 1.143939e+04 1.145513e+04 1.141085e+04
4.4 1.141505e+04 1.142654e+04 1.144946e+04 1.143796e+04
5.4 1.147098e+04 1.143826e+04 1.144224e+04 1.147496e+04
6.4 1.149924e+04 1.145782e+04 1.143728e+04 1.147870e+04
7.4 1.151321e+04 1.145860e+04 1.143455e+04 1.148916e+04
8.4 1.147955e+04 1.144171e+04 1.143330e+04 1.147114e+04
9.4 1.144957e+04 1.141988e+04 1.143299e+04 1.146268e+04
10.4 1.138712e+04 1.140849e+04 1.143321e+04 1.141184e+04
11.4 1.138612e+04 1.142219e+04 1.143364e+04 1.139758e+04
12.4 1.153542e+04 1.144215e+04 1.143625e+04 1.152952e+04
13.4 1.156310e+04 1.145069e+04 1.144861e+04 1.156102e+04
14.4 1.144171e+04 1.145487e+04 1.145508e+04 1.144191e+04
15.4 1.132994e+04 1.146557e+04 1.145042e+04 1.131479e+04
16.4 1.144604e+04 1.147072e+04 1.144529e+04 1.142062e+04
17.4 1.147354e+04 1.146341e+04 1.145204e+04 1.146217e+04
18.4 1.133245e+04 1.144304e+04 1.145531e+04 1.134471e+04
19.4 1.135386e+04 1.141876e+04 1.144912e+04 1.138421e+04
20.4 1.142277e+04 1.140367e+04 1.144133e+04 1.146043e+04
0.2 1.138612e+04 1.142219e+04 1.143364e+04 1.139758e+04
1.2 1.153542e+04 1.144215e+04 1.143625e+04 1.152952e+04
2.2 1.156310e+04 1.145069e+04 1.144861e+04 1.156102e+04
3.2 1.144171e+04 1.145487e+04 1.145508e+04 1.144191e+04
4.2 1.132994e+04 1.146557e+04 1.145042e+04 1.131479e+04
5.2 1.144604e+04 1.147072e+04 1.144529e+04 1.142062e+04
6.2 1.147354e+04 1.146341e+04 1.145204e+04 1.146217e+04
7.2 1.133245e+04 1.144304e+04 1.145531e+04 1.134471e+04
8.2 1.135386e+04 1.141876e+04 1.144912e+04 1.138421e+04
9.2 1.142277e+04 1.140367e+04 1.144133e+04 1.146043e+04
10.2 1.137494e+04 1.141703e+04 1.143618e+04 1.139408e+04
11.2 1.141645e+04 1.144790e+04 1.143359e+04 1.140213e+04
12.2 1.149360e+04 1.145834e+04 1.143260e+04 1.146786e+04
13.2 1.146275e+04 1.145582e+04 1.143252e+04 1.143945e+04
14.2 1.142066e+04 1.146107e+04 1.143291e+04 1.139249e+04
15.2 1.142241e+04 1.145647e+04 1.143345e+04 1.139939e+04
16.2 1.144058e+04 1.143743e+04 1.143395e+04 1.143710e+04
17.2 1.140175e+04 1.141538e+04 1.143432e+04 1.142070e+04
18.2 1.145958e+04 1.139983e+04 1.143456e+04 1.149431e+04
19.2 1.155636e+04 1.139235e+04 1.143469e+04 1.159870e+04
20.2 1.142881e+04 1.140106e+04 1.143476e+04 1.146251e+04
0.2 1.132994e+04 1.146557e+04 1.145042e+04 1.131479e+04
1.2 1.144604e+04 1.147072e+04 1.144529e+04 1.142062e+04
2.2 1.147354e+04 1.146341e+04 1.145204e+04 1.146217e+04
3.2 1.133245e+04 1.144304e+04 1.145531e+04 1.134471e+04
4.2 1.135386e+04 1.141876e+04 1.144912e+04 1.138421e+04
5.2 1.142277e+04 1.140367e+04 1.144133e+04 1.146043e+04
6.2 1.137494e+04 1.141703e+04 1.143618e+04 1.139408e+04
7.2 1.141645e+04 1.144790e+04 1.143359e+04 1.140213e+04
8.2 1.149360e+04 1.145834e+04 1.143260e+04 1.146786e+04
9.2 1.146275e+04 1.145582e+04 1.143252e+04 1.143945e+04
10.2 1.142066e+04 1.146107e+04 1.143291e+04 1.139249e+04
11.2 1.142241e+04 1.145647e+04 1.143345e+04 1.139939e+04
12.2 1.144058e+04 1.143743e+04 1.143395e+04 1.143710e+04
13.2 1.140175e+04 1.141538e+04 1.143432e+04 1.142070e+04
14.2 1.145958e+04 1.139983e+04 1.143456e+04 1.149431e+04
15.2 1.155636e+04 1.139235e+04 1.143469e+04 1.159870e+04
16.2 1.142881e+04 1.140106e+04 1.143476e+04 1.146251e+04
17.2 1.144537e+04 1.142936e+04 1.143486e+04 1.145086e+04
18.2 1.150222e+04 1.145049e+04 1.144072e+04 1.149245e+04
19.2 1.154249e+04 1.145892e+04 1.145292e+04 1.153649e+04
20.2 1.144938e+04 1.147606e+04 1.145439e+04 1.142771e+04
0.6 1.144537e+04 1.142936e+04 1.143486e+04 1.145086e+04
1.6 1.150222e+04 1.145049e+04 1.144072e+04 1.149245e+04
2.6 1.154249e+04 1.145892e+04 1.145292e+04 1.153649e+04
3.6 1.144938e+04 1.147606e+04 1.145439e+04 1.142771e+04
4.6 1.146238e+04 1.149207e+04 1.144771e+04 1.141802e+04
5.6 1.150575e+04 1.148012e+04 1.144088e+04 1.146651e+04
6.6 1.145063e+04 1.145195e+04 1.143649e+04 1.143517e+04
7.6 1.139537e+04 1.144099e+04 1.143415e+04 1.138853e+04
8.6 1.141239e+04 1.144672e+04 1.143316e+04 1.139882e+04
9.6 1.149450e+04 1.144434e+04 1.143301e+04 1.148317e+04
10.6 1.156414e+04 1.144569e+04 1.143330e+04 1.155175e+04
11.6 1.143609e+04 1.147084e+04 1.143374e+04 1.139899e+04
12.6 1.149853e+04 1.149451e+04 1.143415e+04 1.143817e+04
13.6 1.146908e+04 1.148569e+04 1.143444e+04 1.141783e+04
14.6 1.147156e+04 1.145449e+04 1.143462e+04 1.145169e+04
15.6 1.136460e+04 1.142611e+04 1.143473e+04 1.137322e+04
16.6 1.143206e+04 1.142492e+04 1.143478e+04 1.144192e+04
17.6 1.145005e+04 1.143229e+04 1.143480e+04 1.145257e+04
18.6 1.152552e+04 1.142807e+04 1.143481e+04 1.153226e+04
19.6 1.140548e+04 1.141797e+04 1.143482e+04 1.142233e+04
20.6 1.149086e+04 1.143310e+04 1.143482e+04 1.149258e+04
0.3 1.143283e+04 1.145611e+04 1.143482e+04 1.141154e+04
1.3 1.153740e+04 1.146753e+04 1.143722e+04 1.150710e+04
2.3 1.142525e+04 1.146489e+04 1.144940e+04 1.140976e+04
3.3 1.135435e+04 1.146369e+04 1.145529e+04 1.134595e+04
4.3 1.135290e+04 1.146652e+04 1.145372e+04 1.134010e+04
5.3 1.139927e+04 1.146011e+04 1.145887e+04 1.139803e+04
6.3 1.145804e+04 1.144016e+04 1.145802e+04 1.147591e+04
7.3 1.142877e+04 1.143206e+04 1.144941e+04 1.144612e+04
8.3 1.148292e+04 1.144293e+04 1.144321e+04 1.148320e+04
9.3 1.153870e+04 1.144852e+04 1.145003e+04 1.154021e+04
10.3 1.153792e+04 1.144413e+04 1.145337e+04 1.154716e+04
11.3 1.143861e+04 1.145952e+04 1.144757e+04 1.142665e+04
12.3 1.147321e+04 1.148881e+04 1.144044e+04 1.142484e+04
13.3 1.146390e+04 1.149603e+04 1.144227e+04 1.141014e+04
14.3 1.143952e+04 1.148191e+04 1.145189e+04 1.140950e+04
15.3 1.143375e+04 1.147402e+04 1.145182e+04 1.141155e+04
16.3 1.144504e+04 1.147717e+04 1.144495e+04 1.141282e+04
17.3 1.144040e+04 1.146909e+04 1.143865e+04 1.140996e+04
18.3 1.142808e+04 1.144637e+04 1.143495e+04 1.141666e+04
19.3 1.143215e+04 1.142082e+04 1.143321e+04 1.144454e+04
20.3 1.133176e+04 1.141508e+04 1.143264e+04 1.134933e+04
0.4 1.135435e+04 1.146369e+04 1.145529e+04 1.134595e+04
1.4 1.135290e+04 1.146652e+04 1.145372e+04 1.134010e+04
2.4 1.139927e+04 1.146011e+04 1.145887e+04 1.139803e+04
3.4 1.145804e+04 1.144016e+04 1.145802e+04 1.147591e+04
4.4 1.142877e+04 1.143206e+04 1.144941e+04 1.144612e+04
5.4 1.148292e+04 1.144293e+04 1.144321e+04 1.148320e+04
6.4 1.153870e+04 1.144852e+04 1.145003e+04 1.154021e+04
7.4 1.153792e+04 1.144413e+04 1.145337e+04 1.154716e+04
8.4 1.143861e+04 1.145952e+04 1.144757e+04 1.142665e+04
9.4 1.147321e+04 1.148881e+04 1.144044e+04 1.142484e+04
10.4 1.146390e+04 1.149603e+04 1.144227e+04 1.141014e+04
11.4 1.143952e+04 1.148191e+04 1.145189e+04 1.140950e+04
12.4 1.143375e+04 1.147402e+04 1.145182e+04 1.141155e+04
13.4 1.144504e+04 1.147717e+04 1.144495e+04 1.141282e+04
14.4 1.144040e+04 1.146909e+04 1.143865e+04 1.140996e+04
15.4 1.142808e+04 1.144637e+04 1.143495e+04 1.141666e+04
16.4 1.143215e+04 1.142082e+04 1.143321e+04 1.144454e+04
17.4 1.133176e+04 1.141508e+04 1.143264e+04 1.134933e+04
18.4 1.129964e+04 1.143320e+04 1.143276e+04 1.129919e+04
19.4 1.144014e+04 1.144372e+04 1.143320e+04 1.142962e+04
20.4 1.166245e+04 1.143599e+04 1.143371e+04 1.166017e+04
0.3 1.142877e+04 1.143206e+04 1.144941e+04 1.144612e+04
1.3 1.148292e+04 1.144293e+04 1.144321e+04 1.148320e+04
2.3 1.153870e+04 1.144852e+04 1.145003e+04 1.154021e+04
3.3 1.153792e+04 1.144413e+04 1.145337e+04 1.154716e+04
4.3 1.143861e+04 1.145952e+04 1.144757e+04 1.142665e+04
5.3 1.147321e+04 1.148881e+04 1.144044e+04 1.142484e+04
6.3 1.146390e+04 1.149603e+04 1.144227e+04 1.141014e+04
7.3 1.143952e+04 1.148191e+04 1.145189e+04 1.140950e+04
8.3 1.143375e+04 1.147402e+04 1.145182e+04 1.141155e+04
9.3 1.144504e+04 1.147717e+04 1.144495e+04 1.141282e+04
10.3 1.144040e+04 1.146909e+04 1.143865e+04 1.140996e+04
11.3 1.142808e+04 1.144637e+04 1.143495e+04 1.141666e+04
12.3 1.143215e+04 1.142082e+04 1.143321e+04 1.144454e+04
13.3 1.133176e+04 1.141508e+04 1.143264e+04 1.134933e+04
14.3 1.129964e+04 1.143320e+04 1.143276e+04 1.129919e+04
15.3 1.144014e+04 1.144372e+04 1.143320e+04 1.142962e+04
16.3 1.166245e+04 1.143599e+04 1.143371e+04 1.166017e+04
17.3 1.163145e+04 1.142098e+04 1.143414e+04 1.164462e+04
18.3 1.138354e+04 1.142413e+04 1.143444e+04 1.139386e+04
19.3 1.133548e+04 1.144314e+04 1.143463e+04 1.132697e+04
20.3 1.130708e+04 1.144862e+04 1.143473e+04 1.129319e+04
0.7 1.147321e+04 1.148881e+04 1.144044e+04 1.142484e+04
1.7 1.146390e+04 1.149603e+04 1.144227e+04 1.141014e+04
2.7 1.143952e+04 1.148191e+04 1.145189e+04 1.140950e+04
3.7 1.143375e+04 1.147402e+04 1.145182e+04 1.141155e+04
4.7 1.144504e+04 1.147717e+04 1.144495e+04 1.141282e+04
5.7 1.144040e+04 1.146909e+04 1.143865e+04 1.140996e+04
6.7 1.142808e+04 1.144637e+04 1.143495e+04 1.141666e+04
7.7 1.143215e+04 1.142082e+04 1.143321e+04 1.144454e+04
8.7 1.133176e+04 1.141508e+04 1.143264e+04 1.134933e+04
9.7 1.129964e+04 1.143320e+04 1.143276e+04 1.129919e+04
10.7 1.144014e+04 1.144372e+04 1.143320e+04 1.142962e+04
11.7 1.166245e+04 1.143599e+04 1.143371e+04 1.166017e+04
12.7 1.163145e+04 1.142098e+04 1.143414e+04 1.164462e+04
13.7 1.138354e+04 1.142413e+04 1.143444e+04 1.139386e+04
14.7 1.133548e+04 1.144314e+04 1.143463e+04 1.132697e+04
15.7 1.130708e+04 1.144862e+04 1.143473e+04 1.129319e+04
16.7 1.132836e+04 1.143638e+04 1.143478e+04 1.132676e+04
17.7 1.125917e+04 1.141780e+04 1.143480e+04 1.127616e+04
18.7 1.128684e+04 1.140323e+04 1.143481e+04 1.131843e+04
19.7 1.134308e+04 1.139503e+04 1.143482e+04 1.138286e+04
20.7 1.137794e+04 1.139831e+04 1.143482e+04 1.141446e+04
0.2 1.144092e+04 1.145239e+04 1.143482e+04 1.142335e+04
1.2 1.151341e+04 1.145083e+04 1.143680e+04 1.149938e+04
2.2 1.149785e+04 1.144863e+04 1.144869e+04 1.149792e+04
3.2 1.149671e+04 1.143461e+04 1.145531e+04 1.151741e+04
4.2 1.148712e+04 1.141460e+04 1.145074e+04 1.152326e+04
5.2 1.145285e+04 1.139964e+04 1.144335e+04 1.149655e+04
6.2 1.146888e+04 1.140102e+04 1.143795e+04 1.150581e+04
7.2 1.145637e+04 1.142781e+04 1.143489e+04 1.146345e+04
8.2 1.145598e+04 1.145785e+04 1.143384e+04 1.143198e+04
9.2 1.141147e+04 1.146770e+04 1.144228e+04 1.138604e+04
10.2 1.141224e+04 1.146487e+04 1.145289e+04 1.140026e+04
11.2 1.148003e+04 1.146799e+04 1.145181e+04 1.146386e+04
12.2 1.142230e+04 1.146876e+04 1.144891e+04 1.140245e+04
13.2 1.142070e+04 1.145904e+04 1.145554e+04 1.141720e+04
14.2 1.138894e+04 1.143697e+04 1.145563e+04 1.140760e+04
15.2 1.130599e+04 1.141366e+04 1.144787e+04 1.134020e+04
16.2 1.131768e+04 1.140548e+04 1.144007e+04 1.135227e+04
17.2 1.140859e+04 1.143250e+04 1.143528e+04 1.141137e+04
18.2 1.143816e+04 1.146465e+04 1.143302e+04 1.140654e+04
19.2 1.154326e+04 1.146556e+04 1.143229e+04 1.150999e+04
20.2 1.141294e+04 1.144356e+04 1.143241e+04 1.140179e+04
0.9 1.145598e+04 1.145785e+04 1.143384e+04 1.143198e+04
1.9 1.141147e+04 1.146770e+04 1.144228e+04 1.138604e+04
2.9 1.141224e+04 1.146487e+04 1.145289e+04 1.140026e+04
3.9 1.148003e+04 1.146799e+04 1.145181e+04 1.146386e+04
4.9 1.142230e+04 1.146876e+04 1.144891e+04 1.140245e+04
5.9 1.142070e+04 1.145904e+04 1.145554e+04 1.141720e+04
6.9 1.138894e+04 1.143697e+04 1.145563e+04 1.140760e+04
7.9 1.130599e+04 1.141366e+04 1.144787e+04 1.134020e+04
8.9 1.131768e+04 1.140548e+04 1.144007e+04 1.135227e+04
9.9 1.140859e+04 1.143250e+04 1.143528e+04 1.141137e+04
10.9 1.143816e+04 1.146465e+04 1.143302e+04 1.140654e+04
11.9 1.154326e+04 1.146556e+04 1.143229e+04 1.150999e+04
12.9 1.141294e+04 1.144356e+04 1.143241e+04 1.140179e+04
13.9 1.135219e+04 1.141906e+04 1.143291e+04 1.136604e+04
14.9 1.141566e+04 1.140214e+04 1.143350e+04 1.144703e+04
15.9 1.135403e+04 1.139308e+04 1.143401e+04 1.139496e+04
16.9 1.136516e+04 1.138953e+04 1.143436e+04 1.140999e+04
17.9 1.136446e+04 1.139525e+04 1.143458e+04 1.140379e+04
18.9 1.144730e+04 1.141719e+04 1.143519e+04 1.146530e+04
19.9 1.130846e+04 1.143723e+04 1.144444e+04 1.131567e+04
20.9 1.136993e+04 1.144051e+04 1.145466e+04 1.138408e+04
0.4 1.148003e+04 1.146799e+04 1.145181e+04 1.146386e+04
1.4 1.142230e+04 1.146876e+04 1.144891e+04 1.140245e+04
2.4 1.142070e+04 1.145904e+04 1.145554e+04 1.141720e+04
3.4 1.138894e+04 1.143697e+04 1.145563e+04 1.140760e+04
4.4 1.130599e+04 1.141366e+04 1.144787e+04 1.134020e+04
5.4 1.131768e+04 1.140548e+04 1.144007e+04 1.135227e+04
6.4 1.140859e+04 1.143250e+04 1.143528e+04 1.141137e+04
7.4 1.143816e+04 1.146465e+04 1.143302e+04 1.140654e+04
8.4 1.154326e+04 1.146556e+04 1.143229e+04 1.150999e+04
9.4 1.141294e+04 1.144356e+04 1.143241e+04 1.140179e+04
10.4 1.135219e+04 1.141906e+04 1.143291e+04 1.136604e+04
11.4 1.141566e+04 1.140214e+04 1.143350e+04 1.144703e+04
12.4 1.135403e+04 1.139308e+04 1.143401e+04 1.139496e+04
13.4 1.136516e+04 1.138953e+04 1.143436e+04 1.140999e+04
14.4 1.136446e+04 1.139525e+04 1.143458e+04 1.140379e+04
15.4 1.144730e+04 1.141719e+04 1.143519e+04 1.146530e+04
16.4 1.130846e+04 1.143723e+04 1.144444e+04 1.131567e+04
17.4 1.136993e+04 1.144051e+04 1.145466e+04 1.138408e+04
18.4 1.145138e+04 1.143188e+04 1.145288e+04 1.147238e+04
19.4 1.146156e+04 1.143928e+04 1.144556e+04 1.146784e+04
20.4 1.145953e+04 1.145348e+04 1.143937e+04 1.144542e+04
0.9 1.144730e+04 1.141719e+04 1.143519e+04 1.146530e+04
1.9 1.130846e+04 1.143723e+04 1.144444e+04 1.131567e+04
2.9 1.136993e+04 1.144051e+04 1.145466e+04 1.138408e+04
3.9 1.145138e+04 1.143188e+04 1.145288e+04 1.147238e+04
4.9 1.146156e+04 1.143928e+04 1.144556e+04 1.146784e+04
5.9 1.145953e+04 1.145348e+04 1.143937e+04 1.144542e+04
6.9 1.153518e+04 1.145109e+04 1.143565e+04 1.151973e+04
7.9 1.138175e+04 1.143387e+04 1.143376e+04 1.138165e+04
8.9 1.134937e+04 1.141434e+04 1.143305e+04 1.136807e+04
9.9 1.124820e+04 1.140069e+04 1.143306e+04 1.128057e+04
10.9 1.138274e+04 1.139354e+04 1.143342e+04 1.142263e+04
11.9 1.139144e+04 1.139088e+04 1.143387e+04 1.143442e+04
12.9 1.136918e+04 1.139632e+04 1.143424e+04 1.140710e+04
13.9 1.135074e+04 1.141875e+04 1.143485e+04 1.136683e+04
14.9 1.145095e+04 1.143956e+04 1.144355e+04 1.145494e+04
15.9 1.137356e+04 1.144316e+04 1.145435e+04 1.138475e+04
16.9 1.145460e+04 1.142963e+04 1.145320e+04 1.147817e+04
17.9 1.154203e+04 1.141413e+04 1.144597e+04 1.157386e+04
18.9 1.150308e+04 1.141570e+04 1.143965e+04 1.152702e+04
19.9 1.146599e+04 1.142954e+04 1.143580e+04 1.147224e+04
20.9 1.146523e+04 1.143334e+04 1.143383e+04 1.146572e+04
0.8 1.135074e+04 1.141875e+04 1.143485e+04 1.136683e+04
1.8 1.145095e+04 1.143956e+04 1.144355e+04 1.145494e+04
2.8 1.137356e+04 1.144316e+04 1.145435e+04 1.138475e+04
3.8 1.145460e+04 1.142963e+04 1.145320e+04 1.147817e+04
4.8 1.154203e+04 1.141413e+04 1.144597e+04 1.157386e+04
5.8 1.150308e+04 1.141570e+04 1.143965e+04 1.152702e+04
6.8 1.146599e+04 1.142954e+04 1.143580e+04 1.147224e+04
7.8 1.146523e+04 1.143334e+04 1.143383e+04 1.146572e+04
8.8 1.135573e+04 1.142424e+04 1.143307e+04 1.136456e+04
9.8 1.138894e+04 1.142356e+04 1.143305e+04 1.139842e+04
10.8 1.136002e+04 1.144551e+04 1.143340e+04 1.134791e+04
11.8 1.143618e+04 1.146613e+04 1.143384e+04 1.140389e+04
12.8 1.144195e+04 1.146283e+04 1.143422e+04 1.141335e+04
13.8 1.135433e+04 1.144325e+04 1.143449e+04 1.134557e+04
14.8 1.143492e+04 1.143404e+04 1.143466e+04 1.143554e+04
15.8 1.146402e+04 1.143885e+04 1.143814e+04 1.146330e+04
16.8 1.147183e+04 1.144143e+04 1.145069e+04 1.148109e+04
17.8 1.147650e+04 1.143021e+04 1.145511e+04 1.150140e+04
18.8 1.147435e+04 1.141313e+04 1.144945e+04 1.151068e+04
19.8 1.134811e+04 1.140031e+04 1.144224e+04 1.139003e+04
20.8 1.136931e+04 1.139359e+04 1.143728e+04 1.141300e+04
0.4 1.143492e+04 1.143404e+04 1.143466e+04 1.143554e+04
1.4 1.146402e+04 1.143885e+04 1.143814e+04 1.146330e+04
2.4 1.147183e+04 1.144143e+04 1.145069e+04 1.148109e+04
3.4 1.147650e+04 1.143021e+04 1.145511e+04 1.150140e+04
4.4 1.147435e+04 1.141313e+04 1.144945e+04 1.151068e+04
5.4 1.134811e+04 1.140031e+04 1.144224e+04 1.139003e+04
6.4 1.136931e+04 1.139359e+04 1.143728e+04 1.141300e+04
7.4 1.133184e+04 1.139109e+04 1.143455e+04 1.137530e+04
8.4 1.141416e+04 1.139097e+04 1.143330e+04 1.145648e+04
