0.6 1.077407e+04 1.072199e+04 1.074583e+04 1.079791e+04
1.6 1.082508e+04 1.071830e+04 1.075084e+04 1.085761e+04
2.6 1.077087e+04 1.073399e+04 1.077002e+04 1.080690e+04
3.6 1.075590e+04 1.075529e+04 1.079153e+04 1.079214e+04
4.6 1.077501e+04 1.076905e+04 1.079332e+04 1.079928e+04
5.6 1.073099e+04 1.077079e+04 1.077793e+04 1.073812e+04
6.6 1.087383e+04 1.075564e+04 1.076220e+04 1.088039e+04
7.6 1.073398e+04 1.074724e+04 1.076278e+04 1.074951e+04
8.6 1.069994e+04 1.075352e+04 1.077738e+04 1.072380e+04
9.6 1.074195e+04 1.075175e+04 1.078008e+04 1.077028e+04
10.6 1.087034e+04 1.073830e+04 1.076842e+04 1.090046e+04
11.6 1.076111e+04 1.072621e+04 1.075554e+04 1.079044e+04
12.6 1.067806e+04 1.073083e+04 1.074727e+04 1.069451e+04
13.6 1.068844e+04 1.074783e+04 1.074315e+04 1.068377e+04
14.6 1.073455e+04 1.075540e+04 1.074163e+04 1.072079e+04
15.6 1.087098e+04 1.074610e+04 1.074163e+04 1.086651e+04
16.6 1.079823e+04 1.073153e+04 1.074240e+04 1.080910e+04
17.6 1.072900e+04 1.072039e+04 1.074339e+04 1.075200e+04
18.6 1.061863e+04 1.071411e+04 1.074428e+04 1.064880e+04
19.6 1.074596e+04 1.071137e+04 1.074492e+04 1.077952e+04
20.6 1.072896e+04 1.071089e+04 1.074533e+04 1.076339e+04
21.6 1.081568e+04 1.071668e+04 1.074556e+04 1.084456e+04
0.1 1.073099e+04 1.077079e+04 1.077793e+04 1.073812e+04
1.1 1.087383e+04 1.075564e+04 1.076220e+04 1.088039e+04
2.1 1.073398e+04 1.074724e+04 1.076278e+04 1.074951e+04
3.1 1.069994e+04 1.075352e+04 1.077738e+04 1.072380e+04
4.1 1.074195e+04 1.075175e+04 1.078008e+04 1.077028e+04
5.1 1.087034e+04 1.073830e+04 1.076842e+04 1.090046e+04
6.1 1.076111e+04 1.072621e+04 1.075554e+04 1.079044e+04
7.1 1.067806e+04 1.073083e+04 1.074727e+04 1.069451e+04
8.1 1.068844e+04 1.074783e+04 1.074315e+04 1.068377e+04
9.1 1.073455e+04 1.075540e+04 1.074163e+04 1.072079e+04
10.1 1.087098e+04 1.074610e+04 1.074163e+04 1.086651e+04
11.1 1.079823e+04 1.073153e+04 1.074240e+04 1.080910e+04
12.1 1.072900e+04 1.072039e+04 1.074339e+04 1.075200e+04
13.1 1.061863e+04 1.071411e+04 1.074428e+04 1.064880e+04
14.1 1.074596e+04 1.071137e+04 1.074492e+04 1.077952e+04
15.1 1.072896e+04 1.071089e+04 1.074533e+04 1.076339e+04
16.1 1.081568e+04 1.071668e+04 1.074556e+04 1.084456e+04
17.1 1.072842e+04 1.073528e+04 1.074568e+04 1.073881e+04
18.1 1.072290e+04 1.074933e+04 1.074573e+04 1.071929e+04
19.1 1.080871e+04 1.074582e+04 1.074576e+04 1.080864e+04
20.1 1.076444e+04 1.073792e+04 1.074577e+04 1.077229e+04
21.1 1.076986e+04 1.074215e+04 1.074577e+04 1.077349e+04
0.4 1.071551e+04 1.076063e+04 1.074578e+04 1.070066e+04
1.4 1.080709e+04 1.075166e+04 1.074876e+04 1.080420e+04
2.4 1.068579e+04 1.075142e+04 1.076530e+04 1.069967e+04
3.4 1.067989e+04 1.076245e+04 1.078827e+04 1.070571e+04
4.4 1.086023e+04 1.077042e+04 1.079485e+04 1.088466e+04
5.4 1.086997e+04 1.077314e+04 1.078154e+04 1.087837e+04
6.4 1.086186e+04 1.076558e+04 1.076417e+04 1.086044e+04
7.4 1.078472e+04 1.075558e+04 1.075174e+04 1.078087e+04
8.4 1.079040e+04 1.075089e+04 1.074483e+04 1.078433e+04
9.4 1.084581e+04 1.075402e+04 1.074175e+04 1.083355e+04
10.4 1.074113e+04 1.074569e+04 1.074107e+04 1.073651e+04
11.4 1.082769e+04 1.073420e+04 1.074168e+04 1.083516e+04
12.4 1.066449e+04 1.075595e+04 1.074278e+04 1.065132e+04
13.4 1.088281e+04 1.080765e+04 1.074384e+04 1.081900e+04
14.4 1.093965e+04 1.083361e+04 1.074465e+04 1.085070e+04
15.4 1.065875e+04 1.080848e+04 1.074518e+04 1.059545e+04
16.4 1.076940e+04 1.076611e+04 1.074548e+04 1.074876e+04
17.4 1.060329e+04 1.073962e+04 1.074564e+04 1.060931e+04
18.4 1.064361e+04 1.074221e+04 1.074572e+04 1.064711e+04
19.4 1.081469e+04 1.075607e+04 1.074575e+04 1.080437e+04
20.4 1.069912e+04 1.076610e+04 1.074576e+04 1.067878e+04
21.4 1.083164e+04 1.076503e+04 1.074577e+04 1.081238e+04
0.5 1.073838e+04 1.075158e+04 1.074578e+04 1.073259e+04
1.5 1.072762e+04 1.074792e+04 1.074902e+04 1.072872e+04
2.5 1.075410e+04 1.075147e+04 1.076583e+04 1.076847e+04
3.5 1.080308e+04 1.076124e+04 1.078350e+04 1.082534e+04
4.5 1.087317e+04 1.076987e+04 1.078161e+04 1.088491e+04
5.5 1.067898e+04 1.076862e+04 1.076812e+04 1.067847e+04
6.5 1.077224e+04 1.078608e+04 1.075567e+04 1.074182e+04
7.5 1.076045e+04 1.081762e+04 1.074787e+04 1.069070e+04
8.5 1.087522e+04 1.082453e+04 1.074419e+04 1.079487e+04
9.5 1.087440e+04 1.080841e+04 1.075101e+04 1.081700e+04
10.5 1.078342e+04 1.079202e+04 1.077275e+04 1.076415e+04
11.5 1.071588e+04 1.078061e+04 1.079151e+04 1.072679e+04
12.5 1.064571e+04 1.077362e+04 1.078835e+04 1.066044e+04
13.5 1.070005e+04 1.076098e+04 1.077207e+04 1.071114e+04
14.5 1.070972e+04 1.074042e+04 1.075705e+04 1.072635e+04
15.5 1.068571e+04 1.072859e+04 1.074765e+04 1.070477e+04
16.5 1.073821e+04 1.073236e+04 1.074288e+04 1.074873e+04
17.5 1.077243e+04 1.074321e+04 1.074114e+04 1.077036e+04
18.5 1.077312e+04 1.074121e+04 1.074294e+04 1.077484e+04
19.5 1.084985e+04 1.074340e+04 1.075786e+04 1.086431e+04
20.5 1.063704e+04 1.075477e+04 1.077880e+04 1.066108e+04
21.5 1.079249e+04 1.076608e+04 1.078192e+04 1.080833e+04
0.9 1.087522e+04 1.082453e+04 1.074419e+04 1.079487e+04
1.9 1.087440e+04 1.080841e+04 1.075101e+04 1.081700e+04
2.9 1.078342e+04 1.079202e+04 1.077275e+04 1.076415e+04
3.9 1.071588e+04 1.078061e+04 1.079151e+04 1.072679e+04
4.9 1.064571e+04 1.077362e+04 1.078835e+04 1.066044e+04
5.9 1.070005e+04 1.076098e+04 1.077207e+04 1.071114e+04
6.9 1.070972e+04 1.074042e+04 1.075705e+04 1.072635e+04
7.9 1.068571e+04 1.072859e+04 1.074765e+04 1.070477e+04
8.9 1.073821e+04 1.073236e+04 1.074288e+04 1.074873e+04
9.9 1.077243e+04 1.074321e+04 1.074114e+04 1.077036e+04
10.9 1.077312e+04 1.074121e+04 1.074294e+04 1.077484e+04
11.9 1.084985e+04 1.074340e+04 1.075786e+04 1.086431e+04
12.9 1.063704e+04 1.075477e+04 1.077880e+04 1.066108e+04
13.9 1.079249e+04 1.076608e+04 1.078192e+04 1.080833e+04
14.9 1.074591e+04 1.076481e+04 1.077016e+04 1.075126e+04
15.9 1.073014e+04 1.074763e+04 1.075736e+04 1.073986e+04
16.9 1.079910e+04 1.072955e+04 1.074887e+04 1.081843e+04
17.9 1.076147e+04 1.072267e+04 1.074433e+04 1.078314e+04
18.9 1.076354e+04 1.072755e+04 1.074243e+04 1.077842e+04
19.9 1.070882e+04 1.073539e+04 1.074216e+04 1.071559e+04
20.9 1.081881e+04 1.074886e+04 1.074276e+04 1.081270e+04
21.9 1.082719e+04 1.075122e+04 1.074363e+04 1.081960e+04
0.3 1.077243e+04 1.074321e+04 1.074114e+04 1.077036e+04
1.3 1.077312e+04 1.074121e+04 1.074294e+04 1.077484e+04
2.3 1.084985e+04 1.074340e+04 1.075786e+04 1.086431e+04
3.3 1.063704e+04 1.075477e+04 1.077880e+04 1.066108e+04
4.3 1.079249e+04 1.076608e+04 1.078192e+04 1.080833e+04
5.3 1.074591e+04 1.076481e+04 1.077016e+04 1.075126e+04
6.3 1.073014e+04 1.074763e+04 1.075736e+04 1.073986e+04
7.3 1.079910e+04 1.072955e+04 1.074887e+04 1.081843e+04
8.3 1.076147e+04 1.072267e+04 1.074433e+04 1.078314e+04
9.3 1.076354e+04 1.072755e+04 1.074243e+04 1.077842e+04
10.3 1.070882e+04 1.073539e+04 1.074216e+04 1.071559e+04
11.3 1.081881e+04 1.074886e+04 1.074276e+04 1.081270e+04
12.3 1.082719e+04 1.075122e+04 1.074363e+04 1.081960e+04
13.3 1.077483e+04 1.074332e+04 1.074443e+04 1.077594e+04
14.3 1.075691e+04 1.074677e+04 1.074501e+04 1.075515e+04
15.3 1.069499e+04 1.075835e+04 1.074538e+04 1.068202e+04
16.3 1.084799e+04 1.076687e+04 1.074558e+04 1.082671e+04
17.3 1.090983e+04 1.076842e+04 1.074569e+04 1.088709e+04
18.3 1.082330e+04 1.075433e+04 1.074574e+04 1.081471e+04
19.3 1.078996e+04 1.074634e+04 1.074576e+04 1.078938e+04
20.3 1.067259e+04 1.075662e+04 1.074577e+04 1.066174e+04
21.3 1.082427e+04 1.076789e+04 1.074577e+04 1.080216e+04
0.5 1.064828e+04 1.073500e+04 1.074579e+04 1.065907e+04
1.5 1.072940e+04 1.073132e+04 1.074957e+04 1.074765e+04
2.5 1.070208e+04 1.074147e+04 1.076729e+04 1.072790e+04
3.5 1.073911e+04 1.075930e+04 1.078977e+04 1.076958e+04
4.5 1.074162e+04 1.076219e+04 1.079430e+04 1.077373e+04
5.5 1.066095e+04 1.074999e+04 1.078000e+04 1.069095e+04
6.5 1.073976e+04 1.074151e+04 1.076287e+04 1.076111e+04
7.5 1.077814e+04 1.074044e+04 1.075095e+04 1.078866e+04
8.5 1.081651e+04 1.074543e+04 1.074444e+04 1.081552e+04
9.5 1.069823e+04 1.075294e+04 1.074162e+04 1.068690e+04
10.5 1.070373e+04 1.074630e+04 1.074108e+04 1.069851e+04
11.5 1.063051e+04 1.074260e+04 1.074176e+04 1.062966e+04
12.5 1.082985e+04 1.075372e+04 1.074287e+04 1.081900e+04
13.5 1.064402e+04 1.076587e+04 1.074392e+04 1.062207e+04
14.5 1.073454e+04 1.076880e+04 1.074471e+04 1.071045e+04
15.5 1.082097e+04 1.075516e+04 1.074521e+04 1.081103e+04
16.5 1.085021e+04 1.074932e+04 1.074550e+04 1.084639e+04
17.5 1.071637e+04 1.075754e+04 1.074565e+04 1.070447e+04
18.5 1.076637e+04 1.076709e+04 1.074572e+04 1.074500e+04
19.5 1.077261e+04 1.076536e+04 1.074575e+04 1.075300e+04
20.5 1.068310e+04 1.074789e+04 1.074577e+04 1.068098e+04
21.5 1.068650e+04 1.072903e+04 1.074577e+04 1.070324e+04
0.5 1.067593e+04 1.076025e+04 1.074579e+04 1.066148e+04
1.5 1.085398e+04 1.075229e+04 1.074957e+04 1.085125e+04
2.5 1.075169e+04 1.075167e+04 1.076499e+04 1.076500e+04
3.5 1.078727e+04 1.075976e+04 1.077373e+04 1.080125e+04
4.5 1.081898e+04 1.076314e+04 1.076779e+04 1.082364e+04
5.5 1.062040e+04 1.075203e+04 1.076025e+04 1.062862e+04
6.5 1.072393e+04 1.074966e+04 1.076846e+04 1.074273e+04
7.5 1.070428e+04 1.076019e+04 1.078734e+04 1.073143e+04
8.5 1.091571e+04 1.076851e+04 1.079324e+04 1.094044e+04
9.5 1.087438e+04 1.077336e+04 1.078003e+04 1.088104e+04
10.5 1.074415e+04 1.077356e+04 1.076275e+04 1.073333e+04
11.5 1.076967e+04 1.077171e+04 1.075054e+04 1.074850e+04
12.5 1.071307e+04 1.077170e+04 1.074395e+04 1.068532e+04
13.5 1.072638e+04 1.076714e+04 1.074118e+04 1.070042e+04
14.5 1.073900e+04 1.075449e+04 1.074070e+04 1.072521e+04
15.5 1.068722e+04 1.073785e+04 1.074144e+04 1.069081e+04
16.5 1.067245e+04 1.072325e+04 1.074263e+04 1.069183e+04
17.5 1.075966e+04 1.071387e+04 1.074375e+04 1.078954e+04
18.5 1.065444e+04 1.070959e+04 1.074460e+04 1.068944e+04
19.5 1.079781e+04 1.071166e+04 1.074515e+04 1.083130e+04
20.5 1.077864e+04 1.072214e+04 1.074547e+04 1.080197e+04
21.5 1.071213e+04 1.073332e+04 1.074563e+04 1.072445e+04
0.4 1.081898e+04 1.076314e+04 1.076779e+04 1.082364e+04
1.4 1.062040e+04 1.075203e+04 1.076025e+04 1.062862e+04
2.4 1.072393e+04 1.074966e+04 1.076846e+04 1.074273e+04
3.4 1.070428e+04 1.076019e+04 1.078734e+04 1.073143e+04
4.4 1.091571e+04 1.076851e+04 1.079324e+04 1.094044e+04
5.4 1.087438e+04 1.077336e+04 1.078003e+04 1.088104e+04
6.4 1.074415e+04 1.077356e+04 1.076275e+04 1.073333e+04
7.4 1.076967e+04 1.077171e+04 1.075054e+04 1.074850e+04
8.4 1.071307e+04 1.077170e+04 1.074395e+04 1.068532e+04
9.4 1.072638e+04 1.076714e+04 1.074118e+04 1.070042e+04
10.4 1.073900e+04 1.075449e+04 1.074070e+04 1.072521e+04
11.4 1.068722e+04 1.073785e+04 1.074144e+04 1.069081e+04
12.4 1.067245e+04 1.072325e+04 1.074263e+04 1.069183e+04
13.4 1.075966e+04 1.071387e+04 1.074375e+04 1.078954e+04
14.4 1.065444e+04 1.070959e+04 1.074460e+04 1.068944e+04
15.4 1.079781e+04 1.071166e+04 1.074515e+04 1.083130e+04
16.4 1.077864e+04 1.072214e+04 1.074547e+04 1.080197e+04
17.4 1.071213e+04 1.073332e+04 1.074563e+04 1.072445e+04
18.4 1.069518e+04 1.073543e+04 1.074571e+04 1.070546e+04
19.4 1.081678e+04 1.073628e+04 1.074575e+04 1.082625e+04
20.4 1.074940e+04 1.075013e+04 1.074576e+04 1.074504e+04
21.4 1.068056e+04 1.075970e+04 1.074577e+04 1.066664e+04
0.5 1.079654e+04 1.072238e+04 1.074579e+04 1.081995e+04
1.5 1.064972e+04 1.071883e+04 1.074957e+04 1.068046e+04
2.5 1.070089e+04 1.073304e+04 1.076710e+04 1.073495e+04
3.5 1.073001e+04 1.075213e+04 1.078396e+04 1.076185e+04
4.5 1.081522e+04 1.076666e+04 1.078100e+04 1.082956e+04
5.5 1.076275e+04 1.076284e+04 1.076731e+04 1.076721e+04
6.5 1.069663e+04 1.074498e+04 1.075509e+04 1.070674e+04
7.5 1.073881e+04 1.072790e+04 1.074755e+04 1.075846e+04
8.5 1.069640e+04 1.071713e+04 1.074371e+04 1.072299e+04
9.5 1.076308e+04 1.071189e+04 1.074227e+04 1.079346e+04
10.5 1.070520e+04 1.072168e+04 1.074227e+04 1.072579e+04
11.5 1.067886e+04 1.076063e+04 1.074298e+04 1.066120e+04
12.5 1.067394e+04 1.077976e+04 1.074385e+04 1.063803e+04
13.5 1.068428e+04 1.076520e+04 1.074460e+04 1.066368e+04
14.5 1.067410e+04 1.074547e+04 1.074512e+04 1.067376e+04
15.5 1.064662e+04 1.074628e+04 1.074544e+04 1.064578e+04
16.5 1.056276e+04 1.075791e+04 1.074562e+04 1.055046e+04
17.5 1.086502e+04 1.076788e+04 1.074570e+04 1.084284e+04
18.5 1.084208e+04 1.076207e+04 1.074574e+04 1.082576e+04
19.5 1.075098e+04 1.074326e+04 1.074576e+04 1.075348e+04
20.5 1.068253e+04 1.072593e+04 1.074577e+04 1.070237e+04
21.5 1.075870e+04 1.071540e+04 1.074577e+04 1.078908e+04
