0.3 1.066479e+04 1.063156e+04 1.061666e+04 1.064989e+04
1.3 1.065083e+04 1.062038e+04 1.061773e+04 1.064818e+04
2.3 1.063452e+04 1.061623e+04 1.062533e+04 1.064361e+04
3.3 1.064911e+04 1.062079e+04 1.063723e+04 1.066555e+04
4.3 1.066320e+04 1.062482e+04 1.064197e+04 1.068035e+04
5.3 1.070350e+04 1.062591e+04 1.063595e+04 1.071354e+04
6.3 1.065017e+04 1.061942e+04 1.062697e+04 1.065773e+04
7.3 1.061684e+04 1.060972e+04 1.062028e+04 1.062740e+04
8.3 1.060939e+04 1.060236e+04 1.061647e+04 1.062350e+04
9.3 1.062449e+04 1.059841e+04 1.061472e+04 1.064080e+04
10.3 1.062803e+04 1.059693e+04 1.061430e+04 1.064540e+04
11.3 1.061169e+04 1.059973e+04 1.061747e+04 1.062943e+04
12.3 1.061794e+04 1.061020e+04 1.062788e+04 1.063562e+04
13.3 1.061505e+04 1.062055e+04 1.063559e+04 1.063009e+04
14.3 1.066157e+04 1.062642e+04 1.063301e+04 1.066816e+04
15.3 1.064804e+04 1.062467e+04 1.062835e+04 1.065173e+04
16.3 1.062590e+04 1.062370e+04 1.063071e+04 1.063291e+04
17.3 1.060479e+04 1.062583e+04 1.063131e+04 1.061027e+04
18.3 1.060531e+04 1.062533e+04 1.062633e+04 1.060631e+04
19.3 1.062266e+04 1.061966e+04 1.062066e+04 1.062367e+04
20.3 1.062344e+04 1.062422e+04 1.061702e+04 1.061624e+04
21.3 1.064105e+04 1.063744e+04 1.061530e+04 1.061891e+04
0.7 1.062803e+04 1.059693e+04 1.061430e+04 1.064540e+04
1.7 1.061169e+04 1.059973e+04 1.061747e+04 1.062943e+04
2.7 1.061794e+04 1.061020e+04 1.062788e+04 1.063562e+04
3.7 1.061505e+04 1.062055e+04 1.063559e+04 1.063009e+04
4.7 1.066157e+04 1.062642e+04 1.063301e+04 1.066816e+04
5.7 1.064804e+04 1.062467e+04 1.062835e+04 1.065173e+04
6.7 1.062590e+04 1.062370e+04 1.063071e+04 1.063291e+04
7.7 1.060479e+04 1.062583e+04 1.063131e+04 1.061027e+04
8.7 1.060531e+04 1.062533e+04 1.062633e+04 1.060631e+04
9.7 1.062266e+04 1.061966e+04 1.062066e+04 1.062367e+04
10.7 1.062344e+04 1.062422e+04 1.061702e+04 1.061624e+04
11.7 1.064105e+04 1.063744e+04 1.061530e+04 1.061891e+04
12.7 1.067488e+04 1.064383e+04 1.061475e+04 1.064581e+04
13.7 1.067619e+04 1.064105e+04 1.061483e+04 1.064996e+04
14.7 1.061698e+04 1.063301e+04 1.061520e+04 1.059916e+04
15.7 1.060565e+04 1.062610e+04 1.061564e+04 1.059519e+04
16.7 1.065024e+04 1.062218e+04 1.061602e+04 1.064407e+04
17.7 1.066185e+04 1.062153e+04 1.061630e+04 1.065661e+04
18.7 1.061041e+04 1.061550e+04 1.061647e+04 1.061138e+04
19.7 1.060449e+04 1.060735e+04 1.061657e+04 1.061370e+04
20.7 1.060076e+04 1.060553e+04 1.061662e+04 1.061185e+04
21.7 1.062899e+04 1.061012e+04 1.061664e+04 1.063551e+04
0.6 1.066157e+04 1.062642e+04 1.063301e+04 1.066816e+04
1.6 1.064804e+04 1.062467e+04 1.062835e+04 1.065173e+04
2.6 1.062590e+04 1.062370e+04 1.063071e+04 1.063291e+04
3.6 1.060479e+04 1.062583e+04 1.063131e+04 1.061027e+04
4.6 1.060531e+04 1.062533e+04 1.062633e+04 1.060631e+04
5.6 1.062266e+04 1.061966e+04 1.062066e+04 1.062367e+04
6.6 1.062344e+04 1.062422e+04 1.061702e+04 1.061624e+04
7.6 1.064105e+04 1.063744e+04 1.061530e+04 1.061891e+04
8.6 1.067488e+04 1.064383e+04 1.061475e+04 1.064581e+04
9.6 1.067619e+04 1.064105e+04 1.061483e+04 1.064996e+04
10.6 1.061698e+04 1.063301e+04 1.061520e+04 1.059916e+04
11.6 1.060565e+04 1.062610e+04 1.061564e+04 1.059519e+04
12.6 1.065024e+04 1.062218e+04 1.061602e+04 1.064407e+04
13.6 1.066185e+04 1.062153e+04 1.061630e+04 1.065661e+04
14.6 1.061041e+04 1.061550e+04 1.061647e+04 1.061138e+04
15.6 1.060449e+04 1.060735e+04 1.061657e+04 1.061370e+04
16.6 1.060076e+04 1.060553e+04 1.061662e+04 1.061185e+04
17.6 1.062899e+04 1.061012e+04 1.061664e+04 1.063551e+04
18.6 1.064683e+04 1.061509e+04 1.061666e+04 1.064840e+04
19.6 1.063138e+04 1.061996e+04 1.061666e+04 1.062808e+04
20.6 1.060481e+04 1.061779e+04 1.061666e+04 1.060368e+04
21.6 1.058709e+04 1.061333e+04 1.061666e+04 1.059042e+04
0.2 1.056003e+04 1.061123e+04 1.061666e+04 1.056547e+04
1.2 1.059839e+04 1.060457e+04 1.061746e+04 1.061128e+04
2.2 1.058884e+04 1.060716e+04 1.062438e+04 1.060607e+04
3.2 1.060613e+04 1.061608e+04 1.063475e+04 1.062479e+04
4.2 1.065183e+04 1.062412e+04 1.063643e+04 1.066414e+04
5.2 1.064170e+04 1.062869e+04 1.063361e+04 1.064662e+04
6.2 1.063468e+04 1.062982e+04 1.063473e+04 1.063960e+04
7.2 1.062641e+04 1.063047e+04 1.063222e+04 1.062816e+04
8.2 1.061124e+04 1.062601e+04 1.062564e+04 1.061086e+04
9.2 1.059780e+04 1.061547e+04 1.061974e+04 1.060207e+04
10.2 1.059412e+04 1.060568e+04 1.061628e+04 1.060472e+04
11.2 1.063099e+04 1.059991e+04 1.061479e+04 1.064587e+04
12.2 1.063180e+04 1.060122e+04 1.061444e+04 1.064502e+04
13.2 1.063606e+04 1.061032e+04 1.061469e+04 1.064043e+04
14.2 1.062460e+04 1.061927e+04 1.061517e+04 1.062050e+04
15.2 1.065263e+04 1.062660e+04 1.061566e+04 1.064169e+04
16.2 1.062910e+04 1.063611e+04 1.061606e+04 1.060904e+04
17.2 1.062115e+04 1.064384e+04 1.061633e+04 1.059364e+04
18.2 1.063555e+04 1.064375e+04 1.061649e+04 1.060829e+04
19.2 1.061699e+04 1.063399e+04 1.061658e+04 1.059958e+04
20.2 1.059673e+04 1.062342e+04 1.061663e+04 1.058994e+04
21.2 1.059239e+04 1.061816e+04 1.061665e+04 1.059088e+04
0.8 1.065183e+04 1.062412e+04 1.063643e+04 1.066414e+04
1.8 1.064170e+04 1.062869e+04 1.063361e+04 1.064662e+04
2.8 1.063468e+04 1.062982e+04 1.063473e+04 1.063960e+04
3.8 1.062641e+04 1.063047e+04 1.063222e+04 1.062816e+04
4.8 1.061124e+04 1.062601e+04 1.062564e+04 1.061086e+04
5.8 1.059780e+04 1.061547e+04 1.061974e+04 1.060207e+04
6.8 1.059412e+04 1.060568e+04 1.061628e+04 1.060472e+04
7.8 1.063099e+04 1.059991e+04 1.061479e+04 1.064587e+04
8.8 1.063180e+04 1.060122e+04 1.061444e+04 1.064502e+04
9.8 1.063606e+04 1.061032e+04 1.061469e+04 1.064043e+04
10.8 1.062460e+04 1.061927e+04 1.061517e+04 1.062050e+04
11.8 1.065263e+04 1.062660e+04 1.061566e+04 1.064169e+04
12.8 1.062910e+04 1.063611e+04 1.061606e+04 1.060904e+04
13.8 1.062115e+04 1.064384e+04 1.061633e+04 1.059364e+04
14.8 1.063555e+04 1.064375e+04 1.061649e+04 1.060829e+04
15.8 1.061699e+04 1.063399e+04 1.061658e+04 1.059958e+04
16.8 1.059673e+04 1.062342e+04 1.061663e+04 1.058994e+04
17.8 1.059239e+04 1.061816e+04 1.061665e+04 1.059088e+04
18.8 1.063161e+04 1.061931e+04 1.061666e+04 1.062896e+04
19.8 1.065460e+04 1.062548e+04 1.061666e+04 1.064578e+04
20.8 1.062748e+04 1.063704e+04 1.061666e+04 1.060710e+04
21.8 1.063020e+04 1.064587e+04 1.061666e+04 1.060100e+04
0.6 1.059139e+04 1.061976e+04 1.061668e+04 1.058832e+04
1.6 1.057864e+04 1.061494e+04 1.061891e+04 1.058262e+04
2.6 1.059165e+04 1.061708e+04 1.062834e+04 1.060291e+04
3.6 1.062273e+04 1.062386e+04 1.063969e+04 1.063855e+04
4.6 1.064714e+04 1.062826e+04 1.064152e+04 1.066039e+04
5.6 1.064701e+04 1.062826e+04 1.063395e+04 1.065271e+04
6.6 1.061527e+04 1.062029e+04 1.062519e+04 1.062017e+04
7.6 1.060243e+04 1.061503e+04 1.061916e+04 1.060656e+04
8.6 1.057036e+04 1.061845e+04 1.061589e+04 1.056780e+04
9.6 1.063112e+04 1.062304e+04 1.061449e+04 1.062257e+04
10.6 1.067382e+04 1.062664e+04 1.061425e+04 1.066142e+04
11.6 1.063904e+04 1.062602e+04 1.061461e+04 1.062763e+04
12.6 1.061906e+04 1.062308e+04 1.061519e+04 1.061116e+04
13.6 1.062038e+04 1.062351e+04 1.061573e+04 1.061260e+04
14.6 1.062935e+04 1.062008e+04 1.061613e+04 1.062539e+04
15.6 1.063801e+04 1.061198e+04 1.061689e+04 1.064292e+04
16.6 1.062379e+04 1.061021e+04 1.062307e+04 1.063664e+04
17.6 1.061966e+04 1.061646e+04 1.063366e+04 1.063686e+04
18.6 1.062999e+04 1.062328e+04 1.063635e+04 1.064306e+04
19.6 1.061887e+04 1.062475e+04 1.063059e+04 1.062471e+04
20.6 1.060203e+04 1.061808e+04 1.062363e+04 1.060759e+04
21.6 1.059537e+04 1.061343e+04 1.061884e+04 1.060078e+04
0.1 1.062935e+04 1.062008e+04 1.061613e+04 1.062539e+04
1.1 1.063801e+04 1.061198e+04 1.061689e+04 1.064292e+04
2.1 1.062379e+04 1.061021e+04 1.062307e+04 1.063664e+04
3.1 1.061966e+04 1.061646e+04 1.063366e+04 1.063686e+04
4.1 1.062999e+04 1.062328e+04 1.063635e+04 1.064306e+04
5.1 1.061887e+04 1.062475e+04 1.063059e+04 1.062471e+04
6.1 1.060203e+04 1.061808e+04 1.062363e+04 1.060759e+04
7.1 1.059537e+04 1.061343e+04 1.061884e+04 1.060078e+04
8.1 1.062092e+04 1.061480e+04 1.061622e+04 1.062234e+04
9.1 1.060144e+04 1.061898e+04 1.061506e+04 1.059751e+04
10.1 1.063814e+04 1.061576e+04 1.061481e+04 1.063720e+04
11.1 1.064630e+04 1.060953e+04 1.061507e+04 1.065184e+04
12.1 1.064154e+04 1.060871e+04 1.061551e+04 1.064834e+04
13.1 1.060950e+04 1.061393e+04 1.061592e+04 1.061149e+04
14.1 1.060940e+04 1.061867e+04 1.061624e+04 1.060698e+04
15.1 1.061660e+04 1.061484e+04 1.061644e+04 1.061820e+04
16.1 1.063077e+04 1.060774e+04 1.061655e+04 1.063959e+04
17.1 1.065266e+04 1.060237e+04 1.061661e+04 1.066691e+04
18.1 1.064409e+04 1.059946e+04 1.061664e+04 1.066127e+04
19.1 1.062167e+04 1.059876e+04 1.061665e+04 1.063956e+04
20.1 1.061435e+04 1.060305e+04 1.061666e+04 1.062796e+04
21.1 1.064094e+04 1.061048e+04 1.061666e+04 1.064713e+04
0.1 1.066817e+04 1.062775e+04 1.061666e+04 1.065709e+04
1.1 1.065293e+04 1.062893e+04 1.061712e+04 1.064112e+04
2.1 1.062322e+04 1.062868e+04 1.062269e+04 1.061723e+04
3.1 1.060057e+04 1.062782e+04 1.062984e+04 1.060259e+04
4.1 1.060209e+04 1.062710e+04 1.062945e+04 1.060444e+04
5.1 1.062077e+04 1.062061e+04 1.062490e+04 1.062506e+04
6.1 1.061211e+04 1.061529e+04 1.062528e+04 1.062210e+04
7.1 1.058668e+04 1.061668e+04 1.063015e+04 1.060015e+04
8.1 1.061750e+04 1.062089e+04 1.062921e+04 1.062581e+04
9.1 1.066841e+04 1.062176e+04 1.062403e+04 1.067067e+04
10.1 1.067242e+04 1.062898e+04 1.061940e+04 1.066285e+04
11.1 1.066291e+04 1.064113e+04 1.061670e+04 1.063848e+04
12.1 1.065154e+04 1.064511e+04 1.061545e+04 1.062188e+04
13.1 1.062902e+04 1.064014e+04 1.061507e+04 1.060396e+04
14.1 1.061029e+04 1.063155e+04 1.061518e+04 1.059392e+04
15.1 1.059764e+04 1.062484e+04 1.061551e+04 1.058831e+04
16.1 1.062798e+04 1.062170e+04 1.061588e+04 1.062216e+04
17.1 1.066517e+04 1.062088e+04 1.061618e+04 1.066048e+04
18.1 1.063874e+04 1.061465e+04 1.061640e+04 1.064048e+04
19.1 1.062604e+04 1.061093e+04 1.061653e+04 1.063165e+04
20.1 1.057977e+04 1.061501e+04 1.061660e+04 1.058136e+04
21.1 1.057846e+04 1.062098e+04 1.061663e+04 1.057411e+04
1.0 1.062077e+04 1.062061e+04 1.062490e+04 1.062506e+04
2.0 1.061211e+04 1.061529e+04 1.062528e+04 1.062210e+04
3.0 1.058668e+04 1.061668e+04 1.063015e+04 1.060015e+04
4.0 1.061750e+04 1.062089e+04 1.062921e+04 1.062581e+04
5.0 1.066841e+04 1.062176e+04 1.062403e+04 1.067067e+04
6.0 1.067242e+04 1.062898e+04 1.061940e+04 1.066285e+04
7.0 1.066291e+04 1.064113e+04 1.061670e+04 1.063848e+04
8.0 1.065154e+04 1.064511e+04 1.061545e+04 1.062188e+04
9.0 1.062902e+04 1.064014e+04 1.061507e+04 1.060396e+04
10.0 1.061029e+04 1.063155e+04 1.061518e+04 1.059392e+04
11.0 1.059764e+04 1.062484e+04 1.061551e+04 1.058831e+04
12.0 1.062798e+04 1.062170e+04 1.061588e+04 1.062216e+04
13.0 1.066517e+04 1.062088e+04 1.061618e+04 1.066048e+04
14.0 1.063874e+04 1.061465e+04 1.061640e+04 1.064048e+04
15.0 1.062604e+04 1.061093e+04 1.061653e+04 1.063165e+04
16.0 1.057977e+04 1.061501e+04 1.061660e+04 1.058136e+04
17.0 1.057846e+04 1.062098e+04 1.061663e+04 1.057411e+04
18.0 1.069202e+04 1.062363e+04 1.061665e+04 1.068504e+04
19.0 1.069098e+04 1.061810e+04 1.061666e+04 1.068954e+04
20.0 1.063011e+04 1.061536e+04 1.061666e+04 1.063140e+04
21.0 1.057034e+04 1.061881e+04 1.061666e+04 1.056818e+04
22.0 1.053902e+04 1.062370e+04 1.061666e+04 1.053198e+04
0.4 1.062423e+04 1.064356e+04 1.061666e+04 1.059734e+04
1.4 1.064350e+04 1.064147e+04 1.061795e+04 1.061999e+04
2.4 1.060961e+04 1.063637e+04 1.062595e+04 1.059919e+04
3.4 1.059472e+04 1.063223e+04 1.063568e+04 1.059816e+04
4.4 1.059736e+04 1.062995e+04 1.063575e+04 1.060315e+04
5.4 1.060309e+04 1.062677e+04 1.062901e+04 1.060533e+04
6.4 1.061790e+04 1.062219e+04 1.062235e+04 1.061806e+04
7.4 1.061346e+04 1.062105e+04 1.061806e+04 1.061048e+04
8.4 1.061209e+04 1.061708e+04 1.061581e+04 1.061083e+04
9.4 1.060425e+04 1.060902e+04 1.061490e+04 1.061013e+04
10.4 1.060308e+04 1.060212e+04 1.061481e+04 1.061577e+04
11.4 1.061665e+04 1.060041e+04 1.061514e+04 1.063138e+04
12.4 1.062826e+04 1.060580e+04 1.061560e+04 1.063806e+04
13.4 1.062303e+04 1.061280e+04 1.061600e+04 1.062623e+04
14.4 1.062303e+04 1.061904e+04 1.061629e+04 1.062029e+04
15.4 1.059953e+04 1.062406e+04 1.061647e+04 1.059194e+04
16.4 1.060125e+04 1.062757e+04 1.061657e+04 1.059025e+04
17.4 1.061971e+04 1.062876e+04 1.061662e+04 1.060757e+04
18.4 1.062510e+04 1.062833e+04 1.061665e+04 1.061341e+04
19.4 1.061173e+04 1.062111e+04 1.061666e+04 1.060728e+04
20.4 1.057345e+04 1.061074e+04 1.061666e+04 1.057937e+04
21.4 1.057348e+04 1.060605e+04 1.061666e+04 1.058409e+04
