0.5 1.229374e+04 1.225539e+04 1.226658e+04 1.230492e+04
1.5 1.230918e+04 1.225641e+04 1.227189e+04 1.232467e+04
2.5 1.232538e+04 1.227015e+04 1.228459e+04 1.233982e+04
3.5 1.228966e+04 1.227412e+04 1.228683e+04 1.230237e+04
4.5 1.224967e+04 1.226794e+04 1.228150e+04 1.226323e+04
5.5 1.232506e+04 1.227313e+04 1.228577e+04 1.233771e+04
6.5 1.235137e+04 1.227956e+04 1.228936e+04 1.236117e+04
7.5 1.233113e+04 1.227587e+04 1.228310e+04 1.233836e+04
8.5 1.227493e+04 1.226871e+04 1.227441e+04 1.228064e+04
9.5 1.228628e+04 1.226729e+04 1.226838e+04 1.228737e+04
10.5 1.227211e+04 1.227958e+04 1.226530e+04 1.225782e+04
11.5 1.232598e+04 1.229561e+04 1.226434e+04 1.229472e+04
12.5 1.234061e+04 1.230478e+04 1.227229e+04 1.230812e+04
13.5 1.236555e+04 1.230420e+04 1.228416e+04 1.234551e+04
14.5 1.235636e+04 1.229156e+04 1.228418e+04 1.234899e+04
15.5 1.233336e+04 1.228514e+04 1.227742e+04 1.232564e+04
16.5 1.230036e+04 1.229069e+04 1.227122e+04 1.228089e+04
17.5 1.231593e+04 1.229471e+04 1.226741e+04 1.228862e+04
18.5 1.232749e+04 1.229065e+04 1.226545e+04 1.230229e+04
19.5 1.232592e+04 1.227980e+04 1.226470e+04 1.231082e+04
20.5 1.230473e+04 1.227502e+04 1.226468e+04 1.229439e+04
0.1 1.228966e+04 1.227412e+04 1.228683e+04 1.230237e+04
1.1 1.224967e+04 1.226794e+04 1.228150e+04 1.226323e+04
2.1 1.232506e+04 1.227313e+04 1.228577e+04 1.233771e+04
3.1 1.235137e+04 1.227956e+04 1.228936e+04 1.236117e+04
4.1 1.233113e+04 1.227587e+04 1.228310e+04 1.233836e+04
5.1 1.227493e+04 1.226871e+04 1.227441e+04 1.228064e+04
6.1 1.228628e+04 1.226729e+04 1.226838e+04 1.228737e+04
7.1 1.227211e+04 1.227958e+04 1.226530e+04 1.225782e+04
8.1 1.232598e+04 1.229561e+04 1.226434e+04 1.229472e+04
9.1 1.234061e+04 1.230478e+04 1.227229e+04 1.230812e+04
10.1 1.236555e+04 1.230420e+04 1.228416e+04 1.234551e+04
11.1 1.235636e+04 1.229156e+04 1.228418e+04 1.234899e+04
12.1 1.233336e+04 1.228514e+04 1.227742e+04 1.232564e+04
13.1 1.230036e+04 1.229069e+04 1.227122e+04 1.228089e+04
14.1 1.231593e+04 1.229471e+04 1.226741e+04 1.228862e+04
15.1 1.232749e+04 1.229065e+04 1.226545e+04 1.230229e+04
16.1 1.232592e+04 1.227980e+04 1.226470e+04 1.231082e+04
17.1 1.230473e+04 1.227502e+04 1.226468e+04 1.229439e+04
18.1 1.231467e+04 1.227833e+04 1.226505e+04 1.230139e+04
19.1 1.232873e+04 1.228202e+04 1.226551e+04 1.231223e+04
20.1 1.238585e+04 1.228420e+04 1.226591e+04 1.236755e+04
0.8 1.232598e+04 1.229561e+04 1.226434e+04 1.229472e+04
1.8 1.234061e+04 1.230478e+04 1.227229e+04 1.230812e+04
2.8 1.236555e+04 1.230420e+04 1.228416e+04 1.234551e+04
3.8 1.235636e+04 1.229156e+04 1.228418e+04 1.234899e+04
4.8 1.233336e+04 1.228514e+04 1.227742e+04 1.232564e+04
5.8 1.230036e+04 1.229069e+04 1.227122e+04 1.228089e+04
6.8 1.231593e+04 1.229471e+04 1.226741e+04 1.228862e+04
7.8 1.232749e+04 1.229065e+04 1.226545e+04 1.230229e+04
8.8 1.232592e+04 1.227980e+04 1.226470e+04 1.231082e+04
9.8 1.230473e+04 1.227502e+04 1.226468e+04 1.229439e+04
10.8 1.231467e+04 1.227833e+04 1.226505e+04 1.230139e+04
11.8 1.232873e+04 1.228202e+04 1.226551e+04 1.231223e+04
12.8 1.238585e+04 1.228420e+04 1.226591e+04 1.236755e+04
13.8 1.234857e+04 1.227891e+04 1.226619e+04 1.233584e+04
14.8 1.230902e+04 1.226989e+04 1.226636e+04 1.230549e+04
15.8 1.227411e+04 1.226283e+04 1.226646e+04 1.227773e+04
16.8 1.227885e+04 1.225897e+04 1.226650e+04 1.228638e+04
17.8 1.229932e+04 1.225748e+04 1.226653e+04 1.230837e+04
18.8 1.228637e+04 1.225986e+04 1.226653e+04 1.229305e+04
19.8 1.228560e+04 1.226904e+04 1.226654e+04 1.228309e+04
20.8 1.228726e+04 1.227854e+04 1.226654e+04 1.227526e+04
0.8 1.227829e+04 1.228266e+04 1.226689e+04 1.226252e+04
1.8 1.227066e+04 1.228728e+04 1.227565e+04 1.225903e+04
2.8 1.226799e+04 1.229069e+04 1.228663e+04 1.226393e+04
3.8 1.229381e+04 1.228510e+04 1.228540e+04 1.229411e+04
4.8 1.229395e+04 1.228682e+04 1.227798e+04 1.228510e+04
5.8 1.230290e+04 1.229693e+04 1.227154e+04 1.227751e+04
6.8 1.234248e+04 1.230354e+04 1.227324e+04 1.231219e+04
7.8 1.235949e+04 1.230326e+04 1.228383e+04 1.234006e+04
8.8 1.229699e+04 1.228739e+04 1.228492e+04 1.229452e+04
9.8 1.226382e+04 1.226597e+04 1.227819e+04 1.227603e+04
10.8 1.229978e+04 1.225787e+04 1.227681e+04 1.231872e+04
11.8 1.234669e+04 1.226737e+04 1.228539e+04 1.236471e+04
12.8 1.228773e+04 1.227129e+04 1.228558e+04 1.230202e+04
13.8 1.225450e+04 1.226687e+04 1.227817e+04 1.226580e+04
14.8 1.221606e+04 1.225749e+04 1.227105e+04 1.222962e+04
15.8 1.225149e+04 1.224652e+04 1.226679e+04 1.227176e+04
16.8 1.229532e+04 1.224362e+04 1.226480e+04 1.231650e+04
17.8 1.228156e+04 1.225538e+04 1.226416e+04 1.229034e+04
18.8 1.226535e+04 1.226473e+04 1.226428e+04 1.226490e+04
19.8 1.224161e+04 1.226638e+04 1.226475e+04 1.223998e+04
20.8 1.225889e+04 1.226560e+04 1.226531e+04 1.225861e+04
0.6 1.230290e+04 1.229693e+04 1.227154e+04 1.227751e+04
1.6 1.234248e+04 1.230354e+04 1.227324e+04 1.231219e+04
2.6 1.235949e+04 1.230326e+04 1.228383e+04 1.234006e+04
3.6 1.229699e+04 1.228739e+04 1.228492e+04 1.229452e+04
4.6 1.226382e+04 1.226597e+04 1.227819e+04 1.227603e+04
5.6 1.229978e+04 1.225787e+04 1.227681e+04 1.231872e+04
6.6 1.234669e+04 1.226737e+04 1.228539e+04 1.236471e+04
7.6 1.228773e+04 1.227129e+04 1.228558e+04 1.230202e+04
8.6 1.225450e+04 1.226687e+04 1.227817e+04 1.226580e+04
9.6 1.221606e+04 1.225749e+04 1.227105e+04 1.222962e+04
10.6 1.225149e+04 1.224652e+04 1.226679e+04 1.227176e+04
11.6 1.229532e+04 1.224362e+04 1.226480e+04 1.231650e+04
12.6 1.228156e+04 1.225538e+04 1.226416e+04 1.229034e+04
13.6 1.226535e+04 1.226473e+04 1.226428e+04 1.226490e+04
14.6 1.224161e+04 1.226638e+04 1.226475e+04 1.223998e+04
15.6 1.225889e+04 1.226560e+04 1.226531e+04 1.225861e+04
16.6 1.225267e+04 1.226521e+04 1.226620e+04 1.225367e+04
17.6 1.230168e+04 1.227312e+04 1.227563e+04 1.230419e+04
18.6 1.231317e+04 1.228237e+04 1.228655e+04 1.231734e+04
19.6 1.226576e+04 1.227969e+04 1.228512e+04 1.227119e+04
20.6 1.224613e+04 1.227015e+04 1.227771e+04 1.225369e+04
0.5 1.226382e+04 1.226597e+04 1.227819e+04 1.227603e+04
1.5 1.229978e+04 1.225787e+04 1.227681e+04 1.231872e+04
2.5 1.234669e+04 1.226737e+04 1.228539e+04 1.236471e+04
3.5 1.228773e+04 1.227129e+04 1.228558e+04 1.230202e+04
4.5 1.225450e+04 1.226687e+04 1.227817e+04 1.226580e+04
5.5 1.221606e+04 1.225749e+04 1.227105e+04 1.222962e+04
6.5 1.225149e+04 1.224652e+04 1.226679e+04 1.227176e+04
7.5 1.229532e+04 1.224362e+04 1.226480e+04 1.231650e+04
8.5 1.228156e+04 1.225538e+04 1.226416e+04 1.229034e+04
9.5 1.226535e+04 1.226473e+04 1.226428e+04 1.226490e+04
10.5 1.224161e+04 1.226638e+04 1.226475e+04 1.223998e+04
11.5 1.225889e+04 1.226560e+04 1.226531e+04 1.225861e+04
12.5 1.225267e+04 1.226521e+04 1.226620e+04 1.225367e+04
13.5 1.230168e+04 1.227312e+04 1.227563e+04 1.230419e+04
14.5 1.231317e+04 1.228237e+04 1.228655e+04 1.231734e+04
15.5 1.226576e+04 1.227969e+04 1.228512e+04 1.227119e+04
16.5 1.224613e+04 1.227015e+04 1.227771e+04 1.225369e+04
17.5 1.219586e+04 1.225713e+04 1.227132e+04 1.221006e+04
18.5 1.224448e+04 1.224871e+04 1.226746e+04 1.226323e+04
19.5 1.230676e+04 1.225572e+04 1.226549e+04 1.231653e+04
20.5 1.228139e+04 1.226017e+04 1.226474e+04 1.228596e+04
0.9 1.225267e+04 1.226521e+04 1.226620e+04 1.225367e+04
1.9 1.230168e+04 1.227312e+04 1.227563e+04 1.230419e+04
2.9 1.231317e+04 1.228237e+04 1.228655e+04 1.231734e+04
3.9 1.226576e+04 1.227969e+04 1.228512e+04 1.227119e+04
4.9 1.224613e+04 1.227015e+04 1.227771e+04 1.225369e+04
5.9 1.219586e+04 1.225713e+04 1.227132e+04 1.221006e+04
6.9 1.224448e+04 1.224871e+04 1.226746e+04 1.226323e+04
7.9 1.230676e+04 1.225572e+04 1.226549e+04 1.231653e+04
8.9 1.228139e+04 1.226017e+04 1.226474e+04 1.228596e+04
9.9 1.225686e+04 1.225326e+04 1.226473e+04 1.226834e+04
10.9 1.221510e+04 1.224781e+04 1.226510e+04 1.223239e+04
11.9 1.226240e+04 1.225705e+04 1.226555e+04 1.227090e+04
12.9 1.227993e+04 1.226643e+04 1.226594e+04 1.227945e+04
13.9 1.223812e+04 1.226771e+04 1.226621e+04 1.223662e+04
14.9 1.228426e+04 1.226619e+04 1.226637e+04 1.228445e+04
15.9 1.226018e+04 1.227008e+04 1.226646e+04 1.225656e+04
16.9 1.227264e+04 1.227828e+04 1.226708e+04 1.226144e+04
17.9 1.234389e+04 1.228856e+04 1.227684e+04 1.233217e+04
18.9 1.233516e+04 1.229573e+04 1.228700e+04 1.232644e+04
19.9 1.230873e+04 1.229553e+04 1.228602e+04 1.229922e+04
20.9 1.231278e+04 1.229695e+04 1.228963e+04 1.230547e+04
0.9 1.227264e+04 1.227828e+04 1.226708e+04 1.226144e+04
1.9 1.234389e+04 1.228856e+04 1.227684e+04 1.233217e+04
2.9 1.233516e+04 1.229573e+04 1.228700e+04 1.232644e+04
3.9 1.230873e+04 1.229553e+04 1.228602e+04 1.229922e+04
4.9 1.231278e+04 1.229695e+04 1.228963e+04 1.230547e+04
5.9 1.228799e+04 1.229356e+04 1.229193e+04 1.228635e+04
6.9 1.227347e+04 1.228123e+04 1.228466e+04 1.227690e+04
7.9 1.224754e+04 1.226878e+04 1.227516e+04 1.225391e+04
8.9 1.228358e+04 1.226093e+04 1.226856e+04 1.229120e+04
9.9 1.230427e+04 1.225759e+04 1.226515e+04 1.231183e+04
10.9 1.229243e+04 1.225738e+04 1.226384e+04 1.229890e+04
11.9 1.227556e+04 1.226202e+04 1.226373e+04 1.227727e+04
12.9 1.230296e+04 1.227331e+04 1.226420e+04 1.229385e+04
13.9 1.228153e+04 1.228810e+04 1.226487e+04 1.225830e+04
14.9 1.227824e+04 1.229991e+04 1.226730e+04 1.224563e+04
15.9 1.228147e+04 1.230621e+04 1.227977e+04 1.225503e+04
16.9 1.225847e+04 1.229920e+04 1.228721e+04 1.224648e+04
17.9 1.223260e+04 1.227817e+04 1.228290e+04 1.223734e+04
18.9 1.222771e+04 1.225798e+04 1.227642e+04 1.224615e+04
19.9 1.227848e+04 1.225997e+04 1.228175e+04 1.230025e+04
20.9 1.231409e+04 1.227592e+04 1.228748e+04 1.232564e+04
0.1 1.233516e+04 1.229573e+04 1.228700e+04 1.232644e+04
1.1 1.230873e+04 1.229553e+04 1.228602e+04 1.229922e+04
2.1 1.231278e+04 1.229695e+04 1.228963e+04 1.230547e+04
3.1 1.228799e+04 1.229356e+04 1.229193e+04 1.228635e+04
4.1 1.227347e+04 1.228123e+04 1.228466e+04 1.227690e+04
5.1 1.224754e+04 1.226878e+04 1.227516e+04 1.225391e+04
6.1 1.228358e+04 1.226093e+04 1.226856e+04 1.229120e+04
7.1 1.230427e+04 1.225759e+04 1.226515e+04 1.231183e+04
8.1 1.229243e+04 1.225738e+04 1.226384e+04 1.229890e+04
9.1 1.227556e+04 1.226202e+04 1.226373e+04 1.227727e+04
10.1 1.230296e+04 1.227331e+04 1.226420e+04 1.229385e+04
11.1 1.228153e+04 1.228810e+04 1.226487e+04 1.225830e+04
12.1 1.227824e+04 1.229991e+04 1.226730e+04 1.224563e+04
13.1 1.228147e+04 1.230621e+04 1.227977e+04 1.225503e+04
14.1 1.225847e+04 1.229920e+04 1.228721e+04 1.224648e+04
15.1 1.223260e+04 1.227817e+04 1.228290e+04 1.223734e+04
16.1 1.222771e+04 1.225798e+04 1.227642e+04 1.224615e+04
17.1 1.227848e+04 1.225997e+04 1.228175e+04 1.230025e+04
18.1 1.231409e+04 1.227592e+04 1.228748e+04 1.232564e+04
19.1 1.229073e+04 1.229337e+04 1.228270e+04 1.228006e+04
20.1 1.229371e+04 1.230451e+04 1.227564e+04 1.226483e+04
0.2 1.228153e+04 1.228810e+04 1.226487e+04 1.225830e+04
1.2 1.227824e+04 1.229991e+04 1.226730e+04 1.224563e+04
2.2 1.228147e+04 1.230621e+04 1.227977e+04 1.225503e+04
3.2 1.225847e+04 1.229920e+04 1.228721e+04 1.224648e+04
4.2 1.223260e+04 1.227817e+04 1.228290e+04 1.223734e+04
5.2 1.222771e+04 1.225798e+04 1.227642e+04 1.224615e+04
6.2 1.227848e+04 1.225997e+04 1.228175e+04 1.230025e+04
7.2 1.231409e+04 1.227592e+04 1.228748e+04 1.232564e+04
8.2 1.229073e+04 1.229337e+04 1.228270e+04 1.228006e+04
9.2 1.229371e+04 1.230451e+04 1.227564e+04 1.226483e+04
10.2 1.228177e+04 1.230885e+04 1.228070e+04 1.225362e+04
11.2 1.230663e+04 1.230254e+04 1.228653e+04 1.229062e+04
12.2 1.227717e+04 1.228563e+04 1.228199e+04 1.227352e+04
13.2 1.228586e+04 1.226692e+04 1.227424e+04 1.229318e+04
14.2 1.225701e+04 1.226139e+04 1.227526e+04 1.227088e+04
15.2 1.225385e+04 1.227004e+04 1.228451e+04 1.226832e+04
16.2 1.223056e+04 1.227317e+04 1.228410e+04 1.224149e+04
17.2 1.228043e+04 1.227949e+04 1.227688e+04 1.227783e+04
18.2 1.229343e+04 1.229136e+04 1.227112e+04 1.227319e+04
19.2 1.230502e+04 1.230085e+04 1.227765e+04 1.228182e+04
20.2 1.225782e+04 1.229946e+04 1.228545e+04 1.224380e+04
1.0 1.222771e+04 1.225798e+04 1.227642e+04 1.224615e+04
2.0 1.227848e+04 1.225997e+04 1.228175e+04 1.230025e+04
3.0 1.231409e+04 1.227592e+04 1.228748e+04 1.232564e+04
4.0 1.229073e+04 1.229337e+04 1.228270e+04 1.228006e+04
5.0 1.229371e+04 1.230451e+04 1.227564e+04 1.226483e+04
6.0 1.228177e+04 1.230885e+04 1.228070e+04 1.225362e+04
7.0 1.230663e+04 1.230254e+04 1.228653e+04 1.229062e+04
8.0 1.227717e+04 1.228563e+04 1.228199e+04 1.227352e+04
9.0 1.228586e+04 1.226692e+04 1.227424e+04 1.229318e+04
10.0 1.225701e+04 1.226139e+04 1.227526e+04 1.227088e+04
11.0 1.225385e+04 1.227004e+04 1.228451e+04 1.226832e+04
12.0 1.223056e+04 1.227317e+04 1.228410e+04 1.224149e+04
13.0 1.228043e+04 1.227949e+04 1.227688e+04 1.227783e+04
14.0 1.229343e+04 1.229136e+04 1.227112e+04 1.227319e+04
15.0 1.230502e+04 1.230085e+04 1.227765e+04 1.228182e+04
16.0 1.225782e+04 1.229946e+04 1.228545e+04 1.224380e+04
17.0 1.222988e+04 1.228600e+04 1.228219e+04 1.222607e+04
18.0 1.225949e+04 1.227151e+04 1.227475e+04 1.226273e+04
19.0 1.226808e+04 1.225955e+04 1.226909e+04 1.227762e+04
20.0 1.226691e+04 1.224948e+04 1.226601e+04 1.228344e+04
21.0 1.225784e+04 1.224636e+04 1.226668e+04 1.227816e+04
1.0 1.229371e+04 1.230451e+04 1.227564e+04 1.226483e+04
2.0 1.228177e+04 1.230885e+04 1.228070e+04 1.225362e+04
3.0 1.230663e+04 1.230254e+04 1.228653e+04 1.229062e+04
4.0 1.227717e+04 1.228563e+04 1.228199e+04 1.227352e+04
5.0 1.228586e+04 1.226692e+04 1.227424e+04 1.229318e+04
6.0 1.225701e+04 1.226139e+04 1.227526e+04 1.227088e+04
7.0 1.225385e+04 1.227004e+04 1.228451e+04 1.226832e+04
8.0 1.223056e+04 1.227317e+04 1.228410e+04 1.224149e+04
9.0 1.228043e+04 1.227949e+04 1.227688e+04 1.227783e+04
10.0 1.229343e+04 1.229136e+04 1.227112e+04 1.227319e+04
11.0 1.230502e+04 1.230085e+04 1.227765e+04 1.228182e+04
12.0 1.225782e+04 1.229946e+04 1.228545e+04 1.224380e+04
13.0 1.222988e+04 1.228600e+04 1.228219e+04 1.222607e+04
14.0 1.225949e+04 1.227151e+04 1.227475e+04 1.226273e+04
15.0 1.226808e+04 1.225955e+04 1.226909e+04 1.227762e+04
16.0 1.226691e+04 1.224948e+04 1.226601e+04 1.228344e+04
17.0 1.225784e+04 1.224636e+04 1.226668e+04 1.227816e+04
18.0 1.225067e+04 1.226039e+04 1.227853e+04 1.226881e+04
19.0 1.223608e+04 1.227222e+04 1.228556e+04 1.224942e+04
20.0 1.222879e+04 1.227403e+04 1.228136e+04 1.223612e+04
21.0 1.224414e+04 1.227776e+04 1.227430e+04 1.224067e+04
0.7 1.228586e+04 1.226692e+04 1.227424e+04 1.229318e+04
1.7 1.225701e+04 1.226139e+04 1.227526e+04 1.227088e+04
2.7 1.225385e+04 1.227004e+04 1.228451e+04 1.226832e+04
3.7 1.223056e+04 1.227317e+04 1.228410e+04 1.224149e+04
4.7 1.228043e+04 1.227949e+04 1.227688e+04 1.227783e+04
5.7 1.229343e+04 1.229136e+04 1.227112e+04 1.227319e+04
6.7 1.230502e+04 1.230085e+04 1.227765e+04 1.228182e+04
7.7 1.225782e+04 1.229946e+04 1.228545e+04 1.224380e+04
8.7 1.222988e+04 1.228600e+04 1.228219e+04 1.222607e+04
9.7 1.225949e+04 1.227151e+04 1.227475e+04 1.226273e+04
10.7 1.226808e+04 1.225955e+04 1.226909e+04 1.227762e+04
11.7 1.226691e+04 1.224948e+04 1.226601e+04 1.228344e+04
12.7 1.225784e+04 1.224636e+04 1.226668e+04 1.227816e+04
13.7 1.225067e+04 1.226039e+04 1.227853e+04 1.226881e+04
14.7 1.223608e+04 1.227222e+04 1.228556e+04 1.224942e+04
15.7 1.222879e+04 1.227403e+04 1.228136e+04 1.223612e+04
16.7 1.224414e+04 1.227776e+04 1.227430e+04 1.224067e+04
17.7 1.227504e+04 1.228401e+04 1.226930e+04 1.226032e+04
18.7 1.230919e+04 1.229028e+04 1.227346e+04 1.229237e+04
19.7 1.231485e+04 1.229438e+04 1.228417e+04 1.230464e+04
20.7 1.228664e+04 1.228660e+04 1.228425e+04 1.228429e+04
1.0 1.229343e+04 1.229136e+04 1.227112e+04 1.227319e+04
2.0 1.230502e+04 1.230085e+04 1.227765e+04 1.228182e+04
3.0 1.225782e+04 1.229946e+04 1.228545e+04 1.224380e+04
4.0 1.222988e+04 1.228600e+04 1.228219e+04 1.222607e+04
5.0 1.225949e+04 1.227151e+04 1.227475e+04 1.226273e+04
6.0 1.226808e+04 1.225955e+04 1.226909e+04 1.227762e+04
7.0 1.226691e+04 1.224948e+04 1.226601e+04 1.228344e+04
8.0 1.225784e+04 1.224636e+04 1.226668e+04 1.227816e+04
9.0 1.225067e+04 1.226039e+04 1.227853e+04 1.226881e+04
10.0 1.223608e+04 1.227222e+04 1.228556e+04 1.224942e+04
11.0 1.222879e+04 1.227403e+04 1.228136e+04 1.223612e+04
12.0 1.224414e+04 1.227776e+04 1.227430e+04 1.224067e+04
13.0 1.227504e+04 1.228401e+04 1.226930e+04 1.226032e+04
14.0 1.230919e+04 1.229028e+04 1.227346e+04 1.229237e+04
15.0 1.231485e+04 1.229438e+04 1.228417e+04 1.230464e+04
16.0 1.228664e+04 1.228660e+04 1.228425e+04 1.228429e+04
17.0 1.227702e+04 1.227459e+04 1.227733e+04 1.227976e+04
18.0 1.221375e+04 1.226605e+04 1.227096e+04 1.221866e+04
19.0 1.228060e+04 1.226346e+04 1.226915e+04 1.228629e+04
20.0 1.234876e+04 1.227305e+04 1.227944e+04 1.235515e+04
21.0 1.232374e+04 1.227659e+04 1.228553e+04 1.233267e+04
0.2 1.226691e+04 1.224948e+04 1.226601e+04 1.228344e+04
1.2 1.225784e+04 1.224636e+04 1.226668e+04 1.227816e+04
2.2 1.225067e+04 1.226039e+04 1.227853e+04 1.226881e+04
3.2 1.223608e+04 1.227222e+04 1.228556e+04 1.224942e+04
4.2 1.222879e+04 1.227403e+04 1.228136e+04 1.223612e+04
5.2 1.224414e+04 1.227776e+04 1.227430e+04 1.224067e+04
6.2 1.227504e+04 1.228401e+04 1.226930e+04 1.226032e+04
7.2 1.230919e+04 1.229028e+04 1.227346e+04 1.229237e+04
8.2 1.231485e+04 1.229438e+04 1.228417e+04 1.230464e+04
9.2 1.228664e+04 1.228660e+04 1.228425e+04 1.228429e+04
10.2 1.227702e+04 1.227459e+04 1.227733e+04 1.227976e+04
11.2 1.221375e+04 1.226605e+04 1.227096e+04 1.221866e+04
12.2 1.228060e+04 1.226346e+04 1.226915e+04 1.228629e+04
13.2 1.234876e+04 1.227305e+04 1.227944e+04 1.235515e+04
14.2 1.232374e+04 1.227659e+04 1.228553e+04 1.233267e+04
15.2 1.227881e+04 1.227023e+04 1.228290e+04 1.229148e+04
16.2 1.228500e+04 1.227496e+04 1.228791e+04 1.229795e+04
17.2 1.229843e+04 1.227899e+04 1.228965e+04 1.230909e+04
18.2 1.231891e+04 1.227439e+04 1.228225e+04 1.232677e+04
19.2 1.233169e+04 1.227247e+04 1.227349e+04 1.233271e+04
20.2 1.232012e+04 1.227711e+04 1.226804e+04 1.231104e+04
0.7 1.227504e+04 1.228401e+04 1.226930e+04 1.226032e+04
1.7 1.230919e+04 1.229028e+04 1.227346e+04 1.229237e+04
2.7 1.231485e+04 1.229438e+04 1.228417e+04 1.230464e+04
3.7 1.228664e+04 1.228660e+04 1.228425e+04 1.228429e+04
4.7 1.227702e+04 1.227459e+04 1.227733e+04 1.227976e+04
5.7 1.221375e+04 1.226605e+04 1.227096e+04 1.221866e+04
6.7 1.228060e+04 1.226346e+04 1.226915e+04 1.228629e+04
7.7 1.234876e+04 1.227305e+04 1.227944e+04 1.235515e+04
8.7 1.232374e+04 1.227659e+04 1.228553e+04 1.233267e+04
9.7 1.227881e+04 1.227023e+04 1.228290e+04 1.229148e+04
10.7 1.228500e+04 1.227496e+04 1.228791e+04 1.229795e+04
11.7 1.229843e+04 1.227899e+04 1.228965e+04 1.230909e+04
12.7 1.231891e+04 1.227439e+04 1.228225e+04 1.232677e+04
13.7 1.233169e+04 1.227247e+04 1.227349e+04 1.233271e+04
14.7 1.232012e+04 1.227711e+04 1.226804e+04 1.231104e+04
15.7 1.231325e+04 1.228572e+04 1.227392e+04 1.230145e+04
16.7 1.230459e+04 1.229070e+04 1.228388e+04 1.229777e+04
17.7 1.228865e+04 1.228257e+04 1.228267e+04 1.228875e+04
18.7 1.226209e+04 1.226648e+04 1.227581e+04 1.227143e+04
19.7 1.228226e+04 1.225969e+04 1.227563e+04 1.229821e+04
20.7 1.225757e+04 1.226913e+04 1.228487e+04 1.227331e+04
0.2 1.221375e+04 1.226605e+04 1.227096e+04 1.221866e+04
1.2 1.228060e+04 1.226346e+04 1.226915e+04 1.228629e+04
2.2 1.234876e+04 1.227305e+04 1.227944e+04 1.235515e+04
3.2 1.232374e+04 1.227659e+04 1.228553e+04 1.233267e+04
4.2 1.227881e+04 1.227023e+04 1.228290e+04 1.229148e+04
5.2 1.228500e+04 1.227496e+04 1.228791e+04 1.229795e+04
6.2 1.229843e+04 1.227899e+04 1.228965e+04 1.230909e+04
7.2 1.231891e+04 1.227439e+04 1.228225e+04 1.232677e+04
8.2 1.233169e+04 1.227247e+04 1.227349e+04 1.233271e+04
9.2 1.232012e+04 1.227711e+04 1.226804e+04 1.231104e+04
10.2 1.231325e+04 1.228572e+04 1.227392e+04 1.230145e+04
11.2 1.230459e+04 1.229070e+04 1.228388e+04 1.229777e+04
12.2 1.228865e+04 1.228257e+04 1.228267e+04 1.228875e+04
13.2 1.226209e+04 1.226648e+04 1.227581e+04 1.227143e+04
14.2 1.228226e+04 1.225969e+04 1.227563e+04 1.229821e+04
15.2 1.225757e+04 1.226913e+04 1.228487e+04 1.227331e+04
16.2 1.230578e+04 1.227270e+04 1.228514e+04 1.231822e+04
17.2 1.230514e+04 1.226731e+04 1.227788e+04 1.231572e+04
18.2 1.230833e+04 1.225737e+04 1.227120e+04 1.232217e+04
19.2 1.225304e+04 1.225940e+04 1.227514e+04 1.226878e+04
20.2 1.224301e+04 1.227152e+04 1.228464e+04 1.225614e+04
0.2 1.232374e+04 1.227659e+04 1.228553e+04 1.233267e+04
1.2 1.227881e+04 1.227023e+04 1.228290e+04 1.229148e+04
2.2 1.228500e+04 1.227496e+04 1.228791e+04 1.229795e+04
3.2 1.229843e+04 1.227899e+04 1.228965e+04 1.230909e+04
4.2 1.231891e+04 1.227439e+04 1.228225e+04 1.232677e+04
5.2 1.233169e+04 1.227247e+04 1.227349e+04 1.233271e+04
6.2 1.232012e+04 1.227711e+04 1.226804e+04 1.231104e+04
7.2 1.231325e+04 1.228572e+04 1.227392e+04 1.230145e+04
8.2 1.230459e+04 1.229070e+04 1.228388e+04 1.229777e+04
9.2 1.228865e+04 1.228257e+04 1.228267e+04 1.228875e+04
10.2 1.226209e+04 1.226648e+04 1.227581e+04 1.227143e+04
11.2 1.228226e+04 1.225969e+04 1.227563e+04 1.229821e+04
12.2 1.225757e+04 1.226913e+04 1.228487e+04 1.227331e+04
13.2 1.230578e+04 1.227270e+04 1.228514e+04 1.231822e+04
14.2 1.230514e+04 1.226731e+04 1.227788e+04 1.231572e+04
15.2 1.230833e+04 1.225737e+04 1.227120e+04 1.232217e+04
16.2 1.225304e+04 1.225940e+04 1.227514e+04 1.226878e+04
17.2 1.224301e+04 1.227152e+04 1.228464e+04 1.225614e+04
18.2 1.226453e+04 1.227395e+04 1.228343e+04 1.227400e+04
19.2 1.229622e+04 1.226928e+04 1.227621e+04 1.230315e+04
20.2 1.232453e+04 1.226446e+04 1.227005e+04 1.233012e+04
0.8 1.232012e+04 1.227711e+04 1.226804e+04 1.231104e+04
1.8 1.231325e+04 1.228572e+04 1.227392e+04 1.230145e+04
2.8 1.230459e+04 1.229070e+04 1.228388e+04 1.229777e+04
3.8 1.228865e+04 1.228257e+04 1.228267e+04 1.228875e+04
4.8 1.226209e+04 1.226648e+04 1.227581e+04 1.227143e+04
5.8 1.228226e+04 1.225969e+04 1.227563e+04 1.229821e+04
6.8 1.225757e+04 1.226913e+04 1.228487e+04 1.227331e+04
7.8 1.230578e+04 1.227270e+04 1.228514e+04 1.231822e+04
8.8 1.230514e+04 1.226731e+04 1.227788e+04 1.231572e+04
9.8 1.230833e+04 1.225737e+04 1.227120e+04 1.232217e+04
10.8 1.225304e+04 1.225940e+04 1.227514e+04 1.226878e+04
11.8 1.224301e+04 1.227152e+04 1.228464e+04 1.225614e+04
12.8 1.226453e+04 1.227395e+04 1.228343e+04 1.227400e+04
13.8 1.229622e+04 1.226928e+04 1.227621e+04 1.230315e+04
14.8 1.232453e+04 1.226446e+04 1.227005e+04 1.233012e+04
15.8 1.231206e+04 1.226149e+04 1.226651e+04 1.231708e+04
16.8 1.226404e+04 1.225959e+04 1.226487e+04 1.226932e+04
17.8 1.224686e+04 1.225576e+04 1.226435e+04 1.225546e+04
18.8 1.226778e+04 1.225165e+04 1.226517e+04 1.228130e+04
19.8 1.228493e+04 1.226128e+04 1.227567e+04 1.229932e+04
20.8 1.227774e+04 1.227438e+04 1.228604e+04 1.228940e+04
0.6 1.226209e+04 1.226648e+04 1.227581e+04 1.227143e+04
1.6 1.228226e+04 1.225969e+04 1.227563e+04 1.229821e+04
2.6 1.225757e+04 1.226913e+04 1.228487e+04 1.227331e+04
3.6 1.230578e+04 1.227270e+04 1.228514e+04 1.231822e+04
4.6 1.230514e+04 1.226731e+04 1.227788e+04 1.231572e+04
5.6 1.230833e+04 1.225737e+04 1.227120e+04 1.232217e+04
6.6 1.225304e+04 1.225940e+04 1.227514e+04 1.226878e+04
7.6 1.224301e+04 1.227152e+04 1.228464e+04 1.225614e+04
8.6 1.226453e+04 1.227395e+04 1.228343e+04 1.227400e+04
9.6 1.229622e+04 1.226928e+04 1.227621e+04 1.230315e+04
10.6 1.232453e+04 1.226446e+04 1.227005e+04 1.233012e+04
11.6 1.231206e+04 1.226149e+04 1.226651e+04 1.231708e+04
12.6 1.226404e+04 1.225959e+04 1.226487e+04 1.226932e+04
13.6 1.224686e+04 1.225576e+04 1.226435e+04 1.225546e+04
14.6 1.226778e+04 1.225165e+04 1.226517e+04 1.228130e+04
15.6 1.228493e+04 1.226128e+04 1.227567e+04 1.229932e+04
16.6 1.227774e+04 1.227438e+04 1.228604e+04 1.228940e+04
17.6 1.225617e+04 1.227585e+04 1.228403e+04 1.226435e+04
18.6 1.226606e+04 1.227151e+04 1.227676e+04 1.227131e+04
19.6 1.231567e+04 1.226872e+04 1.227073e+04 1.231768e+04
20.6 1.231486e+04 1.227380e+04 1.226715e+04 1.230820e+04
0.8 1.230833e+04 1.225737e+04 1.227120e+04 1.232217e+04
1.8 1.225304e+04 1.225940e+04 1.227514e+04 1.226878e+04
2.8 1.224301e+04 1.227152e+04 1.228464e+04 1.225614e+04
3.8 1.226453e+04 1.227395e+04 1.228343e+04 1.227400e+04
4.8 1.229622e+04 1.226928e+04 1.227621e+04 1.230315e+04
5.8 1.232453e+04 1.226446e+04 1.227005e+04 1.233012e+04
6.8 1.231206e+04 1.226149e+04 1.226651e+04 1.231708e+04
7.8 1.226404e+04 1.225959e+04 1.226487e+04 1.226932e+04
8.8 1.224686e+04 1.225576e+04 1.226435e+04 1.225546e+04
9.8 1.226778e+04 1.225165e+04 1.226517e+04 1.228130e+04
10.8 1.228493e+04 1.226128e+04 1.227567e+04 1.229932e+04
11.8 1.227774e+04 1.227438e+04 1.228604e+04 1.228940e+04
12.8 1.225617e+04 1.227585e+04 1.228403e+04 1.226435e+04
13.8 1.226606e+04 1.227151e+04 1.227676e+04 1.227131e+04
14.8 1.231567e+04 1.226872e+04 1.227073e+04 1.231768e+04
15.8 1.231486e+04 1.227380e+04 1.226715e+04 1.230820e+04
16.8 1.229565e+04 1.228021e+04 1.226535e+04 1.228079e+04
17.8 1.225270e+04 1.228407e+04 1.226470e+04 1.223333e+04
18.8 1.224554e+04 1.228669e+04 1.226475e+04 1.222360e+04
19.8 1.227517e+04 1.228216e+04 1.226513e+04 1.225814e+04
20.8 1.227544e+04 1.227698e+04 1.226559e+04 1.226405e+04
1.0 1.226778e+04 1.225165e+04 1.226517e+04 1.228130e+04
2.0 1.228493e+04 1.226128e+04 1.227567e+04 1.229932e+04
3.0 1.227774e+04 1.227438e+04 1.228604e+04 1.228940e+04
4.0 1.225617e+04 1.227585e+04 1.228403e+04 1.226435e+04
5.0 1.226606e+04 1.227151e+04 1.227676e+04 1.227131e+04
6.0 1.231567e+04 1.226872e+04 1.227073e+04 1.231768e+04
7.0 1.231486e+04 1.227380e+04 1.226715e+04 1.230820e+04
8.0 1.229565e+04 1.228021e+04 1.226535e+04 1.228079e+04
9.0 1.225270e+04 1.228407e+04 1.226470e+04 1.223333e+04
10.0 1.224554e+04 1.228669e+04 1.226475e+04 1.222360e+04
11.0 1.227517e+04 1.228216e+04 1.226513e+04 1.225814e+04
12.0 1.227544e+04 1.227698e+04 1.226559e+04 1.226405e+04
13.0 1.223731e+04 1.227741e+04 1.226597e+04 1.222586e+04
14.0 1.224532e+04 1.228142e+04 1.226623e+04 1.223013e+04
15.0 1.229507e+04 1.228228e+04 1.226638e+04 1.227917e+04
16.0 1.232243e+04 1.228852e+04 1.226647e+04 1.230038e+04
17.0 1.232183e+04 1.229929e+04 1.226651e+04 1.228906e+04
18.0 1.231472e+04 1.230304e+04 1.226653e+04 1.227821e+04
19.0 1.228296e+04 1.229693e+04 1.226654e+04 1.225257e+04
20.0 1.223994e+04 1.227923e+04 1.226654e+04 1.222725e+04
21.0 1.220548e+04 1.226029e+04 1.226664e+04 1.221184e+04
0.7 1.220548e+04 1.226029e+04 1.226664e+04 1.221184e+04
1.7 1.227238e+04 1.225684e+04 1.227333e+04 1.228887e+04
2.7 1.232829e+04 1.226796e+04 1.228554e+04 1.234587e+04
3.7 1.228783e+04 1.227138e+04 1.228633e+04 1.230278e+04
4.7 1.228132e+04 1.226781e+04 1.227930e+04 1.229280e+04
5.7 1.221469e+04 1.226448e+04 1.227258e+04 1.222279e+04
6.7 1.217873e+04 1.226963e+04 1.227560e+04 1.218470e+04
7.7 1.229309e+04 1.227990e+04 1.228518e+04 1.229836e+04
8.7 1.235901e+04 1.227908e+04 1.228432e+04 1.236425e+04
9.7 1.229319e+04 1.227207e+04 1.227701e+04 1.229814e+04
10.7 1.221941e+04 1.226679e+04 1.227115e+04 1.222376e+04
11.7 1.217091e+04 1.227273e+04 1.227712e+04 1.217529e+04
12.7 1.220757e+04 1.228053e+04 1.228548e+04 1.221252e+04
13.7 1.218972e+04 1.227723e+04 1.228274e+04 1.219523e+04
14.7 1.215285e+04 1.226944e+04 1.227530e+04 1.215871e+04
15.7 1.213059e+04 1.226343e+04 1.226946e+04 1.213662e+04
16.7 1.213298e+04 1.226032e+04 1.226621e+04 1.213887e+04
17.7 1.216821e+04 1.226006e+04 1.226533e+04 1.217347e+04
18.7 1.226293e+04 1.226968e+04 1.227466e+04 1.226790e+04
19.7 1.230300e+04 1.227982e+04 1.228502e+04 1.230820e+04
20.7 1.227626e+04 1.228080e+04 1.228336e+04 1.227882e+04
0.7 1.221469e+04 1.226448e+04 1.227258e+04 1.222279e+04
1.7 1.217873e+04 1.226963e+04 1.227560e+04 1.218470e+04
2.7 1.229309e+04 1.227990e+04 1.228518e+04 1.229836e+04
3.7 1.235901e+04 1.227908e+04 1.228432e+04 1.236425e+04
4.7 1.229319e+04 1.227207e+04 1.227701e+04 1.229814e+04
5.7 1.221941e+04 1.226679e+04 1.227115e+04 1.222376e+04
6.7 1.217091e+04 1.227273e+04 1.227712e+04 1.217529e+04
7.7 1.220757e+04 1.228053e+04 1.228548e+04 1.221252e+04
8.7 1.218972e+04 1.227723e+04 1.228274e+04 1.219523e+04
9.7 1.215285e+04 1.226944e+04 1.227530e+04 1.215871e+04
10.7 1.213059e+04 1.226343e+04 1.226946e+04 1.213662e+04
11.7 1.213298e+04 1.226032e+04 1.226621e+04 1.213887e+04
12.7 1.216821e+04 1.226006e+04 1.226533e+04 1.217347e+04
13.7 1.226293e+04 1.226968e+04 1.227466e+04 1.226790e+04
14.7 1.230300e+04 1.227982e+04 1.228502e+04 1.230820e+04
15.7 1.227626e+04 1.228080e+04 1.228336e+04 1.227882e+04
16.7 1.224928e+04 1.228601e+04 1.227657e+04 1.223984e+04
17.7 1.225233e+04 1.229502e+04 1.227877e+04 1.223609e+04
18.7 1.226135e+04 1.229822e+04 1.228675e+04 1.224988e+04
19.7 1.228697e+04 1.228991e+04 1.228445e+04 1.228151e+04
20.7 1.228271e+04 1.228851e+04 1.227652e+04 1.227072e+04
0.9 1.221941e+04 1.226679e+04 1.227115e+04 1.222376e+04
1.9 1.217091e+04 1.227273e+04 1.227712e+04 1.217529e+04
2.9 1.220757e+04 1.228053e+04 1.228548e+04 1.221252e+04
3.9 1.218972e+04 1.227723e+04 1.228274e+04 1.219523e+04
4.9 1.215285e+04 1.226944e+04 1.227530e+04 1.215871e+04
5.9 1.213059e+04 1.226343e+04 1.226946e+04 1.213662e+04
6.9 1.213298e+04 1.226032e+04 1.226621e+04 1.213887e+04
7.9 1.216821e+04 1.226006e+04 1.226533e+04 1.217347e+04
8.9 1.226293e+04 1.226968e+04 1.227466e+04 1.226790e+04
9.9 1.230300e+04 1.227982e+04 1.228502e+04 1.230820e+04
10.9 1.227626e+04 1.228080e+04 1.228336e+04 1.227882e+04
11.9 1.224928e+04 1.228601e+04 1.227657e+04 1.223984e+04
12.9 1.225233e+04 1.229502e+04 1.227877e+04 1.223609e+04
13.9 1.226135e+04 1.229822e+04 1.228675e+04 1.224988e+04
14.9 1.228697e+04 1.228991e+04 1.228445e+04 1.228151e+04
15.9 1.228271e+04 1.228851e+04 1.227652e+04 1.227072e+04
16.9 1.227394e+04 1.229700e+04 1.226999e+04 1.224692e+04
17.9 1.230383e+04 1.230301e+04 1.227129e+04 1.227211e+04
18.9 1.232121e+04 1.230479e+04 1.228241e+04 1.229883e+04
19.9 1.226852e+04 1.230026e+04 1.228458e+04 1.225284e+04
20.9 1.223377e+04 1.229396e+04 1.227942e+04 1.221924e+04
0.9 1.216821e+04 1.226006e+04 1.226533e+04 1.217347e+04
1.9 1.226293e+04 1.226968e+04 1.227466e+04 1.226790e+04
2.9 1.230300e+04 1.227982e+04 1.228502e+04 1.230820e+04
3.9 1.227626e+04 1.228080e+04 1.228336e+04 1.227882e+04
4.9 1.224928e+04 1.228601e+04 1.227657e+04 1.223984e+04
5.9 1.225233e+04 1.229502e+04 1.227877e+04 1.223609e+04
6.9 1.226135e+04 1.229822e+04 1.228675e+04 1.224988e+04
7.9 1.228697e+04 1.228991e+04 1.228445e+04 1.228151e+04
8.9 1.228271e+04 1.228851e+04 1.227652e+04 1.227072e+04
9.9 1.227394e+04 1.229700e+04 1.226999e+04 1.224692e+04
10.9 1.230383e+04 1.230301e+04 1.227129e+04 1.227211e+04
11.9 1.232121e+04 1.230479e+04 1.228241e+04 1.229883e+04
12.9 1.226852e+04 1.230026e+04 1.228458e+04 1.225284e+04
13.9 1.223377e+04 1.229396e+04 1.227942e+04 1.221924e+04
14.9 1.222410e+04 1.229319e+04 1.228391e+04 1.221483e+04
15.9 1.223324e+04 1.228745e+04 1.228831e+04 1.223410e+04
16.9 1.224168e+04 1.227334e+04 1.228269e+04 1.225103e+04
17.9 1.223152e+04 1.226929e+04 1.227427e+04 1.223650e+04
18.9 1.223347e+04 1.226881e+04 1.226833e+04 1.223299e+04
19.9 1.223061e+04 1.226493e+04 1.226526e+04 1.223095e+04
20.9 1.223787e+04 1.226074e+04 1.226408e+04 1.224120e+04
0.8 1.224928e+04 1.228601e+04 1.227657e+04 1.223984e+04
1.8 1.225233e+04 1.229502e+04 1.227877e+04 1.223609e+04
2.8 1.226135e+04 1.229822e+04 1.228675e+04 1.224988e+04
3.8 1.228697e+04 1.228991e+04 1.228445e+04 1.228151e+04
4.8 1.228271e+04 1.228851e+04 1.227652e+04 1.227072e+04
5.8 1.227394e+04 1.229700e+04 1.226999e+04 1.224692e+04
6.8 1.230383e+04 1.230301e+04 1.227129e+04 1.227211e+04
7.8 1.232121e+04 1.230479e+04 1.228241e+04 1.229883e+04
8.8 1.226852e+04 1.230026e+04 1.228458e+04 1.225284e+04
9.8 1.223377e+04 1.229396e+04 1.227942e+04 1.221924e+04
10.8 1.222410e+04 1.229319e+04 1.228391e+04 1.221483e+04
11.8 1.223324e+04 1.228745e+04 1.228831e+04 1.223410e+04
12.8 1.224168e+04 1.227334e+04 1.228269e+04 1.225103e+04
13.8 1.223152e+04 1.226929e+04 1.227427e+04 1.223650e+04
14.8 1.223347e+04 1.226881e+04 1.226833e+04 1.223299e+04
15.8 1.223061e+04 1.226493e+04 1.226526e+04 1.223095e+04
16.8 1.223787e+04 1.226074e+04 1.226408e+04 1.224120e+04
17.8 1.225293e+04 1.225696e+04 1.226395e+04 1.225991e+04
18.8 1.225907e+04 1.225150e+04 1.226437e+04 1.227194e+04
19.8 1.224448e+04 1.224714e+04 1.226497e+04 1.226231e+04
20.8 1.225460e+04 1.225369e+04 1.226553e+04 1.226645e+04
0.5 1.227394e+04 1.229700e+04 1.226999e+04 1.224692e+04
1.5 1.230383e+04 1.230301e+04 1.227129e+04 1.227211e+04
2.5 1.232121e+04 1.230479e+04 1.228241e+04 1.229883e+04
3.5 1.226852e+04 1.230026e+04 1.228458e+04 1.225284e+04
4.5 1.223377e+04 1.229396e+04 1.227942e+04 1.221924e+04
5.5 1.222410e+04 1.229319e+04 1.228391e+04 1.221483e+04
6.5 1.223324e+04 1.228745e+04 1.228831e+04 1.223410e+04
7.5 1.224168e+04 1.227334e+04 1.228269e+04 1.225103e+04
8.5 1.223152e+04 1.226929e+04 1.227427e+04 1.223650e+04
9.5 1.223347e+04 1.226881e+04 1.226833e+04 1.223299e+04
10.5 1.223061e+04 1.226493e+04 1.226526e+04 1.223095e+04
11.5 1.223787e+04 1.226074e+04 1.226408e+04 1.224120e+04
12.5 1.225293e+04 1.225696e+04 1.226395e+04 1.225991e+04
13.5 1.225907e+04 1.225150e+04 1.226437e+04 1.227194e+04
14.5 1.224448e+04 1.224714e+04 1.226497e+04 1.226231e+04
15.5 1.225460e+04 1.225369e+04 1.226553e+04 1.226645e+04
16.5 1.223773e+04 1.226533e+04 1.226596e+04 1.223836e+04
17.5 1.222570e+04 1.226950e+04 1.226623e+04 1.222243e+04
18.5 1.224920e+04 1.227073e+04 1.226639e+04 1.224485e+04
19.5 1.227513e+04 1.227629e+04 1.226647e+04 1.226531e+04
20.5 1.226371e+04 1.227634e+04 1.226651e+04 1.225388e+04
0.1 1.226852e+04 1.230026e+04 1.228458e+04 1.225284e+04
1.1 1.223377e+04 1.229396e+04 1.227942e+04 1.221924e+04
2.1 1.222410e+04 1.229319e+04 1.228391e+04 1.221483e+04
3.1 1.223324e+04 1.228745e+04 1.228831e+04 1.223410e+04
4.1 1.224168e+04 1.227334e+04 1.228269e+04 1.225103e+04
5.1 1.223152e+04 1.226929e+04 1.227427e+04 1.223650e+04
6.1 1.223347e+04 1.226881e+04 1.226833e+04 1.223299e+04
7.1 1.223061e+04 1.226493e+04 1.226526e+04 1.223095e+04
8.1 1.223787e+04 1.226074e+04 1.226408e+04 1.224120e+04
9.1 1.225293e+04 1.225696e+04 1.226395e+04 1.225991e+04
10.1 1.225907e+04 1.225150e+04 1.226437e+04 1.227194e+04
11.1 1.224448e+04 1.224714e+04 1.226497e+04 1.226231e+04
12.1 1.225460e+04 1.225369e+04 1.226553e+04 1.226645e+04
13.1 1.223773e+04 1.226533e+04 1.226596e+04 1.223836e+04
14.1 1.222570e+04 1.226950e+04 1.226623e+04 1.222243e+04
15.1 1.224920e+04 1.227073e+04 1.226639e+04 1.224485e+04
16.1 1.227513e+04 1.227629e+04 1.226647e+04 1.226531e+04
17.1 1.226371e+04 1.227634e+04 1.226651e+04 1.225388e+04
18.1 1.223716e+04 1.227075e+04 1.226653e+04 1.223294e+04
19.1 1.220581e+04 1.226807e+04 1.226654e+04 1.220427e+04
20.1 1.223028e+04 1.227838e+04 1.226654e+04 1.221844e+04
0.2 1.223028e+04 1.227838e+04 1.226654e+04 1.221844e+04
1.2 1.226588e+04 1.229222e+04 1.226878e+04 1.224244e+04
2.2 1.231750e+04 1.230155e+04 1.228112e+04 1.229707e+04
3.2 1.228527e+04 1.229709e+04 1.228753e+04 1.227571e+04
4.2 1.224744e+04 1.228281e+04 1.228264e+04 1.224727e+04
5.2 1.224305e+04 1.226967e+04 1.227509e+04 1.224847e+04
6.2 1.222863e+04 1.226150e+04 1.226963e+04 1.223676e+04
7.2 1.225238e+04 1.225751e+04 1.226655e+04 1.226142e+04
8.2 1.225294e+04 1.225454e+04 1.226510e+04 1.226350e+04
9.2 1.224385e+04 1.224952e+04 1.226467e+04 1.225900e+04
10.2 1.222783e+04 1.225411e+04 1.226484e+04 1.223856e+04
11.2 1.221616e+04 1.226438e+04 1.226527e+04 1.221705e+04
12.2 1.223500e+04 1.226765e+04 1.226571e+04 1.223307e+04
13.2 1.223505e+04 1.226650e+04 1.226605e+04 1.223460e+04
14.2 1.221182e+04 1.226665e+04 1.226811e+04 1.221328e+04
15.2 1.228574e+04 1.227695e+04 1.228025e+04 1.228905e+04
16.2 1.227991e+04 1.228258e+04 1.228747e+04 1.228480e+04
17.2 1.228241e+04 1.227710e+04 1.228304e+04 1.228835e+04
18.2 1.222484e+04 1.226902e+04 1.227547e+04 1.223128e+04
19.2 1.225861e+04 1.226330e+04 1.226987e+04 1.226518e+04
20.2 1.224546e+04 1.226019e+04 1.226667e+04 1.225195e+04
0.2 1.223505e+04 1.226650e+04 1.226605e+04 1.223460e+04
1.2 1.221182e+04 1.226665e+04 1.226811e+04 1.221328e+04
2.2 1.228574e+04 1.227695e+04 1.228025e+04 1.228905e+04
3.2 1.227991e+04 1.228258e+04 1.228747e+04 1.228480e+04
4.2 1.228241e+04 1.227710e+04 1.228304e+04 1.228835e+04
5.2 1.222484e+04 1.226902e+04 1.227547e+04 1.223128e+04
6.2 1.225861e+04 1.226330e+04 1.226987e+04 1.226518e+04
7.2 1.224546e+04 1.226019e+04 1.226667e+04 1.225195e+04
8.2 1.228830e+04 1.225897e+04 1.226515e+04 1.229448e+04
9.2 1.225327e+04 1.225948e+04 1.226467e+04 1.225847e+04
10.2 1.225658e+04 1.226578e+04 1.226482e+04 1.225562e+04
11.2 1.223848e+04 1.227320e+04 1.226524e+04 1.223052e+04
12.2 1.228126e+04 1.227249e+04 1.226569e+04 1.227445e+04
13.2 1.228097e+04 1.226748e+04 1.226604e+04 1.227953e+04
14.2 1.228176e+04 1.225970e+04 1.226627e+04 1.228833e+04
15.2 1.227263e+04 1.225496e+04 1.226935e+04 1.228703e+04
16.2 1.226442e+04 1.226634e+04 1.228211e+04 1.228018e+04
17.2 1.221774e+04 1.227436e+04 1.228742e+04 1.223080e+04
18.2 1.219743e+04 1.227001e+04 1.228197e+04 1.220939e+04
19.2 1.217187e+04 1.225963e+04 1.227451e+04 1.218675e+04
20.2 1.220698e+04 1.225279e+04 1.227043e+04 1.222462e+04
0.3 1.228176e+04 1.225970e+04 1.226627e+04 1.228833e+04
1.3 1.227263e+04 1.225496e+04 1.226935e+04 1.228703e+04
2.3 1.226442e+04 1.226634e+04 1.228211e+04 1.228018e+04
3.3 1.221774e+04 1.227436e+04 1.228742e+04 1.223080e+04
4.3 1.219743e+04 1.227001e+04 1.228197e+04 1.220939e+04
5.3 1.217187e+04 1.225963e+04 1.227451e+04 1.218675e+04
6.3 1.220698e+04 1.225279e+04 1.227043e+04 1.222462e+04
7.3 1.227461e+04 1.226281e+04 1.227867e+04 1.229048e+04
8.3 1.227117e+04 1.227396e+04 1.228590e+04 1.228311e+04
9.3 1.224639e+04 1.226976e+04 1.228202e+04 1.225865e+04
10.3 1.220535e+04 1.226173e+04 1.227461e+04 1.221824e+04
11.3 1.225984e+04 1.226588e+04 1.226914e+04 1.226311e+04
12.3 1.229427e+04 1.226948e+04 1.226614e+04 1.229094e+04
13.3 1.227927e+04 1.226733e+04 1.226480e+04 1.227673e+04
14.3 1.225422e+04 1.226381e+04 1.226444e+04 1.225485e+04
15.3 1.225204e+04 1.226142e+04 1.226467e+04 1.225529e+04
16.3 1.221252e+04 1.226021e+04 1.226513e+04 1.221745e+04
17.3 1.224937e+04 1.225972e+04 1.226561e+04 1.225526e+04
0.1 1.217187e+04 1.225963e+04 1.227451e+04 1.218675e+04
1.1 1.220698e+04 1.225279e+04 1.227043e+04 1.222462e+04
2.1 1.227461e+04 1.226281e+04 1.227867e+04 1.229048e+04
3.1 1.227117e+04 1.227396e+04 1.228590e+04 1.228311e+04
4.1 1.224639e+04 1.226976e+04 1.228202e+04 1.225865e+04
5.1 1.220535e+04 1.226173e+04 1.227461e+04 1.221824e+04
6.1 1.225984e+04 1.226588e+04 1.226914e+04 1.226311e+04
7.1 1.229427e+04 1.226948e+04 1.226614e+04 1.229094e+04
8.1 1.227927e+04 1.226733e+04 1.226480e+04 1.227673e+04
9.1 1.225422e+04 1.226381e+04 1.226444e+04 1.225485e+04
10.1 1.225204e+04 1.226142e+04 1.226467e+04 1.225529e+04
11.1 1.221252e+04 1.226021e+04 1.226513e+04 1.221745e+04
12.1 1.224937e+04 1.225972e+04 1.226561e+04 1.225526e+04
