0.6 1.226032e+04 1.222976e+04 1.224072e+04 1.227128e+04
1.6 1.233758e+04 1.222677e+04 1.224594e+04 1.235675e+04
2.6 1.225578e+04 1.224288e+04 1.226596e+04 1.227887e+04
3.6 1.234381e+04 1.226444e+04 1.228841e+04 1.236778e+04
4.6 1.235702e+04 1.228078e+04 1.229028e+04 1.236652e+04
5.6 1.236320e+04 1.228589e+04 1.227422e+04 1.235153e+04
6.6 1.236442e+04 1.226935e+04 1.225780e+04 1.235287e+04
7.6 1.232032e+04 1.225769e+04 1.225841e+04 1.232104e+04
8.6 1.229201e+04 1.226176e+04 1.227364e+04 1.230389e+04
9.6 1.231138e+04 1.225924e+04 1.227646e+04 1.232860e+04
10.6 1.233092e+04 1.224548e+04 1.226429e+04 1.234974e+04
11.6 1.229544e+04 1.223148e+04 1.225085e+04 1.231482e+04
12.6 1.222821e+04 1.222878e+04 1.224222e+04 1.224165e+04
13.6 1.222453e+04 1.223539e+04 1.223793e+04 1.222707e+04
14.6 1.229536e+04 1.223925e+04 1.223634e+04 1.229245e+04
15.6 1.240717e+04 1.223610e+04 1.223634e+04 1.240740e+04
16.6 1.231981e+04 1.222927e+04 1.223714e+04 1.232768e+04
17.6 1.221867e+04 1.222308e+04 1.223818e+04 1.223376e+04
18.6 1.218892e+04 1.221930e+04 1.223910e+04 1.220872e+04
19.6 1.222139e+04 1.221760e+04 1.223977e+04 1.224356e+04
20.6 1.224615e+04 1.221727e+04 1.224020e+04 1.226908e+04
21.6 1.222650e+04 1.222040e+04 1.224044e+04 1.224654e+04
0.1 1.236320e+04 1.228589e+04 1.227422e+04 1.235153e+04
1.1 1.236442e+04 1.226935e+04 1.225780e+04 1.235287e+04
2.1 1.232032e+04 1.225769e+04 1.225841e+04 1.232104e+04
3.1 1.229201e+04 1.226176e+04 1.227364e+04 1.230389e+04
4.1 1.231138e+04 1.225924e+04 1.227646e+04 1.232860e+04
5.1 1.233092e+04 1.224548e+04 1.226429e+04 1.234974e+04
6.1 1.229544e+04 1.223148e+04 1.225085e+04 1.231482e+04
7.1 1.222821e+04 1.222878e+04 1.224222e+04 1.224165e+04
8.1 1.222453e+04 1.223539e+04 1.223793e+04 1.222707e+04
9.1 1.229536e+04 1.223925e+04 1.223634e+04 1.229245e+04
10.1 1.240717e+04 1.223610e+04 1.223634e+04 1.240740e+04
11.1 1.231981e+04 1.222927e+04 1.223714e+04 1.232768e+04
12.1 1.221867e+04 1.222308e+04 1.223818e+04 1.223376e+04
13.1 1.218892e+04 1.221930e+04 1.223910e+04 1.220872e+04
14.1 1.222139e+04 1.221760e+04 1.223977e+04 1.224356e+04
15.1 1.224615e+04 1.221727e+04 1.224020e+04 1.226908e+04
16.1 1.222650e+04 1.222040e+04 1.224044e+04 1.224654e+04
17.1 1.215482e+04 1.223050e+04 1.224056e+04 1.216488e+04
18.1 1.216626e+04 1.223867e+04 1.224062e+04 1.216821e+04
19.1 1.232502e+04 1.223859e+04 1.224064e+04 1.232707e+04
20.1 1.229374e+04 1.223494e+04 1.224065e+04 1.229945e+04
21.1 1.221465e+04 1.223684e+04 1.224066e+04 1.221847e+04
0.4 1.226575e+04 1.226584e+04 1.224067e+04 1.224057e+04
1.4 1.227217e+04 1.226085e+04 1.224378e+04 1.225510e+04
2.4 1.221695e+04 1.226112e+04 1.226104e+04 1.221687e+04
3.4 1.224443e+04 1.227186e+04 1.228501e+04 1.225758e+04
4.4 1.232462e+04 1.228130e+04 1.229188e+04 1.233520e+04
5.4 1.232629e+04 1.228498e+04 1.227798e+04 1.231929e+04
6.4 1.223786e+04 1.226033e+04 1.225986e+04 1.223739e+04
7.4 1.216174e+04 1.222302e+04 1.224689e+04 1.218561e+04
8.4 1.225763e+04 1.220972e+04 1.223967e+04 1.228758e+04
9.4 1.231123e+04 1.222932e+04 1.223647e+04 1.231838e+04
10.4 1.220932e+04 1.223877e+04 1.223575e+04 1.220630e+04
11.4 1.220638e+04 1.223523e+04 1.223639e+04 1.220754e+04
12.4 1.221779e+04 1.224512e+04 1.223753e+04 1.221020e+04
13.4 1.230648e+04 1.227057e+04 1.223865e+04 1.227455e+04
14.4 1.234902e+04 1.228345e+04 1.223949e+04 1.230507e+04
15.4 1.226477e+04 1.227123e+04 1.224004e+04 1.223358e+04
16.4 1.227400e+04 1.224919e+04 1.224036e+04 1.226517e+04
17.4 1.213472e+04 1.223446e+04 1.224052e+04 1.214078e+04
18.4 1.214094e+04 1.223522e+04 1.224060e+04 1.214632e+04
19.4 1.221806e+04 1.224274e+04 1.224064e+04 1.221596e+04
20.4 1.226737e+04 1.225745e+04 1.224065e+04 1.225057e+04
21.4 1.224074e+04 1.226796e+04 1.224066e+04 1.221344e+04
0.5 1.221165e+04 1.223754e+04 1.224067e+04 1.221478e+04
1.5 1.228962e+04 1.223937e+04 1.224405e+04 1.229430e+04
2.5 1.221919e+04 1.225063e+04 1.226159e+04 1.223014e+04
3.5 1.216383e+04 1.226642e+04 1.228003e+04 1.217744e+04
4.5 1.228002e+04 1.228222e+04 1.227807e+04 1.227586e+04
5.5 1.222635e+04 1.228183e+04 1.226398e+04 1.220850e+04
6.5 1.216182e+04 1.227946e+04 1.225098e+04 1.213335e+04
7.5 1.218720e+04 1.228472e+04 1.224285e+04 1.214532e+04
8.5 1.227781e+04 1.229211e+04 1.223901e+04 1.222471e+04
9.5 1.229545e+04 1.229349e+04 1.224613e+04 1.224809e+04
10.5 1.224739e+04 1.229126e+04 1.226881e+04 1.222495e+04
11.5 1.224159e+04 1.228762e+04 1.228840e+04 1.224237e+04
12.5 1.226356e+04 1.228780e+04 1.228509e+04 1.226085e+04
13.5 1.223885e+04 1.227898e+04 1.226811e+04 1.222797e+04
14.5 1.222470e+04 1.225356e+04 1.225243e+04 1.222357e+04
15.5 1.220900e+04 1.222287e+04 1.224262e+04 1.222874e+04
16.5 1.217971e+04 1.221506e+04 1.223764e+04 1.220230e+04
17.5 1.216208e+04 1.223330e+04 1.223583e+04 1.216461e+04
18.5 1.219871e+04 1.224063e+04 1.223770e+04 1.219578e+04
19.5 1.224985e+04 1.224802e+04 1.225327e+04 1.225510e+04
20.5 1.223173e+04 1.226235e+04 1.227513e+04 1.224451e+04
21.5 1.235949e+04 1.227865e+04 1.227838e+04 1.235922e+04
0.9 1.227781e+04 1.229211e+04 1.223901e+04 1.222471e+04
1.9 1.229545e+04 1.229349e+04 1.224613e+04 1.224809e+04
2.9 1.224739e+04 1.229126e+04 1.226881e+04 1.222495e+04
3.9 1.224159e+04 1.228762e+04 1.228840e+04 1.224237e+04
4.9 1.226356e+04 1.228780e+04 1.228509e+04 1.226085e+04
5.9 1.223885e+04 1.227898e+04 1.226811e+04 1.222797e+04
6.9 1.222470e+04 1.225356e+04 1.225243e+04 1.222357e+04
7.9 1.220900e+04 1.222287e+04 1.224262e+04 1.222874e+04
8.9 1.217971e+04 1.221506e+04 1.223764e+04 1.220230e+04
9.9 1.216208e+04 1.223330e+04 1.223583e+04 1.216461e+04
10.9 1.219871e+04 1.224063e+04 1.223770e+04 1.219578e+04
11.9 1.224985e+04 1.224802e+04 1.225327e+04 1.225510e+04
12.9 1.223173e+04 1.226235e+04 1.227513e+04 1.224451e+04
13.9 1.235949e+04 1.227865e+04 1.227838e+04 1.235922e+04
14.9 1.230324e+04 1.228080e+04 1.226611e+04 1.228855e+04
15.9 1.224366e+04 1.226157e+04 1.225275e+04 1.223485e+04
16.9 1.219252e+04 1.223868e+04 1.224390e+04 1.219773e+04
17.9 1.215653e+04 1.221745e+04 1.223916e+04 1.217824e+04
18.9 1.216055e+04 1.219702e+04 1.223717e+04 1.220070e+04
19.9 1.224633e+04 1.218950e+04 1.223689e+04 1.229373e+04
20.9 1.226594e+04 1.221538e+04 1.223751e+04 1.228807e+04
21.9 1.221897e+04 1.223853e+04 1.223842e+04 1.221886e+04
0.3 1.216208e+04 1.223330e+04 1.223583e+04 1.216461e+04
1.3 1.219871e+04 1.224063e+04 1.223770e+04 1.219578e+04
2.3 1.224985e+04 1.224802e+04 1.225327e+04 1.225510e+04
3.3 1.223173e+04 1.226235e+04 1.227513e+04 1.224451e+04
4.3 1.235949e+04 1.227865e+04 1.227838e+04 1.235922e+04
5.3 1.230324e+04 1.228080e+04 1.226611e+04 1.228855e+04
6.3 1.224366e+04 1.226157e+04 1.225275e+04 1.223485e+04
7.3 1.219252e+04 1.223868e+04 1.224390e+04 1.219773e+04
8.3 1.215653e+04 1.221745e+04 1.223916e+04 1.217824e+04
9.3 1.216055e+04 1.219702e+04 1.223717e+04 1.220070e+04
10.3 1.224633e+04 1.218950e+04 1.223689e+04 1.229373e+04
11.3 1.226594e+04 1.221538e+04 1.223751e+04 1.228807e+04
12.3 1.221897e+04 1.223853e+04 1.223842e+04 1.221886e+04
13.3 1.217042e+04 1.224206e+04 1.223926e+04 1.216762e+04
14.3 1.219106e+04 1.224390e+04 1.223986e+04 1.218702e+04
15.3 1.227506e+04 1.224858e+04 1.224025e+04 1.226673e+04
16.3 1.233533e+04 1.225878e+04 1.224046e+04 1.231701e+04
17.3 1.233601e+04 1.227070e+04 1.224057e+04 1.230589e+04
18.3 1.225457e+04 1.226239e+04 1.224062e+04 1.223280e+04
19.3 1.224991e+04 1.224995e+04 1.224065e+04 1.224061e+04
20.3 1.217154e+04 1.224812e+04 1.224066e+04 1.216408e+04
21.3 1.225161e+04 1.225182e+04 1.224066e+04 1.224045e+04
0.5 1.217478e+04 1.223261e+04 1.224068e+04 1.218284e+04
1.5 1.233992e+04 1.223306e+04 1.224462e+04 1.235148e+04
2.5 1.230719e+04 1.224672e+04 1.226312e+04 1.232359e+04
3.5 1.232131e+04 1.226670e+04 1.228658e+04 1.234118e+04
4.5 1.225517e+04 1.227079e+04 1.229130e+04 1.227568e+04
5.5 1.225115e+04 1.225529e+04 1.227638e+04 1.227224e+04
6.5 1.213211e+04 1.222776e+04 1.225850e+04 1.216285e+04
7.5 1.215097e+04 1.220218e+04 1.224607e+04 1.219486e+04
8.5 1.219935e+04 1.220406e+04 1.223927e+04 1.223456e+04
9.5 1.229155e+04 1.223052e+04 1.223633e+04 1.229736e+04
10.5 1.226770e+04 1.224109e+04 1.223576e+04 1.226238e+04
11.5 1.226289e+04 1.224163e+04 1.223647e+04 1.225774e+04
12.5 1.221160e+04 1.224646e+04 1.223763e+04 1.220276e+04
13.5 1.218004e+04 1.225907e+04 1.223873e+04 1.215971e+04
14.5 1.231632e+04 1.227155e+04 1.223955e+04 1.228431e+04
15.5 1.234504e+04 1.226304e+04 1.224008e+04 1.232208e+04
16.5 1.230793e+04 1.225153e+04 1.224038e+04 1.229678e+04
17.5 1.221018e+04 1.224910e+04 1.224053e+04 1.220160e+04
18.5 1.211916e+04 1.225992e+04 1.224061e+04 1.209984e+04
19.5 1.214390e+04 1.226735e+04 1.224064e+04 1.211720e+04
20.5 1.214103e+04 1.225480e+04 1.224065e+04 1.212688e+04
21.5 1.206477e+04 1.223671e+04 1.224066e+04 1.206873e+04
0.5 1.227138e+04 1.226367e+04 1.224068e+04 1.224839e+04
1.5 1.228705e+04 1.225953e+04 1.224462e+04 1.227214e+04
2.5 1.224084e+04 1.225985e+04 1.226072e+04 1.224171e+04
3.5 1.224489e+04 1.227092e+04 1.226984e+04 1.224381e+04
4.5 1.228799e+04 1.227810e+04 1.226364e+04 1.227354e+04
5.5 1.227999e+04 1.226589e+04 1.225577e+04 1.226987e+04
6.5 1.223839e+04 1.226044e+04 1.226433e+04 1.224228e+04
7.5 1.223016e+04 1.226881e+04 1.228404e+04 1.224538e+04
8.5 1.227662e+04 1.227764e+04 1.229019e+04 1.228918e+04
9.5 1.226763e+04 1.228524e+04 1.227641e+04 1.225880e+04
10.5 1.219307e+04 1.227891e+04 1.225837e+04 1.217253e+04
11.5 1.219281e+04 1.226637e+04 1.224563e+04 1.217208e+04
12.5 1.217566e+04 1.226744e+04 1.223876e+04 1.214698e+04
13.5 1.218345e+04 1.226120e+04 1.223586e+04 1.215811e+04
14.5 1.216665e+04 1.223618e+04 1.223536e+04 1.216584e+04
15.5 1.215777e+04 1.221892e+04 1.223614e+04 1.217499e+04
16.5 1.215984e+04 1.221343e+04 1.223738e+04 1.218379e+04
17.5 1.215592e+04 1.221248e+04 1.223855e+04 1.218199e+04
18.5 1.212894e+04 1.221302e+04 1.223944e+04 1.215535e+04
19.5 1.221078e+04 1.221091e+04 1.224001e+04 1.223988e+04
20.5 1.224198e+04 1.220129e+04 1.224034e+04 1.228103e+04
21.5 1.226545e+04 1.219154e+04 1.224051e+04 1.231442e+04
0.4 1.228799e+04 1.227810e+04 1.226364e+04 1.227354e+04
1.4 1.227999e+04 1.226589e+04 1.225577e+04 1.226987e+04
2.4 1.223839e+04 1.226044e+04 1.226433e+04 1.224228e+04
3.4 1.223016e+04 1.226881e+04 1.228404e+04 1.224538e+04
4.4 1.227662e+04 1.227764e+04 1.229019e+04 1.228918e+04
5.4 1.226763e+04 1.228524e+04 1.227641e+04 1.225880e+04
6.4 1.219307e+04 1.227891e+04 1.225837e+04 1.217253e+04
7.4 1.219281e+04 1.226637e+04 1.224563e+04 1.217208e+04
8.4 1.217566e+04 1.226744e+04 1.223876e+04 1.214698e+04
9.4 1.218345e+04 1.226120e+04 1.223586e+04 1.215811e+04
10.4 1.216665e+04 1.223618e+04 1.223536e+04 1.216584e+04
11.4 1.215777e+04 1.221892e+04 1.223614e+04 1.217499e+04
12.4 1.215984e+04 1.221343e+04 1.223738e+04 1.218379e+04
13.4 1.215592e+04 1.221248e+04 1.223855e+04 1.218199e+04
14.4 1.212894e+04 1.221302e+04 1.223944e+04 1.215535e+04
15.4 1.221078e+04 1.221091e+04 1.224001e+04 1.223988e+04
16.4 1.224198e+04 1.220129e+04 1.224034e+04 1.228103e+04
17.4 1.226545e+04 1.219154e+04 1.224051e+04 1.231442e+04
18.4 1.221199e+04 1.219454e+04 1.224060e+04 1.225804e+04
19.4 1.213822e+04 1.220959e+04 1.224064e+04 1.216926e+04
20.4 1.210037e+04 1.223012e+04 1.224065e+04 1.211090e+04
21.4 1.224720e+04 1.224346e+04 1.224066e+04 1.224440e+04
0.5 1.217201e+04 1.222949e+04 1.224068e+04 1.218320e+04
1.5 1.214711e+04 1.222769e+04 1.224462e+04 1.216405e+04
2.5 1.219066e+04 1.224259e+04 1.226291e+04 1.221098e+04
3.5 1.219566e+04 1.226260e+04 1.228051e+04 1.221358e+04
4.5 1.228903e+04 1.228117e+04 1.227742e+04 1.228529e+04
5.5 1.225943e+04 1.227857e+04 1.226313e+04 1.224399e+04
6.5 1.220354e+04 1.225752e+04 1.225039e+04 1.219641e+04
7.5 1.219672e+04 1.223658e+04 1.224252e+04 1.220266e+04
8.5 1.216470e+04 1.222313e+04 1.223851e+04 1.218008e+04
9.5 1.220885e+04 1.221639e+04 1.223701e+04 1.222947e+04
10.5 1.225869e+04 1.221995e+04 1.223701e+04 1.227574e+04
11.5 1.229250e+04 1.224023e+04 1.223774e+04 1.229001e+04
12.5 1.220924e+04 1.225213e+04 1.223866e+04 1.219576e+04
13.5 1.215207e+04 1.224683e+04 1.223944e+04 1.214469e+04
14.5 1.209311e+04 1.223711e+04 1.223998e+04 1.209598e+04
15.5 1.209679e+04 1.223741e+04 1.224032e+04 1.209970e+04
16.5 1.213176e+04 1.224528e+04 1.224050e+04 1.212698e+04
17.5 1.233962e+04 1.226299e+04 1.224059e+04 1.231722e+04
18.5 1.233690e+04 1.226717e+04 1.224063e+04 1.231037e+04
19.5 1.230786e+04 1.225226e+04 1.224065e+04 1.229625e+04
20.5 1.226165e+04 1.223495e+04 1.224066e+04 1.226736e+04
21.5 1.219788e+04 1.222342e+04 1.224066e+04 1.221512e+04
