0.8 4.596070e+03 4.650620e+03 4.642664e+03 4.588114e+03
1.8 4.611847e+03 4.649263e+03 4.639603e+03 4.602187e+03
2.8 4.631592e+03 4.640487e+03 4.633076e+03 4.624181e+03
3.8 4.590221e+03 4.641502e+03 4.631632e+03 4.580351e+03
4.8 4.654233e+03 4.646913e+03 4.635077e+03 4.642397e+03
5.8 4.620915e+03 4.647696e+03 4.638997e+03 4.612216e+03
6.8 4.629909e+03 4.645881e+03 4.641621e+03 4.625648e+03
7.8 4.630685e+03 4.643511e+03 4.643042e+03 4.630216e+03
8.8 4.663294e+03 4.639873e+03 4.643666e+03 4.667087e+03
9.8 4.623846e+03 4.636507e+03 4.643790e+03 4.631129e+03
10.8 4.649355e+03 4.640140e+03 4.643641e+03 4.652856e+03
11.8 4.587128e+03 4.648060e+03 4.643396e+03 4.582463e+03
12.8 4.661256e+03 4.650010e+03 4.643163e+03 4.654410e+03
13.8 4.617429e+03 4.646307e+03 4.642991e+03 4.614112e+03
14.8 4.656267e+03 4.640912e+03 4.642881e+03 4.658236e+03
15.8 4.620087e+03 4.635987e+03 4.642819e+03 4.626919e+03
16.8 4.662854e+03 4.633380e+03 4.642787e+03 4.672262e+03
17.8 4.639331e+03 4.634810e+03 4.642772e+03 4.647293e+03
18.8 4.643059e+03 4.635928e+03 4.642765e+03 4.649897e+03
19.8 4.622739e+03 4.635156e+03 4.642762e+03 4.630345e+03
20.8 4.620774e+03 4.634123e+03 4.642761e+03 4.629412e+03
21.8 4.653172e+03 4.632901e+03 4.642761e+03 4.663031e+03
0.4 4.619785e+03 4.640532e+03 4.642759e+03 4.622012e+03
1.4 4.631485e+03 4.646494e+03 4.641639e+03 4.626630e+03
2.4 4.638410e+03 4.642638e+03 4.635053e+03 4.630825e+03
3.4 4.640913e+03 4.631283e+03 4.625628e+03 4.635258e+03
4.4 4.624704e+03 4.628399e+03 4.622662e+03 4.618967e+03
5.4 4.671402e+03 4.638371e+03 4.627953e+03 4.660983e+03
6.4 4.661724e+03 4.645615e+03 4.635069e+03 4.651178e+03
7.4 4.675082e+03 4.646773e+03 4.640213e+03 4.668522e+03
8.4 4.662146e+03 4.645073e+03 4.643091e+03 4.660165e+03
9.4 4.629570e+03 4.642695e+03 4.644382e+03 4.631256e+03
10.4 4.665277e+03 4.640208e+03 4.644684e+03 4.669754e+03
11.4 4.611148e+03 4.636443e+03 4.644444e+03 4.619150e+03
12.4 4.649116e+03 4.635686e+03 4.643998e+03 4.657428e+03
13.4 4.632009e+03 4.636327e+03 4.643560e+03 4.639243e+03
14.4 4.638275e+03 4.633484e+03 4.643226e+03 4.648018e+03
15.4 4.647528e+03 4.629914e+03 4.643008e+03 4.660623e+03
16.4 4.667728e+03 4.635521e+03 4.642883e+03 4.675090e+03
17.4 4.653831e+03 4.645658e+03 4.642817e+03 4.650990e+03
18.4 4.651507e+03 4.649306e+03 4.642785e+03 4.644985e+03
19.4 4.642307e+03 4.648018e+03 4.642771e+03 4.637060e+03
20.4 4.641713e+03 4.645058e+03 4.642765e+03 4.639419e+03
21.4 4.668524e+03 4.641914e+03 4.642762e+03 4.669372e+03
0.4 4.661796e+03 4.649710e+03 4.642760e+03 4.654846e+03
1.4 4.667828e+03 4.648413e+03 4.641732e+03 4.661147e+03
2.4 4.661761e+03 4.639930e+03 4.635953e+03 4.657784e+03
3.4 4.676853e+03 4.636762e+03 4.631668e+03 4.671759e+03
4.4 4.636109e+03 4.643494e+03 4.633496e+03 4.626110e+03
5.4 4.660783e+03 4.647025e+03 4.637518e+03 4.651276e+03
6.4 4.635975e+03 4.644427e+03 4.640686e+03 4.632234e+03
7.4 4.669249e+03 4.640440e+03 4.642542e+03 4.671350e+03
8.4 4.682768e+03 4.644241e+03 4.643451e+03 4.681978e+03
9.4 4.664874e+03 4.650141e+03 4.643757e+03 4.658490e+03
10.4 4.633381e+03 4.650197e+03 4.643705e+03 4.626889e+03
11.4 4.654211e+03 4.647047e+03 4.643170e+03 4.650335e+03
12.4 4.641357e+03 4.640087e+03 4.638464e+03 4.639734e+03
13.4 4.627080e+03 4.629237e+03 4.628922e+03 4.626765e+03
14.4 4.646500e+03 4.623385e+03 4.622693e+03 4.645807e+03
15.4 4.621663e+03 4.632327e+03 4.625678e+03 4.615014e+03
16.4 4.648490e+03 4.642901e+03 4.632797e+03 4.638386e+03
17.4 4.631020e+03 4.645966e+03 4.638747e+03 4.623801e+03
18.4 4.637960e+03 4.643165e+03 4.642326e+03 4.637121e+03
19.4 4.624698e+03 4.639071e+03 4.644080e+03 4.629707e+03
20.4 4.665922e+03 4.641221e+03 4.644663e+03 4.669363e+03
21.4 4.660299e+03 4.648733e+03 4.644565e+03 4.656131e+03
0.1 4.633381e+03 4.650197e+03 4.643705e+03 4.626889e+03
1.1 4.654211e+03 4.647047e+03 4.643170e+03 4.650335e+03
2.1 4.641357e+03 4.640087e+03 4.638464e+03 4.639734e+03
3.1 4.627080e+03 4.629237e+03 4.628922e+03 4.626765e+03
4.1 4.646500e+03 4.623385e+03 4.622693e+03 4.645807e+03
5.1 4.621663e+03 4.632327e+03 4.625678e+03 4.615014e+03
6.1 4.648490e+03 4.642901e+03 4.632797e+03 4.638386e+03
7.1 4.631020e+03 4.645966e+03 4.638747e+03 4.623801e+03
8.1 4.637960e+03 4.643165e+03 4.642326e+03 4.637121e+03
9.1 4.624698e+03 4.639071e+03 4.644080e+03 4.629707e+03
10.1 4.665922e+03 4.641221e+03 4.644663e+03 4.669363e+03
11.1 4.660299e+03 4.648733e+03 4.644565e+03 4.656131e+03
12.1 4.652646e+03 4.650660e+03 4.644159e+03 4.646145e+03
13.1 4.669540e+03 4.645480e+03 4.643701e+03 4.667761e+03
14.1 4.640554e+03 4.636677e+03 4.643327e+03 4.647203e+03
15.1 4.614795e+03 4.631908e+03 4.643071e+03 4.625958e+03
16.1 4.653439e+03 4.638890e+03 4.642734e+03 4.657284e+03
17.1 4.638607e+03 4.642797e+03 4.638956e+03 4.634767e+03
18.1 4.636306e+03 4.638829e+03 4.632585e+03 4.630062e+03
19.1 4.617983e+03 4.642875e+03 4.631884e+03 4.606992e+03
20.1 4.665836e+03 4.648481e+03 4.635568e+03 4.652923e+03
21.1 4.662252e+03 4.648677e+03 4.639371e+03 4.652946e+03
1.0 4.653439e+03 4.638890e+03 4.642734e+03 4.657284e+03
2.0 4.638607e+03 4.642797e+03 4.638956e+03 4.634767e+03
3.0 4.636306e+03 4.638829e+03 4.632585e+03 4.630062e+03
4.0 4.617983e+03 4.642875e+03 4.631884e+03 4.606992e+03
5.0 4.665836e+03 4.648481e+03 4.635568e+03 4.652923e+03
6.0 4.662252e+03 4.648677e+03 4.639371e+03 4.652946e+03
7.0 4.678087e+03 4.644845e+03 4.641836e+03 4.675078e+03
8.0 4.642707e+03 4.640083e+03 4.643147e+03 4.645771e+03
9.0 4.650928e+03 4.642564e+03 4.643701e+03 4.652064e+03
10.0 4.680863e+03 4.649122e+03 4.643783e+03 4.675524e+03
11.0 4.674805e+03 4.650044e+03 4.643615e+03 4.668376e+03
12.0 4.672930e+03 4.646783e+03 4.643367e+03 4.669513e+03
13.0 4.651835e+03 4.646489e+03 4.643140e+03 4.648486e+03
14.0 4.671082e+03 4.651545e+03 4.642975e+03 4.662511e+03
15.0 4.663056e+03 4.652216e+03 4.642872e+03 4.653712e+03
16.0 4.655948e+03 4.648649e+03 4.642814e+03 4.650113e+03
17.0 4.669760e+03 4.644503e+03 4.642785e+03 4.668042e+03
18.0 4.674567e+03 4.646011e+03 4.642771e+03 4.671327e+03
19.0 4.673224e+03 4.651134e+03 4.642765e+03 4.664855e+03
20.0 4.664000e+03 4.651015e+03 4.642762e+03 4.655748e+03
21.0 4.646016e+03 4.647697e+03 4.642761e+03 4.641080e+03
22.0 4.649664e+03 4.644749e+03 4.642761e+03 4.647675e+03
0.2 4.673773e+03 4.643025e+03 4.642761e+03 4.673508e+03
1.2 4.675936e+03 4.641561e+03 4.642123e+03 4.676498e+03
2.2 4.607852e+03 4.635742e+03 4.636589e+03 4.608699e+03
3.2 4.655968e+03 4.627948e+03 4.628416e+03 4.656436e+03
4.2 4.645439e+03 4.632135e+03 4.627293e+03 4.640598e+03
5.2 4.668587e+03 4.642121e+03 4.632291e+03 4.658757e+03
6.2 4.653729e+03 4.643354e+03 4.637723e+03 4.648098e+03
7.2 4.653391e+03 4.637075e+03 4.641335e+03 4.657651e+03
8.2 4.626082e+03 4.631547e+03 4.643274e+03 4.637810e+03
9.2 4.621967e+03 4.629066e+03 4.644098e+03 4.636998e+03
10.2 4.619734e+03 4.629636e+03 4.644232e+03 4.634330e+03
11.2 4.636777e+03 4.631317e+03 4.644000e+03 4.649460e+03
12.2 4.621091e+03 4.631830e+03 4.643645e+03 4.632907e+03
13.2 4.628790e+03 4.634350e+03 4.643318e+03 4.637759e+03
14.2 4.623241e+03 4.637152e+03 4.643078e+03 4.629167e+03
15.2 4.641529e+03 4.637566e+03 4.642926e+03 4.646889e+03
16.2 4.638331e+03 4.635576e+03 4.642841e+03 4.645596e+03
17.2 4.602665e+03 4.635278e+03 4.642797e+03 4.610184e+03
18.2 4.620770e+03 4.635660e+03 4.642776e+03 4.627886e+03
19.2 4.630183e+03 4.635297e+03 4.642767e+03 4.637652e+03
20.2 4.590970e+03 4.634386e+03 4.642756e+03 4.599340e+03
21.2 4.627118e+03 4.632011e+03 4.641212e+03 4.636318e+03
0.5 4.590970e+03 4.634386e+03 4.642756e+03 4.599340e+03
1.5 4.627118e+03 4.632011e+03 4.641212e+03 4.636318e+03
2.5 4.607269e+03 4.627109e+03 4.633975e+03 4.614135e+03
3.5 4.618811e+03 4.621577e+03 4.624798e+03 4.622033e+03
4.5 4.638850e+03 4.625802e+03 4.622951e+03 4.635999e+03
5.5 4.621612e+03 4.639266e+03 4.628789e+03 4.611135e+03
6.5 4.678773e+03 4.647036e+03 4.635783e+03 4.667520e+03
7.5 4.656520e+03 4.645662e+03 4.640646e+03 4.651504e+03
8.5 4.637463e+03 4.639137e+03 4.643306e+03 4.641633e+03
9.5 4.612443e+03 4.639495e+03 4.644457e+03 4.617405e+03
10.5 4.606581e+03 4.647044e+03 4.644677e+03 4.604213e+03
11.5 4.646615e+03 4.649466e+03 4.644399e+03 4.641547e+03
12.5 4.656328e+03 4.644307e+03 4.643945e+03 4.655966e+03
13.5 4.680535e+03 4.636904e+03 4.643516e+03 4.687147e+03
14.5 4.608014e+03 4.639365e+03 4.643195e+03 4.611844e+03
15.5 4.599863e+03 4.646786e+03 4.642990e+03 4.596067e+03
16.5 4.645517e+03 4.648729e+03 4.642873e+03 4.639660e+03
17.5 4.626358e+03 4.647049e+03 4.642812e+03 4.622121e+03
18.5 4.618791e+03 4.645100e+03 4.642783e+03 4.616474e+03
19.5 4.656759e+03 4.642483e+03 4.642770e+03 4.657045e+03
20.5 4.574664e+03 4.637823e+03 4.642764e+03 4.579605e+03
21.5 4.648178e+03 4.640631e+03 4.642762e+03 4.650309e+03
0.9 4.649493e+03 4.646384e+03 4.642603e+03 4.645711e+03
1.9 4.642382e+03 4.647402e+03 4.639080e+03 4.634060e+03
2.9 4.585523e+03 4.639682e+03 4.632841e+03 4.578682e+03
3.9 4.579976e+03 4.632216e+03 4.632091e+03 4.579851e+03
4.9 4.613630e+03 4.631282e+03 4.635679e+03 4.618027e+03
5.9 4.641129e+03 4.634922e+03 4.639411e+03 4.645618e+03
6.9 4.653637e+03 4.638799e+03 4.641782e+03 4.656619e+03
7.9 4.656560e+03 4.638848e+03 4.640455e+03 4.658167e+03
8.9 4.644566e+03 4.631989e+03 4.632644e+03 4.645222e+03
9.9 4.612064e+03 4.624204e+03 4.624379e+03 4.612239e+03
10.9 4.603205e+03 4.621885e+03 4.624410e+03 4.605730e+03
11.9 4.609593e+03 4.623663e+03 4.630810e+03 4.616740e+03
12.9 4.594325e+03 4.625376e+03 4.637322e+03 4.606271e+03
13.9 4.608543e+03 4.626943e+03 4.641561e+03 4.623161e+03
14.9 4.629487e+03 4.628917e+03 4.643771e+03 4.644340e+03
15.9 4.626328e+03 4.633531e+03 4.644637e+03 4.637433e+03
16.9 4.617784e+03 4.638929e+03 4.644692e+03 4.623547e+03
17.9 4.630667e+03 4.642166e+03 4.644336e+03 4.632837e+03
18.9 4.612956e+03 4.641571e+03 4.643865e+03 4.615250e+03
19.9 4.619628e+03 4.640924e+03 4.643448e+03 4.622152e+03
20.9 4.649435e+03 4.647486e+03 4.643148e+03 4.645097e+03
21.9 4.641210e+03 4.652220e+03 4.642961e+03 4.631952e+03
0.7 4.653637e+03 4.638799e+03 4.641782e+03 4.656619e+03
1.7 4.656560e+03 4.638848e+03 4.640455e+03 4.658167e+03
2.7 4.644566e+03 4.631989e+03 4.632644e+03 4.645222e+03
3.7 4.612064e+03 4.624204e+03 4.624379e+03 4.612239e+03
4.7 4.603205e+03 4.621885e+03 4.624410e+03 4.605730e+03
5.7 4.609593e+03 4.623663e+03 4.630810e+03 4.616740e+03
6.7 4.594325e+03 4.625376e+03 4.637322e+03 4.606271e+03
7.7 4.608543e+03 4.626943e+03 4.641561e+03 4.623161e+03
8.7 4.629487e+03 4.628917e+03 4.643771e+03 4.644340e+03
9.7 4.626328e+03 4.633531e+03 4.644637e+03 4.637433e+03
10.7 4.617784e+03 4.638929e+03 4.644692e+03 4.623547e+03
11.7 4.630667e+03 4.642166e+03 4.644336e+03 4.632837e+03
12.7 4.612956e+03 4.641571e+03 4.643865e+03 4.615250e+03
13.7 4.619628e+03 4.640924e+03 4.643448e+03 4.622152e+03
14.7 4.649435e+03 4.647486e+03 4.643148e+03 4.645097e+03
15.7 4.641210e+03 4.652220e+03 4.642961e+03 4.631952e+03
16.7 4.644533e+03 4.650930e+03 4.642857e+03 4.636460e+03
17.7 4.642640e+03 4.647709e+03 4.642804e+03 4.637735e+03
18.7 4.649270e+03 4.645157e+03 4.642779e+03 4.646893e+03
19.7 4.661290e+03 4.643592e+03 4.642768e+03 4.660466e+03
20.7 4.655494e+03 4.642471e+03 4.642763e+03 4.655786e+03
21.7 4.648870e+03 4.641059e+03 4.642761e+03 4.650573e+03
0.9 4.646675e+03 4.653558e+03 4.642603e+03 4.635720e+03
1.9 4.640739e+03 4.647553e+03 4.639013e+03 4.632199e+03
2.9 4.625676e+03 4.634823e+03 4.630024e+03 4.620877e+03
3.9 4.614323e+03 4.625474e+03 4.622838e+03 4.611687e+03
4.9 4.652062e+03 4.631445e+03 4.624737e+03 4.645354e+03
5.9 4.640835e+03 4.641955e+03 4.631738e+03 4.630618e+03
6.9 4.647690e+03 4.645544e+03 4.638027e+03 4.640174e+03
7.9 4.644572e+03 4.643791e+03 4.641936e+03 4.642717e+03
8.9 4.660183e+03 4.639245e+03 4.643911e+03 4.664849e+03
9.9 4.649906e+03 4.637635e+03 4.644630e+03 4.656901e+03
10.9 4.624987e+03 4.639093e+03 4.644605e+03 4.630499e+03
11.9 4.593312e+03 4.640986e+03 4.644224e+03 4.596551e+03
12.9 4.618437e+03 4.642273e+03 4.643764e+03 4.619927e+03
13.9 4.638835e+03 4.642997e+03 4.643373e+03 4.639211e+03
14.9 4.626055e+03 4.643344e+03 4.643100e+03 4.625811e+03
