0.8 1.201285e+04 1.203187e+04 1.202294e+04 1.200393e+04
1.8 1.204829e+04 1.203734e+04 1.202366e+04 1.203462e+04
2.8 1.204857e+04 1.202825e+04 1.202456e+04 1.204488e+04
3.8 1.203751e+04 1.201832e+04 1.202446e+04 1.204364e+04
4.8 1.203953e+04 1.202401e+04 1.202385e+04 1.203937e+04
5.8 1.214505e+04 1.204154e+04 1.202332e+04 1.212683e+04
6.8 1.207031e+04 1.204873e+04 1.202336e+04 1.204493e+04
7.8 1.207070e+04 1.203820e+04 1.202424e+04 1.205675e+04
8.8 1.200205e+04 1.202228e+04 1.202446e+04 1.200423e+04
9.8 1.198231e+04 1.201015e+04 1.202394e+04 1.199610e+04
10.8 1.203735e+04 1.200328e+04 1.202337e+04 1.205744e+04
11.8 1.206651e+04 1.200025e+04 1.202301e+04 1.208927e+04
12.8 1.204187e+04 1.199966e+04 1.202283e+04 1.206503e+04
13.8 1.199549e+04 1.200570e+04 1.202275e+04 1.201255e+04
14.8 1.204899e+04 1.202520e+04 1.202275e+04 1.204653e+04
15.8 1.203793e+04 1.203995e+04 1.202308e+04 1.202107e+04
16.8 1.207448e+04 1.203627e+04 1.202418e+04 1.206239e+04
17.8 1.202265e+04 1.202798e+04 1.202455e+04 1.201923e+04
18.8 1.203022e+04 1.203172e+04 1.202409e+04 1.202260e+04
19.8 1.207829e+04 1.202774e+04 1.202350e+04 1.207405e+04
20.8 1.208312e+04 1.201242e+04 1.202310e+04 1.209381e+04
0.5 1.214505e+04 1.204154e+04 1.202332e+04 1.212683e+04
1.5 1.207031e+04 1.204873e+04 1.202336e+04 1.204493e+04
2.5 1.207070e+04 1.203820e+04 1.202424e+04 1.205675e+04
3.5 1.200205e+04 1.202228e+04 1.202446e+04 1.200423e+04
4.5 1.198231e+04 1.201015e+04 1.202394e+04 1.199610e+04
5.5 1.203735e+04 1.200328e+04 1.202337e+04 1.205744e+04
6.5 1.206651e+04 1.200025e+04 1.202301e+04 1.208927e+04
7.5 1.204187e+04 1.199966e+04 1.202283e+04 1.206503e+04
8.5 1.199549e+04 1.200570e+04 1.202275e+04 1.201255e+04
9.5 1.204899e+04 1.202520e+04 1.202275e+04 1.204653e+04
10.5 1.203793e+04 1.203995e+04 1.202308e+04 1.202107e+04
11.5 1.207448e+04 1.203627e+04 1.202418e+04 1.206239e+04
12.5 1.202265e+04 1.202798e+04 1.202455e+04 1.201923e+04
13.5 1.203022e+04 1.203172e+04 1.202409e+04 1.202260e+04
14.5 1.207829e+04 1.202774e+04 1.202350e+04 1.207405e+04
15.5 1.208312e+04 1.201242e+04 1.202310e+04 1.209381e+04
16.5 1.203273e+04 1.200510e+04 1.202288e+04 1.205051e+04
17.5 1.199684e+04 1.201781e+04 1.202278e+04 1.200182e+04
18.5 1.204594e+04 1.203977e+04 1.202276e+04 1.202893e+04
19.5 1.212680e+04 1.204417e+04 1.202278e+04 1.210541e+04
20.5 1.205485e+04 1.202999e+04 1.202282e+04 1.204767e+04
0.4 1.204899e+04 1.202520e+04 1.202275e+04 1.204653e+04
1.4 1.203793e+04 1.203995e+04 1.202308e+04 1.202107e+04
2.4 1.207448e+04 1.203627e+04 1.202418e+04 1.206239e+04
3.4 1.202265e+04 1.202798e+04 1.202455e+04 1.201923e+04
4.4 1.203022e+04 1.203172e+04 1.202409e+04 1.202260e+04
5.4 1.207829e+04 1.202774e+04 1.202350e+04 1.207405e+04
6.4 1.208312e+04 1.201242e+04 1.202310e+04 1.209381e+04
7.4 1.203273e+04 1.200510e+04 1.202288e+04 1.205051e+04
8.4 1.199684e+04 1.201781e+04 1.202278e+04 1.200182e+04
9.4 1.204594e+04 1.203977e+04 1.202276e+04 1.202893e+04
10.4 1.212680e+04 1.204417e+04 1.202278e+04 1.210541e+04
11.4 1.205485e+04 1.202999e+04 1.202282e+04 1.204767e+04
12.4 1.203133e+04 1.203587e+04 1.202285e+04 1.201831e+04
13.4 1.202743e+04 1.206021e+04 1.202288e+04 1.199009e+04
14.4 1.205521e+04 1.206510e+04 1.202289e+04 1.201301e+04
15.4 1.202149e+04 1.204039e+04 1.202290e+04 1.200401e+04
16.4 1.199333e+04 1.201590e+04 1.202291e+04 1.200034e+04
17.4 1.198573e+04 1.200435e+04 1.202291e+04 1.200429e+04
18.4 1.200303e+04 1.201030e+04 1.202291e+04 1.201564e+04
19.4 1.207262e+04 1.202789e+04 1.202291e+04 1.206764e+04
20.4 1.208239e+04 1.203799e+04 1.202320e+04 1.206760e+04
0.4 1.207262e+04 1.202789e+04 1.202291e+04 1.206764e+04
1.4 1.208239e+04 1.203799e+04 1.202320e+04 1.206760e+04
2.4 1.204745e+04 1.203229e+04 1.202425e+04 1.203941e+04
3.4 1.199418e+04 1.202037e+04 1.202462e+04 1.199843e+04
4.4 1.201425e+04 1.201606e+04 1.202415e+04 1.202233e+04
5.4 1.205374e+04 1.202904e+04 1.202354e+04 1.204823e+04
6.4 1.203279e+04 1.204533e+04 1.202312e+04 1.201058e+04
7.4 1.209385e+04 1.203962e+04 1.202289e+04 1.207712e+04
8.4 1.206827e+04 1.201932e+04 1.202279e+04 1.207173e+04
9.4 1.200290e+04 1.200558e+04 1.202276e+04 1.202009e+04
10.4 1.203156e+04 1.200350e+04 1.202278e+04 1.205084e+04
11.4 1.201182e+04 1.201657e+04 1.202281e+04 1.201806e+04
12.4 1.209568e+04 1.203059e+04 1.202303e+04 1.208812e+04
13.4 1.209453e+04 1.203086e+04 1.202407e+04 1.208774e+04
14.4 1.199712e+04 1.203068e+04 1.202462e+04 1.199106e+04
15.4 1.191918e+04 1.203996e+04 1.202423e+04 1.190344e+04
16.4 1.200212e+04 1.204572e+04 1.202379e+04 1.198019e+04
17.4 1.198539e+04 1.203722e+04 1.202436e+04 1.197253e+04
18.4 1.194412e+04 1.202250e+04 1.202464e+04 1.194626e+04
19.4 1.191812e+04 1.201051e+04 1.202412e+04 1.193173e+04
20.4 1.202847e+04 1.200504e+04 1.202346e+04 1.204689e+04
0.2 1.201182e+04 1.201657e+04 1.202281e+04 1.201806e+04
1.2 1.209568e+04 1.203059e+04 1.202303e+04 1.208812e+04
2.2 1.209453e+04 1.203086e+04 1.202407e+04 1.208774e+04
3.2 1.199712e+04 1.203068e+04 1.202462e+04 1.199106e+04
4.2 1.191918e+04 1.203996e+04 1.202423e+04 1.190344e+04
5.2 1.200212e+04 1.204572e+04 1.202379e+04 1.198019e+04
6.2 1.198539e+04 1.203722e+04 1.202436e+04 1.197253e+04
7.2 1.194412e+04 1.202250e+04 1.202464e+04 1.194626e+04
8.2 1.191812e+04 1.201051e+04 1.202412e+04 1.193173e+04
9.2 1.202847e+04 1.200504e+04 1.202346e+04 1.204689e+04
10.2 1.200421e+04 1.201486e+04 1.202303e+04 1.201238e+04
11.2 1.197419e+04 1.203316e+04 1.202281e+04 1.196384e+04
12.2 1.209270e+04 1.203184e+04 1.202273e+04 1.208359e+04
13.2 1.203339e+04 1.202239e+04 1.202272e+04 1.203372e+04
14.2 1.202605e+04 1.202607e+04 1.202275e+04 1.202273e+04
15.2 1.202156e+04 1.202037e+04 1.202280e+04 1.202399e+04
16.2 1.200440e+04 1.200750e+04 1.202284e+04 1.201975e+04
17.2 1.196695e+04 1.200060e+04 1.202287e+04 1.198922e+04
18.2 1.200486e+04 1.199925e+04 1.202289e+04 1.202851e+04
19.2 1.206259e+04 1.200027e+04 1.202290e+04 1.208522e+04
20.2 1.205282e+04 1.200932e+04 1.202291e+04 1.206641e+04
0.2 1.191918e+04 1.203996e+04 1.202423e+04 1.190344e+04
1.2 1.200212e+04 1.204572e+04 1.202379e+04 1.198019e+04
2.2 1.198539e+04 1.203722e+04 1.202436e+04 1.197253e+04
3.2 1.194412e+04 1.202250e+04 1.202464e+04 1.194626e+04
4.2 1.191812e+04 1.201051e+04 1.202412e+04 1.193173e+04
5.2 1.202847e+04 1.200504e+04 1.202346e+04 1.204689e+04
6.2 1.200421e+04 1.201486e+04 1.202303e+04 1.201238e+04
7.2 1.197419e+04 1.203316e+04 1.202281e+04 1.196384e+04
8.2 1.209270e+04 1.203184e+04 1.202273e+04 1.208359e+04
9.2 1.203339e+04 1.202239e+04 1.202272e+04 1.203372e+04
10.2 1.202605e+04 1.202607e+04 1.202275e+04 1.202273e+04
11.2 1.202156e+04 1.202037e+04 1.202280e+04 1.202399e+04
12.2 1.200440e+04 1.200750e+04 1.202284e+04 1.201975e+04
13.2 1.196695e+04 1.200060e+04 1.202287e+04 1.198922e+04
14.2 1.200486e+04 1.199925e+04 1.202289e+04 1.202851e+04
15.2 1.206259e+04 1.200027e+04 1.202290e+04 1.208522e+04
16.2 1.205282e+04 1.200932e+04 1.202291e+04 1.206641e+04
17.2 1.201422e+04 1.202986e+04 1.202292e+04 1.200728e+04
18.2 1.202445e+04 1.204080e+04 1.202341e+04 1.200705e+04
19.2 1.203558e+04 1.203728e+04 1.202444e+04 1.202274e+04
20.2 1.201583e+04 1.204058e+04 1.202456e+04 1.199981e+04
0.6 1.201422e+04 1.202986e+04 1.202292e+04 1.200728e+04
1.6 1.202445e+04 1.204080e+04 1.202341e+04 1.200705e+04
2.6 1.203558e+04 1.203728e+04 1.202444e+04 1.202274e+04
3.6 1.201583e+04 1.204058e+04 1.202456e+04 1.199981e+04
4.6 1.206619e+04 1.204621e+04 1.202400e+04 1.204397e+04
5.6 1.201173e+04 1.203208e+04 1.202342e+04 1.200308e+04
6.6 1.201946e+04 1.201421e+04 1.202305e+04 1.202830e+04
7.6 1.199122e+04 1.201556e+04 1.202286e+04 1.199852e+04
8.6 1.204051e+04 1.202722e+04 1.202277e+04 1.203607e+04
9.6 1.206533e+04 1.202251e+04 1.202276e+04 1.206558e+04
10.6 1.208011e+04 1.201664e+04 1.202279e+04 1.208625e+04
11.6 1.201843e+04 1.203006e+04 1.202282e+04 1.201119e+04
12.6 1.204420e+04 1.204526e+04 1.202286e+04 1.202179e+04
13.6 1.201644e+04 1.203633e+04 1.202288e+04 1.200299e+04
14.6 1.200456e+04 1.201650e+04 1.202290e+04 1.201096e+04
15.6 1.195844e+04 1.200790e+04 1.202291e+04 1.197344e+04
16.6 1.199691e+04 1.202299e+04 1.202291e+04 1.199683e+04
17.6 1.200151e+04 1.203313e+04 1.202291e+04 1.199130e+04
18.6 1.208592e+04 1.202116e+04 1.202291e+04 1.208768e+04
19.6 1.204131e+04 1.200994e+04 1.202291e+04 1.205429e+04
20.6 1.203908e+04 1.201745e+04 1.202291e+04 1.204454e+04
0.3 1.210815e+04 1.203781e+04 1.202291e+04 1.209325e+04
1.3 1.214874e+04 1.204760e+04 1.202312e+04 1.212425e+04
2.3 1.204676e+04 1.204052e+04 1.202414e+04 1.203038e+04
3.3 1.199656e+04 1.203530e+04 1.202464e+04 1.198590e+04
4.3 1.200813e+04 1.203613e+04 1.202450e+04 1.199650e+04
5.3 1.193871e+04 1.202902e+04 1.202494e+04 1.193463e+04
6.3 1.201066e+04 1.201753e+04 1.202487e+04 1.201799e+04
7.3 1.203377e+04 1.201685e+04 1.202414e+04 1.204106e+04
8.3 1.208897e+04 1.202600e+04 1.202362e+04 1.208659e+04
9.3 1.204229e+04 1.202595e+04 1.202419e+04 1.204053e+04
10.3 1.211444e+04 1.202130e+04 1.202447e+04 1.211761e+04
11.3 1.207858e+04 1.202996e+04 1.202399e+04 1.207261e+04
12.3 1.204701e+04 1.204631e+04 1.202339e+04 1.202408e+04
13.3 1.205480e+04 1.204883e+04 1.202354e+04 1.202951e+04
14.3 1.198233e+04 1.204072e+04 1.202435e+04 1.196596e+04
15.3 1.197673e+04 1.204914e+04 1.202434e+04 1.195193e+04
16.3 1.203323e+04 1.206884e+04 1.202377e+04 1.198816e+04
17.3 1.205472e+04 1.206561e+04 1.202324e+04 1.201235e+04
18.3 1.204151e+04 1.203716e+04 1.202293e+04 1.202727e+04
19.3 1.201787e+04 1.201341e+04 1.202278e+04 1.202724e+04
20.3 1.198413e+04 1.201093e+04 1.202273e+04 1.199594e+04
0.4 1.199656e+04 1.203530e+04 1.202464e+04 1.198590e+04
1.4 1.200813e+04 1.203613e+04 1.202450e+04 1.199650e+04
2.4 1.193871e+04 1.202902e+04 1.202494e+04 1.193463e+04
3.4 1.201066e+04 1.201753e+04 1.202487e+04 1.201799e+04
4.4 1.203377e+04 1.201685e+04 1.202414e+04 1.204106e+04
5.4 1.208897e+04 1.202600e+04 1.202362e+04 1.208659e+04
6.4 1.204229e+04 1.202595e+04 1.202419e+04 1.204053e+04
7.4 1.211444e+04 1.202130e+04 1.202447e+04 1.211761e+04
8.4 1.207858e+04 1.202996e+04 1.202399e+04 1.207261e+04
9.4 1.204701e+04 1.204631e+04 1.202339e+04 1.202408e+04
10.4 1.205480e+04 1.204883e+04 1.202354e+04 1.202951e+04
11.4 1.198233e+04 1.204072e+04 1.202435e+04 1.196596e+04
12.4 1.197673e+04 1.204914e+04 1.202434e+04 1.195193e+04
13.4 1.203323e+04 1.206884e+04 1.202377e+04 1.198816e+04
14.4 1.205472e+04 1.206561e+04 1.202324e+04 1.201235e+04
15.4 1.204151e+04 1.203716e+04 1.202293e+04 1.202727e+04
16.4 1.201787e+04 1.201341e+04 1.202278e+04 1.202724e+04
17.4 1.198413e+04 1.201093e+04 1.202273e+04 1.199594e+04
18.4 1.197769e+04 1.202618e+04 1.202274e+04 1.197425e+04
19.4 1.202469e+04 1.202904e+04 1.202278e+04 1.201842e+04
20.4 1.213221e+04 1.201461e+04 1.202282e+04 1.214042e+04
0.3 1.203377e+04 1.201685e+04 1.202414e+04 1.204106e+04
1.3 1.208897e+04 1.202600e+04 1.202362e+04 1.208659e+04
2.3 1.204229e+04 1.202595e+04 1.202419e+04 1.204053e+04
3.3 1.211444e+04 1.202130e+04 1.202447e+04 1.211761e+04
4.3 1.207858e+04 1.202996e+04 1.202399e+04 1.207261e+04
5.3 1.204701e+04 1.204631e+04 1.202339e+04 1.202408e+04
6.3 1.205480e+04 1.204883e+04 1.202354e+04 1.202951e+04
7.3 1.198233e+04 1.204072e+04 1.202435e+04 1.196596e+04
8.3 1.197673e+04 1.204914e+04 1.202434e+04 1.195193e+04
9.3 1.203323e+04 1.206884e+04 1.202377e+04 1.198816e+04
10.3 1.205472e+04 1.206561e+04 1.202324e+04 1.201235e+04
11.3 1.204151e+04 1.203716e+04 1.202293e+04 1.202727e+04
12.3 1.201787e+04 1.201341e+04 1.202278e+04 1.202724e+04
13.3 1.198413e+04 1.201093e+04 1.202273e+04 1.199594e+04
14.3 1.197769e+04 1.202618e+04 1.202274e+04 1.197425e+04
15.3 1.202469e+04 1.202904e+04 1.202278e+04 1.201842e+04
16.3 1.213221e+04 1.201461e+04 1.202282e+04 1.214042e+04
17.3 1.217894e+04 1.200476e+04 1.202286e+04 1.219704e+04
18.3 1.204817e+04 1.201336e+04 1.202288e+04 1.205770e+04
19.3 1.194564e+04 1.203178e+04 1.202290e+04 1.193676e+04
20.3 1.188328e+04 1.203064e+04 1.202291e+04 1.187555e+04
0.7 1.204701e+04 1.204631e+04 1.202339e+04 1.202408e+04
1.7 1.205480e+04 1.204883e+04 1.202354e+04 1.202951e+04
2.7 1.198233e+04 1.204072e+04 1.202435e+04 1.196596e+04
3.7 1.197673e+04 1.204914e+04 1.202434e+04 1.195193e+04
4.7 1.203323e+04 1.206884e+04 1.202377e+04 1.198816e+04
5.7 1.205472e+04 1.206561e+04 1.202324e+04 1.201235e+04
6.7 1.204151e+04 1.203716e+04 1.202293e+04 1.202727e+04
7.7 1.201787e+04 1.201341e+04 1.202278e+04 1.202724e+04
8.7 1.198413e+04 1.201093e+04 1.202273e+04 1.199594e+04
9.7 1.197769e+04 1.202618e+04 1.202274e+04 1.197425e+04
10.7 1.202469e+04 1.202904e+04 1.202278e+04 1.201842e+04
11.7 1.213221e+04 1.201461e+04 1.202282e+04 1.214042e+04
12.7 1.217894e+04 1.200476e+04 1.202286e+04 1.219704e+04
13.7 1.204817e+04 1.201336e+04 1.202288e+04 1.205770e+04
14.7 1.194564e+04 1.203178e+04 1.202290e+04 1.193676e+04
15.7 1.188328e+04 1.203064e+04 1.202291e+04 1.187555e+04
16.7 1.193186e+04 1.201513e+04 1.202291e+04 1.193965e+04
17.7 1.188055e+04 1.200473e+04 1.202291e+04 1.189873e+04
18.7 1.189212e+04 1.200111e+04 1.202291e+04 1.191392e+04
19.7 1.203786e+04 1.200050e+04 1.202291e+04 1.206028e+04
20.7 1.197578e+04 1.200556e+04 1.202291e+04 1.199313e+04
0.2 1.199388e+04 1.202438e+04 1.202291e+04 1.199242e+04
1.2 1.207158e+04 1.203568e+04 1.202308e+04 1.205898e+04
2.2 1.210211e+04 1.203629e+04 1.202408e+04 1.208990e+04
3.2 1.207073e+04 1.202473e+04 1.202464e+04 1.207064e+04
4.2 1.201705e+04 1.201268e+04 1.202425e+04 1.202862e+04
5.2 1.205382e+04 1.200530e+04 1.202363e+04 1.207215e+04
6.2 1.209778e+04 1.201053e+04 1.202318e+04 1.211043e+04
7.2 1.206175e+04 1.203761e+04 1.202292e+04 1.204707e+04
8.2 1.207398e+04 1.206606e+04 1.202283e+04 1.203075e+04
9.2 1.205913e+04 1.206709e+04 1.202354e+04 1.201558e+04
10.2 1.214055e+04 1.205220e+04 1.202443e+04 1.211279e+04
11.2 1.212255e+04 1.204859e+04 1.202434e+04 1.209831e+04
12.2 1.205896e+04 1.204673e+04 1.202410e+04 1.203633e+04
13.2 1.200804e+04 1.203382e+04 1.202466e+04 1.199888e+04
14.2 1.196029e+04 1.201764e+04 1.202466e+04 1.196731e+04
15.2 1.196875e+04 1.200617e+04 1.202401e+04 1.198660e+04
16.2 1.199704e+04 1.200401e+04 1.202336e+04 1.201638e+04
17.2 1.198478e+04 1.201882e+04 1.202295e+04 1.198891e+04
18.2 1.208109e+04 1.203393e+04 1.202276e+04 1.206993e+04
19.2 1.201642e+04 1.202588e+04 1.202270e+04 1.201324e+04
20.2 1.203200e+04 1.201090e+04 1.202271e+04 1.204381e+04
0.9 1.207398e+04 1.206606e+04 1.202283e+04 1.203075e+04
1.9 1.205913e+04 1.206709e+04 1.202354e+04 1.201558e+04
2.9 1.214055e+04 1.205220e+04 1.202443e+04 1.211279e+04
3.9 1.212255e+04 1.204859e+04 1.202434e+04 1.209831e+04
4.9 1.205896e+04 1.204673e+04 1.202410e+04 1.203633e+04
5.9 1.200804e+04 1.203382e+04 1.202466e+04 1.199888e+04
6.9 1.196029e+04 1.201764e+04 1.202466e+04 1.196731e+04
7.9 1.196875e+04 1.200617e+04 1.202401e+04 1.198660e+04
8.9 1.199704e+04 1.200401e+04 1.202336e+04 1.201638e+04
9.9 1.198478e+04 1.201882e+04 1.202295e+04 1.198891e+04
10.9 1.208109e+04 1.203393e+04 1.202276e+04 1.206993e+04
11.9 1.201642e+04 1.202588e+04 1.202270e+04 1.201324e+04
12.9 1.203200e+04 1.201090e+04 1.202271e+04 1.204381e+04
13.9 1.197010e+04 1.200300e+04 1.202275e+04 1.198985e+04
14.9 1.201139e+04 1.200061e+04 1.202280e+04 1.203359e+04
15.9 1.199402e+04 1.200034e+04 1.202285e+04 1.201652e+04
16.9 1.204631e+04 1.200092e+04 1.202288e+04 1.206826e+04
17.9 1.195816e+04 1.200559e+04 1.202289e+04 1.197546e+04
18.9 1.197044e+04 1.201910e+04 1.202294e+04 1.197428e+04
19.9 1.194833e+04 1.202622e+04 1.202372e+04 1.194584e+04
20.9 1.197829e+04 1.202220e+04 1.202458e+04 1.198067e+04
0.4 1.212255e+04 1.204859e+04 1.202434e+04 1.209831e+04
1.4 1.205896e+04 1.204673e+04 1.202410e+04 1.203633e+04
2.4 1.200804e+04 1.203382e+04 1.202466e+04 1.199888e+04
3.4 1.196029e+04 1.201764e+04 1.202466e+04 1.196731e+04
4.4 1.196875e+04 1.200617e+04 1.202401e+04 1.198660e+04
5.4 1.199704e+04 1.200401e+04 1.202336e+04 1.201638e+04
6.4 1.198478e+04 1.201882e+04 1.202295e+04 1.198891e+04
7.4 1.208109e+04 1.203393e+04 1.202276e+04 1.206993e+04
8.4 1.201642e+04 1.202588e+04 1.202270e+04 1.201324e+04
9.4 1.203200e+04 1.201090e+04 1.202271e+04 1.204381e+04
10.4 1.197010e+04 1.200300e+04 1.202275e+04 1.198985e+04
11.4 1.201139e+04 1.200061e+04 1.202280e+04 1.203359e+04
12.4 1.199402e+04 1.200034e+04 1.202285e+04 1.201652e+04
13.4 1.204631e+04 1.200092e+04 1.202288e+04 1.206826e+04
14.4 1.195816e+04 1.200559e+04 1.202289e+04 1.197546e+04
15.4 1.197044e+04 1.201910e+04 1.202294e+04 1.197428e+04
16.4 1.194833e+04 1.202622e+04 1.202372e+04 1.194584e+04
17.4 1.197829e+04 1.202220e+04 1.202458e+04 1.198067e+04
18.4 1.214283e+04 1.201757e+04 1.202443e+04 1.214969e+04
19.4 1.205852e+04 1.202732e+04 1.202382e+04 1.205502e+04
20.4 1.205471e+04 1.203941e+04 1.202330e+04 1.203860e+04
0.9 1.197044e+04 1.201910e+04 1.202294e+04 1.197428e+04
1.9 1.194833e+04 1.202622e+04 1.202372e+04 1.194584e+04
2.9 1.197829e+04 1.202220e+04 1.202458e+04 1.198067e+04
3.9 1.214283e+04 1.201757e+04 1.202443e+04 1.214969e+04
4.9 1.205852e+04 1.202732e+04 1.202382e+04 1.205502e+04
5.9 1.205471e+04 1.203941e+04 1.202330e+04 1.203860e+04
6.9 1.199394e+04 1.202968e+04 1.202298e+04 1.198725e+04
7.9 1.202187e+04 1.201273e+04 1.202282e+04 1.203197e+04
8.9 1.193850e+04 1.200345e+04 1.202277e+04 1.195782e+04
9.9 1.187287e+04 1.200047e+04 1.202277e+04 1.189517e+04
10.9 1.193725e+04 1.200007e+04 1.202280e+04 1.195997e+04
11.9 1.194115e+04 1.200067e+04 1.202283e+04 1.196331e+04
12.9 1.192930e+04 1.200550e+04 1.202287e+04 1.194667e+04
13.9 1.197361e+04 1.202103e+04 1.202292e+04 1.197549e+04
14.9 1.202452e+04 1.202999e+04 1.202365e+04 1.201817e+04
15.9 1.204426e+04 1.202556e+04 1.202456e+04 1.204325e+04
16.9 1.208577e+04 1.201653e+04 1.202446e+04 1.209371e+04
17.9 1.210539e+04 1.200984e+04 1.202385e+04 1.211941e+04
18.9 1.209476e+04 1.201366e+04 1.202332e+04 1.210442e+04
19.9 1.209457e+04 1.202164e+04 1.202300e+04 1.209593e+04
20.9 1.209022e+04 1.201447e+04 1.202283e+04 1.209858e+04
0.8 1.197361e+04 1.202103e+04 1.202292e+04 1.197549e+04
1.8 1.202452e+04 1.202999e+04 1.202365e+04 1.201817e+04
2.8 1.204426e+04 1.202556e+04 1.202456e+04 1.204325e+04
3.8 1.208577e+04 1.201653e+04 1.202446e+04 1.209371e+04
4.8 1.210539e+04 1.200984e+04 1.202385e+04 1.211941e+04
5.8 1.209476e+04 1.201366e+04 1.202332e+04 1.210442e+04
6.8 1.209457e+04 1.202164e+04 1.202300e+04 1.209593e+04
7.8 1.209022e+04 1.201447e+04 1.202283e+04 1.209858e+04
8.8 1.201338e+04 1.200503e+04 1.202277e+04 1.203111e+04
9.8 1.200738e+04 1.201343e+04 1.202276e+04 1.201672e+04
10.8 1.199205e+04 1.204378e+04 1.202279e+04 1.197107e+04
11.8 1.206446e+04 1.206831e+04 1.202283e+04 1.201898e+04
12.8 1.208583e+04 1.205701e+04 1.202286e+04 1.205168e+04
13.8 1.199610e+04 1.203043e+04 1.202289e+04 1.198855e+04
14.8 1.201460e+04 1.202036e+04 1.202290e+04 1.201713e+04
15.8 1.205844e+04 1.202299e+04 1.202319e+04 1.205865e+04
16.8 1.203665e+04 1.202002e+04 1.202425e+04 1.204089e+04
17.8 1.201316e+04 1.201227e+04 1.202462e+04 1.202551e+04
18.8 1.202915e+04 1.200583e+04 1.202414e+04 1.204747e+04
19.8 1.196405e+04 1.200247e+04 1.202354e+04 1.198512e+04
20.8 1.195607e+04 1.200132e+04 1.202312e+04 1.197787e+04
0.4 1.201460e+04 1.202036e+04 1.202290e+04 1.201713e+04
1.4 1.205844e+04 1.202299e+04 1.202319e+04 1.205865e+04
2.4 1.203665e+04 1.202002e+04 1.202425e+04 1.204089e+04
3.4 1.201316e+04 1.201227e+04 1.202462e+04 1.202551e+04
4.4 1.202915e+04 1.200583e+04 1.202414e+04 1.204747e+04
5.4 1.196405e+04 1.200247e+04 1.202354e+04 1.198512e+04
6.4 1.195607e+04 1.200132e+04 1.202312e+04 1.197787e+04
7.4 1.196158e+04 1.200131e+04 1.202289e+04 1.198317e+04
8.4 1.202062e+04 1.200183e+04 1.202279e+04 1.204157e+04
