0.7 1.178442e+04 1.179361e+04 1.181099e+04 1.180179e+04
1.7 1.180743e+04 1.180075e+04 1.181015e+04 1.181683e+04
2.7 1.178979e+04 1.180065e+04 1.180738e+04 1.179652e+04
3.7 1.180630e+04 1.179874e+04 1.180455e+04 1.181212e+04
4.7 1.184145e+04 1.180622e+04 1.180458e+04 1.183981e+04
5.7 1.186955e+04 1.181682e+04 1.180679e+04 1.185952e+04
6.7 1.180942e+04 1.181680e+04 1.180904e+04 1.180167e+04
7.7 1.182260e+04 1.180786e+04 1.181052e+04 1.182526e+04
8.7 1.176161e+04 1.178840e+04 1.181130e+04 1.178451e+04
9.7 1.176691e+04 1.177292e+04 1.181161e+04 1.180560e+04
10.7 1.179848e+04 1.177943e+04 1.181164e+04 1.183069e+04
11.7 1.176618e+04 1.178400e+04 1.181152e+04 1.179371e+04
12.7 1.181536e+04 1.177280e+04 1.181137e+04 1.185393e+04
13.7 1.173806e+04 1.176484e+04 1.181123e+04 1.178445e+04
14.7 1.183245e+04 1.177819e+04 1.181113e+04 1.186539e+04
15.7 1.188601e+04 1.179533e+04 1.181107e+04 1.190175e+04
16.7 1.180581e+04 1.180371e+04 1.181103e+04 1.181313e+04
17.7 1.185912e+04 1.180709e+04 1.181102e+04 1.186305e+04
18.7 1.183145e+04 1.181673e+04 1.181101e+04 1.182573e+04
19.7 1.183304e+04 1.183087e+04 1.181100e+04 1.181317e+04
20.7 1.189698e+04 1.184050e+04 1.181100e+04 1.186748e+04
21.7 1.189778e+04 1.184424e+04 1.181100e+04 1.186454e+04
0.9 1.180241e+04 1.180015e+04 1.181096e+04 1.181321e+04
1.9 1.177453e+04 1.179557e+04 1.180980e+04 1.178877e+04
2.9 1.185904e+04 1.179199e+04 1.180697e+04 1.187402e+04
3.9 1.179842e+04 1.179431e+04 1.180559e+04 1.180970e+04
4.9 1.181494e+04 1.180538e+04 1.180680e+04 1.181637e+04
5.9 1.177896e+04 1.182084e+04 1.180873e+04 1.176685e+04
6.9 1.181429e+04 1.183341e+04 1.181018e+04 1.179106e+04
7.9 1.178699e+04 1.184029e+04 1.181100e+04 1.175770e+04
8.9 1.176408e+04 1.183390e+04 1.181139e+04 1.174157e+04
9.9 1.175451e+04 1.180871e+04 1.181150e+04 1.175730e+04
10.9 1.181642e+04 1.178181e+04 1.181145e+04 1.184606e+04
11.9 1.181769e+04 1.178292e+04 1.181134e+04 1.184611e+04
12.9 1.179794e+04 1.180282e+04 1.181122e+04 1.180634e+04
13.9 1.181069e+04 1.182420e+04 1.181113e+04 1.179762e+04
14.9 1.185277e+04 1.183793e+04 1.181107e+04 1.182591e+04
15.9 1.182173e+04 1.184379e+04 1.181104e+04 1.178897e+04
16.9 1.186576e+04 1.183912e+04 1.181102e+04 1.183765e+04
17.9 1.182998e+04 1.182420e+04 1.181101e+04 1.181678e+04
18.9 1.182524e+04 1.180577e+04 1.181100e+04 1.183047e+04
19.9 1.185504e+04 1.179915e+04 1.181100e+04 1.186689e+04
20.9 1.178428e+04 1.180684e+04 1.181100e+04 1.178844e+04
21.9 1.180495e+04 1.181059e+04 1.181100e+04 1.180537e+04
0.1 1.184463e+04 1.184198e+04 1.181100e+04 1.181366e+04
1.1 1.179879e+04 1.182936e+04 1.181089e+04 1.178032e+04
2.1 1.185743e+04 1.181307e+04 1.180939e+04 1.185374e+04
3.1 1.179279e+04 1.179952e+04 1.180624e+04 1.179950e+04
4.1 1.180907e+04 1.179374e+04 1.180418e+04 1.181952e+04
5.1 1.184090e+04 1.180306e+04 1.180522e+04 1.184306e+04
6.1 1.185148e+04 1.180814e+04 1.180763e+04 1.185097e+04
7.1 1.177875e+04 1.180343e+04 1.180964e+04 1.178496e+04
8.1 1.178497e+04 1.180915e+04 1.181085e+04 1.178667e+04
9.1 1.184882e+04 1.181484e+04 1.181144e+04 1.184542e+04
10.1 1.185160e+04 1.181285e+04 1.181164e+04 1.185039e+04
11.1 1.193312e+04 1.181591e+04 1.181161e+04 1.192882e+04
12.1 1.188487e+04 1.182697e+04 1.181147e+04 1.186936e+04
13.1 1.188765e+04 1.183613e+04 1.181132e+04 1.186284e+04
14.1 1.186176e+04 1.183662e+04 1.181119e+04 1.183633e+04
15.1 1.185853e+04 1.182394e+04 1.181111e+04 1.184570e+04
16.1 1.183578e+04 1.180011e+04 1.181105e+04 1.184672e+04
17.1 1.183255e+04 1.178673e+04 1.181103e+04 1.185684e+04
18.1 1.179573e+04 1.179588e+04 1.181101e+04 1.181087e+04
19.1 1.181807e+04 1.180365e+04 1.181101e+04 1.182542e+04
20.1 1.179772e+04 1.180141e+04 1.181100e+04 1.180731e+04
21.1 1.185405e+04 1.178813e+04 1.181100e+04 1.187692e+04
0.1 1.181046e+04 1.179717e+04 1.181100e+04 1.182429e+04
1.1 1.183038e+04 1.180974e+04 1.181086e+04 1.183150e+04
2.1 1.177536e+04 1.181059e+04 1.180924e+04 1.177400e+04
3.1 1.180236e+04 1.180395e+04 1.180606e+04 1.180447e+04
4.1 1.178316e+04 1.179965e+04 1.180416e+04 1.178767e+04
5.1 1.186234e+04 1.180551e+04 1.180534e+04 1.186218e+04
6.1 1.182514e+04 1.181743e+04 1.180777e+04 1.181547e+04
7.1 1.181457e+04 1.182780e+04 1.180973e+04 1.179650e+04
8.1 1.181314e+04 1.183092e+04 1.181090e+04 1.179312e+04
9.1 1.183718e+04 1.182473e+04 1.181146e+04 1.182391e+04
10.1 1.183848e+04 1.182103e+04 1.181164e+04 1.182910e+04
11.1 1.186287e+04 1.182469e+04 1.181160e+04 1.184978e+04
12.1 1.176307e+04 1.182705e+04 1.181146e+04 1.174749e+04
13.1 1.182186e+04 1.182414e+04 1.181131e+04 1.180903e+04
14.1 1.185174e+04 1.182674e+04 1.181119e+04 1.183619e+04
15.1 1.182892e+04 1.183461e+04 1.181110e+04 1.180541e+04
16.1 1.185740e+04 1.183693e+04 1.181105e+04 1.183152e+04
17.1 1.189420e+04 1.183037e+04 1.181102e+04 1.187485e+04
18.1 1.175778e+04 1.181268e+04 1.181101e+04 1.175611e+04
19.1 1.175191e+04 1.179376e+04 1.181100e+04 1.176916e+04
20.1 1.179965e+04 1.179066e+04 1.181100e+04 1.181999e+04
21.1 1.184936e+04 1.180254e+04 1.181100e+04 1.185782e+04
1.0 1.183720e+04 1.180790e+04 1.181092e+04 1.184022e+04
2.0 1.183935e+04 1.180479e+04 1.180953e+04 1.184410e+04
3.0 1.172992e+04 1.179924e+04 1.180667e+04 1.173736e+04
4.0 1.169724e+04 1.180276e+04 1.180562e+04 1.170010e+04
5.0 1.180399e+04 1.181346e+04 1.180702e+04 1.179755e+04
6.0 1.184671e+04 1.181480e+04 1.180874e+04 1.184065e+04
7.0 1.184778e+04 1.180802e+04 1.180830e+04 1.184806e+04
8.0 1.176588e+04 1.180079e+04 1.180629e+04 1.177137e+04
9.0 1.175880e+04 1.180568e+04 1.180617e+04 1.175930e+04
10.0 1.176118e+04 1.181454e+04 1.180791e+04 1.175456e+04
11.0 1.173965e+04 1.181388e+04 1.180970e+04 1.173547e+04
12.0 1.172034e+04 1.180852e+04 1.181082e+04 1.172264e+04
13.0 1.170399e+04 1.180399e+04 1.181136e+04 1.171136e+04
14.0 1.169003e+04 1.180069e+04 1.181088e+04 1.170022e+04
15.0 1.170719e+04 1.179775e+04 1.180871e+04 1.171815e+04
16.0 1.179859e+04 1.180482e+04 1.180771e+04 1.180147e+04
17.0 1.185645e+04 1.181462e+04 1.180853e+04 1.185036e+04
18.0 1.181203e+04 1.181701e+04 1.180975e+04 1.180478e+04
19.0 1.180626e+04 1.182265e+04 1.181061e+04 1.179422e+04
20.0 1.181230e+04 1.183108e+04 1.181109e+04 1.179231e+04
21.0 1.180347e+04 1.183409e+04 1.181130e+04 1.178068e+04
22.0 1.178967e+04 1.182693e+04 1.181135e+04 1.177408e+04
0.2 1.180399e+04 1.181346e+04 1.180702e+04 1.179755e+04
1.2 1.184671e+04 1.181480e+04 1.180874e+04 1.184065e+04
2.2 1.184778e+04 1.180802e+04 1.180830e+04 1.184806e+04
3.2 1.176588e+04 1.180079e+04 1.180629e+04 1.177137e+04
4.2 1.175880e+04 1.180568e+04 1.180617e+04 1.175930e+04
5.2 1.176118e+04 1.181454e+04 1.180791e+04 1.175456e+04
6.2 1.173965e+04 1.181388e+04 1.180970e+04 1.173547e+04
7.2 1.172034e+04 1.180852e+04 1.181082e+04 1.172264e+04
8.2 1.170399e+04 1.180399e+04 1.181136e+04 1.171136e+04
9.2 1.169003e+04 1.180069e+04 1.181088e+04 1.170022e+04
10.2 1.170719e+04 1.179775e+04 1.180871e+04 1.171815e+04
11.2 1.179859e+04 1.180482e+04 1.180771e+04 1.180147e+04
12.2 1.185645e+04 1.181462e+04 1.180853e+04 1.185036e+04
13.2 1.181203e+04 1.181701e+04 1.180975e+04 1.180478e+04
14.2 1.180626e+04 1.182265e+04 1.181061e+04 1.179422e+04
15.2 1.181230e+04 1.183108e+04 1.181109e+04 1.179231e+04
16.2 1.180347e+04 1.183409e+04 1.181130e+04 1.178068e+04
17.2 1.178967e+04 1.182693e+04 1.181135e+04 1.177408e+04
18.2 1.184736e+04 1.182570e+04 1.181131e+04 1.183297e+04
19.2 1.185303e+04 1.183302e+04 1.181123e+04 1.183124e+04
20.2 1.179683e+04 1.183814e+04 1.181115e+04 1.176983e+04
21.2 1.188164e+04 1.184037e+04 1.181109e+04 1.185236e+04
0.6 1.170399e+04 1.180399e+04 1.181136e+04 1.171136e+04
1.6 1.169003e+04 1.180069e+04 1.181088e+04 1.170022e+04
2.6 1.170719e+04 1.179775e+04 1.180871e+04 1.171815e+04
3.6 1.179859e+04 1.180482e+04 1.180771e+04 1.180147e+04
4.6 1.185645e+04 1.181462e+04 1.180853e+04 1.185036e+04
5.6 1.181203e+04 1.181701e+04 1.180975e+04 1.180478e+04
6.6 1.180626e+04 1.182265e+04 1.181061e+04 1.179422e+04
7.6 1.181230e+04 1.183108e+04 1.181109e+04 1.179231e+04
8.6 1.180347e+04 1.183409e+04 1.181130e+04 1.178068e+04
9.6 1.178967e+04 1.182693e+04 1.181135e+04 1.177408e+04
10.6 1.184736e+04 1.182570e+04 1.181131e+04 1.183297e+04
11.6 1.185303e+04 1.183302e+04 1.181123e+04 1.183124e+04
12.6 1.179683e+04 1.183814e+04 1.181115e+04 1.176983e+04
13.6 1.188164e+04 1.184037e+04 1.181109e+04 1.185236e+04
14.6 1.175412e+04 1.184146e+04 1.181105e+04 1.172371e+04
15.6 1.181785e+04 1.184217e+04 1.181102e+04 1.178670e+04
16.6 1.175317e+04 1.184146e+04 1.181101e+04 1.172272e+04
17.6 1.172227e+04 1.183100e+04 1.181100e+04 1.170227e+04
18.6 1.177281e+04 1.181239e+04 1.181100e+04 1.177142e+04
19.6 1.172251e+04 1.180536e+04 1.181100e+04 1.172815e+04
20.6 1.175441e+04 1.180439e+04 1.181100e+04 1.176103e+04
21.6 1.173438e+04 1.180187e+04 1.181100e+04 1.174351e+04
0.7 1.173447e+04 1.178850e+04 1.181099e+04 1.175696e+04
1.7 1.179859e+04 1.179926e+04 1.181015e+04 1.180949e+04
2.7 1.178067e+04 1.180174e+04 1.180746e+04 1.178639e+04
3.7 1.177732e+04 1.180204e+04 1.180561e+04 1.178088e+04
4.7 1.178196e+04 1.180839e+04 1.180648e+04 1.178006e+04
5.7 1.177068e+04 1.181114e+04 1.180842e+04 1.176796e+04
6.7 1.178614e+04 1.180862e+04 1.180998e+04 1.178749e+04
7.7 1.175926e+04 1.180770e+04 1.181090e+04 1.176246e+04
8.7 1.176863e+04 1.181732e+04 1.181135e+04 1.176265e+04
9.7 1.180954e+04 1.182950e+04 1.181149e+04 1.179153e+04
10.7 1.190158e+04 1.183747e+04 1.181147e+04 1.187558e+04
11.7 1.183486e+04 1.183335e+04 1.181136e+04 1.181287e+04
12.7 1.176896e+04 1.182075e+04 1.181124e+04 1.175945e+04
13.7 1.184300e+04 1.180919e+04 1.181115e+04 1.184496e+04
14.7 1.178279e+04 1.180199e+04 1.181108e+04 1.179188e+04
15.7 1.179832e+04 1.179844e+04 1.181104e+04 1.181092e+04
16.7 1.180996e+04 1.179356e+04 1.181102e+04 1.182742e+04
17.7 1.175024e+04 1.178159e+04 1.181101e+04 1.177966e+04
18.7 1.177106e+04 1.178176e+04 1.181100e+04 1.180030e+04
19.7 1.173946e+04 1.179347e+04 1.181100e+04 1.175699e+04
20.7 1.175833e+04 1.180056e+04 1.181055e+04 1.176833e+04
21.7 1.180590e+04 1.180041e+04 1.180824e+04 1.181373e+04
0.5 1.173946e+04 1.179347e+04 1.181100e+04 1.175699e+04
1.5 1.175833e+04 1.180056e+04 1.181055e+04 1.176833e+04
2.5 1.180590e+04 1.180041e+04 1.180824e+04 1.181373e+04
3.5 1.173726e+04 1.179968e+04 1.180581e+04 1.174338e+04
4.5 1.183303e+04 1.180998e+04 1.180607e+04 1.182912e+04
5.5 1.178645e+04 1.181750e+04 1.180793e+04 1.177687e+04
6.5 1.178346e+04 1.181481e+04 1.180964e+04 1.177830e+04
7.5 1.175626e+04 1.180889e+04 1.181071e+04 1.175808e+04
8.5 1.184780e+04 1.180433e+04 1.181126e+04 1.185474e+04
9.5 1.180003e+04 1.180166e+04 1.181147e+04 1.180984e+04
10.5 1.184765e+04 1.179976e+04 1.181092e+04 1.185881e+04
11.5 1.183331e+04 1.179733e+04 1.180872e+04 1.184469e+04
12.5 1.181052e+04 1.180084e+04 1.180751e+04 1.181719e+04
13.5 1.177039e+04 1.180769e+04 1.180827e+04 1.177096e+04
14.5 1.183187e+04 1.180872e+04 1.180954e+04 1.183269e+04
15.5 1.182671e+04 1.180555e+04 1.181049e+04 1.183164e+04
16.5 1.181086e+04 1.179482e+04 1.181102e+04 1.182706e+04
17.5 1.178962e+04 1.178415e+04 1.181127e+04 1.181675e+04
18.5 1.180934e+04 1.179414e+04 1.181134e+04 1.182654e+04
19.5 1.168989e+04 1.180552e+04 1.181131e+04 1.169568e+04
20.5 1.177471e+04 1.180478e+04 1.181123e+04 1.178116e+04
21.5 1.170724e+04 1.179546e+04 1.181115e+04 1.172293e+04
0.5 1.180003e+04 1.180166e+04 1.181147e+04 1.180984e+04
1.5 1.184765e+04 1.179976e+04 1.181092e+04 1.185881e+04
2.5 1.183331e+04 1.179733e+04 1.180872e+04 1.184469e+04
3.5 1.181052e+04 1.180084e+04 1.180751e+04 1.181719e+04
4.5 1.177039e+04 1.180769e+04 1.180827e+04 1.177096e+04
5.5 1.183187e+04 1.180872e+04 1.180954e+04 1.183269e+04
6.5 1.182671e+04 1.180555e+04 1.181049e+04 1.183164e+04
7.5 1.181086e+04 1.179482e+04 1.181102e+04 1.182706e+04
8.5 1.178962e+04 1.178415e+04 1.181127e+04 1.181675e+04
9.5 1.180934e+04 1.179414e+04 1.181134e+04 1.182654e+04
10.5 1.168989e+04 1.180552e+04 1.181131e+04 1.169568e+04
11.5 1.177471e+04 1.180478e+04 1.181123e+04 1.178116e+04
12.5 1.170724e+04 1.179546e+04 1.181115e+04 1.172293e+04
13.5 1.172109e+04 1.178850e+04 1.181109e+04 1.174368e+04
14.5 1.181599e+04 1.179830e+04 1.181105e+04 1.182874e+04
15.5 1.179455e+04 1.180982e+04 1.181102e+04 1.179575e+04
16.5 1.181366e+04 1.180269e+04 1.181101e+04 1.182198e+04
17.5 1.174243e+04 1.178976e+04 1.181101e+04 1.176368e+04
18.5 1.177690e+04 1.179354e+04 1.181100e+04 1.179436e+04
19.5 1.179793e+04 1.180110e+04 1.181100e+04 1.180783e+04
20.5 1.181801e+04 1.180359e+04 1.181100e+04 1.182542e+04
21.5 1.179297e+04 1.180330e+04 1.181100e+04 1.180067e+04
