0.6 1.059070e+04 1.065490e+04 1.067521e+04 1.061101e+04
1.6 1.062858e+04 1.064791e+04 1.067896e+04 1.065962e+04
2.6 1.064608e+04 1.065729e+04 1.069333e+04 1.068212e+04
3.6 1.068334e+04 1.067231e+04 1.070945e+04 1.072049e+04
4.6 1.069076e+04 1.068624e+04 1.071080e+04 1.071532e+04
5.6 1.074147e+04 1.069322e+04 1.069926e+04 1.074751e+04
6.6 1.070288e+04 1.068193e+04 1.068747e+04 1.070842e+04
7.6 1.067801e+04 1.067247e+04 1.068791e+04 1.069345e+04
8.6 1.065992e+04 1.067473e+04 1.069885e+04 1.068404e+04
9.6 1.071648e+04 1.068362e+04 1.070087e+04 1.073373e+04
10.6 1.071494e+04 1.068767e+04 1.069213e+04 1.071940e+04
11.6 1.070941e+04 1.067686e+04 1.068249e+04 1.071504e+04
12.6 1.067587e+04 1.067208e+04 1.067629e+04 1.068007e+04
13.6 1.072747e+04 1.067918e+04 1.067320e+04 1.072149e+04
14.6 1.073106e+04 1.068686e+04 1.067207e+04 1.071626e+04
15.6 1.076352e+04 1.069338e+04 1.067206e+04 1.074221e+04
16.6 1.070706e+04 1.068384e+04 1.067264e+04 1.069586e+04
17.6 1.066644e+04 1.066525e+04 1.067338e+04 1.067458e+04
18.6 1.069806e+04 1.065014e+04 1.067405e+04 1.072197e+04
19.6 1.069651e+04 1.064162e+04 1.067453e+04 1.072943e+04
20.6 1.070882e+04 1.063808e+04 1.067483e+04 1.074558e+04
21.6 1.067043e+04 1.064199e+04 1.067501e+04 1.070344e+04
0.1 1.074147e+04 1.069322e+04 1.069926e+04 1.074751e+04
1.1 1.070288e+04 1.068193e+04 1.068747e+04 1.070842e+04
2.1 1.067801e+04 1.067247e+04 1.068791e+04 1.069345e+04
3.1 1.065992e+04 1.067473e+04 1.069885e+04 1.068404e+04
4.1 1.071648e+04 1.068362e+04 1.070087e+04 1.073373e+04
5.1 1.071494e+04 1.068767e+04 1.069213e+04 1.071940e+04
6.1 1.070941e+04 1.067686e+04 1.068249e+04 1.071504e+04
7.1 1.067587e+04 1.067208e+04 1.067629e+04 1.068007e+04
8.1 1.072747e+04 1.067918e+04 1.067320e+04 1.072149e+04
9.1 1.073106e+04 1.068686e+04 1.067207e+04 1.071626e+04
10.1 1.076352e+04 1.069338e+04 1.067206e+04 1.074221e+04
11.1 1.070706e+04 1.068384e+04 1.067264e+04 1.069586e+04
12.1 1.066644e+04 1.066525e+04 1.067338e+04 1.067458e+04
13.1 1.069806e+04 1.065014e+04 1.067405e+04 1.072197e+04
14.1 1.069651e+04 1.064162e+04 1.067453e+04 1.072943e+04
15.1 1.070882e+04 1.063808e+04 1.067483e+04 1.074558e+04
16.1 1.067043e+04 1.064199e+04 1.067501e+04 1.070344e+04
17.1 1.067211e+04 1.065850e+04 1.067509e+04 1.068871e+04
18.1 1.066063e+04 1.067665e+04 1.067514e+04 1.065912e+04
19.1 1.073933e+04 1.069163e+04 1.067516e+04 1.072285e+04
20.1 1.071378e+04 1.069079e+04 1.067516e+04 1.069815e+04
21.1 1.070737e+04 1.068700e+04 1.067517e+04 1.069554e+04
0.4 1.073179e+04 1.069267e+04 1.067517e+04 1.071429e+04
1.4 1.069449e+04 1.068021e+04 1.067741e+04 1.069169e+04
2.4 1.066399e+04 1.067387e+04 1.068980e+04 1.067992e+04
3.4 1.069338e+04 1.067822e+04 1.070701e+04 1.072217e+04
4.4 1.069796e+04 1.068521e+04 1.071194e+04 1.072469e+04
5.4 1.072743e+04 1.069367e+04 1.070196e+04 1.073573e+04
6.4 1.069332e+04 1.069348e+04 1.068895e+04 1.068879e+04
7.4 1.062357e+04 1.068942e+04 1.067964e+04 1.061379e+04
8.4 1.068737e+04 1.068755e+04 1.067446e+04 1.067428e+04
9.4 1.073392e+04 1.069080e+04 1.067216e+04 1.071527e+04
10.4 1.066850e+04 1.068018e+04 1.067164e+04 1.065996e+04
11.4 1.063210e+04 1.066348e+04 1.067210e+04 1.064072e+04
12.4 1.066875e+04 1.066335e+04 1.067292e+04 1.067832e+04
13.4 1.072273e+04 1.068000e+04 1.067372e+04 1.071644e+04
14.4 1.071221e+04 1.069380e+04 1.067433e+04 1.069274e+04
15.4 1.069423e+04 1.070103e+04 1.067472e+04 1.066792e+04
16.4 1.067165e+04 1.069041e+04 1.067495e+04 1.065619e+04
17.4 1.064403e+04 1.067674e+04 1.067507e+04 1.064236e+04
18.4 1.064643e+04 1.068356e+04 1.067512e+04 1.063799e+04
19.4 1.065732e+04 1.069879e+04 1.067515e+04 1.063368e+04
20.4 1.072420e+04 1.070785e+04 1.067516e+04 1.069150e+04
21.4 1.073633e+04 1.070382e+04 1.067517e+04 1.070768e+04
0.5 1.070798e+04 1.069286e+04 1.067517e+04 1.069030e+04
1.5 1.072823e+04 1.070409e+04 1.067760e+04 1.070173e+04
2.5 1.071532e+04 1.070364e+04 1.069019e+04 1.070187e+04
3.5 1.071867e+04 1.069863e+04 1.070344e+04 1.072348e+04
4.5 1.072304e+04 1.069912e+04 1.070202e+04 1.072594e+04
5.5 1.072351e+04 1.069276e+04 1.069191e+04 1.072267e+04
6.5 1.066938e+04 1.068798e+04 1.068258e+04 1.066399e+04
7.5 1.068395e+04 1.069134e+04 1.067674e+04 1.066936e+04
8.5 1.068878e+04 1.069839e+04 1.067398e+04 1.066437e+04
9.5 1.075822e+04 1.070035e+04 1.067909e+04 1.073696e+04
10.5 1.069051e+04 1.069739e+04 1.069538e+04 1.068850e+04
11.5 1.069625e+04 1.069315e+04 1.070944e+04 1.071254e+04
12.5 1.065782e+04 1.069453e+04 1.070707e+04 1.067036e+04
13.5 1.068297e+04 1.068968e+04 1.069487e+04 1.068817e+04
14.5 1.063952e+04 1.067312e+04 1.068362e+04 1.065002e+04
15.5 1.065958e+04 1.066386e+04 1.067657e+04 1.067229e+04
16.5 1.063710e+04 1.066926e+04 1.067300e+04 1.064083e+04
17.5 1.066026e+04 1.068001e+04 1.067170e+04 1.065195e+04
18.5 1.066403e+04 1.067526e+04 1.067304e+04 1.066182e+04
19.5 1.069850e+04 1.067110e+04 1.068422e+04 1.071163e+04
20.5 1.066845e+04 1.067550e+04 1.069992e+04 1.069286e+04
21.5 1.070598e+04 1.068643e+04 1.070225e+04 1.072181e+04
0.9 1.068878e+04 1.069839e+04 1.067398e+04 1.066437e+04
1.9 1.075822e+04 1.070035e+04 1.067909e+04 1.073696e+04
2.9 1.069051e+04 1.069739e+04 1.069538e+04 1.068850e+04
3.9 1.069625e+04 1.069315e+04 1.070944e+04 1.071254e+04
4.9 1.065782e+04 1.069453e+04 1.070707e+04 1.067036e+04
5.9 1.068297e+04 1.068968e+04 1.069487e+04 1.068817e+04
6.9 1.063952e+04 1.067312e+04 1.068362e+04 1.065002e+04
7.9 1.065958e+04 1.066386e+04 1.067657e+04 1.067229e+04
8.9 1.063710e+04 1.066926e+04 1.067300e+04 1.064083e+04
9.9 1.066026e+04 1.068001e+04 1.067170e+04 1.065195e+04
10.9 1.066403e+04 1.067526e+04 1.067304e+04 1.066182e+04
11.9 1.069850e+04 1.067110e+04 1.068422e+04 1.071163e+04
12.9 1.066845e+04 1.067550e+04 1.069992e+04 1.069286e+04
13.9 1.070598e+04 1.068643e+04 1.070225e+04 1.072181e+04
14.9 1.066286e+04 1.068897e+04 1.069344e+04 1.066732e+04
15.9 1.062275e+04 1.067456e+04 1.068385e+04 1.063204e+04
16.9 1.063759e+04 1.065778e+04 1.067749e+04 1.065730e+04
17.9 1.061799e+04 1.065296e+04 1.067409e+04 1.063912e+04
18.9 1.064137e+04 1.066131e+04 1.067266e+04 1.065272e+04
19.9 1.067128e+04 1.067154e+04 1.067246e+04 1.067220e+04
20.9 1.069884e+04 1.068538e+04 1.067291e+04 1.068637e+04
21.9 1.068333e+04 1.068591e+04 1.067356e+04 1.067098e+04
0.3 1.066026e+04 1.068001e+04 1.067170e+04 1.065195e+04
1.3 1.066403e+04 1.067526e+04 1.067304e+04 1.066182e+04
2.3 1.069850e+04 1.067110e+04 1.068422e+04 1.071163e+04
3.3 1.066845e+04 1.067550e+04 1.069992e+04 1.069286e+04
4.3 1.070598e+04 1.068643e+04 1.070225e+04 1.072181e+04
5.3 1.066286e+04 1.068897e+04 1.069344e+04 1.066732e+04
6.3 1.062275e+04 1.067456e+04 1.068385e+04 1.063204e+04
7.3 1.063759e+04 1.065778e+04 1.067749e+04 1.065730e+04
8.3 1.061799e+04 1.065296e+04 1.067409e+04 1.063912e+04
9.3 1.064137e+04 1.066131e+04 1.067266e+04 1.065272e+04
10.3 1.067128e+04 1.067154e+04 1.067246e+04 1.067220e+04
11.3 1.069884e+04 1.068538e+04 1.067291e+04 1.068637e+04
12.3 1.068333e+04 1.068591e+04 1.067356e+04 1.067098e+04
13.3 1.064118e+04 1.067471e+04 1.067416e+04 1.064063e+04
14.3 1.062528e+04 1.067402e+04 1.067460e+04 1.062585e+04
15.3 1.066991e+04 1.068208e+04 1.067487e+04 1.066270e+04
16.3 1.070719e+04 1.069054e+04 1.067502e+04 1.069167e+04
17.3 1.073169e+04 1.069496e+04 1.067510e+04 1.071183e+04
18.3 1.065921e+04 1.068276e+04 1.067514e+04 1.065159e+04
19.3 1.059649e+04 1.067656e+04 1.067516e+04 1.059508e+04
20.3 1.062670e+04 1.068973e+04 1.067516e+04 1.061213e+04
21.3 1.069227e+04 1.070306e+04 1.067517e+04 1.066437e+04
0.5 1.070038e+04 1.068125e+04 1.067518e+04 1.069432e+04
1.5 1.071771e+04 1.068239e+04 1.067801e+04 1.071334e+04
2.5 1.069571e+04 1.068108e+04 1.069129e+04 1.070593e+04
3.5 1.066847e+04 1.068400e+04 1.070813e+04 1.069261e+04
4.5 1.068442e+04 1.068857e+04 1.071153e+04 1.070738e+04
5.5 1.066751e+04 1.069393e+04 1.070081e+04 1.067440e+04
6.5 1.066653e+04 1.069224e+04 1.068797e+04 1.066227e+04
7.5 1.059625e+04 1.068787e+04 1.067905e+04 1.058743e+04
8.5 1.068242e+04 1.068726e+04 1.067417e+04 1.066933e+04
9.5 1.078266e+04 1.068984e+04 1.067205e+04 1.076487e+04
10.5 1.068167e+04 1.067856e+04 1.067165e+04 1.067476e+04
11.5 1.070757e+04 1.067253e+04 1.067216e+04 1.070721e+04
12.5 1.066718e+04 1.068438e+04 1.067299e+04 1.065579e+04
13.5 1.068347e+04 1.069787e+04 1.067378e+04 1.065938e+04
14.5 1.079794e+04 1.070117e+04 1.067437e+04 1.077114e+04
15.5 1.073953e+04 1.068635e+04 1.067475e+04 1.072792e+04
16.5 1.066944e+04 1.068046e+04 1.067496e+04 1.066395e+04
17.5 1.063793e+04 1.069019e+04 1.067507e+04 1.062282e+04
18.5 1.063663e+04 1.070087e+04 1.067513e+04 1.061088e+04
19.5 1.064695e+04 1.069875e+04 1.067515e+04 1.062336e+04
20.5 1.058330e+04 1.067928e+04 1.067516e+04 1.057918e+04
21.5 1.054862e+04 1.065840e+04 1.067517e+04 1.056539e+04
0.5 1.072652e+04 1.069311e+04 1.067518e+04 1.070859e+04
1.5 1.065251e+04 1.068283e+04 1.067801e+04 1.064769e+04
2.5 1.064898e+04 1.067662e+04 1.068957e+04 1.066193e+04
3.5 1.065059e+04 1.068235e+04 1.069612e+04 1.066435e+04
4.5 1.066996e+04 1.068808e+04 1.069167e+04 1.067355e+04
5.5 1.065050e+04 1.067852e+04 1.068602e+04 1.065800e+04
6.5 1.062264e+04 1.067307e+04 1.069216e+04 1.064173e+04
7.5 1.061378e+04 1.067807e+04 1.070631e+04 1.064203e+04
8.5 1.066078e+04 1.068516e+04 1.071073e+04 1.068635e+04
9.5 1.070876e+04 1.069463e+04 1.070083e+04 1.071496e+04
10.5 1.068509e+04 1.069799e+04 1.068789e+04 1.067499e+04
11.5 1.064811e+04 1.069669e+04 1.067874e+04 1.063015e+04
12.5 1.069427e+04 1.069899e+04 1.067380e+04 1.066907e+04
13.5 1.073112e+04 1.069824e+04 1.067172e+04 1.070460e+04
14.5 1.073995e+04 1.069119e+04 1.067136e+04 1.072013e+04
15.5 1.066527e+04 1.069078e+04 1.067192e+04 1.064641e+04
16.5 1.069294e+04 1.068340e+04 1.067281e+04 1.068235e+04
17.5 1.066326e+04 1.066583e+04 1.067365e+04 1.067108e+04
18.5 1.067236e+04 1.065012e+04 1.067429e+04 1.069652e+04
19.5 1.069093e+04 1.064497e+04 1.067470e+04 1.072066e+04
20.5 1.073264e+04 1.065389e+04 1.067494e+04 1.075369e+04
21.5 1.070134e+04 1.066653e+04 1.067506e+04 1.070986e+04
0.4 1.066996e+04 1.068808e+04 1.069167e+04 1.067355e+04
1.4 1.065050e+04 1.067852e+04 1.068602e+04 1.065800e+04
2.4 1.062264e+04 1.067307e+04 1.069216e+04 1.064173e+04
3.4 1.061378e+04 1.067807e+04 1.070631e+04 1.064203e+04
4.4 1.066078e+04 1.068516e+04 1.071073e+04 1.068635e+04
5.4 1.070876e+04 1.069463e+04 1.070083e+04 1.071496e+04
6.4 1.068509e+04 1.069799e+04 1.068789e+04 1.067499e+04
7.4 1.064811e+04 1.069669e+04 1.067874e+04 1.063015e+04
8.4 1.069427e+04 1.069899e+04 1.067380e+04 1.066907e+04
9.4 1.073112e+04 1.069824e+04 1.067172e+04 1.070460e+04
10.4 1.073995e+04 1.069119e+04 1.067136e+04 1.072013e+04
11.4 1.066527e+04 1.069078e+04 1.067192e+04 1.064641e+04
12.4 1.069294e+04 1.068340e+04 1.067281e+04 1.068235e+04
13.4 1.066326e+04 1.066583e+04 1.067365e+04 1.067108e+04
14.4 1.067236e+04 1.065012e+04 1.067429e+04 1.069652e+04
15.4 1.069093e+04 1.064497e+04 1.067470e+04 1.072066e+04
16.4 1.073264e+04 1.065389e+04 1.067494e+04 1.075369e+04
17.4 1.070134e+04 1.066653e+04 1.067506e+04 1.070986e+04
18.4 1.072534e+04 1.068034e+04 1.067512e+04 1.072012e+04
19.4 1.065914e+04 1.069440e+04 1.067515e+04 1.063989e+04
20.4 1.064758e+04 1.070700e+04 1.067516e+04 1.061574e+04
21.4 1.067603e+04 1.071281e+04 1.067517e+04 1.063839e+04
0.5 1.068224e+04 1.066878e+04 1.067518e+04 1.068864e+04
1.5 1.067213e+04 1.065273e+04 1.067801e+04 1.069741e+04
2.5 1.067551e+04 1.065566e+04 1.069114e+04 1.071099e+04
3.5 1.070717e+04 1.066770e+04 1.070378e+04 1.074326e+04
4.5 1.073873e+04 1.068374e+04 1.070156e+04 1.075655e+04
5.5 1.071476e+04 1.068454e+04 1.069130e+04 1.072152e+04
6.5 1.064548e+04 1.066994e+04 1.068215e+04 1.065769e+04
7.5 1.064500e+04 1.065467e+04 1.067650e+04 1.066683e+04
8.5 1.065239e+04 1.064490e+04 1.067362e+04 1.068112e+04
9.5 1.066059e+04 1.064009e+04 1.067254e+04 1.069304e+04
10.5 1.067227e+04 1.064325e+04 1.067254e+04 1.070157e+04
11.5 1.067499e+04 1.066027e+04 1.067307e+04 1.068779e+04
12.5 1.067535e+04 1.068198e+04 1.067373e+04 1.066710e+04
13.5 1.063512e+04 1.069119e+04 1.067429e+04 1.061822e+04
14.5 1.069167e+04 1.068343e+04 1.067468e+04 1.068292e+04
15.5 1.067958e+04 1.068637e+04 1.067492e+04 1.066813e+04
16.5 1.067562e+04 1.069764e+04 1.067505e+04 1.065303e+04
17.5 1.072224e+04 1.070646e+04 1.067512e+04 1.069090e+04
18.5 1.068953e+04 1.069795e+04 1.067515e+04 1.066673e+04
19.5 1.074909e+04 1.067557e+04 1.067516e+04 1.074869e+04
20.5 1.063738e+04 1.065540e+04 1.067516e+04 1.065715e+04
21.5 1.062156e+04 1.064326e+04 1.067517e+04 1.065347e+04
