0.8 1.229201e+04 1.226176e+04 1.224521e+04 1.227545e+04
1.8 1.231138e+04 1.225924e+04 1.224676e+04 1.229889e+04
2.8 1.233092e+04 1.224548e+04 1.224870e+04 1.233415e+04
3.8 1.229544e+04 1.223148e+04 1.224848e+04 1.231245e+04
4.8 1.222821e+04 1.222878e+04 1.224717e+04 1.224660e+04
5.8 1.222453e+04 1.223539e+04 1.224602e+04 1.223517e+04
6.8 1.229536e+04 1.223925e+04 1.224610e+04 1.230220e+04
7.8 1.240717e+04 1.223610e+04 1.224801e+04 1.241907e+04
8.8 1.231981e+04 1.222927e+04 1.224847e+04 1.233902e+04
9.8 1.221867e+04 1.222308e+04 1.224736e+04 1.224294e+04
10.8 1.218892e+04 1.221930e+04 1.224614e+04 1.221576e+04
11.8 1.222139e+04 1.221760e+04 1.224536e+04 1.224914e+04
12.8 1.224615e+04 1.221727e+04 1.224496e+04 1.227384e+04
13.8 1.222650e+04 1.222040e+04 1.224480e+04 1.225090e+04
14.8 1.215482e+04 1.223050e+04 1.224478e+04 1.216910e+04
15.8 1.216626e+04 1.223867e+04 1.224551e+04 1.217310e+04
16.8 1.232502e+04 1.223859e+04 1.224787e+04 1.233430e+04
17.8 1.229374e+04 1.223494e+04 1.224868e+04 1.230747e+04
18.8 1.221465e+04 1.223684e+04 1.224768e+04 1.222549e+04
19.8 1.218330e+04 1.225183e+04 1.224642e+04 1.217789e+04
20.8 1.226575e+04 1.226584e+04 1.224555e+04 1.224545e+04
0.5 1.222453e+04 1.223539e+04 1.224602e+04 1.223517e+04
1.5 1.229536e+04 1.223925e+04 1.224610e+04 1.230220e+04
2.5 1.240717e+04 1.223610e+04 1.224801e+04 1.241907e+04
3.5 1.231981e+04 1.222927e+04 1.224847e+04 1.233902e+04
4.5 1.221867e+04 1.222308e+04 1.224736e+04 1.224294e+04
5.5 1.218892e+04 1.221930e+04 1.224614e+04 1.221576e+04
6.5 1.222139e+04 1.221760e+04 1.224536e+04 1.224914e+04
7.5 1.224615e+04 1.221727e+04 1.224496e+04 1.227384e+04
8.5 1.222650e+04 1.222040e+04 1.224480e+04 1.225090e+04
9.5 1.215482e+04 1.223050e+04 1.224478e+04 1.216910e+04
10.5 1.216626e+04 1.223867e+04 1.224551e+04 1.217310e+04
11.5 1.232502e+04 1.223859e+04 1.224787e+04 1.233430e+04
12.5 1.229374e+04 1.223494e+04 1.224868e+04 1.230747e+04
13.5 1.221465e+04 1.223684e+04 1.224768e+04 1.222549e+04
14.5 1.218330e+04 1.225183e+04 1.224642e+04 1.217789e+04
15.5 1.226575e+04 1.226584e+04 1.224555e+04 1.224545e+04
16.5 1.227217e+04 1.226085e+04 1.224508e+04 1.225639e+04
17.5 1.221695e+04 1.226112e+04 1.224486e+04 1.220069e+04
18.5 1.224443e+04 1.227186e+04 1.224481e+04 1.221738e+04
19.5 1.232462e+04 1.228130e+04 1.224485e+04 1.228818e+04
20.5 1.232629e+04 1.228498e+04 1.224493e+04 1.228624e+04
0.4 1.215482e+04 1.223050e+04 1.224478e+04 1.216910e+04
1.4 1.216626e+04 1.223867e+04 1.224551e+04 1.217310e+04
2.4 1.232502e+04 1.223859e+04 1.224787e+04 1.233430e+04
3.4 1.229374e+04 1.223494e+04 1.224868e+04 1.230747e+04
4.4 1.221465e+04 1.223684e+04 1.224768e+04 1.222549e+04
5.4 1.218330e+04 1.225183e+04 1.224642e+04 1.217789e+04
6.4 1.226575e+04 1.226584e+04 1.224555e+04 1.224545e+04
7.4 1.227217e+04 1.226085e+04 1.224508e+04 1.225639e+04
8.4 1.221695e+04 1.226112e+04 1.224486e+04 1.220069e+04
9.4 1.224443e+04 1.227186e+04 1.224481e+04 1.221738e+04
10.4 1.232462e+04 1.228130e+04 1.224485e+04 1.228818e+04
11.4 1.232629e+04 1.228498e+04 1.224493e+04 1.228624e+04
12.4 1.223786e+04 1.226033e+04 1.224501e+04 1.222254e+04
13.4 1.216174e+04 1.222302e+04 1.224507e+04 1.218379e+04
14.4 1.225763e+04 1.220972e+04 1.224510e+04 1.229301e+04
15.4 1.231123e+04 1.222932e+04 1.224512e+04 1.232703e+04
16.4 1.220932e+04 1.223877e+04 1.224514e+04 1.221569e+04
17.4 1.220638e+04 1.223523e+04 1.224514e+04 1.221629e+04
18.4 1.221779e+04 1.224512e+04 1.224514e+04 1.221781e+04
19.4 1.230648e+04 1.227057e+04 1.224514e+04 1.228105e+04
20.4 1.234902e+04 1.228345e+04 1.224576e+04 1.231134e+04
0.4 1.230648e+04 1.227057e+04 1.224514e+04 1.228105e+04
1.4 1.234902e+04 1.228345e+04 1.224576e+04 1.231134e+04
2.4 1.226477e+04 1.227123e+04 1.224803e+04 1.224157e+04
3.4 1.227400e+04 1.224919e+04 1.224883e+04 1.227364e+04
4.4 1.213472e+04 1.223446e+04 1.224780e+04 1.214806e+04
5.4 1.214094e+04 1.223522e+04 1.224649e+04 1.215221e+04
6.4 1.221806e+04 1.224274e+04 1.224559e+04 1.222091e+04
7.4 1.226737e+04 1.225745e+04 1.224509e+04 1.225502e+04
8.4 1.224074e+04 1.226796e+04 1.224487e+04 1.221765e+04
9.4 1.220445e+04 1.225724e+04 1.224481e+04 1.219202e+04
10.4 1.215794e+04 1.224449e+04 1.224485e+04 1.215830e+04
11.4 1.214880e+04 1.225414e+04 1.224493e+04 1.213960e+04
12.4 1.225863e+04 1.226888e+04 1.224540e+04 1.223516e+04
13.4 1.240092e+04 1.226490e+04 1.224764e+04 1.238366e+04
14.4 1.234411e+04 1.226215e+04 1.224882e+04 1.233077e+04
15.4 1.229645e+04 1.227586e+04 1.224797e+04 1.226856e+04
16.4 1.225409e+04 1.228494e+04 1.224704e+04 1.221620e+04
17.4 1.227789e+04 1.227203e+04 1.224827e+04 1.225412e+04
18.4 1.229956e+04 1.224898e+04 1.224886e+04 1.229943e+04
19.4 1.218237e+04 1.222981e+04 1.224774e+04 1.220029e+04
20.4 1.221297e+04 1.221930e+04 1.224633e+04 1.223999e+04
0.2 1.214880e+04 1.225414e+04 1.224493e+04 1.213960e+04
1.2 1.225863e+04 1.226888e+04 1.224540e+04 1.223516e+04
2.2 1.240092e+04 1.226490e+04 1.224764e+04 1.238366e+04
3.2 1.234411e+04 1.226215e+04 1.224882e+04 1.233077e+04
4.2 1.229645e+04 1.227586e+04 1.224797e+04 1.226856e+04
5.2 1.225409e+04 1.228494e+04 1.224704e+04 1.221620e+04
6.2 1.227789e+04 1.227203e+04 1.224827e+04 1.225412e+04
7.2 1.229956e+04 1.224898e+04 1.224886e+04 1.229943e+04
8.2 1.218237e+04 1.222981e+04 1.224774e+04 1.220029e+04
9.2 1.221297e+04 1.221930e+04 1.224633e+04 1.223999e+04
10.2 1.216476e+04 1.222091e+04 1.224539e+04 1.218924e+04
11.2 1.226937e+04 1.223071e+04 1.224492e+04 1.228358e+04
12.2 1.233089e+04 1.225064e+04 1.224474e+04 1.232499e+04
13.2 1.223875e+04 1.226784e+04 1.224473e+04 1.221564e+04
14.2 1.226948e+04 1.226890e+04 1.224480e+04 1.224538e+04
15.2 1.228453e+04 1.227435e+04 1.224490e+04 1.225508e+04
16.2 1.223160e+04 1.227309e+04 1.224499e+04 1.220350e+04
17.2 1.221841e+04 1.225500e+04 1.224505e+04 1.220846e+04
18.2 1.221267e+04 1.223499e+04 1.224510e+04 1.222278e+04
19.2 1.222229e+04 1.222208e+04 1.224512e+04 1.224533e+04
20.2 1.223545e+04 1.222056e+04 1.224513e+04 1.226002e+04
0.2 1.229645e+04 1.227586e+04 1.224797e+04 1.226856e+04
1.2 1.225409e+04 1.228494e+04 1.224704e+04 1.221620e+04
2.2 1.227789e+04 1.227203e+04 1.224827e+04 1.225412e+04
3.2 1.229956e+04 1.224898e+04 1.224886e+04 1.229943e+04
4.2 1.218237e+04 1.222981e+04 1.224774e+04 1.220029e+04
5.2 1.221297e+04 1.221930e+04 1.224633e+04 1.223999e+04
6.2 1.216476e+04 1.222091e+04 1.224539e+04 1.218924e+04
7.2 1.226937e+04 1.223071e+04 1.224492e+04 1.228358e+04
8.2 1.233089e+04 1.225064e+04 1.224474e+04 1.232499e+04
9.2 1.223875e+04 1.226784e+04 1.224473e+04 1.221564e+04
10.2 1.226948e+04 1.226890e+04 1.224480e+04 1.224538e+04
11.2 1.228453e+04 1.227435e+04 1.224490e+04 1.225508e+04
12.2 1.223160e+04 1.227309e+04 1.224499e+04 1.220350e+04
13.2 1.221841e+04 1.225500e+04 1.224505e+04 1.220846e+04
14.2 1.221267e+04 1.223499e+04 1.224510e+04 1.222278e+04
15.2 1.222229e+04 1.222208e+04 1.224512e+04 1.224533e+04
16.2 1.223545e+04 1.222056e+04 1.224513e+04 1.226002e+04
17.2 1.224626e+04 1.223039e+04 1.224515e+04 1.226102e+04
18.2 1.221165e+04 1.223754e+04 1.224621e+04 1.222032e+04
19.2 1.228962e+04 1.223937e+04 1.224843e+04 1.229867e+04
20.2 1.221919e+04 1.225063e+04 1.224869e+04 1.221725e+04
0.6 1.224626e+04 1.223039e+04 1.224515e+04 1.226102e+04
1.6 1.221165e+04 1.223754e+04 1.224621e+04 1.222032e+04
2.6 1.228962e+04 1.223937e+04 1.224843e+04 1.229867e+04
3.6 1.221919e+04 1.225063e+04 1.224869e+04 1.221725e+04
4.6 1.216383e+04 1.226642e+04 1.224748e+04 1.214489e+04
5.6 1.228002e+04 1.228222e+04 1.224624e+04 1.224403e+04
6.6 1.222635e+04 1.228183e+04 1.224545e+04 1.218997e+04
7.6 1.216182e+04 1.227946e+04 1.224502e+04 1.212739e+04
8.6 1.218720e+04 1.228472e+04 1.224484e+04 1.214732e+04
9.6 1.227781e+04 1.229211e+04 1.224482e+04 1.223052e+04
10.6 1.229545e+04 1.229349e+04 1.224487e+04 1.224683e+04
11.6 1.224739e+04 1.229126e+04 1.224495e+04 1.220108e+04
12.6 1.224159e+04 1.228762e+04 1.224502e+04 1.219900e+04
13.6 1.226356e+04 1.228780e+04 1.224508e+04 1.222084e+04
14.6 1.223885e+04 1.227898e+04 1.224511e+04 1.220498e+04
15.6 1.222470e+04 1.225356e+04 1.224513e+04 1.221627e+04
16.6 1.220900e+04 1.222287e+04 1.224514e+04 1.223127e+04
17.6 1.217971e+04 1.221506e+04 1.224514e+04 1.220980e+04
18.6 1.216208e+04 1.223330e+04 1.224514e+04 1.217392e+04
19.6 1.219871e+04 1.224063e+04 1.224514e+04 1.220322e+04
20.6 1.224985e+04 1.224802e+04 1.224514e+04 1.224697e+04
0.3 1.229741e+04 1.225709e+04 1.224514e+04 1.228546e+04
1.3 1.233313e+04 1.225744e+04 1.224558e+04 1.232127e+04
2.3 1.233724e+04 1.224989e+04 1.224779e+04 1.233514e+04
3.3 1.227366e+04 1.224312e+04 1.224886e+04 1.227940e+04
4.3 1.218776e+04 1.223996e+04 1.224857e+04 1.219638e+04
5.3 1.224096e+04 1.223523e+04 1.224950e+04 1.225524e+04
6.3 1.217060e+04 1.222860e+04 1.224935e+04 1.219134e+04
7.3 1.220865e+04 1.222713e+04 1.224779e+04 1.222931e+04
8.3 1.208095e+04 1.223133e+04 1.224667e+04 1.209628e+04
9.3 1.217478e+04 1.223261e+04 1.224790e+04 1.219007e+04
10.3 1.233992e+04 1.223306e+04 1.224851e+04 1.235536e+04
11.3 1.230719e+04 1.224672e+04 1.224746e+04 1.230793e+04
12.3 1.232131e+04 1.226670e+04 1.224616e+04 1.230077e+04
13.3 1.225517e+04 1.227079e+04 1.224649e+04 1.223088e+04
14.3 1.225115e+04 1.225529e+04 1.224824e+04 1.224410e+04
15.3 1.213211e+04 1.222776e+04 1.224823e+04 1.215258e+04
16.3 1.215097e+04 1.220218e+04 1.224698e+04 1.219577e+04
17.3 1.219935e+04 1.220406e+04 1.224584e+04 1.224113e+04
18.3 1.229155e+04 1.223052e+04 1.224517e+04 1.230620e+04
19.3 1.226770e+04 1.224109e+04 1.224485e+04 1.227147e+04
20.3 1.226289e+04 1.224163e+04 1.224475e+04 1.226601e+04
0.4 1.227366e+04 1.224312e+04 1.224886e+04 1.227940e+04
1.4 1.218776e+04 1.223996e+04 1.224857e+04 1.219638e+04
2.4 1.224096e+04 1.223523e+04 1.224950e+04 1.225524e+04
3.4 1.217060e+04 1.222860e+04 1.224935e+04 1.219134e+04
4.4 1.220865e+04 1.222713e+04 1.224779e+04 1.222931e+04
5.4 1.208095e+04 1.223133e+04 1.224667e+04 1.209628e+04
6.4 1.217478e+04 1.223261e+04 1.224790e+04 1.219007e+04
7.4 1.233992e+04 1.223306e+04 1.224851e+04 1.235536e+04
8.4 1.230719e+04 1.224672e+04 1.224746e+04 1.230793e+04
9.4 1.232131e+04 1.226670e+04 1.224616e+04 1.230077e+04
10.4 1.225517e+04 1.227079e+04 1.224649e+04 1.223088e+04
11.4 1.225115e+04 1.225529e+04 1.224824e+04 1.224410e+04
12.4 1.213211e+04 1.222776e+04 1.224823e+04 1.215258e+04
13.4 1.215097e+04 1.220218e+04 1.224698e+04 1.219577e+04
14.4 1.219935e+04 1.220406e+04 1.224584e+04 1.224113e+04
15.4 1.229155e+04 1.223052e+04 1.224517e+04 1.230620e+04
16.4 1.226770e+04 1.224109e+04 1.224485e+04 1.227147e+04
17.4 1.226289e+04 1.224163e+04 1.224475e+04 1.226601e+04
18.4 1.221160e+04 1.224646e+04 1.224477e+04 1.220990e+04
19.4 1.218004e+04 1.225907e+04 1.224485e+04 1.216583e+04
20.4 1.231632e+04 1.227155e+04 1.224494e+04 1.228971e+04
0.3 1.220865e+04 1.222713e+04 1.224779e+04 1.222931e+04
1.3 1.208095e+04 1.223133e+04 1.224667e+04 1.209628e+04
2.3 1.217478e+04 1.223261e+04 1.224790e+04 1.219007e+04
3.3 1.233992e+04 1.223306e+04 1.224851e+04 1.235536e+04
4.3 1.230719e+04 1.224672e+04 1.224746e+04 1.230793e+04
5.3 1.232131e+04 1.226670e+04 1.224616e+04 1.230077e+04
6.3 1.225517e+04 1.227079e+04 1.224649e+04 1.223088e+04
7.3 1.225115e+04 1.225529e+04 1.224824e+04 1.224410e+04
8.3 1.213211e+04 1.222776e+04 1.224823e+04 1.215258e+04
9.3 1.215097e+04 1.220218e+04 1.224698e+04 1.219577e+04
10.3 1.219935e+04 1.220406e+04 1.224584e+04 1.224113e+04
11.3 1.229155e+04 1.223052e+04 1.224517e+04 1.230620e+04
12.3 1.226770e+04 1.224109e+04 1.224485e+04 1.227147e+04
13.3 1.226289e+04 1.224163e+04 1.224475e+04 1.226601e+04
14.3 1.221160e+04 1.224646e+04 1.224477e+04 1.220990e+04
15.3 1.218004e+04 1.225907e+04 1.224485e+04 1.216583e+04
16.3 1.231632e+04 1.227155e+04 1.224494e+04 1.228971e+04
17.3 1.234504e+04 1.226304e+04 1.224502e+04 1.232702e+04
18.3 1.230793e+04 1.225153e+04 1.224508e+04 1.230148e+04
19.3 1.221018e+04 1.224910e+04 1.224511e+04 1.220618e+04
20.3 1.211916e+04 1.225992e+04 1.224513e+04 1.210437e+04
0.7 1.232131e+04 1.226670e+04 1.224616e+04 1.230077e+04
1.7 1.225517e+04 1.227079e+04 1.224649e+04 1.223088e+04
2.7 1.225115e+04 1.225529e+04 1.224824e+04 1.224410e+04
3.7 1.213211e+04 1.222776e+04 1.224823e+04 1.215258e+04
4.7 1.215097e+04 1.220218e+04 1.224698e+04 1.219577e+04
5.7 1.219935e+04 1.220406e+04 1.224584e+04 1.224113e+04
6.7 1.229155e+04 1.223052e+04 1.224517e+04 1.230620e+04
7.7 1.226770e+04 1.224109e+04 1.224485e+04 1.227147e+04
8.7 1.226289e+04 1.224163e+04 1.224475e+04 1.226601e+04
9.7 1.221160e+04 1.224646e+04 1.224477e+04 1.220990e+04
10.7 1.218004e+04 1.225907e+04 1.224485e+04 1.216583e+04
11.7 1.231632e+04 1.227155e+04 1.224494e+04 1.228971e+04
12.7 1.234504e+04 1.226304e+04 1.224502e+04 1.232702e+04
13.7 1.230793e+04 1.225153e+04 1.224508e+04 1.230148e+04
14.7 1.221018e+04 1.224910e+04 1.224511e+04 1.220618e+04
15.7 1.211916e+04 1.225992e+04 1.224513e+04 1.210437e+04
16.7 1.214390e+04 1.226735e+04 1.224514e+04 1.212170e+04
17.7 1.214103e+04 1.225480e+04 1.224514e+04 1.213137e+04
18.7 1.206477e+04 1.223671e+04 1.224514e+04 1.207321e+04
19.7 1.203537e+04 1.222393e+04 1.224514e+04 1.205658e+04
20.7 1.202489e+04 1.222017e+04 1.224514e+04 1.204987e+04
0.2 1.218345e+04 1.226120e+04 1.224514e+04 1.216739e+04
1.2 1.216665e+04 1.223618e+04 1.224550e+04 1.217598e+04
2.2 1.215777e+04 1.221892e+04 1.224766e+04 1.218651e+04
3.2 1.215984e+04 1.221343e+04 1.224886e+04 1.219527e+04
4.2 1.215592e+04 1.221248e+04 1.224803e+04 1.219147e+04
5.2 1.212894e+04 1.221302e+04 1.224669e+04 1.216261e+04
6.2 1.221078e+04 1.221091e+04 1.224571e+04 1.224558e+04
7.2 1.224198e+04 1.220129e+04 1.224516e+04 1.228585e+04
8.2 1.226545e+04 1.219154e+04 1.224497e+04 1.231888e+04
9.2 1.221199e+04 1.219454e+04 1.224650e+04 1.226394e+04
10.2 1.213822e+04 1.220959e+04 1.224842e+04 1.217705e+04
11.2 1.210037e+04 1.223012e+04 1.224822e+04 1.211847e+04
12.2 1.224720e+04 1.224346e+04 1.224770e+04 1.225144e+04
13.2 1.231566e+04 1.224415e+04 1.224890e+04 1.232041e+04
14.2 1.219141e+04 1.223730e+04 1.224892e+04 1.220303e+04
15.2 1.217201e+04 1.222949e+04 1.224751e+04 1.219003e+04
16.2 1.214711e+04 1.222769e+04 1.224610e+04 1.216552e+04
17.2 1.219066e+04 1.224259e+04 1.224523e+04 1.219330e+04
18.2 1.219566e+04 1.226260e+04 1.224482e+04 1.217788e+04
19.2 1.228903e+04 1.228117e+04 1.224469e+04 1.225255e+04
20.2 1.225943e+04 1.227857e+04 1.224471e+04 1.222556e+04
0.9 1.226545e+04 1.219154e+04 1.224497e+04 1.231888e+04
1.9 1.221199e+04 1.219454e+04 1.224650e+04 1.226394e+04
2.9 1.213822e+04 1.220959e+04 1.224842e+04 1.217705e+04
3.9 1.210037e+04 1.223012e+04 1.224822e+04 1.211847e+04
4.9 1.224720e+04 1.224346e+04 1.224770e+04 1.225144e+04
5.9 1.231566e+04 1.224415e+04 1.224890e+04 1.232041e+04
6.9 1.219141e+04 1.223730e+04 1.224892e+04 1.220303e+04
7.9 1.217201e+04 1.222949e+04 1.224751e+04 1.219003e+04
8.9 1.214711e+04 1.222769e+04 1.224610e+04 1.216552e+04
9.9 1.219066e+04 1.224259e+04 1.224523e+04 1.219330e+04
10.9 1.219566e+04 1.226260e+04 1.224482e+04 1.217788e+04
11.9 1.228903e+04 1.228117e+04 1.224469e+04 1.225255e+04
12.9 1.225943e+04 1.227857e+04 1.224471e+04 1.222556e+04
13.9 1.220354e+04 1.225752e+04 1.224480e+04 1.219082e+04
14.9 1.219672e+04 1.223658e+04 1.224491e+04 1.220505e+04
15.9 1.216470e+04 1.222313e+04 1.224500e+04 1.218657e+04
16.9 1.220885e+04 1.221639e+04 1.224506e+04 1.223753e+04
17.9 1.225869e+04 1.221995e+04 1.224510e+04 1.228384e+04
18.9 1.229250e+04 1.224023e+04 1.224521e+04 1.229748e+04
19.9 1.220924e+04 1.225213e+04 1.224689e+04 1.220399e+04
20.9 1.215207e+04 1.224683e+04 1.224874e+04 1.215399e+04
0.4 1.210037e+04 1.223012e+04 1.224822e+04 1.211847e+04
1.4 1.224720e+04 1.224346e+04 1.224770e+04 1.225144e+04
2.4 1.231566e+04 1.224415e+04 1.224890e+04 1.232041e+04
3.4 1.219141e+04 1.223730e+04 1.224892e+04 1.220303e+04
4.4 1.217201e+04 1.222949e+04 1.224751e+04 1.219003e+04
5.4 1.214711e+04 1.222769e+04 1.224610e+04 1.216552e+04
6.4 1.219066e+04 1.224259e+04 1.224523e+04 1.219330e+04
7.4 1.219566e+04 1.226260e+04 1.224482e+04 1.217788e+04
8.4 1.228903e+04 1.228117e+04 1.224469e+04 1.225255e+04
9.4 1.225943e+04 1.227857e+04 1.224471e+04 1.222556e+04
10.4 1.220354e+04 1.225752e+04 1.224480e+04 1.219082e+04
11.4 1.219672e+04 1.223658e+04 1.224491e+04 1.220505e+04
12.4 1.216470e+04 1.222313e+04 1.224500e+04 1.218657e+04
13.4 1.220885e+04 1.221639e+04 1.224506e+04 1.223753e+04
14.4 1.225869e+04 1.221995e+04 1.224510e+04 1.228384e+04
15.4 1.229250e+04 1.224023e+04 1.224521e+04 1.229748e+04
16.4 1.220924e+04 1.225213e+04 1.224689e+04 1.220399e+04
17.4 1.215207e+04 1.224683e+04 1.224874e+04 1.215399e+04
18.4 1.209311e+04 1.223711e+04 1.224842e+04 1.210442e+04
19.4 1.209679e+04 1.223741e+04 1.224709e+04 1.210647e+04
20.4 1.213176e+04 1.224528e+04 1.224597e+04 1.213245e+04
0.9 1.229250e+04 1.224023e+04 1.224521e+04 1.229748e+04
1.9 1.220924e+04 1.225213e+04 1.224689e+04 1.220399e+04
2.9 1.215207e+04 1.224683e+04 1.224874e+04 1.215399e+04
3.9 1.209311e+04 1.223711e+04 1.224842e+04 1.210442e+04
4.9 1.209679e+04 1.223741e+04 1.224709e+04 1.210647e+04
5.9 1.213176e+04 1.224528e+04 1.224597e+04 1.213245e+04
6.9 1.233962e+04 1.226299e+04 1.224529e+04 1.232193e+04
7.9 1.233690e+04 1.226717e+04 1.224495e+04 1.231469e+04
8.9 1.230786e+04 1.225226e+04 1.224482e+04 1.230042e+04
9.9 1.226165e+04 1.223495e+04 1.224483e+04 1.227153e+04
10.9 1.219788e+04 1.222342e+04 1.224489e+04 1.221935e+04
11.9 1.218619e+04 1.221748e+04 1.224497e+04 1.221369e+04
12.9 1.222484e+04 1.221750e+04 1.224504e+04 1.225237e+04
13.9 1.221442e+04 1.222625e+04 1.224515e+04 1.223332e+04
14.9 1.219764e+04 1.223326e+04 1.224673e+04 1.221112e+04
15.9 1.216760e+04 1.223285e+04 1.224868e+04 1.218343e+04
16.9 1.220410e+04 1.222812e+04 1.224848e+04 1.222446e+04
17.9 1.216756e+04 1.222437e+04 1.224717e+04 1.219035e+04
18.9 1.226225e+04 1.223455e+04 1.224602e+04 1.227372e+04
19.9 1.229053e+04 1.225707e+04 1.224532e+04 1.227879e+04
20.9 1.228758e+04 1.227934e+04 1.224497e+04 1.225321e+04
0.8 1.221442e+04 1.222625e+04 1.224515e+04 1.223332e+04
1.8 1.219764e+04 1.223326e+04 1.224673e+04 1.221112e+04
2.8 1.216760e+04 1.223285e+04 1.224868e+04 1.218343e+04
3.8 1.220410e+04 1.222812e+04 1.224848e+04 1.222446e+04
4.8 1.216756e+04 1.222437e+04 1.224717e+04 1.219035e+04
5.8 1.226225e+04 1.223455e+04 1.224602e+04 1.227372e+04
6.8 1.229053e+04 1.225707e+04 1.224532e+04 1.227879e+04
7.8 1.228758e+04 1.227934e+04 1.224497e+04 1.225321e+04
8.8 1.217028e+04 1.227668e+04 1.224483e+04 1.213843e+04
9.8 1.214652e+04 1.225096e+04 1.224482e+04 1.214038e+04
10.8 1.217364e+04 1.221863e+04 1.224489e+04 1.219990e+04
11.8 1.214790e+04 1.219818e+04 1.224497e+04 1.219469e+04
12.8 1.224565e+04 1.221422e+04 1.224504e+04 1.227646e+04
13.8 1.227992e+04 1.223778e+04 1.224508e+04 1.228722e+04
14.8 1.216775e+04 1.225414e+04 1.224512e+04 1.215873e+04
15.8 1.207741e+04 1.226570e+04 1.224575e+04 1.205745e+04
16.8 1.224606e+04 1.226056e+04 1.224802e+04 1.223352e+04
17.8 1.231074e+04 1.224527e+04 1.224882e+04 1.231428e+04
18.8 1.226247e+04 1.223090e+04 1.224780e+04 1.227937e+04
19.8 1.225197e+04 1.222164e+04 1.224649e+04 1.227682e+04
20.8 1.223952e+04 1.221699e+04 1.224559e+04 1.226811e+04
0.4 1.216775e+04 1.225414e+04 1.224512e+04 1.215873e+04
1.4 1.207741e+04 1.226570e+04 1.224575e+04 1.205745e+04
2.4 1.224606e+04 1.226056e+04 1.224802e+04 1.223352e+04
3.4 1.231074e+04 1.224527e+04 1.224882e+04 1.231428e+04
4.4 1.226247e+04 1.223090e+04 1.224780e+04 1.227937e+04
5.4 1.225197e+04 1.222164e+04 1.224649e+04 1.227682e+04
6.4 1.223952e+04 1.221699e+04 1.224559e+04 1.226811e+04
7.4 1.213806e+04 1.221542e+04 1.224509e+04 1.216773e+04
8.4 1.220253e+04 1.221561e+04 1.224487e+04 1.223179e+04
