0.8 1.295894e+04 1.287942e+04 1.282605e+04 1.290557e+04
1.8 1.284752e+04 1.285684e+04 1.281837e+04 1.280905e+04
2.8 1.265160e+04 1.281182e+04 1.280200e+04 1.264178e+04
3.8 1.285222e+04 1.280787e+04 1.279837e+04 1.284273e+04
4.8 1.290250e+04 1.281959e+04 1.280702e+04 1.288993e+04
5.8 1.293706e+04 1.281352e+04 1.281685e+04 1.294039e+04
6.8 1.280611e+04 1.280068e+04 1.282343e+04 1.282886e+04
7.8 1.292532e+04 1.279707e+04 1.282700e+04 1.295525e+04
8.8 1.283160e+04 1.281348e+04 1.282856e+04 1.284668e+04
9.8 1.287304e+04 1.283577e+04 1.282888e+04 1.286615e+04
10.8 1.292969e+04 1.285593e+04 1.282850e+04 1.290226e+04
11.8 1.287786e+04 1.286595e+04 1.282789e+04 1.283980e+04
12.8 1.293471e+04 1.284876e+04 1.282730e+04 1.291325e+04
13.8 1.281399e+04 1.283382e+04 1.282687e+04 1.280703e+04
14.8 1.287412e+04 1.283556e+04 1.282660e+04 1.286515e+04
15.8 1.281165e+04 1.283645e+04 1.282644e+04 1.280164e+04
16.8 1.288230e+04 1.282786e+04 1.282636e+04 1.288080e+04
17.8 1.292327e+04 1.281229e+04 1.282632e+04 1.293730e+04
18.8 1.283249e+04 1.280419e+04 1.282630e+04 1.285461e+04
19.8 1.269966e+04 1.280583e+04 1.282630e+04 1.272013e+04
20.8 1.283117e+04 1.280963e+04 1.282629e+04 1.284784e+04
21.8 1.304821e+04 1.281364e+04 1.282629e+04 1.306086e+04
0.4 1.287309e+04 1.285546e+04 1.282629e+04 1.284392e+04
1.4 1.283718e+04 1.286260e+04 1.282348e+04 1.279806e+04
2.4 1.284351e+04 1.283055e+04 1.280696e+04 1.281992e+04
3.4 1.268175e+04 1.277903e+04 1.278331e+04 1.268604e+04
4.4 1.272350e+04 1.276154e+04 1.277587e+04 1.273783e+04
5.4 1.289305e+04 1.279117e+04 1.278915e+04 1.289103e+04
6.4 1.282928e+04 1.280892e+04 1.280700e+04 1.282736e+04
7.4 1.285829e+04 1.280908e+04 1.281990e+04 1.286911e+04
8.4 1.277360e+04 1.282923e+04 1.282712e+04 1.277149e+04
9.4 1.291693e+04 1.287177e+04 1.283036e+04 1.287552e+04
10.4 1.295679e+04 1.289460e+04 1.283112e+04 1.289330e+04
11.4 1.281743e+04 1.288148e+04 1.283052e+04 1.276646e+04
12.4 1.293341e+04 1.284837e+04 1.282940e+04 1.291443e+04
13.4 1.265031e+04 1.281886e+04 1.282830e+04 1.265975e+04
14.4 1.261677e+04 1.280636e+04 1.282746e+04 1.263788e+04
15.4 1.283355e+04 1.280535e+04 1.282691e+04 1.285511e+04
16.4 1.278743e+04 1.282186e+04 1.282660e+04 1.279218e+04
17.4 1.277137e+04 1.283919e+04 1.282643e+04 1.275861e+04
18.4 1.284743e+04 1.283072e+04 1.282635e+04 1.284307e+04
19.4 1.278840e+04 1.282004e+04 1.282632e+04 1.279468e+04
20.4 1.280140e+04 1.284189e+04 1.282630e+04 1.278582e+04
21.4 1.293486e+04 1.286980e+04 1.282630e+04 1.289136e+04
0.4 1.282642e+04 1.285676e+04 1.282629e+04 1.279595e+04
1.4 1.281883e+04 1.282749e+04 1.282371e+04 1.281505e+04
2.4 1.277762e+04 1.278675e+04 1.280921e+04 1.280009e+04
3.4 1.278539e+04 1.277498e+04 1.279847e+04 1.280887e+04
4.4 1.270160e+04 1.280017e+04 1.280305e+04 1.270448e+04
5.4 1.281151e+04 1.281243e+04 1.281314e+04 1.281222e+04
6.4 1.285694e+04 1.282085e+04 1.282109e+04 1.285718e+04
7.4 1.286217e+04 1.283542e+04 1.282574e+04 1.285249e+04
8.4 1.301416e+04 1.285597e+04 1.282803e+04 1.298621e+04
9.4 1.291487e+04 1.286177e+04 1.282879e+04 1.288190e+04
10.4 1.283972e+04 1.284059e+04 1.282866e+04 1.282778e+04
11.4 1.279540e+04 1.281340e+04 1.282732e+04 1.280932e+04
12.4 1.277794e+04 1.278399e+04 1.281551e+04 1.280947e+04
13.4 1.267138e+04 1.275107e+04 1.279158e+04 1.271189e+04
14.4 1.284970e+04 1.273665e+04 1.277595e+04 1.288899e+04
15.4 1.284250e+04 1.277149e+04 1.278344e+04 1.285445e+04
16.4 1.282353e+04 1.280613e+04 1.280130e+04 1.281870e+04
17.4 1.273682e+04 1.281438e+04 1.281622e+04 1.273867e+04
18.4 1.278698e+04 1.281615e+04 1.282520e+04 1.279602e+04
19.4 1.291926e+04 1.281941e+04 1.282960e+04 1.292945e+04
20.4 1.289350e+04 1.283203e+04 1.283106e+04 1.289253e+04
21.4 1.289351e+04 1.284956e+04 1.283082e+04 1.287477e+04
0.1 1.283972e+04 1.284059e+04 1.282866e+04 1.282778e+04
1.1 1.279540e+04 1.281340e+04 1.282732e+04 1.280932e+04
2.1 1.277794e+04 1.278399e+04 1.281551e+04 1.280947e+04
3.1 1.267138e+04 1.275107e+04 1.279158e+04 1.271189e+04
4.1 1.284970e+04 1.273665e+04 1.277595e+04 1.288899e+04
5.1 1.284250e+04 1.277149e+04 1.278344e+04 1.285445e+04
6.1 1.282353e+04 1.280613e+04 1.280130e+04 1.281870e+04
7.1 1.273682e+04 1.281438e+04 1.281622e+04 1.273867e+04
8.1 1.278698e+04 1.281615e+04 1.282520e+04 1.279602e+04
9.1 1.291926e+04 1.281941e+04 1.282960e+04 1.292945e+04
10.1 1.289350e+04 1.283203e+04 1.283106e+04 1.289253e+04
11.1 1.289351e+04 1.284956e+04 1.283082e+04 1.287477e+04
12.1 1.274962e+04 1.284159e+04 1.282980e+04 1.273782e+04
13.1 1.281245e+04 1.282449e+04 1.282865e+04 1.281661e+04
14.1 1.279223e+04 1.281636e+04 1.282771e+04 1.280358e+04
15.1 1.278362e+04 1.281696e+04 1.282707e+04 1.279373e+04
16.1 1.291384e+04 1.283583e+04 1.282623e+04 1.290424e+04
17.1 1.293394e+04 1.283274e+04 1.281675e+04 1.291795e+04
18.1 1.278528e+04 1.280495e+04 1.280077e+04 1.278110e+04
19.1 1.282360e+04 1.281111e+04 1.279901e+04 1.281150e+04
20.1 1.292587e+04 1.282273e+04 1.280825e+04 1.291138e+04
21.1 1.294859e+04 1.281563e+04 1.281779e+04 1.295075e+04
1.0 1.291384e+04 1.283583e+04 1.282623e+04 1.290424e+04
2.0 1.293394e+04 1.283274e+04 1.281675e+04 1.291795e+04
3.0 1.278528e+04 1.280495e+04 1.280077e+04 1.278110e+04
4.0 1.282360e+04 1.281111e+04 1.279901e+04 1.281150e+04
5.0 1.292587e+04 1.282273e+04 1.280825e+04 1.291138e+04
6.0 1.294859e+04 1.281563e+04 1.281779e+04 1.295075e+04
7.0 1.296887e+04 1.280746e+04 1.282397e+04 1.298538e+04
8.0 1.282860e+04 1.280800e+04 1.282726e+04 1.284787e+04
9.0 1.289089e+04 1.282544e+04 1.282865e+04 1.289411e+04
10.0 1.298104e+04 1.284354e+04 1.282886e+04 1.296635e+04
11.0 1.294560e+04 1.283900e+04 1.282844e+04 1.293504e+04
12.0 1.287843e+04 1.284707e+04 1.282781e+04 1.285917e+04
13.0 1.295183e+04 1.286794e+04 1.282725e+04 1.291113e+04
14.0 1.286146e+04 1.287984e+04 1.282683e+04 1.280846e+04
15.0 1.283164e+04 1.285953e+04 1.282657e+04 1.279869e+04
16.0 1.284496e+04 1.283365e+04 1.282643e+04 1.283774e+04
17.0 1.298059e+04 1.283967e+04 1.282635e+04 1.296727e+04
18.0 1.286577e+04 1.286185e+04 1.282632e+04 1.283023e+04
19.0 1.279573e+04 1.287014e+04 1.282630e+04 1.275189e+04
20.0 1.289071e+04 1.284763e+04 1.282630e+04 1.286938e+04
21.0 1.276043e+04 1.281745e+04 1.282629e+04 1.276928e+04
22.0 1.301740e+04 1.279622e+04 1.282629e+04 1.304747e+04
0.2 1.283967e+04 1.278517e+04 1.282629e+04 1.288079e+04
1.2 1.278705e+04 1.277931e+04 1.282469e+04 1.283243e+04
2.2 1.274411e+04 1.276510e+04 1.281081e+04 1.278983e+04
3.2 1.283598e+04 1.274779e+04 1.279031e+04 1.287849e+04
4.2 1.270752e+04 1.276993e+04 1.278749e+04 1.272508e+04
5.2 1.292626e+04 1.280728e+04 1.280003e+04 1.291901e+04
6.2 1.287394e+04 1.282218e+04 1.281365e+04 1.286541e+04
7.2 1.293095e+04 1.282532e+04 1.282272e+04 1.292835e+04
8.2 1.292570e+04 1.282469e+04 1.282758e+04 1.292859e+04
9.2 1.287888e+04 1.282498e+04 1.282965e+04 1.288354e+04
10.2 1.288990e+04 1.282303e+04 1.282998e+04 1.289686e+04
11.2 1.274031e+04 1.281966e+04 1.282940e+04 1.275005e+04
12.2 1.286693e+04 1.281890e+04 1.282851e+04 1.287654e+04
13.2 1.270180e+04 1.281260e+04 1.282769e+04 1.271689e+04
14.2 1.288324e+04 1.280601e+04 1.282709e+04 1.290432e+04
15.2 1.263900e+04 1.280593e+04 1.282671e+04 1.265978e+04
16.2 1.265929e+04 1.281131e+04 1.282649e+04 1.267447e+04
17.2 1.295511e+04 1.281427e+04 1.282638e+04 1.296722e+04
18.2 1.285618e+04 1.282531e+04 1.282633e+04 1.285721e+04
19.2 1.300805e+04 1.284186e+04 1.282631e+04 1.299250e+04
20.2 1.279405e+04 1.284726e+04 1.282628e+04 1.277308e+04
21.2 1.285153e+04 1.283536e+04 1.282241e+04 1.283857e+04
0.5 1.279405e+04 1.284726e+04 1.282628e+04 1.277308e+04
1.5 1.285153e+04 1.283536e+04 1.282241e+04 1.283857e+04
2.5 1.269816e+04 1.279891e+04 1.280425e+04 1.270350e+04
3.5 1.274943e+04 1.275825e+04 1.278123e+04 1.277242e+04
4.5 1.282773e+04 1.275706e+04 1.277660e+04 1.284727e+04
5.5 1.274961e+04 1.279356e+04 1.279124e+04 1.274729e+04
6.5 1.277929e+04 1.281139e+04 1.280879e+04 1.277668e+04
7.5 1.283367e+04 1.281253e+04 1.282099e+04 1.284213e+04
8.5 1.282667e+04 1.281448e+04 1.282766e+04 1.283985e+04
9.5 1.277881e+04 1.282902e+04 1.283055e+04 1.278034e+04
10.5 1.275258e+04 1.284797e+04 1.283110e+04 1.273572e+04
11.5 1.287581e+04 1.284077e+04 1.283040e+04 1.286544e+04
12.5 1.285257e+04 1.282509e+04 1.282926e+04 1.285675e+04
13.5 1.276744e+04 1.281750e+04 1.282819e+04 1.277812e+04
14.5 1.264253e+04 1.283066e+04 1.282738e+04 1.263925e+04
15.5 1.261346e+04 1.284355e+04 1.282687e+04 1.259678e+04
16.5 1.273221e+04 1.283145e+04 1.282657e+04 1.272734e+04
17.5 1.258300e+04 1.281099e+04 1.282642e+04 1.259843e+04
18.5 1.270010e+04 1.279604e+04 1.282635e+04 1.273041e+04
19.5 1.256903e+04 1.279025e+04 1.282632e+04 1.260510e+04
20.5 1.282693e+04 1.279511e+04 1.282630e+04 1.285812e+04
21.5 1.297328e+04 1.281930e+04 1.282630e+04 1.298027e+04
0.9 1.273115e+04 1.284369e+04 1.282590e+04 1.271335e+04
1.9 1.264577e+04 1.283602e+04 1.281706e+04 1.262681e+04
2.9 1.267922e+04 1.280304e+04 1.280141e+04 1.267759e+04
3.9 1.269306e+04 1.278864e+04 1.279953e+04 1.270394e+04
4.9 1.277405e+04 1.278880e+04 1.280853e+04 1.279378e+04
5.9 1.275039e+04 1.278810e+04 1.281789e+04 1.278018e+04
6.9 1.269333e+04 1.278641e+04 1.282384e+04 1.273076e+04
7.9 1.276831e+04 1.277943e+04 1.282051e+04 1.280939e+04
8.9 1.279880e+04 1.275911e+04 1.280092e+04 1.284061e+04
9.9 1.280941e+04 1.273943e+04 1.278018e+04 1.285015e+04
10.9 1.275602e+04 1.274778e+04 1.278026e+04 1.278851e+04
11.9 1.270501e+04 1.277594e+04 1.279631e+04 1.272538e+04
12.9 1.263332e+04 1.280069e+04 1.281265e+04 1.264528e+04
13.9 1.291318e+04 1.281533e+04 1.282328e+04 1.292113e+04
14.9 1.302912e+04 1.282350e+04 1.282883e+04 1.303444e+04
15.9 1.270360e+04 1.281971e+04 1.283100e+04 1.271489e+04
16.9 1.280820e+04 1.280889e+04 1.283114e+04 1.283045e+04
17.9 1.267304e+04 1.280303e+04 1.283025e+04 1.270025e+04
18.9 1.275703e+04 1.281549e+04 1.282906e+04 1.277060e+04
19.9 1.269024e+04 1.283535e+04 1.282802e+04 1.268291e+04
20.9 1.285967e+04 1.285874e+04 1.282727e+04 1.282820e+04
21.9 1.288914e+04 1.285843e+04 1.282680e+04 1.285750e+04
0.7 1.269333e+04 1.278641e+04 1.282384e+04 1.273076e+04
1.7 1.276831e+04 1.277943e+04 1.282051e+04 1.280939e+04
2.7 1.279880e+04 1.275911e+04 1.280092e+04 1.284061e+04
3.7 1.280941e+04 1.273943e+04 1.278018e+04 1.285015e+04
4.7 1.275602e+04 1.274778e+04 1.278026e+04 1.278851e+04
5.7 1.270501e+04 1.277594e+04 1.279631e+04 1.272538e+04
6.7 1.263332e+04 1.280069e+04 1.281265e+04 1.264528e+04
7.7 1.291318e+04 1.281533e+04 1.282328e+04 1.292113e+04
8.7 1.302912e+04 1.282350e+04 1.282883e+04 1.303444e+04
9.7 1.270360e+04 1.281971e+04 1.283100e+04 1.271489e+04
10.7 1.280820e+04 1.280889e+04 1.283114e+04 1.283045e+04
11.7 1.267304e+04 1.280303e+04 1.283025e+04 1.270025e+04
12.7 1.275703e+04 1.281549e+04 1.282906e+04 1.277060e+04
13.7 1.269024e+04 1.283535e+04 1.282802e+04 1.268291e+04
14.7 1.285967e+04 1.285874e+04 1.282727e+04 1.282820e+04
15.7 1.288914e+04 1.285843e+04 1.282680e+04 1.285750e+04
16.7 1.280496e+04 1.283482e+04 1.282654e+04 1.279668e+04
17.7 1.277405e+04 1.281035e+04 1.282640e+04 1.279010e+04
18.7 1.273683e+04 1.279447e+04 1.282634e+04 1.276870e+04
19.7 1.279108e+04 1.278645e+04 1.282631e+04 1.283094e+04
20.7 1.284380e+04 1.279295e+04 1.282630e+04 1.287715e+04
21.7 1.294621e+04 1.282513e+04 1.282630e+04 1.294738e+04
0.9 1.276742e+04 1.286795e+04 1.282590e+04 1.272536e+04
1.9 1.272781e+04 1.282884e+04 1.281689e+04 1.271586e+04
2.9 1.278574e+04 1.277862e+04 1.279434e+04 1.280146e+04
3.9 1.267519e+04 1.274601e+04 1.277631e+04 1.270550e+04
4.9 1.288509e+04 1.276735e+04 1.278108e+04 1.289881e+04
5.9 1.286882e+04 1.280305e+04 1.279864e+04 1.286441e+04
6.9 1.283014e+04 1.283349e+04 1.281442e+04 1.281107e+04
7.9 1.264674e+04 1.285919e+04 1.282422e+04 1.261177e+04
8.9 1.289360e+04 1.286119e+04 1.282918e+04 1.286159e+04
9.9 1.294908e+04 1.284122e+04 1.283098e+04 1.293885e+04
10.9 1.285751e+04 1.281643e+04 1.283092e+04 1.287199e+04
11.9 1.282241e+04 1.279827e+04 1.282996e+04 1.285411e+04
12.9 1.284729e+04 1.278815e+04 1.282881e+04 1.288795e+04
13.9 1.263774e+04 1.278389e+04 1.282783e+04 1.268168e+04
14.9 1.272834e+04 1.278320e+04 1.282715e+04 1.277229e+04
