0.8 1.712034e+03 1.687260e+03 1.696213e+03 1.720987e+03
1.8 1.646003e+03 1.682962e+03 1.692343e+03 1.655385e+03
2.8 1.730169e+03 1.679687e+03 1.687493e+03 1.737974e+03
3.8 1.723187e+03 1.683860e+03 1.688034e+03 1.727361e+03
4.8 1.669068e+03 1.701551e+03 1.691315e+03 1.658832e+03
5.8 1.707778e+03 1.725785e+03 1.694175e+03 1.676168e+03
6.8 1.748634e+03 1.734110e+03 1.693993e+03 1.708516e+03
7.8 1.714819e+03 1.718807e+03 1.689211e+03 1.685223e+03
8.8 1.747847e+03 1.701871e+03 1.688066e+03 1.734041e+03
9.8 1.707291e+03 1.692807e+03 1.690840e+03 1.705325e+03
10.8 1.646079e+03 1.689076e+03 1.693892e+03 1.650895e+03
11.8 1.663082e+03 1.687873e+03 1.695838e+03 1.671047e+03
12.8 1.691143e+03 1.688086e+03 1.696833e+03 1.699890e+03
13.8 1.702947e+03 1.693986e+03 1.697232e+03 1.706194e+03
14.8 1.712800e+03 1.712216e+03 1.697268e+03 1.697853e+03
15.8 1.718864e+03 1.723865e+03 1.695453e+03 1.690451e+03
16.8 1.710112e+03 1.713467e+03 1.689562e+03 1.686207e+03
17.8 1.656356e+03 1.703297e+03 1.687539e+03 1.640598e+03
18.8 1.710907e+03 1.709906e+03 1.690031e+03 1.691032e+03
19.8 1.725425e+03 1.714239e+03 1.693189e+03 1.704376e+03
20.8 1.648422e+03 1.707843e+03 1.695351e+03 1.635930e+03
0.5 1.707778e+03 1.725785e+03 1.694175e+03 1.676168e+03
1.5 1.748634e+03 1.734110e+03 1.693993e+03 1.708516e+03
2.5 1.714819e+03 1.718807e+03 1.689211e+03 1.685223e+03
3.5 1.747847e+03 1.701871e+03 1.688066e+03 1.734041e+03
4.5 1.707291e+03 1.692807e+03 1.690840e+03 1.705325e+03
5.5 1.646079e+03 1.689076e+03 1.693892e+03 1.650895e+03
6.5 1.663082e+03 1.687873e+03 1.695838e+03 1.671047e+03
7.5 1.691143e+03 1.688086e+03 1.696833e+03 1.699890e+03
8.5 1.702947e+03 1.693986e+03 1.697232e+03 1.706194e+03
9.5 1.712800e+03 1.712216e+03 1.697268e+03 1.697853e+03
10.5 1.718864e+03 1.723865e+03 1.695453e+03 1.690451e+03
11.5 1.710112e+03 1.713467e+03 1.689562e+03 1.686207e+03
12.5 1.656356e+03 1.703297e+03 1.687539e+03 1.640598e+03
13.5 1.710907e+03 1.709906e+03 1.690031e+03 1.691032e+03
14.5 1.725425e+03 1.714239e+03 1.693189e+03 1.704376e+03
15.5 1.648422e+03 1.707843e+03 1.695351e+03 1.635930e+03
16.5 1.716670e+03 1.698685e+03 1.696538e+03 1.714523e+03
17.5 1.700813e+03 1.690485e+03 1.697075e+03 1.707403e+03
18.5 1.703804e+03 1.684359e+03 1.697200e+03 1.716645e+03
19.5 1.689700e+03 1.682407e+03 1.697093e+03 1.704386e+03
20.5 1.697283e+03 1.684213e+03 1.696897e+03 1.709967e+03
0.4 1.712800e+03 1.712216e+03 1.697268e+03 1.697853e+03
1.4 1.718864e+03 1.723865e+03 1.695453e+03 1.690451e+03
2.4 1.710112e+03 1.713467e+03 1.689562e+03 1.686207e+03
3.4 1.656356e+03 1.703297e+03 1.687539e+03 1.640598e+03
4.4 1.710907e+03 1.709906e+03 1.690031e+03 1.691032e+03
5.4 1.725425e+03 1.714239e+03 1.693189e+03 1.704376e+03
6.4 1.648422e+03 1.707843e+03 1.695351e+03 1.635930e+03
7.4 1.716670e+03 1.698685e+03 1.696538e+03 1.714523e+03
8.4 1.700813e+03 1.690485e+03 1.697075e+03 1.707403e+03
9.4 1.703804e+03 1.684359e+03 1.697200e+03 1.716645e+03
10.4 1.689700e+03 1.682407e+03 1.697093e+03 1.704386e+03
11.4 1.697283e+03 1.684213e+03 1.696897e+03 1.709967e+03
12.4 1.723793e+03 1.686439e+03 1.696706e+03 1.734060e+03
13.4 1.732468e+03 1.687781e+03 1.696563e+03 1.741250e+03
14.4 1.705990e+03 1.689005e+03 1.696471e+03 1.713455e+03
15.4 1.698376e+03 1.690482e+03 1.696418e+03 1.704312e+03
16.4 1.686469e+03 1.691540e+03 1.696391e+03 1.691320e+03
17.4 1.739938e+03 1.691924e+03 1.696378e+03 1.744392e+03
18.4 1.689299e+03 1.691293e+03 1.696372e+03 1.694379e+03
19.4 1.657637e+03 1.689972e+03 1.696368e+03 1.664034e+03
20.4 1.716285e+03 1.687726e+03 1.694830e+03 1.723390e+03
0.4 1.657637e+03 1.689972e+03 1.696368e+03 1.664034e+03
1.4 1.716285e+03 1.687726e+03 1.694830e+03 1.723390e+03
2.4 1.674812e+03 1.682545e+03 1.689170e+03 1.681437e+03
3.4 1.681700e+03 1.681487e+03 1.687175e+03 1.687388e+03
4.4 1.782776e+03 1.687451e+03 1.689742e+03 1.785067e+03
5.4 1.707387e+03 1.700142e+03 1.693009e+03 1.700255e+03
6.4 1.761409e+03 1.711780e+03 1.695255e+03 1.744884e+03
7.4 1.718621e+03 1.713091e+03 1.696493e+03 1.702022e+03
8.4 1.723709e+03 1.706580e+03 1.697057e+03 1.714186e+03
9.4 1.669245e+03 1.699309e+03 1.697197e+03 1.667133e+03
10.4 1.694937e+03 1.694025e+03 1.697096e+03 1.698008e+03
11.4 1.717379e+03 1.690190e+03 1.696902e+03 1.724090e+03
12.4 1.682022e+03 1.686992e+03 1.695723e+03 1.690753e+03
13.4 1.700719e+03 1.681378e+03 1.690125e+03 1.709466e+03
14.4 1.662945e+03 1.678939e+03 1.687198e+03 1.671205e+03
15.4 1.667377e+03 1.680962e+03 1.689307e+03 1.675722e+03
16.4 1.685881e+03 1.683366e+03 1.691628e+03 1.694142e+03
17.4 1.747969e+03 1.681294e+03 1.688572e+03 1.755247e+03
18.4 1.585600e+03 1.681067e+03 1.687094e+03 1.591627e+03
19.4 1.686152e+03 1.684779e+03 1.689897e+03 1.691270e+03
20.4 1.664785e+03 1.690189e+03 1.693420e+03 1.668016e+03
0.2 1.717379e+03 1.690190e+03 1.696902e+03 1.724090e+03
1.2 1.682022e+03 1.686992e+03 1.695723e+03 1.690753e+03
2.2 1.700719e+03 1.681378e+03 1.690125e+03 1.709466e+03
3.2 1.662945e+03 1.678939e+03 1.687198e+03 1.671205e+03
4.2 1.667377e+03 1.680962e+03 1.689307e+03 1.675722e+03
5.2 1.685881e+03 1.683366e+03 1.691628e+03 1.694142e+03
6.2 1.747969e+03 1.681294e+03 1.688572e+03 1.755247e+03
7.2 1.585600e+03 1.681067e+03 1.687094e+03 1.591627e+03
8.2 1.686152e+03 1.684779e+03 1.689897e+03 1.691270e+03
9.2 1.664785e+03 1.690189e+03 1.693420e+03 1.668016e+03
10.2 1.677945e+03 1.704837e+03 1.695755e+03 1.668863e+03
11.2 1.736502e+03 1.724176e+03 1.696927e+03 1.709253e+03
12.2 1.718240e+03 1.727661e+03 1.697375e+03 1.687954e+03
13.2 1.737386e+03 1.722824e+03 1.697411e+03 1.711973e+03
14.2 1.827974e+03 1.724538e+03 1.697234e+03 1.800670e+03
15.2 1.701725e+03 1.719886e+03 1.696988e+03 1.678826e+03
16.2 1.701533e+03 1.708150e+03 1.696762e+03 1.690145e+03
17.2 1.709915e+03 1.697554e+03 1.696595e+03 1.708956e+03
18.2 1.713896e+03 1.691269e+03 1.696488e+03 1.719115e+03
19.2 1.699007e+03 1.688647e+03 1.696427e+03 1.706787e+03
20.2 1.740410e+03 1.691716e+03 1.696395e+03 1.745090e+03
0.2 1.667377e+03 1.680962e+03 1.689307e+03 1.675722e+03
1.2 1.685881e+03 1.683366e+03 1.691628e+03 1.694142e+03
2.2 1.747969e+03 1.681294e+03 1.688572e+03 1.755247e+03
3.2 1.585600e+03 1.681067e+03 1.687094e+03 1.591627e+03
4.2 1.686152e+03 1.684779e+03 1.689897e+03 1.691270e+03
5.2 1.664785e+03 1.690189e+03 1.693420e+03 1.668016e+03
6.2 1.677945e+03 1.704837e+03 1.695755e+03 1.668863e+03
7.2 1.736502e+03 1.724176e+03 1.696927e+03 1.709253e+03
8.2 1.718240e+03 1.727661e+03 1.697375e+03 1.687954e+03
9.2 1.737386e+03 1.722824e+03 1.697411e+03 1.711973e+03
10.2 1.827974e+03 1.724538e+03 1.697234e+03 1.800670e+03
11.2 1.701725e+03 1.719886e+03 1.696988e+03 1.678826e+03
12.2 1.701533e+03 1.708150e+03 1.696762e+03 1.690145e+03
13.2 1.709915e+03 1.697554e+03 1.696595e+03 1.708956e+03
14.2 1.713896e+03 1.691269e+03 1.696488e+03 1.719115e+03
15.2 1.699007e+03 1.688647e+03 1.696427e+03 1.706787e+03
16.2 1.740410e+03 1.691716e+03 1.696395e+03 1.745090e+03
17.2 1.689639e+03 1.701294e+03 1.696352e+03 1.684697e+03
18.2 1.671030e+03 1.703983e+03 1.693698e+03 1.660745e+03
19.2 1.744774e+03 1.694938e+03 1.688175e+03 1.738011e+03
20.2 1.710613e+03 1.686367e+03 1.687507e+03 1.711752e+03
0.6 1.689639e+03 1.701294e+03 1.696352e+03 1.684697e+03
1.6 1.671030e+03 1.703983e+03 1.693698e+03 1.660745e+03
2.6 1.744774e+03 1.694938e+03 1.688175e+03 1.738011e+03
3.6 1.710613e+03 1.686367e+03 1.687507e+03 1.711752e+03
4.6 1.728046e+03 1.682771e+03 1.690533e+03 1.735808e+03
5.6 1.687937e+03 1.683893e+03 1.693627e+03 1.697670e+03
6.6 1.694594e+03 1.686618e+03 1.695614e+03 1.703591e+03
7.6 1.699074e+03 1.688233e+03 1.696670e+03 1.707511e+03
8.6 1.767239e+03 1.688797e+03 1.697119e+03 1.775561e+03
9.6 1.664701e+03 1.689775e+03 1.697189e+03 1.672115e+03
10.6 1.682219e+03 1.689869e+03 1.697056e+03 1.689407e+03
11.6 1.689098e+03 1.687629e+03 1.696856e+03 1.698325e+03
12.6 1.770848e+03 1.685432e+03 1.696673e+03 1.782089e+03
13.6 1.717194e+03 1.686163e+03 1.696541e+03 1.727572e+03
14.6 1.698329e+03 1.688559e+03 1.696458e+03 1.706228e+03
15.6 1.681438e+03 1.690462e+03 1.696411e+03 1.687387e+03
16.6 1.770493e+03 1.691053e+03 1.696388e+03 1.775828e+03
17.6 1.741817e+03 1.691258e+03 1.696377e+03 1.746936e+03
18.6 1.669352e+03 1.691751e+03 1.696372e+03 1.673972e+03
19.6 1.681913e+03 1.691853e+03 1.696370e+03 1.686429e+03
20.6 1.666382e+03 1.689987e+03 1.696369e+03 1.672764e+03
0.3 1.588596e+03 1.707781e+03 1.696368e+03 1.577183e+03
1.3 1.704158e+03 1.712951e+03 1.695281e+03 1.686488e+03
2.3 1.792207e+03 1.704429e+03 1.689768e+03 1.777546e+03
3.3 1.622960e+03 1.703612e+03 1.687100e+03 1.606448e+03
4.3 1.752718e+03 1.710386e+03 1.687813e+03 1.730145e+03
5.3 1.705142e+03 1.703536e+03 1.685479e+03 1.687085e+03
6.3 1.767700e+03 1.694112e+03 1.685863e+03 1.759452e+03
7.3 1.669525e+03 1.698065e+03 1.689764e+03 1.661224e+03
8.3 1.744235e+03 1.709514e+03 1.692571e+03 1.727293e+03
9.3 1.645070e+03 1.705225e+03 1.689483e+03 1.629328e+03
10.3 1.645469e+03 1.694642e+03 1.687972e+03 1.638800e+03
11.3 1.620693e+03 1.687145e+03 1.690598e+03 1.624146e+03
12.3 1.583772e+03 1.682820e+03 1.693823e+03 1.594775e+03
13.3 1.656035e+03 1.679358e+03 1.692997e+03 1.669674e+03
14.3 1.681246e+03 1.676251e+03 1.688642e+03 1.693636e+03
15.3 1.704392e+03 1.678172e+03 1.688670e+03 1.714890e+03
16.3 1.700429e+03 1.682637e+03 1.691782e+03 1.709574e+03
17.3 1.670211e+03 1.686949e+03 1.694633e+03 1.677896e+03
18.3 1.622117e+03 1.690276e+03 1.696309e+03 1.628150e+03
19.3 1.740724e+03 1.692463e+03 1.697098e+03 1.745359e+03
20.3 1.637094e+03 1.697731e+03 1.697354e+03 1.636718e+03
0.4 1.622960e+03 1.703612e+03 1.687100e+03 1.606448e+03
1.4 1.752718e+03 1.710386e+03 1.687813e+03 1.730145e+03
2.4 1.705142e+03 1.703536e+03 1.685479e+03 1.687085e+03
3.4 1.767700e+03 1.694112e+03 1.685863e+03 1.759452e+03
4.4 1.669525e+03 1.698065e+03 1.689764e+03 1.661224e+03
5.4 1.744235e+03 1.709514e+03 1.692571e+03 1.727293e+03
6.4 1.645070e+03 1.705225e+03 1.689483e+03 1.629328e+03
7.4 1.645469e+03 1.694642e+03 1.687972e+03 1.638800e+03
8.4 1.620693e+03 1.687145e+03 1.690598e+03 1.624146e+03
9.4 1.583772e+03 1.682820e+03 1.693823e+03 1.594775e+03
10.4 1.656035e+03 1.679358e+03 1.692997e+03 1.669674e+03
11.4 1.681246e+03 1.676251e+03 1.688642e+03 1.693636e+03
12.4 1.704392e+03 1.678172e+03 1.688670e+03 1.714890e+03
13.4 1.700429e+03 1.682637e+03 1.691782e+03 1.709574e+03
14.4 1.670211e+03 1.686949e+03 1.694633e+03 1.677896e+03
15.4 1.622117e+03 1.690276e+03 1.696309e+03 1.628150e+03
16.4 1.740724e+03 1.692463e+03 1.697098e+03 1.745359e+03
17.4 1.637094e+03 1.697731e+03 1.697354e+03 1.636718e+03
18.4 1.705503e+03 1.707121e+03 1.697302e+03 1.695684e+03
19.4 1.650216e+03 1.710416e+03 1.697102e+03 1.636902e+03
20.4 1.693080e+03 1.705703e+03 1.696871e+03 1.684248e+03
0.3 1.669525e+03 1.698065e+03 1.689764e+03 1.661224e+03
1.3 1.744235e+03 1.709514e+03 1.692571e+03 1.727293e+03
2.3 1.645070e+03 1.705225e+03 1.689483e+03 1.629328e+03
3.3 1.645469e+03 1.694642e+03 1.687972e+03 1.638800e+03
4.3 1.620693e+03 1.687145e+03 1.690598e+03 1.624146e+03
5.3 1.583772e+03 1.682820e+03 1.693823e+03 1.594775e+03
6.3 1.656035e+03 1.679358e+03 1.692997e+03 1.669674e+03
7.3 1.681246e+03 1.676251e+03 1.688642e+03 1.693636e+03
8.3 1.704392e+03 1.678172e+03 1.688670e+03 1.714890e+03
9.3 1.700429e+03 1.682637e+03 1.691782e+03 1.709574e+03
10.3 1.670211e+03 1.686949e+03 1.694633e+03 1.677896e+03
11.3 1.622117e+03 1.690276e+03 1.696309e+03 1.628150e+03
12.3 1.740724e+03 1.692463e+03 1.697098e+03 1.745359e+03
13.3 1.637094e+03 1.697731e+03 1.697354e+03 1.636718e+03
14.3 1.705503e+03 1.707121e+03 1.697302e+03 1.695684e+03
15.3 1.650216e+03 1.710416e+03 1.697102e+03 1.636902e+03
16.3 1.693080e+03 1.705703e+03 1.696871e+03 1.684248e+03
17.3 1.652186e+03 1.699822e+03 1.696675e+03 1.649039e+03
18.3 1.765772e+03 1.700934e+03 1.696539e+03 1.761377e+03
19.3 1.775218e+03 1.707266e+03 1.696456e+03 1.764407e+03
20.3 1.693195e+03 1.707628e+03 1.696410e+03 1.681977e+03
0.7 1.583772e+03 1.682820e+03 1.693823e+03 1.594775e+03
1.7 1.656035e+03 1.679358e+03 1.692997e+03 1.669674e+03
2.7 1.681246e+03 1.676251e+03 1.688642e+03 1.693636e+03
3.7 1.704392e+03 1.678172e+03 1.688670e+03 1.714890e+03
4.7 1.700429e+03 1.682637e+03 1.691782e+03 1.709574e+03
5.7 1.670211e+03 1.686949e+03 1.694633e+03 1.677896e+03
6.7 1.622117e+03 1.690276e+03 1.696309e+03 1.628150e+03
7.7 1.740724e+03 1.692463e+03 1.697098e+03 1.745359e+03
8.7 1.637094e+03 1.697731e+03 1.697354e+03 1.636718e+03
9.7 1.705503e+03 1.707121e+03 1.697302e+03 1.695684e+03
10.7 1.650216e+03 1.710416e+03 1.697102e+03 1.636902e+03
11.7 1.693080e+03 1.705703e+03 1.696871e+03 1.684248e+03
12.7 1.652186e+03 1.699822e+03 1.696675e+03 1.649039e+03
13.7 1.765772e+03 1.700934e+03 1.696539e+03 1.761377e+03
14.7 1.775218e+03 1.707266e+03 1.696456e+03 1.764407e+03
15.7 1.693195e+03 1.707628e+03 1.696410e+03 1.681977e+03
16.7 1.717907e+03 1.702024e+03 1.696387e+03 1.712270e+03
17.7 1.724253e+03 1.696157e+03 1.696376e+03 1.724472e+03
18.7 1.638502e+03 1.692402e+03 1.696371e+03 1.642472e+03
19.7 1.699394e+03 1.690548e+03 1.696370e+03 1.705215e+03
20.7 1.687991e+03 1.692094e+03 1.696369e+03 1.692266e+03
0.2 1.690124e+03 1.713830e+03 1.696368e+03 1.672663e+03
1.2 1.722473e+03 1.700687e+03 1.695473e+03 1.717259e+03
2.2 1.652986e+03 1.687529e+03 1.690088e+03 1.655545e+03
3.2 1.671661e+03 1.680705e+03 1.687091e+03 1.678047e+03
4.2 1.713069e+03 1.681348e+03 1.689161e+03 1.720882e+03
5.2 1.652513e+03 1.684629e+03 1.692507e+03 1.660391e+03
6.2 1.678954e+03 1.687444e+03 1.694951e+03 1.686461e+03
7.2 1.645102e+03 1.688834e+03 1.696337e+03 1.652606e+03
8.2 1.664594e+03 1.689205e+03 1.696811e+03 1.672200e+03
9.2 1.620696e+03 1.685942e+03 1.692993e+03 1.627746e+03
10.2 1.705894e+03 1.684772e+03 1.688186e+03 1.709308e+03
11.2 1.698105e+03 1.694822e+03 1.688675e+03 1.691959e+03
12.2 1.729487e+03 1.702665e+03 1.689988e+03 1.716810e+03
13.2 1.638674e+03 1.697069e+03 1.686990e+03 1.628595e+03
14.2 1.691835e+03 1.690827e+03 1.686945e+03 1.687952e+03
15.2 1.730418e+03 1.689293e+03 1.690462e+03 1.731586e+03
16.2 1.655174e+03 1.689283e+03 1.693994e+03 1.659884e+03
17.2 1.684244e+03 1.687532e+03 1.696161e+03 1.692873e+03
18.2 1.685309e+03 1.685738e+03 1.697183e+03 1.696754e+03
19.2 1.622847e+03 1.686699e+03 1.697513e+03 1.633661e+03
20.2 1.640661e+03 1.688947e+03 1.697462e+03 1.649176e+03
0.9 1.664594e+03 1.689205e+03 1.696811e+03 1.672200e+03
1.9 1.620696e+03 1.685942e+03 1.692993e+03 1.627746e+03
2.9 1.705894e+03 1.684772e+03 1.688186e+03 1.709308e+03
3.9 1.698105e+03 1.694822e+03 1.688675e+03 1.691959e+03
4.9 1.729487e+03 1.702665e+03 1.689988e+03 1.716810e+03
5.9 1.638674e+03 1.697069e+03 1.686990e+03 1.628595e+03
6.9 1.691835e+03 1.690827e+03 1.686945e+03 1.687952e+03
7.9 1.730418e+03 1.689293e+03 1.690462e+03 1.731586e+03
8.9 1.655174e+03 1.689283e+03 1.693994e+03 1.659884e+03
9.9 1.684244e+03 1.687532e+03 1.696161e+03 1.692873e+03
10.9 1.685309e+03 1.685738e+03 1.697183e+03 1.696754e+03
11.9 1.622847e+03 1.686699e+03 1.697513e+03 1.633661e+03
12.9 1.640661e+03 1.688947e+03 1.697462e+03 1.649176e+03
13.9 1.667183e+03 1.690710e+03 1.697233e+03 1.673705e+03
14.9 1.714496e+03 1.691689e+03 1.696965e+03 1.719772e+03
15.9 1.669353e+03 1.692128e+03 1.696737e+03 1.673962e+03
16.9 1.703335e+03 1.692248e+03 1.696575e+03 1.707662e+03
17.9 1.697011e+03 1.691940e+03 1.696475e+03 1.701546e+03
18.9 1.717987e+03 1.690742e+03 1.696202e+03 1.723446e+03
19.9 1.648624e+03 1.686069e+03 1.692013e+03 1.654567e+03
20.9 1.679107e+03 1.681724e+03 1.687384e+03 1.684768e+03
0.4 1.698105e+03 1.694822e+03 1.688675e+03 1.691959e+03
1.4 1.729487e+03 1.702665e+03 1.689988e+03 1.716810e+03
2.4 1.638674e+03 1.697069e+03 1.686990e+03 1.628595e+03
3.4 1.691835e+03 1.690827e+03 1.686945e+03 1.687952e+03
4.4 1.730418e+03 1.689293e+03 1.690462e+03 1.731586e+03
5.4 1.655174e+03 1.689283e+03 1.693994e+03 1.659884e+03
6.4 1.684244e+03 1.687532e+03 1.696161e+03 1.692873e+03
7.4 1.685309e+03 1.685738e+03 1.697183e+03 1.696754e+03
8.4 1.622847e+03 1.686699e+03 1.697513e+03 1.633661e+03
9.4 1.640661e+03 1.688947e+03 1.697462e+03 1.649176e+03
10.4 1.667183e+03 1.690710e+03 1.697233e+03 1.673705e+03
11.4 1.714496e+03 1.691689e+03 1.696965e+03 1.719772e+03
12.4 1.669353e+03 1.692128e+03 1.696737e+03 1.673962e+03
13.4 1.703335e+03 1.692248e+03 1.696575e+03 1.707662e+03
14.4 1.697011e+03 1.691940e+03 1.696475e+03 1.701546e+03
15.4 1.717987e+03 1.690742e+03 1.696202e+03 1.723446e+03
16.4 1.648624e+03 1.686069e+03 1.692013e+03 1.654567e+03
17.4 1.679107e+03 1.681724e+03 1.687384e+03 1.684768e+03
18.4 1.642727e+03 1.684452e+03 1.688193e+03 1.646468e+03
19.4 1.677825e+03 1.695635e+03 1.691508e+03 1.673698e+03
20.4 1.753312e+03 1.706566e+03 1.694311e+03 1.741056e+03
0.9 1.717987e+03 1.690742e+03 1.696202e+03 1.723446e+03
1.9 1.648624e+03 1.686069e+03 1.692013e+03 1.654567e+03
2.9 1.679107e+03 1.681724e+03 1.687384e+03 1.684768e+03
3.9 1.642727e+03 1.684452e+03 1.688193e+03 1.646468e+03
4.9 1.677825e+03 1.695635e+03 1.691508e+03 1.673698e+03
5.9 1.753312e+03 1.706566e+03 1.694311e+03 1.741056e+03
6.9 1.671204e+03 1.707659e+03 1.695995e+03 1.659541e+03
7.9 1.715543e+03 1.702590e+03 1.696849e+03 1.709802e+03
8.9 1.681033e+03 1.697261e+03 1.697169e+03 1.680942e+03
9.9 1.661920e+03 1.693634e+03 1.697165e+03 1.665451e+03
10.9 1.642109e+03 1.691567e+03 1.697001e+03 1.647543e+03
11.9 1.705805e+03 1.690615e+03 1.696800e+03 1.711989e+03
12.9 1.747071e+03 1.692201e+03 1.696630e+03 1.751500e+03
13.9 1.687082e+03 1.699090e+03 1.696356e+03 1.684348e+03
14.9 1.673380e+03 1.699060e+03 1.692416e+03 1.666736e+03
15.9 1.659728e+03 1.691723e+03 1.687527e+03 1.655532e+03
16.9 1.674816e+03 1.688103e+03 1.688049e+03 1.674762e+03
17.9 1.717720e+03 1.688275e+03 1.691322e+03 1.720767e+03
18.9 1.696469e+03 1.688839e+03 1.694184e+03 1.701813e+03
19.9 1.672461e+03 1.689007e+03 1.695926e+03 1.679379e+03
20.9 1.656088e+03 1.689834e+03 1.696817e+03 1.663072e+03
0.8 1.687082e+03 1.699090e+03 1.696356e+03 1.684348e+03
1.8 1.673380e+03 1.699060e+03 1.692416e+03 1.666736e+03
2.8 1.659728e+03 1.691723e+03 1.687527e+03 1.655532e+03
3.8 1.674816e+03 1.688103e+03 1.688049e+03 1.674762e+03
4.8 1.717720e+03 1.688275e+03 1.691322e+03 1.720767e+03
5.8 1.696469e+03 1.688839e+03 1.694184e+03 1.701813e+03
6.8 1.672461e+03 1.689007e+03 1.695926e+03 1.679379e+03
7.8 1.656088e+03 1.689834e+03 1.696817e+03 1.663072e+03
8.8 1.695948e+03 1.690851e+03 1.697162e+03 1.702259e+03
9.8 1.705568e+03 1.691180e+03 1.697171e+03 1.711559e+03
10.8 1.715944e+03 1.690625e+03 1.697012e+03 1.722331e+03
11.8 1.707362e+03 1.690043e+03 1.696811e+03 1.714129e+03
12.8 1.684401e+03 1.690362e+03 1.696638e+03 1.690677e+03
13.8 1.648959e+03 1.691047e+03 1.696518e+03 1.654430e+03
14.8 1.740998e+03 1.690942e+03 1.696443e+03 1.746499e+03
15.8 1.656448e+03 1.688861e+03 1.694866e+03 1.662452e+03
16.8 1.701053e+03 1.683319e+03 1.689186e+03 1.706920e+03
17.8 1.659398e+03 1.681844e+03 1.687182e+03 1.664736e+03
18.8 1.676456e+03 1.684850e+03 1.689744e+03 1.681350e+03
19.8 1.694995e+03 1.688365e+03 1.693010e+03 1.699640e+03
20.8 1.662390e+03 1.690718e+03 1.695256e+03 1.666927e+03
0.4 1.740998e+03 1.690942e+03 1.696443e+03 1.746499e+03
1.4 1.656448e+03 1.688861e+03 1.694866e+03 1.662452e+03
2.4 1.701053e+03 1.683319e+03 1.689186e+03 1.706920e+03
3.4 1.659398e+03 1.681844e+03 1.687182e+03 1.664736e+03
4.4 1.676456e+03 1.684850e+03 1.689744e+03 1.681350e+03
5.4 1.694995e+03 1.688365e+03 1.693010e+03 1.699640e+03
6.4 1.662390e+03 1.690718e+03 1.695256e+03 1.666927e+03
7.4 1.699909e+03 1.691983e+03 1.696493e+03 1.704419e+03
8.4 1.703424e+03 1.692531e+03 1.697057e+03 1.707951e+03
