1.062043e+04 1.061455e+04 1.060035e+04 1.063464e+04
1.066231e+04 1.061455e+04 1.060035e+04 1.067651e+04
1.064821e+04 1.061455e+04 1.060035e+04 1.066241e+04
1.063357e+04 1.061455e+04 1.060091e+04 1.064721e+04
1.062267e+04 1.061455e+04 1.060519e+04 1.063203e+04
1.064660e+04 1.061455e+04 1.061280e+04 1.064835e+04
1.063911e+04 1.061455e+04 1.062062e+04 1.063304e+04
1.061700e+04 1.061455e+04 1.062146e+04 1.061008e+04
1.059998e+04 1.061455e+04 1.062044e+04 1.059410e+04
1.066664e+04 1.061455e+04 1.062297e+04 1.065822e+04
1.066550e+04 1.061455e+04 1.062184e+04 1.065822e+04
1.063969e+04 1.061455e+04 1.061404e+04 1.064020e+04
1.059871e+04 1.061460e+04 1.060598e+04 1.060732e+04
1.061030e+04 1.061886e+04 1.060509e+04 1.062407e+04
1.061075e+04 1.063520e+04 1.061899e+04 1.062696e+04
1.066416e+04 1.065353e+04 1.063672e+04 1.068097e+04
1.067233e+04 1.065505e+04 1.064396e+04 1.068342e+04
1.068476e+04 1.064194e+04 1.063930e+04 1.068740e+04
1.066654e+04 1.062854e+04 1.062614e+04 1.066894e+04
1.064670e+04 1.062903e+04 1.062213e+04 1.065360e+04
1.063756e+04 1.064147e+04 1.063061e+04 1.064842e+04
1.065663e+04 1.064377e+04 1.063587e+04 1.066453e+04
1.066479e+04 1.063384e+04 1.063156e+04 1.066707e+04
1.065083e+04 1.062287e+04 1.062038e+04 1.065332e+04
1.063452e+04 1.061583e+04 1.061623e+04 1.063411e+04
1.064911e+04 1.061232e+04 1.062079e+04 1.064064e+04
1.066320e+04 1.061102e+04 1.062482e+04 1.064941e+04
1.070350e+04 1.061102e+04 1.062591e+04 1.068861e+04
1.065017e+04 1.061167e+04 1.061942e+04 1.064243e+04
1.061684e+04 1.061252e+04 1.060972e+04 1.061964e+04
1.060939e+04 1.061328e+04 1.060236e+04 1.062031e+04
1.062449e+04 1.061382e+04 1.059841e+04 1.063991e+04
1.062803e+04 1.061417e+04 1.059693e+04 1.064527e+04
1.061169e+04 1.061437e+04 1.059973e+04 1.062633e+04
1.061794e+04 1.061447e+04 1.061020e+04 1.062221e+04
1.061505e+04 1.061452e+04 1.062055e+04 1.060902e+04
1.066157e+04 1.061454e+04 1.062642e+04 1.064968e+04
1.064804e+04 1.061455e+04 1.062467e+04 1.063792e+04
1.062590e+04 1.061455e+04 1.062370e+04 1.061675e+04
1.060479e+04 1.061455e+04 1.062583e+04 1.059351e+04
1.060531e+04 1.061456e+04 1.062533e+04 1.059454e+04
1.062266e+04 1.061710e+04 1.061966e+04 1.062011e+04
1.062344e+04 1.063119e+04 1.062422e+04 1.063041e+04
1.064105e+04 1.065075e+04 1.063744e+04 1.065435e+04
1.067488e+04 1.065635e+04 1.064383e+04 1.068741e+04
1.067619e+04 1.064501e+04 1.064105e+04 1.068015e+04
1.061698e+04 1.063022e+04 1.063301e+04 1.061419e+04
1.060565e+04 1.061963e+04 1.062610e+04 1.059918e+04
1.065024e+04 1.061374e+04 1.062218e+04 1.064180e+04
1.066185e+04 1.061113e+04 1.062153e+04 1.065144e+04
1.061041e+04 1.061054e+04 1.061550e+04 1.060545e+04
1.060449e+04 1.061106e+04 1.060735e+04 1.060819e+04
1.060076e+04 1.061200e+04 1.060553e+04 1.060722e+04
1.062899e+04 1.061291e+04 1.061012e+04 1.063177e+04
1.064683e+04 1.061360e+04 1.061509e+04 1.064534e+04
1.063138e+04 1.061404e+04 1.061996e+04 1.062546e+04
1.060481e+04 1.061430e+04 1.061779e+04 1.060132e+04
1.058709e+04 1.061444e+04 1.061333e+04 1.058819e+04
1.060586e+04 1.061450e+04 1.061629e+04 1.060407e+04
1.061203e+04 1.061453e+04 1.062237e+04 1.060419e+04
1.064483e+04 1.061454e+04 1.062676e+04 1.063262e+04
1.063344e+04 1.061455e+04 1.062612e+04 1.062187e+04
1.060418e+04 1.061455e+04 1.061761e+04 1.060112e+04
1.059004e+04 1.061455e+04 1.060929e+04 1.059530e+04
1.057505e+04 1.061455e+04 1.060865e+04 1.058095e+04
1.062852e+04 1.061455e+04 1.061230e+04 1.063077e+04
1.067124e+04 1.061455e+04 1.061820e+04 1.066759e+04
1.063522e+04 1.061455e+04 1.062148e+04 1.062829e+04
1.059957e+04 1.061455e+04 1.062251e+04 1.059161e+04
1.059215e+04 1.061455e+04 1.062214e+04 1.058457e+04
1.060785e+04 1.061455e+04 1.062328e+04 1.059913e+04
1.060091e+04 1.061455e+04 1.061965e+04 1.059581e+04
1.056003e+04 1.061455e+04 1.061123e+04 1.056336e+04
1.059839e+04 1.061455e+04 1.060457e+04 1.060837e+04
1.058884e+04 1.061455e+04 1.060716e+04 1.059623e+04
1.060613e+04 1.061455e+04 1.061608e+04 1.060460e+04
1.065183e+04 1.061455e+04 1.062412e+04 1.064226e+04
1.064170e+04 1.061455e+04 1.062869e+04 1.062756e+04
1.063468e+04 1.061455e+04 1.062982e+04 1.061942e+04
1.062641e+04 1.061455e+04 1.063047e+04 1.061049e+04
1.061124e+04 1.061455e+04 1.062601e+04 1.059978e+04
1.059780e+04 1.061455e+04 1.061547e+04 1.059688e+04
1.059412e+04 1.061455e+04 1.060568e+04 1.060299e+04
1.063099e+04 1.061455e+04 1.059991e+04 1.064563e+04
1.063180e+04 1.061455e+04 1.060122e+04 1.064513e+04
1.063606e+04 1.061455e+04 1.061032e+04 1.064029e+04
1.062460e+04 1.061456e+04 1.061927e+04 1.061989e+04
1.065263e+04 1.061732e+04 1.062660e+04 1.064334e+04
1.062910e+04 1.063163e+04 1.063611e+04 1.062462e+04
1.062115e+04 1.064668e+04 1.064384e+04 1.062399e+04
1.063555e+04 1.064508e+04 1.064375e+04 1.063688e+04
1.061699e+04 1.063358e+04 1.063399e+04 1.061658e+04
1.059673e+04 1.062298e+04 1.062342e+04 1.059629e+04
1.059239e+04 1.061634e+04 1.061816e+04 1.059057e+04
1.063161e+04 1.061320e+04 1.061931e+04 1.062550e+04
1.065460e+04 1.061901e+04 1.062548e+04 1.064813e+04
1.062748e+04 1.063753e+04 1.063704e+04 1.062796e+04
1.063020e+04 1.065351e+04 1.064587e+04 1.063785e+04
1.062469e+04 1.065081e+04 1.064551e+04 1.062999e+04
1.063149e+04 1.063695e+04 1.063525e+04 1.063319e+04
1.059825e+04 1.062416e+04 1.062019e+04 1.060222e+04
1.061192e+04 1.061615e+04 1.061179e+04 1.061628e+04
1.060084e+04 1.061209e+04 1.061222e+04 1.060071e+04
1.061649e+04 1.061061e+04 1.061590e+04 1.061120e+04
1.059761e+04 1.061213e+04 1.061407e+04 1.059568e+04
1.063393e+04 1.062484e+04 1.061933e+04 1.063944e+04
1.064497e+04 1.064268e+04 1.063176e+04 1.065590e+04
1.066257e+04 1.064534e+04 1.063821e+04 1.066969e+04
1.061717e+04 1.063532e+04 1.063333e+04 1.061916e+04
1.059280e+04 1.062442e+04 1.062023e+04 1.059698e+04
1.060531e+04 1.061719e+04 1.060831e+04 1.061419e+04
1.060202e+04 1.061332e+04 1.060438e+04 1.061097e+04
1.060905e+04 1.061170e+04 1.060839e+04 1.061236e+04
1.060753e+04 1.061147e+04 1.061369e+04 1.060532e+04
1.060215e+04 1.061198e+04 1.061994e+04 1.059419e+04
1.059139e+04 1.061272e+04 1.061976e+04 1.058436e+04
1.057864e+04 1.061340e+04 1.061494e+04 1.057711e+04
1.059165e+04 1.061390e+04 1.061708e+04 1.058847e+04
1.062273e+04 1.061421e+04 1.062386e+04 1.061308e+04
1.064714e+04 1.061439e+04 1.062826e+04 1.063326e+04
1.064701e+04 1.061448e+04 1.062826e+04 1.063323e+04
1.061527e+04 1.061452e+04 1.062029e+04 1.060950e+04
1.060243e+04 1.061454e+04 1.061503e+04 1.060194e+04
1.057036e+04 1.061455e+04 1.061845e+04 1.056646e+04
1.063112e+04 1.061455e+04 1.062304e+04 1.062263e+04
1.067382e+04 1.061455e+04 1.062664e+04 1.066173e+04
1.063904e+04 1.061455e+04 1.062602e+04 1.062757e+04
1.061906e+04 1.061455e+04 1.062308e+04 1.061053e+04
1.062038e+04 1.061455e+04 1.062351e+04 1.061142e+04
1.062935e+04 1.061455e+04 1.062008e+04 1.062382e+04
1.063801e+04 1.061455e+04 1.061198e+04 1.064058e+04
1.062379e+04 1.061455e+04 1.061021e+04 1.062813e+04
1.061966e+04 1.061455e+04 1.061646e+04 1.061775e+04
1.062999e+04 1.061455e+04 1.062328e+04 1.062126e+04
1.061887e+04 1.061455e+04 1.062475e+04 1.060867e+04
1.060203e+04 1.061455e+04 1.061808e+04 1.059850e+04
1.059537e+04 1.061455e+04 1.061343e+04 1.059649e+04
1.062092e+04 1.061455e+04 1.061480e+04 1.062067e+04
1.060144e+04 1.061455e+04 1.061898e+04 1.059701e+04
1.063814e+04 1.061455e+04 1.061576e+04 1.063693e+04
1.064630e+04 1.061455e+04 1.060953e+04 1.065133e+04
1.064154e+04 1.061455e+04 1.060871e+04 1.064738e+04
1.060950e+04 1.061455e+04 1.061393e+04 1.061012e+04
1.060940e+04 1.061455e+04 1.061867e+04 1.060529e+04
1.061660e+04 1.061455e+04 1.061484e+04 1.061631e+04
1.063077e+04 1.061455e+04 1.060774e+04 1.063758e+04
1.065266e+04 1.061455e+04 1.060237e+04 1.066484e+04
1.064409e+04 1.061455e+04 1.059946e+04 1.065918e+04
1.062167e+04 1.061455e+04 1.059876e+04 1.063745e+04
1.061435e+04 1.061455e+04 1.060305e+04 1.062586e+04
1.064094e+04 1.061455e+04 1.061048e+04 1.064502e+04
1.063993e+04 1.061455e+04 1.061884e+04 1.063564e+04
1.063989e+04 1.061455e+04 1.062256e+04 1.063188e+04
1.061859e+04 1.061455e+04 1.062242e+04 1.061072e+04
1.062858e+04 1.061455e+04 1.062541e+04 1.061771e+04
1.066817e+04 1.061455e+04 1.062775e+04 1.065498e+04
1.065293e+04 1.061455e+04 1.062893e+04 1.063855e+04
1.062322e+04 1.061455e+04 1.062868e+04 1.060908e+04
1.060057e+04 1.061455e+04 1.062782e+04 1.058730e+04
1.060209e+04 1.061455e+04 1.062710e+04 1.058954e+04
1.062077e+04 1.061455e+04 1.062061e+04 1.061471e+04
1.061211e+04 1.061455e+04 1.061529e+04 1.061137e+04
1.058668e+04 1.061455e+04 1.061668e+04 1.058456e+04
1.061750e+04 1.061457e+04 1.062089e+04 1.061117e+04
1.066841e+04 1.061778e+04 1.062176e+04 1.066443e+04
1.067242e+04 1.063288e+04 1.062898e+04 1.067632e+04
1.066291e+04 1.065203e+04 1.064113e+04 1.067381e+04
1.065154e+04 1.065588e+04 1.064511e+04 1.066231e+04
1.062902e+04 1.064370e+04 1.064014e+04 1.063258e+04
1.061029e+04 1.062911e+04 1.063155e+04 1.060785e+04
1.059764e+04 1.061896e+04 1.062484e+04 1.059177e+04
1.062798e+04 1.061341e+04 1.062170e+04 1.061970e+04
1.066517e+04 1.061101e+04 1.062088e+04 1.065530e+04
1.063874e+04 1.061055e+04 1.061465e+04 1.063464e+04
1.062604e+04 1.061113e+04 1.061093e+04 1.062625e+04
1.057977e+04 1.061208e+04 1.061501e+04 1.057685e+04
1.057846e+04 1.061298e+04 1.062098e+04 1.057045e+04
1.069202e+04 1.061364e+04 1.062363e+04 1.068203e+04
1.069098e+04 1.061407e+04 1.061810e+04 1.068696e+04
1.063011e+04 1.061432e+04 1.061536e+04 1.062906e+04
1.057034e+04 1.061444e+04 1.061881e+04 1.056597e+04
1.053902e+04 1.061450e+04 1.062370e+04 1.052982e+04
1.055994e+04 1.061453e+04 1.062374e+04 1.055074e+04
1.052972e+04 1.061454e+04 1.061586e+04 1.052840e+04
1.052138e+04 1.061455e+04 1.060696e+04 1.052897e+04
1.051587e+04 1.061455e+04 1.060109e+04 1.052932e+04
1.052715e+04 1.061455e+04 1.060055e+04 1.054116e+04
1.057703e+04 1.061455e+04 1.060735e+04 1.058423e+04
1.064418e+04 1.061455e+04 1.061721e+04 1.064152e+04
1.065467e+04 1.061457e+04 1.062155e+04 1.064768e+04
1.061576e+04 1.061778e+04 1.061946e+04 1.061408e+04
1.059689e+04 1.063092e+04 1.062496e+04 1.060285e+04
1.061217e+04 1.063837e+04 1.063230e+04 1.061823e+04
1.062071e+04 1.063331e+04 1.063201e+04 1.062201e+04
1.061530e+04 1.062688e+04 1.062382e+04 1.061836e+04
1.060023e+04 1.063387e+04 1.062549e+04 1.060861e+04
1.059171e+04 1.064996e+04 1.063736e+04 1.060431e+04
1.062423e+04 1.065498e+04 1.064356e+04 1.063565e+04
1.064350e+04 1.064373e+04 1.064147e+04 1.064577e+04
1.060961e+04 1.062901e+04 1.063637e+04 1.060225e+04
1.059472e+04 1.061861e+04 1.063223e+04 1.058110e+04
1.059736e+04 1.061300e+04 1.062995e+04 1.058040e+04
1.060309e+04 1.061063e+04 1.062677e+04 1.058695e+04
1.061790e+04 1.061023e+04 1.062219e+04 1.060594e+04
1.061346e+04 1.061086e+04 1.062105e+04 1.060328e+04
1.061209e+04 1.061187e+04 1.061708e+04 1.060688e+04
1.060425e+04 1.061283e+04 1.060902e+04 1.060806e+04
1.060308e+04 1.061355e+04 1.060212e+04 1.061451e+04
1.061665e+04 1.061402e+04 1.060041e+04 1.063026e+04
1.062826e+04 1.061429e+04 1.060580e+04 1.063676e+04
1.062303e+04 1.061443e+04 1.061280e+04 1.062466e+04
1.062303e+04 1.061450e+04 1.061904e+04 1.061849e+04
1.059953e+04 1.061453e+04 1.062406e+04 1.059000e+04
1.060125e+04 1.061454e+04 1.062757e+04 1.058822e+04
1.061971e+04 1.061455e+04 1.062876e+04 1.060550e+04
1.062510e+04 1.061455e+04 1.062833e+04 1.061132e+04
1.061173e+04 1.061455e+04 1.062111e+04 1.060517e+04
1.057345e+04 1.061457e+04 1.061074e+04 1.057728e+04
1.057348e+04 1.061778e+04 1.060605e+04 1.058521e+04
1.059166e+04 1.063271e+04 1.061673e+04 1.060765e+04
1.062381e+04 1.064708e+04 1.063100e+04 1.063988e+04
1.065627e+04 1.064456e+04 1.063685e+04 1.066397e+04
1.062362e+04 1.063289e+04 1.063020e+04 1.062631e+04
1.059351e+04 1.062249e+04 1.061724e+04 1.059876e+04
1.059292e+04 1.061607e+04 1.060637e+04 1.060261e+04
1.058200e+04 1.061280e+04 1.059991e+04 1.059488e+04
1.060098e+04 1.061157e+04 1.059695e+04 1.061560e+04
1.059606e+04 1.061157e+04 1.059769e+04 1.060994e+04
1.060149e+04 1.061217e+04 1.060353e+04 1.061013e+04
1.058225e+04 1.061291e+04 1.061267e+04 1.058250e+04
1.058337e+04 1.061355e+04 1.061803e+04 1.057889e+04
1.060097e+04 1.061400e+04 1.061596e+04 1.059900e+04
1.059867e+04 1.061427e+04 1.061736e+04 1.059558e+04
1.059764e+04 1.061442e+04 1.062195e+04 1.059010e+04
1.065304e+04 1.061449e+04 1.062651e+04 1.064102e+04
1.063322e+04 1.061453e+04 1.062378e+04 1.062396e+04
1.062117e+04 1.061454e+04 1.061450e+04 1.062121e+04
1.057117e+04 1.061455e+04 1.060581e+04 1.057991e+04
1.058895e+04 1.061455e+04 1.060048e+04 1.060302e+04
1.058588e+04 1.061455e+04 1.059800e+04 1.060243e+04
1.060779e+04 1.061455e+04 1.059917e+04 1.062318e+04
1.058865e+04 1.061455e+04 1.060684e+04 1.059636e+04
1.060238e+04 1.061455e+04 1.061673e+04 1.060020e+04
1.059167e+04 1.061455e+04 1.062144e+04 1.058478e+04
1.062640e+04 1.061455e+04 1.061665e+04 1.062430e+04
1.062802e+04 1.061455e+04 1.060921e+04 1.063337e+04
1.064071e+04 1.061455e+04 1.060677e+04 1.064849e+04
1.063821e+04 1.061455e+04 1.061028e+04 1.064248e+04
1.062568e+04 1.061455e+04 1.061758e+04 1.062264e+04
1.058337e+04 1.061455e+04 1.061797e+04 1.057995e+04
1.057647e+04 1.061455e+04 1.061450e+04 1.057652e+04
1.057685e+04 1.061455e+04 1.061535e+04 1.057606e+04
1.059553e+04 1.061455e+04 1.061793e+04 1.059215e+04
1.062721e+04 1.061455e+04 1.062207e+04 1.061969e+04
1.061936e+04 1.061455e+04 1.062187e+04 1.061204e+04
1.059658e+04 1.061455e+04 1.061794e+04 1.059319e+04
1.058783e+04 1.061455e+04 1.061671e+04 1.058567e+04
1.061781e+04 1.061455e+04 1.061938e+04 1.061298e+04
1.063357e+04 1.061455e+04 1.061664e+04 1.063148e+04
1.063147e+04 1.061455e+04 1.060931e+04 1.063671e+04
1.060713e+04 1.061455e+04 1.060299e+04 1.061870e+04
1.059694e+04 1.061455e+04 1.059941e+04 1.061208e+04
1.056961e+04 1.061455e+04 1.059793e+04 1.058623e+04
1.060503e+04 1.061455e+04 1.059766e+04 1.062192e+04
1.061022e+04 1.061455e+04 1.059801e+04 1.062676e+04
