1.246019e+04 1.226975e+04 1.226061e+04 1.246933e+04
1.235535e+04 1.226975e+04 1.226061e+04 1.236449e+04
1.232137e+04 1.226975e+04 1.226061e+04 1.233052e+04
1.230185e+04 1.226992e+04 1.225999e+04 1.231178e+04
1.229374e+04 1.227116e+04 1.225539e+04 1.230950e+04
1.230918e+04 1.227231e+04 1.225641e+04 1.232508e+04
1.232538e+04 1.227204e+04 1.227015e+04 1.232728e+04
1.228966e+04 1.227205e+04 1.227412e+04 1.228759e+04
1.224967e+04 1.227328e+04 1.226794e+04 1.225501e+04
1.232506e+04 1.227326e+04 1.227313e+04 1.232519e+04
1.235137e+04 1.227197e+04 1.227956e+04 1.234378e+04
1.233113e+04 1.227068e+04 1.227587e+04 1.232594e+04
1.227493e+04 1.226990e+04 1.226871e+04 1.227613e+04
1.228628e+04 1.227164e+04 1.226729e+04 1.229063e+04
1.227211e+04 1.227965e+04 1.227958e+04 1.227217e+04
1.232598e+04 1.228879e+04 1.229561e+04 1.231916e+04
1.234061e+04 1.228963e+04 1.230478e+04 1.232546e+04
1.236555e+04 1.228319e+04 1.230420e+04 1.234454e+04
1.235636e+04 1.227659e+04 1.229156e+04 1.234139e+04
1.233336e+04 1.227690e+04 1.228514e+04 1.232512e+04
1.230036e+04 1.228313e+04 1.229069e+04 1.229281e+04
1.231593e+04 1.228430e+04 1.229471e+04 1.230551e+04
1.232749e+04 1.227936e+04 1.229065e+04 1.231620e+04
1.232592e+04 1.227440e+04 1.227980e+04 1.232052e+04
1.230473e+04 1.227445e+04 1.227502e+04 1.230416e+04
1.231467e+04 1.227829e+04 1.227833e+04 1.231463e+04
1.232873e+04 1.227987e+04 1.228202e+04 1.232658e+04
1.238585e+04 1.227704e+04 1.228420e+04 1.237869e+04
1.234857e+04 1.227316e+04 1.227891e+04 1.234281e+04
1.230902e+04 1.227044e+04 1.226989e+04 1.230956e+04
1.227411e+04 1.226903e+04 1.226283e+04 1.228030e+04
1.227885e+04 1.226848e+04 1.225897e+04 1.228836e+04
1.229932e+04 1.226846e+04 1.225748e+04 1.231030e+04
1.228637e+04 1.227004e+04 1.225986e+04 1.229655e+04
1.228560e+04 1.227498e+04 1.226904e+04 1.229153e+04
1.228726e+04 1.227862e+04 1.227854e+04 1.228734e+04
1.232944e+04 1.227742e+04 1.228502e+04 1.232184e+04
1.230209e+04 1.227524e+04 1.228393e+04 1.229339e+04
1.227829e+04 1.227634e+04 1.228266e+04 1.227197e+04
1.227066e+04 1.227663e+04 1.228728e+04 1.226001e+04
1.226799e+04 1.227429e+04 1.229069e+04 1.225159e+04
1.229381e+04 1.227290e+04 1.228510e+04 1.228161e+04
1.229395e+04 1.227821e+04 1.228682e+04 1.228534e+04
1.230290e+04 1.228715e+04 1.229693e+04 1.229312e+04
1.234248e+04 1.228969e+04 1.230354e+04 1.232864e+04
1.235949e+04 1.228442e+04 1.230326e+04 1.234065e+04
1.229699e+04 1.227924e+04 1.228739e+04 1.228884e+04
1.226382e+04 1.227706e+04 1.226597e+04 1.227490e+04
1.229978e+04 1.227522e+04 1.225787e+04 1.231713e+04
1.234669e+04 1.227242e+04 1.226737e+04 1.235174e+04
1.228773e+04 1.227002e+04 1.227129e+04 1.228646e+04
1.225450e+04 1.226890e+04 1.226687e+04 1.225653e+04
1.221606e+04 1.226980e+04 1.225749e+04 1.222837e+04
1.225149e+04 1.227209e+04 1.224652e+04 1.227706e+04
1.229532e+04 1.227342e+04 1.224362e+04 1.232513e+04
1.228156e+04 1.227272e+04 1.225538e+04 1.229890e+04
1.226535e+04 1.227131e+04 1.226473e+04 1.227193e+04
1.224161e+04 1.227014e+04 1.226638e+04 1.224537e+04
1.225889e+04 1.226931e+04 1.226560e+04 1.226261e+04
1.225267e+04 1.226882e+04 1.226521e+04 1.225628e+04
1.230168e+04 1.226877e+04 1.227312e+04 1.229733e+04
1.231317e+04 1.226900e+04 1.228237e+04 1.229980e+04
1.226576e+04 1.226929e+04 1.227969e+04 1.225536e+04
1.224613e+04 1.226990e+04 1.227015e+04 1.224588e+04
1.219586e+04 1.227175e+04 1.225713e+04 1.221049e+04
1.224448e+04 1.227343e+04 1.224871e+04 1.226921e+04
1.230676e+04 1.227325e+04 1.225572e+04 1.232429e+04
1.228139e+04 1.227301e+04 1.226017e+04 1.229424e+04
1.225686e+04 1.227403e+04 1.225326e+04 1.227763e+04
1.221510e+04 1.227466e+04 1.224781e+04 1.224196e+04
1.226240e+04 1.227352e+04 1.225705e+04 1.227887e+04
1.227993e+04 1.227171e+04 1.226643e+04 1.228521e+04
1.223812e+04 1.227033e+04 1.226771e+04 1.224073e+04
1.228426e+04 1.226994e+04 1.226619e+04 1.228802e+04
1.226018e+04 1.227288e+04 1.227008e+04 1.226297e+04
1.227264e+04 1.227768e+04 1.227828e+04 1.227204e+04
1.234389e+04 1.227855e+04 1.228856e+04 1.233387e+04
1.233516e+04 1.227735e+04 1.229573e+04 1.231678e+04
1.230873e+04 1.227800e+04 1.229553e+04 1.229120e+04
1.231278e+04 1.227691e+04 1.229695e+04 1.229275e+04
1.228799e+04 1.227389e+04 1.229356e+04 1.226831e+04
1.227347e+04 1.227116e+04 1.228123e+04 1.226340e+04
1.224754e+04 1.226956e+04 1.226878e+04 1.224831e+04
1.228358e+04 1.226886e+04 1.226093e+04 1.229151e+04
1.230427e+04 1.226862e+04 1.225759e+04 1.231530e+04
1.229243e+04 1.226851e+04 1.225738e+04 1.230357e+04
1.227556e+04 1.226864e+04 1.226202e+04 1.228218e+04
1.230296e+04 1.227034e+04 1.227331e+04 1.229998e+04
1.228153e+04 1.227781e+04 1.228810e+04 1.227123e+04
1.227824e+04 1.228555e+04 1.229991e+04 1.226387e+04
1.228147e+04 1.228489e+04 1.230621e+04 1.226015e+04
1.225847e+04 1.227943e+04 1.229920e+04 1.223870e+04
1.223260e+04 1.227559e+04 1.227817e+04 1.223002e+04
1.222771e+04 1.227412e+04 1.225798e+04 1.224386e+04
1.227848e+04 1.227265e+04 1.225997e+04 1.229116e+04
1.231409e+04 1.227432e+04 1.227592e+04 1.231248e+04
1.229073e+04 1.228230e+04 1.229337e+04 1.227966e+04
1.229371e+04 1.228946e+04 1.230451e+04 1.227865e+04
1.228177e+04 1.228768e+04 1.230885e+04 1.226060e+04
1.230663e+04 1.228060e+04 1.230254e+04 1.228469e+04
1.227717e+04 1.227452e+04 1.228563e+04 1.226605e+04
1.228586e+04 1.227235e+04 1.226692e+04 1.229130e+04
1.225701e+04 1.227173e+04 1.226139e+04 1.226735e+04
1.225385e+04 1.227051e+04 1.227004e+04 1.225431e+04
1.223056e+04 1.227009e+04 1.227317e+04 1.222747e+04
1.228043e+04 1.227548e+04 1.227949e+04 1.227643e+04
1.229343e+04 1.228382e+04 1.229136e+04 1.228589e+04
1.230502e+04 1.228488e+04 1.230085e+04 1.228904e+04
1.225782e+04 1.227979e+04 1.229946e+04 1.223815e+04
1.222988e+04 1.227438e+04 1.228600e+04 1.221826e+04
1.225949e+04 1.227094e+04 1.227151e+04 1.225892e+04
1.226808e+04 1.227046e+04 1.225955e+04 1.227899e+04
1.226691e+04 1.227258e+04 1.224948e+04 1.229002e+04
1.225784e+04 1.227438e+04 1.224636e+04 1.228586e+04
1.225067e+04 1.227371e+04 1.226039e+04 1.226399e+04
1.223608e+04 1.227191e+04 1.227222e+04 1.223577e+04
1.222879e+04 1.227147e+04 1.227403e+04 1.222622e+04
1.224414e+04 1.227504e+04 1.227776e+04 1.224142e+04
1.227504e+04 1.227998e+04 1.228401e+04 1.227101e+04
1.230919e+04 1.228075e+04 1.229028e+04 1.229966e+04
1.231485e+04 1.227727e+04 1.229438e+04 1.229774e+04
1.228664e+04 1.227330e+04 1.228660e+04 1.227334e+04
1.227702e+04 1.227050e+04 1.227459e+04 1.227293e+04
1.221375e+04 1.226884e+04 1.226605e+04 1.221655e+04
1.228060e+04 1.226811e+04 1.226346e+04 1.228525e+04
1.234876e+04 1.226818e+04 1.227305e+04 1.234389e+04
1.232374e+04 1.226970e+04 1.227659e+04 1.231684e+04
1.227881e+04 1.227208e+04 1.227023e+04 1.228066e+04
1.228500e+04 1.227264e+04 1.227496e+04 1.228268e+04
1.229843e+04 1.227174e+04 1.227899e+04 1.229118e+04
1.231891e+04 1.227095e+04 1.227439e+04 1.231547e+04
1.233169e+04 1.227309e+04 1.227247e+04 1.233232e+04
1.232012e+04 1.227765e+04 1.227711e+04 1.232065e+04
1.231325e+04 1.227873e+04 1.228572e+04 1.230626e+04
1.230459e+04 1.227599e+04 1.229070e+04 1.228988e+04
1.228865e+04 1.227297e+04 1.228257e+04 1.227905e+04
1.226209e+04 1.227210e+04 1.226648e+04 1.226772e+04
1.228226e+04 1.227206e+04 1.225969e+04 1.229463e+04
1.225757e+04 1.227121e+04 1.226913e+04 1.225966e+04
1.230578e+04 1.227017e+04 1.227270e+04 1.230324e+04
1.230514e+04 1.226986e+04 1.226731e+04 1.230770e+04
1.230833e+04 1.227105e+04 1.225737e+04 1.232201e+04
1.225304e+04 1.227185e+04 1.225940e+04 1.226549e+04
1.224301e+04 1.227138e+04 1.227152e+04 1.224287e+04
1.226453e+04 1.227054e+04 1.227395e+04 1.226112e+04
1.229622e+04 1.226994e+04 1.226928e+04 1.229688e+04
1.232453e+04 1.226963e+04 1.226446e+04 1.232969e+04
1.231206e+04 1.226950e+04 1.226149e+04 1.232007e+04
1.226404e+04 1.226967e+04 1.225959e+04 1.227412e+04
1.224686e+04 1.227141e+04 1.225576e+04 1.226251e+04
1.226778e+04 1.227398e+04 1.225165e+04 1.229010e+04
1.228493e+04 1.227439e+04 1.226128e+04 1.229804e+04
1.227774e+04 1.227289e+04 1.227438e+04 1.227625e+04
1.225617e+04 1.227113e+04 1.227585e+04 1.225145e+04
1.226606e+04 1.226979e+04 1.227151e+04 1.226434e+04
1.231567e+04 1.226906e+04 1.226872e+04 1.231601e+04
1.231486e+04 1.226911e+04 1.227380e+04 1.231017e+04
1.229565e+04 1.227188e+04 1.228021e+04 1.228732e+04
1.225270e+04 1.227546e+04 1.228407e+04 1.224409e+04
1.224554e+04 1.227547e+04 1.228669e+04 1.223432e+04
1.227517e+04 1.227348e+04 1.228216e+04 1.226649e+04
1.227544e+04 1.227375e+04 1.227698e+04 1.227221e+04
1.223731e+04 1.227608e+04 1.227741e+04 1.223597e+04
1.224532e+04 1.227566e+04 1.228142e+04 1.223956e+04
1.229507e+04 1.227483e+04 1.228228e+04 1.228762e+04
1.232243e+04 1.228018e+04 1.228852e+04 1.231409e+04
1.232183e+04 1.228845e+04 1.229929e+04 1.231100e+04
1.231472e+04 1.228979e+04 1.230304e+04 1.230147e+04
1.228296e+04 1.228401e+04 1.229693e+04 1.227005e+04
1.223994e+04 1.227901e+04 1.227923e+04 1.223972e+04
1.220548e+04 1.227692e+04 1.226029e+04 1.222212e+04
1.227238e+04 1.227490e+04 1.225684e+04 1.229044e+04
1.232829e+04 1.227205e+04 1.226796e+04 1.233238e+04
1.228783e+04 1.226977e+04 1.227138e+04 1.228622e+04
1.228132e+04 1.226852e+04 1.226781e+04 1.228202e+04
1.221469e+04 1.226799e+04 1.226448e+04 1.221820e+04
1.217873e+04 1.226802e+04 1.226963e+04 1.217711e+04
1.229309e+04 1.226840e+04 1.227990e+04 1.228158e+04
1.235901e+04 1.226883e+04 1.227908e+04 1.234877e+04
1.229319e+04 1.226906e+04 1.227207e+04 1.229019e+04
1.221941e+04 1.226910e+04 1.226679e+04 1.222172e+04
1.217091e+04 1.226922e+04 1.227273e+04 1.216740e+04
1.220757e+04 1.226943e+04 1.228053e+04 1.219647e+04
1.218972e+04 1.226961e+04 1.227723e+04 1.218210e+04
1.215285e+04 1.226972e+04 1.226944e+04 1.215313e+04
1.213059e+04 1.226977e+04 1.226343e+04 1.213693e+04
1.213298e+04 1.226974e+04 1.226032e+04 1.214239e+04
1.216821e+04 1.226957e+04 1.226006e+04 1.217772e+04
1.226293e+04 1.226950e+04 1.226968e+04 1.226274e+04
1.230300e+04 1.226957e+04 1.227982e+04 1.229275e+04
1.227626e+04 1.227127e+04 1.228080e+04 1.226673e+04
1.224928e+04 1.227788e+04 1.228601e+04 1.224115e+04
1.225233e+04 1.228163e+04 1.229502e+04 1.223894e+04
1.226135e+04 1.227912e+04 1.229822e+04 1.224225e+04
1.228697e+04 1.227593e+04 1.228991e+04 1.227298e+04
1.228271e+04 1.227941e+04 1.228851e+04 1.227361e+04
1.227394e+04 1.228742e+04 1.229700e+04 1.226435e+04
1.230383e+04 1.228991e+04 1.230301e+04 1.229073e+04
1.232121e+04 1.228490e+04 1.230479e+04 1.230133e+04
1.226852e+04 1.228132e+04 1.230026e+04 1.224958e+04
1.223377e+04 1.228070e+04 1.229396e+04 1.222051e+04
1.222410e+04 1.227798e+04 1.229319e+04 1.220890e+04
1.223324e+04 1.227472e+04 1.228745e+04 1.222052e+04
1.224168e+04 1.227331e+04 1.227334e+04 1.224165e+04
1.223152e+04 1.227184e+04 1.226929e+04 1.223408e+04
1.223347e+04 1.227019e+04 1.226881e+04 1.223485e+04
1.223061e+04 1.226910e+04 1.226493e+04 1.223478e+04
1.223787e+04 1.226869e+04 1.226074e+04 1.224581e+04
1.225293e+04 1.226948e+04 1.225696e+04 1.226544e+04
1.225907e+04 1.227223e+04 1.225150e+04 1.227980e+04
1.224448e+04 1.227502e+04 1.224714e+04 1.227236e+04
1.225460e+04 1.227518e+04 1.225369e+04 1.227609e+04
1.223773e+04 1.227325e+04 1.226533e+04 1.224566e+04
1.222570e+04 1.227110e+04 1.226950e+04 1.222730e+04
1.224920e+04 1.226968e+04 1.227073e+04 1.224815e+04
1.227513e+04 1.226908e+04 1.227629e+04 1.226792e+04
1.226371e+04 1.226897e+04 1.227634e+04 1.225634e+04
1.223716e+04 1.226909e+04 1.227075e+04 1.223550e+04
1.220581e+04 1.227087e+04 1.226807e+04 1.220861e+04
1.223028e+04 1.227849e+04 1.227838e+04 1.223039e+04
1.226588e+04 1.228579e+04 1.229222e+04 1.225945e+04
1.231750e+04 1.228462e+04 1.230155e+04 1.230057e+04
1.228527e+04 1.227886e+04 1.229709e+04 1.226704e+04
1.224744e+04 1.227370e+04 1.228281e+04 1.223833e+04
1.224305e+04 1.227051e+04 1.226967e+04 1.224389e+04
1.222863e+04 1.226888e+04 1.226150e+04 1.223601e+04
1.225238e+04 1.226827e+04 1.225751e+04 1.226314e+04
1.225294e+04 1.226872e+04 1.225454e+04 1.226712e+04
1.224385e+04 1.227050e+04 1.224952e+04 1.226483e+04
1.222783e+04 1.227154e+04 1.225411e+04 1.224526e+04
1.221616e+04 1.227121e+04 1.226438e+04 1.222299e+04
1.223500e+04 1.227047e+04 1.226765e+04 1.223783e+04
1.223505e+04 1.226976e+04 1.226650e+04 1.223831e+04
1.221182e+04 1.226927e+04 1.226665e+04 1.221444e+04
1.228574e+04 1.226915e+04 1.227695e+04 1.227795e+04
1.227991e+04 1.226927e+04 1.228258e+04 1.226659e+04
1.228241e+04 1.226943e+04 1.227710e+04 1.227475e+04
1.222484e+04 1.226957e+04 1.226902e+04 1.222539e+04
1.225861e+04 1.226967e+04 1.226330e+04 1.226498e+04
1.224546e+04 1.226973e+04 1.226019e+04 1.225500e+04
1.228830e+04 1.226972e+04 1.225897e+04 1.229905e+04
1.225327e+04 1.226956e+04 1.225948e+04 1.226335e+04
1.225658e+04 1.226948e+04 1.226578e+04 1.226028e+04
1.223848e+04 1.226954e+04 1.227320e+04 1.223482e+04
1.228126e+04 1.226964e+04 1.227249e+04 1.227840e+04
1.228097e+04 1.226978e+04 1.226748e+04 1.228327e+04
1.228176e+04 1.227079e+04 1.225970e+04 1.229285e+04
1.227263e+04 1.227219e+04 1.225496e+04 1.228987e+04
1.226442e+04 1.227220e+04 1.226634e+04 1.227028e+04
1.221774e+04 1.227137e+04 1.227436e+04 1.221475e+04
1.219743e+04 1.227162e+04 1.227001e+04 1.219904e+04
1.217187e+04 1.227384e+04 1.225963e+04 1.218608e+04
1.220698e+04 1.227577e+04 1.225279e+04 1.222995e+04
1.227461e+04 1.227507e+04 1.226281e+04 1.228687e+04
1.227117e+04 1.227299e+04 1.227396e+04 1.227020e+04
1.224639e+04 1.227214e+04 1.226976e+04 1.224878e+04
1.220535e+04 1.227233e+04 1.226173e+04 1.221596e+04
1.225984e+04 1.227170e+04 1.226588e+04 1.226567e+04
1.229427e+04 1.227062e+04 1.226948e+04 1.229541e+04
1.227927e+04 1.226983e+04 1.226733e+04 1.228176e+04
1.225422e+04 1.226944e+04 1.226381e+04 1.225985e+04
1.225204e+04 1.226932e+04 1.226142e+04 1.225995e+04
1.221252e+04 1.226934e+04 1.226021e+04 1.222165e+04
1.224937e+04 1.226942e+04 1.225972e+04 1.225907e+04
1.226976e+04 1.226951e+04 1.225963e+04 1.227964e+04
