1.058472e+04 1.067349e+04 1.064369e+04 1.061453e+04
1.076310e+04 1.067349e+04 1.064369e+04 1.079290e+04
1.071597e+04 1.067349e+04 1.064369e+04 1.074577e+04
1.069527e+04 1.067349e+04 1.064548e+04 1.072328e+04
1.070281e+04 1.067349e+04 1.065901e+04 1.071728e+04
1.073432e+04 1.067349e+04 1.067954e+04 1.072827e+04
1.071900e+04 1.067349e+04 1.069564e+04 1.069684e+04
1.064456e+04 1.067349e+04 1.069355e+04 1.062450e+04
1.064854e+04 1.067349e+04 1.068694e+04 1.063509e+04
1.070536e+04 1.067349e+04 1.069053e+04 1.068831e+04
1.068509e+04 1.067349e+04 1.068820e+04 1.067037e+04
1.063889e+04 1.067349e+04 1.067190e+04 1.064047e+04
1.059070e+04 1.067349e+04 1.065490e+04 1.060928e+04
1.062858e+04 1.067349e+04 1.064791e+04 1.065415e+04
1.064608e+04 1.067349e+04 1.065729e+04 1.066228e+04
1.068334e+04 1.067349e+04 1.067231e+04 1.068452e+04
1.069076e+04 1.067349e+04 1.068624e+04 1.067801e+04
1.074147e+04 1.067349e+04 1.069322e+04 1.072174e+04
1.070288e+04 1.067349e+04 1.068193e+04 1.069443e+04
1.067801e+04 1.067349e+04 1.067247e+04 1.067903e+04
1.065992e+04 1.067349e+04 1.067473e+04 1.065867e+04
1.071648e+04 1.067349e+04 1.068362e+04 1.070635e+04
1.071494e+04 1.067349e+04 1.068767e+04 1.070075e+04
1.070941e+04 1.067349e+04 1.067686e+04 1.070604e+04
1.067587e+04 1.067349e+04 1.067208e+04 1.067727e+04
1.072747e+04 1.067349e+04 1.067918e+04 1.072177e+04
1.073106e+04 1.067349e+04 1.068686e+04 1.071768e+04
1.076352e+04 1.067349e+04 1.069338e+04 1.074363e+04
1.070706e+04 1.067349e+04 1.068384e+04 1.069671e+04
1.066644e+04 1.067349e+04 1.066525e+04 1.067468e+04
1.069806e+04 1.067349e+04 1.065014e+04 1.072141e+04
1.069651e+04 1.067349e+04 1.064162e+04 1.072838e+04
1.070882e+04 1.067349e+04 1.063808e+04 1.074423e+04
1.067043e+04 1.067349e+04 1.064199e+04 1.070193e+04
1.067211e+04 1.067349e+04 1.065850e+04 1.068710e+04
1.066063e+04 1.067349e+04 1.067665e+04 1.065747e+04
1.073933e+04 1.067349e+04 1.069163e+04 1.072118e+04
1.071378e+04 1.067349e+04 1.069079e+04 1.069647e+04
1.070737e+04 1.067349e+04 1.068700e+04 1.069386e+04
1.069233e+04 1.067349e+04 1.069097e+04 1.067484e+04
1.073179e+04 1.067349e+04 1.069267e+04 1.071261e+04
1.069449e+04 1.067349e+04 1.068021e+04 1.068777e+04
1.066399e+04 1.067349e+04 1.067387e+04 1.066360e+04
1.069338e+04 1.067349e+04 1.067822e+04 1.068864e+04
1.069796e+04 1.067349e+04 1.068521e+04 1.068624e+04
1.072743e+04 1.067349e+04 1.069367e+04 1.070725e+04
1.069332e+04 1.067349e+04 1.069348e+04 1.067333e+04
1.062357e+04 1.067349e+04 1.068942e+04 1.060764e+04
1.068737e+04 1.067349e+04 1.068755e+04 1.067331e+04
1.073392e+04 1.067349e+04 1.069080e+04 1.071660e+04
1.066850e+04 1.067349e+04 1.068018e+04 1.066181e+04
1.063210e+04 1.067349e+04 1.066348e+04 1.064211e+04
1.066875e+04 1.067349e+04 1.066335e+04 1.067888e+04
1.072273e+04 1.067349e+04 1.068000e+04 1.071621e+04
1.071221e+04 1.067349e+04 1.069380e+04 1.069190e+04
1.069423e+04 1.067349e+04 1.070103e+04 1.066669e+04
1.067165e+04 1.067362e+04 1.069041e+04 1.065485e+04
1.064403e+04 1.068086e+04 1.067674e+04 1.064815e+04
1.064643e+04 1.070502e+04 1.068356e+04 1.066789e+04
1.065732e+04 1.072966e+04 1.069879e+04 1.068819e+04
1.072420e+04 1.072940e+04 1.070785e+04 1.074574e+04
1.073633e+04 1.071015e+04 1.070382e+04 1.074266e+04
1.068327e+04 1.069052e+04 1.068276e+04 1.069103e+04
1.067224e+04 1.067768e+04 1.066442e+04 1.068550e+04
1.069280e+04 1.067092e+04 1.066810e+04 1.069563e+04
1.073615e+04 1.066821e+04 1.068139e+04 1.072297e+04
1.077100e+04 1.066794e+04 1.069421e+04 1.074474e+04
1.073935e+04 1.066893e+04 1.070108e+04 1.070719e+04
1.066728e+04 1.067028e+04 1.070675e+04 1.063081e+04
1.062618e+04 1.067149e+04 1.070803e+04 1.058963e+04
1.063280e+04 1.067236e+04 1.070716e+04 1.059800e+04
1.064359e+04 1.067290e+04 1.069336e+04 1.062313e+04
1.055576e+04 1.067320e+04 1.067004e+04 1.055892e+04
1.057442e+04 1.067336e+04 1.065211e+04 1.059567e+04
1.061770e+04 1.067343e+04 1.065231e+04 1.063881e+04
1.066104e+04 1.067346e+04 1.066530e+04 1.066920e+04
1.068300e+04 1.067348e+04 1.068210e+04 1.067437e+04
1.067713e+04 1.067348e+04 1.069424e+04 1.065637e+04
1.065746e+04 1.067349e+04 1.069646e+04 1.063448e+04
1.069207e+04 1.067349e+04 1.069976e+04 1.066580e+04
1.063969e+04 1.067349e+04 1.069420e+04 1.061898e+04
1.061244e+04 1.067349e+04 1.067481e+04 1.061112e+04
1.061720e+04 1.067349e+04 1.065553e+04 1.063516e+04
1.067245e+04 1.067388e+04 1.064388e+04 1.070245e+04
1.066796e+04 1.068392e+04 1.064837e+04 1.070351e+04
1.067616e+04 1.070857e+04 1.067160e+04 1.071313e+04
1.070798e+04 1.072064e+04 1.069286e+04 1.073576e+04
1.072823e+04 1.071008e+04 1.070409e+04 1.073421e+04
1.071532e+04 1.069324e+04 1.070364e+04 1.070492e+04
1.071867e+04 1.068067e+04 1.069863e+04 1.070071e+04
1.072304e+04 1.067349e+04 1.069912e+04 1.069740e+04
1.072351e+04 1.067011e+04 1.069276e+04 1.070086e+04
1.066938e+04 1.066914e+04 1.068798e+04 1.065055e+04
1.068395e+04 1.066955e+04 1.069134e+04 1.066216e+04
1.068878e+04 1.067053e+04 1.069839e+04 1.066092e+04
1.075822e+04 1.067155e+04 1.070035e+04 1.072941e+04
1.069051e+04 1.067234e+04 1.069739e+04 1.066547e+04
1.069625e+04 1.067287e+04 1.069315e+04 1.067598e+04
1.065782e+04 1.067318e+04 1.069453e+04 1.063647e+04
1.068297e+04 1.067335e+04 1.068968e+04 1.066664e+04
1.063952e+04 1.067343e+04 1.067312e+04 1.063983e+04
1.065958e+04 1.067346e+04 1.066386e+04 1.066918e+04
1.063710e+04 1.067348e+04 1.066926e+04 1.064131e+04
1.066026e+04 1.067348e+04 1.068001e+04 1.065373e+04
1.066403e+04 1.067349e+04 1.067526e+04 1.066226e+04
1.069850e+04 1.067349e+04 1.067110e+04 1.070089e+04
1.066845e+04 1.067349e+04 1.067550e+04 1.066643e+04
1.070598e+04 1.067349e+04 1.068643e+04 1.069304e+04
1.066286e+04 1.067349e+04 1.068897e+04 1.064737e+04
1.062275e+04 1.067349e+04 1.067456e+04 1.062168e+04
1.063759e+04 1.067349e+04 1.065778e+04 1.065330e+04
1.061799e+04 1.067349e+04 1.065296e+04 1.063851e+04
1.064137e+04 1.067349e+04 1.066131e+04 1.065355e+04
1.067128e+04 1.067349e+04 1.067154e+04 1.067322e+04
1.069884e+04 1.067349e+04 1.068538e+04 1.068695e+04
1.068333e+04 1.067349e+04 1.068591e+04 1.067091e+04
1.064118e+04 1.067349e+04 1.067471e+04 1.063996e+04
1.062528e+04 1.067349e+04 1.067402e+04 1.062474e+04
1.066991e+04 1.067349e+04 1.068208e+04 1.066131e+04
1.070719e+04 1.067349e+04 1.069054e+04 1.069013e+04
1.073169e+04 1.067349e+04 1.069496e+04 1.071022e+04
1.065921e+04 1.067442e+04 1.068276e+04 1.065087e+04
1.059649e+04 1.068753e+04 1.067656e+04 1.060745e+04
1.062670e+04 1.071495e+04 1.068973e+04 1.065192e+04
1.069227e+04 1.073284e+04 1.070306e+04 1.072205e+04
1.075562e+04 1.072385e+04 1.070974e+04 1.076973e+04
1.071027e+04 1.070284e+04 1.070423e+04 1.070888e+04
1.065857e+04 1.068531e+04 1.069328e+04 1.065060e+04
1.065008e+04 1.067478e+04 1.069224e+04 1.063263e+04
1.061835e+04 1.066962e+04 1.068477e+04 1.060321e+04
1.062109e+04 1.066791e+04 1.066733e+04 1.062167e+04
1.060768e+04 1.066819e+04 1.066044e+04 1.061543e+04
1.062585e+04 1.066938e+04 1.066823e+04 1.062700e+04
1.063621e+04 1.067073e+04 1.068189e+04 1.062504e+04
1.062394e+04 1.067183e+04 1.068877e+04 1.060700e+04
1.061079e+04 1.067258e+04 1.067908e+04 1.060428e+04
1.059237e+04 1.067303e+04 1.067619e+04 1.058921e+04
1.066054e+04 1.067327e+04 1.068450e+04 1.064931e+04
1.066105e+04 1.067339e+04 1.069316e+04 1.064127e+04
1.070577e+04 1.067345e+04 1.068302e+04 1.069619e+04
1.066085e+04 1.067347e+04 1.066770e+04 1.066661e+04
1.065356e+04 1.067348e+04 1.066889e+04 1.065816e+04
1.065755e+04 1.067349e+04 1.068211e+04 1.064893e+04
1.067826e+04 1.067349e+04 1.069019e+04 1.066156e+04
1.067719e+04 1.067349e+04 1.067857e+04 1.067211e+04
1.068356e+04 1.067349e+04 1.066075e+04 1.069629e+04
1.069056e+04 1.067349e+04 1.064779e+04 1.071626e+04
1.069500e+04 1.067349e+04 1.064092e+04 1.072757e+04
1.065170e+04 1.067349e+04 1.063912e+04 1.068606e+04
1.067278e+04 1.067349e+04 1.064715e+04 1.069911e+04
1.070567e+04 1.067349e+04 1.066144e+04 1.071772e+04
1.070638e+04 1.067349e+04 1.067966e+04 1.070020e+04
1.070765e+04 1.067469e+04 1.068948e+04 1.069286e+04
1.068406e+04 1.068884e+04 1.069271e+04 1.068019e+04
1.072062e+04 1.071654e+04 1.070415e+04 1.073301e+04
1.075483e+04 1.073302e+04 1.071221e+04 1.077564e+04
1.075040e+04 1.072277e+04 1.071389e+04 1.075928e+04
1.072424e+04 1.070166e+04 1.070736e+04 1.071854e+04
1.069902e+04 1.068453e+04 1.069864e+04 1.068491e+04
1.069500e+04 1.067436e+04 1.069602e+04 1.067334e+04
1.071393e+04 1.066945e+04 1.068373e+04 1.069964e+04
1.068678e+04 1.066788e+04 1.067119e+04 1.068348e+04
1.062207e+04 1.066825e+04 1.067100e+04 1.061931e+04
1.070038e+04 1.066946e+04 1.068125e+04 1.068860e+04
1.071771e+04 1.067080e+04 1.068239e+04 1.070612e+04
1.069571e+04 1.067188e+04 1.068108e+04 1.068652e+04
1.066847e+04 1.067261e+04 1.068400e+04 1.065708e+04
1.068442e+04 1.067304e+04 1.068857e+04 1.066890e+04
1.066751e+04 1.067328e+04 1.069393e+04 1.064686e+04
1.066653e+04 1.067339e+04 1.069224e+04 1.064769e+04
1.059625e+04 1.067345e+04 1.068787e+04 1.058183e+04
1.068242e+04 1.067347e+04 1.068726e+04 1.066863e+04
1.078266e+04 1.067348e+04 1.068984e+04 1.076630e+04
1.068167e+04 1.067420e+04 1.067856e+04 1.067731e+04
1.070757e+04 1.068627e+04 1.067253e+04 1.072131e+04
1.066718e+04 1.071118e+04 1.068438e+04 1.069398e+04
1.068347e+04 1.072035e+04 1.069787e+04 1.070595e+04
1.079794e+04 1.070816e+04 1.070117e+04 1.080493e+04
1.073953e+04 1.069320e+04 1.068635e+04 1.074637e+04
1.066944e+04 1.069701e+04 1.068046e+04 1.068599e+04
1.063793e+04 1.071455e+04 1.069019e+04 1.066229e+04
1.063663e+04 1.071553e+04 1.070087e+04 1.065128e+04
1.064695e+04 1.070036e+04 1.069875e+04 1.064856e+04
1.058330e+04 1.068481e+04 1.067928e+04 1.058883e+04
1.054862e+04 1.067506e+04 1.065840e+04 1.056528e+04
1.056783e+04 1.067032e+04 1.064488e+04 1.059326e+04
1.057046e+04 1.067458e+04 1.064427e+04 1.060077e+04
1.066287e+04 1.069343e+04 1.066179e+04 1.069451e+04
1.069999e+04 1.070215e+04 1.068461e+04 1.071753e+04
1.072652e+04 1.069497e+04 1.069311e+04 1.072838e+04
1.065251e+04 1.068438e+04 1.068283e+04 1.065406e+04
1.064898e+04 1.067687e+04 1.067662e+04 1.064923e+04
1.065059e+04 1.067272e+04 1.068235e+04 1.064096e+04
1.066996e+04 1.067085e+04 1.068808e+04 1.065273e+04
1.065050e+04 1.067042e+04 1.067852e+04 1.064240e+04
1.062264e+04 1.067080e+04 1.067307e+04 1.062037e+04
1.061378e+04 1.067151e+04 1.067807e+04 1.060723e+04
1.066078e+04 1.067221e+04 1.068516e+04 1.064783e+04
1.070876e+04 1.067275e+04 1.069463e+04 1.068688e+04
1.068509e+04 1.067310e+04 1.069799e+04 1.066020e+04
1.064811e+04 1.067329e+04 1.069669e+04 1.062471e+04
1.069427e+04 1.067340e+04 1.069899e+04 1.066867e+04
1.073112e+04 1.067345e+04 1.069824e+04 1.070632e+04
1.073995e+04 1.067347e+04 1.069119e+04 1.072224e+04
1.066527e+04 1.067348e+04 1.069078e+04 1.064797e+04
1.069294e+04 1.067348e+04 1.068340e+04 1.068303e+04
1.066326e+04 1.067349e+04 1.066583e+04 1.067092e+04
1.067236e+04 1.067349e+04 1.065012e+04 1.069572e+04
1.069093e+04 1.067349e+04 1.064497e+04 1.071945e+04
1.073264e+04 1.067349e+04 1.065389e+04 1.075224e+04
1.070134e+04 1.067349e+04 1.066653e+04 1.070829e+04
1.072534e+04 1.067362e+04 1.068034e+04 1.071862e+04
1.065914e+04 1.068086e+04 1.069440e+04 1.064560e+04
1.064758e+04 1.070431e+04 1.070700e+04 1.064489e+04
1.067603e+04 1.072046e+04 1.071281e+04 1.068368e+04
1.072917e+04 1.071282e+04 1.071169e+04 1.073030e+04
1.071360e+04 1.069596e+04 1.069374e+04 1.071582e+04
1.068224e+04 1.068241e+04 1.066878e+04 1.069587e+04
1.067213e+04 1.067440e+04 1.065273e+04 1.069380e+04
1.067551e+04 1.067048e+04 1.065566e+04 1.069033e+04
1.070717e+04 1.066918e+04 1.066770e+04 1.070866e+04
1.073873e+04 1.066942e+04 1.068374e+04 1.072441e+04
1.071476e+04 1.067034e+04 1.068454e+04 1.070056e+04
1.064548e+04 1.067138e+04 1.066994e+04 1.064692e+04
1.064500e+04 1.067223e+04 1.065467e+04 1.066256e+04
1.065239e+04 1.067280e+04 1.064490e+04 1.068029e+04
1.066059e+04 1.067314e+04 1.064009e+04 1.069364e+04
1.067227e+04 1.067332e+04 1.064325e+04 1.070235e+04
1.067499e+04 1.067342e+04 1.066027e+04 1.068813e+04
1.067535e+04 1.067346e+04 1.068198e+04 1.066683e+04
1.063512e+04 1.067349e+04 1.069119e+04 1.061741e+04
1.069167e+04 1.067737e+04 1.068343e+04 1.068561e+04
1.067958e+04 1.069751e+04 1.068637e+04 1.069073e+04
1.067562e+04 1.071869e+04 1.069764e+04 1.069666e+04
1.072224e+04 1.071643e+04 1.070646e+04 1.073221e+04
1.068953e+04 1.070026e+04 1.069795e+04 1.069185e+04
1.074909e+04 1.068534e+04 1.067557e+04 1.075886e+04
1.063738e+04 1.067600e+04 1.065540e+04 1.065799e+04
1.062156e+04 1.067119e+04 1.064326e+04 1.064950e+04
1.060417e+04 1.066936e+04 1.063772e+04 1.063581e+04
1.067760e+04 1.067416e+04 1.064106e+04 1.071070e+04
1.067126e+04 1.069338e+04 1.066062e+04 1.070401e+04
1.069477e+04 1.070385e+04 1.068416e+04 1.071446e+04
1.068521e+04 1.069729e+04 1.069409e+04 1.068841e+04
1.070882e+04 1.068619e+04 1.068199e+04 1.071302e+04
1.071207e+04 1.067797e+04 1.066444e+04 1.072560e+04
1.074833e+04 1.067331e+04 1.066142e+04 1.076022e+04
1.075142e+04 1.067111e+04 1.067327e+04 1.074927e+04
1.073058e+04 1.067049e+04 1.068911e+04 1.071196e+04
1.068567e+04 1.067079e+04 1.068698e+04 1.066948e+04
1.067907e+04 1.067147e+04 1.067567e+04 1.067487e+04
1.069003e+04 1.067217e+04 1.067344e+04 1.068876e+04
1.069055e+04 1.067271e+04 1.067633e+04 1.068693e+04
1.070689e+04 1.067307e+04 1.068561e+04 1.069435e+04
1.074171e+04 1.067328e+04 1.068732e+04 1.072767e+04
1.068169e+04 1.067339e+04 1.068408e+04 1.067100e+04
1.065886e+04 1.067345e+04 1.068725e+04 1.064506e+04
1.070277e+04 1.067347e+04 1.069414e+04 1.068209e+04
1.071675e+04 1.067348e+04 1.068565e+04 1.070459e+04
1.071006e+04 1.067348e+04 1.066662e+04 1.071692e+04
1.065989e+04 1.067349e+04 1.065065e+04 1.068272e+04
1.062658e+04 1.067349e+04 1.064160e+04 1.065847e+04
1.064506e+04 1.067349e+04 1.063778e+04 1.068076e+04
1.067321e+04 1.067349e+04 1.063704e+04 1.070966e+04
1.066948e+04 1.067349e+04 1.063789e+04 1.070507e+04
