1.045978e+04 1.074130e+04 1.071563e+04 1.048545e+04
1.068445e+04 1.074130e+04 1.071563e+04 1.071012e+04
1.069389e+04 1.074130e+04 1.071563e+04 1.071955e+04
1.065674e+04 1.074559e+04 1.071992e+04 1.068241e+04
1.076355e+04 1.077788e+04 1.075226e+04 1.078917e+04
1.072813e+04 1.080781e+04 1.078952e+04 1.074643e+04
1.078932e+04 1.080011e+04 1.079941e+04 1.079003e+04
1.075514e+04 1.077588e+04 1.078180e+04 1.074922e+04
1.058444e+04 1.075568e+04 1.076180e+04 1.057832e+04
1.067838e+04 1.074358e+04 1.075726e+04 1.066470e+04
1.064912e+04 1.073752e+04 1.075215e+04 1.063449e+04
1.075739e+04 1.073532e+04 1.073681e+04 1.075591e+04
1.077407e+04 1.073545e+04 1.072199e+04 1.078753e+04
1.082508e+04 1.073670e+04 1.071830e+04 1.084347e+04
1.077087e+04 1.073818e+04 1.073399e+04 1.077506e+04
1.075590e+04 1.073942e+04 1.075529e+04 1.074003e+04
1.077501e+04 1.074027e+04 1.076905e+04 1.074623e+04
1.073099e+04 1.074078e+04 1.077079e+04 1.070097e+04
1.087383e+04 1.074106e+04 1.075564e+04 1.085925e+04
1.073398e+04 1.074119e+04 1.074724e+04 1.072793e+04
1.069994e+04 1.074126e+04 1.075352e+04 1.068768e+04
1.074195e+04 1.074128e+04 1.075175e+04 1.073149e+04
1.087034e+04 1.074130e+04 1.073830e+04 1.087334e+04
1.076111e+04 1.074130e+04 1.072621e+04 1.077621e+04
1.067806e+04 1.074130e+04 1.073083e+04 1.068854e+04
1.068844e+04 1.074130e+04 1.074783e+04 1.068192e+04
1.073455e+04 1.074130e+04 1.075540e+04 1.072045e+04
1.087098e+04 1.074130e+04 1.074610e+04 1.086618e+04
1.079823e+04 1.074130e+04 1.073153e+04 1.080801e+04
1.072900e+04 1.074130e+04 1.072039e+04 1.074991e+04
1.061863e+04 1.074130e+04 1.071411e+04 1.064582e+04
1.074596e+04 1.074130e+04 1.071137e+04 1.077590e+04
1.072896e+04 1.074130e+04 1.071089e+04 1.075937e+04
1.081568e+04 1.074130e+04 1.071668e+04 1.084031e+04
1.072842e+04 1.074130e+04 1.073528e+04 1.073444e+04
1.072290e+04 1.074130e+04 1.074933e+04 1.071486e+04
1.080871e+04 1.074130e+04 1.074582e+04 1.080419e+04
1.076444e+04 1.074130e+04 1.073792e+04 1.076782e+04
1.076986e+04 1.074130e+04 1.074215e+04 1.076902e+04
1.066235e+04 1.074130e+04 1.075473e+04 1.064893e+04
1.071551e+04 1.074130e+04 1.076063e+04 1.069618e+04
1.080709e+04 1.074130e+04 1.075166e+04 1.079673e+04
1.068579e+04 1.074130e+04 1.075142e+04 1.067567e+04
1.067989e+04 1.074130e+04 1.076245e+04 1.065874e+04
1.086023e+04 1.074130e+04 1.077042e+04 1.083111e+04
1.086997e+04 1.074130e+04 1.077314e+04 1.083813e+04
1.086186e+04 1.074130e+04 1.076558e+04 1.083757e+04
1.078472e+04 1.074130e+04 1.075558e+04 1.077043e+04
1.079040e+04 1.074130e+04 1.075089e+04 1.078081e+04
1.084581e+04 1.074130e+04 1.075402e+04 1.083310e+04
1.074113e+04 1.074130e+04 1.074569e+04 1.073674e+04
1.082769e+04 1.074518e+04 1.073420e+04 1.083866e+04
1.066449e+04 1.077886e+04 1.075595e+04 1.068741e+04
1.088281e+04 1.083681e+04 1.080765e+04 1.091197e+04
1.093965e+04 1.086476e+04 1.083361e+04 1.097080e+04
1.065875e+04 1.083871e+04 1.080848e+04 1.068899e+04
1.076940e+04 1.079490e+04 1.076611e+04 1.079818e+04
1.060329e+04 1.076108e+04 1.073962e+04 1.062475e+04
1.064361e+04 1.074149e+04 1.074221e+04 1.064288e+04
1.081469e+04 1.073228e+04 1.075607e+04 1.079089e+04
1.069912e+04 1.072962e+04 1.076610e+04 1.066264e+04
1.083164e+04 1.073068e+04 1.076503e+04 1.079729e+04
1.066371e+04 1.073335e+04 1.074827e+04 1.064878e+04
1.068934e+04 1.074618e+04 1.073948e+04 1.069603e+04
1.069016e+04 1.079277e+04 1.077130e+04 1.071163e+04
1.099855e+04 1.083597e+04 1.080697e+04 1.102755e+04
1.091092e+04 1.083105e+04 1.080008e+04 1.094188e+04
1.083427e+04 1.082520e+04 1.079459e+04 1.086487e+04
1.084590e+04 1.085189e+04 1.082212e+04 1.087568e+04
1.077584e+04 1.086873e+04 1.084013e+04 1.080444e+04
1.081678e+04 1.083923e+04 1.081256e+04 1.084345e+04
1.076279e+04 1.079202e+04 1.076663e+04 1.078818e+04
1.064627e+04 1.075617e+04 1.073092e+04 1.067151e+04
1.069986e+04 1.073652e+04 1.071244e+04 1.072395e+04
1.061166e+04 1.072829e+04 1.071627e+04 1.062368e+04
1.067621e+04 1.072677e+04 1.073382e+04 1.066917e+04
1.086753e+04 1.072876e+04 1.075216e+04 1.084413e+04
1.057301e+04 1.073205e+04 1.076444e+04 1.054062e+04
1.081282e+04 1.073526e+04 1.076833e+04 1.077975e+04
1.081783e+04 1.073774e+04 1.077136e+04 1.078421e+04
1.076224e+04 1.073938e+04 1.076452e+04 1.073710e+04
1.068274e+04 1.074034e+04 1.074504e+04 1.067804e+04
1.074812e+04 1.074085e+04 1.072636e+04 1.076262e+04
1.087033e+04 1.074110e+04 1.071522e+04 1.089621e+04
1.079425e+04 1.074122e+04 1.071898e+04 1.081649e+04
1.081401e+04 1.074127e+04 1.073964e+04 1.081564e+04
1.073838e+04 1.074129e+04 1.075158e+04 1.072809e+04
1.072762e+04 1.074130e+04 1.074792e+04 1.072100e+04
1.075410e+04 1.074130e+04 1.075147e+04 1.074394e+04
1.080308e+04 1.074130e+04 1.076124e+04 1.078315e+04
1.087317e+04 1.074130e+04 1.076987e+04 1.084460e+04
1.067898e+04 1.074651e+04 1.076862e+04 1.065686e+04
1.077224e+04 1.078332e+04 1.078608e+04 1.076948e+04
1.076045e+04 1.083126e+04 1.081762e+04 1.077409e+04
1.087522e+04 1.083364e+04 1.082453e+04 1.088433e+04
1.087440e+04 1.080187e+04 1.080841e+04 1.086785e+04
1.078342e+04 1.076957e+04 1.079202e+04 1.076097e+04
1.071588e+04 1.074861e+04 1.078061e+04 1.068388e+04
1.064571e+04 1.073753e+04 1.077362e+04 1.060962e+04
1.070005e+04 1.073297e+04 1.076098e+04 1.067204e+04
1.070972e+04 1.073242e+04 1.074042e+04 1.070172e+04
1.068571e+04 1.073394e+04 1.072859e+04 1.069106e+04
1.073821e+04 1.073611e+04 1.073236e+04 1.074196e+04
1.077243e+04 1.073806e+04 1.074321e+04 1.076728e+04
1.077312e+04 1.073947e+04 1.074121e+04 1.077138e+04
1.084985e+04 1.074035e+04 1.074340e+04 1.084680e+04
1.063704e+04 1.074084e+04 1.075477e+04 1.062312e+04
1.079249e+04 1.074110e+04 1.076608e+04 1.076751e+04
1.074591e+04 1.074121e+04 1.076481e+04 1.072231e+04
1.073014e+04 1.074127e+04 1.074763e+04 1.072377e+04
1.079910e+04 1.074129e+04 1.072955e+04 1.081085e+04
1.076147e+04 1.074130e+04 1.072267e+04 1.078010e+04
1.076354e+04 1.074130e+04 1.072755e+04 1.077729e+04
1.070882e+04 1.074130e+04 1.073539e+04 1.071473e+04
1.081881e+04 1.074130e+04 1.074886e+04 1.081125e+04
1.082719e+04 1.074130e+04 1.075122e+04 1.081727e+04
1.077483e+04 1.074130e+04 1.074332e+04 1.077281e+04
1.075691e+04 1.074130e+04 1.074677e+04 1.075144e+04
1.069499e+04 1.074130e+04 1.075835e+04 1.067794e+04
1.084799e+04 1.074130e+04 1.076687e+04 1.082243e+04
1.090983e+04 1.074130e+04 1.076842e+04 1.088271e+04
1.082330e+04 1.074130e+04 1.075433e+04 1.081028e+04
1.078996e+04 1.074130e+04 1.074634e+04 1.078493e+04
1.067259e+04 1.074130e+04 1.075662e+04 1.065728e+04
1.082427e+04 1.074130e+04 1.076789e+04 1.079769e+04
1.091320e+04 1.074130e+04 1.077401e+04 1.088050e+04
1.086961e+04 1.074130e+04 1.076869e+04 1.084223e+04
1.089980e+04 1.074130e+04 1.075784e+04 1.088327e+04
1.081231e+04 1.074130e+04 1.075712e+04 1.079649e+04
1.074937e+04 1.074130e+04 1.075137e+04 1.073930e+04
1.089868e+04 1.074130e+04 1.073662e+04 1.090337e+04
1.086655e+04 1.074130e+04 1.073291e+04 1.087494e+04
1.078949e+04 1.074130e+04 1.074376e+04 1.078704e+04
1.085945e+04 1.074130e+04 1.075718e+04 1.084357e+04
1.090977e+04 1.074130e+04 1.076156e+04 1.088951e+04
1.081494e+04 1.074651e+04 1.075362e+04 1.080782e+04
1.084023e+04 1.078063e+04 1.077048e+04 1.085038e+04
1.089859e+04 1.080977e+04 1.079520e+04 1.091316e+04
1.072209e+04 1.080061e+04 1.079700e+04 1.072570e+04
1.063103e+04 1.077574e+04 1.077224e+04 1.063453e+04
1.068747e+04 1.076409e+04 1.075113e+04 1.070043e+04
1.085138e+04 1.078932e+04 1.076798e+04 1.087272e+04
1.079871e+04 1.080507e+04 1.078992e+04 1.081386e+04
1.071143e+04 1.078882e+04 1.078733e+04 1.071293e+04
1.074853e+04 1.076461e+04 1.076179e+04 1.075134e+04
1.079856e+04 1.074760e+04 1.073505e+04 1.081111e+04
1.082983e+04 1.073862e+04 1.071769e+04 1.085075e+04
1.079354e+04 1.073485e+04 1.070910e+04 1.081929e+04
1.068475e+04 1.073416e+04 1.070691e+04 1.071200e+04
1.074521e+04 1.073516e+04 1.071360e+04 1.076676e+04
1.077084e+04 1.073680e+04 1.072582e+04 1.078182e+04
1.063582e+04 1.073839e+04 1.074316e+04 1.063104e+04
1.075684e+04 1.073960e+04 1.075395e+04 1.074249e+04
1.069808e+04 1.074039e+04 1.075831e+04 1.068017e+04
1.078545e+04 1.074085e+04 1.076926e+04 1.075704e+04
1.082236e+04 1.074110e+04 1.077384e+04 1.078961e+04
1.076230e+04 1.074121e+04 1.076070e+04 1.074282e+04
1.076310e+04 1.074126e+04 1.074968e+04 1.075469e+04
1.066669e+04 1.074129e+04 1.074637e+04 1.066161e+04
1.077714e+04 1.074130e+04 1.073751e+04 1.078092e+04
1.070399e+04 1.074130e+04 1.072592e+04 1.071938e+04
1.063982e+04 1.074130e+04 1.072540e+04 1.065572e+04
1.068301e+04 1.074130e+04 1.073458e+04 1.068973e+04
1.064828e+04 1.074130e+04 1.073500e+04 1.065458e+04
1.072940e+04 1.074130e+04 1.073132e+04 1.073938e+04
1.070208e+04 1.074130e+04 1.074147e+04 1.070191e+04
1.073911e+04 1.074130e+04 1.075930e+04 1.072112e+04
1.074162e+04 1.074130e+04 1.076219e+04 1.072073e+04
1.066095e+04 1.074130e+04 1.074999e+04 1.065226e+04
1.073976e+04 1.074130e+04 1.074151e+04 1.073955e+04
1.077814e+04 1.074130e+04 1.074044e+04 1.077900e+04
1.081651e+04 1.074130e+04 1.074543e+04 1.081238e+04
1.069823e+04 1.074130e+04 1.075294e+04 1.068659e+04
1.070373e+04 1.074130e+04 1.074630e+04 1.069873e+04
1.063051e+04 1.074130e+04 1.074260e+04 1.062920e+04
1.082985e+04 1.074130e+04 1.075372e+04 1.081743e+04
1.064402e+04 1.074130e+04 1.076587e+04 1.061945e+04
1.073454e+04 1.074130e+04 1.076880e+04 1.070704e+04
1.082097e+04 1.074130e+04 1.075516e+04 1.080712e+04
1.085021e+04 1.074130e+04 1.074932e+04 1.084219e+04
1.071637e+04 1.074130e+04 1.075754e+04 1.070013e+04
1.076637e+04 1.074130e+04 1.076709e+04 1.074059e+04
1.077261e+04 1.074130e+04 1.076536e+04 1.074855e+04
1.068310e+04 1.074130e+04 1.074789e+04 1.067651e+04
1.068650e+04 1.074130e+04 1.072903e+04 1.069877e+04
1.066343e+04 1.074130e+04 1.071680e+04 1.068794e+04
1.057738e+04 1.074130e+04 1.071615e+04 1.060253e+04
1.066695e+04 1.074130e+04 1.073173e+04 1.067653e+04
1.073886e+04 1.074130e+04 1.075234e+04 1.072782e+04
1.067593e+04 1.074130e+04 1.076025e+04 1.065699e+04
1.085398e+04 1.074130e+04 1.075229e+04 1.084299e+04
1.075169e+04 1.074130e+04 1.075167e+04 1.074131e+04
1.078727e+04 1.074130e+04 1.075976e+04 1.076882e+04
1.081898e+04 1.074130e+04 1.076314e+04 1.079715e+04
1.062040e+04 1.074130e+04 1.075203e+04 1.060967e+04
1.072393e+04 1.074130e+04 1.074966e+04 1.071557e+04
1.070428e+04 1.074130e+04 1.076019e+04 1.068539e+04
1.091571e+04 1.074130e+04 1.076851e+04 1.088850e+04
1.087438e+04 1.074130e+04 1.077336e+04 1.084232e+04
1.074415e+04 1.074130e+04 1.077356e+04 1.071189e+04
1.076967e+04 1.074130e+04 1.077171e+04 1.073926e+04
1.071307e+04 1.074130e+04 1.077170e+04 1.068267e+04
1.072638e+04 1.074130e+04 1.076714e+04 1.070055e+04
1.073900e+04 1.074130e+04 1.075449e+04 1.072582e+04
1.068722e+04 1.074130e+04 1.073785e+04 1.069067e+04
1.067245e+04 1.074130e+04 1.072325e+04 1.069051e+04
1.075966e+04 1.074130e+04 1.071387e+04 1.078709e+04
1.065444e+04 1.074130e+04 1.070959e+04 1.068614e+04
1.079781e+04 1.074130e+04 1.071166e+04 1.082746e+04
1.077864e+04 1.074130e+04 1.072214e+04 1.079780e+04
1.071213e+04 1.074130e+04 1.073332e+04 1.072012e+04
1.069518e+04 1.074130e+04 1.073543e+04 1.070105e+04
1.081678e+04 1.074130e+04 1.073628e+04 1.082180e+04
1.074940e+04 1.074130e+04 1.075013e+04 1.074057e+04
1.068056e+04 1.074130e+04 1.075970e+04 1.066217e+04
1.085942e+04 1.074130e+04 1.075103e+04 1.084970e+04
1.074974e+04 1.074130e+04 1.073508e+04 1.075596e+04
1.079654e+04 1.074130e+04 1.072238e+04 1.081546e+04
1.064972e+04 1.074130e+04 1.071883e+04 1.067219e+04
1.070089e+04 1.074130e+04 1.073304e+04 1.070916e+04
1.073001e+04 1.074130e+04 1.075213e+04 1.071919e+04
1.081522e+04 1.074130e+04 1.076666e+04 1.078986e+04
1.076275e+04 1.074130e+04 1.076284e+04 1.074121e+04
1.069663e+04 1.074130e+04 1.074498e+04 1.069295e+04
1.073881e+04 1.074130e+04 1.072790e+04 1.075221e+04
1.069640e+04 1.074130e+04 1.071713e+04 1.072058e+04
1.076308e+04 1.074141e+04 1.071189e+04 1.079259e+04
1.070520e+04 1.075301e+04 1.072168e+04 1.073653e+04
1.067886e+04 1.079171e+04 1.076063e+04 1.070994e+04
1.067394e+04 1.080895e+04 1.077976e+04 1.070313e+04
1.068428e+04 1.079222e+04 1.076520e+04 1.071130e+04
1.067410e+04 1.076804e+04 1.074547e+04 1.069667e+04
1.064662e+04 1.075069e+04 1.074628e+04 1.065103e+04
1.056276e+04 1.074095e+04 1.075791e+04 1.054580e+04
1.086502e+04 1.073642e+04 1.076788e+04 1.083355e+04
1.084208e+04 1.073517e+04 1.076207e+04 1.081519e+04
1.075098e+04 1.073581e+04 1.074326e+04 1.074353e+04
1.068253e+04 1.073721e+04 1.072593e+04 1.069381e+04
1.075870e+04 1.073864e+04 1.071540e+04 1.078195e+04
1.076579e+04 1.073975e+04 1.071051e+04 1.079502e+04
1.077488e+04 1.074048e+04 1.071344e+04 1.080192e+04
1.072217e+04 1.074090e+04 1.073038e+04 1.073269e+04
1.074440e+04 1.074111e+04 1.074083e+04 1.074469e+04
1.069335e+04 1.074122e+04 1.073652e+04 1.069806e+04
1.079535e+04 1.074127e+04 1.072720e+04 1.080942e+04
1.078716e+04 1.074299e+04 1.072152e+04 1.080864e+04
1.081712e+04 1.076824e+04 1.074243e+04 1.084293e+04
1.067962e+04 1.080425e+04 1.078042e+04 1.070345e+04
1.077653e+04 1.080444e+04 1.079746e+04 1.078351e+04
1.075524e+04 1.078148e+04 1.078220e+04 1.075452e+04
1.073292e+04 1.075956e+04 1.075752e+04 1.073495e+04
1.077384e+04 1.074572e+04 1.074446e+04 1.077511e+04
1.064559e+04 1.073850e+04 1.074044e+04 1.064365e+04
1.074928e+04 1.073557e+04 1.074702e+04 1.073783e+04
1.070397e+04 1.073749e+04 1.075100e+04 1.069046e+04
1.064917e+04 1.076569e+04 1.076671e+04 1.064815e+04
1.072705e+04 1.080191e+04 1.078854e+04 1.074042e+04
1.071721e+04 1.080132e+04 1.077915e+04 1.073939e+04
1.082414e+04 1.077887e+04 1.075210e+04 1.085091e+04
1.078254e+04 1.075793e+04 1.072889e+04 1.081158e+04
1.071888e+04 1.074486e+04 1.071521e+04 1.074854e+04
1.069003e+04 1.073810e+04 1.070889e+04 1.071925e+04
1.061298e+04 1.073544e+04 1.070710e+04 1.064132e+04
1.064157e+04 1.073530e+04 1.070784e+04 1.066903e+04
1.078511e+04 1.073644e+04 1.070967e+04 1.081188e+04
