-2.658424e+02 6.841005e+01 -2.622780e+02 6.484566e+01
-1.240309e+02 -6.841005e+01 -1.254579e+02 -6.698303e+01
-1.702894e+02 6.841005e+01 -1.502537e+02 4.837429e+01
8.568388e+00 -6.841005e+01 -1.343359e+01 -4.640807e+01
-8.731298e+01 6.841005e+01 -1.165308e+02 9.762782e+01
-2.574392e+01 -6.841005e+01 2.028934e+01 -1.144433e+02
-1.717894e+02 6.841005e+01 -1.902450e+02 8.686559e+01
-7.113368e+01 -6.841005e+01 -5.342486e+01 -8.611887e+01
-2.196582e+02 6.841005e+01 -1.971486e+02 4.590044e+01
-4.381891e+01 -6.841005e+01 -6.032853e+01 -5.190043e+01
