7.097244e+01 6.050693e+01 6.158210e+01 6.989727e+01
-7.076385e+01 -6.050693e+01 -5.943175e+01 -7.183902e+01
7.053601e+00 6.050693e+01 3.036981e+01 3.719072e+01
-5.937526e+01 -6.050693e+01 -9.064404e+01 -2.923815e+01
6.106246e+01 6.050693e+01 4.635306e+01 7.521632e+01
-9.252787e+01 -6.050693e+01 -7.466079e+01 -7.837400e+01
2.612508e+01 6.050693e+01 -9.831073e+00 9.646308e+01
-1.687807e+02 -6.050693e+01 -1.308449e+02 -9.844273e+01
-6.319046e+00 6.050693e+01 -5.971375e+00 6.015925e+01
-1.309540e+02 -6.050693e+01 -1.269852e+02 -6.447573e+01
