0.5 8.753160e+03 8.721198e+03 8.733007e+03 8.764969e+03
1.5 8.751767e+03 8.714491e+03 8.733648e+03 8.770925e+03
2.5 8.729319e+03 8.718017e+03 8.735179e+03 8.746481e+03
3.5 8.729407e+03 8.727613e+03 8.735449e+03 8.737243e+03
4.5 8.731088e+03 8.739124e+03 8.734806e+03 8.726771e+03
5.5 8.766052e+03 8.744202e+03 8.735322e+03 8.757172e+03
6.5 8.759857e+03 8.742324e+03 8.735754e+03 8.753288e+03
7.5 8.763888e+03 8.737787e+03 8.735000e+03 8.761100e+03
8.5 8.733838e+03 8.733810e+03 8.733952e+03 8.733979e+03
9.5 8.767762e+03 8.730881e+03 8.733225e+03 8.770106e+03
10.5 8.774989e+03 8.728196e+03 8.732853e+03 8.779646e+03
11.5 8.755469e+03 8.726226e+03 8.732738e+03 8.761981e+03
12.5 8.751600e+03 8.727021e+03 8.733696e+03 8.758275e+03
13.5 8.751491e+03 8.729611e+03 8.735128e+03 8.757008e+03
14.5 8.752771e+03 8.730836e+03 8.735130e+03 8.757066e+03
15.5 8.771692e+03 8.730139e+03 8.734315e+03 8.775868e+03
16.5 8.738386e+03 8.728578e+03 8.733609e+03 8.743417e+03
17.5 8.773312e+03 8.729059e+03 8.734206e+03 8.778459e+03
18.5 8.726957e+03 8.730947e+03 8.735293e+03 8.731304e+03
19.5 8.764643e+03 8.732743e+03 8.735055e+03 8.766955e+03
20.5 8.753446e+03 8.741276e+03 8.734158e+03 8.746328e+03
0.1 8.729407e+03 8.727613e+03 8.735449e+03 8.737243e+03
1.1 8.731088e+03 8.739124e+03 8.734806e+03 8.726771e+03
2.1 8.766052e+03 8.744202e+03 8.735322e+03 8.757172e+03
3.1 8.759857e+03 8.742324e+03 8.735754e+03 8.753288e+03
4.1 8.763888e+03 8.737787e+03 8.735000e+03 8.761100e+03
5.1 8.733838e+03 8.733810e+03 8.733952e+03 8.733979e+03
6.1 8.767762e+03 8.730881e+03 8.733225e+03 8.770106e+03
7.1 8.774989e+03 8.728196e+03 8.732853e+03 8.779646e+03
8.1 8.755469e+03 8.726226e+03 8.732738e+03 8.761981e+03
9.1 8.751600e+03 8.727021e+03 8.733696e+03 8.758275e+03
10.1 8.751491e+03 8.729611e+03 8.735128e+03 8.757008e+03
11.1 8.752771e+03 8.730836e+03 8.735130e+03 8.757066e+03
12.1 8.771692e+03 8.730139e+03 8.734315e+03 8.775868e+03
13.1 8.738386e+03 8.728578e+03 8.733609e+03 8.743417e+03
14.1 8.773312e+03 8.729059e+03 8.734206e+03 8.778459e+03
15.1 8.726957e+03 8.730947e+03 8.735293e+03 8.731304e+03
16.1 8.764643e+03 8.732743e+03 8.735055e+03 8.766955e+03
17.1 8.753446e+03 8.741276e+03 8.734158e+03 8.746328e+03
18.1 8.780007e+03 8.755164e+03 8.733420e+03 8.758263e+03
19.1 8.772642e+03 8.761034e+03 8.733000e+03 8.744607e+03
20.1 8.738797e+03 8.754062e+03 8.732804e+03 8.717539e+03
0.8 8.755469e+03 8.726226e+03 8.732738e+03 8.761981e+03
1.8 8.751600e+03 8.727021e+03 8.733696e+03 8.758275e+03
2.8 8.751491e+03 8.729611e+03 8.735128e+03 8.757008e+03
3.8 8.752771e+03 8.730836e+03 8.735130e+03 8.757066e+03
4.8 8.771692e+03 8.730139e+03 8.734315e+03 8.775868e+03
5.8 8.738386e+03 8.728578e+03 8.733609e+03 8.743417e+03
6.8 8.773312e+03 8.729059e+03 8.734206e+03 8.778459e+03
7.8 8.726957e+03 8.730947e+03 8.735293e+03 8.731304e+03
8.8 8.764643e+03 8.732743e+03 8.735055e+03 8.766955e+03
9.8 8.753446e+03 8.741276e+03 8.734158e+03 8.746328e+03
10.8 8.780007e+03 8.755164e+03 8.733420e+03 8.758263e+03
11.8 8.772642e+03 8.761034e+03 8.733000e+03 8.744607e+03
12.8 8.738797e+03 8.754062e+03 8.732804e+03 8.717539e+03
13.8 8.780671e+03 8.743186e+03 8.732744e+03 8.770229e+03
14.8 8.721548e+03 8.734867e+03 8.732763e+03 8.719444e+03
15.8 8.740057e+03 8.730063e+03 8.732817e+03 8.742810e+03
16.8 8.728664e+03 8.727833e+03 8.732878e+03 8.733709e+03
17.8 8.779138e+03 8.727265e+03 8.732927e+03 8.784800e+03
18.8 8.724399e+03 8.730845e+03 8.732962e+03 8.726516e+03
19.8 8.785772e+03 8.743235e+03 8.732982e+03 8.775520e+03
20.8 8.843307e+03 8.753268e+03 8.733413e+03 8.823452e+03
0.8 8.738386e+03 8.728578e+03 8.733609e+03 8.743417e+03
1.8 8.773312e+03 8.729059e+03 8.734206e+03 8.778459e+03
2.8 8.726957e+03 8.730947e+03 8.735293e+03 8.731304e+03
3.8 8.764643e+03 8.732743e+03 8.735055e+03 8.766955e+03
4.8 8.753446e+03 8.741276e+03 8.734158e+03 8.746328e+03
5.8 8.780007e+03 8.755164e+03 8.733420e+03 8.758263e+03
6.8 8.772642e+03 8.761034e+03 8.733000e+03 8.744607e+03
7.8 8.738797e+03 8.754062e+03 8.732804e+03 8.717539e+03
8.8 8.780671e+03 8.743186e+03 8.732744e+03 8.770229e+03
9.8 8.721548e+03 8.734867e+03 8.732763e+03 8.719444e+03
10.8 8.740057e+03 8.730063e+03 8.732817e+03 8.742810e+03
11.8 8.728664e+03 8.727833e+03 8.732878e+03 8.733709e+03
12.8 8.779138e+03 8.727265e+03 8.732927e+03 8.784800e+03
13.8 8.724399e+03 8.730845e+03 8.732962e+03 8.726516e+03
14.8 8.785772e+03 8.743235e+03 8.732982e+03 8.775520e+03
15.8 8.843307e+03 8.753268e+03 8.733413e+03 8.823452e+03
16.8 8.846965e+03 8.752006e+03 8.734963e+03 8.829921e+03
17.8 8.816332e+03 8.746789e+03 8.735510e+03 8.805053e+03
18.8 8.785707e+03 8.748666e+03 8.734853e+03 8.771894e+03
19.8 8.767768e+03 8.749521e+03 8.735018e+03 8.753264e+03
20.8 8.751547e+03 8.744345e+03 8.735728e+03 8.742931e+03
0.4 8.785772e+03 8.743235e+03 8.732982e+03 8.775520e+03
1.4 8.843307e+03 8.753268e+03 8.733413e+03 8.823452e+03
2.4 8.846965e+03 8.752006e+03 8.734963e+03 8.829921e+03
3.4 8.816332e+03 8.746789e+03 8.735510e+03 8.805053e+03
4.4 8.785707e+03 8.748666e+03 8.734853e+03 8.771894e+03
5.4 8.767768e+03 8.749521e+03 8.735018e+03 8.753264e+03
6.4 8.751547e+03 8.744345e+03 8.735728e+03 8.742931e+03
7.4 8.790215e+03 8.736950e+03 8.735243e+03 8.788508e+03
8.4 8.729882e+03 8.730521e+03 8.734194e+03 8.733554e+03
9.4 8.723422e+03 8.726149e+03 8.733374e+03 8.730647e+03
10.4 8.753092e+03 8.724668e+03 8.732925e+03 8.761349e+03
11.4 8.757431e+03 8.726876e+03 8.732735e+03 8.763290e+03
12.4 8.765407e+03 8.735721e+03 8.732693e+03 8.762379e+03
13.4 8.778755e+03 8.747394e+03 8.732734e+03 8.764095e+03
14.4 8.785741e+03 8.752174e+03 8.733444e+03 8.767012e+03
15.4 8.766994e+03 8.748398e+03 8.735044e+03 8.753640e+03
16.4 8.772654e+03 8.741090e+03 8.735369e+03 8.766934e+03
17.4 8.765387e+03 8.733859e+03 8.734606e+03 8.766133e+03
18.4 8.771692e+03 8.721833e+03 8.733770e+03 8.783629e+03
19.4 8.678963e+03 8.705618e+03 8.733222e+03 8.706567e+03
20.4 8.684855e+03 8.697760e+03 8.732927e+03 8.720023e+03
0.8 8.785707e+03 8.748666e+03 8.734853e+03 8.771894e+03
1.8 8.767768e+03 8.749521e+03 8.735018e+03 8.753264e+03
2.8 8.751547e+03 8.744345e+03 8.735728e+03 8.742931e+03
3.8 8.790215e+03 8.736950e+03 8.735243e+03 8.788508e+03
4.8 8.729882e+03 8.730521e+03 8.734194e+03 8.733554e+03
5.8 8.723422e+03 8.726149e+03 8.733374e+03 8.730647e+03
6.8 8.753092e+03 8.724668e+03 8.732925e+03 8.761349e+03
7.8 8.757431e+03 8.726876e+03 8.732735e+03 8.763290e+03
8.8 8.765407e+03 8.735721e+03 8.732693e+03 8.762379e+03
9.8 8.778755e+03 8.747394e+03 8.732734e+03 8.764095e+03
10.8 8.785741e+03 8.752174e+03 8.733444e+03 8.767012e+03
11.8 8.766994e+03 8.748398e+03 8.735044e+03 8.753640e+03
12.8 8.772654e+03 8.741090e+03 8.735369e+03 8.766934e+03
13.8 8.765387e+03 8.733859e+03 8.734606e+03 8.766133e+03
14.8 8.771692e+03 8.721833e+03 8.733770e+03 8.783629e+03
15.8 8.678963e+03 8.705618e+03 8.733222e+03 8.706567e+03
16.8 8.684855e+03 8.697760e+03 8.732927e+03 8.720023e+03
17.8 8.723780e+03 8.704201e+03 8.732800e+03 8.752380e+03
18.8 8.722812e+03 8.715521e+03 8.732778e+03 8.740069e+03
19.8 8.705551e+03 8.725543e+03 8.732812e+03 8.712820e+03
20.8 8.708261e+03 8.734738e+03 8.732867e+03 8.706389e+03
0.5 8.778755e+03 8.747394e+03 8.732734e+03 8.764095e+03
1.5 8.785741e+03 8.752174e+03 8.733444e+03 8.767012e+03
2.5 8.766994e+03 8.748398e+03 8.735044e+03 8.753640e+03
3.5 8.772654e+03 8.741090e+03 8.735369e+03 8.766934e+03
4.5 8.765387e+03 8.733859e+03 8.734606e+03 8.766133e+03
5.5 8.771692e+03 8.721833e+03 8.733770e+03 8.783629e+03
6.5 8.678963e+03 8.705618e+03 8.733222e+03 8.706567e+03
7.5 8.684855e+03 8.697760e+03 8.732927e+03 8.720023e+03
8.5 8.723780e+03 8.704201e+03 8.732800e+03 8.752380e+03
9.5 8.722812e+03 8.715521e+03 8.732778e+03 8.740069e+03
10.5 8.705551e+03 8.725543e+03 8.732812e+03 8.712820e+03
11.5 8.708261e+03 8.734738e+03 8.732867e+03 8.706389e+03
12.5 8.715165e+03 8.741431e+03 8.732960e+03 8.706694e+03
13.5 8.746626e+03 8.743338e+03 8.734053e+03 8.737341e+03
14.5 8.789923e+03 8.741306e+03 8.735399e+03 8.784016e+03
15.5 8.696164e+03 8.737256e+03 8.735265e+03 8.694173e+03
16.5 8.683314e+03 8.731239e+03 8.734376e+03 8.686451e+03
17.5 8.698348e+03 8.718113e+03 8.733597e+03 8.713832e+03
18.5 8.687578e+03 8.706591e+03 8.733123e+03 8.714111e+03
19.5 8.657697e+03 8.707629e+03 8.732880e+03 8.682949e+03
20.5 8.704558e+03 8.709378e+03 8.732786e+03 8.727966e+03
0.8 8.715165e+03 8.741431e+03 8.732960e+03 8.706694e+03
1.8 8.746626e+03 8.743338e+03 8.734053e+03 8.737341e+03
2.8 8.789923e+03 8.741306e+03 8.735399e+03 8.784016e+03
3.8 8.696164e+03 8.737256e+03 8.735265e+03 8.694173e+03
4.8 8.683314e+03 8.731239e+03 8.734376e+03 8.686451e+03
5.8 8.698348e+03 8.718113e+03 8.733597e+03 8.713832e+03
6.8 8.687578e+03 8.706591e+03 8.733123e+03 8.714111e+03
7.8 8.657697e+03 8.707629e+03 8.732880e+03 8.682949e+03
8.8 8.704558e+03 8.709378e+03 8.732786e+03 8.727966e+03
9.8 8.715583e+03 8.702961e+03 8.732784e+03 8.745406e+03
10.8 8.719255e+03 8.698796e+03 8.733072e+03 8.753531e+03
11.8 8.700303e+03 8.707276e+03 8.734596e+03 8.727622e+03
12.8 8.731126e+03 8.719744e+03 8.735461e+03 8.746843e+03
13.8 8.724782e+03 8.728147e+03 8.734929e+03 8.731564e+03
14.8 8.759880e+03 8.733062e+03 8.734036e+03 8.760854e+03
15.8 8.740868e+03 8.742579e+03 8.733380e+03 8.731669e+03
16.8 8.722859e+03 8.755127e+03 8.733077e+03 8.700809e+03
17.8 8.746685e+03 8.757815e+03 8.734073e+03 8.722943e+03
18.8 8.752451e+03 8.754716e+03 8.735245e+03 8.732980e+03
19.8 8.751476e+03 8.755291e+03 8.735129e+03 8.731313e+03
20.8 8.727538e+03 8.752446e+03 8.735584e+03 8.710677e+03
0.2 8.715583e+03 8.702961e+03 8.732784e+03 8.745406e+03
1.2 8.719255e+03 8.698796e+03 8.733072e+03 8.753531e+03
2.2 8.700303e+03 8.707276e+03 8.734596e+03 8.727622e+03
3.2 8.731126e+03 8.719744e+03 8.735461e+03 8.746843e+03
4.2 8.724782e+03 8.728147e+03 8.734929e+03 8.731564e+03
5.2 8.759880e+03 8.733062e+03 8.734036e+03 8.760854e+03
6.2 8.740868e+03 8.742579e+03 8.733380e+03 8.731669e+03
7.2 8.722859e+03 8.755127e+03 8.733077e+03 8.700809e+03
8.2 8.746685e+03 8.757815e+03 8.734073e+03 8.722943e+03
9.2 8.752451e+03 8.754716e+03 8.735245e+03 8.732980e+03
10.2 8.751476e+03 8.755291e+03 8.735129e+03 8.731313e+03
11.2 8.727538e+03 8.752446e+03 8.735584e+03 8.710677e+03
12.2 8.727458e+03 8.744622e+03 8.735955e+03 8.718791e+03
13.2 8.654001e+03 8.736448e+03 8.735153e+03 8.652706e+03
14.2 8.681893e+03 8.730977e+03 8.734035e+03 8.684950e+03
15.2 8.691361e+03 8.728337e+03 8.733246e+03 8.696270e+03
16.2 8.726264e+03 8.729111e+03 8.732836e+03 8.729989e+03
17.2 8.717967e+03 8.733299e+03 8.732678e+03 8.717346e+03
18.2 8.742733e+03 8.735944e+03 8.732663e+03 8.739452e+03
19.2 8.752064e+03 8.734853e+03 8.732720e+03 8.749931e+03
20.2 8.729791e+03 8.731565e+03 8.732800e+03 8.731026e+03
0.9 8.722859e+03 8.755127e+03 8.733077e+03 8.700809e+03
1.9 8.746685e+03 8.757815e+03 8.734073e+03 8.722943e+03
2.9 8.752451e+03 8.754716e+03 8.735245e+03 8.732980e+03
3.9 8.751476e+03 8.755291e+03 8.735129e+03 8.731313e+03
4.9 8.727538e+03 8.752446e+03 8.735584e+03 8.710677e+03
5.9 8.727458e+03 8.744622e+03 8.735955e+03 8.718791e+03
6.9 8.654001e+03 8.736448e+03 8.735153e+03 8.652706e+03
7.9 8.681893e+03 8.730977e+03 8.734035e+03 8.684950e+03
8.9 8.691361e+03 8.728337e+03 8.733246e+03 8.696270e+03
9.9 8.726264e+03 8.729111e+03 8.732836e+03 8.729989e+03
10.9 8.717967e+03 8.733299e+03 8.732678e+03 8.717346e+03
11.9 8.742733e+03 8.735944e+03 8.732663e+03 8.739452e+03
12.9 8.752064e+03 8.734853e+03 8.732720e+03 8.749931e+03
13.9 8.729791e+03 8.731565e+03 8.732800e+03 8.731026e+03
14.9 8.723974e+03 8.728779e+03 8.733071e+03 8.728265e+03
15.9 8.776686e+03 8.729238e+03 8.734551e+03 8.781999e+03
16.9 8.781226e+03 8.729256e+03 8.735493e+03 8.787463e+03
17.9 8.739521e+03 8.720410e+03 8.735001e+03 8.754113e+03
18.9 8.689362e+03 8.708456e+03 8.734218e+03 8.715124e+03
19.9 8.692499e+03 8.708927e+03 8.734851e+03 8.718423e+03
20.9 8.734685e+03 8.717171e+03 8.735535e+03 8.753049e+03
1.0 8.751476e+03 8.755291e+03 8.735129e+03 8.731313e+03
2.0 8.727538e+03 8.752446e+03 8.735584e+03 8.710677e+03
3.0 8.727458e+03 8.744622e+03 8.735955e+03 8.718791e+03
4.0 8.654001e+03 8.736448e+03 8.735153e+03 8.652706e+03
5.0 8.681893e+03 8.730977e+03 8.734035e+03 8.684950e+03
6.0 8.691361e+03 8.728337e+03 8.733246e+03 8.696270e+03
7.0 8.726264e+03 8.729111e+03 8.732836e+03 8.729989e+03
8.0 8.717967e+03 8.733299e+03 8.732678e+03 8.717346e+03
9.0 8.742733e+03 8.735944e+03 8.732663e+03 8.739452e+03
10.0 8.752064e+03 8.734853e+03 8.732720e+03 8.749931e+03
11.0 8.729791e+03 8.731565e+03 8.732800e+03 8.731026e+03
12.0 8.723974e+03 8.728779e+03 8.733071e+03 8.728265e+03
13.0 8.776686e+03 8.729238e+03 8.734551e+03 8.781999e+03
14.0 8.781226e+03 8.729256e+03 8.735493e+03 8.787463e+03
15.0 8.739521e+03 8.720410e+03 8.735001e+03 8.754113e+03
16.0 8.689362e+03 8.708456e+03 8.734218e+03 8.715124e+03
17.0 8.692499e+03 8.708927e+03 8.734851e+03 8.718423e+03
18.0 8.734685e+03 8.717171e+03 8.735535e+03 8.753049e+03
19.0 8.687521e+03 8.723247e+03 8.734954e+03 8.699229e+03
20.0 8.727113e+03 8.726356e+03 8.734085e+03 8.734842e+03
21.0 8.701202e+03 8.729876e+03 8.734661e+03 8.705987e+03
0.1 8.729791e+03 8.731565e+03 8.732800e+03 8.731026e+03
1.1 8.723974e+03 8.728779e+03 8.733071e+03 8.728265e+03
2.1 8.776686e+03 8.729238e+03 8.734551e+03 8.781999e+03
3.1 8.781226e+03 8.729256e+03 8.735493e+03 8.787463e+03
4.1 8.739521e+03 8.720410e+03 8.735001e+03 8.754113e+03
5.1 8.689362e+03 8.708456e+03 8.734218e+03 8.715124e+03
6.1 8.692499e+03 8.708927e+03 8.734851e+03 8.718423e+03
7.1 8.734685e+03 8.717171e+03 8.735535e+03 8.753049e+03
8.1 8.687521e+03 8.723247e+03 8.734954e+03 8.699229e+03
9.1 8.727113e+03 8.726356e+03 8.734085e+03 8.734842e+03
10.1 8.701202e+03 8.729876e+03 8.734661e+03 8.705987e+03
11.1 8.713606e+03 8.732830e+03 8.735403e+03 8.716179e+03
12.1 8.715670e+03 8.734596e+03 8.734888e+03 8.715962e+03
13.1 8.766824e+03 8.740365e+03 8.733953e+03 8.760412e+03
14.1 8.713228e+03 8.745150e+03 8.734025e+03 8.702103e+03
15.1 8.726734e+03 8.743943e+03 8.735151e+03 8.717942e+03
16.1 8.730808e+03 8.738948e+03 8.735140e+03 8.727000e+03
17.1 8.726254e+03 8.733314e+03 8.734277e+03 8.727216e+03
18.1 8.704190e+03 8.728970e+03 8.733561e+03 8.708782e+03
19.1 8.710155e+03 8.728365e+03 8.734304e+03 8.716094e+03
20.1 8.726009e+03 8.729713e+03 8.735275e+03 8.731571e+03
1.0 8.689362e+03 8.708456e+03 8.734218e+03 8.715124e+03
2.0 8.692499e+03 8.708927e+03 8.734851e+03 8.718423e+03
3.0 8.734685e+03 8.717171e+03 8.735535e+03 8.753049e+03
4.0 8.687521e+03 8.723247e+03 8.734954e+03 8.699229e+03
5.0 8.727113e+03 8.726356e+03 8.734085e+03 8.734842e+03
6.0 8.701202e+03 8.729876e+03 8.734661e+03 8.705987e+03
7.0 8.713606e+03 8.732830e+03 8.735403e+03 8.716179e+03
8.0 8.715670e+03 8.734596e+03 8.734888e+03 8.715962e+03
9.0 8.766824e+03 8.740365e+03 8.733953e+03 8.760412e+03
10.0 8.713228e+03 8.745150e+03 8.734025e+03 8.702103e+03
11.0 8.726734e+03 8.743943e+03 8.735151e+03 8.717942e+03
12.0 8.730808e+03 8.738948e+03 8.735140e+03 8.727000e+03
13.0 8.726254e+03 8.733314e+03 8.734277e+03 8.727216e+03
14.0 8.704190e+03 8.728970e+03 8.733561e+03 8.708782e+03
15.0 8.710155e+03 8.728365e+03 8.734304e+03 8.716094e+03
16.0 8.726009e+03 8.729713e+03 8.735275e+03 8.731571e+03
17.0 8.700761e+03 8.730239e+03 8.734913e+03 8.705434e+03
18.0 8.673909e+03 8.730499e+03 8.734017e+03 8.677427e+03
19.0 8.708064e+03 8.735306e+03 8.733326e+03 8.706084e+03
20.0 8.722364e+03 8.745593e+03 8.732946e+03 8.709717e+03
21.0 8.752362e+03 8.752707e+03 8.732998e+03 8.732653e+03
1.0 8.727113e+03 8.726356e+03 8.734085e+03 8.734842e+03
2.0 8.701202e+03 8.729876e+03 8.734661e+03 8.705987e+03
3.0 8.713606e+03 8.732830e+03 8.735403e+03 8.716179e+03
4.0 8.715670e+03 8.734596e+03 8.734888e+03 8.715962e+03
5.0 8.766824e+03 8.740365e+03 8.733953e+03 8.760412e+03
6.0 8.713228e+03 8.745150e+03 8.734025e+03 8.702103e+03
7.0 8.726734e+03 8.743943e+03 8.735151e+03 8.717942e+03
8.0 8.730808e+03 8.738948e+03 8.735140e+03 8.727000e+03
9.0 8.726254e+03 8.733314e+03 8.734277e+03 8.727216e+03
10.0 8.704190e+03 8.728970e+03 8.733561e+03 8.708782e+03
11.0 8.710155e+03 8.728365e+03 8.734304e+03 8.716094e+03
12.0 8.726009e+03 8.729713e+03 8.735275e+03 8.731571e+03
13.0 8.700761e+03 8.730239e+03 8.734913e+03 8.705434e+03
14.0 8.673909e+03 8.730499e+03 8.734017e+03 8.677427e+03
15.0 8.708064e+03 8.735306e+03 8.733326e+03 8.706084e+03
16.0 8.722364e+03 8.745593e+03 8.732946e+03 8.709717e+03
17.0 8.752362e+03 8.752707e+03 8.732998e+03 8.732653e+03
18.0 8.724942e+03 8.750920e+03 8.734404e+03 8.708426e+03
19.0 8.731753e+03 8.743867e+03 8.735294e+03 8.723180e+03
20.0 8.710602e+03 8.739161e+03 8.734814e+03 8.706255e+03
21.0 8.725184e+03 8.745363e+03 8.733961e+03 8.713781e+03
0.6 8.766824e+03 8.740365e+03 8.733953e+03 8.760412e+03
1.6 8.713228e+03 8.745150e+03 8.734025e+03 8.702103e+03
2.6 8.726734e+03 8.743943e+03 8.735151e+03 8.717942e+03
3.6 8.730808e+03 8.738948e+03 8.735140e+03 8.727000e+03
4.6 8.726254e+03 8.733314e+03 8.734277e+03 8.727216e+03
5.6 8.704190e+03 8.728970e+03 8.733561e+03 8.708782e+03
6.6 8.710155e+03 8.728365e+03 8.734304e+03 8.716094e+03
7.6 8.726009e+03 8.729713e+03 8.735275e+03 8.731571e+03
8.6 8.700761e+03 8.730239e+03 8.734913e+03 8.705434e+03
9.6 8.673909e+03 8.730499e+03 8.734017e+03 8.677427e+03
10.6 8.708064e+03 8.735306e+03 8.733326e+03 8.706084e+03
11.6 8.722364e+03 8.745593e+03 8.732946e+03 8.709717e+03
12.6 8.752362e+03 8.752707e+03 8.732998e+03 8.732653e+03
13.6 8.724942e+03 8.750920e+03 8.734404e+03 8.708426e+03
14.6 8.731753e+03 8.743867e+03 8.735294e+03 8.723180e+03
15.6 8.710602e+03 8.739161e+03 8.734814e+03 8.706255e+03
16.6 8.725184e+03 8.745363e+03 8.733961e+03 8.713781e+03
17.6 8.723685e+03 8.756434e+03 8.733349e+03 8.700599e+03
18.6 8.737866e+03 8.758608e+03 8.733844e+03 8.713102e+03
19.6 8.744534e+03 8.751014e+03 8.735132e+03 8.728652e+03
20.6 8.724867e+03 8.741126e+03 8.735138e+03 8.718880e+03
1.0 8.704190e+03 8.728970e+03 8.733561e+03 8.708782e+03
2.0 8.710155e+03 8.728365e+03 8.734304e+03 8.716094e+03
3.0 8.726009e+03 8.729713e+03 8.735275e+03 8.731571e+03
4.0 8.700761e+03 8.730239e+03 8.734913e+03 8.705434e+03
5.0 8.673909e+03 8.730499e+03 8.734017e+03 8.677427e+03
6.0 8.708064e+03 8.735306e+03 8.733326e+03 8.706084e+03
7.0 8.722364e+03 8.745593e+03 8.732946e+03 8.709717e+03
8.0 8.752362e+03 8.752707e+03 8.732998e+03 8.732653e+03
9.0 8.724942e+03 8.750920e+03 8.734404e+03 8.708426e+03
10.0 8.731753e+03 8.743867e+03 8.735294e+03 8.723180e+03
11.0 8.710602e+03 8.739161e+03 8.734814e+03 8.706255e+03
12.0 8.725184e+03 8.745363e+03 8.733961e+03 8.713781e+03
13.0 8.723685e+03 8.756434e+03 8.733349e+03 8.700599e+03
14.0 8.737866e+03 8.758608e+03 8.733844e+03 8.713102e+03
15.0 8.744534e+03 8.751014e+03 8.735132e+03 8.728652e+03
16.0 8.724867e+03 8.741126e+03 8.735138e+03 8.718880e+03
17.0 8.722343e+03 8.735665e+03 8.734303e+03 8.720981e+03
18.0 8.686187e+03 8.735903e+03 8.733534e+03 8.683818e+03
19.0 8.694769e+03 8.737342e+03 8.733292e+03 8.690719e+03
20.0 8.689478e+03 8.737227e+03 8.734512e+03 8.686763e+03
21.0 8.706070e+03 8.738946e+03 8.735292e+03 8.702416e+03
0.2 8.722364e+03 8.745593e+03 8.732946e+03 8.709717e+03
1.2 8.752362e+03 8.752707e+03 8.732998e+03 8.732653e+03
2.2 8.724942e+03 8.750920e+03 8.734404e+03 8.708426e+03
3.2 8.731753e+03 8.743867e+03 8.735294e+03 8.723180e+03
4.2 8.710602e+03 8.739161e+03 8.734814e+03 8.706255e+03
5.2 8.725184e+03 8.745363e+03 8.733961e+03 8.713781e+03
6.2 8.723685e+03 8.756434e+03 8.733349e+03 8.700599e+03
7.2 8.737866e+03 8.758608e+03 8.733844e+03 8.713102e+03
8.2 8.744534e+03 8.751014e+03 8.735132e+03 8.728652e+03
9.2 8.724867e+03 8.741126e+03 8.735138e+03 8.718880e+03
10.2 8.722343e+03 8.735665e+03 8.734303e+03 8.720981e+03
11.2 8.686187e+03 8.735903e+03 8.733534e+03 8.683818e+03
12.2 8.694769e+03 8.737342e+03 8.733292e+03 8.690719e+03
13.2 8.689478e+03 8.737227e+03 8.734512e+03 8.686763e+03
14.2 8.706070e+03 8.738946e+03 8.735292e+03 8.702416e+03
15.2 8.720853e+03 8.743332e+03 8.735001e+03 8.712522e+03
16.2 8.733604e+03 8.743650e+03 8.735603e+03 8.725558e+03
17.2 8.696565e+03 8.739507e+03 8.735804e+03 8.692863e+03
18.2 8.726460e+03 8.735050e+03 8.734905e+03 8.726315e+03
19.2 8.717549e+03 8.738523e+03 8.733843e+03 8.712870e+03
20.2 8.721778e+03 8.749439e+03 8.733177e+03 8.705516e+03
0.7 8.723685e+03 8.756434e+03 8.733349e+03 8.700599e+03
1.7 8.737866e+03 8.758608e+03 8.733844e+03 8.713102e+03
2.7 8.744534e+03 8.751014e+03 8.735132e+03 8.728652e+03
3.7 8.724867e+03 8.741126e+03 8.735138e+03 8.718880e+03
4.7 8.722343e+03 8.735665e+03 8.734303e+03 8.720981e+03
5.7 8.686187e+03 8.735903e+03 8.733534e+03 8.683818e+03
6.7 8.694769e+03 8.737342e+03 8.733292e+03 8.690719e+03
7.7 8.689478e+03 8.737227e+03 8.734512e+03 8.686763e+03
8.7 8.706070e+03 8.738946e+03 8.735292e+03 8.702416e+03
9.7 8.720853e+03 8.743332e+03 8.735001e+03 8.712522e+03
10.7 8.733604e+03 8.743650e+03 8.735603e+03 8.725558e+03
11.7 8.696565e+03 8.739507e+03 8.735804e+03 8.692863e+03
12.7 8.726460e+03 8.735050e+03 8.734905e+03 8.726315e+03
13.7 8.717549e+03 8.738523e+03 8.733843e+03 8.712870e+03
14.7 8.721778e+03 8.749439e+03 8.733177e+03 8.705516e+03
15.7 8.719741e+03 8.753341e+03 8.733844e+03 8.700245e+03
16.7 8.678979e+03 8.747887e+03 8.735074e+03 8.666166e+03
17.7 8.742387e+03 8.738500e+03 8.734967e+03 8.738853e+03
18.7 8.733288e+03 8.724049e+03 8.734140e+03 8.743380e+03
19.7 8.755847e+03 8.713373e+03 8.733430e+03 8.775904e+03
20.7 8.696892e+03 8.714043e+03 8.733016e+03 8.715865e+03
0.2 8.686187e+03 8.735903e+03 8.733534e+03 8.683818e+03
1.2 8.694769e+03 8.737342e+03 8.733292e+03 8.690719e+03
2.2 8.689478e+03 8.737227e+03 8.734512e+03 8.686763e+03
3.2 8.706070e+03 8.738946e+03 8.735292e+03 8.702416e+03
4.2 8.720853e+03 8.743332e+03 8.735001e+03 8.712522e+03
5.2 8.733604e+03 8.743650e+03 8.735603e+03 8.725558e+03
6.2 8.696565e+03 8.739507e+03 8.735804e+03 8.692863e+03
7.2 8.726460e+03 8.735050e+03 8.734905e+03 8.726315e+03
8.2 8.717549e+03 8.738523e+03 8.733843e+03 8.712870e+03
9.2 8.721778e+03 8.749439e+03 8.733177e+03 8.705516e+03
10.2 8.719741e+03 8.753341e+03 8.733844e+03 8.700245e+03
11.2 8.678979e+03 8.747887e+03 8.735074e+03 8.666166e+03
12.2 8.742387e+03 8.738500e+03 8.734967e+03 8.738853e+03
13.2 8.733288e+03 8.724049e+03 8.734140e+03 8.743380e+03
14.2 8.755847e+03 8.713373e+03 8.733430e+03 8.775904e+03
15.2 8.696892e+03 8.714043e+03 8.733016e+03 8.715865e+03
16.2 8.684320e+03 8.719644e+03 8.732818e+03 8.697494e+03
17.2 8.680683e+03 8.722757e+03 8.732753e+03 8.690678e+03
18.2 8.675327e+03 8.717088e+03 8.732766e+03 8.691005e+03
19.2 8.731031e+03 8.713558e+03 8.732818e+03 8.750291e+03
20.2 8.718925e+03 8.717972e+03 8.732877e+03 8.733830e+03
0.2 8.706070e+03 8.738946e+03 8.735292e+03 8.702416e+03
1.2 8.720853e+03 8.743332e+03 8.735001e+03 8.712522e+03
2.2 8.733604e+03 8.743650e+03 8.735603e+03 8.725558e+03
3.2 8.696565e+03 8.739507e+03 8.735804e+03 8.692863e+03
4.2 8.726460e+03 8.735050e+03 8.734905e+03 8.726315e+03
5.2 8.717549e+03 8.738523e+03 8.733843e+03 8.712870e+03
6.2 8.721778e+03 8.749439e+03 8.733177e+03 8.705516e+03
7.2 8.719741e+03 8.753341e+03 8.733844e+03 8.700245e+03
8.2 8.678979e+03 8.747887e+03 8.735074e+03 8.666166e+03
9.2 8.742387e+03 8.738500e+03 8.734967e+03 8.738853e+03
10.2 8.733288e+03 8.724049e+03 8.734140e+03 8.743380e+03
11.2 8.755847e+03 8.713373e+03 8.733430e+03 8.775904e+03
12.2 8.696892e+03 8.714043e+03 8.733016e+03 8.715865e+03
13.2 8.684320e+03 8.719644e+03 8.732818e+03 8.697494e+03
14.2 8.680683e+03 8.722757e+03 8.732753e+03 8.690678e+03
15.2 8.675327e+03 8.717088e+03 8.732766e+03 8.691005e+03
16.2 8.731031e+03 8.713558e+03 8.732818e+03 8.750291e+03
17.2 8.718925e+03 8.717972e+03 8.732877e+03 8.733830e+03
18.2 8.727251e+03 8.724206e+03 8.732927e+03 8.735972e+03
19.2 8.723527e+03 8.728500e+03 8.732961e+03 8.727988e+03
20.2 8.724722e+03 8.730747e+03 8.732982e+03 8.726956e+03
0.8 8.721778e+03 8.749439e+03 8.733177e+03 8.705516e+03
1.8 8.719741e+03 8.753341e+03 8.733844e+03 8.700245e+03
2.8 8.678979e+03 8.747887e+03 8.735074e+03 8.666166e+03
3.8 8.742387e+03 8.738500e+03 8.734967e+03 8.738853e+03
4.8 8.733288e+03 8.724049e+03 8.734140e+03 8.743380e+03
5.8 8.755847e+03 8.713373e+03 8.733430e+03 8.775904e+03
6.8 8.696892e+03 8.714043e+03 8.733016e+03 8.715865e+03
7.8 8.684320e+03 8.719644e+03 8.732818e+03 8.697494e+03
8.8 8.680683e+03 8.722757e+03 8.732753e+03 8.690678e+03
9.8 8.675327e+03 8.717088e+03 8.732766e+03 8.691005e+03
10.8 8.731031e+03 8.713558e+03 8.732818e+03 8.750291e+03
11.8 8.718925e+03 8.717972e+03 8.732877e+03 8.733830e+03
12.8 8.727251e+03 8.724206e+03 8.732927e+03 8.735972e+03
13.8 8.723527e+03 8.728500e+03 8.732961e+03 8.727988e+03
14.8 8.724722e+03 8.730747e+03 8.732982e+03 8.726956e+03
15.8 8.769895e+03 8.731693e+03 8.732993e+03 8.771195e+03
16.8 8.770113e+03 8.732579e+03 8.732999e+03 8.770533e+03
17.8 8.757723e+03 8.738448e+03 8.733001e+03 8.752276e+03
18.8 8.806116e+03 8.747148e+03 8.733083e+03 8.792052e+03
19.8 8.760140e+03 8.749215e+03 8.734294e+03 8.745219e+03
20.8 8.742956e+03 8.744779e+03 8.735483e+03 8.733661e+03
1.0 8.806116e+03 8.747148e+03 8.733083e+03 8.792052e+03
2.0 8.760140e+03 8.749215e+03 8.734294e+03 8.745219e+03
3.0 8.742956e+03 8.744779e+03 8.735483e+03 8.733661e+03
4.0 8.741844e+03 8.740564e+03 8.735190e+03 8.736470e+03
5.0 8.718529e+03 8.740126e+03 8.734278e+03 8.712681e+03
6.0 8.726081e+03 8.740301e+03 8.733800e+03 8.719580e+03
7.0 8.710123e+03 8.739359e+03 8.734844e+03 8.705608e+03
8.0 8.750723e+03 8.742976e+03 8.735394e+03 8.743141e+03
9.0 8.743526e+03 8.748345e+03 8.734723e+03 8.729905e+03
10.0 8.733735e+03 8.745857e+03 8.733818e+03 8.721696e+03
11.0 8.717276e+03 8.739336e+03 8.733206e+03 8.711147e+03
12.0 8.747158e+03 8.739130e+03 8.732889e+03 8.740917e+03
13.0 8.751199e+03 8.745113e+03 8.732760e+03 8.738845e+03
14.0 8.731306e+03 8.744645e+03 8.732740e+03 8.719401e+03
15.0 8.776743e+03 8.738605e+03 8.732779e+03 8.770918e+03
16.0 8.724188e+03 8.731981e+03 8.732840e+03 8.725048e+03
17.0 8.719466e+03 8.727246e+03 8.732908e+03 8.725129e+03
18.0 8.652791e+03 8.726184e+03 8.733716e+03 8.660323e+03
19.0 8.745360e+03 8.729732e+03 8.735235e+03 8.750863e+03
20.0 8.763949e+03 8.738950e+03 8.735390e+03 8.760389e+03
21.0 8.748330e+03 8.749528e+03 8.734571e+03 8.733373e+03
0.2 8.718529e+03 8.740126e+03 8.734278e+03 8.712681e+03
1.2 8.726081e+03 8.740301e+03 8.733800e+03 8.719580e+03
2.2 8.710123e+03 8.739359e+03 8.734844e+03 8.705608e+03
3.2 8.750723e+03 8.742976e+03 8.735394e+03 8.743141e+03
4.2 8.743526e+03 8.748345e+03 8.734723e+03 8.729905e+03
5.2 8.733735e+03 8.745857e+03 8.733818e+03 8.721696e+03
6.2 8.717276e+03 8.739336e+03 8.733206e+03 8.711147e+03
7.2 8.747158e+03 8.739130e+03 8.732889e+03 8.740917e+03
8.2 8.751199e+03 8.745113e+03 8.732760e+03 8.738845e+03
9.2 8.731306e+03 8.744645e+03 8.732740e+03 8.719401e+03
10.2 8.776743e+03 8.738605e+03 8.732779e+03 8.770918e+03
11.2 8.724188e+03 8.731981e+03 8.732840e+03 8.725048e+03
12.2 8.719466e+03 8.727246e+03 8.732908e+03 8.725129e+03
13.2 8.652791e+03 8.726184e+03 8.733716e+03 8.660323e+03
14.2 8.745360e+03 8.729732e+03 8.735235e+03 8.750863e+03
15.2 8.763949e+03 8.738950e+03 8.735390e+03 8.760389e+03
16.2 8.748330e+03 8.749528e+03 8.734571e+03 8.733373e+03
17.2 8.732764e+03 8.752697e+03 8.734502e+03 8.714569e+03
18.2 8.724048e+03 8.747932e+03 8.735460e+03 8.711576e+03
19.2 8.735248e+03 8.740464e+03 8.735317e+03 8.730101e+03
20.2 8.715052e+03 8.736188e+03 8.734361e+03 8.713225e+03
0.6 8.719466e+03 8.727246e+03 8.732908e+03 8.725129e+03
1.6 8.652791e+03 8.726184e+03 8.733716e+03 8.660323e+03
2.6 8.745360e+03 8.729732e+03 8.735235e+03 8.750863e+03
3.6 8.763949e+03 8.738950e+03 8.735390e+03 8.760389e+03
4.6 8.748330e+03 8.749528e+03 8.734571e+03 8.733373e+03
5.6 8.732764e+03 8.752697e+03 8.734502e+03 8.714569e+03
6.6 8.724048e+03 8.747932e+03 8.735460e+03 8.711576e+03
7.6 8.735248e+03 8.740464e+03 8.735317e+03 8.730101e+03
8.6 8.715052e+03 8.736188e+03 8.734361e+03 8.713225e+03
9.6 8.721772e+03 8.736537e+03 8.733524e+03 8.718759e+03
10.6 8.781522e+03 8.737163e+03 8.733875e+03 8.778234e+03
11.6 8.781098e+03 8.736088e+03 8.735100e+03 8.780110e+03
12.6 8.764243e+03 8.733791e+03 8.735084e+03 8.765536e+03
13.6 8.755654e+03 8.733933e+03 8.734245e+03 8.755967e+03
14.6 8.788060e+03 8.736605e+03 8.733542e+03 8.784997e+03
15.6 8.791050e+03 8.737911e+03 8.734227e+03 8.787366e+03
16.6 8.750790e+03 8.736707e+03 8.735271e+03 8.749355e+03
17.6 8.755889e+03 8.733949e+03 8.734977e+03 8.756916e+03
18.6 8.756410e+03 8.731482e+03 8.734083e+03 8.759010e+03
19.6 8.763996e+03 8.729998e+03 8.733370e+03 8.767368e+03
20.6 8.724060e+03 8.730247e+03 8.732971e+03 8.726784e+03
0.6 8.748330e+03 8.749528e+03 8.734571e+03 8.733373e+03
1.6 8.732764e+03 8.752697e+03 8.734502e+03 8.714569e+03
2.6 8.724048e+03 8.747932e+03 8.735460e+03 8.711576e+03
3.6 8.735248e+03 8.740464e+03 8.735317e+03 8.730101e+03
4.6 8.715052e+03 8.736188e+03 8.734361e+03 8.713225e+03
5.6 8.721772e+03 8.736537e+03 8.733524e+03 8.718759e+03
6.6 8.781522e+03 8.737163e+03 8.733875e+03 8.778234e+03
7.6 8.781098e+03 8.736088e+03 8.735100e+03 8.780110e+03
8.6 8.764243e+03 8.733791e+03 8.735084e+03 8.765536e+03
9.6 8.755654e+03 8.733933e+03 8.734245e+03 8.755967e+03
10.6 8.788060e+03 8.736605e+03 8.733542e+03 8.784997e+03
11.6 8.791050e+03 8.737911e+03 8.734227e+03 8.787366e+03
12.6 8.750790e+03 8.736707e+03 8.735271e+03 8.749355e+03
13.6 8.755889e+03 8.733949e+03 8.734977e+03 8.756916e+03
14.6 8.756410e+03 8.731482e+03 8.734083e+03 8.759010e+03
15.6 8.763996e+03 8.729998e+03 8.733370e+03 8.767368e+03
16.6 8.724060e+03 8.730247e+03 8.732971e+03 8.726784e+03
17.6 8.717218e+03 8.733180e+03 8.732790e+03 8.716828e+03
18.6 8.714904e+03 8.734824e+03 8.732739e+03 8.712819e+03
19.6 8.753010e+03 8.733883e+03 8.732762e+03 8.751889e+03
20.6 8.696204e+03 8.731919e+03 8.732819e+03 8.697105e+03
0.7 8.721772e+03 8.736537e+03 8.733524e+03 8.718759e+03
1.7 8.781522e+03 8.737163e+03 8.733875e+03 8.778234e+03
2.7 8.781098e+03 8.736088e+03 8.735100e+03 8.780110e+03
3.7 8.764243e+03 8.733791e+03 8.735084e+03 8.765536e+03
4.7 8.755654e+03 8.733933e+03 8.734245e+03 8.755967e+03
5.7 8.788060e+03 8.736605e+03 8.733542e+03 8.784997e+03
6.7 8.791050e+03 8.737911e+03 8.734227e+03 8.787366e+03
7.7 8.750790e+03 8.736707e+03 8.735271e+03 8.749355e+03
8.7 8.755889e+03 8.733949e+03 8.734977e+03 8.756916e+03
9.7 8.756410e+03 8.731482e+03 8.734083e+03 8.759010e+03
10.7 8.763996e+03 8.729998e+03 8.733370e+03 8.767368e+03
11.7 8.724060e+03 8.730247e+03 8.732971e+03 8.726784e+03
12.7 8.717218e+03 8.733180e+03 8.732790e+03 8.716828e+03
13.7 8.714904e+03 8.734824e+03 8.732739e+03 8.712819e+03
14.7 8.753010e+03 8.733883e+03 8.732762e+03 8.751889e+03
15.7 8.696204e+03 8.731919e+03 8.732819e+03 8.697105e+03
16.7 8.722540e+03 8.729607e+03 8.732880e+03 8.725814e+03
17.7 8.767265e+03 8.728408e+03 8.732930e+03 8.771787e+03
18.7 8.750083e+03 8.728625e+03 8.732963e+03 8.754421e+03
19.7 8.782627e+03 8.729022e+03 8.732983e+03 8.786588e+03
20.7 8.763514e+03 8.728438e+03 8.732994e+03 8.768070e+03
0.9 8.788060e+03 8.736605e+03 8.733542e+03 8.784997e+03
1.9 8.791050e+03 8.737911e+03 8.734227e+03 8.787366e+03
2.9 8.750790e+03 8.736707e+03 8.735271e+03 8.749355e+03
3.9 8.755889e+03 8.733949e+03 8.734977e+03 8.756916e+03
4.9 8.756410e+03 8.731482e+03 8.734083e+03 8.759010e+03
5.9 8.763996e+03 8.729998e+03 8.733370e+03 8.767368e+03
6.9 8.724060e+03 8.730247e+03 8.732971e+03 8.726784e+03
7.9 8.717218e+03 8.733180e+03 8.732790e+03 8.716828e+03
8.9 8.714904e+03 8.734824e+03 8.732739e+03 8.712819e+03
9.9 8.753010e+03 8.733883e+03 8.732762e+03 8.751889e+03
10.9 8.696204e+03 8.731919e+03 8.732819e+03 8.697105e+03
11.9 8.722540e+03 8.729607e+03 8.732880e+03 8.725814e+03
12.9 8.767265e+03 8.728408e+03 8.732930e+03 8.771787e+03
13.9 8.750083e+03 8.728625e+03 8.732963e+03 8.754421e+03
14.9 8.782627e+03 8.729022e+03 8.732983e+03 8.786588e+03
15.9 8.763514e+03 8.728438e+03 8.732994e+03 8.768070e+03
16.9 8.748815e+03 8.727199e+03 8.733001e+03 8.754617e+03
17.9 8.750325e+03 8.727386e+03 8.733567e+03 8.756506e+03
18.9 8.713377e+03 8.731251e+03 8.735112e+03 8.717238e+03
19.9 8.701163e+03 8.742175e+03 8.735474e+03 8.694461e+03
20.9 8.730964e+03 8.754097e+03 8.734842e+03 8.711709e+03
0.5 8.748815e+03 8.727199e+03 8.733001e+03 8.754617e+03
1.5 8.750325e+03 8.727386e+03 8.733567e+03 8.756506e+03
2.5 8.713377e+03 8.731251e+03 8.735112e+03 8.717238e+03
3.5 8.701163e+03 8.742175e+03 8.735474e+03 8.694461e+03
4.5 8.730964e+03 8.754097e+03 8.734842e+03 8.711709e+03
5.5 8.740358e+03 8.755421e+03 8.735317e+03 8.720254e+03
6.5 8.679384e+03 8.751823e+03 8.735773e+03 8.663333e+03
7.5 8.738370e+03 8.750362e+03 8.735256e+03 8.723265e+03
8.5 8.728594e+03 8.746633e+03 8.735649e+03 8.717610e+03
9.5 8.739597e+03 8.740098e+03 8.735771e+03 8.735269e+03
10.5 8.681717e+03 8.733866e+03 8.734851e+03 8.682701e+03
11.5 8.698595e+03 8.729963e+03 8.733786e+03 8.702418e+03
12.5 8.709179e+03 8.730888e+03 8.733093e+03 8.711383e+03
13.5 8.726295e+03 8.739524e+03 8.732757e+03 8.719529e+03
14.5 8.709389e+03 8.749083e+03 8.732696e+03 8.693002e+03
15.5 8.722133e+03 8.750623e+03 8.733803e+03 8.705313e+03
16.5 8.744222e+03 8.746360e+03 8.735164e+03 8.733026e+03
17.5 8.727423e+03 8.743088e+03 8.735063e+03 8.719398e+03
18.5 8.747684e+03 8.740908e+03 8.734688e+03 8.741464e+03
19.5 8.773057e+03 8.738162e+03 8.735515e+03 8.770409e+03
20.5 8.738081e+03 8.734496e+03 8.735579e+03 8.739164e+03
0.1 8.701163e+03 8.742175e+03 8.735474e+03 8.694461e+03
1.1 8.730964e+03 8.754097e+03 8.734842e+03 8.711709e+03
2.1 8.740358e+03 8.755421e+03 8.735317e+03 8.720254e+03
3.1 8.679384e+03 8.751823e+03 8.735773e+03 8.663333e+03
4.1 8.738370e+03 8.750362e+03 8.735256e+03 8.723265e+03
5.1 8.728594e+03 8.746633e+03 8.735649e+03 8.717610e+03
6.1 8.739597e+03 8.740098e+03 8.735771e+03 8.735269e+03
7.1 8.681717e+03 8.733866e+03 8.734851e+03 8.682701e+03
8.1 8.698595e+03 8.729963e+03 8.733786e+03 8.702418e+03
9.1 8.709179e+03 8.730888e+03 8.733093e+03 8.711383e+03
10.1 8.726295e+03 8.739524e+03 8.732757e+03 8.719529e+03
11.1 8.709389e+03 8.749083e+03 8.732696e+03 8.693002e+03
12.1 8.722133e+03 8.750623e+03 8.733803e+03 8.705313e+03
13.1 8.744222e+03 8.746360e+03 8.735164e+03 8.733026e+03
14.1 8.727423e+03 8.743088e+03 8.735063e+03 8.719398e+03
15.1 8.747684e+03 8.740908e+03 8.734688e+03 8.741464e+03
16.1 8.773057e+03 8.738162e+03 8.735515e+03 8.770409e+03
17.1 8.738081e+03 8.734496e+03 8.735579e+03 8.739164e+03
18.1 8.732905e+03 8.731224e+03 8.734640e+03 8.736321e+03
19.1 8.699218e+03 8.729045e+03 8.733672e+03 8.703844e+03
20.1 8.732400e+03 8.727144e+03 8.733072e+03 8.738328e+03
0.2 8.679384e+03 8.751823e+03 8.735773e+03 8.663333e+03
1.2 8.738370e+03 8.750362e+03 8.735256e+03 8.723265e+03
2.2 8.728594e+03 8.746633e+03 8.735649e+03 8.717610e+03
3.2 8.739597e+03 8.740098e+03 8.735771e+03 8.735269e+03
4.2 8.681717e+03 8.733866e+03 8.734851e+03 8.682701e+03
5.2 8.698595e+03 8.729963e+03 8.733786e+03 8.702418e+03
6.2 8.709179e+03 8.730888e+03 8.733093e+03 8.711383e+03
7.2 8.726295e+03 8.739524e+03 8.732757e+03 8.719529e+03
8.2 8.709389e+03 8.749083e+03 8.732696e+03 8.693002e+03
9.2 8.722133e+03 8.750623e+03 8.733803e+03 8.705313e+03
10.2 8.744222e+03 8.746360e+03 8.735164e+03 8.733026e+03
11.2 8.727423e+03 8.743088e+03 8.735063e+03 8.719398e+03
12.2 8.747684e+03 8.740908e+03 8.734688e+03 8.741464e+03
13.2 8.773057e+03 8.738162e+03 8.735515e+03 8.770409e+03
14.2 8.738081e+03 8.734496e+03 8.735579e+03 8.739164e+03
15.2 8.732905e+03 8.731224e+03 8.734640e+03 8.736321e+03
16.2 8.699218e+03 8.729045e+03 8.733672e+03 8.703844e+03
17.2 8.732400e+03 8.727144e+03 8.733072e+03 8.738328e+03
18.2 8.715526e+03 8.726250e+03 8.733057e+03 8.722333e+03
19.2 8.686615e+03 8.728200e+03 8.734451e+03 8.692865e+03
20.2 8.683074e+03 8.730242e+03 8.735235e+03 8.688067e+03
0.9 8.709389e+03 8.749083e+03 8.732696e+03 8.693002e+03
1.9 8.722133e+03 8.750623e+03 8.733803e+03 8.705313e+03
2.9 8.744222e+03 8.746360e+03 8.735164e+03 8.733026e+03
3.9 8.727423e+03 8.743088e+03 8.735063e+03 8.719398e+03
4.9 8.747684e+03 8.740908e+03 8.734688e+03 8.741464e+03
5.9 8.773057e+03 8.738162e+03 8.735515e+03 8.770409e+03
6.9 8.738081e+03 8.734496e+03 8.735579e+03 8.739164e+03
7.9 8.732905e+03 8.731224e+03 8.734640e+03 8.736321e+03
8.9 8.699218e+03 8.729045e+03 8.733672e+03 8.703844e+03
9.9 8.732400e+03 8.727144e+03 8.733072e+03 8.738328e+03
10.9 8.715526e+03 8.726250e+03 8.733057e+03 8.722333e+03
11.9 8.686615e+03 8.728200e+03 8.734451e+03 8.692865e+03
12.9 8.683074e+03 8.730242e+03 8.735235e+03 8.688067e+03
13.9 8.680947e+03 8.730803e+03 8.734706e+03 8.684850e+03
14.9 8.684928e+03 8.730661e+03 8.733869e+03 8.688135e+03
15.9 8.684018e+03 8.730442e+03 8.733273e+03 8.686849e+03
16.9 8.729218e+03 8.730261e+03 8.732947e+03 8.731904e+03
17.9 8.708838e+03 8.727490e+03 8.732799e+03 8.714146e+03
18.9 8.698703e+03 8.718040e+03 8.732814e+03 8.713477e+03
19.9 8.692885e+03 8.714601e+03 8.733938e+03 8.712222e+03
20.9 8.711582e+03 8.719861e+03 8.735285e+03 8.727007e+03
0.4 8.727423e+03 8.743088e+03 8.735063e+03 8.719398e+03
1.4 8.747684e+03 8.740908e+03 8.734688e+03 8.741464e+03
2.4 8.773057e+03 8.738162e+03 8.735515e+03 8.770409e+03
3.4 8.738081e+03 8.734496e+03 8.735579e+03 8.739164e+03
4.4 8.732905e+03 8.731224e+03 8.734640e+03 8.736321e+03
5.4 8.699218e+03 8.729045e+03 8.733672e+03 8.703844e+03
6.4 8.732400e+03 8.727144e+03 8.733072e+03 8.738328e+03
7.4 8.715526e+03 8.726250e+03 8.733057e+03 8.722333e+03
8.4 8.686615e+03 8.728200e+03 8.734451e+03 8.692865e+03
9.4 8.683074e+03 8.730242e+03 8.735235e+03 8.688067e+03
10.4 8.680947e+03 8.730803e+03 8.734706e+03 8.684850e+03
11.4 8.684928e+03 8.730661e+03 8.733869e+03 8.688135e+03
12.4 8.684018e+03 8.730442e+03 8.733273e+03 8.686849e+03
13.4 8.729218e+03 8.730261e+03 8.732947e+03 8.731904e+03
14.4 8.708838e+03 8.727490e+03 8.732799e+03 8.714146e+03
15.4 8.698703e+03 8.718040e+03 8.732814e+03 8.713477e+03
16.4 8.692885e+03 8.714601e+03 8.733938e+03 8.712222e+03
17.4 8.711582e+03 8.719861e+03 8.735285e+03 8.727007e+03
18.4 8.714988e+03 8.726295e+03 8.735155e+03 8.723848e+03
19.4 8.736731e+03 8.733069e+03 8.734296e+03 8.737959e+03
20.4 8.713065e+03 8.738283e+03 8.733551e+03 8.708333e+03
0.2 8.732400e+03 8.727144e+03 8.733072e+03 8.738328e+03
1.2 8.715526e+03 8.726250e+03 8.733057e+03 8.722333e+03
2.2 8.686615e+03 8.728200e+03 8.734451e+03 8.692865e+03
3.2 8.683074e+03 8.730242e+03 8.735235e+03 8.688067e+03
4.2 8.680947e+03 8.730803e+03 8.734706e+03 8.684850e+03
5.2 8.684928e+03 8.730661e+03 8.733869e+03 8.688135e+03
6.2 8.684018e+03 8.730442e+03 8.733273e+03 8.686849e+03
7.2 8.729218e+03 8.730261e+03 8.732947e+03 8.731904e+03
8.2 8.708838e+03 8.727490e+03 8.732799e+03 8.714146e+03
9.2 8.698703e+03 8.718040e+03 8.732814e+03 8.713477e+03
10.2 8.692885e+03 8.714601e+03 8.733938e+03 8.712222e+03
11.2 8.711582e+03 8.719861e+03 8.735285e+03 8.727007e+03
12.2 8.714988e+03 8.726295e+03 8.735155e+03 8.723848e+03
13.2 8.736731e+03 8.733069e+03 8.734296e+03 8.737959e+03
14.2 8.713065e+03 8.738283e+03 8.733551e+03 8.708333e+03
15.2 8.698093e+03 8.738794e+03 8.733099e+03 8.692398e+03
16.2 8.699617e+03 8.736332e+03 8.732869e+03 8.696154e+03
17.2 8.729062e+03 8.733554e+03 8.732782e+03 8.728290e+03
18.2 8.721409e+03 8.731538e+03 8.732784e+03 8.722655e+03
19.2 8.730290e+03 8.730337e+03 8.732828e+03 8.732781e+03
20.2 8.705055e+03 8.729759e+03 8.732884e+03 8.708180e+03
0.9 8.698703e+03 8.718040e+03 8.732814e+03 8.713477e+03
1.9 8.692885e+03 8.714601e+03 8.733938e+03 8.712222e+03
2.9 8.711582e+03 8.719861e+03 8.735285e+03 8.727007e+03
3.9 8.714988e+03 8.726295e+03 8.735155e+03 8.723848e+03
4.9 8.736731e+03 8.733069e+03 8.734296e+03 8.737959e+03
5.9 8.713065e+03 8.738283e+03 8.733551e+03 8.708333e+03
6.9 8.698093e+03 8.738794e+03 8.733099e+03 8.692398e+03
7.9 8.699617e+03 8.736332e+03 8.732869e+03 8.696154e+03
8.9 8.729062e+03 8.733554e+03 8.732782e+03 8.728290e+03
9.9 8.721409e+03 8.731538e+03 8.732784e+03 8.722655e+03
10.9 8.730290e+03 8.730337e+03 8.732828e+03 8.732781e+03
11.9 8.705055e+03 8.729759e+03 8.732884e+03 8.708180e+03
12.9 8.723775e+03 8.730336e+03 8.732931e+03 8.726370e+03
13.9 8.795930e+03 8.733445e+03 8.732999e+03 8.795484e+03
14.9 8.798920e+03 8.736252e+03 8.734033e+03 8.796701e+03
15.9 8.736078e+03 8.736562e+03 8.735397e+03 8.734913e+03
16.9 8.751645e+03 8.734611e+03 8.735293e+03 8.752327e+03
17.9 8.731327e+03 8.731927e+03 8.734406e+03 8.733807e+03
18.9 8.727948e+03 8.724125e+03 8.733617e+03 8.737441e+03
19.9 8.741440e+03 8.714229e+03 8.733134e+03 8.760346e+03
20.9 8.761913e+03 8.713888e+03 8.732885e+03 8.780911e+03
0.8 8.795930e+03 8.733445e+03 8.732999e+03 8.795484e+03
1.8 8.798920e+03 8.736252e+03 8.734033e+03 8.796701e+03
2.8 8.736078e+03 8.736562e+03 8.735397e+03 8.734913e+03
3.8 8.751645e+03 8.734611e+03 8.735293e+03 8.752327e+03
4.8 8.731327e+03 8.731927e+03 8.734406e+03 8.733807e+03
5.8 8.727948e+03 8.724125e+03 8.733617e+03 8.737441e+03
6.8 8.741440e+03 8.714229e+03 8.733134e+03 8.760346e+03
7.8 8.761913e+03 8.713888e+03 8.732885e+03 8.780911e+03
8.8 8.752372e+03 8.719806e+03 8.732788e+03 8.765354e+03
9.8 8.784112e+03 8.729134e+03 8.732783e+03 8.787762e+03
10.8 8.737705e+03 8.742487e+03 8.732826e+03 8.728044e+03
11.8 8.731755e+03 8.752647e+03 8.733003e+03 8.712112e+03
12.8 8.788961e+03 8.752947e+03 8.734364e+03 8.770378e+03
13.8 8.741078e+03 8.745938e+03 8.735471e+03 8.730612e+03
14.8 8.756791e+03 8.731612e+03 8.735099e+03 8.760278e+03
15.8 8.704774e+03 8.717234e+03 8.734192e+03 8.721733e+03
16.8 8.704502e+03 8.714517e+03 8.733477e+03 8.723462e+03
17.8 8.706300e+03 8.718971e+03 8.733058e+03 8.720386e+03
18.8 8.699327e+03 8.723976e+03 8.732851e+03 8.708202e+03
19.8 8.715970e+03 8.727513e+03 8.732780e+03 8.721236e+03
20.8 8.734528e+03 8.729669e+03 8.732790e+03 8.737650e+03
1.0 8.731755e+03 8.752647e+03 8.733003e+03 8.712112e+03
2.0 8.788961e+03 8.752947e+03 8.734364e+03 8.770378e+03
3.0 8.741078e+03 8.745938e+03 8.735471e+03 8.730612e+03
4.0 8.756791e+03 8.731612e+03 8.735099e+03 8.760278e+03
5.0 8.704774e+03 8.717234e+03 8.734192e+03 8.721733e+03
6.0 8.704502e+03 8.714517e+03 8.733477e+03 8.723462e+03
7.0 8.706300e+03 8.718971e+03 8.733058e+03 8.720386e+03
8.0 8.699327e+03 8.723976e+03 8.732851e+03 8.708202e+03
9.0 8.715970e+03 8.727513e+03 8.732780e+03 8.721236e+03
10.0 8.734528e+03 8.729669e+03 8.732790e+03 8.737650e+03
11.0 8.744537e+03 8.730787e+03 8.732838e+03 8.746589e+03
12.0 8.753440e+03 8.731166e+03 8.732893e+03 8.755167e+03
