0.4 8.780007e+03 8.755164e+03 8.733893e+03 8.758736e+03
1.4 8.772642e+03 8.761034e+03 8.733961e+03 8.745569e+03
2.4 8.738797e+03 8.754062e+03 8.734178e+03 8.718913e+03
3.4 8.780671e+03 8.743186e+03 8.734241e+03 8.771726e+03
4.4 8.721548e+03 8.734867e+03 8.734138e+03 8.720819e+03
5.4 8.740057e+03 8.730063e+03 8.734015e+03 8.744008e+03
6.4 8.728664e+03 8.727833e+03 8.733932e+03 8.734763e+03
7.4 8.779138e+03 8.727265e+03 8.733886e+03 8.785759e+03
8.4 8.724399e+03 8.730845e+03 8.733866e+03 8.727420e+03
9.4 8.785772e+03 8.743235e+03 8.733861e+03 8.776398e+03
10.4 8.843307e+03 8.753268e+03 8.733865e+03 8.823904e+03
11.4 8.846965e+03 8.752006e+03 8.733873e+03 8.828831e+03
12.4 8.816332e+03 8.746789e+03 8.733880e+03 8.803423e+03
13.4 8.785707e+03 8.748666e+03 8.733886e+03 8.770927e+03
14.4 8.767768e+03 8.749521e+03 8.733889e+03 8.752135e+03
15.4 8.751547e+03 8.744345e+03 8.733891e+03 8.741093e+03
16.4 8.790215e+03 8.736950e+03 8.733892e+03 8.787157e+03
17.4 8.729882e+03 8.730521e+03 8.733892e+03 8.733253e+03
18.4 8.723422e+03 8.726149e+03 8.733893e+03 8.731166e+03
19.4 8.753092e+03 8.724668e+03 8.733983e+03 8.762407e+03
20.4 8.757431e+03 8.726876e+03 8.734197e+03 8.764751e+03
0.5 8.723422e+03 8.726149e+03 8.733893e+03 8.731166e+03
1.5 8.753092e+03 8.724668e+03 8.733983e+03 8.762407e+03
2.5 8.757431e+03 8.726876e+03 8.734197e+03 8.764751e+03
3.5 8.765407e+03 8.735721e+03 8.734235e+03 8.763921e+03
4.5 8.778755e+03 8.747394e+03 8.734123e+03 8.765483e+03
5.5 8.785741e+03 8.752174e+03 8.734003e+03 8.767571e+03
6.5 8.766994e+03 8.748398e+03 8.733925e+03 8.752521e+03
7.5 8.772654e+03 8.741090e+03 8.733883e+03 8.765447e+03
8.5 8.765387e+03 8.733859e+03 8.733865e+03 8.765392e+03
9.5 8.771692e+03 8.721833e+03 8.733861e+03 8.783721e+03
10.5 8.678963e+03 8.705618e+03 8.733866e+03 8.707211e+03
11.5 8.684855e+03 8.697760e+03 8.733928e+03 8.721024e+03
12.5 8.723780e+03 8.704201e+03 8.734150e+03 8.753729e+03
13.5 8.722812e+03 8.715521e+03 8.734237e+03 8.741529e+03
14.5 8.705551e+03 8.725543e+03 8.734146e+03 8.714153e+03
15.5 8.708261e+03 8.734738e+03 8.734022e+03 8.707545e+03
16.5 8.715165e+03 8.741431e+03 8.733936e+03 8.707671e+03
17.5 8.746626e+03 8.743338e+03 8.733889e+03 8.737177e+03
18.5 8.789923e+03 8.741306e+03 8.733867e+03 8.782484e+03
19.5 8.696164e+03 8.737256e+03 8.733861e+03 8.692769e+03
20.5 8.683314e+03 8.731239e+03 8.733865e+03 8.685940e+03
0.3 8.678963e+03 8.705618e+03 8.733866e+03 8.707211e+03
1.3 8.684855e+03 8.697760e+03 8.733928e+03 8.721024e+03
2.3 8.723780e+03 8.704201e+03 8.734150e+03 8.753729e+03
3.3 8.722812e+03 8.715521e+03 8.734237e+03 8.741529e+03
4.3 8.705551e+03 8.725543e+03 8.734146e+03 8.714153e+03
5.3 8.708261e+03 8.734738e+03 8.734022e+03 8.707545e+03
6.3 8.715165e+03 8.741431e+03 8.733936e+03 8.707671e+03
7.3 8.746626e+03 8.743338e+03 8.733889e+03 8.737177e+03
8.3 8.789923e+03 8.741306e+03 8.733867e+03 8.782484e+03
9.3 8.696164e+03 8.737256e+03 8.733861e+03 8.692769e+03
10.3 8.683314e+03 8.731239e+03 8.733865e+03 8.685940e+03
11.3 8.698348e+03 8.718113e+03 8.733872e+03 8.714106e+03
12.3 8.687578e+03 8.706591e+03 8.733917e+03 8.714905e+03
13.3 8.657697e+03 8.707629e+03 8.734131e+03 8.684199e+03
14.3 8.704558e+03 8.709378e+03 8.734242e+03 8.729422e+03
15.3 8.715583e+03 8.702961e+03 8.734162e+03 8.746784e+03
16.3 8.719255e+03 8.698796e+03 8.734036e+03 8.754495e+03
17.3 8.700303e+03 8.707276e+03 8.733944e+03 8.726971e+03
18.3 8.731126e+03 8.719744e+03 8.733893e+03 8.745275e+03
19.3 8.724782e+03 8.728147e+03 8.733868e+03 8.730504e+03
20.3 8.759880e+03 8.733062e+03 8.733861e+03 8.760679e+03
0.2 8.698348e+03 8.718113e+03 8.733872e+03 8.714106e+03
1.2 8.687578e+03 8.706591e+03 8.733917e+03 8.714905e+03
2.2 8.657697e+03 8.707629e+03 8.734131e+03 8.684199e+03
3.2 8.704558e+03 8.709378e+03 8.734242e+03 8.729422e+03
4.2 8.715583e+03 8.702961e+03 8.734162e+03 8.746784e+03
5.2 8.719255e+03 8.698796e+03 8.734036e+03 8.754495e+03
6.2 8.700303e+03 8.707276e+03 8.733944e+03 8.726971e+03
7.2 8.731126e+03 8.719744e+03 8.733893e+03 8.745275e+03
8.2 8.724782e+03 8.728147e+03 8.733868e+03 8.730504e+03
9.2 8.759880e+03 8.733062e+03 8.733861e+03 8.760679e+03
10.2 8.740868e+03 8.742579e+03 8.733864e+03 8.732154e+03
11.2 8.722859e+03 8.755127e+03 8.733871e+03 8.701604e+03
12.2 8.746685e+03 8.757815e+03 8.733879e+03 8.722748e+03
13.2 8.752451e+03 8.754716e+03 8.733885e+03 8.731619e+03
14.2 8.751476e+03 8.755291e+03 8.733888e+03 8.730073e+03
15.2 8.727538e+03 8.752446e+03 8.733891e+03 8.708983e+03
16.2 8.727458e+03 8.744622e+03 8.733892e+03 8.716728e+03
17.2 8.654001e+03 8.736448e+03 8.733892e+03 8.651446e+03
18.2 8.681893e+03 8.730977e+03 8.733893e+03 8.684808e+03
19.2 8.691361e+03 8.728337e+03 8.733893e+03 8.696917e+03
20.2 8.726264e+03 8.729111e+03 8.733893e+03 8.731045e+03
0.6 8.717967e+03 8.733299e+03 8.733894e+03 8.718562e+03
1.6 8.742733e+03 8.735944e+03 8.733995e+03 8.740784e+03
2.6 8.752064e+03 8.734853e+03 8.734205e+03 8.751417e+03
3.6 8.729791e+03 8.731565e+03 8.734231e+03 8.732457e+03
4.6 8.723974e+03 8.728779e+03 8.734115e+03 8.729310e+03
5.6 8.776686e+03 8.729238e+03 8.733997e+03 8.781445e+03
6.6 8.781226e+03 8.729256e+03 8.733922e+03 8.785892e+03
7.6 8.739521e+03 8.720410e+03 8.733881e+03 8.752993e+03
8.6 8.689362e+03 8.708456e+03 8.733864e+03 8.714770e+03
9.6 8.692499e+03 8.708927e+03 8.733862e+03 8.717434e+03
10.6 8.734685e+03 8.717171e+03 8.733867e+03 8.751381e+03
11.6 8.687521e+03 8.723247e+03 8.733874e+03 8.698149e+03
12.6 8.727113e+03 8.726356e+03 8.733881e+03 8.734638e+03
13.6 8.701202e+03 8.729876e+03 8.733886e+03 8.705212e+03
14.6 8.713606e+03 8.732830e+03 8.733889e+03 8.714666e+03
15.6 8.715670e+03 8.734596e+03 8.733891e+03 8.714965e+03
16.6 8.766824e+03 8.740365e+03 8.733892e+03 8.760351e+03
17.6 8.713228e+03 8.745150e+03 8.733893e+03 8.701970e+03
18.6 8.726734e+03 8.743943e+03 8.733893e+03 8.716684e+03
19.6 8.730808e+03 8.738948e+03 8.733893e+03 8.725752e+03
20.6 8.726254e+03 8.733314e+03 8.733893e+03 8.726832e+03
0.6 8.733288e+03 8.724049e+03 8.733894e+03 8.743133e+03
1.6 8.755847e+03 8.713373e+03 8.733989e+03 8.776463e+03
2.6 8.696892e+03 8.714043e+03 8.734201e+03 8.717050e+03
3.6 8.684320e+03 8.719644e+03 8.734233e+03 8.698909e+03
4.6 8.680683e+03 8.722757e+03 8.734119e+03 8.692044e+03
5.6 8.675327e+03 8.717088e+03 8.734004e+03 8.692243e+03
6.6 8.731031e+03 8.713558e+03 8.734057e+03 8.751530e+03
7.6 8.718925e+03 8.717972e+03 8.734212e+03 8.735165e+03
8.6 8.727251e+03 8.724206e+03 8.734190e+03 8.737235e+03
9.6 8.723527e+03 8.728500e+03 8.734065e+03 8.729092e+03
10.6 8.724722e+03 8.730747e+03 8.733957e+03 8.727932e+03
11.6 8.769895e+03 8.731693e+03 8.733895e+03 8.772097e+03
12.6 8.770113e+03 8.732579e+03 8.733866e+03 8.771400e+03
13.6 8.757723e+03 8.738448e+03 8.733856e+03 8.753131e+03
14.6 8.806116e+03 8.747148e+03 8.733859e+03 8.792827e+03
15.6 8.760140e+03 8.749215e+03 8.733866e+03 8.744790e+03
16.6 8.742956e+03 8.744779e+03 8.733875e+03 8.732052e+03
17.6 8.741844e+03 8.740564e+03 8.733882e+03 8.735162e+03
18.6 8.718529e+03 8.740126e+03 8.733887e+03 8.712290e+03
19.6 8.726081e+03 8.740301e+03 8.733890e+03 8.719670e+03
20.6 8.710123e+03 8.739359e+03 8.733891e+03 8.704655e+03
0.7 8.675327e+03 8.717088e+03 8.734004e+03 8.692243e+03
1.7 8.731031e+03 8.713558e+03 8.734057e+03 8.751530e+03
2.7 8.718925e+03 8.717972e+03 8.734212e+03 8.735165e+03
3.7 8.727251e+03 8.724206e+03 8.734190e+03 8.737235e+03
4.7 8.723527e+03 8.728500e+03 8.734065e+03 8.729092e+03
5.7 8.724722e+03 8.730747e+03 8.733957e+03 8.727932e+03
6.7 8.769895e+03 8.731693e+03 8.733895e+03 8.772097e+03
7.7 8.770113e+03 8.732579e+03 8.733866e+03 8.771400e+03
8.7 8.757723e+03 8.738448e+03 8.733856e+03 8.753131e+03
9.7 8.806116e+03 8.747148e+03 8.733859e+03 8.792827e+03
10.7 8.760140e+03 8.749215e+03 8.733866e+03 8.744790e+03
11.7 8.742956e+03 8.744779e+03 8.733875e+03 8.732052e+03
12.7 8.741844e+03 8.740564e+03 8.733882e+03 8.735162e+03
13.7 8.718529e+03 8.740126e+03 8.733887e+03 8.712290e+03
14.7 8.726081e+03 8.740301e+03 8.733890e+03 8.719670e+03
15.7 8.710123e+03 8.739359e+03 8.733891e+03 8.704655e+03
16.7 8.750723e+03 8.742976e+03 8.733892e+03 8.741639e+03
17.7 8.743526e+03 8.748345e+03 8.733947e+03 8.729128e+03
18.7 8.733735e+03 8.745857e+03 8.734162e+03 8.722040e+03
19.7 8.717276e+03 8.739336e+03 8.734244e+03 8.712185e+03
20.7 8.747158e+03 8.739130e+03 8.734149e+03 8.742177e+03
0.4 8.750723e+03 8.742976e+03 8.733892e+03 8.741639e+03
1.4 8.743526e+03 8.748345e+03 8.733947e+03 8.729128e+03
2.4 8.733735e+03 8.745857e+03 8.734162e+03 8.722040e+03
3.4 8.717276e+03 8.739336e+03 8.734244e+03 8.712185e+03
4.4 8.747158e+03 8.739130e+03 8.734149e+03 8.742177e+03
5.4 8.751199e+03 8.745113e+03 8.734062e+03 8.740147e+03
6.4 8.731306e+03 8.744645e+03 8.734183e+03 8.720844e+03
7.4 8.776743e+03 8.738605e+03 8.734243e+03 8.772381e+03
8.4 8.724188e+03 8.731981e+03 8.734138e+03 8.726345e+03
9.4 8.719466e+03 8.727246e+03 8.734005e+03 8.726225e+03
10.4 8.652791e+03 8.726184e+03 8.733917e+03 8.660524e+03
11.4 8.745360e+03 8.729732e+03 8.733872e+03 8.749500e+03
12.4 8.763949e+03 8.738950e+03 8.733855e+03 8.758855e+03
13.4 8.748330e+03 8.749528e+03 8.733854e+03 8.732656e+03
14.4 8.732764e+03 8.752697e+03 8.733860e+03 8.713927e+03
15.4 8.724048e+03 8.747932e+03 8.733869e+03 8.709985e+03
16.4 8.735248e+03 8.740464e+03 8.733878e+03 8.728662e+03
17.4 8.715052e+03 8.736188e+03 8.733884e+03 8.712748e+03
18.4 8.721772e+03 8.736537e+03 8.733888e+03 8.719124e+03
19.4 8.781522e+03 8.737163e+03 8.733891e+03 8.778250e+03
20.4 8.781098e+03 8.736088e+03 8.733892e+03 8.778902e+03
0.2 8.747158e+03 8.739130e+03 8.734149e+03 8.742177e+03
1.2 8.751199e+03 8.745113e+03 8.734062e+03 8.740147e+03
2.2 8.731306e+03 8.744645e+03 8.734183e+03 8.720844e+03
3.2 8.776743e+03 8.738605e+03 8.734243e+03 8.772381e+03
4.2 8.724188e+03 8.731981e+03 8.734138e+03 8.726345e+03
5.2 8.719466e+03 8.727246e+03 8.734005e+03 8.726225e+03
6.2 8.652791e+03 8.726184e+03 8.733917e+03 8.660524e+03
7.2 8.745360e+03 8.729732e+03 8.733872e+03 8.749500e+03
8.2 8.763949e+03 8.738950e+03 8.733855e+03 8.758855e+03
9.2 8.748330e+03 8.749528e+03 8.733854e+03 8.732656e+03
10.2 8.732764e+03 8.752697e+03 8.733860e+03 8.713927e+03
11.2 8.724048e+03 8.747932e+03 8.733869e+03 8.709985e+03
12.2 8.735248e+03 8.740464e+03 8.733878e+03 8.728662e+03
13.2 8.715052e+03 8.736188e+03 8.733884e+03 8.712748e+03
14.2 8.721772e+03 8.736537e+03 8.733888e+03 8.719124e+03
15.2 8.781522e+03 8.737163e+03 8.733891e+03 8.778250e+03
16.2 8.781098e+03 8.736088e+03 8.733892e+03 8.778902e+03
17.2 8.764243e+03 8.733791e+03 8.733892e+03 8.764344e+03
18.2 8.755654e+03 8.733933e+03 8.733893e+03 8.755614e+03
19.2 8.788060e+03 8.736605e+03 8.733893e+03 8.785348e+03
20.2 8.791050e+03 8.737911e+03 8.733893e+03 8.787032e+03
0.9 8.717218e+03 8.733180e+03 8.733901e+03 8.717939e+03
1.9 8.714904e+03 8.734824e+03 8.734060e+03 8.714140e+03
2.9 8.753010e+03 8.733883e+03 8.734236e+03 8.753362e+03
3.9 8.696204e+03 8.731919e+03 8.734205e+03 8.698490e+03
4.9 8.722540e+03 8.729607e+03 8.734082e+03 8.727016e+03
5.9 8.767265e+03 8.728408e+03 8.734111e+03 8.772969e+03
6.9 8.750083e+03 8.728625e+03 8.734240e+03 8.755698e+03
7.9 8.782627e+03 8.729022e+03 8.734198e+03 8.787803e+03
8.9 8.763514e+03 8.728438e+03 8.734062e+03 8.769138e+03
9.9 8.748815e+03 8.727199e+03 8.733951e+03 8.755567e+03
10.9 8.750325e+03 8.727386e+03 8.733888e+03 8.756828e+03
11.9 8.713377e+03 8.731251e+03 8.733861e+03 8.715987e+03
12.9 8.701163e+03 8.742175e+03 8.733853e+03 8.692841e+03
13.9 8.730964e+03 8.754097e+03 8.733857e+03 8.710723e+03
14.9 8.740358e+03 8.755421e+03 8.733865e+03 8.718803e+03
15.9 8.679384e+03 8.751823e+03 8.733874e+03 8.661435e+03
16.9 8.738370e+03 8.750362e+03 8.733882e+03 8.721890e+03
17.9 8.728594e+03 8.746633e+03 8.733887e+03 8.715848e+03
18.9 8.739597e+03 8.740098e+03 8.733890e+03 8.733388e+03
19.9 8.681717e+03 8.733866e+03 8.733891e+03 8.681742e+03
20.9 8.698595e+03 8.729963e+03 8.733892e+03 8.702524e+03
0.8 8.722540e+03 8.729607e+03 8.734082e+03 8.727016e+03
1.8 8.767265e+03 8.728408e+03 8.734111e+03 8.772969e+03
2.8 8.750083e+03 8.728625e+03 8.734240e+03 8.755698e+03
3.8 8.782627e+03 8.729022e+03 8.734198e+03 8.787803e+03
4.8 8.763514e+03 8.728438e+03 8.734062e+03 8.769138e+03
5.8 8.748815e+03 8.727199e+03 8.733951e+03 8.755567e+03
6.8 8.750325e+03 8.727386e+03 8.733888e+03 8.756828e+03
7.8 8.713377e+03 8.731251e+03 8.733861e+03 8.715987e+03
8.8 8.701163e+03 8.742175e+03 8.733853e+03 8.692841e+03
9.8 8.730964e+03 8.754097e+03 8.733857e+03 8.710723e+03
10.8 8.740358e+03 8.755421e+03 8.733865e+03 8.718803e+03
11.8 8.679384e+03 8.751823e+03 8.733874e+03 8.661435e+03
12.8 8.738370e+03 8.750362e+03 8.733882e+03 8.721890e+03
13.8 8.728594e+03 8.746633e+03 8.733887e+03 8.715848e+03
14.8 8.739597e+03 8.740098e+03 8.733890e+03 8.733388e+03
15.8 8.681717e+03 8.733866e+03 8.733891e+03 8.681742e+03
16.8 8.698595e+03 8.729963e+03 8.733892e+03 8.702524e+03
17.8 8.709179e+03 8.730888e+03 8.733893e+03 8.712183e+03
18.8 8.726295e+03 8.739524e+03 8.733893e+03 8.720664e+03
19.8 8.709389e+03 8.749083e+03 8.733893e+03 8.694199e+03
20.8 8.722133e+03 8.750623e+03 8.733893e+03 8.705403e+03
0.1 8.736731e+03 8.733069e+03 8.733893e+03 8.737555e+03
1.1 8.713065e+03 8.738283e+03 8.733920e+03 8.708703e+03
2.1 8.698093e+03 8.738794e+03 8.734120e+03 8.693419e+03
3.1 8.699617e+03 8.736332e+03 8.734246e+03 8.697531e+03
4.1 8.729062e+03 8.733554e+03 8.734175e+03 8.729682e+03
5.1 8.721409e+03 8.731538e+03 8.734047e+03 8.723918e+03
6.1 8.730290e+03 8.730337e+03 8.733951e+03 8.733904e+03
7.1 8.705055e+03 8.729759e+03 8.733896e+03 8.709192e+03
8.1 8.723775e+03 8.730336e+03 8.733870e+03 8.727309e+03
9.1 8.795930e+03 8.733445e+03 8.733861e+03 8.796346e+03
10.1 8.798920e+03 8.736252e+03 8.733864e+03 8.796532e+03
11.1 8.736078e+03 8.736562e+03 8.733871e+03 8.733387e+03
12.1 8.751645e+03 8.734611e+03 8.733878e+03 8.750912e+03
13.1 8.731327e+03 8.731927e+03 8.733884e+03 8.733284e+03
14.1 8.727948e+03 8.724125e+03 8.733888e+03 8.737712e+03
15.1 8.741440e+03 8.714229e+03 8.733936e+03 8.761148e+03
16.1 8.761913e+03 8.713888e+03 8.734149e+03 8.782175e+03
17.1 8.752372e+03 8.719806e+03 8.734245e+03 8.766811e+03
18.1 8.784112e+03 8.729134e+03 8.734156e+03 8.789135e+03
19.1 8.737705e+03 8.742487e+03 8.734030e+03 8.729248e+03
20.1 8.731755e+03 8.752647e+03 8.733941e+03 8.713049e+03
0.3 8.727948e+03 8.724125e+03 8.733888e+03 8.737712e+03
1.3 8.741440e+03 8.714229e+03 8.733936e+03 8.761148e+03
2.3 8.761913e+03 8.713888e+03 8.734149e+03 8.782175e+03
3.3 8.752372e+03 8.719806e+03 8.734245e+03 8.766811e+03
4.3 8.784112e+03 8.729134e+03 8.734156e+03 8.789135e+03
5.3 8.737705e+03 8.742487e+03 8.734030e+03 8.729248e+03
6.3 8.731755e+03 8.752647e+03 8.733941e+03 8.713049e+03
7.3 8.788961e+03 8.752947e+03 8.733891e+03 8.769905e+03
8.3 8.741078e+03 8.745938e+03 8.733868e+03 8.729008e+03
9.3 8.756791e+03 8.731612e+03 8.733861e+03 8.759040e+03
10.3 8.704774e+03 8.717234e+03 8.733919e+03 8.721459e+03
11.3 8.704502e+03 8.714517e+03 8.734141e+03 8.724125e+03
12.3 8.706300e+03 8.718971e+03 8.734231e+03 8.721559e+03
13.3 8.699327e+03 8.723976e+03 8.734141e+03 8.709492e+03
14.3 8.715970e+03 8.727513e+03 8.734020e+03 8.722476e+03
15.3 8.734528e+03 8.729669e+03 8.733935e+03 8.738794e+03
16.3 8.744537e+03 8.730787e+03 8.733888e+03 8.747639e+03
17.3 8.753440e+03 8.731166e+03 8.733867e+03 8.756141e+03
0.4 8.756791e+03 8.731612e+03 8.733861e+03 8.759040e+03
1.4 8.704774e+03 8.717234e+03 8.733919e+03 8.721459e+03
2.4 8.704502e+03 8.714517e+03 8.734141e+03 8.724125e+03
3.4 8.706300e+03 8.718971e+03 8.734231e+03 8.721559e+03
4.4 8.699327e+03 8.723976e+03 8.734141e+03 8.709492e+03
5.4 8.715970e+03 8.727513e+03 8.734020e+03 8.722476e+03
6.4 8.734528e+03 8.729669e+03 8.733935e+03 8.738794e+03
7.4 8.744537e+03 8.730787e+03 8.733888e+03 8.747639e+03
8.4 8.753440e+03 8.731166e+03 8.733867e+03 8.756141e+03
