0.5 9.715713e+03 9.701079e+03 9.708622e+03 9.723256e+03
1.5 9.708218e+03 9.714647e+03 9.712790e+03 9.706361e+03
2.5 9.689207e+03 9.722377e+03 9.722739e+03 9.689569e+03
3.5 9.664235e+03 9.722859e+03 9.724498e+03 9.665874e+03
4.5 9.685031e+03 9.725841e+03 9.720318e+03 9.679508e+03
5.5 9.741187e+03 9.728384e+03 9.723671e+03 9.736474e+03
6.5 9.715819e+03 9.722159e+03 9.726479e+03 9.720139e+03
7.5 9.687708e+03 9.708458e+03 9.721576e+03 9.700826e+03
8.5 9.675385e+03 9.696300e+03 9.714763e+03 9.693848e+03
9.5 9.703990e+03 9.692849e+03 9.710038e+03 9.721179e+03
10.5 9.717181e+03 9.704254e+03 9.707617e+03 9.720545e+03
11.5 9.731379e+03 9.720073e+03 9.706871e+03 9.718177e+03
12.5 9.741898e+03 9.728248e+03 9.713102e+03 9.726752e+03
13.5 9.733160e+03 9.726460e+03 9.722407e+03 9.729106e+03
14.5 9.722470e+03 9.715031e+03 9.722425e+03 9.729864e+03
15.5 9.719330e+03 9.710573e+03 9.717122e+03 9.725879e+03
16.5 9.720757e+03 9.717385e+03 9.712535e+03 9.715907e+03
17.5 9.740983e+03 9.723460e+03 9.716412e+03 9.733935e+03
18.5 9.734657e+03 9.721695e+03 9.723484e+03 9.736447e+03
19.5 9.699586e+03 9.712441e+03 9.721933e+03 9.709077e+03
20.5 9.718620e+03 9.716206e+03 9.716101e+03 9.718515e+03
0.1 9.664235e+03 9.722859e+03 9.724498e+03 9.665874e+03
1.1 9.685031e+03 9.725841e+03 9.720318e+03 9.679508e+03
2.1 9.741187e+03 9.728384e+03 9.723671e+03 9.736474e+03
3.1 9.715819e+03 9.722159e+03 9.726479e+03 9.720139e+03
4.1 9.687708e+03 9.708458e+03 9.721576e+03 9.700826e+03
5.1 9.675385e+03 9.696300e+03 9.714763e+03 9.693848e+03
6.1 9.703990e+03 9.692849e+03 9.710038e+03 9.721179e+03
7.1 9.717181e+03 9.704254e+03 9.707617e+03 9.720545e+03
8.1 9.731379e+03 9.720073e+03 9.706871e+03 9.718177e+03
9.1 9.741898e+03 9.728248e+03 9.713102e+03 9.726752e+03
10.1 9.733160e+03 9.726460e+03 9.722407e+03 9.729106e+03
11.1 9.722470e+03 9.715031e+03 9.722425e+03 9.729864e+03
12.1 9.719330e+03 9.710573e+03 9.717122e+03 9.725879e+03
13.1 9.720757e+03 9.717385e+03 9.712535e+03 9.715907e+03
14.1 9.740983e+03 9.723460e+03 9.716412e+03 9.733935e+03
15.1 9.734657e+03 9.721695e+03 9.723484e+03 9.736447e+03
16.1 9.699586e+03 9.712441e+03 9.721933e+03 9.709077e+03
17.1 9.718620e+03 9.716206e+03 9.716101e+03 9.718515e+03
18.1 9.731658e+03 9.733969e+03 9.711303e+03 9.708992e+03
19.1 9.776332e+03 9.743299e+03 9.708573e+03 9.741606e+03
20.1 9.805811e+03 9.736662e+03 9.707303e+03 9.776452e+03
0.8 9.731379e+03 9.720073e+03 9.706871e+03 9.718177e+03
1.8 9.741898e+03 9.728248e+03 9.713102e+03 9.726752e+03
2.8 9.733160e+03 9.726460e+03 9.722407e+03 9.729106e+03
3.8 9.722470e+03 9.715031e+03 9.722425e+03 9.729864e+03
4.8 9.719330e+03 9.710573e+03 9.717122e+03 9.725879e+03
5.8 9.720757e+03 9.717385e+03 9.712535e+03 9.715907e+03
6.8 9.740983e+03 9.723460e+03 9.716412e+03 9.733935e+03
7.8 9.734657e+03 9.721695e+03 9.723484e+03 9.736447e+03
8.8 9.699586e+03 9.712441e+03 9.721933e+03 9.709077e+03
9.8 9.718620e+03 9.716206e+03 9.716101e+03 9.718515e+03
10.8 9.731658e+03 9.733969e+03 9.711303e+03 9.708992e+03
11.8 9.776332e+03 9.743299e+03 9.708573e+03 9.741606e+03
12.8 9.805811e+03 9.736662e+03 9.707303e+03 9.776452e+03
13.8 9.761507e+03 9.719558e+03 9.706913e+03 9.748862e+03
14.8 9.752476e+03 9.702403e+03 9.707031e+03 9.757103e+03
15.8 9.756017e+03 9.690990e+03 9.707386e+03 9.772413e+03
16.8 9.717202e+03 9.685250e+03 9.707780e+03 9.739732e+03
17.8 9.684390e+03 9.683407e+03 9.708103e+03 9.709085e+03
18.8 9.671800e+03 9.689543e+03 9.708324e+03 9.690581e+03
19.8 9.690535e+03 9.711786e+03 9.708460e+03 9.687209e+03
20.8 9.719762e+03 9.731957e+03 9.711259e+03 9.699065e+03
0.8 9.720757e+03 9.717385e+03 9.712535e+03 9.715907e+03
1.8 9.740983e+03 9.723460e+03 9.716412e+03 9.733935e+03
2.8 9.734657e+03 9.721695e+03 9.723484e+03 9.736447e+03
3.8 9.699586e+03 9.712441e+03 9.721933e+03 9.709077e+03
4.8 9.718620e+03 9.716206e+03 9.716101e+03 9.718515e+03
5.8 9.731658e+03 9.733969e+03 9.711303e+03 9.708992e+03
6.8 9.776332e+03 9.743299e+03 9.708573e+03 9.741606e+03
7.8 9.805811e+03 9.736662e+03 9.707303e+03 9.776452e+03
8.8 9.761507e+03 9.719558e+03 9.706913e+03 9.748862e+03
9.8 9.752476e+03 9.702403e+03 9.707031e+03 9.757103e+03
10.8 9.756017e+03 9.690990e+03 9.707386e+03 9.772413e+03
11.8 9.717202e+03 9.685250e+03 9.707780e+03 9.739732e+03
12.8 9.684390e+03 9.683407e+03 9.708103e+03 9.709085e+03
13.8 9.671800e+03 9.689543e+03 9.708324e+03 9.690581e+03
14.8 9.690535e+03 9.711786e+03 9.708460e+03 9.687209e+03
15.8 9.719762e+03 9.731957e+03 9.711259e+03 9.699065e+03
16.8 9.768912e+03 9.737254e+03 9.721335e+03 9.752993e+03
17.8 9.758289e+03 9.730723e+03 9.724890e+03 9.752456e+03
18.8 9.736484e+03 9.731163e+03 9.720620e+03 9.725941e+03
19.8 9.741594e+03 9.733581e+03 9.721691e+03 9.729704e+03
20.8 9.735696e+03 9.727726e+03 9.726312e+03 9.734282e+03
0.4 9.690535e+03 9.711786e+03 9.708460e+03 9.687209e+03
1.4 9.719762e+03 9.731957e+03 9.711259e+03 9.699065e+03
2.4 9.768912e+03 9.737254e+03 9.721335e+03 9.752993e+03
3.4 9.758289e+03 9.730723e+03 9.724890e+03 9.752456e+03
4.4 9.736484e+03 9.731163e+03 9.720620e+03 9.725941e+03
5.4 9.741594e+03 9.733581e+03 9.721691e+03 9.729704e+03
6.4 9.735696e+03 9.727726e+03 9.726312e+03 9.734282e+03
7.4 9.719676e+03 9.714651e+03 9.723158e+03 9.728183e+03
8.4 9.708650e+03 9.712434e+03 9.716336e+03 9.712552e+03
9.4 9.708256e+03 9.721118e+03 9.711005e+03 9.698143e+03
10.4 9.727364e+03 9.725564e+03 9.708090e+03 9.709890e+03
11.4 9.745027e+03 9.723988e+03 9.706851e+03 9.727890e+03
12.4 9.734151e+03 9.726067e+03 9.706579e+03 9.714663e+03
13.4 9.735460e+03 9.733451e+03 9.706848e+03 9.708857e+03
14.4 9.749181e+03 9.735672e+03 9.711464e+03 9.724972e+03
15.4 9.753749e+03 9.730715e+03 9.721863e+03 9.744897e+03
16.4 9.748397e+03 9.716526e+03 9.723978e+03 9.755849e+03
17.4 9.722127e+03 9.702072e+03 9.719013e+03 9.739069e+03
18.4 9.728958e+03 9.701753e+03 9.713579e+03 9.740783e+03
19.4 9.735287e+03 9.714724e+03 9.710016e+03 9.730579e+03
20.4 9.750924e+03 9.724145e+03 9.708102e+03 9.734882e+03
0.8 9.736484e+03 9.731163e+03 9.720620e+03 9.725941e+03
1.8 9.741594e+03 9.733581e+03 9.721691e+03 9.729704e+03
2.8 9.735696e+03 9.727726e+03 9.726312e+03 9.734282e+03
3.8 9.719676e+03 9.714651e+03 9.723158e+03 9.728183e+03
4.8 9.708650e+03 9.712434e+03 9.716336e+03 9.712552e+03
5.8 9.708256e+03 9.721118e+03 9.711005e+03 9.698143e+03
6.8 9.727364e+03 9.725564e+03 9.708090e+03 9.709890e+03
7.8 9.745027e+03 9.723988e+03 9.706851e+03 9.727890e+03
8.8 9.734151e+03 9.726067e+03 9.706579e+03 9.714663e+03
9.8 9.735460e+03 9.733451e+03 9.706848e+03 9.708857e+03
10.8 9.749181e+03 9.735672e+03 9.711464e+03 9.724972e+03
11.8 9.753749e+03 9.730715e+03 9.721863e+03 9.744897e+03
12.8 9.748397e+03 9.716526e+03 9.723978e+03 9.755849e+03
13.8 9.722127e+03 9.702072e+03 9.719013e+03 9.739069e+03
14.8 9.728958e+03 9.701753e+03 9.713579e+03 9.740783e+03
15.8 9.735287e+03 9.714724e+03 9.710016e+03 9.730579e+03
16.8 9.750924e+03 9.724145e+03 9.708102e+03 9.734882e+03
17.8 9.779476e+03 9.723749e+03 9.707275e+03 9.763001e+03
18.8 9.756224e+03 9.713958e+03 9.707129e+03 9.749395e+03
19.8 9.702601e+03 9.704595e+03 9.707355e+03 9.705361e+03
20.8 9.695476e+03 9.705911e+03 9.707708e+03 9.697273e+03
0.5 9.735460e+03 9.733451e+03 9.706848e+03 9.708857e+03
1.5 9.749181e+03 9.735672e+03 9.711464e+03 9.724972e+03
2.5 9.753749e+03 9.730715e+03 9.721863e+03 9.744897e+03
3.5 9.748397e+03 9.716526e+03 9.723978e+03 9.755849e+03
4.5 9.722127e+03 9.702072e+03 9.719013e+03 9.739069e+03
5.5 9.728958e+03 9.701753e+03 9.713579e+03 9.740783e+03
6.5 9.735287e+03 9.714724e+03 9.710016e+03 9.730579e+03
7.5 9.750924e+03 9.724145e+03 9.708102e+03 9.734882e+03
8.5 9.779476e+03 9.723749e+03 9.707275e+03 9.763001e+03
9.5 9.756224e+03 9.713958e+03 9.707129e+03 9.749395e+03
10.5 9.702601e+03 9.704595e+03 9.707355e+03 9.705361e+03
11.5 9.695476e+03 9.705911e+03 9.707708e+03 9.697273e+03
12.5 9.706790e+03 9.712074e+03 9.708313e+03 9.703030e+03
13.5 9.751707e+03 9.717096e+03 9.715418e+03 9.750029e+03
14.5 9.777760e+03 9.717170e+03 9.724174e+03 9.784763e+03
15.5 9.742561e+03 9.708307e+03 9.723299e+03 9.757553e+03
16.5 9.685309e+03 9.700756e+03 9.717522e+03 9.702075e+03
17.5 9.681367e+03 9.707264e+03 9.712459e+03 9.686561e+03
18.5 9.716082e+03 9.718049e+03 9.709375e+03 9.707407e+03
19.5 9.733430e+03 9.721974e+03 9.707796e+03 9.719252e+03
20.5 9.729938e+03 9.723476e+03 9.707186e+03 9.713648e+03
0.8 9.706790e+03 9.712074e+03 9.708313e+03 9.703030e+03
1.8 9.751707e+03 9.717096e+03 9.715418e+03 9.750029e+03
2.8 9.777760e+03 9.717170e+03 9.724174e+03 9.784763e+03
3.8 9.742561e+03 9.708307e+03 9.723299e+03 9.757553e+03
4.8 9.685309e+03 9.700756e+03 9.717522e+03 9.702075e+03
5.8 9.681367e+03 9.707264e+03 9.712459e+03 9.686561e+03
6.8 9.716082e+03 9.718049e+03 9.709375e+03 9.707407e+03
7.8 9.733430e+03 9.721974e+03 9.707796e+03 9.719252e+03
8.8 9.729938e+03 9.723476e+03 9.707186e+03 9.713648e+03
9.8 9.714040e+03 9.729791e+03 9.707171e+03 9.691419e+03
10.8 9.726313e+03 9.733819e+03 9.709040e+03 9.701534e+03
11.8 9.733885e+03 9.732267e+03 9.718950e+03 9.720567e+03
12.8 9.731845e+03 9.721638e+03 9.724572e+03 9.734780e+03
13.8 9.705817e+03 9.706115e+03 9.721114e+03 9.720816e+03
14.8 9.720780e+03 9.695391e+03 9.715310e+03 9.740699e+03
15.8 9.756914e+03 9.703028e+03 9.711044e+03 9.764929e+03
16.8 9.756024e+03 9.723018e+03 9.709075e+03 9.742081e+03
17.8 9.736514e+03 9.734180e+03 9.715550e+03 9.717883e+03
18.8 9.757913e+03 9.736790e+03 9.723168e+03 9.744291e+03
19.8 9.756317e+03 9.739814e+03 9.722415e+03 9.738918e+03
20.8 9.741566e+03 9.738814e+03 9.725376e+03 9.728128e+03
0.2 9.714040e+03 9.729791e+03 9.707171e+03 9.691419e+03
1.2 9.726313e+03 9.733819e+03 9.709040e+03 9.701534e+03
2.2 9.733885e+03 9.732267e+03 9.718950e+03 9.720567e+03
3.2 9.731845e+03 9.721638e+03 9.724572e+03 9.734780e+03
4.2 9.705817e+03 9.706115e+03 9.721114e+03 9.720816e+03
5.2 9.720780e+03 9.695391e+03 9.715310e+03 9.740699e+03
6.2 9.756914e+03 9.703028e+03 9.711044e+03 9.764929e+03
7.2 9.756024e+03 9.723018e+03 9.709075e+03 9.742081e+03
8.2 9.736514e+03 9.734180e+03 9.715550e+03 9.717883e+03
9.2 9.757913e+03 9.736790e+03 9.723168e+03 9.744291e+03
10.2 9.756317e+03 9.739814e+03 9.722415e+03 9.738918e+03
11.2 9.741566e+03 9.738814e+03 9.725376e+03 9.728128e+03
12.2 9.723126e+03 9.727838e+03 9.727787e+03 9.723076e+03
13.2 9.691962e+03 9.710174e+03 9.722568e+03 9.704356e+03
14.2 9.687852e+03 9.695517e+03 9.715304e+03 9.707638e+03
15.2 9.693289e+03 9.687327e+03 9.710174e+03 9.716136e+03
16.2 9.720363e+03 9.688280e+03 9.707509e+03 9.739592e+03
17.2 9.731213e+03 9.698562e+03 9.706480e+03 9.739131e+03
18.2 9.739990e+03 9.708098e+03 9.706383e+03 9.738274e+03
19.2 9.742966e+03 9.714149e+03 9.706752e+03 9.735569e+03
20.2 9.729005e+03 9.721560e+03 9.707271e+03 9.714717e+03
0.9 9.756024e+03 9.723018e+03 9.709075e+03 9.742081e+03
1.9 9.736514e+03 9.734180e+03 9.715550e+03 9.717883e+03
2.9 9.757913e+03 9.736790e+03 9.723168e+03 9.744291e+03
3.9 9.756317e+03 9.739814e+03 9.722415e+03 9.738918e+03
4.9 9.741566e+03 9.738814e+03 9.725376e+03 9.728128e+03
5.9 9.723126e+03 9.727838e+03 9.727787e+03 9.723076e+03
6.9 9.691962e+03 9.710174e+03 9.722568e+03 9.704356e+03
7.9 9.687852e+03 9.695517e+03 9.715304e+03 9.707638e+03
8.9 9.693289e+03 9.687327e+03 9.710174e+03 9.716136e+03
9.9 9.720363e+03 9.688280e+03 9.707509e+03 9.739592e+03
10.9 9.731213e+03 9.698562e+03 9.706480e+03 9.739131e+03
11.9 9.739990e+03 9.708098e+03 9.706383e+03 9.738274e+03
12.9 9.742966e+03 9.714149e+03 9.706752e+03 9.735569e+03
13.9 9.729005e+03 9.721560e+03 9.707271e+03 9.714717e+03
14.9 9.718297e+03 9.728385e+03 9.709035e+03 9.698947e+03
15.9 9.734142e+03 9.730313e+03 9.718660e+03 9.722489e+03
16.9 9.733130e+03 9.724062e+03 9.724779e+03 9.733847e+03
17.9 9.726814e+03 9.721167e+03 9.721585e+03 9.727232e+03
18.9 9.732411e+03 9.724733e+03 9.716493e+03 9.724170e+03
19.9 9.756292e+03 9.727041e+03 9.720609e+03 9.749860e+03
20.9 9.777246e+03 9.726992e+03 9.725055e+03 9.775309e+03
1.0 9.756317e+03 9.739814e+03 9.722415e+03 9.738918e+03
2.0 9.741566e+03 9.738814e+03 9.725376e+03 9.728128e+03
3.0 9.723126e+03 9.727838e+03 9.727787e+03 9.723076e+03
4.0 9.691962e+03 9.710174e+03 9.722568e+03 9.704356e+03
5.0 9.687852e+03 9.695517e+03 9.715304e+03 9.707638e+03
6.0 9.693289e+03 9.687327e+03 9.710174e+03 9.716136e+03
7.0 9.720363e+03 9.688280e+03 9.707509e+03 9.739592e+03
8.0 9.731213e+03 9.698562e+03 9.706480e+03 9.739131e+03
9.0 9.739990e+03 9.708098e+03 9.706383e+03 9.738274e+03
10.0 9.742966e+03 9.714149e+03 9.706752e+03 9.735569e+03
11.0 9.729005e+03 9.721560e+03 9.707271e+03 9.714717e+03
12.0 9.718297e+03 9.728385e+03 9.709035e+03 9.698947e+03
13.0 9.734142e+03 9.730313e+03 9.718660e+03 9.722489e+03
14.0 9.733130e+03 9.724062e+03 9.724779e+03 9.733847e+03
15.0 9.726814e+03 9.721167e+03 9.721585e+03 9.727232e+03
16.0 9.732411e+03 9.724733e+03 9.716493e+03 9.724170e+03
17.0 9.756292e+03 9.727041e+03 9.720609e+03 9.749860e+03
18.0 9.777246e+03 9.726992e+03 9.725055e+03 9.775309e+03
19.0 9.750728e+03 9.730077e+03 9.721279e+03 9.741930e+03
20.0 9.716714e+03 9.732984e+03 9.715628e+03 9.699358e+03
21.0 9.740982e+03 9.731601e+03 9.719372e+03 9.728753e+03
0.1 9.729005e+03 9.721560e+03 9.707271e+03 9.714717e+03
1.1 9.718297e+03 9.728385e+03 9.709035e+03 9.698947e+03
2.1 9.734142e+03 9.730313e+03 9.718660e+03 9.722489e+03
3.1 9.733130e+03 9.724062e+03 9.724779e+03 9.733847e+03
4.1 9.726814e+03 9.721167e+03 9.721585e+03 9.727232e+03
5.1 9.732411e+03 9.724733e+03 9.716493e+03 9.724170e+03
6.1 9.756292e+03 9.727041e+03 9.720609e+03 9.749860e+03
7.1 9.777246e+03 9.726992e+03 9.725055e+03 9.775309e+03
8.1 9.750728e+03 9.730077e+03 9.721279e+03 9.741930e+03
9.1 9.716714e+03 9.732984e+03 9.715628e+03 9.699358e+03
10.1 9.740982e+03 9.731601e+03 9.719372e+03 9.728753e+03
11.1 9.736600e+03 9.722842e+03 9.724195e+03 9.737952e+03
12.1 9.724664e+03 9.709963e+03 9.720849e+03 9.735549e+03
13.1 9.722513e+03 9.709192e+03 9.714770e+03 9.728091e+03
14.1 9.737847e+03 9.715872e+03 9.715239e+03 9.737214e+03
15.1 9.744050e+03 9.718733e+03 9.722561e+03 9.747878e+03
16.1 9.707763e+03 9.711817e+03 9.722490e+03 9.718436e+03
17.1 9.698791e+03 9.710781e+03 9.716876e+03 9.704885e+03
18.1 9.718472e+03 9.718473e+03 9.712225e+03 9.712223e+03
19.1 9.750628e+03 9.724273e+03 9.717053e+03 9.743408e+03
20.1 9.729464e+03 9.721133e+03 9.723366e+03 9.731697e+03
1.0 9.732411e+03 9.724733e+03 9.716493e+03 9.724170e+03
2.0 9.756292e+03 9.727041e+03 9.720609e+03 9.749860e+03
3.0 9.777246e+03 9.726992e+03 9.725055e+03 9.775309e+03
4.0 9.750728e+03 9.730077e+03 9.721279e+03 9.741930e+03
5.0 9.716714e+03 9.732984e+03 9.715628e+03 9.699358e+03
6.0 9.740982e+03 9.731601e+03 9.719372e+03 9.728753e+03
7.0 9.736600e+03 9.722842e+03 9.724195e+03 9.737952e+03
8.0 9.724664e+03 9.709963e+03 9.720849e+03 9.735549e+03
9.0 9.722513e+03 9.709192e+03 9.714770e+03 9.728091e+03
10.0 9.737847e+03 9.715872e+03 9.715239e+03 9.737214e+03
11.0 9.744050e+03 9.718733e+03 9.722561e+03 9.747878e+03
12.0 9.707763e+03 9.711817e+03 9.722490e+03 9.718436e+03
13.0 9.698791e+03 9.710781e+03 9.716876e+03 9.704885e+03
14.0 9.718472e+03 9.718473e+03 9.712225e+03 9.712223e+03
15.0 9.750628e+03 9.724273e+03 9.717053e+03 9.743408e+03
16.0 9.729464e+03 9.721133e+03 9.723366e+03 9.731697e+03
17.0 9.696792e+03 9.709053e+03 9.721010e+03 9.708749e+03
18.0 9.681946e+03 9.697767e+03 9.715185e+03 9.699364e+03
19.0 9.696373e+03 9.699487e+03 9.710691e+03 9.707577e+03
20.0 9.707153e+03 9.715297e+03 9.708224e+03 9.700080e+03
21.0 9.710726e+03 9.728615e+03 9.708561e+03 9.690673e+03
1.0 9.716714e+03 9.732984e+03 9.715628e+03 9.699358e+03
2.0 9.740982e+03 9.731601e+03 9.719372e+03 9.728753e+03
3.0 9.736600e+03 9.722842e+03 9.724195e+03 9.737952e+03
4.0 9.724664e+03 9.709963e+03 9.720849e+03 9.735549e+03
5.0 9.722513e+03 9.709192e+03 9.714770e+03 9.728091e+03
6.0 9.737847e+03 9.715872e+03 9.715239e+03 9.737214e+03
7.0 9.744050e+03 9.718733e+03 9.722561e+03 9.747878e+03
8.0 9.707763e+03 9.711817e+03 9.722490e+03 9.718436e+03
9.0 9.698791e+03 9.710781e+03 9.716876e+03 9.704885e+03
10.0 9.718472e+03 9.718473e+03 9.712225e+03 9.712223e+03
11.0 9.750628e+03 9.724273e+03 9.717053e+03 9.743408e+03
12.0 9.729464e+03 9.721133e+03 9.723366e+03 9.731697e+03
13.0 9.696792e+03 9.709053e+03 9.721010e+03 9.708749e+03
14.0 9.681946e+03 9.697767e+03 9.715185e+03 9.699364e+03
15.0 9.696373e+03 9.699487e+03 9.710691e+03 9.707577e+03
16.0 9.707153e+03 9.715297e+03 9.708224e+03 9.700080e+03
17.0 9.710726e+03 9.728615e+03 9.708561e+03 9.690673e+03
18.0 9.736338e+03 9.732276e+03 9.717700e+03 9.721762e+03
19.0 9.728283e+03 9.723933e+03 9.723488e+03 9.727839e+03
20.0 9.712606e+03 9.713382e+03 9.720369e+03 9.719593e+03
21.0 9.719418e+03 9.720636e+03 9.714819e+03 9.713601e+03
0.6 9.722513e+03 9.709192e+03 9.714770e+03 9.728091e+03
1.6 9.737847e+03 9.715872e+03 9.715239e+03 9.737214e+03
2.6 9.744050e+03 9.718733e+03 9.722561e+03 9.747878e+03
3.6 9.707763e+03 9.711817e+03 9.722490e+03 9.718436e+03
4.6 9.698791e+03 9.710781e+03 9.716876e+03 9.704885e+03
5.6 9.718472e+03 9.718473e+03 9.712225e+03 9.712223e+03
6.6 9.750628e+03 9.724273e+03 9.717053e+03 9.743408e+03
7.6 9.729464e+03 9.721133e+03 9.723366e+03 9.731697e+03
8.6 9.696792e+03 9.709053e+03 9.721010e+03 9.708749e+03
9.6 9.681946e+03 9.697767e+03 9.715185e+03 9.699364e+03
10.6 9.696373e+03 9.699487e+03 9.710691e+03 9.707577e+03
11.6 9.707153e+03 9.715297e+03 9.708224e+03 9.700080e+03
12.6 9.710726e+03 9.728615e+03 9.708561e+03 9.690673e+03
13.6 9.736338e+03 9.732276e+03 9.717700e+03 9.721762e+03
14.6 9.728283e+03 9.723933e+03 9.723488e+03 9.727839e+03
15.6 9.712606e+03 9.713382e+03 9.720369e+03 9.719593e+03
16.6 9.719418e+03 9.720636e+03 9.714819e+03 9.713601e+03
17.6 9.736013e+03 9.737734e+03 9.710841e+03 9.709120e+03
18.6 9.776019e+03 9.744085e+03 9.714060e+03 9.745994e+03
19.6 9.782613e+03 9.736659e+03 9.722433e+03 9.768387e+03
20.6 9.731940e+03 9.719185e+03 9.722476e+03 9.735231e+03
1.0 9.718472e+03 9.718473e+03 9.712225e+03 9.712223e+03
2.0 9.750628e+03 9.724273e+03 9.717053e+03 9.743408e+03
3.0 9.729464e+03 9.721133e+03 9.723366e+03 9.731697e+03
4.0 9.696792e+03 9.709053e+03 9.721010e+03 9.708749e+03
5.0 9.681946e+03 9.697767e+03 9.715185e+03 9.699364e+03
6.0 9.696373e+03 9.699487e+03 9.710691e+03 9.707577e+03
7.0 9.707153e+03 9.715297e+03 9.708224e+03 9.700080e+03
8.0 9.710726e+03 9.728615e+03 9.708561e+03 9.690673e+03
9.0 9.736338e+03 9.732276e+03 9.717700e+03 9.721762e+03
10.0 9.728283e+03 9.723933e+03 9.723488e+03 9.727839e+03
11.0 9.712606e+03 9.713382e+03 9.720369e+03 9.719593e+03
12.0 9.719418e+03 9.720636e+03 9.714819e+03 9.713601e+03
13.0 9.736013e+03 9.737734e+03 9.710841e+03 9.709120e+03
14.0 9.776019e+03 9.744085e+03 9.714060e+03 9.745994e+03
15.0 9.782613e+03 9.736659e+03 9.722433e+03 9.768387e+03
16.0 9.731940e+03 9.719185e+03 9.722476e+03 9.735231e+03
17.0 9.682662e+03 9.707302e+03 9.717047e+03 9.692406e+03
18.0 9.667491e+03 9.707971e+03 9.712046e+03 9.671565e+03
19.0 9.684676e+03 9.712041e+03 9.710472e+03 9.683107e+03
20.0 9.729926e+03 9.716447e+03 9.718407e+03 9.731886e+03
21.0 9.742714e+03 9.720598e+03 9.723473e+03 9.745588e+03
0.2 9.707153e+03 9.715297e+03 9.708224e+03 9.700080e+03
1.2 9.710726e+03 9.728615e+03 9.708561e+03 9.690673e+03
2.2 9.736338e+03 9.732276e+03 9.717700e+03 9.721762e+03
3.2 9.728283e+03 9.723933e+03 9.723488e+03 9.727839e+03
4.2 9.712606e+03 9.713382e+03 9.720369e+03 9.719593e+03
5.2 9.719418e+03 9.720636e+03 9.714819e+03 9.713601e+03
6.2 9.736013e+03 9.737734e+03 9.710841e+03 9.709120e+03
7.2 9.776019e+03 9.744085e+03 9.714060e+03 9.745994e+03
8.2 9.782613e+03 9.736659e+03 9.722433e+03 9.768387e+03
9.2 9.731940e+03 9.719185e+03 9.722476e+03 9.735231e+03
10.2 9.682662e+03 9.707302e+03 9.717047e+03 9.692406e+03
11.2 9.667491e+03 9.707971e+03 9.712046e+03 9.671565e+03
12.2 9.684676e+03 9.712041e+03 9.710472e+03 9.683107e+03
13.2 9.729926e+03 9.716447e+03 9.718407e+03 9.731886e+03
14.2 9.742714e+03 9.720598e+03 9.723473e+03 9.745588e+03
15.2 9.717097e+03 9.725192e+03 9.721584e+03 9.713488e+03
16.2 9.705540e+03 9.727169e+03 9.725500e+03 9.703871e+03
17.2 9.690319e+03 9.719616e+03 9.726804e+03 9.697508e+03
18.2 9.686921e+03 9.706797e+03 9.720959e+03 9.701083e+03
19.2 9.691821e+03 9.707818e+03 9.714058e+03 9.698060e+03
20.2 9.698214e+03 9.724267e+03 9.709725e+03 9.683671e+03
0.7 9.736013e+03 9.737734e+03 9.710841e+03 9.709120e+03
1.7 9.776019e+03 9.744085e+03 9.714060e+03 9.745994e+03
2.7 9.782613e+03 9.736659e+03 9.722433e+03 9.768387e+03
3.7 9.731940e+03 9.719185e+03 9.722476e+03 9.735231e+03
4.7 9.682662e+03 9.707302e+03 9.717047e+03 9.692406e+03
5.7 9.667491e+03 9.707971e+03 9.712046e+03 9.671565e+03
6.7 9.684676e+03 9.712041e+03 9.710472e+03 9.683107e+03
7.7 9.729926e+03 9.716447e+03 9.718407e+03 9.731886e+03
8.7 9.742714e+03 9.720598e+03 9.723473e+03 9.745588e+03
9.7 9.717097e+03 9.725192e+03 9.721584e+03 9.713488e+03
10.7 9.705540e+03 9.727169e+03 9.725500e+03 9.703871e+03
11.7 9.690319e+03 9.719616e+03 9.726804e+03 9.697508e+03
12.7 9.686921e+03 9.706797e+03 9.720959e+03 9.701083e+03
13.7 9.691821e+03 9.707818e+03 9.714058e+03 9.698060e+03
14.7 9.698214e+03 9.724267e+03 9.709725e+03 9.683671e+03
15.7 9.715444e+03 9.734531e+03 9.714061e+03 9.694974e+03
16.7 9.690548e+03 9.730708e+03 9.722055e+03 9.681895e+03
17.7 9.697307e+03 9.717087e+03 9.721362e+03 9.701581e+03
18.7 9.705564e+03 9.712336e+03 9.715989e+03 9.709217e+03
19.7 9.706439e+03 9.714764e+03 9.711368e+03 9.703043e+03
20.7 9.683119e+03 9.714215e+03 9.708678e+03 9.677582e+03
0.2 9.667491e+03 9.707971e+03 9.712046e+03 9.671565e+03
1.2 9.684676e+03 9.712041e+03 9.710472e+03 9.683107e+03
2.2 9.729926e+03 9.716447e+03 9.718407e+03 9.731886e+03
3.2 9.742714e+03 9.720598e+03 9.723473e+03 9.745588e+03
4.2 9.717097e+03 9.725192e+03 9.721584e+03 9.713488e+03
5.2 9.705540e+03 9.727169e+03 9.725500e+03 9.703871e+03
6.2 9.690319e+03 9.719616e+03 9.726804e+03 9.697508e+03
7.2 9.686921e+03 9.706797e+03 9.720959e+03 9.701083e+03
8.2 9.691821e+03 9.707818e+03 9.714058e+03 9.698060e+03
9.2 9.698214e+03 9.724267e+03 9.709725e+03 9.683671e+03
10.2 9.715444e+03 9.734531e+03 9.714061e+03 9.694974e+03
11.2 9.690548e+03 9.730708e+03 9.722055e+03 9.681895e+03
12.2 9.697307e+03 9.717087e+03 9.721362e+03 9.701581e+03
13.2 9.705564e+03 9.712336e+03 9.715989e+03 9.709217e+03
14.2 9.706439e+03 9.714764e+03 9.711368e+03 9.703043e+03
15.2 9.683119e+03 9.714215e+03 9.708678e+03 9.677582e+03
16.2 9.663274e+03 9.706010e+03 9.707391e+03 9.664655e+03
17.2 9.655424e+03 9.698739e+03 9.706966e+03 9.663652e+03
18.2 9.714107e+03 9.703847e+03 9.707055e+03 9.717315e+03
19.2 9.747648e+03 9.712198e+03 9.707392e+03 9.742841e+03
20.2 9.758440e+03 9.713549e+03 9.707777e+03 9.752668e+03
0.2 9.742714e+03 9.720598e+03 9.723473e+03 9.745588e+03
1.2 9.717097e+03 9.725192e+03 9.721584e+03 9.713488e+03
2.2 9.705540e+03 9.727169e+03 9.725500e+03 9.703871e+03
3.2 9.690319e+03 9.719616e+03 9.726804e+03 9.697508e+03
4.2 9.686921e+03 9.706797e+03 9.720959e+03 9.701083e+03
5.2 9.691821e+03 9.707818e+03 9.714058e+03 9.698060e+03
6.2 9.698214e+03 9.724267e+03 9.709725e+03 9.683671e+03
7.2 9.715444e+03 9.734531e+03 9.714061e+03 9.694974e+03
8.2 9.690548e+03 9.730708e+03 9.722055e+03 9.681895e+03
9.2 9.697307e+03 9.717087e+03 9.721362e+03 9.701581e+03
10.2 9.705564e+03 9.712336e+03 9.715989e+03 9.709217e+03
11.2 9.706439e+03 9.714764e+03 9.711368e+03 9.703043e+03
12.2 9.683119e+03 9.714215e+03 9.708678e+03 9.677582e+03
13.2 9.663274e+03 9.706010e+03 9.707391e+03 9.664655e+03
14.2 9.655424e+03 9.698739e+03 9.706966e+03 9.663652e+03
15.2 9.714107e+03 9.703847e+03 9.707055e+03 9.717315e+03
16.2 9.747648e+03 9.712198e+03 9.707392e+03 9.742841e+03
17.2 9.758440e+03 9.713549e+03 9.707777e+03 9.752668e+03
18.2 9.734595e+03 9.705978e+03 9.708099e+03 9.736717e+03
19.2 9.699526e+03 9.696884e+03 9.708321e+03 9.710963e+03
20.2 9.692617e+03 9.690697e+03 9.708455e+03 9.710375e+03
0.8 9.698214e+03 9.724267e+03 9.709725e+03 9.683671e+03
1.8 9.715444e+03 9.734531e+03 9.714061e+03 9.694974e+03
2.8 9.690548e+03 9.730708e+03 9.722055e+03 9.681895e+03
3.8 9.697307e+03 9.717087e+03 9.721362e+03 9.701581e+03
4.8 9.705564e+03 9.712336e+03 9.715989e+03 9.709217e+03
5.8 9.706439e+03 9.714764e+03 9.711368e+03 9.703043e+03
6.8 9.683119e+03 9.714215e+03 9.708678e+03 9.677582e+03
7.8 9.663274e+03 9.706010e+03 9.707391e+03 9.664655e+03
8.8 9.655424e+03 9.698739e+03 9.706966e+03 9.663652e+03
9.8 9.714107e+03 9.703847e+03 9.707055e+03 9.717315e+03
10.8 9.747648e+03 9.712198e+03 9.707392e+03 9.742841e+03
11.8 9.758440e+03 9.713549e+03 9.707777e+03 9.752668e+03
12.8 9.734595e+03 9.705978e+03 9.708099e+03 9.736717e+03
13.8 9.699526e+03 9.696884e+03 9.708321e+03 9.710963e+03
14.8 9.692617e+03 9.690697e+03 9.708455e+03 9.710375e+03
15.8 9.697453e+03 9.687544e+03 9.708529e+03 9.718438e+03
16.8 9.710037e+03 9.687713e+03 9.708565e+03 9.730889e+03
17.8 9.760267e+03 9.699176e+03 9.708582e+03 9.769673e+03
18.8 9.789322e+03 9.717199e+03 9.709116e+03 9.781239e+03
19.8 9.740998e+03 9.728145e+03 9.716989e+03 9.729841e+03
20.8 9.710571e+03 9.726670e+03 9.724719e+03 9.708620e+03
1.0 9.789322e+03 9.717199e+03 9.709116e+03 9.781239e+03
2.0 9.740998e+03 9.728145e+03 9.716989e+03 9.729841e+03
3.0 9.710571e+03 9.726670e+03 9.724719e+03 9.708620e+03
4.0 9.700867e+03 9.719968e+03 9.722813e+03 9.703711e+03
5.0 9.700627e+03 9.718922e+03 9.716885e+03 9.698590e+03
6.0 9.696446e+03 9.719492e+03 9.713777e+03 9.690731e+03
7.0 9.719898e+03 9.721435e+03 9.720562e+03 9.719025e+03
8.0 9.723688e+03 9.727601e+03 9.724139e+03 9.720225e+03
9.0 9.716400e+03 9.733364e+03 9.719777e+03 9.702813e+03
10.0 9.696589e+03 9.729958e+03 9.713891e+03 9.680521e+03
11.0 9.675657e+03 9.717308e+03 9.709913e+03 9.668261e+03
12.0 9.662884e+03 9.712273e+03 9.707855e+03 9.658467e+03
13.0 9.675411e+03 9.719697e+03 9.707011e+03 9.662725e+03
14.0 9.685901e+03 9.722739e+03 9.706881e+03 9.670043e+03
15.0 9.714115e+03 9.717507e+03 9.707138e+03 9.703746e+03
16.0 9.732313e+03 9.718449e+03 9.707537e+03 9.721401e+03
17.0 9.713989e+03 9.726193e+03 9.707979e+03 9.695775e+03
18.0 9.704827e+03 9.729775e+03 9.713230e+03 9.688283e+03
19.0 9.724564e+03 9.729536e+03 9.723105e+03 9.718133e+03
20.0 9.732205e+03 9.731622e+03 9.724112e+03 9.724695e+03
21.0 9.721761e+03 9.736823e+03 9.718786e+03 9.703724e+03
0.2 9.700627e+03 9.718922e+03 9.716885e+03 9.698590e+03
1.2 9.696446e+03 9.719492e+03 9.713777e+03 9.690731e+03
2.2 9.719898e+03 9.721435e+03 9.720562e+03 9.719025e+03
3.2 9.723688e+03 9.727601e+03 9.724139e+03 9.720225e+03
4.2 9.716400e+03 9.733364e+03 9.719777e+03 9.702813e+03
5.2 9.696589e+03 9.729958e+03 9.713891e+03 9.680521e+03
6.2 9.675657e+03 9.717308e+03 9.709913e+03 9.668261e+03
7.2 9.662884e+03 9.712273e+03 9.707855e+03 9.658467e+03
8.2 9.675411e+03 9.719697e+03 9.707011e+03 9.662725e+03
9.2 9.685901e+03 9.722739e+03 9.706881e+03 9.670043e+03
10.2 9.714115e+03 9.717507e+03 9.707138e+03 9.703746e+03
11.2 9.732313e+03 9.718449e+03 9.707537e+03 9.721401e+03
12.2 9.713989e+03 9.726193e+03 9.707979e+03 9.695775e+03
13.2 9.704827e+03 9.729775e+03 9.713230e+03 9.688283e+03
14.2 9.724564e+03 9.729536e+03 9.723105e+03 9.718133e+03
15.2 9.732205e+03 9.731622e+03 9.724112e+03 9.724695e+03
16.2 9.721761e+03 9.736823e+03 9.718786e+03 9.703724e+03
17.2 9.711186e+03 9.736696e+03 9.718337e+03 9.692827e+03
18.2 9.719968e+03 9.729870e+03 9.724569e+03 9.714667e+03
19.2 9.713677e+03 9.715021e+03 9.723640e+03 9.722296e+03
20.2 9.712044e+03 9.704878e+03 9.717425e+03 9.724591e+03
0.6 9.713989e+03 9.726193e+03 9.707979e+03 9.695775e+03
1.6 9.704827e+03 9.729775e+03 9.713230e+03 9.688283e+03
2.6 9.724564e+03 9.729536e+03 9.723105e+03 9.718133e+03
3.6 9.732205e+03 9.731622e+03 9.724112e+03 9.724695e+03
4.6 9.721761e+03 9.736823e+03 9.718786e+03 9.703724e+03
5.6 9.711186e+03 9.736696e+03 9.718337e+03 9.692827e+03
6.6 9.719968e+03 9.729870e+03 9.724569e+03 9.714667e+03
7.6 9.713677e+03 9.715021e+03 9.723640e+03 9.722296e+03
8.6 9.712044e+03 9.704878e+03 9.717425e+03 9.724591e+03
9.6 9.707063e+03 9.705939e+03 9.711978e+03 9.713103e+03
10.6 9.715312e+03 9.710973e+03 9.714261e+03 9.718600e+03
11.6 9.747431e+03 9.713841e+03 9.722226e+03 9.755817e+03
12.6 9.720965e+03 9.707988e+03 9.722123e+03 9.735100e+03
13.6 9.684369e+03 9.705019e+03 9.716667e+03 9.696017e+03
14.6 9.681527e+03 9.709133e+03 9.712098e+03 9.684492e+03
15.6 9.697423e+03 9.715024e+03 9.716553e+03 9.698953e+03
16.6 9.695296e+03 9.715739e+03 9.723341e+03 9.702898e+03
17.6 9.682863e+03 9.707241e+03 9.721424e+03 9.697046e+03
18.6 9.680633e+03 9.697235e+03 9.715613e+03 9.699011e+03
19.6 9.664837e+03 9.690543e+03 9.710978e+03 9.685272e+03
20.6 9.689008e+03 9.689648e+03 9.708387e+03 9.707747e+03
0.6 9.721761e+03 9.736823e+03 9.718786e+03 9.703724e+03
1.6 9.711186e+03 9.736696e+03 9.718337e+03 9.692827e+03
2.6 9.719968e+03 9.729870e+03 9.724569e+03 9.714667e+03
3.6 9.713677e+03 9.715021e+03 9.723640e+03 9.722296e+03
4.6 9.712044e+03 9.704878e+03 9.717425e+03 9.724591e+03
5.6 9.707063e+03 9.705939e+03 9.711978e+03 9.713103e+03
6.6 9.715312e+03 9.710973e+03 9.714261e+03 9.718600e+03
7.6 9.747431e+03 9.713841e+03 9.722226e+03 9.755817e+03
8.6 9.720965e+03 9.707988e+03 9.722123e+03 9.735100e+03
9.6 9.684369e+03 9.705019e+03 9.716667e+03 9.696017e+03
10.6 9.681527e+03 9.709133e+03 9.712098e+03 9.684492e+03
11.6 9.697423e+03 9.715024e+03 9.716553e+03 9.698953e+03
12.6 9.695296e+03 9.715739e+03 9.723341e+03 9.702898e+03
13.6 9.682863e+03 9.707241e+03 9.721424e+03 9.697046e+03
14.6 9.680633e+03 9.697235e+03 9.715613e+03 9.699011e+03
15.6 9.664837e+03 9.690543e+03 9.710978e+03 9.685272e+03
16.6 9.689008e+03 9.689648e+03 9.708387e+03 9.707747e+03
17.6 9.716434e+03 9.696933e+03 9.707210e+03 9.726711e+03
18.6 9.734648e+03 9.705895e+03 9.706878e+03 9.735630e+03
19.6 9.721035e+03 9.708867e+03 9.707030e+03 9.719199e+03
20.6 9.687961e+03 9.706242e+03 9.707401e+03 9.689119e+03
0.7 9.707063e+03 9.705939e+03 9.711978e+03 9.713103e+03
1.7 9.715312e+03 9.710973e+03 9.714261e+03 9.718600e+03
2.7 9.747431e+03 9.713841e+03 9.722226e+03 9.755817e+03
3.7 9.720965e+03 9.707988e+03 9.722123e+03 9.735100e+03
4.7 9.684369e+03 9.705019e+03 9.716667e+03 9.696017e+03
5.7 9.681527e+03 9.709133e+03 9.712098e+03 9.684492e+03
6.7 9.697423e+03 9.715024e+03 9.716553e+03 9.698953e+03
7.7 9.695296e+03 9.715739e+03 9.723341e+03 9.702898e+03
8.7 9.682863e+03 9.707241e+03 9.721424e+03 9.697046e+03
9.7 9.680633e+03 9.697235e+03 9.715613e+03 9.699011e+03
10.7 9.664837e+03 9.690543e+03 9.710978e+03 9.685272e+03
11.7 9.689008e+03 9.689648e+03 9.708387e+03 9.707747e+03
12.7 9.716434e+03 9.696933e+03 9.707210e+03 9.726711e+03
13.7 9.734648e+03 9.705895e+03 9.706878e+03 9.735630e+03
14.7 9.721035e+03 9.708867e+03 9.707030e+03 9.719199e+03
15.7 9.687961e+03 9.706242e+03 9.707401e+03 9.689119e+03
16.7 9.687196e+03 9.710750e+03 9.707797e+03 9.684244e+03
17.7 9.719936e+03 9.716884e+03 9.708117e+03 9.711169e+03
18.7 9.733896e+03 9.716169e+03 9.708333e+03 9.726060e+03
19.7 9.717876e+03 9.708941e+03 9.708463e+03 9.717398e+03
20.7 9.693039e+03 9.710740e+03 9.708533e+03 9.690831e+03
0.9 9.681527e+03 9.709133e+03 9.712098e+03 9.684492e+03
1.9 9.697423e+03 9.715024e+03 9.716553e+03 9.698953e+03
2.9 9.695296e+03 9.715739e+03 9.723341e+03 9.702898e+03
3.9 9.682863e+03 9.707241e+03 9.721424e+03 9.697046e+03
4.9 9.680633e+03 9.697235e+03 9.715613e+03 9.699011e+03
5.9 9.664837e+03 9.690543e+03 9.710978e+03 9.685272e+03
6.9 9.689008e+03 9.689648e+03 9.708387e+03 9.707747e+03
7.9 9.716434e+03 9.696933e+03 9.707210e+03 9.726711e+03
8.9 9.734648e+03 9.705895e+03 9.706878e+03 9.735630e+03
9.9 9.721035e+03 9.708867e+03 9.707030e+03 9.719199e+03
10.9 9.687961e+03 9.706242e+03 9.707401e+03 9.689119e+03
11.9 9.687196e+03 9.710750e+03 9.707797e+03 9.684244e+03
12.9 9.719936e+03 9.716884e+03 9.708117e+03 9.711169e+03
13.9 9.733896e+03 9.716169e+03 9.708333e+03 9.726060e+03
14.9 9.717876e+03 9.708941e+03 9.708463e+03 9.717398e+03
15.9 9.693039e+03 9.710740e+03 9.708533e+03 9.690831e+03
16.9 9.720498e+03 9.721950e+03 9.708582e+03 9.707129e+03
17.9 9.729670e+03 9.728909e+03 9.712258e+03 9.713019e+03
18.9 9.734261e+03 9.731015e+03 9.722308e+03 9.725554e+03
19.9 9.716146e+03 9.736799e+03 9.724656e+03 9.704004e+03
20.9 9.711542e+03 9.744384e+03 9.720552e+03 9.687710e+03
0.5 9.720498e+03 9.721950e+03 9.708582e+03 9.707129e+03
1.5 9.729670e+03 9.728909e+03 9.712258e+03 9.713019e+03
2.5 9.734261e+03 9.731015e+03 9.722308e+03 9.725554e+03
3.5 9.716146e+03 9.736799e+03 9.724656e+03 9.704004e+03
4.5 9.711542e+03 9.744384e+03 9.720552e+03 9.687710e+03
5.5 9.697738e+03 9.743341e+03 9.723635e+03 9.678032e+03
6.5 9.733301e+03 9.737124e+03 9.726599e+03 9.722775e+03
7.5 9.752248e+03 9.732434e+03 9.723244e+03 9.743058e+03
8.5 9.739527e+03 9.728488e+03 9.725798e+03 9.736837e+03
9.5 9.701160e+03 9.718159e+03 9.726590e+03 9.709590e+03
10.5 9.687393e+03 9.703356e+03 9.720605e+03 9.704643e+03
11.5 9.672098e+03 9.691907e+03 9.713687e+03 9.693878e+03
12.5 9.690886e+03 9.690908e+03 9.709178e+03 9.709156e+03
13.5 9.712863e+03 9.705803e+03 9.706996e+03 9.714056e+03
14.5 9.722614e+03 9.723567e+03 9.706597e+03 9.705644e+03
15.5 9.734982e+03 9.731632e+03 9.713793e+03 9.717143e+03
16.5 9.716709e+03 9.730801e+03 9.722641e+03 9.708548e+03
17.5 9.701717e+03 9.727117e+03 9.721983e+03 9.696582e+03
18.5 9.691372e+03 9.723413e+03 9.719549e+03 9.687508e+03
19.5 9.711408e+03 9.721192e+03 9.724926e+03 9.715143e+03
20.5 9.705972e+03 9.712482e+03 9.725338e+03 9.718828e+03
0.1 9.716146e+03 9.736799e+03 9.724656e+03 9.704004e+03
1.1 9.711542e+03 9.744384e+03 9.720552e+03 9.687710e+03
2.1 9.697738e+03 9.743341e+03 9.723635e+03 9.678032e+03
3.1 9.733301e+03 9.737124e+03 9.726599e+03 9.722775e+03
4.1 9.752248e+03 9.732434e+03 9.723244e+03 9.743058e+03
5.1 9.739527e+03 9.728488e+03 9.725798e+03 9.736837e+03
6.1 9.701160e+03 9.718159e+03 9.726590e+03 9.709590e+03
7.1 9.687393e+03 9.703356e+03 9.720605e+03 9.704643e+03
8.1 9.672098e+03 9.691907e+03 9.713687e+03 9.693878e+03
9.1 9.690886e+03 9.690908e+03 9.709178e+03 9.709156e+03
10.1 9.712863e+03 9.705803e+03 9.706996e+03 9.714056e+03
11.1 9.722614e+03 9.723567e+03 9.706597e+03 9.705644e+03
12.1 9.734982e+03 9.731632e+03 9.713793e+03 9.717143e+03
13.1 9.716709e+03 9.730801e+03 9.722641e+03 9.708548e+03
14.1 9.701717e+03 9.727117e+03 9.721983e+03 9.696582e+03
15.1 9.691372e+03 9.723413e+03 9.719549e+03 9.687508e+03
16.1 9.711408e+03 9.721192e+03 9.724926e+03 9.715143e+03
17.1 9.705972e+03 9.712482e+03 9.725338e+03 9.718828e+03
18.1 9.674706e+03 9.700289e+03 9.719235e+03 9.693651e+03
19.1 9.675695e+03 9.694050e+03 9.712943e+03 9.694588e+03
20.1 9.716487e+03 9.702753e+03 9.709043e+03 9.722777e+03
0.2 9.733301e+03 9.737124e+03 9.726599e+03 9.722775e+03
1.2 9.752248e+03 9.732434e+03 9.723244e+03 9.743058e+03
2.2 9.739527e+03 9.728488e+03 9.725798e+03 9.736837e+03
3.2 9.701160e+03 9.718159e+03 9.726590e+03 9.709590e+03
4.2 9.687393e+03 9.703356e+03 9.720605e+03 9.704643e+03
5.2 9.672098e+03 9.691907e+03 9.713687e+03 9.693878e+03
6.2 9.690886e+03 9.690908e+03 9.709178e+03 9.709156e+03
7.2 9.712863e+03 9.705803e+03 9.706996e+03 9.714056e+03
8.2 9.722614e+03 9.723567e+03 9.706597e+03 9.705644e+03
9.2 9.734982e+03 9.731632e+03 9.713793e+03 9.717143e+03
10.2 9.716709e+03 9.730801e+03 9.722641e+03 9.708548e+03
11.2 9.701717e+03 9.727117e+03 9.721983e+03 9.696582e+03
12.2 9.691372e+03 9.723413e+03 9.719549e+03 9.687508e+03
13.2 9.711408e+03 9.721192e+03 9.724926e+03 9.715143e+03
14.2 9.705972e+03 9.712482e+03 9.725338e+03 9.718828e+03
15.2 9.674706e+03 9.700289e+03 9.719235e+03 9.693651e+03
16.2 9.675695e+03 9.694050e+03 9.712943e+03 9.694588e+03
17.2 9.716487e+03 9.702753e+03 9.709043e+03 9.722777e+03
18.2 9.730838e+03 9.715796e+03 9.708944e+03 9.723986e+03
19.2 9.726768e+03 9.723301e+03 9.718005e+03 9.721472e+03
20.2 9.692853e+03 9.718724e+03 9.723104e+03 9.697234e+03
0.9 9.722614e+03 9.723567e+03 9.706597e+03 9.705644e+03
1.9 9.734982e+03 9.731632e+03 9.713793e+03 9.717143e+03
2.9 9.716709e+03 9.730801e+03 9.722641e+03 9.708548e+03
3.9 9.701717e+03 9.727117e+03 9.721983e+03 9.696582e+03
4.9 9.691372e+03 9.723413e+03 9.719549e+03 9.687508e+03
5.9 9.711408e+03 9.721192e+03 9.724926e+03 9.715143e+03
6.9 9.705972e+03 9.712482e+03 9.725338e+03 9.718828e+03
7.9 9.674706e+03 9.700289e+03 9.719235e+03 9.693651e+03
8.9 9.675695e+03 9.694050e+03 9.712943e+03 9.694588e+03
9.9 9.716487e+03 9.702753e+03 9.709043e+03 9.722777e+03
10.9 9.730838e+03 9.715796e+03 9.708944e+03 9.723986e+03
11.9 9.726768e+03 9.723301e+03 9.718005e+03 9.721472e+03
12.9 9.692853e+03 9.718724e+03 9.723104e+03 9.697234e+03
13.9 9.663371e+03 9.706629e+03 9.719668e+03 9.676410e+03
14.9 9.656688e+03 9.695906e+03 9.714223e+03 9.675005e+03
15.9 9.673390e+03 9.689408e+03 9.710352e+03 9.694335e+03
16.9 9.683702e+03 9.686382e+03 9.708229e+03 9.705549e+03
17.9 9.682896e+03 9.688912e+03 9.707268e+03 9.701252e+03
18.9 9.701872e+03 9.701659e+03 9.707362e+03 9.707575e+03
19.9 9.719115e+03 9.715433e+03 9.714673e+03 9.718356e+03
20.9 9.731628e+03 9.719713e+03 9.723431e+03 9.735346e+03
0.4 9.701717e+03 9.727117e+03 9.721983e+03 9.696582e+03
1.4 9.691372e+03 9.723413e+03 9.719549e+03 9.687508e+03
2.4 9.711408e+03 9.721192e+03 9.724926e+03 9.715143e+03
3.4 9.705972e+03 9.712482e+03 9.725338e+03 9.718828e+03
4.4 9.674706e+03 9.700289e+03 9.719235e+03 9.693651e+03
5.4 9.675695e+03 9.694050e+03 9.712943e+03 9.694588e+03
6.4 9.716487e+03 9.702753e+03 9.709043e+03 9.722777e+03
7.4 9.730838e+03 9.715796e+03 9.708944e+03 9.723986e+03
8.4 9.726768e+03 9.723301e+03 9.718005e+03 9.721472e+03
9.4 9.692853e+03 9.718724e+03 9.723104e+03 9.697234e+03
10.4 9.663371e+03 9.706629e+03 9.719668e+03 9.676410e+03
11.4 9.656688e+03 9.695906e+03 9.714223e+03 9.675005e+03
12.4 9.673390e+03 9.689408e+03 9.710352e+03 9.694335e+03
13.4 9.683702e+03 9.686382e+03 9.708229e+03 9.705549e+03
14.4 9.682896e+03 9.688912e+03 9.707268e+03 9.701252e+03
15.4 9.701872e+03 9.701659e+03 9.707362e+03 9.707575e+03
16.4 9.719115e+03 9.715433e+03 9.714673e+03 9.718356e+03
17.4 9.731628e+03 9.719713e+03 9.723431e+03 9.735346e+03
18.4 9.746072e+03 9.713345e+03 9.722583e+03 9.755310e+03
19.4 9.727304e+03 9.711286e+03 9.717003e+03 9.733021e+03
20.4 9.699009e+03 9.713616e+03 9.712154e+03 9.697547e+03
0.2 9.716487e+03 9.702753e+03 9.709043e+03 9.722777e+03
1.2 9.730838e+03 9.715796e+03 9.708944e+03 9.723986e+03
2.2 9.726768e+03 9.723301e+03 9.718005e+03 9.721472e+03
3.2 9.692853e+03 9.718724e+03 9.723104e+03 9.697234e+03
4.2 9.663371e+03 9.706629e+03 9.719668e+03 9.676410e+03
5.2 9.656688e+03 9.695906e+03 9.714223e+03 9.675005e+03
6.2 9.673390e+03 9.689408e+03 9.710352e+03 9.694335e+03
7.2 9.683702e+03 9.686382e+03 9.708229e+03 9.705549e+03
8.2 9.682896e+03 9.688912e+03 9.707268e+03 9.701252e+03
9.2 9.701872e+03 9.701659e+03 9.707362e+03 9.707575e+03
10.2 9.719115e+03 9.715433e+03 9.714673e+03 9.718356e+03
11.2 9.731628e+03 9.719713e+03 9.723431e+03 9.735346e+03
12.2 9.746072e+03 9.713345e+03 9.722583e+03 9.755310e+03
13.2 9.727304e+03 9.711286e+03 9.717003e+03 9.733021e+03
14.2 9.699009e+03 9.713616e+03 9.712154e+03 9.697547e+03
15.2 9.690784e+03 9.714884e+03 9.709217e+03 9.685117e+03
16.2 9.689998e+03 9.710129e+03 9.707723e+03 9.687592e+03
17.2 9.697158e+03 9.700887e+03 9.707160e+03 9.703431e+03
18.2 9.687731e+03 9.693026e+03 9.707168e+03 9.701873e+03
19.2 9.684262e+03 9.688505e+03 9.707459e+03 9.703216e+03
20.2 9.669067e+03 9.686602e+03 9.707818e+03 9.690284e+03
0.9 9.701872e+03 9.701659e+03 9.707362e+03 9.707575e+03
1.9 9.719115e+03 9.715433e+03 9.714673e+03 9.718356e+03
2.9 9.731628e+03 9.719713e+03 9.723431e+03 9.735346e+03
3.9 9.746072e+03 9.713345e+03 9.722583e+03 9.755310e+03
4.9 9.727304e+03 9.711286e+03 9.717003e+03 9.733021e+03
5.9 9.699009e+03 9.713616e+03 9.712154e+03 9.697547e+03
6.9 9.690784e+03 9.714884e+03 9.709217e+03 9.685117e+03
7.9 9.689998e+03 9.710129e+03 9.707723e+03 9.687592e+03
8.9 9.697158e+03 9.700887e+03 9.707160e+03 9.703431e+03
9.9 9.687731e+03 9.693026e+03 9.707168e+03 9.701873e+03
10.9 9.684262e+03 9.688505e+03 9.707459e+03 9.703216e+03
11.9 9.669067e+03 9.686602e+03 9.707818e+03 9.690284e+03
12.9 9.702199e+03 9.688209e+03 9.708123e+03 9.722113e+03
13.9 9.722057e+03 9.696825e+03 9.708565e+03 9.733797e+03
14.9 9.724994e+03 9.708511e+03 9.715291e+03 9.731773e+03
15.9 9.726096e+03 9.714915e+03 9.724157e+03 9.735338e+03
16.9 9.694765e+03 9.709645e+03 9.723483e+03 9.708604e+03
17.9 9.707004e+03 9.700980e+03 9.717717e+03 9.723741e+03
18.9 9.701768e+03 9.701871e+03 9.712586e+03 9.712484e+03
19.9 9.708023e+03 9.710945e+03 9.709444e+03 9.706522e+03
20.9 9.717316e+03 9.716346e+03 9.707828e+03 9.708797e+03
0.8 9.722057e+03 9.696825e+03 9.708565e+03 9.733797e+03
1.8 9.724994e+03 9.708511e+03 9.715291e+03 9.731773e+03
2.8 9.726096e+03 9.714915e+03 9.724157e+03 9.735338e+03
3.8 9.694765e+03 9.709645e+03 9.723483e+03 9.708604e+03
4.8 9.707004e+03 9.700980e+03 9.717717e+03 9.723741e+03
5.8 9.701768e+03 9.701871e+03 9.712586e+03 9.712484e+03
6.8 9.708023e+03 9.710945e+03 9.709444e+03 9.706522e+03
7.8 9.717316e+03 9.716346e+03 9.707828e+03 9.708797e+03
8.8 9.729739e+03 9.711959e+03 9.707195e+03 9.724975e+03
9.8 9.711276e+03 9.709282e+03 9.707166e+03 9.709160e+03
10.8 9.714774e+03 9.719612e+03 9.707443e+03 9.702605e+03
11.8 9.700416e+03 9.730974e+03 9.708596e+03 9.678038e+03
12.8 9.741025e+03 9.733953e+03 9.717442e+03 9.724515e+03
13.8 9.708122e+03 9.726677e+03 9.724640e+03 9.706085e+03
14.8 9.684509e+03 9.719864e+03 9.722218e+03 9.686863e+03
15.8 9.668480e+03 9.719379e+03 9.716327e+03 9.665428e+03
16.8 9.649235e+03 9.717903e+03 9.711675e+03 9.643007e+03
17.8 9.655370e+03 9.709441e+03 9.708952e+03 9.654880e+03
18.8 9.664726e+03 9.698400e+03 9.707607e+03 9.673933e+03
19.8 9.694569e+03 9.690456e+03 9.707145e+03 9.711258e+03
20.8 9.688514e+03 9.686473e+03 9.707211e+03 9.709252e+03
1.0 9.700416e+03 9.730974e+03 9.708596e+03 9.678038e+03
2.0 9.741025e+03 9.733953e+03 9.717442e+03 9.724515e+03
3.0 9.708122e+03 9.726677e+03 9.724640e+03 9.706085e+03
4.0 9.684509e+03 9.719864e+03 9.722218e+03 9.686863e+03
5.0 9.668480e+03 9.719379e+03 9.716327e+03 9.665428e+03
6.0 9.649235e+03 9.717903e+03 9.711675e+03 9.643007e+03
7.0 9.655370e+03 9.709441e+03 9.708952e+03 9.654880e+03
8.0 9.664726e+03 9.698400e+03 9.707607e+03 9.673933e+03
9.0 9.694569e+03 9.690456e+03 9.707145e+03 9.711258e+03
10.0 9.688514e+03 9.686473e+03 9.707211e+03 9.709252e+03
11.0 9.689245e+03 9.685174e+03 9.707523e+03 9.711594e+03
12.0 9.690204e+03 9.685331e+03 9.707877e+03 9.712750e+03
