0.8 4.320268e+03 4.361949e+03 4.354019e+03 4.312338e+03
1.8 4.337626e+03 4.356969e+03 4.349640e+03 4.330296e+03
2.8 4.323286e+03 4.344531e+03 4.340303e+03 4.319058e+03
3.8 4.323232e+03 4.343306e+03 4.338237e+03 4.318163e+03
4.8 4.322390e+03 4.349176e+03 4.343166e+03 4.316380e+03
5.8 4.317810e+03 4.352395e+03 4.348772e+03 4.314187e+03
6.8 4.327451e+03 4.353015e+03 4.352526e+03 4.326962e+03
7.8 4.330595e+03 4.352751e+03 4.354560e+03 4.332404e+03
8.8 4.332162e+03 4.351873e+03 4.355451e+03 4.335740e+03
9.8 4.358496e+03 4.350949e+03 4.355629e+03 4.363176e+03
10.8 4.323449e+03 4.353588e+03 4.355416e+03 4.325277e+03
11.8 4.324659e+03 4.358148e+03 4.355065e+03 4.321576e+03
12.8 4.345407e+03 4.358447e+03 4.354733e+03 4.341693e+03
13.8 4.337958e+03 4.355742e+03 4.354486e+03 4.336702e+03
14.8 4.342766e+03 4.352912e+03 4.354329e+03 4.344183e+03
15.8 4.337237e+03 4.354507e+03 4.354240e+03 4.336970e+03
16.8 4.369875e+03 4.358171e+03 4.354194e+03 4.365898e+03
17.8 4.348850e+03 4.357060e+03 4.354173e+03 4.345963e+03
18.8 4.345929e+03 4.348081e+03 4.354163e+03 4.352011e+03
19.8 4.336904e+03 4.335359e+03 4.354159e+03 4.355704e+03
20.8 4.330126e+03 4.330681e+03 4.354157e+03 4.353602e+03
21.8 4.355617e+03 4.338696e+03 4.354156e+03 4.371077e+03
0.4 4.360004e+03 4.353123e+03 4.354154e+03 4.361036e+03
1.4 4.354132e+03 4.354737e+03 4.352552e+03 4.351947e+03
2.4 4.362802e+03 4.346129e+03 4.343131e+03 4.359803e+03
3.4 4.328601e+03 4.331112e+03 4.329650e+03 4.327139e+03
4.4 4.353718e+03 4.327047e+03 4.325406e+03 4.352077e+03
5.4 4.298967e+03 4.338057e+03 4.332975e+03 4.293885e+03
6.4 4.239169e+03 4.348428e+03 4.343155e+03 4.233896e+03
7.4 4.377834e+03 4.353306e+03 4.350513e+03 4.375041e+03
8.4 4.383837e+03 4.356678e+03 4.354630e+03 4.381789e+03
9.4 4.357334e+03 4.360263e+03 4.356476e+03 4.353547e+03
10.4 4.377555e+03 4.362459e+03 4.356908e+03 4.372004e+03
11.4 4.379670e+03 4.363748e+03 4.356565e+03 4.372488e+03
12.4 4.382684e+03 4.361852e+03 4.355927e+03 4.376759e+03
13.4 4.374454e+03 4.357722e+03 4.355300e+03 4.372032e+03
14.4 4.360621e+03 4.353751e+03 4.354822e+03 4.361691e+03
15.4 4.411152e+03 4.351248e+03 4.354511e+03 4.414415e+03
16.4 4.368355e+03 4.353425e+03 4.354331e+03 4.369261e+03
17.4 4.352860e+03 4.357518e+03 4.354237e+03 4.349578e+03
18.4 4.372239e+03 4.357590e+03 4.354192e+03 4.368841e+03
19.4 4.365282e+03 4.355970e+03 4.354171e+03 4.363482e+03
20.4 4.376026e+03 4.356561e+03 4.354162e+03 4.373627e+03
21.4 4.366376e+03 4.358428e+03 4.354158e+03 4.362106e+03
0.4 4.361584e+03 4.357764e+03 4.354155e+03 4.357975e+03
1.4 4.362133e+03 4.355331e+03 4.352685e+03 4.359488e+03
2.4 4.353379e+03 4.344642e+03 4.344327e+03 4.353064e+03
3.4 4.333101e+03 4.338795e+03 4.337942e+03 4.332249e+03
4.4 4.359813e+03 4.344915e+03 4.340503e+03 4.355401e+03
5.4 4.364176e+03 4.350786e+03 4.346385e+03 4.359774e+03
6.4 4.358917e+03 4.352366e+03 4.351058e+03 4.357610e+03
7.4 4.376911e+03 4.352181e+03 4.353804e+03 4.378534e+03
8.4 4.368364e+03 4.355628e+03 4.355155e+03 4.367891e+03
9.4 4.360131e+03 4.359449e+03 4.355614e+03 4.356296e+03
10.4 4.353417e+03 4.358793e+03 4.355544e+03 4.350168e+03
11.4 4.341364e+03 4.355672e+03 4.354773e+03 4.340466e+03
12.4 4.365780e+03 4.347039e+03 4.348032e+03 4.366773e+03
13.4 4.359276e+03 4.332304e+03 4.334359e+03 4.361330e+03
14.4 4.337732e+03 4.323335e+03 4.325222e+03 4.339619e+03
15.4 4.356516e+03 4.331617e+03 4.329315e+03 4.354213e+03
16.4 4.368190e+03 4.344491e+03 4.339566e+03 4.363265e+03
17.4 4.338760e+03 4.349822e+03 4.348225e+03 4.337163e+03
18.4 4.337292e+03 4.344205e+03 4.353460e+03 4.346548e+03
19.4 4.342749e+03 4.334754e+03 4.356036e+03 4.364030e+03
20.4 4.342690e+03 4.335342e+03 4.356902e+03 4.364251e+03
21.4 4.330177e+03 4.345738e+03 4.356773e+03 4.341212e+03
0.1 4.353417e+03 4.358793e+03 4.355544e+03 4.350168e+03
1.1 4.341364e+03 4.355672e+03 4.354773e+03 4.340466e+03
2.1 4.365780e+03 4.347039e+03 4.348032e+03 4.366773e+03
3.1 4.359276e+03 4.332304e+03 4.334359e+03 4.361330e+03
4.1 4.337732e+03 4.323335e+03 4.325222e+03 4.339619e+03
5.1 4.356516e+03 4.331617e+03 4.329315e+03 4.354213e+03
6.1 4.368190e+03 4.344491e+03 4.339566e+03 4.363265e+03
7.1 4.338760e+03 4.349822e+03 4.348225e+03 4.337163e+03
8.1 4.337292e+03 4.344205e+03 4.353460e+03 4.346548e+03
9.1 4.342749e+03 4.334754e+03 4.356036e+03 4.364030e+03
10.1 4.342690e+03 4.335342e+03 4.356902e+03 4.364251e+03
11.1 4.330177e+03 4.345738e+03 4.356773e+03 4.341212e+03
12.1 4.340146e+03 4.352942e+03 4.356190e+03 4.343394e+03
13.1 4.350808e+03 4.354855e+03 4.355529e+03 4.351481e+03
14.1 4.351337e+03 4.354302e+03 4.354984e+03 4.352019e+03
15.1 4.344208e+03 4.354029e+03 4.354611e+03 4.344790e+03
16.1 4.357797e+03 4.357650e+03 4.354161e+03 4.354308e+03
17.1 4.373518e+03 4.354981e+03 4.349000e+03 4.367536e+03
18.1 4.367615e+03 4.345021e+03 4.340015e+03 4.362609e+03
19.1 4.347926e+03 4.345492e+03 4.338914e+03 4.341348e+03
20.1 4.368013e+03 4.350980e+03 4.344035e+03 4.361068e+03
21.1 4.382001e+03 4.353028e+03 4.349368e+03 4.378341e+03
0.9 4.357797e+03 4.357650e+03 4.354161e+03 4.354308e+03
1.9 4.373518e+03 4.354981e+03 4.349000e+03 4.367536e+03
2.9 4.367615e+03 4.345021e+03 4.340015e+03 4.362609e+03
3.9 4.347926e+03 4.345492e+03 4.338914e+03 4.341348e+03
4.9 4.368013e+03 4.350980e+03 4.344035e+03 4.361068e+03
5.9 4.382001e+03 4.353028e+03 4.349368e+03 4.378341e+03
6.9 4.367040e+03 4.347983e+03 4.352835e+03 4.371891e+03
7.9 4.333353e+03 4.338283e+03 4.354682e+03 4.349752e+03
8.9 4.361049e+03 4.338346e+03 4.355464e+03 4.378167e+03
9.9 4.364552e+03 4.347160e+03 4.355586e+03 4.372978e+03
10.9 4.361461e+03 4.353128e+03 4.355354e+03 4.363687e+03
11.9 4.366226e+03 4.356584e+03 4.355008e+03 4.364650e+03
12.9 4.374941e+03 4.359713e+03 4.354690e+03 4.369919e+03
13.9 4.365277e+03 4.362141e+03 4.354458e+03 4.357594e+03
14.9 4.370221e+03 4.360720e+03 4.354313e+03 4.363814e+03
15.9 4.389767e+03 4.357742e+03 4.354232e+03 4.386257e+03
16.9 4.354546e+03 4.356989e+03 4.354191e+03 4.351748e+03
17.9 4.380806e+03 4.358569e+03 4.354171e+03 4.376407e+03
18.9 4.335761e+03 4.359994e+03 4.354162e+03 4.329930e+03
19.9 4.380037e+03 4.358201e+03 4.354159e+03 4.375994e+03
20.9 4.359845e+03 4.355223e+03 4.354157e+03 4.358778e+03
21.9 4.388657e+03 4.353002e+03 4.354156e+03 4.389811e+03
0.2 4.369245e+03 4.351803e+03 4.354156e+03 4.371598e+03
1.2 4.405125e+03 4.350391e+03 4.353245e+03 4.407979e+03
2.2 4.326093e+03 4.342384e+03 4.345328e+03 4.329038e+03
3.2 4.220253e+03 4.331063e+03 4.333637e+03 4.222827e+03
4.2 4.370078e+03 4.333295e+03 4.332031e+03 4.368814e+03
5.2 4.362232e+03 4.344187e+03 4.339179e+03 4.357225e+03
6.2 4.389363e+03 4.350927e+03 4.346950e+03 4.385387e+03
7.2 4.359462e+03 4.352837e+03 4.352117e+03 4.358742e+03
8.2 4.356650e+03 4.353848e+03 4.354891e+03 4.357694e+03
9.2 4.349542e+03 4.358000e+03 4.356069e+03 4.347612e+03
10.2 4.341415e+03 4.355346e+03 4.356261e+03 4.342330e+03
11.2 4.340333e+03 4.347859e+03 4.355929e+03 4.348402e+03
12.2 4.355270e+03 4.348606e+03 4.355422e+03 4.362087e+03
13.2 4.365010e+03 4.351818e+03 4.354954e+03 4.368146e+03
14.2 4.345703e+03 4.348913e+03 4.354610e+03 4.351400e+03
15.2 4.331255e+03 4.342480e+03 4.354393e+03 4.343169e+03
16.2 4.288181e+03 4.344812e+03 4.354271e+03 4.297641e+03
17.2 4.337819e+03 4.350212e+03 4.354209e+03 4.341816e+03
18.2 4.369479e+03 4.352191e+03 4.354179e+03 4.371466e+03
19.2 4.338803e+03 4.351868e+03 4.354166e+03 4.341100e+03
20.2 4.370222e+03 4.353830e+03 4.354153e+03 4.370545e+03
21.2 4.339381e+03 4.356532e+03 4.352105e+03 4.334955e+03
0.5 4.370222e+03 4.353830e+03 4.354153e+03 4.370545e+03
1.5 4.339381e+03 4.356532e+03 4.352105e+03 4.334955e+03
2.5 4.341201e+03 4.347182e+03 4.341980e+03 4.335999e+03
3.5 4.352266e+03 4.331646e+03 4.328745e+03 4.349365e+03
4.5 4.337438e+03 4.328426e+03 4.325701e+03 4.334713e+03
5.5 4.345200e+03 4.339447e+03 4.333870e+03 4.339623e+03
6.5 4.354603e+03 4.349020e+03 4.343924e+03 4.349507e+03
7.5 4.332206e+03 4.352893e+03 4.350981e+03 4.330294e+03
8.5 4.363677e+03 4.353647e+03 4.354863e+03 4.364893e+03
9.5 4.333741e+03 4.356134e+03 4.356558e+03 4.334164e+03
10.5 4.370728e+03 4.360398e+03 4.356901e+03 4.367231e+03
11.5 4.356701e+03 4.360300e+03 4.356516e+03 4.352917e+03
12.5 4.358846e+03 4.357061e+03 4.355870e+03 4.357655e+03
13.5 4.351261e+03 4.353932e+03 4.355253e+03 4.352582e+03
14.5 4.348730e+03 4.355481e+03 4.354789e+03 4.348037e+03
15.5 4.340483e+03 4.358652e+03 4.354491e+03 4.336322e+03
16.5 4.340318e+03 4.357956e+03 4.354320e+03 4.336683e+03
17.5 4.377576e+03 4.355415e+03 4.354232e+03 4.376392e+03
18.5 4.353960e+03 4.353348e+03 4.354189e+03 4.354801e+03
19.5 4.343647e+03 4.352047e+03 4.354170e+03 4.345770e+03
20.5 4.344974e+03 4.351199e+03 4.354162e+03 4.347936e+03
21.5 4.336387e+03 4.353323e+03 4.354158e+03 4.337222e+03
0.9 4.377431e+03 4.341626e+03 4.353964e+03 4.389769e+03
1.9 4.282715e+03 4.344355e+03 4.349149e+03 4.287509e+03
2.9 4.313486e+03 4.339837e+03 4.340142e+03 4.313792e+03
3.9 4.354250e+03 4.343528e+03 4.338805e+03 4.349527e+03
4.9 4.357551e+03 4.350946e+03 4.343858e+03 4.350463e+03
5.9 4.352656e+03 4.354362e+03 4.349237e+03 4.347531e+03
6.9 4.361037e+03 4.354701e+03 4.352697e+03 4.359033e+03
7.9 4.352204e+03 4.350674e+03 4.351052e+03 4.352581e+03
8.9 4.357507e+03 4.338291e+03 4.340083e+03 4.359299e+03
9.9 4.330385e+03 4.325871e+03 4.328209e+03 4.332724e+03
10.9 4.342213e+03 4.328827e+03 4.328111e+03 4.341497e+03
11.9 4.325162e+03 4.341625e+03 4.337149e+03 4.320686e+03
12.9 4.322990e+03 4.349947e+03 4.346394e+03 4.319437e+03
13.9 4.333378e+03 4.354424e+03 4.352421e+03 4.331375e+03
14.9 4.352049e+03 4.360190e+03 4.355568e+03 4.347428e+03
15.9 4.370235e+03 4.361994e+03 4.356808e+03 4.365049e+03
16.9 4.354281e+03 4.359576e+03 4.356893e+03 4.351598e+03
17.9 4.344183e+03 4.356215e+03 4.356393e+03 4.344360e+03
18.9 4.322854e+03 4.353166e+03 4.355725e+03 4.325413e+03
19.9 4.351453e+03 4.351909e+03 4.355134e+03 4.354678e+03
20.9 4.367329e+03 4.355768e+03 4.354708e+03 4.366269e+03
21.9 4.365985e+03 4.358359e+03 4.354442e+03 4.362068e+03
0.7 4.361037e+03 4.354701e+03 4.352697e+03 4.359033e+03
1.7 4.352204e+03 4.350674e+03 4.351052e+03 4.352581e+03
2.7 4.357507e+03 4.338291e+03 4.340083e+03 4.359299e+03
3.7 4.330385e+03 4.325871e+03 4.328209e+03 4.332724e+03
4.7 4.342213e+03 4.328827e+03 4.328111e+03 4.341497e+03
5.7 4.325162e+03 4.341625e+03 4.337149e+03 4.320686e+03
6.7 4.322990e+03 4.349947e+03 4.346394e+03 4.319437e+03
7.7 4.333378e+03 4.354424e+03 4.352421e+03 4.331375e+03
8.7 4.352049e+03 4.360190e+03 4.355568e+03 4.347428e+03
9.7 4.370235e+03 4.361994e+03 4.356808e+03 4.365049e+03
10.7 4.354281e+03 4.359576e+03 4.356893e+03 4.351598e+03
11.7 4.344183e+03 4.356215e+03 4.356393e+03 4.344360e+03
12.7 4.322854e+03 4.353166e+03 4.355725e+03 4.325413e+03
13.7 4.351453e+03 4.351909e+03 4.355134e+03 4.354678e+03
14.7 4.367329e+03 4.355768e+03 4.354708e+03 4.366269e+03
15.7 4.365985e+03 4.358359e+03 4.354442e+03 4.362068e+03
16.7 4.355407e+03 4.357075e+03 4.354294e+03 4.352626e+03
17.7 4.334312e+03 4.354762e+03 4.354219e+03 4.333769e+03
18.7 4.353330e+03 4.353077e+03 4.354183e+03 4.354436e+03
19.7 4.342549e+03 4.352135e+03 4.354167e+03 4.344581e+03
20.7 4.332732e+03 4.352312e+03 4.354161e+03 4.334581e+03
21.7 4.309936e+03 4.354561e+03 4.354158e+03 4.309533e+03
0.9 4.356530e+03 4.359324e+03 4.353964e+03 4.351169e+03
1.9 4.342604e+03 4.351696e+03 4.349071e+03 4.339979e+03
2.9 4.365121e+03 4.336264e+03 4.336343e+03 4.365200e+03
3.9 4.266341e+03 4.324382e+03 4.325782e+03 4.267741e+03
4.9 4.315682e+03 4.329850e+03 4.328144e+03 4.313976e+03
5.9 4.389668e+03 4.342853e+03 4.338092e+03 4.384907e+03
6.9 4.378262e+03 4.352369e+03 4.347175e+03 4.373068e+03
7.9 4.359801e+03 4.358410e+03 4.352861e+03 4.354252e+03
8.9 4.347449e+03 4.362645e+03 4.355751e+03 4.340554e+03
9.9 4.386688e+03 4.362541e+03 4.356819e+03 4.380965e+03
10.9 4.372676e+03 4.359250e+03 4.356805e+03 4.370231e+03
11.9 4.374278e+03 4.355806e+03 4.356269e+03 4.374742e+03
12.9 4.375306e+03 4.353437e+03 4.355609e+03 4.377478e+03
13.9 4.348845e+03 4.352118e+03 4.355046e+03 4.351773e+03
14.9 4.370234e+03 4.351538e+03 4.354651e+03 4.373348e+03
