0.7 8.910198e+03 8.852852e+03 8.846977e+03 8.904323e+03
1.7 8.856628e+03 8.842525e+03 8.847981e+03 8.862083e+03
2.7 8.833712e+03 8.835414e+03 8.851328e+03 8.849626e+03
3.7 8.829716e+03 8.833006e+03 8.854781e+03 8.851490e+03
4.7 8.872646e+03 8.841288e+03 8.854813e+03 8.886170e+03
5.7 8.918074e+03 8.851803e+03 8.852146e+03 8.918417e+03
6.7 8.899522e+03 8.847835e+03 8.849388e+03 8.901075e+03
7.7 8.842017e+03 8.839230e+03 8.847570e+03 8.850358e+03
8.7 8.817922e+03 8.839418e+03 8.846611e+03 8.825115e+03
9.7 8.840650e+03 8.845258e+03 8.846223e+03 8.841615e+03
10.7 8.851789e+03 8.854953e+03 8.846182e+03 8.843017e+03
11.7 8.859229e+03 8.859746e+03 8.846317e+03 8.845801e+03
12.7 8.846752e+03 8.860166e+03 8.846506e+03 8.833093e+03
13.7 8.850956e+03 8.859187e+03 8.846676e+03 8.838445e+03
14.7 8.856166e+03 8.864297e+03 8.846799e+03 8.838668e+03
15.7 8.865411e+03 8.861133e+03 8.846876e+03 8.851155e+03
16.7 8.844707e+03 8.846950e+03 8.846919e+03 8.844676e+03
17.7 8.850479e+03 8.834041e+03 8.846941e+03 8.863378e+03
18.7 8.878304e+03 8.833823e+03 8.846951e+03 8.891432e+03
19.7 8.878048e+03 8.843351e+03 8.846956e+03 8.881653e+03
20.7 8.859801e+03 8.856900e+03 8.846958e+03 8.849858e+03
21.7 8.879315e+03 8.866763e+03 8.846959e+03 8.859511e+03
0.9 8.822763e+03 8.825388e+03 8.847014e+03 8.844388e+03
1.9 8.845585e+03 8.822012e+03 8.848404e+03 8.871977e+03
2.9 8.856075e+03 8.824106e+03 8.851820e+03 8.883788e+03
3.9 8.862689e+03 8.832438e+03 8.853492e+03 8.883742e+03
4.9 8.871202e+03 8.846334e+03 8.852028e+03 8.876897e+03
5.9 8.859640e+03 8.853248e+03 8.849696e+03 8.856088e+03
6.9 8.841277e+03 8.854544e+03 8.847954e+03 8.834687e+03
7.9 8.856732e+03 8.861613e+03 8.846959e+03 8.842078e+03
8.9 8.862631e+03 8.862384e+03 8.846491e+03 8.846739e+03
9.9 8.852916e+03 8.856957e+03 8.846357e+03 8.842315e+03
10.9 8.853938e+03 8.854002e+03 8.846413e+03 8.846349e+03
11.9 8.888136e+03 8.859675e+03 8.846549e+03 8.875010e+03
12.9 8.917584e+03 8.863620e+03 8.846690e+03 8.900654e+03
13.9 8.887958e+03 8.860036e+03 8.846801e+03 8.874723e+03
14.9 8.841860e+03 8.854666e+03 8.846874e+03 8.834068e+03
15.9 8.860686e+03 8.857965e+03 8.846917e+03 8.849638e+03
16.9 8.861259e+03 8.858912e+03 8.846939e+03 8.849287e+03
17.9 8.853940e+03 8.849034e+03 8.846950e+03 8.851857e+03
18.9 8.849748e+03 8.843819e+03 8.846955e+03 8.852885e+03
19.9 8.865437e+03 8.849273e+03 8.846958e+03 8.863122e+03
20.9 8.881378e+03 8.858431e+03 8.846959e+03 8.869906e+03
21.9 8.857234e+03 8.853572e+03 8.846959e+03 8.850621e+03
1.0 8.869948e+03 8.856186e+03 8.847073e+03 8.860835e+03
2.0 8.816797e+03 8.842404e+03 8.848816e+03 8.823209e+03
3.0 8.793288e+03 8.834577e+03 8.852592e+03 8.811302e+03
4.0 8.808333e+03 8.833239e+03 8.855164e+03 8.830259e+03
5.0 8.859385e+03 8.845125e+03 8.854009e+03 8.868269e+03
6.0 8.881416e+03 8.855853e+03 8.851107e+03 8.876670e+03
7.0 8.855375e+03 8.859633e+03 8.848653e+03 8.844395e+03
8.0 8.841050e+03 8.866229e+03 8.847168e+03 8.821989e+03
9.0 8.833941e+03 8.863198e+03 8.846437e+03 8.817180e+03
10.0 8.826250e+03 8.849187e+03 8.846188e+03 8.823251e+03
11.0 8.823974e+03 8.841945e+03 8.846222e+03 8.828251e+03
12.0 8.822128e+03 8.846300e+03 8.846385e+03 8.822213e+03
13.0 8.835608e+03 8.856465e+03 8.846572e+03 8.825715e+03
14.0 8.828545e+03 8.862633e+03 8.846725e+03 8.812637e+03
15.0 8.843488e+03 8.854201e+03 8.846831e+03 8.836117e+03
16.0 8.844860e+03 8.846412e+03 8.846894e+03 8.845343e+03
17.0 8.842475e+03 8.847505e+03 8.846928e+03 8.841897e+03
18.0 8.828234e+03 8.853350e+03 8.846945e+03 8.821830e+03
19.0 8.811311e+03 8.848285e+03 8.846953e+03 8.809979e+03
20.0 8.791914e+03 8.838619e+03 8.846957e+03 8.800252e+03
21.0 8.837744e+03 8.837074e+03 8.846958e+03 8.847629e+03
22.0 8.881224e+03 8.844753e+03 8.846959e+03 8.883430e+03
0.1 8.884045e+03 8.857669e+03 8.846959e+03 8.873335e+03
1.1 8.851333e+03 8.864315e+03 8.847106e+03 8.834124e+03
2.1 8.838164e+03 8.856252e+03 8.848994e+03 8.830906e+03
3.1 8.825591e+03 8.845868e+03 8.852814e+03 8.832537e+03
4.1 8.820805e+03 8.840768e+03 8.855196e+03 8.835233e+03
5.1 8.844780e+03 8.850027e+03 8.853862e+03 8.848615e+03
6.1 8.847146e+03 8.859631e+03 8.850943e+03 8.838458e+03
7.1 8.836344e+03 8.862558e+03 8.848543e+03 8.822328e+03
8.1 8.824989e+03 8.864843e+03 8.847109e+03 8.807255e+03
9.1 8.818133e+03 8.857617e+03 8.846411e+03 8.806928e+03
10.1 8.808507e+03 8.848716e+03 8.846184e+03 8.805975e+03
11.1 8.806185e+03 8.848260e+03 8.846229e+03 8.804154e+03
12.1 8.813150e+03 8.854942e+03 8.846396e+03 8.804604e+03
13.1 8.848489e+03 8.854509e+03 8.846581e+03 8.840562e+03
14.1 8.875888e+03 8.850014e+03 8.846733e+03 8.872607e+03
15.1 8.857397e+03 8.848008e+03 8.846835e+03 8.856225e+03
16.1 8.838955e+03 8.851526e+03 8.846897e+03 8.834326e+03
17.1 8.863523e+03 8.860872e+03 8.846930e+03 8.849580e+03
18.1 8.876298e+03 8.864587e+03 8.846946e+03 8.858657e+03
19.1 8.859718e+03 8.864219e+03 8.846954e+03 8.842452e+03
20.1 8.838202e+03 8.864685e+03 8.846957e+03 8.820473e+03
21.1 8.848485e+03 8.866826e+03 8.846958e+03 8.828618e+03
1.0 8.850213e+03 8.856342e+03 8.847058e+03 8.840929e+03
2.0 8.847925e+03 8.841947e+03 8.848730e+03 8.854708e+03
3.0 8.834971e+03 8.833614e+03 8.852210e+03 8.853567e+03
4.0 8.834535e+03 8.837647e+03 8.853553e+03 8.850441e+03
5.0 8.867063e+03 8.849008e+03 8.851875e+03 8.869930e+03
6.0 8.848048e+03 8.847317e+03 8.849740e+03 8.850471e+03
7.0 8.812128e+03 8.839606e+03 8.850156e+03 8.822678e+03
8.0 8.799244e+03 8.835260e+03 8.852588e+03 8.816572e+03
9.0 8.817639e+03 8.843212e+03 8.852812e+03 8.827239e+03
10.0 8.819668e+03 8.852489e+03 8.850741e+03 8.817920e+03
11.0 8.818595e+03 8.847369e+03 8.848572e+03 8.819799e+03
12.0 8.815426e+03 8.836625e+03 8.847200e+03 8.826001e+03
13.0 8.794286e+03 8.828452e+03 8.846527e+03 8.812361e+03
14.0 8.810227e+03 8.824782e+03 8.847056e+03 8.832501e+03
15.0 8.840802e+03 8.825981e+03 8.849649e+03 8.864470e+03
16.0 8.858977e+03 8.836529e+03 8.850932e+03 8.873380e+03
17.0 8.855792e+03 8.846702e+03 8.849978e+03 8.859068e+03
18.0 8.821755e+03 8.845265e+03 8.848506e+03 8.824996e+03
19.0 8.810090e+03 8.843098e+03 8.847450e+03 8.814442e+03
20.0 8.837083e+03 8.848219e+03 8.846864e+03 8.835729e+03
21.0 8.863209e+03 8.854062e+03 8.846598e+03 8.855745e+03
22.0 8.856583e+03 8.848685e+03 8.846533e+03 8.854431e+03
0.2 8.867063e+03 8.849008e+03 8.851875e+03 8.869930e+03
1.2 8.848048e+03 8.847317e+03 8.849740e+03 8.850471e+03
2.2 8.812128e+03 8.839606e+03 8.850156e+03 8.822678e+03
3.2 8.799244e+03 8.835260e+03 8.852588e+03 8.816572e+03
4.2 8.817639e+03 8.843212e+03 8.852812e+03 8.827239e+03
5.2 8.819668e+03 8.852489e+03 8.850741e+03 8.817920e+03
6.2 8.818595e+03 8.847369e+03 8.848572e+03 8.819799e+03
7.2 8.815426e+03 8.836625e+03 8.847200e+03 8.826001e+03
8.2 8.794286e+03 8.828452e+03 8.846527e+03 8.812361e+03
9.2 8.810227e+03 8.824782e+03 8.847056e+03 8.832501e+03
10.2 8.840802e+03 8.825981e+03 8.849649e+03 8.864470e+03
11.2 8.858977e+03 8.836529e+03 8.850932e+03 8.873380e+03
12.2 8.855792e+03 8.846702e+03 8.849978e+03 8.859068e+03
13.2 8.821755e+03 8.845265e+03 8.848506e+03 8.824996e+03
14.2 8.810090e+03 8.843098e+03 8.847450e+03 8.814442e+03
15.2 8.837083e+03 8.848219e+03 8.846864e+03 8.835729e+03
16.2 8.863209e+03 8.854062e+03 8.846598e+03 8.855745e+03
17.2 8.856583e+03 8.848685e+03 8.846533e+03 8.854431e+03
18.2 8.833607e+03 8.843531e+03 8.846585e+03 8.836662e+03
19.2 8.847342e+03 8.844172e+03 8.846683e+03 8.849853e+03
20.2 8.853978e+03 8.848939e+03 8.846780e+03 8.851819e+03
21.2 8.867174e+03 8.860136e+03 8.846855e+03 8.853893e+03
0.6 8.794286e+03 8.828452e+03 8.846527e+03 8.812361e+03
1.6 8.810227e+03 8.824782e+03 8.847056e+03 8.832501e+03
2.6 8.840802e+03 8.825981e+03 8.849649e+03 8.864470e+03
3.6 8.858977e+03 8.836529e+03 8.850932e+03 8.873380e+03
4.6 8.855792e+03 8.846702e+03 8.849978e+03 8.859068e+03
5.6 8.821755e+03 8.845265e+03 8.848506e+03 8.824996e+03
6.6 8.810090e+03 8.843098e+03 8.847450e+03 8.814442e+03
7.6 8.837083e+03 8.848219e+03 8.846864e+03 8.835729e+03
8.6 8.863209e+03 8.854062e+03 8.846598e+03 8.855745e+03
9.6 8.856583e+03 8.848685e+03 8.846533e+03 8.854431e+03
10.6 8.833607e+03 8.843531e+03 8.846585e+03 8.836662e+03
11.6 8.847342e+03 8.844172e+03 8.846683e+03 8.849853e+03
12.6 8.853978e+03 8.848939e+03 8.846780e+03 8.851819e+03
13.6 8.867174e+03 8.860136e+03 8.846855e+03 8.853893e+03
14.6 8.851249e+03 8.866361e+03 8.846904e+03 8.831792e+03
15.6 8.840869e+03 8.867032e+03 8.846932e+03 8.820769e+03
16.6 8.826330e+03 8.870409e+03 8.846947e+03 8.802868e+03
17.6 8.857905e+03 8.871213e+03 8.846954e+03 8.833646e+03
18.6 8.890416e+03 8.866580e+03 8.846957e+03 8.870793e+03
19.6 8.883960e+03 8.867417e+03 8.846958e+03 8.863502e+03
20.6 8.854603e+03 8.861773e+03 8.846959e+03 8.839788e+03
21.6 8.831710e+03 8.846304e+03 8.846959e+03 8.832365e+03
0.7 8.858956e+03 8.857998e+03 8.846973e+03 8.847931e+03
1.7 8.845719e+03 8.864913e+03 8.847918e+03 8.828724e+03
2.7 8.830451e+03 8.858317e+03 8.851126e+03 8.823260e+03
3.7 8.814217e+03 8.850968e+03 8.853452e+03 8.816701e+03
4.7 8.844247e+03 8.855749e+03 8.852468e+03 8.840966e+03
5.7 8.846133e+03 8.852914e+03 8.850137e+03 8.843355e+03
6.7 8.816170e+03 8.841011e+03 8.848237e+03 8.823396e+03
7.7 8.804644e+03 8.831582e+03 8.847108e+03 8.820170e+03
8.7 8.833159e+03 8.832088e+03 8.846553e+03 8.847624e+03
9.7 8.852121e+03 8.838815e+03 8.846364e+03 8.859670e+03
10.7 8.855372e+03 8.852855e+03 8.846392e+03 8.848909e+03
11.7 8.836139e+03 8.856249e+03 8.846520e+03 8.826409e+03
12.7 8.805967e+03 8.846228e+03 8.846664e+03 8.806403e+03
13.7 8.794345e+03 8.834646e+03 8.846782e+03 8.806481e+03
14.7 8.807376e+03 8.826978e+03 8.846862e+03 8.827260e+03
15.7 8.813445e+03 8.823044e+03 8.846910e+03 8.837311e+03
16.7 8.817066e+03 8.823628e+03 8.846936e+03 8.840375e+03
17.7 8.823327e+03 8.831580e+03 8.846949e+03 8.838696e+03
18.7 8.835228e+03 8.847416e+03 8.846955e+03 8.834767e+03
19.7 8.867340e+03 8.858813e+03 8.846959e+03 8.855486e+03
20.7 8.882070e+03 8.853433e+03 8.847497e+03 8.876134e+03
21.7 8.867954e+03 8.843830e+03 8.850288e+03 8.874412e+03
0.5 8.867340e+03 8.858813e+03 8.846959e+03 8.855486e+03
1.5 8.882070e+03 8.853433e+03 8.847497e+03 8.876134e+03
2.5 8.867954e+03 8.843830e+03 8.850288e+03 8.874412e+03
3.5 8.833351e+03 8.838706e+03 8.853221e+03 8.847866e+03
4.5 8.824742e+03 8.845048e+03 8.852908e+03 8.832603e+03
5.5 8.831591e+03 8.847958e+03 8.850668e+03 8.834301e+03
6.5 8.847493e+03 8.840681e+03 8.848601e+03 8.855413e+03
7.5 8.837040e+03 8.831763e+03 8.847307e+03 8.852584e+03
8.5 8.827168e+03 8.825937e+03 8.846641e+03 8.847872e+03
9.5 8.805660e+03 8.823098e+03 8.846386e+03 8.828948e+03
10.5 8.833672e+03 8.822723e+03 8.847003e+03 8.857952e+03
11.5 8.852957e+03 8.825647e+03 8.849640e+03 8.876950e+03
12.5 8.860757e+03 8.838306e+03 8.851167e+03 8.873618e+03
13.5 8.865885e+03 8.852323e+03 8.850302e+03 8.863864e+03
14.5 8.836906e+03 8.850159e+03 8.848761e+03 8.835507e+03
15.5 8.837765e+03 8.840327e+03 8.847607e+03 8.845045e+03
16.5 8.833972e+03 8.836523e+03 8.846948e+03 8.844397e+03
17.5 8.838838e+03 8.841280e+03 8.846636e+03 8.844193e+03
18.5 8.849538e+03 8.851898e+03 8.846545e+03 8.844184e+03
19.5 8.867349e+03 8.852461e+03 8.846583e+03 8.861471e+03
20.5 8.851074e+03 8.847305e+03 8.846676e+03 8.850445e+03
21.5 8.841527e+03 8.849460e+03 8.846774e+03 8.838840e+03
0.5 8.805660e+03 8.823098e+03 8.846386e+03 8.828948e+03
1.5 8.833672e+03 8.822723e+03 8.847003e+03 8.857952e+03
2.5 8.852957e+03 8.825647e+03 8.849640e+03 8.876950e+03
3.5 8.860757e+03 8.838306e+03 8.851167e+03 8.873618e+03
4.5 8.865885e+03 8.852323e+03 8.850302e+03 8.863864e+03
5.5 8.836906e+03 8.850159e+03 8.848761e+03 8.835507e+03
6.5 8.837765e+03 8.840327e+03 8.847607e+03 8.845045e+03
7.5 8.833972e+03 8.836523e+03 8.846948e+03 8.844397e+03
8.5 8.838838e+03 8.841280e+03 8.846636e+03 8.844193e+03
9.5 8.849538e+03 8.851898e+03 8.846545e+03 8.844184e+03
10.5 8.867349e+03 8.852461e+03 8.846583e+03 8.861471e+03
11.5 8.851074e+03 8.847305e+03 8.846676e+03 8.850445e+03
12.5 8.841527e+03 8.849460e+03 8.846774e+03 8.838840e+03
13.5 8.816307e+03 8.854552e+03 8.846850e+03 8.808605e+03
14.5 8.868622e+03 8.863053e+03 8.846901e+03 8.852470e+03
15.5 8.854461e+03 8.864189e+03 8.846930e+03 8.837203e+03
16.5 8.834702e+03 8.856705e+03 8.846946e+03 8.824943e+03
17.5 8.812973e+03 8.852503e+03 8.846953e+03 8.807423e+03
18.5 8.795013e+03 8.855893e+03 8.846957e+03 8.786076e+03
19.5 8.802244e+03 8.851531e+03 8.846958e+03 8.797671e+03
20.5 8.814238e+03 8.839626e+03 8.846959e+03 8.821570e+03
21.5 8.843253e+03 8.829240e+03 8.846959e+03 8.860972e+03
