0.7 9.756224e+03 9.713958e+03 9.712416e+03 9.754683e+03
1.7 9.702601e+03 9.704595e+03 9.715581e+03 9.713587e+03
2.7 9.695476e+03 9.705911e+03 9.726136e+03 9.715700e+03
3.7 9.706790e+03 9.712074e+03 9.737024e+03 9.731741e+03
4.7 9.751707e+03 9.717096e+03 9.737124e+03 9.771735e+03
5.7 9.777760e+03 9.717170e+03 9.728717e+03 9.789306e+03
6.7 9.742561e+03 9.708307e+03 9.720019e+03 9.754272e+03
7.7 9.685309e+03 9.700756e+03 9.714288e+03 9.698841e+03
8.7 9.681367e+03 9.707264e+03 9.711261e+03 9.685364e+03
9.7 9.716082e+03 9.718049e+03 9.710038e+03 9.708071e+03
10.7 9.733430e+03 9.721974e+03 9.709908e+03 9.721364e+03
11.7 9.729938e+03 9.723476e+03 9.710336e+03 9.716798e+03
12.7 9.714040e+03 9.729791e+03 9.710933e+03 9.695181e+03
13.7 9.726313e+03 9.733819e+03 9.711468e+03 9.703962e+03
14.7 9.733885e+03 9.732267e+03 9.711855e+03 9.713472e+03
15.7 9.731845e+03 9.721638e+03 9.712097e+03 9.722305e+03
16.7 9.705817e+03 9.706115e+03 9.712233e+03 9.711935e+03
17.7 9.720780e+03 9.695391e+03 9.712302e+03 9.737691e+03
18.7 9.756914e+03 9.703028e+03 9.712335e+03 9.766220e+03
19.7 9.756024e+03 9.723018e+03 9.712350e+03 9.745356e+03
20.7 9.736514e+03 9.734180e+03 9.712356e+03 9.714689e+03
21.7 9.757913e+03 9.736790e+03 9.712359e+03 9.733482e+03
0.9 9.693289e+03 9.687327e+03 9.712532e+03 9.718495e+03
1.9 9.720363e+03 9.688280e+03 9.716917e+03 9.749000e+03
2.9 9.731213e+03 9.698562e+03 9.727687e+03 9.760338e+03
3.9 9.739990e+03 9.708098e+03 9.732958e+03 9.764850e+03
4.9 9.742966e+03 9.714149e+03 9.728345e+03 9.757162e+03
5.9 9.729005e+03 9.721560e+03 9.720989e+03 9.728435e+03
6.9 9.718297e+03 9.728385e+03 9.715497e+03 9.705409e+03
7.9 9.734142e+03 9.730313e+03 9.712359e+03 9.716189e+03
8.9 9.733130e+03 9.724062e+03 9.710884e+03 9.719952e+03
9.9 9.726814e+03 9.721167e+03 9.710461e+03 9.716108e+03
10.9 9.732411e+03 9.724733e+03 9.710638e+03 9.718315e+03
11.9 9.756292e+03 9.727041e+03 9.711066e+03 9.740318e+03
12.9 9.777246e+03 9.726992e+03 9.711512e+03 9.761766e+03
13.9 9.750728e+03 9.730077e+03 9.711861e+03 9.732512e+03
14.9 9.716714e+03 9.732984e+03 9.712092e+03 9.695822e+03
15.9 9.740982e+03 9.731601e+03 9.712227e+03 9.721607e+03
16.9 9.736600e+03 9.722842e+03 9.712298e+03 9.726055e+03
17.9 9.724664e+03 9.709963e+03 9.712333e+03 9.727033e+03
18.9 9.722513e+03 9.709192e+03 9.712349e+03 9.725670e+03
19.9 9.737847e+03 9.715872e+03 9.712355e+03 9.734330e+03
20.9 9.744050e+03 9.718733e+03 9.712358e+03 9.737675e+03
21.9 9.707763e+03 9.711817e+03 9.712359e+03 9.708306e+03
1.0 9.731940e+03 9.719185e+03 9.712719e+03 9.725474e+03
2.0 9.682662e+03 9.707302e+03 9.718215e+03 9.693574e+03
3.0 9.667491e+03 9.707971e+03 9.730121e+03 9.689641e+03
4.0 9.684676e+03 9.712041e+03 9.738233e+03 9.710868e+03
5.0 9.729926e+03 9.716447e+03 9.734591e+03 9.748070e+03
6.0 9.742714e+03 9.720598e+03 9.725439e+03 9.747555e+03
7.0 9.717097e+03 9.725192e+03 9.717701e+03 9.709606e+03
8.0 9.705540e+03 9.727169e+03 9.713020e+03 9.691391e+03
9.0 9.690319e+03 9.719616e+03 9.710712e+03 9.681416e+03
10.0 9.686921e+03 9.706797e+03 9.709929e+03 9.690054e+03
11.0 9.691821e+03 9.707818e+03 9.710036e+03 9.694039e+03
12.0 9.698214e+03 9.724267e+03 9.710551e+03 9.684497e+03
13.0 9.715444e+03 9.734531e+03 9.711138e+03 9.692051e+03
14.0 9.690548e+03 9.730708e+03 9.711622e+03 9.671463e+03
15.0 9.697307e+03 9.717087e+03 9.711955e+03 9.692174e+03
16.0 9.705564e+03 9.712336e+03 9.712154e+03 9.705383e+03
17.0 9.706439e+03 9.714764e+03 9.712263e+03 9.703937e+03
18.0 9.683119e+03 9.714215e+03 9.712317e+03 9.681220e+03
19.0 9.663274e+03 9.706010e+03 9.712342e+03 9.669606e+03
20.0 9.655424e+03 9.698739e+03 9.712352e+03 9.669038e+03
21.0 9.714107e+03 9.703847e+03 9.712357e+03 9.722618e+03
22.0 9.747648e+03 9.712198e+03 9.712359e+03 9.747808e+03
0.1 9.740998e+03 9.728145e+03 9.712360e+03 9.725212e+03
1.1 9.710571e+03 9.726670e+03 9.712824e+03 9.696725e+03
2.1 9.700867e+03 9.719968e+03 9.718777e+03 9.699676e+03
3.1 9.700627e+03 9.718922e+03 9.730822e+03 9.712527e+03
4.1 9.696446e+03 9.719492e+03 9.738333e+03 9.715287e+03
5.1 9.719898e+03 9.721435e+03 9.734127e+03 9.732590e+03
6.1 9.723688e+03 9.727601e+03 9.724922e+03 9.721009e+03
7.1 9.716400e+03 9.733364e+03 9.717354e+03 9.700390e+03
8.1 9.696589e+03 9.729958e+03 9.712833e+03 9.679464e+03
9.1 9.675657e+03 9.717308e+03 9.710633e+03 9.668982e+03
10.1 9.662884e+03 9.712273e+03 9.709917e+03 9.660528e+03
11.1 9.675411e+03 9.719697e+03 9.710059e+03 9.665773e+03
12.1 9.685901e+03 9.722739e+03 9.710585e+03 9.673747e+03
13.1 9.714115e+03 9.717507e+03 9.711169e+03 9.707777e+03
14.1 9.732313e+03 9.718449e+03 9.711645e+03 9.725510e+03
15.1 9.713989e+03 9.726193e+03 9.711969e+03 9.699765e+03
16.1 9.704827e+03 9.729775e+03 9.712163e+03 9.687215e+03
17.1 9.724564e+03 9.729536e+03 9.712267e+03 9.707294e+03
18.1 9.732205e+03 9.731622e+03 9.712319e+03 9.712902e+03
19.1 9.721761e+03 9.736823e+03 9.712342e+03 9.697281e+03
20.1 9.711186e+03 9.736696e+03 9.712353e+03 9.686843e+03
21.1 9.719968e+03 9.729870e+03 9.712357e+03 9.702455e+03
1.0 9.713677e+03 9.715021e+03 9.712673e+03 9.711329e+03
2.0 9.712044e+03 9.704878e+03 9.717943e+03 9.725109e+03
3.0 9.707063e+03 9.705939e+03 9.728918e+03 9.730043e+03
4.0 9.715312e+03 9.710973e+03 9.733151e+03 9.737490e+03
5.0 9.747431e+03 9.713841e+03 9.727862e+03 9.761453e+03
6.0 9.720965e+03 9.707988e+03 9.721129e+03 9.734106e+03
7.0 9.684369e+03 9.705019e+03 9.722442e+03 9.701791e+03
8.0 9.681527e+03 9.709133e+03 9.730109e+03 9.702503e+03
9.0 9.697423e+03 9.715024e+03 9.730815e+03 9.713215e+03
10.0 9.695296e+03 9.715739e+03 9.724285e+03 9.703842e+03
11.0 9.682863e+03 9.707241e+03 9.717447e+03 9.693069e+03
12.0 9.680633e+03 9.697235e+03 9.713119e+03 9.696517e+03
13.0 9.664837e+03 9.690543e+03 9.710999e+03 9.685293e+03
14.0 9.689008e+03 9.689648e+03 9.712667e+03 9.712027e+03
15.0 9.716434e+03 9.696933e+03 9.720842e+03 9.740343e+03
16.0 9.734648e+03 9.705895e+03 9.724887e+03 9.753640e+03
17.0 9.721035e+03 9.708867e+03 9.721878e+03 9.734047e+03
18.0 9.687961e+03 9.706242e+03 9.717237e+03 9.698955e+03
19.0 9.687196e+03 9.710750e+03 9.713908e+03 9.690355e+03
20.0 9.719936e+03 9.716884e+03 9.712061e+03 9.715113e+03
21.0 9.733896e+03 9.716169e+03 9.711220e+03 9.728947e+03
22.0 9.717876e+03 9.708941e+03 9.711018e+03 9.719953e+03
0.2 9.747431e+03 9.713841e+03 9.727862e+03 9.761453e+03
1.2 9.720965e+03 9.707988e+03 9.721129e+03 9.734106e+03
2.2 9.684369e+03 9.705019e+03 9.722442e+03 9.701791e+03
3.2 9.681527e+03 9.709133e+03 9.730109e+03 9.702503e+03
4.2 9.697423e+03 9.715024e+03 9.730815e+03 9.713215e+03
5.2 9.695296e+03 9.715739e+03 9.724285e+03 9.703842e+03
6.2 9.682863e+03 9.707241e+03 9.717447e+03 9.693069e+03
7.2 9.680633e+03 9.697235e+03 9.713119e+03 9.696517e+03
8.2 9.664837e+03 9.690543e+03 9.710999e+03 9.685293e+03
9.2 9.689008e+03 9.689648e+03 9.712667e+03 9.712027e+03
10.2 9.716434e+03 9.696933e+03 9.720842e+03 9.740343e+03
11.2 9.734648e+03 9.705895e+03 9.724887e+03 9.753640e+03
12.2 9.721035e+03 9.708867e+03 9.721878e+03 9.734047e+03
13.2 9.687961e+03 9.706242e+03 9.717237e+03 9.698955e+03
14.2 9.687196e+03 9.710750e+03 9.713908e+03 9.690355e+03
15.2 9.719936e+03 9.716884e+03 9.712061e+03 9.715113e+03
16.2 9.733896e+03 9.716169e+03 9.711220e+03 9.728947e+03
17.2 9.717876e+03 9.708941e+03 9.711018e+03 9.719953e+03
18.2 9.693039e+03 9.710740e+03 9.711180e+03 9.693479e+03
19.2 9.720498e+03 9.721950e+03 9.711489e+03 9.710036e+03
20.2 9.729670e+03 9.728909e+03 9.711796e+03 9.712557e+03
21.2 9.734261e+03 9.731015e+03 9.712032e+03 9.715278e+03
0.6 9.664837e+03 9.690543e+03 9.710999e+03 9.685293e+03
1.6 9.689008e+03 9.689648e+03 9.712667e+03 9.712027e+03
2.6 9.716434e+03 9.696933e+03 9.720842e+03 9.740343e+03
3.6 9.734648e+03 9.705895e+03 9.724887e+03 9.753640e+03
4.6 9.721035e+03 9.708867e+03 9.721878e+03 9.734047e+03
5.6 9.687961e+03 9.706242e+03 9.717237e+03 9.698955e+03
6.6 9.687196e+03 9.710750e+03 9.713908e+03 9.690355e+03
7.6 9.719936e+03 9.716884e+03 9.712061e+03 9.715113e+03
8.6 9.733896e+03 9.716169e+03 9.711220e+03 9.728947e+03
9.6 9.717876e+03 9.708941e+03 9.711018e+03 9.719953e+03
10.6 9.693039e+03 9.710740e+03 9.711180e+03 9.693479e+03
11.6 9.720498e+03 9.721950e+03 9.711489e+03 9.710036e+03
12.6 9.729670e+03 9.728909e+03 9.711796e+03 9.712557e+03
13.6 9.734261e+03 9.731015e+03 9.712032e+03 9.715278e+03
14.6 9.716146e+03 9.736799e+03 9.712186e+03 9.691533e+03
15.6 9.711542e+03 9.744384e+03 9.712274e+03 9.679431e+03
16.6 9.697738e+03 9.743341e+03 9.712320e+03 9.666717e+03
17.6 9.733301e+03 9.737124e+03 9.712343e+03 9.708519e+03
18.6 9.752248e+03 9.732434e+03 9.712353e+03 9.732167e+03
19.6 9.739527e+03 9.728488e+03 9.712357e+03 9.723396e+03
20.6 9.701160e+03 9.718159e+03 9.712359e+03 9.695359e+03
21.6 9.687393e+03 9.703356e+03 9.712360e+03 9.696397e+03
0.7 9.734982e+03 9.731632e+03 9.712405e+03 9.715755e+03
1.7 9.716709e+03 9.730801e+03 9.715383e+03 9.701290e+03
2.7 9.701717e+03 9.727117e+03 9.725500e+03 9.700100e+03
3.7 9.691372e+03 9.723413e+03 9.732833e+03 9.700792e+03
4.7 9.711408e+03 9.721192e+03 9.729732e+03 9.719949e+03
5.7 9.705972e+03 9.712482e+03 9.722380e+03 9.715870e+03
6.7 9.674706e+03 9.700289e+03 9.716391e+03 9.690807e+03
7.7 9.675695e+03 9.694050e+03 9.712830e+03 9.694475e+03
8.7 9.716487e+03 9.702753e+03 9.711078e+03 9.724812e+03
9.7 9.730838e+03 9.715796e+03 9.710484e+03 9.725526e+03
10.7 9.726768e+03 9.723301e+03 9.710573e+03 9.714040e+03
11.7 9.692853e+03 9.718724e+03 9.710974e+03 9.685103e+03
12.7 9.663371e+03 9.706629e+03 9.711428e+03 9.668170e+03
13.7 9.656688e+03 9.695906e+03 9.711801e+03 9.672583e+03
14.7 9.673390e+03 9.689408e+03 9.712054e+03 9.696037e+03
15.7 9.683702e+03 9.686382e+03 9.712206e+03 9.709527e+03
16.7 9.682896e+03 9.688912e+03 9.712287e+03 9.706272e+03
17.7 9.701872e+03 9.701659e+03 9.712328e+03 9.712540e+03
18.7 9.719115e+03 9.715433e+03 9.712346e+03 9.716029e+03
19.7 9.731628e+03 9.719713e+03 9.712359e+03 9.724274e+03
20.7 9.746072e+03 9.713345e+03 9.714056e+03 9.746783e+03
21.7 9.727304e+03 9.711286e+03 9.722855e+03 9.738873e+03
0.5 9.731628e+03 9.719713e+03 9.712359e+03 9.724274e+03
1.5 9.746072e+03 9.713345e+03 9.714056e+03 9.746783e+03
2.5 9.727304e+03 9.711286e+03 9.722855e+03 9.738873e+03
3.5 9.699009e+03 9.713616e+03 9.732105e+03 9.717498e+03
4.5 9.690784e+03 9.714884e+03 9.731119e+03 9.707018e+03
5.5 9.689998e+03 9.710129e+03 9.724054e+03 9.703924e+03
6.5 9.697158e+03 9.700887e+03 9.717537e+03 9.713808e+03
7.5 9.687731e+03 9.693026e+03 9.713457e+03 9.708162e+03
8.5 9.684262e+03 9.688505e+03 9.711357e+03 9.707114e+03
9.5 9.669067e+03 9.686602e+03 9.710554e+03 9.693020e+03
10.5 9.702199e+03 9.688209e+03 9.712499e+03 9.726489e+03
11.5 9.722057e+03 9.696825e+03 9.720815e+03 9.746046e+03
12.5 9.724994e+03 9.708511e+03 9.725629e+03 9.742111e+03
13.5 9.726096e+03 9.714915e+03 9.722902e+03 9.734083e+03
14.5 9.694765e+03 9.709645e+03 9.718041e+03 9.703161e+03
15.5 9.707004e+03 9.700980e+03 9.714403e+03 9.720427e+03
16.5 9.701768e+03 9.701871e+03 9.712325e+03 9.712223e+03
17.5 9.708023e+03 9.710945e+03 9.711341e+03 9.708419e+03
18.5 9.717316e+03 9.716346e+03 9.711054e+03 9.712024e+03
19.5 9.729739e+03 9.711959e+03 9.711174e+03 9.728954e+03
20.5 9.711276e+03 9.709282e+03 9.711468e+03 9.713462e+03
21.5 9.714774e+03 9.719612e+03 9.711775e+03 9.706937e+03
0.5 9.669067e+03 9.686602e+03 9.710554e+03 9.693020e+03
1.5 9.702199e+03 9.688209e+03 9.712499e+03 9.726489e+03
2.5 9.722057e+03 9.696825e+03 9.720815e+03 9.746046e+03
3.5 9.724994e+03 9.708511e+03 9.725629e+03 9.742111e+03
4.5 9.726096e+03 9.714915e+03 9.722902e+03 9.734083e+03
5.5 9.694765e+03 9.709645e+03 9.718041e+03 9.703161e+03
6.5 9.707004e+03 9.700980e+03 9.714403e+03 9.720427e+03
7.5 9.701768e+03 9.701871e+03 9.712325e+03 9.712223e+03
8.5 9.708023e+03 9.710945e+03 9.711341e+03 9.708419e+03
9.5 9.717316e+03 9.716346e+03 9.711054e+03 9.712024e+03
10.5 9.729739e+03 9.711959e+03 9.711174e+03 9.728954e+03
11.5 9.711276e+03 9.709282e+03 9.711468e+03 9.713462e+03
12.5 9.714774e+03 9.719612e+03 9.711775e+03 9.706937e+03
13.5 9.700416e+03 9.730974e+03 9.712016e+03 9.681457e+03
14.5 9.741025e+03 9.733953e+03 9.712175e+03 9.719248e+03
15.5 9.708122e+03 9.726677e+03 9.712268e+03 9.693713e+03
16.5 9.684509e+03 9.719864e+03 9.712317e+03 9.676962e+03
17.5 9.668480e+03 9.719379e+03 9.712341e+03 9.661442e+03
18.5 9.649235e+03 9.717903e+03 9.712352e+03 9.643684e+03
19.5 9.655370e+03 9.709441e+03 9.712357e+03 9.658285e+03
20.5 9.664726e+03 9.698400e+03 9.712359e+03 9.678685e+03
21.5 9.694569e+03 9.690456e+03 9.712360e+03 9.716473e+03
