0.6 1.087684e+03 1.091318e+03 1.095986e+03 1.092352e+03
1.6 1.091871e+03 1.089207e+03 1.096301e+03 1.098964e+03
2.6 1.085077e+03 1.089235e+03 1.097507e+03 1.093349e+03
3.6 1.094175e+03 1.090263e+03 1.098860e+03 1.102772e+03
4.6 1.102361e+03 1.092312e+03 1.098973e+03 1.109022e+03
5.6 1.092752e+03 1.094261e+03 1.098004e+03 1.096495e+03
6.6 1.102907e+03 1.093439e+03 1.097015e+03 1.106483e+03
7.6 1.121009e+03 1.092030e+03 1.097052e+03 1.126031e+03
8.6 1.090796e+03 1.091670e+03 1.097970e+03 1.097096e+03
9.6 1.098908e+03 1.093029e+03 1.098140e+03 1.104019e+03
10.6 1.098756e+03 1.094409e+03 1.097406e+03 1.101753e+03
11.6 1.098281e+03 1.094007e+03 1.096597e+03 1.100871e+03
12.6 1.109184e+03 1.098246e+03 1.096077e+03 1.107014e+03
13.6 1.102658e+03 1.107047e+03 1.095818e+03 1.091429e+03
14.6 1.106372e+03 1.112876e+03 1.095723e+03 1.089218e+03
15.6 1.116259e+03 1.114580e+03 1.095722e+03 1.097402e+03
16.6 1.126619e+03 1.108708e+03 1.095771e+03 1.113681e+03
17.6 1.106867e+03 1.099429e+03 1.095833e+03 1.103272e+03
18.6 1.088225e+03 1.092093e+03 1.095889e+03 1.092021e+03
19.6 1.081610e+03 1.087913e+03 1.095929e+03 1.089627e+03
20.6 1.069276e+03 1.086131e+03 1.095955e+03 1.079100e+03
21.6 1.080550e+03 1.088148e+03 1.095969e+03 1.088371e+03
0.1 1.092752e+03 1.094261e+03 1.098004e+03 1.096495e+03
1.1 1.102907e+03 1.093439e+03 1.097015e+03 1.106483e+03
2.1 1.121009e+03 1.092030e+03 1.097052e+03 1.126031e+03
3.1 1.090796e+03 1.091670e+03 1.097970e+03 1.097096e+03
4.1 1.098908e+03 1.093029e+03 1.098140e+03 1.104019e+03
5.1 1.098756e+03 1.094409e+03 1.097406e+03 1.101753e+03
6.1 1.098281e+03 1.094007e+03 1.096597e+03 1.100871e+03
7.1 1.109184e+03 1.098246e+03 1.096077e+03 1.107014e+03
8.1 1.102658e+03 1.107047e+03 1.095818e+03 1.091429e+03
9.1 1.106372e+03 1.112876e+03 1.095723e+03 1.089218e+03
10.1 1.116259e+03 1.114580e+03 1.095722e+03 1.097402e+03
11.1 1.126619e+03 1.108708e+03 1.095771e+03 1.113681e+03
12.1 1.106867e+03 1.099429e+03 1.095833e+03 1.103272e+03
13.1 1.088225e+03 1.092093e+03 1.095889e+03 1.092021e+03
14.1 1.081610e+03 1.087913e+03 1.095929e+03 1.089627e+03
15.1 1.069276e+03 1.086131e+03 1.095955e+03 1.079100e+03
16.1 1.080550e+03 1.088148e+03 1.095969e+03 1.088371e+03
17.1 1.098292e+03 1.097075e+03 1.095977e+03 1.097194e+03
18.1 1.093663e+03 1.105049e+03 1.095980e+03 1.084595e+03
19.1 1.109813e+03 1.106220e+03 1.095982e+03 1.099575e+03
20.1 1.110346e+03 1.103300e+03 1.095982e+03 1.103029e+03
21.1 1.107142e+03 1.104063e+03 1.095983e+03 1.099062e+03
0.4 1.109074e+03 1.102130e+03 1.095983e+03 1.102927e+03
1.4 1.105464e+03 1.096495e+03 1.096156e+03 1.105125e+03
2.4 1.081569e+03 1.092358e+03 1.097170e+03 1.086381e+03
3.4 1.086372e+03 1.090777e+03 1.098621e+03 1.094216e+03
4.4 1.074549e+03 1.092877e+03 1.099078e+03 1.080751e+03
5.4 1.087158e+03 1.099657e+03 1.098263e+03 1.085764e+03
6.4 1.097277e+03 1.104750e+03 1.097167e+03 1.089694e+03
7.4 1.100100e+03 1.107427e+03 1.096375e+03 1.089049e+03
8.4 1.103657e+03 1.106819e+03 1.095932e+03 1.092771e+03
9.4 1.094719e+03 1.103569e+03 1.095733e+03 1.086883e+03
10.4 1.087866e+03 1.097837e+03 1.095687e+03 1.085716e+03
11.4 1.093081e+03 1.092180e+03 1.095724e+03 1.096625e+03
12.4 1.090423e+03 1.088107e+03 1.095792e+03 1.098108e+03
13.4 1.108759e+03 1.085637e+03 1.095860e+03 1.118982e+03
14.4 1.072057e+03 1.086579e+03 1.095911e+03 1.081390e+03
15.4 1.095330e+03 1.094225e+03 1.095945e+03 1.097050e+03
16.4 1.098186e+03 1.098013e+03 1.095964e+03 1.096137e+03
17.4 1.102160e+03 1.096957e+03 1.095974e+03 1.101177e+03
18.4 1.099041e+03 1.097326e+03 1.095979e+03 1.097694e+03
19.4 1.095970e+03 1.098910e+03 1.095981e+03 1.093041e+03
20.4 1.099727e+03 1.099592e+03 1.095982e+03 1.096117e+03
21.4 1.092630e+03 1.098417e+03 1.095983e+03 1.090196e+03
0.4 1.107912e+03 1.097542e+03 1.095983e+03 1.106353e+03
1.4 1.097185e+03 1.103564e+03 1.096171e+03 1.089792e+03
2.4 1.098309e+03 1.103255e+03 1.097204e+03 1.092258e+03
3.4 1.087599e+03 1.099316e+03 1.098339e+03 1.086621e+03
4.4 1.083908e+03 1.097163e+03 1.098255e+03 1.084999e+03
5.4 1.085810e+03 1.095091e+03 1.097413e+03 1.088133e+03
6.4 1.092059e+03 1.091432e+03 1.096623e+03 1.097250e+03
7.4 1.106144e+03 1.088328e+03 1.096125e+03 1.113942e+03
8.4 1.079161e+03 1.089350e+03 1.095885e+03 1.085696e+03
9.4 1.100964e+03 1.091808e+03 1.096285e+03 1.105441e+03
10.4 1.112105e+03 1.092840e+03 1.097634e+03 1.116900e+03
11.4 1.090404e+03 1.092964e+03 1.098843e+03 1.096283e+03
12.4 1.100681e+03 1.094270e+03 1.098682e+03 1.105093e+03
13.4 1.088640e+03 1.094871e+03 1.097667e+03 1.091436e+03
14.4 1.095620e+03 1.093740e+03 1.096714e+03 1.098595e+03
15.4 1.104249e+03 1.095521e+03 1.096113e+03 1.104841e+03
16.4 1.106873e+03 1.098522e+03 1.095806e+03 1.104157e+03
17.4 1.107596e+03 1.099279e+03 1.095693e+03 1.104010e+03
18.4 1.103983e+03 1.096413e+03 1.095793e+03 1.103363e+03
19.4 1.111318e+03 1.093326e+03 1.096703e+03 1.114695e+03
20.4 1.110361e+03 1.091909e+03 1.098033e+03 1.116485e+03
21.4 1.112785e+03 1.092894e+03 1.098268e+03 1.118159e+03
0.9 1.079161e+03 1.089350e+03 1.095885e+03 1.085696e+03
1.9 1.100964e+03 1.091808e+03 1.096285e+03 1.105441e+03
2.9 1.112105e+03 1.092840e+03 1.097634e+03 1.116900e+03
3.9 1.090404e+03 1.092964e+03 1.098843e+03 1.096283e+03
4.9 1.100681e+03 1.094270e+03 1.098682e+03 1.105093e+03
5.9 1.088640e+03 1.094871e+03 1.097667e+03 1.091436e+03
6.9 1.095620e+03 1.093740e+03 1.096714e+03 1.098595e+03
7.9 1.104249e+03 1.095521e+03 1.096113e+03 1.104841e+03
8.9 1.106873e+03 1.098522e+03 1.095806e+03 1.104157e+03
9.9 1.107596e+03 1.099279e+03 1.095693e+03 1.104010e+03
10.9 1.103983e+03 1.096413e+03 1.095793e+03 1.103363e+03
11.9 1.111318e+03 1.093326e+03 1.096703e+03 1.114695e+03
12.9 1.110361e+03 1.091909e+03 1.098033e+03 1.116485e+03
13.9 1.112785e+03 1.092894e+03 1.098268e+03 1.118159e+03
14.9 1.106576e+03 1.093802e+03 1.097541e+03 1.110315e+03
15.9 1.097787e+03 1.092330e+03 1.096731e+03 1.102188e+03
16.9 1.098900e+03 1.090451e+03 1.096189e+03 1.104638e+03
17.9 1.079550e+03 1.092189e+03 1.095898e+03 1.083259e+03
18.9 1.085887e+03 1.098147e+03 1.095774e+03 1.083514e+03
19.9 1.106285e+03 1.102779e+03 1.095755e+03 1.099262e+03
20.9 1.109624e+03 1.103477e+03 1.095792e+03 1.101939e+03
21.9 1.101268e+03 1.100147e+03 1.095846e+03 1.096967e+03
0.2 1.107596e+03 1.099279e+03 1.095693e+03 1.104010e+03
1.2 1.103983e+03 1.096413e+03 1.095793e+03 1.103363e+03
2.2 1.111318e+03 1.093326e+03 1.096703e+03 1.114695e+03
3.2 1.110361e+03 1.091909e+03 1.098033e+03 1.116485e+03
4.2 1.112785e+03 1.092894e+03 1.098268e+03 1.118159e+03
5.2 1.106576e+03 1.093802e+03 1.097541e+03 1.110315e+03
6.2 1.097787e+03 1.092330e+03 1.096731e+03 1.102188e+03
7.2 1.098900e+03 1.090451e+03 1.096189e+03 1.104638e+03
8.2 1.079550e+03 1.092189e+03 1.095898e+03 1.083259e+03
9.2 1.085887e+03 1.098147e+03 1.095774e+03 1.083514e+03
10.2 1.106285e+03 1.102779e+03 1.095755e+03 1.099262e+03
11.2 1.109624e+03 1.103477e+03 1.095792e+03 1.101939e+03
12.2 1.101268e+03 1.100147e+03 1.095846e+03 1.096967e+03
13.2 1.091249e+03 1.096787e+03 1.095897e+03 1.090359e+03
14.2 1.105241e+03 1.100696e+03 1.095934e+03 1.100479e+03
15.2 1.127655e+03 1.108250e+03 1.095957e+03 1.115362e+03
16.2 1.111663e+03 1.110505e+03 1.095971e+03 1.097129e+03
17.2 1.118068e+03 1.106503e+03 1.095977e+03 1.107542e+03
18.2 1.104753e+03 1.099297e+03 1.095980e+03 1.101437e+03
19.2 1.094772e+03 1.094766e+03 1.095982e+03 1.095988e+03
20.2 1.076993e+03 1.095044e+03 1.095982e+03 1.077931e+03
21.2 1.086648e+03 1.096502e+03 1.095983e+03 1.086129e+03
0.5 1.103071e+03 1.108102e+03 1.095984e+03 1.090953e+03
1.5 1.112540e+03 1.106153e+03 1.096222e+03 1.102609e+03
2.5 1.108522e+03 1.100009e+03 1.097336e+03 1.105849e+03
3.5 1.098326e+03 1.094861e+03 1.098759e+03 1.102223e+03
4.5 1.080161e+03 1.092752e+03 1.099071e+03 1.086480e+03
5.5 1.087469e+03 1.094010e+03 1.098178e+03 1.091637e+03
6.5 1.104449e+03 1.097792e+03 1.097087e+03 1.103744e+03
7.5 1.084003e+03 1.102287e+03 1.096323e+03 1.078039e+03
8.5 1.093901e+03 1.103793e+03 1.095903e+03 1.086010e+03
9.5 1.118242e+03 1.101962e+03 1.095720e+03 1.112000e+03
10.5 1.098183e+03 1.097230e+03 1.095684e+03 1.096638e+03
11.5 1.090660e+03 1.094171e+03 1.095727e+03 1.092215e+03
12.5 1.095602e+03 1.094906e+03 1.095797e+03 1.096493e+03
13.5 1.103658e+03 1.096459e+03 1.095864e+03 1.103064e+03
14.5 1.109749e+03 1.096815e+03 1.095914e+03 1.108848e+03
15.5 1.096733e+03 1.094575e+03 1.095947e+03 1.098105e+03
16.5 1.092963e+03 1.093794e+03 1.095965e+03 1.095135e+03
17.5 1.102755e+03 1.095566e+03 1.095975e+03 1.103163e+03
18.5 1.087522e+03 1.097378e+03 1.095979e+03 1.086123e+03
19.5 1.093151e+03 1.097150e+03 1.095981e+03 1.091983e+03
20.5 1.091246e+03 1.094171e+03 1.095982e+03 1.093057e+03
21.5 1.081507e+03 1.090918e+03 1.095983e+03 1.086572e+03
0.5 1.102360e+03 1.102992e+03 1.095984e+03 1.095352e+03
1.5 1.102216e+03 1.100596e+03 1.096204e+03 1.097824e+03
2.5 1.095277e+03 1.096384e+03 1.097149e+03 1.096042e+03
3.5 1.108094e+03 1.097322e+03 1.097701e+03 1.108473e+03
4.5 1.110976e+03 1.100989e+03 1.097343e+03 1.107329e+03
5.5 1.103924e+03 1.099078e+03 1.096869e+03 1.101715e+03
6.5 1.101825e+03 1.095159e+03 1.097367e+03 1.104032e+03
7.5 1.095556e+03 1.092789e+03 1.098563e+03 1.101330e+03
8.5 1.088128e+03 1.092331e+03 1.098978e+03 1.094775e+03
9.5 1.084099e+03 1.094688e+03 1.098172e+03 1.087583e+03
10.5 1.100996e+03 1.100932e+03 1.097082e+03 1.097145e+03
11.5 1.098038e+03 1.107628e+03 1.096302e+03 1.086712e+03
12.5 1.106415e+03 1.108680e+03 1.095878e+03 1.093613e+03
13.5 1.074598e+03 1.106269e+03 1.095698e+03 1.064026e+03
14.5 1.104015e+03 1.104192e+03 1.095664e+03 1.095487e+03
15.5 1.101397e+03 1.102097e+03 1.095709e+03 1.095009e+03
16.5 1.093371e+03 1.098028e+03 1.095783e+03 1.091125e+03
17.5 1.096431e+03 1.092909e+03 1.095854e+03 1.099376e+03
18.5 1.075689e+03 1.089137e+03 1.095908e+03 1.082459e+03
19.5 1.088193e+03 1.088954e+03 1.095943e+03 1.095181e+03
20.5 1.097261e+03 1.094191e+03 1.095963e+03 1.099033e+03
21.5 1.090929e+03 1.100350e+03 1.095974e+03 1.086553e+03
0.4 1.110976e+03 1.100989e+03 1.097343e+03 1.107329e+03
1.4 1.103924e+03 1.099078e+03 1.096869e+03 1.101715e+03
2.4 1.101825e+03 1.095159e+03 1.097367e+03 1.104032e+03
3.4 1.095556e+03 1.092789e+03 1.098563e+03 1.101330e+03
4.4 1.088128e+03 1.092331e+03 1.098978e+03 1.094775e+03
5.4 1.084099e+03 1.094688e+03 1.098172e+03 1.087583e+03
6.4 1.100996e+03 1.100932e+03 1.097082e+03 1.097145e+03
7.4 1.098038e+03 1.107628e+03 1.096302e+03 1.086712e+03
8.4 1.106415e+03 1.108680e+03 1.095878e+03 1.093613e+03
9.4 1.074598e+03 1.106269e+03 1.095698e+03 1.064026e+03
10.4 1.104015e+03 1.104192e+03 1.095664e+03 1.095487e+03
11.4 1.101397e+03 1.102097e+03 1.095709e+03 1.095009e+03
12.4 1.093371e+03 1.098028e+03 1.095783e+03 1.091125e+03
13.4 1.096431e+03 1.092909e+03 1.095854e+03 1.099376e+03
14.4 1.075689e+03 1.089137e+03 1.095908e+03 1.082459e+03
15.4 1.088193e+03 1.088954e+03 1.095943e+03 1.095181e+03
16.4 1.097261e+03 1.094191e+03 1.095963e+03 1.099033e+03
17.4 1.090929e+03 1.100350e+03 1.095974e+03 1.086553e+03
18.4 1.093845e+03 1.102800e+03 1.095979e+03 1.087023e+03
19.4 1.099826e+03 1.102161e+03 1.095981e+03 1.093647e+03
20.4 1.110284e+03 1.101146e+03 1.095982e+03 1.105121e+03
21.4 1.103323e+03 1.100147e+03 1.095983e+03 1.099158e+03
0.5 1.079247e+03 1.091856e+03 1.095984e+03 1.083374e+03
1.5 1.071837e+03 1.089185e+03 1.096222e+03 1.078874e+03
2.5 1.086566e+03 1.088828e+03 1.097324e+03 1.095061e+03
3.5 1.096526e+03 1.089937e+03 1.098384e+03 1.104974e+03
4.5 1.092791e+03 1.092672e+03 1.098198e+03 1.098316e+03
5.5 1.087548e+03 1.093597e+03 1.097337e+03 1.091288e+03
6.5 1.082493e+03 1.092053e+03 1.096569e+03 1.087009e+03
7.5 1.089861e+03 1.090144e+03 1.096095e+03 1.095812e+03
8.5 1.094217e+03 1.088869e+03 1.095853e+03 1.101201e+03
9.5 1.085143e+03 1.088213e+03 1.095763e+03 1.092692e+03
10.5 1.096141e+03 1.087823e+03 1.095763e+03 1.104081e+03
11.5 1.096417e+03 1.087415e+03 1.095807e+03 1.104808e+03
12.5 1.085941e+03 1.089401e+03 1.095862e+03 1.092402e+03
13.5 1.095832e+03 1.092248e+03 1.095909e+03 1.099493e+03
14.5 1.125773e+03 1.092963e+03 1.095942e+03 1.128751e+03
15.5 1.100500e+03 1.094776e+03 1.095962e+03 1.101686e+03
16.5 1.100009e+03 1.097777e+03 1.095973e+03 1.098205e+03
17.5 1.108282e+03 1.103221e+03 1.095978e+03 1.101039e+03
18.5 1.103595e+03 1.104417e+03 1.095981e+03 1.095158e+03
19.5 1.098840e+03 1.099493e+03 1.095982e+03 1.095329e+03
20.5 1.098881e+03 1.093740e+03 1.095983e+03 1.101123e+03
21.5 1.087526e+03 1.089866e+03 1.095983e+03 1.093643e+03
