0.3 9.734657e+03 9.721695e+03 9.710257e+03 9.723219e+03
1.3 9.699586e+03 9.712441e+03 9.712356e+03 9.699501e+03
2.3 9.718620e+03 9.716206e+03 9.728255e+03 9.730668e+03
3.3 9.731658e+03 9.733969e+03 9.753950e+03 9.751639e+03
4.3 9.776332e+03 9.743299e+03 9.764910e+03 9.797943e+03
5.3 9.805811e+03 9.736662e+03 9.752387e+03 9.821536e+03
6.3 9.761507e+03 9.719558e+03 9.732998e+03 9.774947e+03
7.3 9.752476e+03 9.702403e+03 9.718372e+03 9.768445e+03
8.3 9.756017e+03 9.690990e+03 9.709999e+03 9.775026e+03
9.3 9.717202e+03 9.685250e+03 9.706122e+03 9.738074e+03
10.3 9.684390e+03 9.683407e+03 9.705145e+03 9.706128e+03
11.3 9.671800e+03 9.689543e+03 9.711558e+03 9.693814e+03
12.3 9.690535e+03 9.711786e+03 9.733726e+03 9.712475e+03
13.3 9.719762e+03 9.731957e+03 9.750918e+03 9.738723e+03
14.3 9.768912e+03 9.737254e+03 9.745873e+03 9.777531e+03
15.3 9.758289e+03 9.730723e+03 9.735541e+03 9.763108e+03
16.3 9.736484e+03 9.731163e+03 9.740068e+03 9.745389e+03
17.3 9.741594e+03 9.733581e+03 9.741300e+03 9.749313e+03
18.3 9.735696e+03 9.727726e+03 9.730755e+03 9.738725e+03
19.3 9.719676e+03 9.714651e+03 9.718705e+03 9.723730e+03
20.3 9.708650e+03 9.712434e+03 9.710973e+03 9.707188e+03
21.3 9.708256e+03 9.721118e+03 9.707329e+03 9.694467e+03
0.7 9.684390e+03 9.683407e+03 9.705145e+03 9.706128e+03
1.7 9.671800e+03 9.689543e+03 9.711558e+03 9.693814e+03
2.7 9.690535e+03 9.711786e+03 9.733726e+03 9.712475e+03
3.7 9.719762e+03 9.731957e+03 9.750918e+03 9.738723e+03
4.7 9.768912e+03 9.737254e+03 9.745873e+03 9.777531e+03
5.7 9.758289e+03 9.730723e+03 9.735541e+03 9.763108e+03
6.7 9.736484e+03 9.731163e+03 9.740068e+03 9.745389e+03
7.7 9.741594e+03 9.733581e+03 9.741300e+03 9.749313e+03
8.7 9.735696e+03 9.727726e+03 9.730755e+03 9.738725e+03
9.7 9.719676e+03 9.714651e+03 9.718705e+03 9.723730e+03
10.7 9.708650e+03 9.712434e+03 9.710973e+03 9.707188e+03
11.7 9.708256e+03 9.721118e+03 9.707329e+03 9.694467e+03
12.7 9.727364e+03 9.725564e+03 9.706173e+03 9.707973e+03
13.7 9.745027e+03 9.723988e+03 9.706347e+03 9.727386e+03
14.7 9.734151e+03 9.726067e+03 9.707137e+03 9.715221e+03
15.7 9.735460e+03 9.733451e+03 9.708075e+03 9.710084e+03
16.7 9.749181e+03 9.735672e+03 9.708889e+03 9.722398e+03
17.7 9.753749e+03 9.730715e+03 9.709477e+03 9.732511e+03
18.7 9.748397e+03 9.716526e+03 9.709847e+03 9.741719e+03
19.7 9.722127e+03 9.702072e+03 9.710057e+03 9.730112e+03
20.7 9.728958e+03 9.701753e+03 9.710165e+03 9.737370e+03
21.7 9.735287e+03 9.714724e+03 9.710218e+03 9.730781e+03
0.5 9.768912e+03 9.737254e+03 9.745873e+03 9.777531e+03
1.5 9.758289e+03 9.730723e+03 9.735541e+03 9.763108e+03
2.5 9.736484e+03 9.731163e+03 9.740068e+03 9.745389e+03
3.5 9.741594e+03 9.733581e+03 9.741300e+03 9.749313e+03
4.5 9.735696e+03 9.727726e+03 9.730755e+03 9.738725e+03
5.5 9.719676e+03 9.714651e+03 9.718705e+03 9.723730e+03
6.5 9.708650e+03 9.712434e+03 9.710973e+03 9.707188e+03
7.5 9.708256e+03 9.721118e+03 9.707329e+03 9.694467e+03
8.5 9.727364e+03 9.725564e+03 9.706173e+03 9.707973e+03
9.5 9.745027e+03 9.723988e+03 9.706347e+03 9.727386e+03
10.5 9.734151e+03 9.726067e+03 9.707137e+03 9.715221e+03
11.5 9.735460e+03 9.733451e+03 9.708075e+03 9.710084e+03
12.5 9.749181e+03 9.735672e+03 9.708889e+03 9.722398e+03
13.5 9.753749e+03 9.730715e+03 9.709477e+03 9.732511e+03
14.5 9.748397e+03 9.716526e+03 9.709847e+03 9.741719e+03
15.5 9.722127e+03 9.702072e+03 9.710057e+03 9.730112e+03
16.5 9.728958e+03 9.701753e+03 9.710165e+03 9.737370e+03
17.5 9.735287e+03 9.714724e+03 9.710218e+03 9.730781e+03
18.5 9.750924e+03 9.724145e+03 9.710241e+03 9.737020e+03
19.5 9.779476e+03 9.723749e+03 9.710250e+03 9.765977e+03
20.5 9.756224e+03 9.713958e+03 9.710254e+03 9.752521e+03
21.5 9.702601e+03 9.704595e+03 9.710256e+03 9.708263e+03
0.2 9.705817e+03 9.706115e+03 9.710257e+03 9.709959e+03
1.2 9.720780e+03 9.695391e+03 9.711803e+03 9.737192e+03
2.2 9.756914e+03 9.703028e+03 9.726248e+03 9.780134e+03
3.2 9.756024e+03 9.723018e+03 9.748489e+03 9.781495e+03
4.2 9.736514e+03 9.734180e+03 9.752331e+03 9.754664e+03
5.2 9.757913e+03 9.736790e+03 9.746105e+03 9.767228e+03
6.2 9.756317e+03 9.739814e+03 9.748745e+03 9.765248e+03
7.2 9.741566e+03 9.738814e+03 9.743928e+03 9.746680e+03
8.2 9.723126e+03 9.727838e+03 9.729982e+03 9.725271e+03
9.2 9.691962e+03 9.710174e+03 9.717212e+03 9.699000e+03
10.2 9.687852e+03 9.695517e+03 9.709647e+03 9.701981e+03
11.2 9.693289e+03 9.687327e+03 9.706329e+03 9.712292e+03
12.2 9.720363e+03 9.688280e+03 9.705524e+03 9.737607e+03
13.2 9.731213e+03 9.698562e+03 9.706014e+03 9.738665e+03
14.2 9.739990e+03 9.708098e+03 9.707027e+03 9.738919e+03
15.2 9.742966e+03 9.714149e+03 9.708083e+03 9.736900e+03
16.2 9.729005e+03 9.721560e+03 9.708937e+03 9.716383e+03
17.2 9.718297e+03 9.728385e+03 9.709524e+03 9.699436e+03
18.2 9.734142e+03 9.730313e+03 9.709881e+03 9.713710e+03
19.2 9.733130e+03 9.724062e+03 9.710077e+03 9.719145e+03
20.2 9.726814e+03 9.721167e+03 9.710176e+03 9.715823e+03
21.2 9.732411e+03 9.724733e+03 9.710223e+03 9.717900e+03
0.8 9.736514e+03 9.734180e+03 9.752331e+03 9.754664e+03
1.8 9.757913e+03 9.736790e+03 9.746105e+03 9.767228e+03
2.8 9.756317e+03 9.739814e+03 9.748745e+03 9.765248e+03
3.8 9.741566e+03 9.738814e+03 9.743928e+03 9.746680e+03
4.8 9.723126e+03 9.727838e+03 9.729982e+03 9.725271e+03
5.8 9.691962e+03 9.710174e+03 9.717212e+03 9.699000e+03
6.8 9.687852e+03 9.695517e+03 9.709647e+03 9.701981e+03
7.8 9.693289e+03 9.687327e+03 9.706329e+03 9.712292e+03
8.8 9.720363e+03 9.688280e+03 9.705524e+03 9.737607e+03
9.8 9.731213e+03 9.698562e+03 9.706014e+03 9.738665e+03
10.8 9.739990e+03 9.708098e+03 9.707027e+03 9.738919e+03
11.8 9.742966e+03 9.714149e+03 9.708083e+03 9.736900e+03
12.8 9.729005e+03 9.721560e+03 9.708937e+03 9.716383e+03
13.8 9.718297e+03 9.728385e+03 9.709524e+03 9.699436e+03
14.8 9.734142e+03 9.730313e+03 9.709881e+03 9.713710e+03
15.8 9.733130e+03 9.724062e+03 9.710077e+03 9.719145e+03
16.8 9.726814e+03 9.721167e+03 9.710176e+03 9.715823e+03
17.8 9.732411e+03 9.724733e+03 9.710223e+03 9.717900e+03
18.8 9.756292e+03 9.727041e+03 9.710243e+03 9.739495e+03
19.8 9.777246e+03 9.726992e+03 9.710251e+03 9.760506e+03
20.8 9.750728e+03 9.730077e+03 9.710255e+03 9.730906e+03
21.8 9.716714e+03 9.732984e+03 9.710257e+03 9.693986e+03
0.5 9.728283e+03 9.723933e+03 9.710283e+03 9.714633e+03
1.5 9.712606e+03 9.713382e+03 9.714761e+03 9.713985e+03
2.5 9.719418e+03 9.720636e+03 9.734687e+03 9.733469e+03
3.5 9.736013e+03 9.737734e+03 9.759203e+03 9.757482e+03
4.5 9.776019e+03 9.744085e+03 9.763429e+03 9.795363e+03
5.5 9.782613e+03 9.736659e+03 9.747361e+03 9.793316e+03
6.5 9.731940e+03 9.719185e+03 9.728603e+03 9.741358e+03
7.5 9.682662e+03 9.707302e+03 9.715679e+03 9.691039e+03
8.5 9.667491e+03 9.707971e+03 9.708649e+03 9.668168e+03
9.5 9.684676e+03 9.712041e+03 9.705637e+03 9.678272e+03
10.5 9.729926e+03 9.716447e+03 9.705097e+03 9.718576e+03
11.5 9.742714e+03 9.720598e+03 9.705871e+03 9.727987e+03
12.5 9.717097e+03 9.725192e+03 9.707098e+03 9.699003e+03
13.5 9.705540e+03 9.727169e+03 9.708249e+03 9.686620e+03
14.5 9.690319e+03 9.719616e+03 9.709104e+03 9.679808e+03
15.5 9.686921e+03 9.706797e+03 9.710627e+03 9.690751e+03
16.5 9.691821e+03 9.707818e+03 9.723456e+03 9.707458e+03
17.5 9.698214e+03 9.724267e+03 9.746394e+03 9.720341e+03
18.5 9.715444e+03 9.734531e+03 9.752867e+03 9.733779e+03
19.5 9.690548e+03 9.730708e+03 9.740740e+03 9.700581e+03
20.5 9.697307e+03 9.717087e+03 9.725660e+03 9.705879e+03
21.5 9.705564e+03 9.712336e+03 9.715176e+03 9.708404e+03
0.1 9.690319e+03 9.719616e+03 9.709104e+03 9.679808e+03
1.1 9.686921e+03 9.706797e+03 9.710627e+03 9.690751e+03
2.1 9.691821e+03 9.707818e+03 9.723456e+03 9.707458e+03
3.1 9.698214e+03 9.724267e+03 9.746394e+03 9.720341e+03
4.1 9.715444e+03 9.734531e+03 9.752867e+03 9.733779e+03
5.1 9.690548e+03 9.730708e+03 9.740740e+03 9.700581e+03
6.1 9.697307e+03 9.717087e+03 9.725660e+03 9.705879e+03
7.1 9.705564e+03 9.712336e+03 9.715176e+03 9.708404e+03
8.1 9.706439e+03 9.714764e+03 9.709402e+03 9.701077e+03
9.1 9.683119e+03 9.714215e+03 9.706832e+03 9.675736e+03
10.1 9.663274e+03 9.706010e+03 9.706262e+03 9.663527e+03
11.1 9.655424e+03 9.698739e+03 9.706793e+03 9.663479e+03
12.1 9.714107e+03 9.703847e+03 9.707732e+03 9.717993e+03
13.1 9.747648e+03 9.712198e+03 9.708640e+03 9.744089e+03
14.1 9.758440e+03 9.713549e+03 9.709324e+03 9.754215e+03
15.1 9.734595e+03 9.705978e+03 9.709764e+03 9.738382e+03
16.1 9.699526e+03 9.696884e+03 9.710016e+03 9.712657e+03
17.1 9.692617e+03 9.690697e+03 9.710146e+03 9.712066e+03
18.1 9.697453e+03 9.687544e+03 9.710209e+03 9.720118e+03
19.1 9.710037e+03 9.687713e+03 9.710237e+03 9.732561e+03
20.1 9.760267e+03 9.699176e+03 9.710249e+03 9.771340e+03
21.1 9.789322e+03 9.717199e+03 9.710254e+03 9.782377e+03
0.1 9.696446e+03 9.719492e+03 9.710257e+03 9.687210e+03
1.1 9.719898e+03 9.721435e+03 9.711233e+03 9.709696e+03
2.1 9.723688e+03 9.727601e+03 9.723259e+03 9.719345e+03
3.1 9.716400e+03 9.733364e+03 9.738666e+03 9.721702e+03
4.1 9.696589e+03 9.729958e+03 9.737822e+03 9.704453e+03
5.1 9.675657e+03 9.717308e+03 9.727943e+03 9.686291e+03
6.1 9.662884e+03 9.712273e+03 9.728325e+03 9.678936e+03
7.1 9.675411e+03 9.719697e+03 9.739030e+03 9.694744e+03
8.1 9.685901e+03 9.722739e+03 9.737486e+03 9.700648e+03
9.1 9.714115e+03 9.717507e+03 9.726455e+03 9.723063e+03
10.1 9.732313e+03 9.718449e+03 9.716397e+03 9.730261e+03
11.1 9.713989e+03 9.726193e+03 9.710461e+03 9.698257e+03
12.1 9.704827e+03 9.729775e+03 9.707708e+03 9.682760e+03
13.1 9.724564e+03 9.729536e+03 9.706852e+03 9.701879e+03
14.1 9.732205e+03 9.731622e+03 9.707057e+03 9.707640e+03
15.1 9.721761e+03 9.736823e+03 9.707754e+03 9.692692e+03
16.1 9.711186e+03 9.736696e+03 9.708546e+03 9.683036e+03
17.1 9.719968e+03 9.729870e+03 9.709210e+03 9.699308e+03
18.1 9.713677e+03 9.715021e+03 9.709674e+03 9.708330e+03
19.1 9.712044e+03 9.704878e+03 9.709957e+03 9.717124e+03
20.1 9.707063e+03 9.705939e+03 9.710114e+03 9.711238e+03
21.1 9.715312e+03 9.710973e+03 9.710193e+03 9.714532e+03
1.0 9.675657e+03 9.717308e+03 9.727943e+03 9.686291e+03
2.0 9.662884e+03 9.712273e+03 9.728325e+03 9.678936e+03
3.0 9.675411e+03 9.719697e+03 9.739030e+03 9.694744e+03
4.0 9.685901e+03 9.722739e+03 9.737486e+03 9.700648e+03
5.0 9.714115e+03 9.717507e+03 9.726455e+03 9.723063e+03
6.0 9.732313e+03 9.718449e+03 9.716397e+03 9.730261e+03
7.0 9.713989e+03 9.726193e+03 9.710461e+03 9.698257e+03
8.0 9.704827e+03 9.729775e+03 9.707708e+03 9.682760e+03
9.0 9.724564e+03 9.729536e+03 9.706852e+03 9.701879e+03
10.0 9.732205e+03 9.731622e+03 9.707057e+03 9.707640e+03
11.0 9.721761e+03 9.736823e+03 9.707754e+03 9.692692e+03
12.0 9.711186e+03 9.736696e+03 9.708546e+03 9.683036e+03
13.0 9.719968e+03 9.729870e+03 9.709210e+03 9.699308e+03
14.0 9.713677e+03 9.715021e+03 9.709674e+03 9.708330e+03
15.0 9.712044e+03 9.704878e+03 9.709957e+03 9.717124e+03
16.0 9.707063e+03 9.705939e+03 9.710114e+03 9.711238e+03
17.0 9.715312e+03 9.710973e+03 9.710193e+03 9.714532e+03
18.0 9.747431e+03 9.713841e+03 9.710230e+03 9.743820e+03
19.0 9.720965e+03 9.707988e+03 9.710246e+03 9.723223e+03
20.0 9.684369e+03 9.705019e+03 9.710252e+03 9.689602e+03
21.0 9.681527e+03 9.709133e+03 9.710255e+03 9.682649e+03
22.0 9.697423e+03 9.715024e+03 9.710257e+03 9.692656e+03
0.4 9.729670e+03 9.728909e+03 9.710258e+03 9.711019e+03
1.4 9.734261e+03 9.731015e+03 9.712791e+03 9.716037e+03
2.4 9.716146e+03 9.736799e+03 9.729571e+03 9.708918e+03
3.4 9.711542e+03 9.744384e+03 9.750520e+03 9.717678e+03
4.4 9.697738e+03 9.743341e+03 9.750934e+03 9.705331e+03
5.4 9.733301e+03 9.737124e+03 9.736663e+03 9.732839e+03
6.4 9.752248e+03 9.732434e+03 9.722457e+03 9.742271e+03
7.4 9.739527e+03 9.728488e+03 9.713304e+03 9.724343e+03
8.4 9.701160e+03 9.718159e+03 9.708491e+03 9.691491e+03
9.4 9.687393e+03 9.703356e+03 9.706534e+03 9.690572e+03
10.4 9.672098e+03 9.691907e+03 9.706325e+03 9.686516e+03
11.4 9.690886e+03 9.690908e+03 9.707018e+03 9.706996e+03
12.4 9.712863e+03 9.705803e+03 9.707980e+03 9.715039e+03
13.4 9.722614e+03 9.723567e+03 9.708840e+03 9.707887e+03
14.4 9.734982e+03 9.731632e+03 9.709459e+03 9.712809e+03
15.4 9.716709e+03 9.730801e+03 9.709844e+03 9.695751e+03
16.4 9.701717e+03 9.727117e+03 9.710058e+03 9.684658e+03
17.4 9.691372e+03 9.723413e+03 9.710167e+03 9.678126e+03
18.4 9.711408e+03 9.721192e+03 9.710218e+03 9.700435e+03
19.4 9.705972e+03 9.712482e+03 9.710241e+03 9.703731e+03
20.4 9.674706e+03 9.700289e+03 9.710251e+03 9.684667e+03
21.4 9.675695e+03 9.694050e+03 9.710255e+03 9.691900e+03
