0.5 8.853427e+03 8.832226e+03 8.837792e+03 8.858993e+03
1.5 8.839301e+03 8.844859e+03 8.844576e+03 8.839019e+03
2.5 8.828463e+03 8.859677e+03 8.860767e+03 8.829553e+03
3.5 8.804683e+03 8.862003e+03 8.863630e+03 8.806311e+03
4.5 8.812760e+03 8.860204e+03 8.856827e+03 8.809383e+03
5.5 8.868619e+03 8.865278e+03 8.862284e+03 8.865625e+03
6.5 8.860781e+03 8.863939e+03 8.866854e+03 8.863697e+03
7.5 8.825104e+03 8.850155e+03 8.858874e+03 8.833823e+03
8.5 8.807103e+03 8.835516e+03 8.847786e+03 8.819373e+03
9.5 8.828298e+03 8.828053e+03 8.840096e+03 8.840341e+03
10.5 8.840570e+03 8.830952e+03 8.836156e+03 8.845774e+03
11.5 8.851237e+03 8.838116e+03 8.834942e+03 8.848063e+03
12.5 8.858610e+03 8.849319e+03 8.845083e+03 8.854374e+03
13.5 8.858488e+03 8.858955e+03 8.860226e+03 8.859759e+03
14.5 8.848242e+03 8.853284e+03 8.860256e+03 8.855214e+03
15.5 8.840363e+03 8.845142e+03 8.851626e+03 8.846847e+03
16.5 8.837945e+03 8.843476e+03 8.844160e+03 8.838630e+03
17.5 8.857986e+03 8.850918e+03 8.850470e+03 8.857538e+03
18.5 8.870741e+03 8.857972e+03 8.861981e+03 8.874749e+03
19.5 8.840817e+03 8.851689e+03 8.859456e+03 8.848583e+03
20.5 8.850647e+03 8.848035e+03 8.849964e+03 8.852576e+03
0.1 8.804683e+03 8.862003e+03 8.863630e+03 8.806311e+03
1.1 8.812760e+03 8.860204e+03 8.856827e+03 8.809383e+03
2.1 8.868619e+03 8.865278e+03 8.862284e+03 8.865625e+03
3.1 8.860781e+03 8.863939e+03 8.866854e+03 8.863697e+03
4.1 8.825104e+03 8.850155e+03 8.858874e+03 8.833823e+03
5.1 8.807103e+03 8.835516e+03 8.847786e+03 8.819373e+03
6.1 8.828298e+03 8.828053e+03 8.840096e+03 8.840341e+03
7.1 8.840570e+03 8.830952e+03 8.836156e+03 8.845774e+03
8.1 8.851237e+03 8.838116e+03 8.834942e+03 8.848063e+03
9.1 8.858610e+03 8.849319e+03 8.845083e+03 8.854374e+03
10.1 8.858488e+03 8.858955e+03 8.860226e+03 8.859759e+03
11.1 8.848242e+03 8.853284e+03 8.860256e+03 8.855214e+03
12.1 8.840363e+03 8.845142e+03 8.851626e+03 8.846847e+03
13.1 8.837945e+03 8.843476e+03 8.844160e+03 8.838630e+03
14.1 8.857986e+03 8.850918e+03 8.850470e+03 8.857538e+03
15.1 8.870741e+03 8.857972e+03 8.861981e+03 8.874749e+03
16.1 8.840817e+03 8.851689e+03 8.859456e+03 8.848583e+03
17.1 8.850647e+03 8.848035e+03 8.849964e+03 8.852576e+03
18.1 8.856508e+03 8.853227e+03 8.842155e+03 8.845436e+03
19.1 8.892113e+03 8.858637e+03 8.837711e+03 8.871187e+03
20.1 8.925930e+03 8.862845e+03 8.835645e+03 8.898730e+03
0.8 8.851237e+03 8.838116e+03 8.834942e+03 8.848063e+03
1.8 8.858610e+03 8.849319e+03 8.845083e+03 8.854374e+03
2.8 8.858488e+03 8.858955e+03 8.860226e+03 8.859759e+03
3.8 8.848242e+03 8.853284e+03 8.860256e+03 8.855214e+03
4.8 8.840363e+03 8.845142e+03 8.851626e+03 8.846847e+03
5.8 8.837945e+03 8.843476e+03 8.844160e+03 8.838630e+03
6.8 8.857986e+03 8.850918e+03 8.850470e+03 8.857538e+03
7.8 8.870741e+03 8.857972e+03 8.861981e+03 8.874749e+03
8.8 8.840817e+03 8.851689e+03 8.859456e+03 8.848583e+03
9.8 8.850647e+03 8.848035e+03 8.849964e+03 8.852576e+03
10.8 8.856508e+03 8.853227e+03 8.842155e+03 8.845436e+03
11.8 8.892113e+03 8.858637e+03 8.837711e+03 8.871187e+03
12.8 8.925930e+03 8.862845e+03 8.835645e+03 8.898730e+03
13.8 8.893501e+03 8.855411e+03 8.835010e+03 8.873099e+03
14.8 8.892156e+03 8.841323e+03 8.835202e+03 8.886036e+03
15.8 8.898563e+03 8.829881e+03 8.835780e+03 8.904463e+03
16.8 8.855117e+03 8.823433e+03 8.836421e+03 8.868105e+03
17.8 8.814318e+03 8.820758e+03 8.836947e+03 8.830507e+03
18.8 8.802327e+03 8.823587e+03 8.837307e+03 8.816048e+03
19.8 8.812311e+03 8.836145e+03 8.837529e+03 8.813695e+03
20.8 8.838578e+03 8.850733e+03 8.842084e+03 8.829929e+03
0.8 8.837945e+03 8.843476e+03 8.844160e+03 8.838630e+03
1.8 8.857986e+03 8.850918e+03 8.850470e+03 8.857538e+03
2.8 8.870741e+03 8.857972e+03 8.861981e+03 8.874749e+03
3.8 8.840817e+03 8.851689e+03 8.859456e+03 8.848583e+03
4.8 8.850647e+03 8.848035e+03 8.849964e+03 8.852576e+03
5.8 8.856508e+03 8.853227e+03 8.842155e+03 8.845436e+03
6.8 8.892113e+03 8.858637e+03 8.837711e+03 8.871187e+03
7.8 8.925930e+03 8.862845e+03 8.835645e+03 8.898730e+03
8.8 8.893501e+03 8.855411e+03 8.835010e+03 8.873099e+03
9.8 8.892156e+03 8.841323e+03 8.835202e+03 8.886036e+03
10.8 8.898563e+03 8.829881e+03 8.835780e+03 8.904463e+03
11.8 8.855117e+03 8.823433e+03 8.836421e+03 8.868105e+03
12.8 8.814318e+03 8.820758e+03 8.836947e+03 8.830507e+03
13.8 8.802327e+03 8.823587e+03 8.837307e+03 8.816048e+03
14.8 8.812311e+03 8.836145e+03 8.837529e+03 8.813695e+03
15.8 8.838578e+03 8.850733e+03 8.842084e+03 8.829929e+03
16.8 8.898736e+03 8.864741e+03 8.858483e+03 8.892478e+03
17.8 8.905301e+03 8.865113e+03 8.864268e+03 8.904455e+03
18.8 8.878120e+03 8.861069e+03 8.857319e+03 8.874370e+03
19.8 8.877764e+03 8.863725e+03 8.859061e+03 8.873100e+03
20.8 8.878954e+03 8.865387e+03 8.866583e+03 8.880150e+03
0.4 8.812311e+03 8.836145e+03 8.837529e+03 8.813695e+03
1.4 8.838578e+03 8.850733e+03 8.842084e+03 8.829929e+03
2.4 8.898736e+03 8.864741e+03 8.858483e+03 8.892478e+03
3.4 8.905301e+03 8.865113e+03 8.864268e+03 8.904455e+03
4.4 8.878120e+03 8.861069e+03 8.857319e+03 8.874370e+03
5.4 8.877764e+03 8.863725e+03 8.859061e+03 8.873100e+03
6.4 8.878954e+03 8.865387e+03 8.866583e+03 8.880150e+03
7.4 8.868127e+03 8.854539e+03 8.861449e+03 8.875037e+03
8.4 8.852995e+03 8.845307e+03 8.850346e+03 8.858034e+03
9.4 8.832878e+03 8.843526e+03 8.841670e+03 8.831023e+03
10.4 8.839798e+03 8.846475e+03 8.836926e+03 8.830249e+03
11.4 8.868100e+03 8.854306e+03 8.834910e+03 8.848704e+03
12.4 8.865636e+03 8.858950e+03 8.834467e+03 8.841153e+03
13.4 8.860333e+03 8.861069e+03 8.834904e+03 8.834169e+03
14.4 8.867980e+03 8.862984e+03 8.842417e+03 8.847412e+03
15.4 8.875359e+03 8.866935e+03 8.859342e+03 8.867766e+03
16.4 8.868772e+03 8.857952e+03 8.862784e+03 8.873603e+03
17.4 8.852368e+03 8.842723e+03 8.854704e+03 8.864348e+03
18.4 8.855665e+03 8.836582e+03 8.845859e+03 8.864943e+03
19.4 8.860816e+03 8.841063e+03 8.840060e+03 8.859813e+03
20.4 8.882745e+03 8.847441e+03 8.836946e+03 8.872249e+03
0.8 8.878120e+03 8.861069e+03 8.857319e+03 8.874370e+03
1.8 8.877764e+03 8.863725e+03 8.859061e+03 8.873100e+03
2.8 8.878954e+03 8.865387e+03 8.866583e+03 8.880150e+03
3.8 8.868127e+03 8.854539e+03 8.861449e+03 8.875037e+03
4.8 8.852995e+03 8.845307e+03 8.850346e+03 8.858034e+03
5.8 8.832878e+03 8.843526e+03 8.841670e+03 8.831023e+03
6.8 8.839798e+03 8.846475e+03 8.836926e+03 8.830249e+03
7.8 8.868100e+03 8.854306e+03 8.834910e+03 8.848704e+03
8.8 8.865636e+03 8.858950e+03 8.834467e+03 8.841153e+03
9.8 8.860333e+03 8.861069e+03 8.834904e+03 8.834169e+03
10.8 8.867980e+03 8.862984e+03 8.842417e+03 8.847412e+03
11.8 8.875359e+03 8.866935e+03 8.859342e+03 8.867766e+03
12.8 8.868772e+03 8.857952e+03 8.862784e+03 8.873603e+03
13.8 8.852368e+03 8.842723e+03 8.854704e+03 8.864348e+03
14.8 8.855665e+03 8.836582e+03 8.845859e+03 8.864943e+03
15.8 8.860816e+03 8.841063e+03 8.840060e+03 8.859813e+03
16.8 8.882745e+03 8.847441e+03 8.836946e+03 8.872249e+03
17.8 8.920758e+03 8.855485e+03 8.835599e+03 8.900872e+03
18.8 8.910198e+03 8.852852e+03 8.835361e+03 8.892707e+03
19.8 8.856628e+03 8.842525e+03 8.835729e+03 8.849831e+03
20.8 8.833712e+03 8.835414e+03 8.836305e+03 8.834603e+03
0.5 8.860333e+03 8.861069e+03 8.834904e+03 8.834169e+03
1.5 8.867980e+03 8.862984e+03 8.842417e+03 8.847412e+03
2.5 8.875359e+03 8.866935e+03 8.859342e+03 8.867766e+03
3.5 8.868772e+03 8.857952e+03 8.862784e+03 8.873603e+03
4.5 8.852368e+03 8.842723e+03 8.854704e+03 8.864348e+03
5.5 8.855665e+03 8.836582e+03 8.845859e+03 8.864943e+03
6.5 8.860816e+03 8.841063e+03 8.840060e+03 8.859813e+03
7.5 8.882745e+03 8.847441e+03 8.836946e+03 8.872249e+03
8.5 8.920758e+03 8.855485e+03 8.835599e+03 8.900872e+03
9.5 8.910198e+03 8.852852e+03 8.835361e+03 8.892707e+03
10.5 8.856628e+03 8.842525e+03 8.835729e+03 8.849831e+03
11.5 8.833712e+03 8.835414e+03 8.836305e+03 8.834603e+03
12.5 8.829716e+03 8.833006e+03 8.837289e+03 8.833999e+03
13.5 8.872646e+03 8.841288e+03 8.848852e+03 8.880210e+03
14.5 8.918074e+03 8.851803e+03 8.863102e+03 8.929373e+03
15.5 8.899522e+03 8.847835e+03 8.861679e+03 8.913367e+03
16.5 8.842017e+03 8.839230e+03 8.852276e+03 8.855063e+03
17.5 8.817922e+03 8.839418e+03 8.844036e+03 8.822540e+03
18.5 8.840650e+03 8.845258e+03 8.839017e+03 8.834409e+03
19.5 8.851789e+03 8.854953e+03 8.836447e+03 8.833283e+03
20.5 8.859229e+03 8.859746e+03 8.835455e+03 8.834938e+03
0.8 8.829716e+03 8.833006e+03 8.837289e+03 8.833999e+03
1.8 8.872646e+03 8.841288e+03 8.848852e+03 8.880210e+03
2.8 8.918074e+03 8.851803e+03 8.863102e+03 8.929373e+03
3.8 8.899522e+03 8.847835e+03 8.861679e+03 8.913367e+03
4.8 8.842017e+03 8.839230e+03 8.852276e+03 8.855063e+03
5.8 8.817922e+03 8.839418e+03 8.844036e+03 8.822540e+03
6.8 8.840650e+03 8.845258e+03 8.839017e+03 8.834409e+03
7.8 8.851789e+03 8.854953e+03 8.836447e+03 8.833283e+03
8.8 8.859229e+03 8.859746e+03 8.835455e+03 8.834938e+03
9.8 8.846752e+03 8.860166e+03 8.835430e+03 8.822017e+03
10.8 8.850956e+03 8.859187e+03 8.838472e+03 8.830241e+03
11.8 8.856166e+03 8.864297e+03 8.854600e+03 8.846469e+03
12.8 8.865411e+03 8.861133e+03 8.863751e+03 8.868030e+03
13.8 8.844707e+03 8.846950e+03 8.858123e+03 8.855880e+03
14.8 8.850479e+03 8.834041e+03 8.848676e+03 8.865113e+03
15.8 8.878304e+03 8.833823e+03 8.841734e+03 8.886215e+03
16.8 8.878048e+03 8.843351e+03 8.838529e+03 8.873226e+03
17.8 8.859801e+03 8.856900e+03 8.849067e+03 8.851968e+03
18.8 8.879315e+03 8.866763e+03 8.861466e+03 8.874018e+03
19.8 8.877096e+03 8.867899e+03 8.860240e+03 8.869437e+03
20.8 8.868052e+03 8.870610e+03 8.865060e+03 8.862501e+03
0.2 8.846752e+03 8.860166e+03 8.835430e+03 8.822017e+03
1.2 8.850956e+03 8.859187e+03 8.838472e+03 8.830241e+03
2.2 8.856166e+03 8.864297e+03 8.854600e+03 8.846469e+03
3.2 8.865411e+03 8.861133e+03 8.863751e+03 8.868030e+03
4.2 8.844707e+03 8.846950e+03 8.858123e+03 8.855880e+03
5.2 8.850479e+03 8.834041e+03 8.848676e+03 8.865113e+03
6.2 8.878304e+03 8.833823e+03 8.841734e+03 8.886215e+03
7.2 8.878048e+03 8.843351e+03 8.838529e+03 8.873226e+03
8.2 8.859801e+03 8.856900e+03 8.849067e+03 8.851968e+03
9.2 8.879315e+03 8.866763e+03 8.861466e+03 8.874018e+03
10.2 8.877096e+03 8.867899e+03 8.860240e+03 8.869437e+03
11.2 8.868052e+03 8.870610e+03 8.865060e+03 8.862501e+03
12.2 8.861310e+03 8.867018e+03 8.868983e+03 8.863275e+03
13.2 8.830002e+03 8.851505e+03 8.860490e+03 8.838986e+03
14.2 8.820016e+03 8.835508e+03 8.848667e+03 8.833174e+03
15.2 8.822763e+03 8.825388e+03 8.840317e+03 8.837692e+03
16.2 8.845585e+03 8.822012e+03 8.835981e+03 8.859554e+03
17.2 8.856075e+03 8.824106e+03 8.834306e+03 8.866274e+03
18.2 8.862689e+03 8.832438e+03 8.834147e+03 8.864398e+03
19.2 8.871202e+03 8.846334e+03 8.834748e+03 8.859617e+03
20.2 8.859640e+03 8.853248e+03 8.835594e+03 8.841986e+03
0.9 8.878048e+03 8.843351e+03 8.838529e+03 8.873226e+03
1.9 8.859801e+03 8.856900e+03 8.849067e+03 8.851968e+03
2.9 8.879315e+03 8.866763e+03 8.861466e+03 8.874018e+03
3.9 8.877096e+03 8.867899e+03 8.860240e+03 8.869437e+03
4.9 8.868052e+03 8.870610e+03 8.865060e+03 8.862501e+03
5.9 8.861310e+03 8.867018e+03 8.868983e+03 8.863275e+03
6.9 8.830002e+03 8.851505e+03 8.860490e+03 8.838986e+03
7.9 8.820016e+03 8.835508e+03 8.848667e+03 8.833174e+03
8.9 8.822763e+03 8.825388e+03 8.840317e+03 8.837692e+03
9.9 8.845585e+03 8.822012e+03 8.835981e+03 8.859554e+03
10.9 8.856075e+03 8.824106e+03 8.834306e+03 8.866274e+03
11.9 8.862689e+03 8.832438e+03 8.834147e+03 8.864398e+03
12.9 8.871202e+03 8.846334e+03 8.834748e+03 8.859617e+03
13.9 8.859640e+03 8.853248e+03 8.835594e+03 8.841986e+03
14.9 8.841277e+03 8.854544e+03 8.838465e+03 8.825197e+03
15.9 8.856732e+03 8.861613e+03 8.854128e+03 8.849247e+03
16.9 8.862631e+03 8.862384e+03 8.864087e+03 8.864335e+03
17.9 8.852916e+03 8.856957e+03 8.858889e+03 8.854847e+03
18.9 8.853938e+03 8.854002e+03 8.850601e+03 8.850537e+03
19.9 8.888136e+03 8.859675e+03 8.857301e+03 8.885761e+03
20.9 8.917584e+03 8.863620e+03 8.864537e+03 8.918501e+03
1.0 8.877096e+03 8.867899e+03 8.860240e+03 8.869437e+03
2.0 8.868052e+03 8.870610e+03 8.865060e+03 8.862501e+03
3.0 8.861310e+03 8.867018e+03 8.868983e+03 8.863275e+03
4.0 8.830002e+03 8.851505e+03 8.860490e+03 8.838986e+03
5.0 8.820016e+03 8.835508e+03 8.848667e+03 8.833174e+03
6.0 8.822763e+03 8.825388e+03 8.840317e+03 8.837692e+03
7.0 8.845585e+03 8.822012e+03 8.835981e+03 8.859554e+03
8.0 8.856075e+03 8.824106e+03 8.834306e+03 8.866274e+03
9.0 8.862689e+03 8.832438e+03 8.834147e+03 8.864398e+03
10.0 8.871202e+03 8.846334e+03 8.834748e+03 8.859617e+03
11.0 8.859640e+03 8.853248e+03 8.835594e+03 8.841986e+03
12.0 8.841277e+03 8.854544e+03 8.838465e+03 8.825197e+03
13.0 8.856732e+03 8.861613e+03 8.854128e+03 8.849247e+03
14.0 8.862631e+03 8.862384e+03 8.864087e+03 8.864335e+03
15.0 8.852916e+03 8.856957e+03 8.858889e+03 8.854847e+03
16.0 8.853938e+03 8.854002e+03 8.850601e+03 8.850537e+03
17.0 8.888136e+03 8.859675e+03 8.857301e+03 8.885761e+03
18.0 8.917584e+03 8.863620e+03 8.864537e+03 8.918501e+03
19.0 8.887958e+03 8.860036e+03 8.858391e+03 8.886313e+03
20.0 8.841860e+03 8.854666e+03 8.849194e+03 8.836388e+03
21.0 8.860686e+03 8.857965e+03 8.855288e+03 8.858009e+03
0.1 8.859640e+03 8.853248e+03 8.835594e+03 8.841986e+03
1.1 8.841277e+03 8.854544e+03 8.838465e+03 8.825197e+03
2.1 8.856732e+03 8.861613e+03 8.854128e+03 8.849247e+03
3.1 8.862631e+03 8.862384e+03 8.864087e+03 8.864335e+03
4.1 8.852916e+03 8.856957e+03 8.858889e+03 8.854847e+03
5.1 8.853938e+03 8.854002e+03 8.850601e+03 8.850537e+03
6.1 8.888136e+03 8.859675e+03 8.857301e+03 8.885761e+03
7.1 8.917584e+03 8.863620e+03 8.864537e+03 8.918501e+03
8.1 8.887958e+03 8.860036e+03 8.858391e+03 8.886313e+03
9.1 8.841860e+03 8.854666e+03 8.849194e+03 8.836388e+03
10.1 8.860686e+03 8.857965e+03 8.855288e+03 8.858009e+03
11.1 8.861259e+03 8.858912e+03 8.863137e+03 8.865485e+03
12.1 8.853940e+03 8.849034e+03 8.857691e+03 8.862597e+03
13.1 8.849748e+03 8.843819e+03 8.847797e+03 8.853726e+03
14.1 8.865437e+03 8.849273e+03 8.848562e+03 8.864726e+03
15.1 8.881378e+03 8.858431e+03 8.860478e+03 8.883425e+03
16.1 8.857234e+03 8.853572e+03 8.860362e+03 8.864024e+03
17.1 8.839785e+03 8.845719e+03 8.851225e+03 8.845290e+03
18.1 8.844256e+03 8.843782e+03 8.843655e+03 8.844128e+03
19.1 8.877295e+03 8.851833e+03 8.851514e+03 8.876976e+03
20.1 8.870659e+03 8.857229e+03 8.861787e+03 8.875217e+03
1.0 8.853938e+03 8.854002e+03 8.850601e+03 8.850537e+03
2.0 8.888136e+03 8.859675e+03 8.857301e+03 8.885761e+03
3.0 8.917584e+03 8.863620e+03 8.864537e+03 8.918501e+03
4.0 8.887958e+03 8.860036e+03 8.858391e+03 8.886313e+03
5.0 8.841860e+03 8.854666e+03 8.849194e+03 8.836388e+03
6.0 8.860686e+03 8.857965e+03 8.855288e+03 8.858009e+03
7.0 8.861259e+03 8.858912e+03 8.863137e+03 8.865485e+03
8.0 8.853940e+03 8.849034e+03 8.857691e+03 8.862597e+03
9.0 8.849748e+03 8.843819e+03 8.847797e+03 8.853726e+03
10.0 8.865437e+03 8.849273e+03 8.848562e+03 8.864726e+03
11.0 8.881378e+03 8.858431e+03 8.860478e+03 8.883425e+03
12.0 8.857234e+03 8.853572e+03 8.860362e+03 8.864024e+03
13.0 8.839785e+03 8.845719e+03 8.851225e+03 8.845290e+03
14.0 8.844256e+03 8.843782e+03 8.843655e+03 8.844128e+03
15.0 8.877295e+03 8.851833e+03 8.851514e+03 8.876976e+03
16.0 8.870659e+03 8.857229e+03 8.861787e+03 8.875217e+03
17.0 8.848294e+03 8.848498e+03 8.857954e+03 8.857750e+03
18.0 8.832977e+03 8.836434e+03 8.848473e+03 8.845017e+03
19.0 8.845199e+03 8.833795e+03 8.841159e+03 8.852563e+03
20.0 8.855407e+03 8.842129e+03 8.837143e+03 8.850422e+03
21.0 8.853934e+03 8.851318e+03 8.837693e+03 8.840309e+03
1.0 8.841860e+03 8.854666e+03 8.849194e+03 8.836388e+03
2.0 8.860686e+03 8.857965e+03 8.855288e+03 8.858009e+03
3.0 8.861259e+03 8.858912e+03 8.863137e+03 8.865485e+03
4.0 8.853940e+03 8.849034e+03 8.857691e+03 8.862597e+03
5.0 8.849748e+03 8.843819e+03 8.847797e+03 8.853726e+03
6.0 8.865437e+03 8.849273e+03 8.848562e+03 8.864726e+03
7.0 8.881378e+03 8.858431e+03 8.860478e+03 8.883425e+03
8.0 8.857234e+03 8.853572e+03 8.860362e+03 8.864024e+03
9.0 8.839785e+03 8.845719e+03 8.851225e+03 8.845290e+03
10.0 8.844256e+03 8.843782e+03 8.843655e+03 8.844128e+03
11.0 8.877295e+03 8.851833e+03 8.851514e+03 8.876976e+03
12.0 8.870659e+03 8.857229e+03 8.861787e+03 8.875217e+03
13.0 8.848294e+03 8.848498e+03 8.857954e+03 8.857750e+03
14.0 8.832977e+03 8.836434e+03 8.848473e+03 8.845017e+03
15.0 8.845199e+03 8.833795e+03 8.841159e+03 8.852563e+03
16.0 8.855407e+03 8.842129e+03 8.837143e+03 8.850422e+03
17.0 8.853934e+03 8.851318e+03 8.837693e+03 8.840309e+03
18.0 8.874938e+03 8.862492e+03 8.852566e+03 8.865012e+03
19.0 8.869231e+03 8.862439e+03 8.861987e+03 8.868780e+03
20.0 8.851753e+03 8.851912e+03 8.856910e+03 8.856751e+03
21.0 8.850643e+03 8.849393e+03 8.847877e+03 8.849127e+03
0.6 8.849748e+03 8.843819e+03 8.847797e+03 8.853726e+03
1.6 8.865437e+03 8.849273e+03 8.848562e+03 8.864726e+03
2.6 8.881378e+03 8.858431e+03 8.860478e+03 8.883425e+03
3.6 8.857234e+03 8.853572e+03 8.860362e+03 8.864024e+03
4.6 8.839785e+03 8.845719e+03 8.851225e+03 8.845290e+03
5.6 8.844256e+03 8.843782e+03 8.843655e+03 8.844128e+03
6.6 8.877295e+03 8.851833e+03 8.851514e+03 8.876976e+03
7.6 8.870659e+03 8.857229e+03 8.861787e+03 8.875217e+03
8.6 8.848294e+03 8.848498e+03 8.857954e+03 8.857750e+03
9.6 8.832977e+03 8.836434e+03 8.848473e+03 8.845017e+03
10.6 8.845199e+03 8.833795e+03 8.841159e+03 8.852563e+03
11.6 8.855407e+03 8.842129e+03 8.837143e+03 8.850422e+03
12.6 8.853934e+03 8.851318e+03 8.837693e+03 8.840309e+03
13.6 8.874938e+03 8.862492e+03 8.852566e+03 8.865012e+03
14.6 8.869231e+03 8.862439e+03 8.861987e+03 8.868780e+03
15.6 8.851753e+03 8.851912e+03 8.856910e+03 8.856751e+03
16.6 8.850643e+03 8.849393e+03 8.847877e+03 8.849127e+03
17.6 8.852114e+03 8.854503e+03 8.841404e+03 8.839015e+03
18.6 8.890734e+03 8.861390e+03 8.846643e+03 8.875987e+03
19.6 8.916630e+03 8.866065e+03 8.860269e+03 8.910834e+03
20.6 8.869948e+03 8.856186e+03 8.860340e+03 8.874102e+03
1.0 8.844256e+03 8.843782e+03 8.843655e+03 8.844128e+03
2.0 8.877295e+03 8.851833e+03 8.851514e+03 8.876976e+03
3.0 8.870659e+03 8.857229e+03 8.861787e+03 8.875217e+03
4.0 8.848294e+03 8.848498e+03 8.857954e+03 8.857750e+03
5.0 8.832977e+03 8.836434e+03 8.848473e+03 8.845017e+03
6.0 8.845199e+03 8.833795e+03 8.841159e+03 8.852563e+03
7.0 8.855407e+03 8.842129e+03 8.837143e+03 8.850422e+03
8.0 8.853934e+03 8.851318e+03 8.837693e+03 8.840309e+03
9.0 8.874938e+03 8.862492e+03 8.852566e+03 8.865012e+03
10.0 8.869231e+03 8.862439e+03 8.861987e+03 8.868780e+03
11.0 8.851753e+03 8.851912e+03 8.856910e+03 8.856751e+03
12.0 8.850643e+03 8.849393e+03 8.847877e+03 8.849127e+03
13.0 8.852114e+03 8.854503e+03 8.841404e+03 8.839015e+03
14.0 8.890734e+03 8.861390e+03 8.846643e+03 8.875987e+03
15.0 8.916630e+03 8.866065e+03 8.860269e+03 8.910834e+03
16.0 8.869948e+03 8.856186e+03 8.860340e+03 8.874102e+03
17.0 8.816797e+03 8.842404e+03 8.851504e+03 8.825896e+03
18.0 8.793288e+03 8.834577e+03 8.843364e+03 8.802074e+03
19.0 8.808333e+03 8.833239e+03 8.840802e+03 8.815897e+03
20.0 8.859385e+03 8.845125e+03 8.853717e+03 8.867977e+03
21.0 8.881416e+03 8.855853e+03 8.861962e+03 8.887525e+03
0.2 8.855407e+03 8.842129e+03 8.837143e+03 8.850422e+03
1.2 8.853934e+03 8.851318e+03 8.837693e+03 8.840309e+03
2.2 8.874938e+03 8.862492e+03 8.852566e+03 8.865012e+03
3.2 8.869231e+03 8.862439e+03 8.861987e+03 8.868780e+03
4.2 8.851753e+03 8.851912e+03 8.856910e+03 8.856751e+03
5.2 8.850643e+03 8.849393e+03 8.847877e+03 8.849127e+03
6.2 8.852114e+03 8.854503e+03 8.841404e+03 8.839015e+03
7.2 8.890734e+03 8.861390e+03 8.846643e+03 8.875987e+03
8.2 8.916630e+03 8.866065e+03 8.860269e+03 8.910834e+03
9.2 8.869948e+03 8.856186e+03 8.860340e+03 8.874102e+03
10.2 8.816797e+03 8.842404e+03 8.851504e+03 8.825896e+03
11.2 8.793288e+03 8.834577e+03 8.843364e+03 8.802074e+03
12.2 8.808333e+03 8.833239e+03 8.840802e+03 8.815897e+03
13.2 8.859385e+03 8.845125e+03 8.853717e+03 8.867977e+03
14.2 8.881416e+03 8.855853e+03 8.861962e+03 8.887525e+03
15.2 8.855375e+03 8.859633e+03 8.858887e+03 8.854629e+03
16.2 8.841050e+03 8.866229e+03 8.865260e+03 8.840081e+03
17.2 8.833941e+03 8.863198e+03 8.867384e+03 8.838127e+03
18.2 8.826250e+03 8.849187e+03 8.857870e+03 8.834933e+03
19.2 8.823974e+03 8.841945e+03 8.846638e+03 8.828668e+03
20.2 8.822128e+03 8.846300e+03 8.839587e+03 8.815415e+03
0.7 8.852114e+03 8.854503e+03 8.841404e+03 8.839015e+03
1.7 8.890734e+03 8.861390e+03 8.846643e+03 8.875987e+03
2.7 8.916630e+03 8.866065e+03 8.860269e+03 8.910834e+03
3.7 8.869948e+03 8.856186e+03 8.860340e+03 8.874102e+03
4.7 8.816797e+03 8.842404e+03 8.851504e+03 8.825896e+03
5.7 8.793288e+03 8.834577e+03 8.843364e+03 8.802074e+03
6.7 8.808333e+03 8.833239e+03 8.840802e+03 8.815897e+03
7.7 8.859385e+03 8.845125e+03 8.853717e+03 8.867977e+03
8.7 8.881416e+03 8.855853e+03 8.861962e+03 8.887525e+03
9.7 8.855375e+03 8.859633e+03 8.858887e+03 8.854629e+03
10.7 8.841050e+03 8.866229e+03 8.865260e+03 8.840081e+03
11.7 8.833941e+03 8.863198e+03 8.867384e+03 8.838127e+03
12.7 8.826250e+03 8.849187e+03 8.857870e+03 8.834933e+03
13.7 8.823974e+03 8.841945e+03 8.846638e+03 8.828668e+03
14.7 8.822128e+03 8.846300e+03 8.839587e+03 8.815415e+03
15.7 8.835608e+03 8.856465e+03 8.846644e+03 8.825787e+03
16.7 8.828545e+03 8.862633e+03 8.859654e+03 8.825566e+03
17.7 8.843488e+03 8.854201e+03 8.858526e+03 8.847812e+03
18.7 8.844860e+03 8.846412e+03 8.849781e+03 8.848230e+03
19.7 8.842475e+03 8.847505e+03 8.842261e+03 8.837230e+03
20.7 8.828234e+03 8.853350e+03 8.837883e+03 8.812767e+03
0.2 8.793288e+03 8.834577e+03 8.843364e+03 8.802074e+03
1.2 8.808333e+03 8.833239e+03 8.840802e+03 8.815897e+03
2.2 8.859385e+03 8.845125e+03 8.853717e+03 8.867977e+03
3.2 8.881416e+03 8.855853e+03 8.861962e+03 8.887525e+03
4.2 8.855375e+03 8.859633e+03 8.858887e+03 8.854629e+03
5.2 8.841050e+03 8.866229e+03 8.865260e+03 8.840081e+03
6.2 8.833941e+03 8.863198e+03 8.867384e+03 8.838127e+03
7.2 8.826250e+03 8.849187e+03 8.857870e+03 8.834933e+03
8.2 8.823974e+03 8.841945e+03 8.846638e+03 8.828668e+03
9.2 8.822128e+03 8.846300e+03 8.839587e+03 8.815415e+03
10.2 8.835608e+03 8.856465e+03 8.846644e+03 8.825787e+03
11.2 8.828545e+03 8.862633e+03 8.859654e+03 8.825566e+03
12.2 8.843488e+03 8.854201e+03 8.858526e+03 8.847812e+03
13.2 8.844860e+03 8.846412e+03 8.849781e+03 8.848230e+03
14.2 8.842475e+03 8.847505e+03 8.842261e+03 8.837230e+03
15.2 8.828234e+03 8.853350e+03 8.837883e+03 8.812767e+03
16.2 8.811311e+03 8.848285e+03 8.835788e+03 8.798814e+03
17.2 8.791914e+03 8.838619e+03 8.835096e+03 8.788391e+03
18.2 8.837744e+03 8.837074e+03 8.835241e+03 8.835911e+03
19.2 8.881224e+03 8.844753e+03 8.835790e+03 8.872260e+03
20.2 8.895134e+03 8.852355e+03 8.836417e+03 8.879197e+03
0.2 8.881416e+03 8.855853e+03 8.861962e+03 8.887525e+03
1.2 8.855375e+03 8.859633e+03 8.858887e+03 8.854629e+03
2.2 8.841050e+03 8.866229e+03 8.865260e+03 8.840081e+03
3.2 8.833941e+03 8.863198e+03 8.867384e+03 8.838127e+03
4.2 8.826250e+03 8.849187e+03 8.857870e+03 8.834933e+03
5.2 8.823974e+03 8.841945e+03 8.846638e+03 8.828668e+03
6.2 8.822128e+03 8.846300e+03 8.839587e+03 8.815415e+03
7.2 8.835608e+03 8.856465e+03 8.846644e+03 8.825787e+03
8.2 8.828545e+03 8.862633e+03 8.859654e+03 8.825566e+03
9.2 8.843488e+03 8.854201e+03 8.858526e+03 8.847812e+03
10.2 8.844860e+03 8.846412e+03 8.849781e+03 8.848230e+03
11.2 8.842475e+03 8.847505e+03 8.842261e+03 8.837230e+03
12.2 8.828234e+03 8.853350e+03 8.837883e+03 8.812767e+03
13.2 8.811311e+03 8.848285e+03 8.835788e+03 8.798814e+03
14.2 8.791914e+03 8.838619e+03 8.835096e+03 8.788391e+03
15.2 8.837744e+03 8.837074e+03 8.835241e+03 8.835911e+03
16.2 8.881224e+03 8.844753e+03 8.835790e+03 8.872260e+03
17.2 8.895134e+03 8.852355e+03 8.836417e+03 8.879197e+03
18.2 8.884793e+03 8.847047e+03 8.836941e+03 8.874687e+03
19.2 8.852414e+03 8.836433e+03 8.837302e+03 8.853284e+03
20.2 8.846417e+03 8.828269e+03 8.837521e+03 8.855669e+03
0.8 8.822128e+03 8.846300e+03 8.839587e+03 8.815415e+03
1.8 8.835608e+03 8.856465e+03 8.846644e+03 8.825787e+03
2.8 8.828545e+03 8.862633e+03 8.859654e+03 8.825566e+03
3.8 8.843488e+03 8.854201e+03 8.858526e+03 8.847812e+03
4.8 8.844860e+03 8.846412e+03 8.849781e+03 8.848230e+03
5.8 8.842475e+03 8.847505e+03 8.842261e+03 8.837230e+03
6.8 8.828234e+03 8.853350e+03 8.837883e+03 8.812767e+03
7.8 8.811311e+03 8.848285e+03 8.835788e+03 8.798814e+03
8.8 8.791914e+03 8.838619e+03 8.835096e+03 8.788391e+03
9.8 8.837744e+03 8.837074e+03 8.835241e+03 8.835911e+03
10.8 8.881224e+03 8.844753e+03 8.835790e+03 8.872260e+03
11.8 8.895134e+03 8.852355e+03 8.836417e+03 8.879197e+03
12.8 8.884793e+03 8.847047e+03 8.836941e+03 8.874687e+03
13.8 8.852414e+03 8.836433e+03 8.837302e+03 8.853284e+03
14.8 8.846417e+03 8.828269e+03 8.837521e+03 8.855669e+03
15.8 8.852141e+03 8.823809e+03 8.837640e+03 8.865972e+03
16.8 8.851619e+03 8.822796e+03 8.837699e+03 8.866523e+03
17.8 8.884156e+03 8.830019e+03 8.837727e+03 8.891864e+03
18.8 8.906806e+03 8.842540e+03 8.838596e+03 8.902862e+03
19.8 8.884045e+03 8.857669e+03 8.851408e+03 8.877785e+03
20.8 8.851333e+03 8.864315e+03 8.863990e+03 8.851007e+03
1.0 8.906806e+03 8.842540e+03 8.838596e+03 8.902862e+03
2.0 8.884045e+03 8.857669e+03 8.851408e+03 8.877785e+03
3.0 8.851333e+03 8.864315e+03 8.863990e+03 8.851007e+03
4.0 8.838164e+03 8.856252e+03 8.860887e+03 8.842799e+03
5.0 8.825591e+03 8.845868e+03 8.851239e+03 8.830963e+03
6.0 8.820805e+03 8.840768e+03 8.846182e+03 8.826219e+03
7.0 8.844780e+03 8.850027e+03 8.857224e+03 8.851978e+03
8.0 8.847146e+03 8.859631e+03 8.863046e+03 8.850560e+03
9.0 8.836344e+03 8.862558e+03 8.855947e+03 8.829733e+03
10.0 8.824989e+03 8.864843e+03 8.846367e+03 8.806513e+03
11.0 8.818133e+03 8.857617e+03 8.839892e+03 8.800409e+03
12.0 8.808507e+03 8.848716e+03 8.836544e+03 8.796336e+03
13.0 8.806185e+03 8.848260e+03 8.835170e+03 8.793096e+03
14.0 8.813150e+03 8.854942e+03 8.834959e+03 8.793166e+03
15.0 8.848489e+03 8.854509e+03 8.835377e+03 8.829358e+03
16.0 8.875888e+03 8.850014e+03 8.836026e+03 8.861901e+03
17.0 8.857397e+03 8.848008e+03 8.836746e+03 8.846136e+03
18.0 8.838955e+03 8.851526e+03 8.845292e+03 8.832721e+03
19.0 8.863523e+03 8.860872e+03 8.861364e+03 8.864014e+03
20.0 8.876298e+03 8.864587e+03 8.863002e+03 8.874713e+03
21.0 8.859718e+03 8.864219e+03 8.854334e+03 8.849832e+03
0.2 8.825591e+03 8.845868e+03 8.851239e+03 8.830963e+03
1.2 8.820805e+03 8.840768e+03 8.846182e+03 8.826219e+03
2.2 8.844780e+03 8.850027e+03 8.857224e+03 8.851978e+03
3.2 8.847146e+03 8.859631e+03 8.863046e+03 8.850560e+03
4.2 8.836344e+03 8.862558e+03 8.855947e+03 8.829733e+03
5.2 8.824989e+03 8.864843e+03 8.846367e+03 8.806513e+03
6.2 8.818133e+03 8.857617e+03 8.839892e+03 8.800409e+03
7.2 8.808507e+03 8.848716e+03 8.836544e+03 8.796336e+03
8.2 8.806185e+03 8.848260e+03 8.835170e+03 8.793096e+03
9.2 8.813150e+03 8.854942e+03 8.834959e+03 8.793166e+03
10.2 8.848489e+03 8.854509e+03 8.835377e+03 8.829358e+03
11.2 8.875888e+03 8.850014e+03 8.836026e+03 8.861901e+03
12.2 8.857397e+03 8.848008e+03 8.836746e+03 8.846136e+03
13.2 8.838955e+03 8.851526e+03 8.845292e+03 8.832721e+03
14.2 8.863523e+03 8.860872e+03 8.861364e+03 8.864014e+03
15.2 8.876298e+03 8.864587e+03 8.863002e+03 8.874713e+03
16.2 8.859718e+03 8.864219e+03 8.854334e+03 8.849832e+03
17.2 8.838202e+03 8.864685e+03 8.853603e+03 8.827120e+03
18.2 8.848485e+03 8.866826e+03 8.863746e+03 8.845406e+03
19.2 8.850213e+03 8.856342e+03 8.862233e+03 8.856104e+03
20.2 8.847925e+03 8.841947e+03 8.852119e+03 8.858097e+03
0.6 8.857397e+03 8.848008e+03 8.836746e+03 8.846136e+03
1.6 8.838955e+03 8.851526e+03 8.845292e+03 8.832721e+03
2.6 8.863523e+03 8.860872e+03 8.861364e+03 8.864014e+03
3.6 8.876298e+03 8.864587e+03 8.863002e+03 8.874713e+03
4.6 8.859718e+03 8.864219e+03 8.854334e+03 8.849832e+03
5.6 8.838202e+03 8.864685e+03 8.853603e+03 8.827120e+03
6.6 8.848485e+03 8.866826e+03 8.863746e+03 8.845406e+03
7.6 8.850213e+03 8.856342e+03 8.862233e+03 8.856104e+03
8.6 8.847925e+03 8.841947e+03 8.852119e+03 8.858097e+03
9.6 8.834971e+03 8.833614e+03 8.843254e+03 8.844611e+03
10.6 8.834535e+03 8.837647e+03 8.846969e+03 8.843858e+03
11.6 8.867063e+03 8.849008e+03 8.859933e+03 8.877988e+03
12.6 8.848048e+03 8.847317e+03 8.859764e+03 8.860496e+03
13.6 8.812128e+03 8.839606e+03 8.850885e+03 8.823407e+03
14.6 8.799244e+03 8.835260e+03 8.843449e+03 8.807432e+03
15.6 8.817639e+03 8.843212e+03 8.850700e+03 8.825128e+03
16.6 8.819668e+03 8.852489e+03 8.861748e+03 8.828927e+03
17.6 8.818595e+03 8.847369e+03 8.858628e+03 8.829854e+03
18.6 8.815426e+03 8.836625e+03 8.849169e+03 8.827970e+03
19.6 8.794286e+03 8.828452e+03 8.841627e+03 8.807461e+03
20.6 8.810227e+03 8.824782e+03 8.837409e+03 8.822854e+03
0.6 8.859718e+03 8.864219e+03 8.854334e+03 8.849832e+03
1.6 8.838202e+03 8.864685e+03 8.853603e+03 8.827120e+03
2.6 8.848485e+03 8.866826e+03 8.863746e+03 8.845406e+03
3.6 8.850213e+03 8.856342e+03 8.862233e+03 8.856104e+03
4.6 8.847925e+03 8.841947e+03 8.852119e+03 8.858097e+03
5.6 8.834971e+03 8.833614e+03 8.843254e+03 8.844611e+03
6.6 8.834535e+03 8.837647e+03 8.846969e+03 8.843858e+03
7.6 8.867063e+03 8.849008e+03 8.859933e+03 8.877988e+03
8.6 8.848048e+03 8.847317e+03 8.859764e+03 8.860496e+03
9.6 8.812128e+03 8.839606e+03 8.850885e+03 8.823407e+03
10.6 8.799244e+03 8.835260e+03 8.843449e+03 8.807432e+03
11.6 8.817639e+03 8.843212e+03 8.850700e+03 8.825128e+03
12.6 8.819668e+03 8.852489e+03 8.861748e+03 8.828927e+03
13.6 8.818595e+03 8.847369e+03 8.858628e+03 8.829854e+03
14.6 8.815426e+03 8.836625e+03 8.849169e+03 8.827970e+03
15.6 8.794286e+03 8.828452e+03 8.841627e+03 8.807461e+03
16.6 8.810227e+03 8.824782e+03 8.837409e+03 8.822854e+03
17.6 8.840802e+03 8.825981e+03 8.835494e+03 8.850314e+03
18.6 8.858977e+03 8.836529e+03 8.834953e+03 8.857401e+03
19.6 8.855792e+03 8.846702e+03 8.835201e+03 8.844292e+03
20.6 8.821755e+03 8.845265e+03 8.835804e+03 8.812294e+03
0.7 8.834971e+03 8.833614e+03 8.843254e+03 8.844611e+03
1.7 8.834535e+03 8.837647e+03 8.846969e+03 8.843858e+03
2.7 8.867063e+03 8.849008e+03 8.859933e+03 8.877988e+03
3.7 8.848048e+03 8.847317e+03 8.859764e+03 8.860496e+03
4.7 8.812128e+03 8.839606e+03 8.850885e+03 8.823407e+03
5.7 8.799244e+03 8.835260e+03 8.843449e+03 8.807432e+03
6.7 8.817639e+03 8.843212e+03 8.850700e+03 8.825128e+03
7.7 8.819668e+03 8.852489e+03 8.861748e+03 8.828927e+03
8.7 8.818595e+03 8.847369e+03 8.858628e+03 8.829854e+03
9.7 8.815426e+03 8.836625e+03 8.849169e+03 8.827970e+03
10.7 8.794286e+03 8.828452e+03 8.841627e+03 8.807461e+03
11.7 8.810227e+03 8.824782e+03 8.837409e+03 8.822854e+03
12.7 8.840802e+03 8.825981e+03 8.835494e+03 8.850314e+03
13.7 8.858977e+03 8.836529e+03 8.834953e+03 8.857401e+03
14.7 8.855792e+03 8.846702e+03 8.835201e+03 8.844292e+03
15.7 8.821755e+03 8.845265e+03 8.835804e+03 8.812294e+03
16.7 8.810090e+03 8.843098e+03 8.836449e+03 8.803441e+03
17.7 8.837083e+03 8.848219e+03 8.836969e+03 8.825834e+03
18.7 8.863209e+03 8.854062e+03 8.837322e+03 8.846470e+03
19.7 8.856583e+03 8.848685e+03 8.837533e+03 8.845431e+03
20.7 8.833607e+03 8.843531e+03 8.837646e+03 8.827723e+03
0.9 8.799244e+03 8.835260e+03 8.843449e+03 8.807432e+03
1.9 8.817639e+03 8.843212e+03 8.850700e+03 8.825128e+03
2.9 8.819668e+03 8.852489e+03 8.861748e+03 8.828927e+03
3.9 8.818595e+03 8.847369e+03 8.858628e+03 8.829854e+03
4.9 8.815426e+03 8.836625e+03 8.849169e+03 8.827970e+03
5.9 8.794286e+03 8.828452e+03 8.841627e+03 8.807461e+03
6.9 8.810227e+03 8.824782e+03 8.837409e+03 8.822854e+03
7.9 8.840802e+03 8.825981e+03 8.835494e+03 8.850314e+03
8.9 8.858977e+03 8.836529e+03 8.834953e+03 8.857401e+03
9.9 8.855792e+03 8.846702e+03 8.835201e+03 8.844292e+03
10.9 8.821755e+03 8.845265e+03 8.835804e+03 8.812294e+03
11.9 8.810090e+03 8.843098e+03 8.836449e+03 8.803441e+03
12.9 8.837083e+03 8.848219e+03 8.836969e+03 8.825834e+03
13.9 8.863209e+03 8.854062e+03 8.837322e+03 8.846470e+03
14.9 8.856583e+03 8.848685e+03 8.837533e+03 8.845431e+03
15.9 8.833607e+03 8.843531e+03 8.837646e+03 8.827723e+03
16.9 8.847342e+03 8.844172e+03 8.837726e+03 8.840896e+03
17.9 8.853978e+03 8.848939e+03 8.843709e+03 8.848748e+03
18.9 8.867174e+03 8.860136e+03 8.860065e+03 8.867103e+03
19.9 8.851249e+03 8.866361e+03 8.863888e+03 8.848777e+03
20.9 8.840869e+03 8.867032e+03 8.857209e+03 8.831046e+03
0.5 8.847342e+03 8.844172e+03 8.837726e+03 8.840896e+03
1.5 8.853978e+03 8.848939e+03 8.843709e+03 8.848748e+03
2.5 8.867174e+03 8.860136e+03 8.860065e+03 8.867103e+03
3.5 8.851249e+03 8.866361e+03 8.863888e+03 8.848777e+03
4.5 8.840869e+03 8.867032e+03 8.857209e+03 8.831046e+03
5.5 8.826330e+03 8.870409e+03 8.862225e+03 8.818147e+03
6.5 8.857905e+03 8.871213e+03 8.867049e+03 8.853742e+03
7.5 8.890416e+03 8.866580e+03 8.861589e+03 8.885426e+03
8.5 8.883960e+03 8.867417e+03 8.865747e+03 8.882290e+03
9.5 8.854603e+03 8.861773e+03 8.867035e+03 8.859864e+03
10.5 8.831710e+03 8.846304e+03 8.857295e+03 8.842700e+03
11.5 8.805352e+03 8.831992e+03 8.846035e+03 8.819396e+03
12.5 8.817932e+03 8.826861e+03 8.838696e+03 8.829767e+03
13.5 8.838649e+03 8.834505e+03 8.835146e+03 8.839290e+03
14.5 8.849389e+03 8.845794e+03 8.834496e+03 8.838091e+03
15.5 8.858956e+03 8.857998e+03 8.846208e+03 8.847166e+03
16.5 8.845719e+03 8.864913e+03 8.860608e+03 8.841414e+03
17.5 8.830451e+03 8.858317e+03 8.859537e+03 8.831671e+03
18.5 8.814217e+03 8.850968e+03 8.855576e+03 8.818825e+03
19.5 8.844247e+03 8.855749e+03 8.864327e+03 8.852825e+03
20.5 8.846133e+03 8.852914e+03 8.864998e+03 8.858216e+03
0.1 8.851249e+03 8.866361e+03 8.863888e+03 8.848777e+03
1.1 8.840869e+03 8.867032e+03 8.857209e+03 8.831046e+03
2.1 8.826330e+03 8.870409e+03 8.862225e+03 8.818147e+03
3.1 8.857905e+03 8.871213e+03 8.867049e+03 8.853742e+03
4.1 8.890416e+03 8.866580e+03 8.861589e+03 8.885426e+03
5.1 8.883960e+03 8.867417e+03 8.865747e+03 8.882290e+03
6.1 8.854603e+03 8.861773e+03 8.867035e+03 8.859864e+03
7.1 8.831710e+03 8.846304e+03 8.857295e+03 8.842700e+03
8.1 8.805352e+03 8.831992e+03 8.846035e+03 8.819396e+03
9.1 8.817932e+03 8.826861e+03 8.838696e+03 8.829767e+03
10.1 8.838649e+03 8.834505e+03 8.835146e+03 8.839290e+03
11.1 8.849389e+03 8.845794e+03 8.834496e+03 8.838091e+03
12.1 8.858956e+03 8.857998e+03 8.846208e+03 8.847166e+03
13.1 8.845719e+03 8.864913e+03 8.860608e+03 8.841414e+03
14.1 8.830451e+03 8.858317e+03 8.859537e+03 8.831671e+03
15.1 8.814217e+03 8.850968e+03 8.855576e+03 8.818825e+03
16.1 8.844247e+03 8.855749e+03 8.864327e+03 8.852825e+03
17.1 8.846133e+03 8.852914e+03 8.864998e+03 8.858216e+03
18.1 8.816170e+03 8.841011e+03 8.855064e+03 8.830223e+03
19.1 8.804644e+03 8.831582e+03 8.844824e+03 8.817886e+03
20.1 8.833159e+03 8.832088e+03 8.838478e+03 8.839549e+03
0.2 8.857905e+03 8.871213e+03 8.867049e+03 8.853742e+03
1.2 8.890416e+03 8.866580e+03 8.861589e+03 8.885426e+03
2.2 8.883960e+03 8.867417e+03 8.865747e+03 8.882290e+03
3.2 8.854603e+03 8.861773e+03 8.867035e+03 8.859864e+03
4.2 8.831710e+03 8.846304e+03 8.857295e+03 8.842700e+03
5.2 8.805352e+03 8.831992e+03 8.846035e+03 8.819396e+03
6.2 8.817932e+03 8.826861e+03 8.838696e+03 8.829767e+03
7.2 8.838649e+03 8.834505e+03 8.835146e+03 8.839290e+03
8.2 8.849389e+03 8.845794e+03 8.834496e+03 8.838091e+03
9.2 8.858956e+03 8.857998e+03 8.846208e+03 8.847166e+03
10.2 8.845719e+03 8.864913e+03 8.860608e+03 8.841414e+03
11.2 8.830451e+03 8.858317e+03 8.859537e+03 8.831671e+03
12.2 8.814217e+03 8.850968e+03 8.855576e+03 8.818825e+03
13.2 8.844247e+03 8.855749e+03 8.864327e+03 8.852825e+03
14.2 8.846133e+03 8.852914e+03 8.864998e+03 8.858216e+03
15.2 8.816170e+03 8.841011e+03 8.855064e+03 8.830223e+03
16.2 8.804644e+03 8.831582e+03 8.844824e+03 8.817886e+03
17.2 8.833159e+03 8.832088e+03 8.838478e+03 8.839549e+03
18.2 8.852121e+03 8.838815e+03 8.838315e+03 8.851621e+03
19.2 8.855372e+03 8.852855e+03 8.853062e+03 8.855579e+03
20.2 8.836139e+03 8.856249e+03 8.861362e+03 8.841252e+03
0.9 8.849389e+03 8.845794e+03 8.834496e+03 8.838091e+03
1.9 8.858956e+03 8.857998e+03 8.846208e+03 8.847166e+03
2.9 8.845719e+03 8.864913e+03 8.860608e+03 8.841414e+03
3.9 8.830451e+03 8.858317e+03 8.859537e+03 8.831671e+03
4.9 8.814217e+03 8.850968e+03 8.855576e+03 8.818825e+03
5.9 8.844247e+03 8.855749e+03 8.864327e+03 8.852825e+03
6.9 8.846133e+03 8.852914e+03 8.864998e+03 8.858216e+03
7.9 8.816170e+03 8.841011e+03 8.855064e+03 8.830223e+03
8.9 8.804644e+03 8.831582e+03 8.844824e+03 8.817886e+03
9.9 8.833159e+03 8.832088e+03 8.838478e+03 8.839549e+03
10.9 8.852121e+03 8.838815e+03 8.838315e+03 8.851621e+03
11.9 8.855372e+03 8.852855e+03 8.853062e+03 8.855579e+03
12.9 8.836139e+03 8.856249e+03 8.861362e+03 8.841252e+03
13.9 8.805967e+03 8.846228e+03 8.855769e+03 8.815509e+03
14.9 8.794345e+03 8.834646e+03 8.846908e+03 8.806607e+03
15.9 8.807376e+03 8.826978e+03 8.840608e+03 8.821006e+03
16.9 8.813445e+03 8.823044e+03 8.837152e+03 8.827553e+03
17.9 8.817066e+03 8.823628e+03 8.835588e+03 8.829026e+03
18.9 8.823327e+03 8.831580e+03 8.835742e+03 8.827488e+03
19.9 8.835228e+03 8.847416e+03 8.847640e+03 8.835453e+03
20.9 8.867340e+03 8.858813e+03 8.861894e+03 8.870420e+03
0.4 8.830451e+03 8.858317e+03 8.859537e+03 8.831671e+03
1.4 8.814217e+03 8.850968e+03 8.855576e+03 8.818825e+03
2.4 8.844247e+03 8.855749e+03 8.864327e+03 8.852825e+03
3.4 8.846133e+03 8.852914e+03 8.864998e+03 8.858216e+03
4.4 8.816170e+03 8.841011e+03 8.855064e+03 8.830223e+03
5.4 8.804644e+03 8.831582e+03 8.844824e+03 8.817886e+03
6.4 8.833159e+03 8.832088e+03 8.838478e+03 8.839549e+03
7.4 8.852121e+03 8.838815e+03 8.838315e+03 8.851621e+03
8.4 8.855372e+03 8.852855e+03 8.853062e+03 8.855579e+03
9.4 8.836139e+03 8.856249e+03 8.861362e+03 8.841252e+03
10.4 8.805967e+03 8.846228e+03 8.855769e+03 8.815509e+03
11.4 8.794345e+03 8.834646e+03 8.846908e+03 8.806607e+03
12.4 8.807376e+03 8.826978e+03 8.840608e+03 8.821006e+03
13.4 8.813445e+03 8.823044e+03 8.837152e+03 8.827553e+03
14.4 8.817066e+03 8.823628e+03 8.835588e+03 8.829026e+03
15.4 8.823327e+03 8.831580e+03 8.835742e+03 8.827488e+03
16.4 8.835228e+03 8.847416e+03 8.847640e+03 8.835453e+03
17.4 8.867340e+03 8.858813e+03 8.861894e+03 8.870420e+03
18.4 8.882070e+03 8.853433e+03 8.860513e+03 8.889150e+03
19.4 8.867954e+03 8.843830e+03 8.851432e+03 8.875557e+03
20.4 8.833351e+03 8.838706e+03 8.843540e+03 8.838185e+03
0.2 8.833159e+03 8.832088e+03 8.838478e+03 8.839549e+03
1.2 8.852121e+03 8.838815e+03 8.838315e+03 8.851621e+03
2.2 8.855372e+03 8.852855e+03 8.853062e+03 8.855579e+03
3.2 8.836139e+03 8.856249e+03 8.861362e+03 8.841252e+03
4.2 8.805967e+03 8.846228e+03 8.855769e+03 8.815509e+03
5.2 8.794345e+03 8.834646e+03 8.846908e+03 8.806607e+03
6.2 8.807376e+03 8.826978e+03 8.840608e+03 8.821006e+03
7.2 8.813445e+03 8.823044e+03 8.837152e+03 8.827553e+03
8.2 8.817066e+03 8.823628e+03 8.835588e+03 8.829026e+03
9.2 8.823327e+03 8.831580e+03 8.835742e+03 8.827488e+03
10.2 8.835228e+03 8.847416e+03 8.847640e+03 8.835453e+03
11.2 8.867340e+03 8.858813e+03 8.861894e+03 8.870420e+03
12.2 8.882070e+03 8.853433e+03 8.860513e+03 8.889150e+03
13.2 8.867954e+03 8.843830e+03 8.851432e+03 8.875557e+03
14.2 8.833351e+03 8.838706e+03 8.843540e+03 8.838185e+03
15.2 8.824742e+03 8.845048e+03 8.838760e+03 8.818455e+03
16.2 8.831591e+03 8.847958e+03 8.836329e+03 8.819962e+03
17.2 8.847493e+03 8.840681e+03 8.835412e+03 8.842224e+03
18.2 8.837040e+03 8.831763e+03 8.835425e+03 8.840702e+03
19.2 8.827168e+03 8.825937e+03 8.835900e+03 8.837131e+03
20.2 8.805660e+03 8.823098e+03 8.836483e+03 8.819045e+03
0.9 8.823327e+03 8.831580e+03 8.835742e+03 8.827488e+03
1.9 8.835228e+03 8.847416e+03 8.847640e+03 8.835453e+03
2.9 8.867340e+03 8.858813e+03 8.861894e+03 8.870420e+03
3.9 8.882070e+03 8.853433e+03 8.860513e+03 8.889150e+03
4.9 8.867954e+03 8.843830e+03 8.851432e+03 8.875557e+03
5.9 8.833351e+03 8.838706e+03 8.843540e+03 8.838185e+03
6.9 8.824742e+03 8.845048e+03 8.838760e+03 8.818455e+03
7.9 8.831591e+03 8.847958e+03 8.836329e+03 8.819962e+03
8.9 8.847493e+03 8.840681e+03 8.835412e+03 8.842224e+03
9.9 8.837040e+03 8.831763e+03 8.835425e+03 8.840702e+03
10.9 8.827168e+03 8.825937e+03 8.835900e+03 8.837131e+03
11.9 8.805660e+03 8.823098e+03 8.836483e+03 8.819045e+03
12.9 8.833672e+03 8.822723e+03 8.836979e+03 8.847928e+03
13.9 8.852957e+03 8.825647e+03 8.837699e+03 8.865009e+03
14.9 8.860757e+03 8.838306e+03 8.848646e+03 8.871097e+03
15.9 8.865885e+03 8.852323e+03 8.863076e+03 8.876637e+03
16.9 8.836906e+03 8.850159e+03 8.861979e+03 8.848726e+03
17.9 8.837765e+03 8.840327e+03 8.852594e+03 8.850031e+03
18.9 8.833972e+03 8.836523e+03 8.844244e+03 8.841693e+03
19.9 8.838838e+03 8.841280e+03 8.839129e+03 8.836686e+03
20.9 8.849538e+03 8.851898e+03 8.836499e+03 8.834138e+03
0.8 8.852957e+03 8.825647e+03 8.837699e+03 8.865009e+03
1.8 8.860757e+03 8.838306e+03 8.848646e+03 8.871097e+03
2.8 8.865885e+03 8.852323e+03 8.863076e+03 8.876637e+03
3.8 8.836906e+03 8.850159e+03 8.861979e+03 8.848726e+03
4.8 8.837765e+03 8.840327e+03 8.852594e+03 8.850031e+03
5.8 8.833972e+03 8.836523e+03 8.844244e+03 8.841693e+03
6.8 8.838838e+03 8.841280e+03 8.839129e+03 8.836686e+03
7.8 8.849538e+03 8.851898e+03 8.836499e+03 8.834138e+03
8.8 8.867349e+03 8.852461e+03 8.835469e+03 8.850357e+03
9.8 8.851074e+03 8.847305e+03 8.835422e+03 8.839192e+03
10.8 8.841527e+03 8.849460e+03 8.835872e+03 8.827939e+03
11.8 8.816307e+03 8.854552e+03 8.837750e+03 8.799505e+03
12.8 8.868622e+03 8.863053e+03 8.852147e+03 8.857716e+03
13.8 8.854461e+03 8.864189e+03 8.863861e+03 8.854133e+03
14.8 8.834702e+03 8.856705e+03 8.859920e+03 8.837917e+03
15.8 8.812973e+03 8.852503e+03 8.850332e+03 8.810802e+03
16.8 8.795013e+03 8.855893e+03 8.842760e+03 8.781880e+03
17.8 8.802244e+03 8.851531e+03 8.838328e+03 8.789041e+03
18.8 8.814238e+03 8.839626e+03 8.836140e+03 8.810752e+03
19.8 8.843253e+03 8.829240e+03 8.835388e+03 8.849400e+03
20.8 8.846254e+03 8.823374e+03 8.835496e+03 8.858376e+03
1.0 8.816307e+03 8.854552e+03 8.837750e+03 8.799505e+03
2.0 8.868622e+03 8.863053e+03 8.852147e+03 8.857716e+03
3.0 8.854461e+03 8.864189e+03 8.863861e+03 8.854133e+03
4.0 8.834702e+03 8.856705e+03 8.859920e+03 8.837917e+03
5.0 8.812973e+03 8.852503e+03 8.850332e+03 8.810802e+03
6.0 8.795013e+03 8.855893e+03 8.842760e+03 8.781880e+03
7.0 8.802244e+03 8.851531e+03 8.838328e+03 8.789041e+03
8.0 8.814238e+03 8.839626e+03 8.836140e+03 8.810752e+03
9.0 8.843253e+03 8.829240e+03 8.835388e+03 8.849400e+03
10.0 8.846254e+03 8.823374e+03 8.835496e+03 8.858376e+03
11.0 8.847692e+03 8.820976e+03 8.836004e+03 8.862719e+03
12.0 8.840417e+03 8.820564e+03 8.836579e+03 8.856432e+03
