0.7 9.535774e+03 9.506689e+03 9.506637e+03 9.535722e+03
1.7 9.492107e+03 9.499191e+03 9.511516e+03 9.504433e+03
2.7 9.503751e+03 9.511258e+03 9.527791e+03 9.520284e+03
3.7 9.542234e+03 9.527089e+03 9.544580e+03 9.559725e+03
4.7 9.540328e+03 9.523838e+03 9.544734e+03 9.561224e+03
5.7 9.538364e+03 9.507137e+03 9.531771e+03 9.562999e+03
6.7 9.499082e+03 9.495887e+03 9.518359e+03 9.521554e+03
7.7 9.491666e+03 9.496522e+03 9.509522e+03 9.504666e+03
8.7 9.497648e+03 9.517593e+03 9.504856e+03 9.484911e+03
9.7 9.523028e+03 9.537438e+03 9.502970e+03 9.488560e+03
10.7 9.516238e+03 9.526785e+03 9.502769e+03 9.492222e+03
11.7 9.495204e+03 9.519830e+03 9.503429e+03 9.478803e+03
12.7 9.492092e+03 9.537632e+03 9.504349e+03 9.458808e+03
13.7 9.540354e+03 9.551994e+03 9.505174e+03 9.493534e+03
14.7 9.521778e+03 9.536352e+03 9.505771e+03 9.491197e+03
15.7 9.481364e+03 9.511839e+03 9.506144e+03 9.475669e+03
16.7 9.486375e+03 9.496945e+03 9.506354e+03 9.495784e+03
17.7 9.495598e+03 9.492195e+03 9.506461e+03 9.509863e+03
18.7 9.519583e+03 9.503559e+03 9.506511e+03 9.522536e+03
19.7 9.512630e+03 9.523831e+03 9.506534e+03 9.495333e+03
20.7 9.515672e+03 9.524036e+03 9.506543e+03 9.498179e+03
21.7 9.522150e+03 9.515149e+03 9.506548e+03 9.513549e+03
0.9 9.481028e+03 9.491386e+03 9.506816e+03 9.496458e+03
1.9 9.522812e+03 9.499089e+03 9.513577e+03 9.537300e+03
2.9 9.528493e+03 9.516744e+03 9.530183e+03 9.541932e+03
3.9 9.539302e+03 9.521553e+03 9.538311e+03 9.556060e+03
4.9 9.510328e+03 9.508661e+03 9.531198e+03 9.532864e+03
5.9 9.503261e+03 9.510343e+03 9.519856e+03 9.512774e+03
6.9 9.516376e+03 9.521259e+03 9.511387e+03 9.506504e+03
7.9 9.517638e+03 9.514842e+03 9.506548e+03 9.509344e+03
8.9 9.513362e+03 9.503778e+03 9.504274e+03 9.513859e+03
9.9 9.527058e+03 9.514940e+03 9.503621e+03 9.515738e+03
10.9 9.555055e+03 9.536600e+03 9.503894e+03 9.522349e+03
11.9 9.556070e+03 9.532921e+03 9.504555e+03 9.527705e+03
12.9 9.512812e+03 9.520008e+03 9.505242e+03 9.498046e+03
13.9 9.517493e+03 9.524107e+03 9.505780e+03 9.499166e+03
14.9 9.518829e+03 9.533016e+03 9.506136e+03 9.491949e+03
15.9 9.528662e+03 9.523043e+03 9.506344e+03 9.511963e+03
16.9 9.498631e+03 9.504396e+03 9.506454e+03 9.500690e+03
17.9 9.501036e+03 9.495685e+03 9.506508e+03 9.511859e+03
18.9 9.508866e+03 9.504411e+03 9.506532e+03 9.510987e+03
19.9 9.530323e+03 9.510499e+03 9.506543e+03 9.526367e+03
20.9 9.515469e+03 9.501789e+03 9.506547e+03 9.520227e+03
21.9 9.503960e+03 9.495256e+03 9.506549e+03 9.515253e+03
1.0 9.492081e+03 9.501546e+03 9.507104e+03 9.497638e+03
2.0 9.475352e+03 9.502555e+03 9.515578e+03 9.488374e+03
3.0 9.482366e+03 9.518362e+03 9.533936e+03 9.497940e+03
4.0 9.512551e+03 9.529637e+03 9.546444e+03 9.529358e+03
5.0 9.537111e+03 9.519377e+03 9.540829e+03 9.558563e+03
6.0 9.499479e+03 9.510446e+03 9.526717e+03 9.515750e+03
7.0 9.514354e+03 9.513920e+03 9.514785e+03 9.515219e+03
8.0 9.493330e+03 9.506982e+03 9.507567e+03 9.493915e+03
9.0 9.474423e+03 9.495918e+03 9.504009e+03 9.482514e+03
10.0 9.497561e+03 9.491839e+03 9.502802e+03 9.508524e+03
11.0 9.528366e+03 9.502780e+03 9.502967e+03 9.528553e+03
12.0 9.507203e+03 9.524349e+03 9.503760e+03 9.486614e+03
13.0 9.511822e+03 9.527361e+03 9.504665e+03 9.489126e+03
14.0 9.506656e+03 9.512060e+03 9.505412e+03 9.500009e+03
15.0 9.497188e+03 9.502004e+03 9.505925e+03 9.501108e+03
16.0 9.493848e+03 9.513136e+03 9.506233e+03 9.486945e+03
17.0 9.516109e+03 9.521838e+03 9.506400e+03 9.500672e+03
18.0 9.481196e+03 9.508161e+03 9.506483e+03 9.479518e+03
19.0 9.455410e+03 9.495108e+03 9.506521e+03 9.466824e+03
20.0 9.472278e+03 9.494843e+03 9.506538e+03 9.483973e+03
21.0 9.533916e+03 9.513197e+03 9.506545e+03 9.527264e+03
22.0 9.532093e+03 9.520091e+03 9.506548e+03 9.518550e+03
0.1 9.519690e+03 9.522685e+03 9.506549e+03 9.503554e+03
1.1 9.506302e+03 9.508502e+03 9.507265e+03 9.505065e+03
2.1 9.491484e+03 9.507568e+03 9.516445e+03 9.500361e+03
3.1 9.504875e+03 9.522198e+03 9.535016e+03 9.517693e+03
4.1 9.518297e+03 9.531604e+03 9.546599e+03 9.533292e+03
5.1 9.519356e+03 9.520155e+03 9.540113e+03 9.539314e+03
6.1 9.493528e+03 9.514432e+03 9.525920e+03 9.505016e+03
7.1 9.486409e+03 9.517583e+03 9.514249e+03 9.483075e+03
8.1 9.482679e+03 9.504969e+03 9.507279e+03 9.484989e+03
9.1 9.445382e+03 9.492169e+03 9.503887e+03 9.457100e+03
10.1 9.476726e+03 9.497225e+03 9.502782e+03 9.482283e+03
11.1 9.498311e+03 9.511746e+03 9.503001e+03 9.489566e+03
12.1 9.513686e+03 9.506252e+03 9.503812e+03 9.511246e+03
13.1 9.516206e+03 9.497640e+03 9.504714e+03 9.523280e+03
14.1 9.544999e+03 9.508223e+03 9.505448e+03 9.542224e+03
15.1 9.532832e+03 9.527559e+03 9.505947e+03 9.511220e+03
16.1 9.557762e+03 9.530085e+03 9.506246e+03 9.533923e+03
17.1 9.510513e+03 9.516574e+03 9.506406e+03 9.500345e+03
18.1 9.527593e+03 9.517366e+03 9.506486e+03 9.516713e+03
19.1 9.533475e+03 9.530604e+03 9.506523e+03 9.509393e+03
20.1 9.520789e+03 9.530243e+03 9.506539e+03 9.497085e+03
21.1 9.532705e+03 9.512316e+03 9.506546e+03 9.526935e+03
1.0 9.514650e+03 9.498236e+03 9.507033e+03 9.523447e+03
2.0 9.509373e+03 9.500354e+03 9.515158e+03 9.524176e+03
3.0 9.524676e+03 9.515802e+03 9.532081e+03 9.540955e+03
4.0 9.512309e+03 9.519322e+03 9.538608e+03 9.531594e+03
5.0 9.560605e+03 9.506479e+03 9.530453e+03 9.584579e+03
6.0 9.516011e+03 9.497139e+03 9.520072e+03 9.538943e+03
7.0 9.513137e+03 9.503657e+03 9.522095e+03 9.531575e+03
8.0 9.511595e+03 9.519280e+03 9.533918e+03 9.526233e+03
9.0 9.508455e+03 9.518403e+03 9.535006e+03 9.525058e+03
10.0 9.492073e+03 9.504679e+03 9.524937e+03 9.512332e+03
11.0 9.479244e+03 9.495560e+03 9.514394e+03 9.498078e+03
12.0 9.478391e+03 9.492547e+03 9.507721e+03 9.493564e+03
13.0 9.461920e+03 9.492153e+03 9.504451e+03 9.474217e+03
14.0 9.481681e+03 9.496326e+03 9.507023e+03 9.492378e+03
15.0 9.501820e+03 9.509302e+03 9.519629e+03 9.512147e+03
16.0 9.515128e+03 9.508965e+03 9.525866e+03 9.532029e+03
17.0 9.483377e+03 9.496723e+03 9.521227e+03 9.507881e+03
18.0 9.481282e+03 9.493576e+03 9.514069e+03 9.501775e+03
19.0 9.483122e+03 9.505923e+03 9.508937e+03 9.486137e+03
20.0 9.514886e+03 9.508919e+03 9.506088e+03 9.512055e+03
21.0 9.499171e+03 9.497264e+03 9.504793e+03 9.506700e+03
22.0 9.493100e+03 9.492419e+03 9.504480e+03 9.505161e+03
0.2 9.560605e+03 9.506479e+03 9.530453e+03 9.584579e+03
1.2 9.516011e+03 9.497139e+03 9.520072e+03 9.538943e+03
2.2 9.513137e+03 9.503657e+03 9.522095e+03 9.531575e+03
3.2 9.511595e+03 9.519280e+03 9.533918e+03 9.526233e+03
4.2 9.508455e+03 9.518403e+03 9.535006e+03 9.525058e+03
5.2 9.492073e+03 9.504679e+03 9.524937e+03 9.512332e+03
6.2 9.479244e+03 9.495560e+03 9.514394e+03 9.498078e+03
7.2 9.478391e+03 9.492547e+03 9.507721e+03 9.493564e+03
8.2 9.461920e+03 9.492153e+03 9.504451e+03 9.474217e+03
9.2 9.481681e+03 9.496326e+03 9.507023e+03 9.492378e+03
10.2 9.501820e+03 9.509302e+03 9.519629e+03 9.512147e+03
11.2 9.515128e+03 9.508965e+03 9.525866e+03 9.532029e+03
12.2 9.483377e+03 9.496723e+03 9.521227e+03 9.507881e+03
13.2 9.481282e+03 9.493576e+03 9.514069e+03 9.501775e+03
14.2 9.483122e+03 9.505923e+03 9.508937e+03 9.486137e+03
15.2 9.514886e+03 9.508919e+03 9.506088e+03 9.512055e+03
16.2 9.499171e+03 9.497264e+03 9.504793e+03 9.506700e+03
17.2 9.493100e+03 9.492419e+03 9.504480e+03 9.505161e+03
18.2 9.484514e+03 9.505001e+03 9.504731e+03 9.484243e+03
19.2 9.512627e+03 9.526014e+03 9.505207e+03 9.491820e+03
20.2 9.515168e+03 9.532411e+03 9.505680e+03 9.488437e+03
21.2 9.522731e+03 9.519523e+03 9.506044e+03 9.509252e+03
0.6 9.461920e+03 9.492153e+03 9.504451e+03 9.474217e+03
1.6 9.481681e+03 9.496326e+03 9.507023e+03 9.492378e+03
2.6 9.501820e+03 9.509302e+03 9.519629e+03 9.512147e+03
3.6 9.515128e+03 9.508965e+03 9.525866e+03 9.532029e+03
4.6 9.483377e+03 9.496723e+03 9.521227e+03 9.507881e+03
5.6 9.481282e+03 9.493576e+03 9.514069e+03 9.501775e+03
6.6 9.483122e+03 9.505923e+03 9.508937e+03 9.486137e+03
7.6 9.514886e+03 9.508919e+03 9.506088e+03 9.512055e+03
8.6 9.499171e+03 9.497264e+03 9.504793e+03 9.506700e+03
9.6 9.493100e+03 9.492419e+03 9.504480e+03 9.505161e+03
10.6 9.484514e+03 9.505001e+03 9.504731e+03 9.484243e+03
11.6 9.512627e+03 9.526014e+03 9.505207e+03 9.491820e+03
12.6 9.515168e+03 9.532411e+03 9.505680e+03 9.488437e+03
13.6 9.522731e+03 9.519523e+03 9.506044e+03 9.509252e+03
14.6 9.525767e+03 9.519507e+03 9.506281e+03 9.512540e+03
15.6 9.521999e+03 9.530726e+03 9.506417e+03 9.497690e+03
16.6 9.532837e+03 9.523623e+03 9.506488e+03 9.515702e+03
17.6 9.513170e+03 9.513152e+03 9.506523e+03 9.506541e+03
18.6 9.530182e+03 9.514705e+03 9.506538e+03 9.522015e+03
19.6 9.514113e+03 9.507178e+03 9.506545e+03 9.513481e+03
20.6 9.481750e+03 9.495781e+03 9.506548e+03 9.492517e+03
21.6 9.487151e+03 9.490632e+03 9.506549e+03 9.503068e+03
0.7 9.537927e+03 9.529989e+03 9.506620e+03 9.514557e+03
1.7 9.505818e+03 9.516371e+03 9.511211e+03 9.500659e+03
2.7 9.507631e+03 9.519053e+03 9.526811e+03 9.515389e+03
3.7 9.508382e+03 9.523122e+03 9.538117e+03 9.523377e+03
4.7 9.515398e+03 9.510524e+03 9.533337e+03 9.538211e+03
5.7 9.497124e+03 9.497145e+03 9.521999e+03 9.521978e+03
6.7 9.503902e+03 9.491512e+03 9.512765e+03 9.525155e+03
7.7 9.502999e+03 9.493712e+03 9.507275e+03 9.516561e+03
8.7 9.504009e+03 9.508913e+03 9.504574e+03 9.499669e+03
9.7 9.527720e+03 9.522931e+03 9.503658e+03 9.508447e+03
10.7 9.511175e+03 9.515734e+03 9.503794e+03 9.499234e+03
11.7 9.492630e+03 9.502272e+03 9.504412e+03 9.494771e+03
12.7 9.475476e+03 9.495131e+03 9.505113e+03 9.485458e+03
13.7 9.479530e+03 9.492856e+03 9.505687e+03 9.492362e+03
14.7 9.505860e+03 9.492458e+03 9.506079e+03 9.519481e+03
15.7 9.497092e+03 9.492845e+03 9.506312e+03 9.510559e+03
16.7 9.497605e+03 9.499009e+03 9.506438e+03 9.505034e+03
17.7 9.538995e+03 9.518932e+03 9.506500e+03 9.526563e+03
18.7 9.551758e+03 9.524500e+03 9.506529e+03 9.533787e+03
19.7 9.522924e+03 9.511722e+03 9.506548e+03 9.517750e+03
20.7 9.518438e+03 9.503091e+03 9.509165e+03 9.524512e+03
21.7 9.514195e+03 9.511465e+03 9.522733e+03 9.525463e+03
0.5 9.522924e+03 9.511722e+03 9.506548e+03 9.517750e+03
1.5 9.518438e+03 9.503091e+03 9.509165e+03 9.524512e+03
2.5 9.514195e+03 9.511465e+03 9.522733e+03 9.525463e+03
3.5 9.503523e+03 9.522642e+03 9.536995e+03 9.517877e+03
4.5 9.490074e+03 9.512119e+03 9.535474e+03 9.513430e+03
5.5 9.482175e+03 9.496092e+03 9.524582e+03 9.510665e+03
6.5 9.457611e+03 9.489756e+03 9.514532e+03 9.482387e+03
7.5 9.458664e+03 9.489643e+03 9.508241e+03 9.477262e+03
8.5 9.462169e+03 9.491046e+03 9.505003e+03 9.476126e+03
9.5 9.459865e+03 9.492497e+03 9.503765e+03 9.471133e+03
10.5 9.479562e+03 9.496809e+03 9.506763e+03 9.489516e+03
11.5 9.515267e+03 9.509934e+03 9.519586e+03 9.524918e+03
12.5 9.523170e+03 9.513291e+03 9.527009e+03 9.536888e+03
13.5 9.531453e+03 9.503464e+03 9.522804e+03 9.550794e+03
14.5 9.522595e+03 9.496081e+03 9.515310e+03 9.541823e+03
15.5 9.537810e+03 9.494582e+03 9.509700e+03 9.552928e+03
16.5 9.520559e+03 9.507079e+03 9.506496e+03 9.519976e+03
17.5 9.512687e+03 9.524037e+03 9.504978e+03 9.493627e+03
18.5 9.504362e+03 9.515858e+03 9.504536e+03 9.493040e+03
19.5 9.507650e+03 9.500881e+03 9.504721e+03 9.511490e+03
20.5 9.493170e+03 9.500960e+03 9.505174e+03 9.497385e+03
21.5 9.500219e+03 9.518093e+03 9.505648e+03 9.487774e+03
0.5 9.459865e+03 9.492497e+03 9.503765e+03 9.471133e+03
1.5 9.479562e+03 9.496809e+03 9.506763e+03 9.489516e+03
2.5 9.515267e+03 9.509934e+03 9.519586e+03 9.524918e+03
3.5 9.523170e+03 9.513291e+03 9.527009e+03 9.536888e+03
4.5 9.531453e+03 9.503464e+03 9.522804e+03 9.550794e+03
5.5 9.522595e+03 9.496081e+03 9.515310e+03 9.541823e+03
6.5 9.537810e+03 9.494582e+03 9.509700e+03 9.552928e+03
7.5 9.520559e+03 9.507079e+03 9.506496e+03 9.519976e+03
8.5 9.512687e+03 9.524037e+03 9.504978e+03 9.493627e+03
9.5 9.504362e+03 9.515858e+03 9.504536e+03 9.493040e+03
10.5 9.507650e+03 9.500881e+03 9.504721e+03 9.511490e+03
11.5 9.493170e+03 9.500960e+03 9.505174e+03 9.497385e+03
12.5 9.500219e+03 9.518093e+03 9.505648e+03 9.487774e+03
13.5 9.514501e+03 9.533269e+03 9.506020e+03 9.487251e+03
14.5 9.556376e+03 9.525289e+03 9.506265e+03 9.537352e+03
15.5 9.502839e+03 9.508453e+03 9.506408e+03 9.500794e+03
16.5 9.483354e+03 9.511245e+03 9.506484e+03 9.478594e+03
17.5 9.502140e+03 9.522842e+03 9.506521e+03 9.485818e+03
18.5 9.488740e+03 9.511955e+03 9.506538e+03 9.483322e+03
19.5 9.478065e+03 9.496730e+03 9.506545e+03 9.487880e+03
20.5 9.489731e+03 9.490555e+03 9.506548e+03 9.505724e+03
21.5 9.515573e+03 9.490023e+03 9.506549e+03 9.532100e+03
