0.3 9.663090e+03 9.664392e+03 9.682290e+03 9.680987e+03
1.3 9.689536e+03 9.665393e+03 9.683290e+03 9.707433e+03
2.3 9.687764e+03 9.672946e+03 9.690821e+03 9.705640e+03
3.3 9.675716e+03 9.683154e+03 9.697805e+03 9.690367e+03
4.3 9.655103e+03 9.689230e+03 9.696009e+03 9.661882e+03
5.3 9.631143e+03 9.690512e+03 9.690354e+03 9.630986e+03
6.3 9.650250e+03 9.694451e+03 9.685644e+03 9.641443e+03
7.3 9.705291e+03 9.696854e+03 9.682822e+03 9.691259e+03
8.3 9.687633e+03 9.691337e+03 9.681407e+03 9.677703e+03
9.3 9.662111e+03 9.679894e+03 9.680894e+03 9.663111e+03
10.3 9.650555e+03 9.669907e+03 9.680925e+03 9.661574e+03
11.3 9.673692e+03 9.666798e+03 9.681216e+03 9.688110e+03
12.3 9.685160e+03 9.675033e+03 9.681561e+03 9.691688e+03
13.3 9.698135e+03 9.686743e+03 9.681850e+03 9.693241e+03
14.3 9.702505e+03 9.693052e+03 9.682048e+03 9.691502e+03
15.3 9.694464e+03 9.692069e+03 9.682167e+03 9.684562e+03
16.3 9.688813e+03 9.683632e+03 9.682232e+03 9.687413e+03
17.3 9.688157e+03 9.680207e+03 9.682264e+03 9.690214e+03
18.3 9.685680e+03 9.685168e+03 9.682279e+03 9.682791e+03
19.3 9.702558e+03 9.689821e+03 9.682285e+03 9.695022e+03
20.3 9.700153e+03 9.688727e+03 9.682288e+03 9.693713e+03
0.2 9.713646e+03 9.687032e+03 9.682289e+03 9.708903e+03
1.2 9.693427e+03 9.674769e+03 9.683103e+03 9.701760e+03
2.2 9.697882e+03 9.673578e+03 9.690708e+03 9.715012e+03
3.2 9.706239e+03 9.682734e+03 9.704208e+03 9.727713e+03
4.2 9.719492e+03 9.689416e+03 9.711099e+03 9.741175e+03
5.2 9.743969e+03 9.688527e+03 9.705291e+03 9.760733e+03
6.2 9.724604e+03 9.681124e+03 9.695067e+03 9.738547e+03
7.2 9.675980e+03 9.674666e+03 9.687079e+03 9.688393e+03
8.2 9.665600e+03 9.676444e+03 9.682424e+03 9.671581e+03
9.2 9.676882e+03 9.681699e+03 9.680221e+03 9.675404e+03
10.2 9.720306e+03 9.685825e+03 9.679568e+03 9.714049e+03
11.2 9.751354e+03 9.685962e+03 9.679797e+03 9.745190e+03
12.2 9.718201e+03 9.679096e+03 9.680411e+03 9.719516e+03
13.2 9.661696e+03 9.673118e+03 9.683238e+03 9.671816e+03
14.2 9.648407e+03 9.677682e+03 9.693894e+03 9.664619e+03
15.2 9.677506e+03 9.685432e+03 9.703998e+03 9.696072e+03
16.2 9.692227e+03 9.687680e+03 9.702937e+03 9.707485e+03
17.2 9.692703e+03 9.688469e+03 9.701447e+03 9.705680e+03
18.2 9.680723e+03 9.693411e+03 9.707681e+03 9.694992e+03
19.2 9.694968e+03 9.696842e+03 9.711985e+03 9.710111e+03
20.2 9.696593e+03 9.696270e+03 9.705427e+03 9.705750e+03
0.5 9.718201e+03 9.679096e+03 9.680411e+03 9.719516e+03
1.5 9.661696e+03 9.673118e+03 9.683238e+03 9.671816e+03
2.5 9.648407e+03 9.677682e+03 9.693894e+03 9.664619e+03
3.5 9.677506e+03 9.685432e+03 9.703998e+03 9.696072e+03
4.5 9.692227e+03 9.687680e+03 9.702937e+03 9.707485e+03
5.5 9.692703e+03 9.688469e+03 9.701447e+03 9.705680e+03
6.5 9.680723e+03 9.693411e+03 9.707681e+03 9.694992e+03
7.5 9.694968e+03 9.696842e+03 9.711985e+03 9.710111e+03
8.5 9.696593e+03 9.696270e+03 9.705427e+03 9.705750e+03
9.5 9.696133e+03 9.688702e+03 9.694440e+03 9.701871e+03
10.5 9.676875e+03 9.677138e+03 9.685976e+03 9.685713e+03
11.5 9.692578e+03 9.669280e+03 9.681295e+03 9.704593e+03
12.5 9.725899e+03 9.677299e+03 9.679310e+03 9.727909e+03
13.5 9.728467e+03 9.695894e+03 9.678914e+03 9.711487e+03
14.5 9.709662e+03 9.705026e+03 9.679355e+03 9.683991e+03
15.5 9.729840e+03 9.706111e+03 9.680115e+03 9.703843e+03
16.5 9.728782e+03 9.708778e+03 9.680864e+03 9.700868e+03
17.5 9.710092e+03 9.707291e+03 9.681446e+03 9.684246e+03
18.5 9.689761e+03 9.696809e+03 9.681832e+03 9.674784e+03
19.5 9.660648e+03 9.681328e+03 9.682060e+03 9.661379e+03
20.5 9.655880e+03 9.668915e+03 9.682182e+03 9.669147e+03
0.1 9.677506e+03 9.685432e+03 9.703998e+03 9.696072e+03
1.1 9.692227e+03 9.687680e+03 9.702937e+03 9.707485e+03
2.1 9.692703e+03 9.688469e+03 9.701447e+03 9.705680e+03
3.1 9.680723e+03 9.693411e+03 9.707681e+03 9.694992e+03
4.1 9.694968e+03 9.696842e+03 9.711985e+03 9.710111e+03
5.1 9.696593e+03 9.696270e+03 9.705427e+03 9.705750e+03
6.1 9.696133e+03 9.688702e+03 9.694440e+03 9.701871e+03
7.1 9.676875e+03 9.677138e+03 9.685976e+03 9.685713e+03
8.1 9.692578e+03 9.669280e+03 9.681295e+03 9.704593e+03
9.1 9.725899e+03 9.677299e+03 9.679310e+03 9.727909e+03
10.1 9.728467e+03 9.695894e+03 9.678914e+03 9.711487e+03
11.1 9.709662e+03 9.705026e+03 9.679355e+03 9.683991e+03
12.1 9.729840e+03 9.706111e+03 9.680115e+03 9.703843e+03
13.1 9.728782e+03 9.708778e+03 9.680864e+03 9.700868e+03
14.1 9.710092e+03 9.707291e+03 9.681446e+03 9.684246e+03
15.1 9.689761e+03 9.696809e+03 9.681832e+03 9.674784e+03
16.1 9.660648e+03 9.681328e+03 9.682060e+03 9.661379e+03
17.1 9.655880e+03 9.668915e+03 9.682182e+03 9.669147e+03
18.1 9.662014e+03 9.662106e+03 9.682242e+03 9.682150e+03
19.1 9.690462e+03 9.662735e+03 9.682270e+03 9.709997e+03
20.1 9.700963e+03 9.670769e+03 9.682282e+03 9.712476e+03
0.3 9.705220e+03 9.694633e+03 9.682290e+03 9.692877e+03
1.3 9.706901e+03 9.690372e+03 9.683505e+03 9.700034e+03
2.3 9.702561e+03 9.688234e+03 9.692091e+03 9.706417e+03
3.3 9.702432e+03 9.690785e+03 9.703273e+03 9.714920e+03
4.3 9.719593e+03 9.692648e+03 9.703829e+03 9.730774e+03
5.3 9.741366e+03 9.692754e+03 9.696417e+03 9.745030e+03
6.3 9.716110e+03 9.694934e+03 9.688884e+03 9.710060e+03
7.3 9.682859e+03 9.696922e+03 9.683994e+03 9.669931e+03
8.3 9.701634e+03 9.695997e+03 9.681409e+03 9.687046e+03
9.3 9.700420e+03 9.689620e+03 9.680346e+03 9.691146e+03
10.3 9.693158e+03 9.680226e+03 9.680216e+03 9.693149e+03
11.3 9.693675e+03 9.681116e+03 9.680572e+03 9.693131e+03
12.3 9.707108e+03 9.687356e+03 9.681078e+03 9.700830e+03
13.3 9.712392e+03 9.689197e+03 9.681533e+03 9.704728e+03
14.3 9.679796e+03 9.682890e+03 9.681862e+03 9.678768e+03
15.3 9.667432e+03 9.681031e+03 9.682068e+03 9.668470e+03
16.3 9.683215e+03 9.686072e+03 9.682183e+03 9.679326e+03
17.3 9.711328e+03 9.690264e+03 9.682241e+03 9.703305e+03
18.3 9.694688e+03 9.688026e+03 9.682269e+03 9.688932e+03
19.3 9.667675e+03 9.678983e+03 9.682281e+03 9.670973e+03
20.3 9.654451e+03 9.670566e+03 9.682286e+03 9.666171e+03
0.3 9.660597e+03 9.700305e+03 9.682290e+03 9.642581e+03
1.3 9.669621e+03 9.687628e+03 9.683394e+03 9.665387e+03
2.3 9.680804e+03 9.682204e+03 9.691104e+03 9.689704e+03
3.3 9.678919e+03 9.682665e+03 9.697871e+03 9.694125e+03
4.3 9.653378e+03 9.681168e+03 9.695868e+03 9.668077e+03
5.3 9.634813e+03 9.674873e+03 9.690200e+03 9.650140e+03
6.3 9.628439e+03 9.669893e+03 9.687416e+03 9.645963e+03
7.3 9.681959e+03 9.674194e+03 9.693237e+03 9.701003e+03
8.3 9.713413e+03 9.680416e+03 9.697188e+03 9.730186e+03
9.3 9.722381e+03 9.681102e+03 9.693568e+03 9.734847e+03
10.3 9.702776e+03 9.675625e+03 9.687906e+03 9.715057e+03
11.3 9.672245e+03 9.669281e+03 9.683874e+03 9.686838e+03
12.3 9.663433e+03 9.665022e+03 9.681726e+03 9.680138e+03
13.3 9.670369e+03 9.662872e+03 9.680812e+03 9.688310e+03
14.3 9.682049e+03 9.663269e+03 9.680630e+03 9.699410e+03
15.3 9.730091e+03 9.673386e+03 9.680851e+03 9.737556e+03
16.3 9.757851e+03 9.689108e+03 9.681230e+03 9.749972e+03
17.3 9.710663e+03 9.697780e+03 9.681601e+03 9.694484e+03
18.3 9.676051e+03 9.695493e+03 9.681886e+03 9.662444e+03
19.3 9.668166e+03 9.689084e+03 9.682074e+03 9.661156e+03
20.3 9.667736e+03 9.687470e+03 9.682182e+03 9.662448e+03
0.5 9.634813e+03 9.674873e+03 9.690200e+03 9.650140e+03
1.5 9.628439e+03 9.669893e+03 9.687416e+03 9.645963e+03
2.5 9.681959e+03 9.674194e+03 9.693237e+03 9.701003e+03
3.5 9.713413e+03 9.680416e+03 9.697188e+03 9.730186e+03
4.5 9.722381e+03 9.681102e+03 9.693568e+03 9.734847e+03
5.5 9.702776e+03 9.675625e+03 9.687906e+03 9.715057e+03
6.5 9.672245e+03 9.669281e+03 9.683874e+03 9.686838e+03
7.5 9.663433e+03 9.665022e+03 9.681726e+03 9.680138e+03
8.5 9.670369e+03 9.662872e+03 9.680812e+03 9.688310e+03
9.5 9.682049e+03 9.663269e+03 9.680630e+03 9.699410e+03
10.5 9.730091e+03 9.673386e+03 9.680851e+03 9.737556e+03
11.5 9.757851e+03 9.689108e+03 9.681230e+03 9.749972e+03
12.5 9.710663e+03 9.697780e+03 9.681601e+03 9.694484e+03
13.5 9.676051e+03 9.695493e+03 9.681886e+03 9.662444e+03
14.5 9.668166e+03 9.689084e+03 9.682074e+03 9.661156e+03
15.5 9.667736e+03 9.687470e+03 9.682182e+03 9.662448e+03
16.5 9.666590e+03 9.687480e+03 9.682240e+03 9.661351e+03
17.5 9.685115e+03 9.688926e+03 9.682268e+03 9.678457e+03
18.5 9.689081e+03 9.695349e+03 9.682281e+03 9.676012e+03
19.5 9.685181e+03 9.701812e+03 9.682286e+03 9.665655e+03
20.5 9.665141e+03 9.698291e+03 9.682288e+03 9.649138e+03
0.6 9.661069e+03 9.662004e+03 9.682308e+03 9.681373e+03
1.6 9.658767e+03 9.663859e+03 9.684834e+03 9.679743e+03
2.6 9.674360e+03 9.673335e+03 9.693801e+03 9.694826e+03
3.6 9.682852e+03 9.683794e+03 9.698090e+03 9.697148e+03
4.6 9.694368e+03 9.687244e+03 9.694330e+03 9.701454e+03
5.6 9.710036e+03 9.682542e+03 9.688671e+03 9.716166e+03
6.6 9.695002e+03 9.681123e+03 9.684569e+03 9.698448e+03
7.6 9.665219e+03 9.682922e+03 9.682253e+03 9.664551e+03
8.6 9.652555e+03 9.683168e+03 9.681167e+03 9.650555e+03
9.6 9.652127e+03 9.678997e+03 9.680860e+03 9.653990e+03
10.6 9.667151e+03 9.672110e+03 9.681000e+03 9.676041e+03
11.6 9.659667e+03 9.666509e+03 9.681326e+03 9.674484e+03
12.6 9.656068e+03 9.663368e+03 9.681661e+03 9.674361e+03
13.6 9.638694e+03 9.662097e+03 9.681922e+03 9.658519e+03
14.6 9.671897e+03 9.663439e+03 9.682093e+03 9.690551e+03
15.6 9.694152e+03 9.670145e+03 9.682192e+03 9.706200e+03
16.6 9.697144e+03 9.679182e+03 9.682245e+03 9.700207e+03
17.6 9.695235e+03 9.684104e+03 9.682270e+03 9.693400e+03
18.6 9.663504e+03 9.679990e+03 9.682281e+03 9.665795e+03
19.6 9.674149e+03 9.673241e+03 9.682684e+03 9.683592e+03
20.6 9.669595e+03 9.673668e+03 9.688603e+03 9.684530e+03
1.0 9.674149e+03 9.673241e+03 9.682684e+03 9.683592e+03
2.0 9.669595e+03 9.673668e+03 9.688603e+03 9.684530e+03
3.0 9.675838e+03 9.680144e+03 9.697238e+03 9.692932e+03
4.0 9.682284e+03 9.683482e+03 9.697425e+03 9.696226e+03
5.0 9.699204e+03 9.679969e+03 9.691984e+03 9.711219e+03
6.0 9.684805e+03 9.679216e+03 9.686721e+03 9.692311e+03
7.0 9.686822e+03 9.689799e+03 9.683386e+03 9.680409e+03
8.0 9.672570e+03 9.700637e+03 9.681638e+03 9.653570e+03
9.0 9.713099e+03 9.702803e+03 9.680925e+03 9.691222e+03
10.0 9.681073e+03 9.695714e+03 9.681364e+03 9.666723e+03
11.0 9.657129e+03 9.688795e+03 9.687981e+03 9.656315e+03
12.0 9.639241e+03 9.686961e+03 9.696682e+03 9.648962e+03
13.0 9.618062e+03 9.684507e+03 9.696681e+03 9.630236e+03
14.0 9.624406e+03 9.677666e+03 9.691355e+03 9.638096e+03
15.0 9.636868e+03 9.669682e+03 9.686329e+03 9.653515e+03
16.0 9.666401e+03 9.664222e+03 9.683178e+03 9.685357e+03
17.0 9.663825e+03 9.661641e+03 9.681542e+03 9.683726e+03
18.0 9.666973e+03 9.660932e+03 9.680893e+03 9.686934e+03
19.0 9.665728e+03 9.661200e+03 9.680853e+03 9.685380e+03
0.1 9.713099e+03 9.702803e+03 9.680925e+03 9.691222e+03
1.1 9.681073e+03 9.695714e+03 9.681364e+03 9.666723e+03
2.1 9.657129e+03 9.688795e+03 9.687981e+03 9.656315e+03
3.1 9.639241e+03 9.686961e+03 9.696682e+03 9.648962e+03
4.1 9.618062e+03 9.684507e+03 9.696681e+03 9.630236e+03
5.1 9.624406e+03 9.677666e+03 9.691355e+03 9.638096e+03
6.1 9.636868e+03 9.669682e+03 9.686329e+03 9.653515e+03
7.1 9.666401e+03 9.664222e+03 9.683178e+03 9.685357e+03
8.1 9.663825e+03 9.661641e+03 9.681542e+03 9.683726e+03
9.1 9.666973e+03 9.660932e+03 9.680893e+03 9.686934e+03
10.1 9.665728e+03 9.661200e+03 9.680853e+03 9.685380e+03
