0.4 4.255333e+03 4.239590e+03 4.224861e+03 4.240603e+03
1.4 4.253228e+03 4.247051e+03 4.227729e+03 4.233906e+03
2.4 4.242636e+03 4.243524e+03 4.236823e+03 4.235935e+03
3.4 4.228580e+03 4.229402e+03 4.239477e+03 4.238655e+03
4.4 4.261587e+03 4.213312e+03 4.235149e+03 4.283425e+03
5.4 4.241063e+03 4.202048e+03 4.229976e+03 4.268991e+03
6.4 4.191445e+03 4.196235e+03 4.226485e+03 4.221695e+03
7.4 4.198730e+03 4.194244e+03 4.224579e+03 4.229065e+03
8.4 4.209247e+03 4.199446e+03 4.223724e+03 4.233524e+03
9.4 4.253531e+03 4.218797e+03 4.223529e+03 4.258263e+03
10.4 4.218181e+03 4.237783e+03 4.223705e+03 4.204103e+03
11.4 4.266338e+03 4.247505e+03 4.224018e+03 4.242851e+03
12.4 4.254951e+03 4.243696e+03 4.224321e+03 4.235576e+03
13.4 4.247927e+03 4.242025e+03 4.224548e+03 4.230450e+03
14.4 4.263134e+03 4.244705e+03 4.224693e+03 4.243122e+03
15.4 4.250112e+03 4.241944e+03 4.224776e+03 4.232943e+03
16.4 4.260935e+03 4.229375e+03 4.224819e+03 4.256379e+03
17.4 4.238154e+03 4.226115e+03 4.224839e+03 4.236878e+03
18.4 4.239193e+03 4.233960e+03 4.224873e+03 4.230106e+03
19.4 4.248434e+03 4.238489e+03 4.228640e+03 4.238584e+03
20.4 4.251774e+03 4.237161e+03 4.237621e+03 4.252234e+03
0.5 4.239193e+03 4.233960e+03 4.224873e+03 4.230106e+03
1.5 4.248434e+03 4.238489e+03 4.228640e+03 4.238584e+03
2.5 4.251774e+03 4.237161e+03 4.237621e+03 4.252234e+03
3.5 4.232401e+03 4.234011e+03 4.239210e+03 4.237601e+03
4.5 4.241624e+03 4.233034e+03 4.234514e+03 4.243104e+03
5.5 4.256953e+03 4.233377e+03 4.229482e+03 4.253057e+03
6.5 4.248352e+03 4.235297e+03 4.226198e+03 4.239252e+03
7.5 4.224205e+03 4.226719e+03 4.224437e+03 4.221922e+03
8.5 4.208471e+03 4.213974e+03 4.223674e+03 4.218171e+03
9.5 4.214930e+03 4.212734e+03 4.223536e+03 4.225731e+03
10.5 4.191667e+03 4.223560e+03 4.223739e+03 4.191846e+03
11.5 4.227682e+03 4.232124e+03 4.226325e+03 4.221884e+03
12.5 4.259049e+03 4.234045e+03 4.235647e+03 4.260651e+03
13.5 4.237798e+03 4.226100e+03 4.239328e+03 4.251026e+03
14.5 4.208535e+03 4.218517e+03 4.235473e+03 4.225492e+03
15.5 4.205705e+03 4.225051e+03 4.230291e+03 4.210945e+03
16.5 4.208644e+03 4.236787e+03 4.226682e+03 4.198538e+03
17.5 4.269629e+03 4.244043e+03 4.224681e+03 4.250267e+03
18.5 4.234520e+03 4.242438e+03 4.223761e+03 4.215842e+03
19.5 4.242069e+03 4.228320e+03 4.223526e+03 4.237274e+03
20.5 4.198055e+03 4.215136e+03 4.223681e+03 4.206600e+03
0.3 4.191667e+03 4.223560e+03 4.223739e+03 4.191846e+03
1.3 4.227682e+03 4.232124e+03 4.226325e+03 4.221884e+03
2.3 4.259049e+03 4.234045e+03 4.235647e+03 4.260651e+03
3.3 4.237798e+03 4.226100e+03 4.239328e+03 4.251026e+03
4.3 4.208535e+03 4.218517e+03 4.235473e+03 4.225492e+03
5.3 4.205705e+03 4.225051e+03 4.230291e+03 4.210945e+03
6.3 4.208644e+03 4.236787e+03 4.226682e+03 4.198538e+03
7.3 4.269629e+03 4.244043e+03 4.224681e+03 4.250267e+03
8.3 4.234520e+03 4.242438e+03 4.223761e+03 4.215842e+03
9.3 4.242069e+03 4.228320e+03 4.223526e+03 4.237274e+03
10.3 4.198055e+03 4.215136e+03 4.223681e+03 4.206600e+03
11.3 4.213293e+03 4.216718e+03 4.223990e+03 4.220565e+03
12.3 4.218670e+03 4.224708e+03 4.225880e+03 4.219843e+03
13.3 4.234803e+03 4.230035e+03 4.234846e+03 4.239614e+03
14.3 4.235121e+03 4.232752e+03 4.239534e+03 4.241903e+03
15.3 4.236327e+03 4.237812e+03 4.236159e+03 4.234674e+03
16.3 4.238113e+03 4.241098e+03 4.230862e+03 4.227877e+03
17.3 4.258779e+03 4.243481e+03 4.227022e+03 4.242320e+03
18.3 4.247112e+03 4.236100e+03 4.224854e+03 4.235865e+03
19.3 4.202153e+03 4.220332e+03 4.223829e+03 4.205650e+03
20.3 4.215978e+03 4.207895e+03 4.223529e+03 4.231612e+03
0.2 4.213293e+03 4.216718e+03 4.223990e+03 4.220565e+03
1.2 4.218670e+03 4.224708e+03 4.225880e+03 4.219843e+03
2.2 4.234803e+03 4.230035e+03 4.234846e+03 4.239614e+03
3.2 4.235121e+03 4.232752e+03 4.239534e+03 4.241903e+03
4.2 4.236327e+03 4.237812e+03 4.236159e+03 4.234674e+03
5.2 4.238113e+03 4.241098e+03 4.230862e+03 4.227877e+03
6.2 4.258779e+03 4.243481e+03 4.227022e+03 4.242320e+03
7.2 4.247112e+03 4.236100e+03 4.224854e+03 4.235865e+03
8.2 4.202153e+03 4.220332e+03 4.223829e+03 4.205650e+03
9.2 4.215978e+03 4.207895e+03 4.223529e+03 4.231612e+03
10.2 4.225545e+03 4.212393e+03 4.223652e+03 4.236804e+03
11.2 4.232209e+03 4.228874e+03 4.223953e+03 4.227289e+03
12.2 4.227728e+03 4.241919e+03 4.224265e+03 4.210075e+03
13.2 4.251780e+03 4.248087e+03 4.224509e+03 4.228202e+03
14.2 4.254730e+03 4.250420e+03 4.224670e+03 4.228980e+03
15.2 4.249675e+03 4.251078e+03 4.224763e+03 4.223360e+03
16.2 4.230961e+03 4.242770e+03 4.224812e+03 4.213004e+03
17.2 4.210549e+03 4.224837e+03 4.224836e+03 4.210548e+03
18.2 4.199417e+03 4.208491e+03 4.224847e+03 4.215772e+03
19.2 4.204695e+03 4.198940e+03 4.224851e+03 4.230606e+03
20.2 4.218798e+03 4.201425e+03 4.224853e+03 4.242226e+03
0.6 4.244428e+03 4.217186e+03 4.224899e+03 4.252140e+03
1.6 4.245593e+03 4.230349e+03 4.229138e+03 4.244381e+03
2.6 4.231169e+03 4.235828e+03 4.237976e+03 4.233318e+03
3.6 4.235613e+03 4.239958e+03 4.239045e+03 4.234700e+03
4.6 4.228830e+03 4.243802e+03 4.234197e+03 4.219225e+03
5.6 4.253345e+03 4.246400e+03 4.229244e+03 4.236189e+03
6.6 4.227825e+03 4.240347e+03 4.226061e+03 4.213540e+03
7.6 4.234841e+03 4.234146e+03 4.224370e+03 4.225066e+03
8.6 4.219340e+03 4.234024e+03 4.223652e+03 4.208969e+03
9.6 4.258345e+03 4.237869e+03 4.223540e+03 4.244017e+03
10.6 4.273559e+03 4.240936e+03 4.223754e+03 4.256376e+03
11.6 4.252450e+03 4.244523e+03 4.224074e+03 4.232001e+03
12.6 4.246341e+03 4.246747e+03 4.224366e+03 4.223960e+03
13.6 4.236350e+03 4.247143e+03 4.224578e+03 4.213785e+03
14.6 4.229257e+03 4.239924e+03 4.224711e+03 4.214045e+03
15.6 4.205427e+03 4.224691e+03 4.224786e+03 4.205521e+03
16.6 4.230759e+03 4.217060e+03 4.224823e+03 4.238522e+03
17.6 4.232979e+03 4.220406e+03 4.224841e+03 4.237415e+03
18.6 4.250059e+03 4.227172e+03 4.224849e+03 4.247736e+03
19.6 4.236131e+03 4.223279e+03 4.224852e+03 4.237704e+03
20.6 4.194392e+03 4.222977e+03 4.224853e+03 4.196268e+03
0.6 4.219552e+03 4.223945e+03 4.224888e+03 4.220495e+03
1.6 4.228472e+03 4.225247e+03 4.228887e+03 4.232111e+03
2.6 4.226171e+03 4.226131e+03 4.237803e+03 4.237843e+03
3.6 4.215406e+03 4.218530e+03 4.239130e+03 4.236006e+03
4.6 4.210272e+03 4.210365e+03 4.234356e+03 4.234263e+03
5.6 4.224374e+03 4.213529e+03 4.229504e+03 4.240349e+03
6.6 4.225586e+03 4.221807e+03 4.231738e+03 4.235518e+03
7.6 4.230439e+03 4.225094e+03 4.238269e+03 4.243614e+03
8.6 4.240046e+03 4.218167e+03 4.237356e+03 4.259235e+03
9.6 4.209313e+03 4.208557e+03 4.232094e+03 4.232849e+03
10.6 4.218501e+03 4.201735e+03 4.227569e+03 4.244335e+03
11.6 4.192917e+03 4.198169e+03 4.224952e+03 4.219700e+03
12.6 4.181990e+03 4.197639e+03 4.223723e+03 4.208073e+03
13.6 4.218778e+03 4.204886e+03 4.223326e+03 4.237217e+03
14.6 4.245451e+03 4.217008e+03 4.223411e+03 4.251854e+03
15.6 4.213341e+03 4.230026e+03 4.223727e+03 4.207042e+03
16.6 4.221310e+03 4.235386e+03 4.224087e+03 4.210010e+03
17.6 4.220401e+03 4.235321e+03 4.224388e+03 4.209468e+03
18.6 4.225938e+03 4.241421e+03 4.224596e+03 4.209113e+03
19.6 4.228197e+03 4.246432e+03 4.224723e+03 4.206488e+03
20.6 4.241988e+03 4.249049e+03 4.224792e+03 4.217731e+03
0.7 4.224374e+03 4.213529e+03 4.229504e+03 4.240349e+03
1.7 4.225586e+03 4.221807e+03 4.231738e+03 4.235518e+03
2.7 4.230439e+03 4.225094e+03 4.238269e+03 4.243614e+03
3.7 4.240046e+03 4.218167e+03 4.237356e+03 4.259235e+03
4.7 4.209313e+03 4.208557e+03 4.232094e+03 4.232849e+03
5.7 4.218501e+03 4.201735e+03 4.227569e+03 4.244335e+03
6.7 4.192917e+03 4.198169e+03 4.224952e+03 4.219700e+03
7.7 4.181990e+03 4.197639e+03 4.223723e+03 4.208073e+03
8.7 4.218778e+03 4.204886e+03 4.223326e+03 4.237217e+03
9.7 4.245451e+03 4.217008e+03 4.223411e+03 4.251854e+03
10.7 4.213341e+03 4.230026e+03 4.223727e+03 4.207042e+03
11.7 4.221310e+03 4.235386e+03 4.224087e+03 4.210010e+03
12.7 4.220401e+03 4.235321e+03 4.224388e+03 4.209468e+03
13.7 4.225938e+03 4.241421e+03 4.224596e+03 4.209113e+03
14.7 4.228197e+03 4.246432e+03 4.224723e+03 4.206488e+03
15.7 4.241988e+03 4.249049e+03 4.224792e+03 4.217731e+03
16.7 4.258196e+03 4.250005e+03 4.224828e+03 4.233020e+03
17.7 4.237437e+03 4.248308e+03 4.227113e+03 4.216242e+03
18.7 4.209216e+03 4.242030e+03 4.236145e+03 4.203332e+03
19.7 4.220244e+03 4.228502e+03 4.239612e+03 4.231354e+03
20.7 4.216754e+03 4.221241e+03 4.235622e+03 4.231135e+03
0.4 4.258196e+03 4.250005e+03 4.224828e+03 4.233020e+03
1.4 4.237437e+03 4.248308e+03 4.227113e+03 4.216242e+03
2.4 4.209216e+03 4.242030e+03 4.236145e+03 4.203332e+03
3.4 4.220244e+03 4.228502e+03 4.239612e+03 4.231354e+03
4.4 4.216754e+03 4.221241e+03 4.235622e+03 4.231135e+03
5.4 4.233312e+03 4.226136e+03 4.231946e+03 4.239123e+03
6.4 4.229465e+03 4.230641e+03 4.237029e+03 4.235853e+03
7.4 4.209450e+03 4.227875e+03 4.239545e+03 4.221119e+03
8.4 4.223033e+03 4.230078e+03 4.235154e+03 4.228109e+03
9.4 4.216502e+03 4.238367e+03 4.229573e+03 4.207709e+03
10.4 4.214129e+03 4.243682e+03 4.225866e+03 4.196312e+03
11.4 4.230562e+03 4.245387e+03 4.223997e+03 4.209172e+03
12.4 4.218924e+03 4.241962e+03 4.223274e+03 4.200236e+03
13.4 4.223889e+03 4.237920e+03 4.223208e+03 4.209176e+03
14.4 4.232890e+03 4.235827e+03 4.223482e+03 4.220545e+03
15.4 4.223127e+03 4.235442e+03 4.223869e+03 4.211554e+03
16.4 4.228888e+03 4.225639e+03 4.224227e+03 4.227476e+03
17.4 4.214920e+03 4.219806e+03 4.224493e+03 4.219608e+03
18.4 4.223899e+03 4.226954e+03 4.224663e+03 4.221609e+03
19.4 4.243162e+03 4.236068e+03 4.224761e+03 4.231855e+03
20.4 4.278738e+03 4.239160e+03 4.224811e+03 4.264390e+03
0.2 4.216754e+03 4.221241e+03 4.235622e+03 4.231135e+03
1.2 4.233312e+03 4.226136e+03 4.231946e+03 4.239123e+03
2.2 4.229465e+03 4.230641e+03 4.237029e+03 4.235853e+03
3.2 4.209450e+03 4.227875e+03 4.239545e+03 4.221119e+03
4.2 4.223033e+03 4.230078e+03 4.235154e+03 4.228109e+03
5.2 4.216502e+03 4.238367e+03 4.229573e+03 4.207709e+03
6.2 4.214129e+03 4.243682e+03 4.225866e+03 4.196312e+03
7.2 4.230562e+03 4.245387e+03 4.223997e+03 4.209172e+03
8.2 4.218924e+03 4.241962e+03 4.223274e+03 4.200236e+03
9.2 4.223889e+03 4.237920e+03 4.223208e+03 4.209176e+03
10.2 4.232890e+03 4.235827e+03 4.223482e+03 4.220545e+03
11.2 4.223127e+03 4.235442e+03 4.223869e+03 4.211554e+03
12.2 4.228888e+03 4.225639e+03 4.224227e+03 4.227476e+03
13.2 4.214920e+03 4.219806e+03 4.224493e+03 4.219608e+03
14.2 4.223899e+03 4.226954e+03 4.224663e+03 4.221609e+03
15.2 4.243162e+03 4.236068e+03 4.224761e+03 4.231855e+03
16.2 4.278738e+03 4.239160e+03 4.224811e+03 4.264390e+03
17.2 4.259045e+03 4.229391e+03 4.224836e+03 4.254490e+03
18.2 4.221368e+03 4.224815e+03 4.224847e+03 4.221400e+03
19.2 4.233474e+03 4.231147e+03 4.224851e+03 4.227179e+03
20.2 4.243717e+03 4.238821e+03 4.224853e+03 4.229749e+03
0.9 4.216373e+03 4.211578e+03 4.225204e+03 4.229998e+03
1.9 4.244310e+03 4.224056e+03 4.231865e+03 4.252119e+03
2.9 4.238660e+03 4.227004e+03 4.239255e+03 4.250911e+03
3.9 4.222040e+03 4.221785e+03 4.237951e+03 4.238206e+03
4.9 4.199165e+03 4.223930e+03 4.232812e+03 4.208047e+03
5.9 4.230306e+03 4.229668e+03 4.234036e+03 4.234673e+03
6.9 4.218068e+03 4.229566e+03 4.239441e+03 4.227943e+03
7.9 4.234476e+03 4.221688e+03 4.237665e+03 4.250453e+03
8.9 4.217151e+03 4.222608e+03 4.231972e+03 4.226514e+03
9.9 4.281981e+03 4.233533e+03 4.227294e+03 4.275742e+03
10.9 4.250283e+03 4.241631e+03 4.224669e+03 4.233321e+03
11.9 4.252780e+03 4.246621e+03 4.223499e+03 4.229658e+03
12.9 4.233904e+03 4.250609e+03 4.223180e+03 4.206474e+03
13.9 4.229984e+03 4.253686e+03 4.223331e+03 4.199628e+03
14.9 4.242802e+03 4.253536e+03 4.223689e+03 4.212955e+03
15.9 4.274226e+03 4.247795e+03 4.224073e+03 4.250504e+03
16.9 4.239618e+03 4.239119e+03 4.224384e+03 4.224883e+03
17.9 4.223701e+03 4.236683e+03 4.224596e+03 4.211614e+03
18.9 4.217163e+03 4.229956e+03 4.224724e+03 4.211931e+03
19.9 4.217709e+03 4.216049e+03 4.224793e+03 4.226453e+03
20.9 4.194072e+03 4.203914e+03 4.224827e+03 4.214985e+03
0.8 4.199165e+03 4.223930e+03 4.232812e+03 4.208047e+03
1.8 4.230306e+03 4.229668e+03 4.234036e+03 4.234673e+03
2.8 4.218068e+03 4.229566e+03 4.239441e+03 4.227943e+03
3.8 4.234476e+03 4.221688e+03 4.237665e+03 4.250453e+03
4.8 4.217151e+03 4.222608e+03 4.231972e+03 4.226514e+03
5.8 4.281981e+03 4.233533e+03 4.227294e+03 4.275742e+03
6.8 4.250283e+03 4.241631e+03 4.224669e+03 4.233321e+03
7.8 4.252780e+03 4.246621e+03 4.223499e+03 4.229658e+03
8.8 4.233904e+03 4.250609e+03 4.223180e+03 4.206474e+03
9.8 4.229984e+03 4.253686e+03 4.223331e+03 4.199628e+03
10.8 4.242802e+03 4.253536e+03 4.223689e+03 4.212955e+03
11.8 4.274226e+03 4.247795e+03 4.224073e+03 4.250504e+03
12.8 4.239618e+03 4.239119e+03 4.224384e+03 4.224883e+03
13.8 4.223701e+03 4.236683e+03 4.224596e+03 4.211614e+03
14.8 4.217163e+03 4.229956e+03 4.224724e+03 4.211931e+03
15.8 4.217709e+03 4.216049e+03 4.224793e+03 4.226453e+03
16.8 4.194072e+03 4.203914e+03 4.224827e+03 4.214985e+03
17.8 4.202176e+03 4.200334e+03 4.224843e+03 4.226684e+03
18.8 4.187147e+03 4.208626e+03 4.224850e+03 4.203371e+03
19.8 4.215323e+03 4.219979e+03 4.224853e+03 4.220197e+03
20.8 4.276758e+03 4.230581e+03 4.224854e+03 4.271031e+03
0.1 4.250879e+03 4.230229e+03 4.224854e+03 4.245504e+03
1.1 4.248252e+03 4.236429e+03 4.226014e+03 4.237838e+03
2.1 4.233002e+03 4.238011e+03 4.234381e+03 4.229371e+03
3.1 4.222064e+03 4.230004e+03 4.239697e+03 4.231758e+03
4.1 4.217553e+03 4.216319e+03 4.236696e+03 4.237929e+03
5.1 4.221958e+03 4.205032e+03 4.231318e+03 4.248244e+03
6.1 4.215430e+03 4.198563e+03 4.227297e+03 4.244163e+03
7.1 4.189284e+03 4.195825e+03 4.224995e+03 4.218455e+03
8.1 4.198404e+03 4.198352e+03 4.223886e+03 4.223939e+03
9.1 4.228553e+03 4.211608e+03 4.223535e+03 4.240481e+03
10.1 4.217541e+03 4.228418e+03 4.223632e+03 4.212754e+03
11.1 4.240551e+03 4.236637e+03 4.223925e+03 4.227839e+03
12.1 4.224126e+03 4.228516e+03 4.224241e+03 4.219851e+03
13.1 4.225967e+03 4.215736e+03 4.224492e+03 4.234723e+03
14.1 4.205255e+03 4.212824e+03 4.224660e+03 4.217091e+03
15.1 4.211296e+03 4.219442e+03 4.226666e+03 4.218521e+03
16.1 4.216805e+03 4.225973e+03 4.235626e+03 4.226458e+03
17.1 4.235539e+03 4.222927e+03 4.239653e+03 4.252264e+03
18.1 4.215420e+03 4.217796e+03 4.235926e+03 4.233549e+03
19.1 4.201812e+03 4.221127e+03 4.230625e+03 4.211310e+03
20.1 4.205944e+03 4.227011e+03 4.226872e+03 4.205805e+03
0.3 4.205255e+03 4.212824e+03 4.224660e+03 4.217091e+03
1.3 4.211296e+03 4.219442e+03 4.226666e+03 4.218521e+03
2.3 4.216805e+03 4.225973e+03 4.235626e+03 4.226458e+03
3.3 4.235539e+03 4.222927e+03 4.239653e+03 4.252264e+03
4.3 4.215420e+03 4.217796e+03 4.235926e+03 4.233549e+03
5.3 4.201812e+03 4.221127e+03 4.230625e+03 4.211310e+03
6.3 4.205944e+03 4.227011e+03 4.226872e+03 4.205805e+03
7.3 4.236030e+03 4.234200e+03 4.224776e+03 4.226606e+03
8.3 4.189673e+03 4.234505e+03 4.223798e+03 4.178965e+03
9.3 4.220195e+03 4.230572e+03 4.223530e+03 4.213153e+03
10.3 4.217281e+03 4.230200e+03 4.225937e+03 4.213018e+03
11.3 4.186927e+03 4.230507e+03 4.235267e+03 4.191687e+03
12.3 4.197913e+03 4.223140e+03 4.239041e+03 4.213814e+03
13.3 4.196055e+03 4.211494e+03 4.235289e+03 4.219849e+03
14.3 4.202449e+03 4.202451e+03 4.230186e+03 4.230184e+03
15.3 4.196649e+03 4.197618e+03 4.226627e+03 4.225658e+03
16.3 4.183094e+03 4.195811e+03 4.224654e+03 4.211938e+03
17.3 4.188693e+03 4.195706e+03 4.223749e+03 4.216736e+03
0.4 4.220195e+03 4.230572e+03 4.223530e+03 4.213153e+03
1.4 4.217281e+03 4.230200e+03 4.225937e+03 4.213018e+03
2.4 4.186927e+03 4.230507e+03 4.235267e+03 4.191687e+03
3.4 4.197913e+03 4.223140e+03 4.239041e+03 4.213814e+03
4.4 4.196055e+03 4.211494e+03 4.235289e+03 4.219849e+03
5.4 4.202449e+03 4.202451e+03 4.230186e+03 4.230184e+03
6.4 4.196649e+03 4.197618e+03 4.226627e+03 4.225658e+03
7.4 4.183094e+03 4.195811e+03 4.224654e+03 4.211938e+03
8.4 4.188693e+03 4.195706e+03 4.223749e+03 4.216736e+03
