0.3 8.715131e+03 8.730173e+03 8.736251e+03 8.721209e+03
1.3 8.760621e+03 8.729120e+03 8.735198e+03 8.766699e+03
2.3 8.753160e+03 8.721198e+03 8.727272e+03 8.759234e+03
3.3 8.751767e+03 8.714491e+03 8.719923e+03 8.757200e+03
4.3 8.729319e+03 8.718017e+03 8.721813e+03 8.733116e+03
5.3 8.729407e+03 8.727613e+03 8.727764e+03 8.729558e+03
6.3 8.731088e+03 8.739124e+03 8.732721e+03 8.724685e+03
7.3 8.766052e+03 8.744202e+03 8.735691e+03 8.757541e+03
8.3 8.759857e+03 8.742324e+03 8.737180e+03 8.754713e+03
9.3 8.763888e+03 8.737787e+03 8.737719e+03 8.763819e+03
10.3 8.733838e+03 8.733810e+03 8.737687e+03 8.737714e+03
11.3 8.767762e+03 8.730881e+03 8.737381e+03 8.774262e+03
12.3 8.774989e+03 8.728196e+03 8.737017e+03 8.783810e+03
13.3 8.755469e+03 8.726226e+03 8.736714e+03 8.765957e+03
14.3 8.751600e+03 8.727021e+03 8.736505e+03 8.761083e+03
15.3 8.751491e+03 8.729611e+03 8.736379e+03 8.758260e+03
16.3 8.752771e+03 8.730836e+03 8.736311e+03 8.758247e+03
17.3 8.771692e+03 8.730139e+03 8.736278e+03 8.777831e+03
18.3 8.738386e+03 8.728578e+03 8.736262e+03 8.746070e+03
19.3 8.773312e+03 8.729059e+03 8.736255e+03 8.780509e+03
20.3 8.726957e+03 8.730947e+03 8.736253e+03 8.732263e+03
0.2 8.772654e+03 8.741090e+03 8.736251e+03 8.767815e+03
1.2 8.765387e+03 8.733859e+03 8.735395e+03 8.766922e+03
2.2 8.771692e+03 8.721833e+03 8.727392e+03 8.777252e+03
3.2 8.678963e+03 8.705618e+03 8.713185e+03 8.686530e+03
4.2 8.684855e+03 8.697760e+03 8.705933e+03 8.693029e+03
5.2 8.723780e+03 8.704201e+03 8.712045e+03 8.731625e+03
6.2 8.722812e+03 8.715521e+03 8.722805e+03 8.730097e+03
7.2 8.705551e+03 8.725543e+03 8.731211e+03 8.711218e+03
8.2 8.708261e+03 8.734738e+03 8.736109e+03 8.709631e+03
9.2 8.715165e+03 8.741431e+03 8.738428e+03 8.712163e+03
10.2 8.746626e+03 8.743338e+03 8.739115e+03 8.742403e+03
11.2 8.789923e+03 8.741306e+03 8.738874e+03 8.787490e+03
12.2 8.696164e+03 8.737256e+03 8.738227e+03 8.697135e+03
13.2 8.683314e+03 8.731239e+03 8.735252e+03 8.687328e+03
14.2 8.698348e+03 8.718113e+03 8.724039e+03 8.704273e+03
15.2 8.687578e+03 8.706591e+03 8.713406e+03 8.694394e+03
16.2 8.657697e+03 8.707629e+03 8.714522e+03 8.664590e+03
17.2 8.704558e+03 8.709378e+03 8.716091e+03 8.711270e+03
18.2 8.715583e+03 8.702961e+03 8.709530e+03 8.722152e+03
19.2 8.719255e+03 8.698796e+03 8.705001e+03 8.725460e+03
20.2 8.700303e+03 8.707276e+03 8.711902e+03 8.704928e+03
0.5 8.696164e+03 8.737256e+03 8.738227e+03 8.697135e+03
1.5 8.683314e+03 8.731239e+03 8.735252e+03 8.687328e+03
2.5 8.698348e+03 8.718113e+03 8.724039e+03 8.704273e+03
3.5 8.687578e+03 8.706591e+03 8.713406e+03 8.694394e+03
4.5 8.657697e+03 8.707629e+03 8.714522e+03 8.664590e+03
5.5 8.704558e+03 8.709378e+03 8.716091e+03 8.711270e+03
6.5 8.715583e+03 8.702961e+03 8.709530e+03 8.722152e+03
7.5 8.719255e+03 8.698796e+03 8.705001e+03 8.725460e+03
8.5 8.700303e+03 8.707276e+03 8.711902e+03 8.704928e+03
9.5 8.731126e+03 8.719744e+03 8.723464e+03 8.734846e+03
10.5 8.724782e+03 8.728147e+03 8.732372e+03 8.729007e+03
11.5 8.759880e+03 8.733062e+03 8.737297e+03 8.764115e+03
12.5 8.740868e+03 8.742579e+03 8.739387e+03 8.737676e+03
13.5 8.722859e+03 8.755127e+03 8.739803e+03 8.707536e+03
14.5 8.746685e+03 8.757815e+03 8.739340e+03 8.728209e+03
15.5 8.752451e+03 8.754716e+03 8.738540e+03 8.736275e+03
16.5 8.751476e+03 8.755291e+03 8.737751e+03 8.733936e+03
17.5 8.727538e+03 8.752446e+03 8.737139e+03 8.712231e+03
18.5 8.727458e+03 8.744622e+03 8.736732e+03 8.719568e+03
19.5 8.654001e+03 8.736448e+03 8.736492e+03 8.654046e+03
20.5 8.681893e+03 8.730977e+03 8.736364e+03 8.687279e+03
0.1 8.687578e+03 8.706591e+03 8.713406e+03 8.694394e+03
1.1 8.657697e+03 8.707629e+03 8.714522e+03 8.664590e+03
2.1 8.704558e+03 8.709378e+03 8.716091e+03 8.711270e+03
3.1 8.715583e+03 8.702961e+03 8.709530e+03 8.722152e+03
4.1 8.719255e+03 8.698796e+03 8.705001e+03 8.725460e+03
5.1 8.700303e+03 8.707276e+03 8.711902e+03 8.704928e+03
6.1 8.731126e+03 8.719744e+03 8.723464e+03 8.734846e+03
7.1 8.724782e+03 8.728147e+03 8.732372e+03 8.729007e+03
8.1 8.759880e+03 8.733062e+03 8.737297e+03 8.764115e+03
9.1 8.740868e+03 8.742579e+03 8.739387e+03 8.737676e+03
10.1 8.722859e+03 8.755127e+03 8.739803e+03 8.707536e+03
11.1 8.746685e+03 8.757815e+03 8.739340e+03 8.728209e+03
12.1 8.752451e+03 8.754716e+03 8.738540e+03 8.736275e+03
13.1 8.751476e+03 8.755291e+03 8.737751e+03 8.733936e+03
14.1 8.727538e+03 8.752446e+03 8.737139e+03 8.712231e+03
15.1 8.727458e+03 8.744622e+03 8.736732e+03 8.719568e+03
16.1 8.654001e+03 8.736448e+03 8.736492e+03 8.654046e+03
17.1 8.681893e+03 8.730977e+03 8.736364e+03 8.687279e+03
18.1 8.691361e+03 8.728337e+03 8.736301e+03 8.699325e+03
19.1 8.726264e+03 8.729111e+03 8.736272e+03 8.733424e+03
20.1 8.717967e+03 8.733299e+03 8.736259e+03 8.720927e+03
0.3 8.776686e+03 8.729238e+03 8.736250e+03 8.783698e+03
1.3 8.781226e+03 8.729256e+03 8.734972e+03 8.786942e+03
2.3 8.739521e+03 8.720410e+03 8.725937e+03 8.745048e+03
3.3 8.689362e+03 8.708456e+03 8.714169e+03 8.695075e+03
4.3 8.692499e+03 8.708927e+03 8.713583e+03 8.697156e+03
5.3 8.734685e+03 8.717171e+03 8.721383e+03 8.738897e+03
6.3 8.687521e+03 8.723247e+03 8.729311e+03 8.693585e+03
7.3 8.727113e+03 8.726356e+03 8.734457e+03 8.735215e+03
8.3 8.701202e+03 8.729876e+03 8.737178e+03 8.708503e+03
9.3 8.713606e+03 8.732830e+03 8.738296e+03 8.719073e+03
10.3 8.715670e+03 8.734596e+03 8.738433e+03 8.719506e+03
11.3 8.766824e+03 8.740365e+03 8.738058e+03 8.764517e+03
12.3 8.713228e+03 8.745150e+03 8.737526e+03 8.705604e+03
13.3 8.726734e+03 8.743943e+03 8.737047e+03 8.719838e+03
14.3 8.730808e+03 8.738948e+03 8.736700e+03 8.728560e+03
15.3 8.726254e+03 8.733314e+03 8.736484e+03 8.729424e+03
16.3 8.704190e+03 8.728970e+03 8.736363e+03 8.711584e+03
17.3 8.710155e+03 8.728365e+03 8.736302e+03 8.718092e+03
18.3 8.726009e+03 8.729713e+03 8.736273e+03 8.732569e+03
19.3 8.700761e+03 8.730239e+03 8.736260e+03 8.706781e+03
20.3 8.673909e+03 8.730499e+03 8.736254e+03 8.679665e+03
0.3 8.678979e+03 8.747887e+03 8.736251e+03 8.667343e+03
1.3 8.742387e+03 8.738500e+03 8.735089e+03 8.738975e+03
2.3 8.733288e+03 8.724049e+03 8.726975e+03 8.736214e+03
3.3 8.755847e+03 8.713373e+03 8.719854e+03 8.762328e+03
4.3 8.696892e+03 8.714043e+03 8.721962e+03 8.704811e+03
5.3 8.684320e+03 8.719644e+03 8.727926e+03 8.692602e+03
6.3 8.680683e+03 8.722757e+03 8.730856e+03 8.688781e+03
7.3 8.675327e+03 8.717088e+03 8.724730e+03 8.682969e+03
8.3 8.731031e+03 8.713558e+03 8.720572e+03 8.738045e+03
9.3 8.718925e+03 8.717972e+03 8.724382e+03 8.725335e+03
10.3 8.727251e+03 8.724206e+03 8.730340e+03 8.733385e+03
11.3 8.723527e+03 8.728500e+03 8.734583e+03 8.729611e+03
12.3 8.724722e+03 8.730747e+03 8.736844e+03 8.730818e+03
13.3 8.769895e+03 8.731693e+03 8.737806e+03 8.776007e+03
14.3 8.770113e+03 8.732579e+03 8.737997e+03 8.775531e+03
15.3 8.757723e+03 8.738448e+03 8.737765e+03 8.757039e+03
16.3 8.806116e+03 8.747148e+03 8.737366e+03 8.796335e+03
17.3 8.760140e+03 8.749215e+03 8.736976e+03 8.747900e+03
18.3 8.742956e+03 8.744779e+03 8.736675e+03 8.734852e+03
19.3 8.741844e+03 8.740564e+03 8.736478e+03 8.737758e+03
20.3 8.718529e+03 8.740126e+03 8.736364e+03 8.714767e+03
0.5 8.684320e+03 8.719644e+03 8.727926e+03 8.692602e+03
1.5 8.680683e+03 8.722757e+03 8.730856e+03 8.688781e+03
2.5 8.675327e+03 8.717088e+03 8.724730e+03 8.682969e+03
3.5 8.731031e+03 8.713558e+03 8.720572e+03 8.738045e+03
4.5 8.718925e+03 8.717972e+03 8.724382e+03 8.725335e+03
5.5 8.727251e+03 8.724206e+03 8.730340e+03 8.733385e+03
6.5 8.723527e+03 8.728500e+03 8.734583e+03 8.729611e+03
7.5 8.724722e+03 8.730747e+03 8.736844e+03 8.730818e+03
8.5 8.769895e+03 8.731693e+03 8.737806e+03 8.776007e+03
9.5 8.770113e+03 8.732579e+03 8.737997e+03 8.775531e+03
10.5 8.757723e+03 8.738448e+03 8.737765e+03 8.757039e+03
11.5 8.806116e+03 8.747148e+03 8.737366e+03 8.796335e+03
12.5 8.760140e+03 8.749215e+03 8.736976e+03 8.747900e+03
13.5 8.742956e+03 8.744779e+03 8.736675e+03 8.734852e+03
14.5 8.741844e+03 8.740564e+03 8.736478e+03 8.737758e+03
15.5 8.718529e+03 8.740126e+03 8.736364e+03 8.714767e+03
16.5 8.726081e+03 8.740301e+03 8.736303e+03 8.722083e+03
17.5 8.710123e+03 8.739359e+03 8.736274e+03 8.707037e+03
18.5 8.750723e+03 8.742976e+03 8.736260e+03 8.744007e+03
19.5 8.743526e+03 8.748345e+03 8.736255e+03 8.731436e+03
20.5 8.733735e+03 8.745857e+03 8.736252e+03 8.724131e+03
0.6 8.729218e+03 8.730261e+03 8.736232e+03 8.735189e+03
1.6 8.708838e+03 8.727490e+03 8.733573e+03 8.714921e+03
2.6 8.698703e+03 8.718040e+03 8.724137e+03 8.704800e+03
3.6 8.692885e+03 8.714601e+03 8.719623e+03 8.697907e+03
4.6 8.711582e+03 8.719861e+03 8.723580e+03 8.715301e+03
5.6 8.714988e+03 8.726295e+03 8.729535e+03 8.718229e+03
6.6 8.736731e+03 8.733069e+03 8.733853e+03 8.737515e+03
7.6 8.713065e+03 8.738283e+03 8.736289e+03 8.711071e+03
8.6 8.698093e+03 8.738794e+03 8.737432e+03 8.696731e+03
9.6 8.699617e+03 8.736332e+03 8.737755e+03 8.701040e+03
10.6 8.729062e+03 8.733554e+03 8.737608e+03 8.733115e+03
11.6 8.721409e+03 8.731538e+03 8.737265e+03 8.727137e+03
12.6 8.730290e+03 8.730337e+03 8.736912e+03 8.736865e+03
13.6 8.705055e+03 8.729759e+03 8.736638e+03 8.711934e+03
14.6 8.723775e+03 8.730336e+03 8.736458e+03 8.729897e+03
15.6 8.795930e+03 8.733445e+03 8.736353e+03 8.798838e+03
16.6 8.798920e+03 8.736252e+03 8.736298e+03 8.798966e+03
17.6 8.736078e+03 8.736562e+03 8.736271e+03 8.735787e+03
18.6 8.751645e+03 8.734611e+03 8.736259e+03 8.753293e+03
19.6 8.731327e+03 8.731927e+03 8.735836e+03 8.735236e+03
20.6 8.727948e+03 8.724125e+03 8.729607e+03 8.733430e+03
1.0 8.731327e+03 8.731927e+03 8.735836e+03 8.735236e+03
2.0 8.727948e+03 8.724125e+03 8.729607e+03 8.733430e+03
3.0 8.741440e+03 8.714229e+03 8.720520e+03 8.747731e+03
4.0 8.761913e+03 8.713888e+03 8.720323e+03 8.768348e+03
5.0 8.752372e+03 8.719806e+03 8.726049e+03 8.758614e+03
6.0 8.784112e+03 8.729134e+03 8.731587e+03 8.786565e+03
7.0 8.737705e+03 8.742487e+03 8.735097e+03 8.730315e+03
8.0 8.731755e+03 8.752647e+03 8.736936e+03 8.716045e+03
9.0 8.788961e+03 8.752947e+03 8.737687e+03 8.773700e+03
10.0 8.741078e+03 8.745938e+03 8.737225e+03 8.732366e+03
11.0 8.756791e+03 8.731612e+03 8.730262e+03 8.755440e+03
12.0 8.704774e+03 8.717234e+03 8.721105e+03 8.708646e+03
13.0 8.704502e+03 8.714517e+03 8.721105e+03 8.711090e+03
14.0 8.706300e+03 8.718971e+03 8.726710e+03 8.714039e+03
15.0 8.699327e+03 8.723976e+03 8.732000e+03 8.707351e+03
16.0 8.715970e+03 8.727513e+03 8.735316e+03 8.723772e+03
17.0 8.734528e+03 8.729669e+03 8.737038e+03 8.741897e+03
18.0 8.744537e+03 8.730787e+03 8.737720e+03 8.751471e+03
19.0 8.753440e+03 8.731166e+03 8.737763e+03 8.760037e+03
0.1 8.788961e+03 8.752947e+03 8.737687e+03 8.773700e+03
1.1 8.741078e+03 8.745938e+03 8.737225e+03 8.732366e+03
2.1 8.756791e+03 8.731612e+03 8.730262e+03 8.755440e+03
3.1 8.704774e+03 8.717234e+03 8.721105e+03 8.708646e+03
4.1 8.704502e+03 8.714517e+03 8.721105e+03 8.711090e+03
5.1 8.706300e+03 8.718971e+03 8.726710e+03 8.714039e+03
6.1 8.699327e+03 8.723976e+03 8.732000e+03 8.707351e+03
7.1 8.715970e+03 8.727513e+03 8.735316e+03 8.723772e+03
8.1 8.734528e+03 8.729669e+03 8.737038e+03 8.741897e+03
9.1 8.744537e+03 8.730787e+03 8.737720e+03 8.751471e+03
10.1 8.753440e+03 8.731166e+03 8.737763e+03 8.760037e+03
