0.4 8.856508e+03 8.853227e+03 8.844536e+03 8.847817e+03
1.4 8.892113e+03 8.858637e+03 8.848758e+03 8.882234e+03
2.4 8.925930e+03 8.862845e+03 8.862138e+03 8.925222e+03
3.4 8.893501e+03 8.855411e+03 8.866042e+03 8.904131e+03
4.4 8.892156e+03 8.841323e+03 8.859675e+03 8.910509e+03
5.4 8.898563e+03 8.829881e+03 8.852064e+03 8.920746e+03
6.4 8.855117e+03 8.823433e+03 8.846927e+03 8.878610e+03
7.4 8.814318e+03 8.820758e+03 8.844122e+03 8.837682e+03
8.4 8.802327e+03 8.823587e+03 8.842863e+03 8.821604e+03
9.4 8.812311e+03 8.836145e+03 8.842578e+03 8.818744e+03
10.4 8.838578e+03 8.850733e+03 8.842836e+03 8.830680e+03
11.4 8.898736e+03 8.864741e+03 8.843297e+03 8.877292e+03
12.4 8.905301e+03 8.865113e+03 8.843742e+03 8.883930e+03
13.4 8.878120e+03 8.861069e+03 8.844077e+03 8.861127e+03
14.4 8.877764e+03 8.863725e+03 8.844291e+03 8.858330e+03
15.4 8.878954e+03 8.865387e+03 8.844412e+03 8.857980e+03
16.4 8.868127e+03 8.854539e+03 8.844475e+03 8.858062e+03
17.4 8.852995e+03 8.845307e+03 8.844505e+03 8.852192e+03
18.4 8.832878e+03 8.843526e+03 8.844555e+03 8.833908e+03
19.4 8.839798e+03 8.846475e+03 8.850097e+03 8.843420e+03
20.4 8.868100e+03 8.854306e+03 8.863312e+03 8.877106e+03
0.5 8.832878e+03 8.843526e+03 8.844555e+03 8.833908e+03
1.5 8.839798e+03 8.846475e+03 8.850097e+03 8.843420e+03
2.5 8.868100e+03 8.854306e+03 8.863312e+03 8.877106e+03
3.5 8.865636e+03 8.858950e+03 8.865650e+03 8.872336e+03
4.5 8.860333e+03 8.861069e+03 8.858741e+03 8.858005e+03
5.5 8.867980e+03 8.862984e+03 8.851336e+03 8.856332e+03
6.5 8.875359e+03 8.866935e+03 8.846504e+03 8.854927e+03
7.5 8.868772e+03 8.857952e+03 8.843913e+03 8.854733e+03
8.5 8.852368e+03 8.842723e+03 8.842790e+03 8.852435e+03
9.5 8.855665e+03 8.836582e+03 8.842587e+03 8.861671e+03
10.5 8.860816e+03 8.841063e+03 8.842886e+03 8.862639e+03
11.5 8.882745e+03 8.847441e+03 8.846692e+03 8.881995e+03
12.5 8.920758e+03 8.855485e+03 8.860407e+03 8.925680e+03
13.5 8.910198e+03 8.852852e+03 8.865824e+03 8.923170e+03
14.5 8.856628e+03 8.842525e+03 8.860152e+03 8.874254e+03
15.5 8.833712e+03 8.835414e+03 8.852527e+03 8.850825e+03
16.5 8.829716e+03 8.833006e+03 8.847216e+03 8.843926e+03
17.5 8.872646e+03 8.841288e+03 8.844272e+03 8.875630e+03
18.5 8.918074e+03 8.851803e+03 8.842918e+03 8.909189e+03
19.5 8.899522e+03 8.847835e+03 8.842572e+03 8.894260e+03
20.5 8.842017e+03 8.839230e+03 8.842800e+03 8.845587e+03
0.3 8.860816e+03 8.841063e+03 8.842886e+03 8.862639e+03
1.3 8.882745e+03 8.847441e+03 8.846692e+03 8.881995e+03
2.3 8.920758e+03 8.855485e+03 8.860407e+03 8.925680e+03
3.3 8.910198e+03 8.852852e+03 8.865824e+03 8.923170e+03
4.3 8.856628e+03 8.842525e+03 8.860152e+03 8.874254e+03
5.3 8.833712e+03 8.835414e+03 8.852527e+03 8.850825e+03
6.3 8.829716e+03 8.833006e+03 8.847216e+03 8.843926e+03
7.3 8.872646e+03 8.841288e+03 8.844272e+03 8.875630e+03
8.3 8.918074e+03 8.851803e+03 8.842918e+03 8.909189e+03
9.3 8.899522e+03 8.847835e+03 8.842572e+03 8.894260e+03
10.3 8.842017e+03 8.839230e+03 8.842800e+03 8.845587e+03
11.3 8.817922e+03 8.839418e+03 8.843256e+03 8.821760e+03
12.3 8.840650e+03 8.845258e+03 8.846036e+03 8.841429e+03
13.3 8.851789e+03 8.854953e+03 8.859229e+03 8.856065e+03
14.3 8.859229e+03 8.859746e+03 8.866127e+03 8.865610e+03
15.3 8.846752e+03 8.860166e+03 8.861161e+03 8.847747e+03
16.3 8.850956e+03 8.859187e+03 8.853366e+03 8.845136e+03
17.3 8.856166e+03 8.864297e+03 8.847717e+03 8.839586e+03
18.3 8.865411e+03 8.861133e+03 8.844527e+03 8.848806e+03
19.3 8.844707e+03 8.846950e+03 8.843018e+03 8.840775e+03
20.3 8.850479e+03 8.834041e+03 8.842577e+03 8.859015e+03
0.2 8.817922e+03 8.839418e+03 8.843256e+03 8.821760e+03
1.2 8.840650e+03 8.845258e+03 8.846036e+03 8.841429e+03
2.2 8.851789e+03 8.854953e+03 8.859229e+03 8.856065e+03
3.2 8.859229e+03 8.859746e+03 8.866127e+03 8.865610e+03
4.2 8.846752e+03 8.860166e+03 8.861161e+03 8.847747e+03
5.2 8.850956e+03 8.859187e+03 8.853366e+03 8.845136e+03
6.2 8.856166e+03 8.864297e+03 8.847717e+03 8.839586e+03
7.2 8.865411e+03 8.861133e+03 8.844527e+03 8.848806e+03
8.2 8.844707e+03 8.846950e+03 8.843018e+03 8.840775e+03
9.2 8.850479e+03 8.834041e+03 8.842577e+03 8.859015e+03
10.2 8.878304e+03 8.833823e+03 8.842758e+03 8.887239e+03
11.2 8.878048e+03 8.843351e+03 8.843201e+03 8.877898e+03
12.2 8.859801e+03 8.856900e+03 8.843661e+03 8.846561e+03
13.2 8.879315e+03 8.866763e+03 8.844020e+03 8.856573e+03
14.2 8.877096e+03 8.867899e+03 8.844256e+03 8.853453e+03
15.2 8.868052e+03 8.870610e+03 8.844394e+03 8.841835e+03
16.2 8.861310e+03 8.867018e+03 8.844466e+03 8.838758e+03
17.2 8.830002e+03 8.851505e+03 8.844500e+03 8.822997e+03
18.2 8.820016e+03 8.835508e+03 8.844516e+03 8.829023e+03
19.2 8.822763e+03 8.825388e+03 8.844523e+03 8.841897e+03
20.2 8.845585e+03 8.822012e+03 8.844526e+03 8.868099e+03
0.6 8.856075e+03 8.824106e+03 8.844592e+03 8.876561e+03
1.6 8.862689e+03 8.832438e+03 8.850830e+03 8.881080e+03
2.6 8.871202e+03 8.846334e+03 8.863834e+03 8.888703e+03
3.6 8.859640e+03 8.853248e+03 8.865407e+03 8.871798e+03
4.6 8.841277e+03 8.854544e+03 8.858274e+03 8.845007e+03
5.6 8.856732e+03 8.861613e+03 8.850987e+03 8.846106e+03
6.6 8.862631e+03 8.862384e+03 8.846303e+03 8.846551e+03
7.6 8.852916e+03 8.856957e+03 8.843815e+03 8.839774e+03
8.6 8.853938e+03 8.854002e+03 8.842758e+03 8.842694e+03
9.6 8.888136e+03 8.859675e+03 8.842594e+03 8.871055e+03
10.6 8.917584e+03 8.863620e+03 8.842908e+03 8.896872e+03
11.6 8.887958e+03 8.860036e+03 8.843378e+03 8.871300e+03
12.6 8.841860e+03 8.854666e+03 8.843809e+03 8.831003e+03
13.6 8.860686e+03 8.857965e+03 8.844121e+03 8.846843e+03
14.6 8.861259e+03 8.858912e+03 8.844317e+03 8.846665e+03
15.6 8.853940e+03 8.849034e+03 8.844426e+03 8.849332e+03
16.6 8.849748e+03 8.843819e+03 8.844482e+03 8.850411e+03
17.6 8.865437e+03 8.849273e+03 8.844508e+03 8.860672e+03
18.6 8.881378e+03 8.858431e+03 8.844519e+03 8.867466e+03
19.6 8.857234e+03 8.853572e+03 8.844524e+03 8.848187e+03
20.6 8.839785e+03 8.845719e+03 8.844526e+03 8.838591e+03
0.6 8.844860e+03 8.846412e+03 8.844577e+03 8.843025e+03
1.6 8.842475e+03 8.847505e+03 8.850461e+03 8.845430e+03
2.6 8.828234e+03 8.853350e+03 8.863580e+03 8.838464e+03
3.6 8.811311e+03 8.848285e+03 8.865532e+03 8.828558e+03
4.6 8.791914e+03 8.838619e+03 8.858508e+03 8.811803e+03
5.6 8.837744e+03 8.837074e+03 8.851368e+03 8.852039e+03
6.6 8.881224e+03 8.844753e+03 8.854656e+03 8.891127e+03
7.6 8.895134e+03 8.852355e+03 8.864265e+03 8.907044e+03
8.6 8.884793e+03 8.847047e+03 8.862922e+03 8.900668e+03
9.6 8.852414e+03 8.836433e+03 8.855179e+03 8.871161e+03
10.6 8.846417e+03 8.828269e+03 8.848521e+03 8.866670e+03
11.6 8.852141e+03 8.823809e+03 8.844671e+03 8.873003e+03
12.6 8.851619e+03 8.822796e+03 8.842862e+03 8.871685e+03
13.6 8.884156e+03 8.830019e+03 8.842278e+03 8.896415e+03
14.6 8.906806e+03 8.842540e+03 8.842404e+03 8.906670e+03
15.6 8.884045e+03 8.857669e+03 8.842868e+03 8.869245e+03
16.6 8.851333e+03 8.864315e+03 8.843399e+03 8.830416e+03
17.6 8.838164e+03 8.856252e+03 8.843841e+03 8.825753e+03
18.6 8.825591e+03 8.845868e+03 8.844148e+03 8.823871e+03
19.6 8.820805e+03 8.840768e+03 8.844334e+03 8.824371e+03
20.6 8.844780e+03 8.850027e+03 8.844436e+03 8.839189e+03
0.7 8.837744e+03 8.837074e+03 8.851368e+03 8.852039e+03
1.7 8.881224e+03 8.844753e+03 8.854656e+03 8.891127e+03
2.7 8.895134e+03 8.852355e+03 8.864265e+03 8.907044e+03
3.7 8.884793e+03 8.847047e+03 8.862922e+03 8.900668e+03
4.7 8.852414e+03 8.836433e+03 8.855179e+03 8.871161e+03
5.7 8.846417e+03 8.828269e+03 8.848521e+03 8.866670e+03
6.7 8.852141e+03 8.823809e+03 8.844671e+03 8.873003e+03
7.7 8.851619e+03 8.822796e+03 8.842862e+03 8.871685e+03
8.7 8.884156e+03 8.830019e+03 8.842278e+03 8.896415e+03
9.7 8.906806e+03 8.842540e+03 8.842404e+03 8.906670e+03
10.7 8.884045e+03 8.857669e+03 8.842868e+03 8.869245e+03
11.7 8.851333e+03 8.864315e+03 8.843399e+03 8.830416e+03
12.7 8.838164e+03 8.856252e+03 8.843841e+03 8.825753e+03
13.7 8.825591e+03 8.845868e+03 8.844148e+03 8.823871e+03
14.7 8.820805e+03 8.840768e+03 8.844334e+03 8.824371e+03
15.7 8.844780e+03 8.850027e+03 8.844436e+03 8.839189e+03
16.7 8.847146e+03 8.859631e+03 8.844489e+03 8.832004e+03
17.7 8.836344e+03 8.862558e+03 8.847851e+03 8.821636e+03
18.7 8.824989e+03 8.864843e+03 8.861141e+03 8.821287e+03
19.7 8.818133e+03 8.857617e+03 8.866242e+03 8.826758e+03
20.7 8.808507e+03 8.848716e+03 8.860370e+03 8.820161e+03
0.4 8.847146e+03 8.859631e+03 8.844489e+03 8.832004e+03
1.4 8.836344e+03 8.862558e+03 8.847851e+03 8.821636e+03
2.4 8.824989e+03 8.864843e+03 8.861141e+03 8.821287e+03
3.4 8.818133e+03 8.857617e+03 8.866242e+03 8.826758e+03
4.4 8.808507e+03 8.848716e+03 8.860370e+03 8.820161e+03
5.4 8.806185e+03 8.848260e+03 8.854961e+03 8.812887e+03
6.4 8.813150e+03 8.854942e+03 8.862440e+03 8.820648e+03
7.4 8.848489e+03 8.854509e+03 8.866142e+03 8.860123e+03
8.4 8.875888e+03 8.850014e+03 8.859683e+03 8.885557e+03
9.4 8.857397e+03 8.848008e+03 8.851471e+03 8.860861e+03
10.4 8.838955e+03 8.851526e+03 8.846015e+03 8.833445e+03
11.4 8.863523e+03 8.860872e+03 8.843265e+03 8.845916e+03
12.4 8.876298e+03 8.864587e+03 8.842203e+03 8.853913e+03
13.4 8.859718e+03 8.864219e+03 8.842105e+03 8.837603e+03
14.4 8.838202e+03 8.864685e+03 8.842508e+03 8.816024e+03
15.4 8.848485e+03 8.866826e+03 8.843078e+03 8.824738e+03
16.4 8.850213e+03 8.856342e+03 8.843604e+03 8.837475e+03
17.4 8.847925e+03 8.841947e+03 8.843996e+03 8.849974e+03
18.4 8.834971e+03 8.833614e+03 8.844246e+03 8.845603e+03
19.4 8.834535e+03 8.837647e+03 8.844390e+03 8.841278e+03
20.4 8.867063e+03 8.849008e+03 8.844464e+03 8.862519e+03
0.2 8.808507e+03 8.848716e+03 8.860370e+03 8.820161e+03
1.2 8.806185e+03 8.848260e+03 8.854961e+03 8.812887e+03
2.2 8.813150e+03 8.854942e+03 8.862440e+03 8.820648e+03
3.2 8.848489e+03 8.854509e+03 8.866142e+03 8.860123e+03
4.2 8.875888e+03 8.850014e+03 8.859683e+03 8.885557e+03
5.2 8.857397e+03 8.848008e+03 8.851471e+03 8.860861e+03
6.2 8.838955e+03 8.851526e+03 8.846015e+03 8.833445e+03
7.2 8.863523e+03 8.860872e+03 8.843265e+03 8.845916e+03
8.2 8.876298e+03 8.864587e+03 8.842203e+03 8.853913e+03
9.2 8.859718e+03 8.864219e+03 8.842105e+03 8.837603e+03
10.2 8.838202e+03 8.864685e+03 8.842508e+03 8.816024e+03
11.2 8.848485e+03 8.866826e+03 8.843078e+03 8.824738e+03
12.2 8.850213e+03 8.856342e+03 8.843604e+03 8.837475e+03
13.2 8.847925e+03 8.841947e+03 8.843996e+03 8.849974e+03
14.2 8.834971e+03 8.833614e+03 8.844246e+03 8.845603e+03
15.2 8.834535e+03 8.837647e+03 8.844390e+03 8.841278e+03
16.2 8.867063e+03 8.849008e+03 8.844464e+03 8.862519e+03
17.2 8.848048e+03 8.847317e+03 8.844500e+03 8.845232e+03
18.2 8.812128e+03 8.839606e+03 8.844516e+03 8.817038e+03
19.2 8.799244e+03 8.835260e+03 8.844523e+03 8.808506e+03
20.2 8.817639e+03 8.843212e+03 8.844526e+03 8.818953e+03
0.9 8.840802e+03 8.825981e+03 8.845041e+03 8.859862e+03
1.9 8.858977e+03 8.836529e+03 8.854843e+03 8.877292e+03
2.9 8.855792e+03 8.846702e+03 8.865716e+03 8.874806e+03
3.9 8.821755e+03 8.845265e+03 8.863797e+03 8.840287e+03
4.9 8.810090e+03 8.843098e+03 8.856236e+03 8.823228e+03
5.9 8.837083e+03 8.848219e+03 8.858037e+03 8.846901e+03
6.9 8.863209e+03 8.854062e+03 8.865990e+03 8.875137e+03
7.9 8.856583e+03 8.848685e+03 8.863377e+03 8.871275e+03
8.9 8.833607e+03 8.843531e+03 8.855000e+03 8.845077e+03
9.9 8.847342e+03 8.844172e+03 8.848117e+03 8.851287e+03
10.9 8.853978e+03 8.848939e+03 8.844255e+03 8.849294e+03
11.9 8.867174e+03 8.860136e+03 8.842534e+03 8.849571e+03
12.9 8.851249e+03 8.866361e+03 8.842063e+03 8.826952e+03
13.9 8.840869e+03 8.867032e+03 8.842285e+03 8.816122e+03
14.9 8.826330e+03 8.870409e+03 8.842813e+03 8.798734e+03
15.9 8.857905e+03 8.871213e+03 8.843378e+03 8.830070e+03
16.9 8.890416e+03 8.866580e+03 8.843835e+03 8.867672e+03
17.9 8.883960e+03 8.867417e+03 8.844148e+03 8.860691e+03
18.9 8.854603e+03 8.861773e+03 8.844335e+03 8.837165e+03
19.9 8.831710e+03 8.846304e+03 8.844436e+03 8.829842e+03
20.9 8.805352e+03 8.831992e+03 8.844487e+03 8.817848e+03
0.8 8.810090e+03 8.843098e+03 8.856236e+03 8.823228e+03
1.8 8.837083e+03 8.848219e+03 8.858037e+03 8.846901e+03
2.8 8.863209e+03 8.854062e+03 8.865990e+03 8.875137e+03
3.8 8.856583e+03 8.848685e+03 8.863377e+03 8.871275e+03
4.8 8.833607e+03 8.843531e+03 8.855000e+03 8.845077e+03
5.8 8.847342e+03 8.844172e+03 8.848117e+03 8.851287e+03
6.8 8.853978e+03 8.848939e+03 8.844255e+03 8.849294e+03
7.8 8.867174e+03 8.860136e+03 8.842534e+03 8.849571e+03
8.8 8.851249e+03 8.866361e+03 8.842063e+03 8.826952e+03
9.8 8.840869e+03 8.867032e+03 8.842285e+03 8.816122e+03
10.8 8.826330e+03 8.870409e+03 8.842813e+03 8.798734e+03
11.8 8.857905e+03 8.871213e+03 8.843378e+03 8.830070e+03
12.8 8.890416e+03 8.866580e+03 8.843835e+03 8.867672e+03
13.8 8.883960e+03 8.867417e+03 8.844148e+03 8.860691e+03
14.8 8.854603e+03 8.861773e+03 8.844335e+03 8.837165e+03
15.8 8.831710e+03 8.846304e+03 8.844436e+03 8.829842e+03
16.8 8.805352e+03 8.831992e+03 8.844487e+03 8.817848e+03
17.8 8.817932e+03 8.826861e+03 8.844511e+03 8.835582e+03
18.8 8.838649e+03 8.834505e+03 8.844521e+03 8.848664e+03
19.8 8.849389e+03 8.845794e+03 8.844525e+03 8.848119e+03
20.8 8.858956e+03 8.857998e+03 8.844526e+03 8.845484e+03
0.1 8.867954e+03 8.843830e+03 8.844527e+03 8.868652e+03
1.1 8.833351e+03 8.838706e+03 8.846234e+03 8.840879e+03
2.1 8.824742e+03 8.845048e+03 8.858544e+03 8.838239e+03
3.1 8.831591e+03 8.847958e+03 8.866367e+03 8.850001e+03
4.1 8.847493e+03 8.840681e+03 8.861950e+03 8.868762e+03
5.1 8.837040e+03 8.831763e+03 8.854037e+03 8.859314e+03
6.1 8.827168e+03 8.825937e+03 8.848121e+03 8.849352e+03
7.1 8.805660e+03 8.823098e+03 8.844735e+03 8.827296e+03
8.1 8.833672e+03 8.822723e+03 8.843103e+03 8.854052e+03
9.1 8.852957e+03 8.825647e+03 8.842587e+03 8.869897e+03
10.1 8.860757e+03 8.838306e+03 8.842728e+03 8.865179e+03
11.1 8.865885e+03 8.852323e+03 8.843160e+03 8.856721e+03
12.1 8.836906e+03 8.850159e+03 8.843624e+03 8.830371e+03
13.1 8.837765e+03 8.840327e+03 8.843994e+03 8.841432e+03
14.1 8.833972e+03 8.836523e+03 8.844241e+03 8.841690e+03
15.1 8.838838e+03 8.841280e+03 8.847194e+03 8.844751e+03
16.1 8.849538e+03 8.851898e+03 8.860376e+03 8.858015e+03
17.1 8.867349e+03 8.852461e+03 8.866302e+03 8.881190e+03
18.1 8.851074e+03 8.847305e+03 8.860818e+03 8.864587e+03
19.1 8.841527e+03 8.849460e+03 8.853019e+03 8.845085e+03
20.1 8.816307e+03 8.854552e+03 8.847497e+03 8.809252e+03
0.3 8.833972e+03 8.836523e+03 8.844241e+03 8.841690e+03
1.3 8.838838e+03 8.841280e+03 8.847194e+03 8.844751e+03
2.3 8.849538e+03 8.851898e+03 8.860376e+03 8.858015e+03
3.3 8.867349e+03 8.852461e+03 8.866302e+03 8.881190e+03
4.3 8.851074e+03 8.847305e+03 8.860818e+03 8.864587e+03
5.3 8.841527e+03 8.849460e+03 8.853019e+03 8.845085e+03
6.3 8.816307e+03 8.854552e+03 8.847497e+03 8.809252e+03
7.3 8.868622e+03 8.863053e+03 8.844412e+03 8.849981e+03
8.3 8.854461e+03 8.864189e+03 8.842973e+03 8.833245e+03
9.3 8.834702e+03 8.856705e+03 8.842579e+03 8.820576e+03
10.3 8.812973e+03 8.852503e+03 8.846120e+03 8.806590e+03
11.3 8.795013e+03 8.855893e+03 8.859849e+03 8.798969e+03
12.3 8.802244e+03 8.851531e+03 8.865401e+03 8.816114e+03
13.3 8.814238e+03 8.839626e+03 8.859880e+03 8.834492e+03
14.3 8.843253e+03 8.829240e+03 8.852372e+03 8.866385e+03
15.3 8.846254e+03 8.823374e+03 8.847136e+03 8.870016e+03
16.3 8.847692e+03 8.820976e+03 8.844233e+03 8.870949e+03
17.3 8.840417e+03 8.820564e+03 8.842901e+03 8.862754e+03
0.4 8.834702e+03 8.856705e+03 8.842579e+03 8.820576e+03
1.4 8.812973e+03 8.852503e+03 8.846120e+03 8.806590e+03
2.4 8.795013e+03 8.855893e+03 8.859849e+03 8.798969e+03
3.4 8.802244e+03 8.851531e+03 8.865401e+03 8.816114e+03
4.4 8.814238e+03 8.839626e+03 8.859880e+03 8.834492e+03
5.4 8.843253e+03 8.829240e+03 8.852372e+03 8.866385e+03
6.4 8.846254e+03 8.823374e+03 8.847136e+03 8.870016e+03
7.4 8.847692e+03 8.820976e+03 8.844233e+03 8.870949e+03
8.4 8.840417e+03 8.820564e+03 8.842901e+03 8.862754e+03
