0.3 9.631784e+03 9.616933e+03 9.637990e+03 9.652841e+03
1.3 9.650859e+03 9.618660e+03 9.639717e+03 9.671917e+03
2.3 9.649979e+03 9.631684e+03 9.652715e+03 9.671010e+03
3.3 9.646612e+03 9.647712e+03 9.664767e+03 9.663667e+03
4.3 9.623543e+03 9.654283e+03 9.661668e+03 9.630928e+03
5.3 9.596454e+03 9.652035e+03 9.651909e+03 9.596328e+03
6.3 9.615879e+03 9.652354e+03 9.643779e+03 9.607304e+03
7.3 9.670289e+03 9.653434e+03 9.638909e+03 9.655764e+03
8.3 9.642618e+03 9.647105e+03 9.636467e+03 9.631980e+03
9.3 9.610906e+03 9.634077e+03 9.635583e+03 9.612412e+03
10.3 9.602249e+03 9.622671e+03 9.635636e+03 9.615215e+03
11.3 9.629198e+03 9.619403e+03 9.636138e+03 9.645933e+03
12.3 9.642443e+03 9.629704e+03 9.636734e+03 9.649473e+03
13.3 9.662380e+03 9.644062e+03 9.637231e+03 9.655549e+03
14.3 9.672973e+03 9.651864e+03 9.637574e+03 9.658683e+03
15.3 9.662807e+03 9.650814e+03 9.637780e+03 9.649772e+03
16.3 9.641860e+03 9.640559e+03 9.637891e+03 9.639193e+03
17.3 9.637228e+03 9.636287e+03 9.637946e+03 9.638888e+03
18.3 9.639319e+03 9.642195e+03 9.637972e+03 9.635096e+03
19.3 9.662865e+03 9.647879e+03 9.637983e+03 9.652968e+03
20.3 9.658841e+03 9.646664e+03 9.637987e+03 9.650165e+03
0.2 9.665157e+03 9.642294e+03 9.637990e+03 9.660853e+03
1.2 9.642566e+03 9.629161e+03 9.639394e+03 9.652799e+03
2.2 9.652986e+03 9.632365e+03 9.652519e+03 9.673139e+03
3.2 9.670384e+03 9.650758e+03 9.675819e+03 9.695444e+03
4.2 9.695275e+03 9.662887e+03 9.687711e+03 9.720098e+03
5.2 9.722690e+03 9.660298e+03 9.677687e+03 9.740080e+03
6.2 9.692760e+03 9.646554e+03 9.660042e+03 9.706248e+03
7.2 9.634505e+03 9.634060e+03 9.646256e+03 9.646702e+03
8.2 9.621259e+03 9.633568e+03 9.638223e+03 9.625913e+03
9.2 9.634054e+03 9.638876e+03 9.634420e+03 9.629599e+03
10.2 9.675366e+03 9.643288e+03 9.633293e+03 9.665371e+03
11.2 9.704193e+03 9.642974e+03 9.633689e+03 9.694908e+03
12.2 9.670034e+03 9.634323e+03 9.634749e+03 9.670460e+03
13.2 9.619418e+03 9.628075e+03 9.639628e+03 9.630971e+03
14.2 9.611404e+03 9.638848e+03 9.658018e+03 9.630574e+03
15.2 9.644802e+03 9.653617e+03 9.675455e+03 9.666641e+03
16.2 9.661846e+03 9.657262e+03 9.673626e+03 9.678210e+03
17.2 9.657443e+03 9.658256e+03 9.671053e+03 9.670240e+03
18.2 9.640777e+03 9.666925e+03 9.681812e+03 9.655665e+03
19.2 9.655655e+03 9.672473e+03 9.689240e+03 9.672422e+03
20.2 9.662167e+03 9.667952e+03 9.677923e+03 9.672138e+03
0.5 9.670034e+03 9.634323e+03 9.634749e+03 9.670460e+03
1.5 9.619418e+03 9.628075e+03 9.639628e+03 9.630971e+03
2.5 9.611404e+03 9.638848e+03 9.658018e+03 9.630574e+03
3.5 9.644802e+03 9.653617e+03 9.675455e+03 9.666641e+03
4.5 9.661846e+03 9.657262e+03 9.673626e+03 9.678210e+03
5.5 9.657443e+03 9.658256e+03 9.671053e+03 9.670240e+03
6.5 9.640777e+03 9.666925e+03 9.681812e+03 9.655665e+03
7.5 9.655655e+03 9.672473e+03 9.689240e+03 9.672422e+03
8.5 9.662167e+03 9.667952e+03 9.677923e+03 9.672138e+03
9.5 9.653486e+03 9.652877e+03 9.658961e+03 9.659570e+03
10.5 9.630748e+03 9.634294e+03 9.644352e+03 9.640806e+03
11.5 9.643821e+03 9.621987e+03 9.636275e+03 9.658109e+03
12.5 9.679504e+03 9.628390e+03 9.632848e+03 9.683962e+03
13.5 9.673921e+03 9.647278e+03 9.632164e+03 9.658807e+03
14.5 9.655503e+03 9.658129e+03 9.632925e+03 9.630299e+03
15.5 9.676649e+03 9.660969e+03 9.634237e+03 9.649917e+03
16.5 9.679824e+03 9.664189e+03 9.635530e+03 9.651165e+03
17.5 9.667309e+03 9.663500e+03 9.636534e+03 9.640344e+03
18.5 9.650531e+03 9.653214e+03 9.637201e+03 9.634518e+03
19.5 9.614110e+03 9.636478e+03 9.637594e+03 9.615226e+03
20.5 9.610159e+03 9.622559e+03 9.637804e+03 9.625404e+03
0.1 9.644802e+03 9.653617e+03 9.675455e+03 9.666641e+03
1.1 9.661846e+03 9.657262e+03 9.673626e+03 9.678210e+03
2.1 9.657443e+03 9.658256e+03 9.671053e+03 9.670240e+03
3.1 9.640777e+03 9.666925e+03 9.681812e+03 9.655665e+03
4.1 9.655655e+03 9.672473e+03 9.689240e+03 9.672422e+03
5.1 9.662167e+03 9.667952e+03 9.677923e+03 9.672138e+03
6.1 9.653486e+03 9.652877e+03 9.658961e+03 9.659570e+03
7.1 9.630748e+03 9.634294e+03 9.644352e+03 9.640806e+03
8.1 9.643821e+03 9.621987e+03 9.636275e+03 9.658109e+03
9.1 9.679504e+03 9.628390e+03 9.632848e+03 9.683962e+03
10.1 9.673921e+03 9.647278e+03 9.632164e+03 9.658807e+03
11.1 9.655503e+03 9.658129e+03 9.632925e+03 9.630299e+03
12.1 9.676649e+03 9.660969e+03 9.634237e+03 9.649917e+03
13.1 9.679824e+03 9.664189e+03 9.635530e+03 9.651165e+03
14.1 9.667309e+03 9.663500e+03 9.636534e+03 9.640344e+03
15.1 9.650531e+03 9.653214e+03 9.637201e+03 9.634518e+03
16.1 9.614110e+03 9.636478e+03 9.637594e+03 9.615226e+03
17.1 9.610159e+03 9.622559e+03 9.637804e+03 9.625404e+03
18.1 9.615841e+03 9.614786e+03 9.637909e+03 9.638964e+03
19.1 9.644861e+03 9.615939e+03 9.637956e+03 9.666878e+03
20.1 9.654270e+03 9.626320e+03 9.637977e+03 9.665927e+03
0.3 9.661650e+03 9.654525e+03 9.637991e+03 9.645117e+03
1.3 9.655621e+03 9.649426e+03 9.640088e+03 9.646283e+03
2.3 9.653945e+03 9.650874e+03 9.654906e+03 9.657977e+03
3.3 9.668204e+03 9.659517e+03 9.674205e+03 9.682892e+03
4.3 9.693596e+03 9.662135e+03 9.675165e+03 9.706626e+03
5.3 9.711494e+03 9.658587e+03 9.662373e+03 9.715280e+03
6.3 9.674536e+03 9.657368e+03 9.649372e+03 9.666541e+03
7.3 9.637341e+03 9.657230e+03 9.640932e+03 9.621043e+03
8.3 9.659397e+03 9.654887e+03 9.636471e+03 9.640981e+03
9.3 9.651840e+03 9.646721e+03 9.634636e+03 9.639755e+03
10.3 9.638926e+03 9.634926e+03 9.634413e+03 9.638413e+03
11.3 9.641381e+03 9.634339e+03 9.635027e+03 9.642069e+03
12.3 9.662625e+03 9.640828e+03 9.635899e+03 9.657696e+03
13.3 9.670180e+03 9.643953e+03 9.636685e+03 9.662913e+03
14.3 9.636939e+03 9.637717e+03 9.637253e+03 9.636475e+03
15.3 9.626527e+03 9.636459e+03 9.637608e+03 9.627675e+03
16.3 9.647217e+03 9.643126e+03 9.637806e+03 9.641898e+03
17.3 9.682031e+03 9.648596e+03 9.637907e+03 9.671342e+03
18.3 9.661642e+03 9.646100e+03 9.637955e+03 9.653497e+03
19.3 9.634860e+03 9.635099e+03 9.637976e+03 9.637737e+03
20.3 9.620906e+03 9.624649e+03 9.637985e+03 9.634242e+03
0.3 9.622096e+03 9.656177e+03 9.637991e+03 9.603910e+03
1.3 9.622922e+03 9.643692e+03 9.639896e+03 9.619126e+03
2.3 9.628893e+03 9.642573e+03 9.653203e+03 9.639524e+03
3.3 9.635247e+03 9.648044e+03 9.664881e+03 9.652084e+03
4.3 9.614249e+03 9.647004e+03 9.661424e+03 9.628669e+03
5.3 9.591948e+03 9.636724e+03 9.651643e+03 9.606867e+03
6.3 9.585631e+03 9.628353e+03 9.646839e+03 9.604117e+03
7.3 9.645992e+03 9.635592e+03 9.656885e+03 9.667285e+03
8.3 9.680384e+03 9.645397e+03 9.663704e+03 9.698691e+03
9.3 9.693176e+03 9.645359e+03 9.657455e+03 9.705273e+03
10.3 9.670531e+03 9.635595e+03 9.647684e+03 9.682620e+03
11.3 9.639230e+03 9.624917e+03 9.640725e+03 9.655038e+03
12.3 9.631291e+03 9.617876e+03 9.637018e+03 9.650434e+03
13.3 9.633931e+03 9.614353e+03 9.635441e+03 9.655019e+03
14.3 9.639334e+03 9.614340e+03 9.635127e+03 9.660121e+03
15.3 9.682400e+03 9.624978e+03 9.635508e+03 9.692931e+03
16.3 9.709275e+03 9.641784e+03 9.636161e+03 9.703651e+03
17.3 9.671805e+03 9.652325e+03 9.636802e+03 9.656281e+03
18.3 9.640613e+03 9.651422e+03 9.637294e+03 9.626485e+03
19.3 9.629845e+03 9.645808e+03 9.637618e+03 9.621655e+03
20.3 9.629320e+03 9.645745e+03 9.637805e+03 9.621380e+03
0.5 9.591948e+03 9.636724e+03 9.651643e+03 9.606867e+03
1.5 9.585631e+03 9.628353e+03 9.646839e+03 9.604117e+03
2.5 9.645992e+03 9.635592e+03 9.656885e+03 9.667285e+03
3.5 9.680384e+03 9.645397e+03 9.663704e+03 9.698691e+03
4.5 9.693176e+03 9.645359e+03 9.657455e+03 9.705273e+03
5.5 9.670531e+03 9.635595e+03 9.647684e+03 9.682620e+03
6.5 9.639230e+03 9.624917e+03 9.640725e+03 9.655038e+03
7.5 9.631291e+03 9.617876e+03 9.637018e+03 9.650434e+03
8.5 9.633931e+03 9.614353e+03 9.635441e+03 9.655019e+03
9.5 9.639334e+03 9.614340e+03 9.635127e+03 9.660121e+03
10.5 9.682400e+03 9.624978e+03 9.635508e+03 9.692931e+03
11.5 9.709275e+03 9.641784e+03 9.636161e+03 9.703651e+03
12.5 9.671805e+03 9.652325e+03 9.636802e+03 9.656281e+03
13.5 9.640613e+03 9.651422e+03 9.637294e+03 9.626485e+03
14.5 9.629845e+03 9.645808e+03 9.637618e+03 9.621655e+03
15.5 9.629320e+03 9.645745e+03 9.637805e+03 9.621380e+03
16.5 9.626523e+03 9.646847e+03 9.637905e+03 9.617582e+03
17.5 9.651993e+03 9.648549e+03 9.637953e+03 9.641397e+03
18.5 9.639212e+03 9.653953e+03 9.637975e+03 9.623234e+03
19.5 9.633089e+03 9.659123e+03 9.637984e+03 9.611950e+03
20.5 9.616370e+03 9.655996e+03 9.637988e+03 9.598362e+03
0.6 9.614218e+03 9.614036e+03 9.638022e+03 9.638204e+03
1.6 9.611437e+03 9.617570e+03 9.642382e+03 9.636249e+03
2.6 9.634974e+03 9.633666e+03 9.657857e+03 9.659165e+03
3.6 9.655080e+03 9.648664e+03 9.665260e+03 9.671676e+03
4.6 9.665465e+03 9.651054e+03 9.658771e+03 9.673182e+03
5.6 9.676407e+03 9.642547e+03 9.649004e+03 9.682864e+03
6.6 9.662878e+03 9.639219e+03 9.641924e+03 9.665582e+03
7.6 9.631973e+03 9.640947e+03 9.637927e+03 9.628954e+03
8.6 9.624023e+03 9.641974e+03 9.636054e+03 9.618103e+03
9.6 9.618915e+03 9.637154e+03 9.635524e+03 9.617285e+03
10.6 9.629588e+03 9.627931e+03 9.635765e+03 9.637422e+03
11.6 9.614693e+03 9.620136e+03 9.636327e+03 9.630884e+03
12.6 9.610578e+03 9.615692e+03 9.636905e+03 9.631791e+03
13.6 9.593130e+03 9.613852e+03 9.637356e+03 9.616634e+03
14.6 9.626179e+03 9.615516e+03 9.637651e+03 9.648314e+03
15.6 9.646459e+03 9.624201e+03 9.637823e+03 9.660081e+03
16.6 9.658142e+03 9.635627e+03 9.637913e+03 9.660428e+03
17.6 9.657809e+03 9.641614e+03 9.637957e+03 9.654152e+03
18.6 9.626162e+03 9.636350e+03 9.637976e+03 9.627789e+03
19.6 9.641409e+03 9.628083e+03 9.638671e+03 9.651997e+03
20.6 9.633224e+03 9.631448e+03 9.648887e+03 9.650663e+03
1.0 9.641409e+03 9.628083e+03 9.638671e+03 9.651997e+03
2.0 9.633224e+03 9.631448e+03 9.648887e+03 9.650663e+03
3.0 9.642765e+03 9.643954e+03 9.663790e+03 9.662601e+03
4.0 9.650673e+03 9.649550e+03 9.664112e+03 9.665235e+03
5.0 9.663352e+03 9.643128e+03 9.654722e+03 9.674946e+03
6.0 9.637404e+03 9.637874e+03 9.645639e+03 9.645169e+03
7.0 9.630213e+03 9.645441e+03 9.639883e+03 9.624655e+03
8.0 9.622595e+03 9.654859e+03 9.636866e+03 9.604602e+03
9.0 9.672352e+03 9.657416e+03 9.635636e+03 9.650572e+03
10.0 9.638509e+03 9.651105e+03 9.636392e+03 9.623797e+03
11.0 9.614268e+03 9.647954e+03 9.647813e+03 9.614126e+03
12.0 9.603889e+03 9.651712e+03 9.662829e+03 9.615006e+03
13.0 9.589237e+03 9.650835e+03 9.662829e+03 9.601231e+03
14.0 9.594861e+03 9.640620e+03 9.653637e+03 9.607877e+03
15.0 9.605842e+03 9.627709e+03 9.644962e+03 9.623096e+03
16.0 9.634269e+03 9.618498e+03 9.639524e+03 9.655295e+03
17.0 9.629225e+03 9.613795e+03 9.636700e+03 9.652130e+03
18.0 9.622624e+03 9.612159e+03 9.635581e+03 9.646046e+03
19.0 9.619591e+03 9.612234e+03 9.635511e+03 9.642868e+03
0.1 9.672352e+03 9.657416e+03 9.635636e+03 9.650572e+03
1.1 9.638509e+03 9.651105e+03 9.636392e+03 9.623797e+03
2.1 9.614268e+03 9.647954e+03 9.647813e+03 9.614126e+03
3.1 9.603889e+03 9.651712e+03 9.662829e+03 9.615006e+03
4.1 9.589237e+03 9.650835e+03 9.662829e+03 9.601231e+03
5.1 9.594861e+03 9.640620e+03 9.653637e+03 9.607877e+03
6.1 9.605842e+03 9.627709e+03 9.644962e+03 9.623096e+03
7.1 9.634269e+03 9.618498e+03 9.639524e+03 9.655295e+03
8.1 9.629225e+03 9.613795e+03 9.636700e+03 9.652130e+03
9.1 9.622624e+03 9.612159e+03 9.635581e+03 9.646046e+03
10.1 9.619591e+03 9.612234e+03 9.635511e+03 9.642868e+03
