0.3 9.443294e+03 9.434854e+03 9.426436e+03 9.434876e+03
1.3 9.410564e+03 9.426459e+03 9.428649e+03 9.412754e+03
2.3 9.430298e+03 9.432414e+03 9.445407e+03 9.443290e+03
3.3 9.444601e+03 9.452561e+03 9.472491e+03 9.464531e+03
4.3 9.487357e+03 9.462491e+03 9.484043e+03 9.508908e+03
5.3 9.513659e+03 9.453725e+03 9.470843e+03 9.530777e+03
6.3 9.475563e+03 9.435125e+03 9.450406e+03 9.490845e+03
7.3 9.464602e+03 9.417920e+03 9.434990e+03 9.481672e+03
8.3 9.461387e+03 9.406913e+03 9.426165e+03 9.480638e+03
9.3 9.430702e+03 9.401515e+03 9.422078e+03 9.451265e+03
10.3 9.406017e+03 9.399898e+03 9.421049e+03 9.427167e+03
11.3 9.399673e+03 9.406491e+03 9.427807e+03 9.420989e+03
12.3 9.419251e+03 9.429939e+03 9.451174e+03 9.440486e+03
13.3 9.438053e+03 9.450511e+03 9.469294e+03 9.456836e+03
14.3 9.481469e+03 9.453702e+03 9.463977e+03 9.491745e+03
15.3 9.466705e+03 9.445929e+03 9.453087e+03 9.473863e+03
16.3 9.451788e+03 9.447324e+03 9.457858e+03 9.462322e+03
17.3 9.458617e+03 9.449593e+03 9.459156e+03 9.468181e+03
18.3 9.445919e+03 9.442338e+03 9.448042e+03 9.451623e+03
19.3 9.435306e+03 9.429060e+03 9.435341e+03 9.441587e+03
20.3 9.422914e+03 9.427031e+03 9.427191e+03 9.423073e+03
21.3 9.415840e+03 9.435604e+03 9.423350e+03 9.403587e+03
0.7 9.406017e+03 9.399898e+03 9.421049e+03 9.427167e+03
1.7 9.399673e+03 9.406491e+03 9.427807e+03 9.420989e+03
2.7 9.419251e+03 9.429939e+03 9.451174e+03 9.440486e+03
3.7 9.438053e+03 9.450511e+03 9.469294e+03 9.456836e+03
4.7 9.481469e+03 9.453702e+03 9.463977e+03 9.491745e+03
5.7 9.466705e+03 9.445929e+03 9.453087e+03 9.473863e+03
6.7 9.451788e+03 9.447324e+03 9.457858e+03 9.462322e+03
7.7 9.458617e+03 9.449593e+03 9.459156e+03 9.468181e+03
8.7 9.445919e+03 9.442338e+03 9.448042e+03 9.451623e+03
9.7 9.435306e+03 9.429060e+03 9.435341e+03 9.441587e+03
10.7 9.422914e+03 9.427031e+03 9.427191e+03 9.423073e+03
11.7 9.415840e+03 9.435604e+03 9.423350e+03 9.403587e+03
12.7 9.435794e+03 9.439540e+03 9.422131e+03 9.418386e+03
13.7 9.448854e+03 9.436960e+03 9.422315e+03 9.434208e+03
14.7 9.437222e+03 9.439175e+03 9.423148e+03 9.421195e+03
15.7 9.440106e+03 9.447458e+03 9.424137e+03 9.416784e+03
16.7 9.456932e+03 9.449961e+03 9.424995e+03 9.431966e+03
17.7 9.458581e+03 9.444166e+03 9.425614e+03 9.440029e+03
18.7 9.455420e+03 9.430303e+03 9.426004e+03 9.451121e+03
19.7 9.435593e+03 9.417222e+03 9.426225e+03 9.444597e+03
20.7 9.442119e+03 9.419217e+03 9.426340e+03 9.449241e+03
21.7 9.445010e+03 9.434989e+03 9.426395e+03 9.436416e+03
0.5 9.481469e+03 9.453702e+03 9.463977e+03 9.491745e+03
1.5 9.466705e+03 9.445929e+03 9.453087e+03 9.473863e+03
2.5 9.451788e+03 9.447324e+03 9.457858e+03 9.462322e+03
3.5 9.458617e+03 9.449593e+03 9.459156e+03 9.468181e+03
4.5 9.445919e+03 9.442338e+03 9.448042e+03 9.451623e+03
5.5 9.435306e+03 9.429060e+03 9.435341e+03 9.441587e+03
6.5 9.422914e+03 9.427031e+03 9.427191e+03 9.423073e+03
7.5 9.415840e+03 9.435604e+03 9.423350e+03 9.403587e+03
8.5 9.435794e+03 9.439540e+03 9.422131e+03 9.418386e+03
9.5 9.448854e+03 9.436960e+03 9.422315e+03 9.434208e+03
10.5 9.437222e+03 9.439175e+03 9.423148e+03 9.421195e+03
11.5 9.440106e+03 9.447458e+03 9.424137e+03 9.416784e+03
12.5 9.456932e+03 9.449961e+03 9.424995e+03 9.431966e+03
13.5 9.458581e+03 9.444166e+03 9.425614e+03 9.440029e+03
14.5 9.455420e+03 9.430303e+03 9.426004e+03 9.451121e+03
15.5 9.435593e+03 9.417222e+03 9.426225e+03 9.444597e+03
16.5 9.442119e+03 9.419217e+03 9.426340e+03 9.449241e+03
17.5 9.445010e+03 9.434989e+03 9.426395e+03 9.436416e+03
18.5 9.467562e+03 9.445372e+03 9.426419e+03 9.448609e+03
19.5 9.492025e+03 9.442432e+03 9.426429e+03 9.476023e+03
20.5 9.466778e+03 9.430322e+03 9.426433e+03 9.462889e+03
21.5 9.415254e+03 9.421590e+03 9.426436e+03 9.420100e+03
0.2 9.411950e+03 9.421257e+03 9.426436e+03 9.417129e+03
1.2 9.420673e+03 9.410964e+03 9.428066e+03 9.437775e+03
2.2 9.452867e+03 9.419803e+03 9.443292e+03 9.476356e+03
3.2 9.458809e+03 9.441227e+03 9.466734e+03 9.484316e+03
4.2 9.445714e+03 9.451473e+03 9.470784e+03 9.465025e+03
5.2 9.465290e+03 9.452483e+03 9.464221e+03 9.477028e+03
6.2 9.468894e+03 9.455874e+03 9.467005e+03 9.480025e+03
7.2 9.456310e+03 9.454169e+03 9.461926e+03 9.464067e+03
8.2 9.432645e+03 9.442068e+03 9.447227e+03 9.437804e+03
9.2 9.397511e+03 9.424667e+03 9.433767e+03 9.406612e+03
10.2 9.393845e+03 9.410899e+03 9.425793e+03 9.408739e+03
11.2 9.400574e+03 9.403512e+03 9.422296e+03 9.419358e+03
12.2 9.431547e+03 9.406671e+03 9.421447e+03 9.446324e+03
13.2 9.440619e+03 9.421513e+03 9.421964e+03 9.441070e+03
14.2 9.452742e+03 9.432473e+03 9.423032e+03 9.443301e+03
15.2 9.451997e+03 9.434910e+03 9.424145e+03 9.441233e+03
16.2 9.441711e+03 9.438498e+03 9.425045e+03 9.428259e+03
17.2 9.433673e+03 9.443053e+03 9.425664e+03 9.416284e+03
18.2 9.446162e+03 9.442995e+03 9.426040e+03 9.429207e+03
19.2 9.443269e+03 9.436355e+03 9.426246e+03 9.433160e+03
20.2 9.441656e+03 9.436022e+03 9.426351e+03 9.431984e+03
21.2 9.449576e+03 9.442795e+03 9.426400e+03 9.433181e+03
0.8 9.445714e+03 9.451473e+03 9.470784e+03 9.465025e+03
1.8 9.465290e+03 9.452483e+03 9.464221e+03 9.477028e+03
2.8 9.468894e+03 9.455874e+03 9.467005e+03 9.480025e+03
3.8 9.456310e+03 9.454169e+03 9.461926e+03 9.464067e+03
4.8 9.432645e+03 9.442068e+03 9.447227e+03 9.437804e+03
5.8 9.397511e+03 9.424667e+03 9.433767e+03 9.406612e+03
6.8 9.393845e+03 9.410899e+03 9.425793e+03 9.408739e+03
7.8 9.400574e+03 9.403512e+03 9.422296e+03 9.419358e+03
8.8 9.431547e+03 9.406671e+03 9.421447e+03 9.446324e+03
9.8 9.440619e+03 9.421513e+03 9.421964e+03 9.441070e+03
10.8 9.452742e+03 9.432473e+03 9.423032e+03 9.443301e+03
11.8 9.451997e+03 9.434910e+03 9.424145e+03 9.441233e+03
12.8 9.441711e+03 9.438498e+03 9.425045e+03 9.428259e+03
13.8 9.433673e+03 9.443053e+03 9.425664e+03 9.416284e+03
14.8 9.446162e+03 9.442995e+03 9.426040e+03 9.429207e+03
15.8 9.443269e+03 9.436355e+03 9.426246e+03 9.433160e+03
16.8 9.441656e+03 9.436022e+03 9.426351e+03 9.431984e+03
17.8 9.449576e+03 9.442795e+03 9.426400e+03 9.433181e+03
18.8 9.469914e+03 9.444803e+03 9.426422e+03 9.451533e+03
19.8 9.483918e+03 9.442677e+03 9.426431e+03 9.467672e+03
20.8 9.458502e+03 9.444501e+03 9.426434e+03 9.440435e+03
21.8 9.427965e+03 9.446946e+03 9.426436e+03 9.407455e+03
0.5 9.433621e+03 9.437534e+03 9.426463e+03 9.422550e+03
1.5 9.418595e+03 9.428023e+03 9.431183e+03 9.421755e+03
2.5 9.425158e+03 9.437479e+03 9.452186e+03 9.439865e+03
3.5 9.448977e+03 9.456672e+03 9.478028e+03 9.470333e+03
4.5 9.490249e+03 9.462704e+03 9.482482e+03 9.510027e+03
5.5 9.493959e+03 9.452925e+03 9.465546e+03 9.506579e+03
6.5 9.444627e+03 9.434555e+03 9.445774e+03 9.455845e+03
7.5 9.402319e+03 9.425133e+03 9.432152e+03 9.409338e+03
8.5 9.395766e+03 9.431105e+03 9.424741e+03 9.389402e+03
9.5 9.413591e+03 9.438560e+03 9.421567e+03 9.396597e+03
10.5 9.458088e+03 9.440051e+03 9.420998e+03 9.439035e+03
11.5 9.458946e+03 9.439481e+03 9.421814e+03 9.441279e+03
12.5 9.435074e+03 9.441054e+03 9.423107e+03 9.417127e+03
13.5 9.422039e+03 9.440473e+03 9.424320e+03 9.405886e+03
14.5 9.403489e+03 9.431966e+03 9.425221e+03 9.396745e+03
15.5 9.405581e+03 9.420114e+03 9.426826e+03 9.412293e+03
16.5 9.413825e+03 9.423199e+03 9.440348e+03 9.430974e+03
17.5 9.422939e+03 9.441919e+03 9.464526e+03 9.445547e+03
18.5 9.440757e+03 9.452031e+03 9.471349e+03 9.460075e+03
19.5 9.416160e+03 9.446344e+03 9.458567e+03 9.428383e+03
20.5 9.418520e+03 9.432336e+03 9.442671e+03 9.428855e+03
21.5 9.421977e+03 9.429279e+03 9.431621e+03 9.424320e+03
0.1 9.403489e+03 9.431966e+03 9.425221e+03 9.396745e+03
1.1 9.405581e+03 9.420114e+03 9.426826e+03 9.412293e+03
2.1 9.413825e+03 9.423199e+03 9.440348e+03 9.430974e+03
3.1 9.422939e+03 9.441919e+03 9.464526e+03 9.445547e+03
4.1 9.440757e+03 9.452031e+03 9.471349e+03 9.460075e+03
5.1 9.416160e+03 9.446344e+03 9.458567e+03 9.428383e+03
6.1 9.418520e+03 9.432336e+03 9.442671e+03 9.428855e+03
7.1 9.421977e+03 9.429279e+03 9.431621e+03 9.424320e+03
8.1 9.428592e+03 9.432602e+03 9.425535e+03 9.421525e+03
9.1 9.404625e+03 9.430434e+03 9.422826e+03 9.397017e+03
10.1 9.384616e+03 9.421267e+03 9.422226e+03 9.385575e+03
11.1 9.372915e+03 9.414530e+03 9.422785e+03 9.381170e+03
12.1 9.426713e+03 9.421512e+03 9.423775e+03 9.428976e+03
13.1 9.456266e+03 9.430082e+03 9.424732e+03 9.450916e+03
14.1 9.471445e+03 9.429610e+03 9.425453e+03 9.467288e+03
15.1 9.450960e+03 9.421257e+03 9.425917e+03 9.455620e+03
16.1 9.418042e+03 9.412455e+03 9.426182e+03 9.431769e+03
17.1 9.408770e+03 9.406737e+03 9.426320e+03 9.428352e+03
18.1 9.410336e+03 9.403909e+03 9.426386e+03 9.432813e+03
19.1 9.418193e+03 9.404241e+03 9.426415e+03 9.440367e+03
20.1 9.461512e+03 9.415557e+03 9.426428e+03 9.472383e+03
21.1 9.497115e+03 9.433157e+03 9.426433e+03 9.490392e+03
0.1 9.422283e+03 9.445744e+03 9.426436e+03 9.402974e+03
1.1 9.444961e+03 9.444871e+03 9.427465e+03 9.427555e+03
2.1 9.436346e+03 9.447333e+03 9.440141e+03 9.429154e+03
3.1 9.435420e+03 9.451202e+03 9.456380e+03 9.440598e+03
4.1 9.419056e+03 9.445277e+03 9.455491e+03 9.429270e+03
5.1 9.396889e+03 9.431251e+03 9.445078e+03 9.410716e+03
6.1 9.384214e+03 9.427033e+03 9.445480e+03 9.402662e+03
7.1 9.400394e+03 9.435913e+03 9.456764e+03 9.421246e+03
8.1 9.413003e+03 9.438166e+03 9.455137e+03 9.429974e+03
9.1 9.433713e+03 9.431924e+03 9.443510e+03 9.445299e+03
10.1 9.449511e+03 9.432602e+03 9.432908e+03 9.449817e+03
11.1 9.434636e+03 9.440277e+03 9.426652e+03 9.421011e+03
12.1 9.425828e+03 9.443364e+03 9.423749e+03 9.406214e+03
13.1 9.440514e+03 9.442181e+03 9.422847e+03 9.421180e+03
14.1 9.443544e+03 9.444567e+03 9.423063e+03 9.422040e+03
15.1 9.435039e+03 9.450788e+03 9.423798e+03 9.408050e+03
16.1 9.430219e+03 9.450884e+03 9.424633e+03 9.403968e+03
17.1 9.436565e+03 9.443295e+03 9.425333e+03 9.418603e+03
18.1 9.434832e+03 9.429040e+03 9.425822e+03 9.431613e+03
19.1 9.435493e+03 9.422293e+03 9.426121e+03 9.439321e+03
20.1 9.433826e+03 9.428816e+03 9.426285e+03 9.431295e+03
21.1 9.442799e+03 9.435163e+03 9.426369e+03 9.434005e+03
1.0 9.396889e+03 9.431251e+03 9.445078e+03 9.410716e+03
2.0 9.384214e+03 9.427033e+03 9.445480e+03 9.402662e+03
3.0 9.400394e+03 9.435913e+03 9.456764e+03 9.421246e+03
4.0 9.413003e+03 9.438166e+03 9.455137e+03 9.429974e+03
5.0 9.433713e+03 9.431924e+03 9.443510e+03 9.445299e+03
6.0 9.449511e+03 9.432602e+03 9.432908e+03 9.449817e+03
7.0 9.434636e+03 9.440277e+03 9.426652e+03 9.421011e+03
8.0 9.425828e+03 9.443364e+03 9.423749e+03 9.406214e+03
9.0 9.440514e+03 9.442181e+03 9.422847e+03 9.421180e+03
10.0 9.443544e+03 9.444567e+03 9.423063e+03 9.422040e+03
11.0 9.435039e+03 9.450788e+03 9.423798e+03 9.408050e+03
12.0 9.430219e+03 9.450884e+03 9.424633e+03 9.403968e+03
13.0 9.436565e+03 9.443295e+03 9.425333e+03 9.418603e+03
14.0 9.434832e+03 9.429040e+03 9.425822e+03 9.431613e+03
15.0 9.435493e+03 9.422293e+03 9.426121e+03 9.439321e+03
16.0 9.433826e+03 9.428816e+03 9.426285e+03 9.431295e+03
17.0 9.442799e+03 9.435163e+03 9.426369e+03 9.434005e+03
18.0 9.472368e+03 9.434460e+03 9.426408e+03 9.464316e+03
19.0 9.446392e+03 9.425867e+03 9.426424e+03 9.446950e+03
20.0 9.415091e+03 9.424357e+03 9.426431e+03 9.417165e+03
21.0 9.418115e+03 9.432353e+03 9.426435e+03 9.412196e+03
22.0 9.431139e+03 9.437726e+03 9.426436e+03 9.419849e+03
0.4 9.444051e+03 9.442934e+03 9.426438e+03 9.427555e+03
1.4 9.449014e+03 9.444187e+03 9.429108e+03 9.433934e+03
2.4 9.429814e+03 9.451222e+03 9.446794e+03 9.425386e+03
3.4 9.431158e+03 9.461126e+03 9.468876e+03 9.438908e+03
4.4 9.421840e+03 9.459755e+03 9.469312e+03 9.431397e+03
5.4 9.452044e+03 9.452135e+03 9.454269e+03 9.454179e+03
6.4 9.469170e+03 9.446945e+03 9.439295e+03 9.461520e+03
7.4 9.453498e+03 9.441948e+03 9.429648e+03 9.441198e+03
8.4 9.410974e+03 9.431316e+03 9.424575e+03 9.404233e+03
9.4 9.397910e+03 9.417580e+03 9.422512e+03 9.402842e+03
10.4 9.383468e+03 9.407412e+03 9.422292e+03 9.398348e+03
11.4 9.400727e+03 9.407169e+03 9.423022e+03 9.416580e+03
12.4 9.421152e+03 9.422136e+03 9.424036e+03 9.423052e+03
13.4 9.438209e+03 9.439629e+03 9.424943e+03 9.423522e+03
14.4 9.458722e+03 9.446472e+03 9.425595e+03 9.437845e+03
15.4 9.439494e+03 9.445596e+03 9.426001e+03 9.419899e+03
16.4 9.430053e+03 9.446430e+03 9.426227e+03 9.409850e+03
17.4 9.423672e+03 9.446321e+03 9.426342e+03 9.403693e+03
18.4 9.438067e+03 9.442001e+03 9.426396e+03 9.422462e+03
19.4 9.434951e+03 9.430284e+03 9.426420e+03 9.431086e+03
20.4 9.399500e+03 9.416746e+03 9.426430e+03 9.409184e+03
21.4 9.399254e+03 9.410019e+03 9.426434e+03 9.415668e+03
