0.8 9.966614e+03 9.974768e+03 9.945836e+03 9.937682e+03
1.8 9.895128e+03 9.978976e+03 9.961261e+03 9.877412e+03
2.8 9.904148e+03 9.984376e+03 9.994143e+03 9.913916e+03
3.8 9.991586e+03 9.994007e+03 1.000142e+04 9.999000e+03
4.8 9.960299e+03 9.981446e+03 9.984061e+03 9.962914e+03
5.8 9.895957e+03 9.944419e+03 9.964315e+03 9.915853e+03
6.8 9.825545e+03 9.909486e+03 9.951095e+03 9.867154e+03
7.8 9.876425e+03 9.895603e+03 9.943932e+03 9.924753e+03
8.8 9.969645e+03 9.914800e+03 9.940792e+03 9.995636e+03
9.8 9.959167e+03 9.945265e+03 9.940166e+03 9.954068e+03
10.8 9.960257e+03 9.969340e+03 9.940915e+03 9.931831e+03
11.8 9.958161e+03 9.977478e+03 9.942153e+03 9.922836e+03
12.8 9.952042e+03 9.955046e+03 9.943323e+03 9.940319e+03
13.8 9.917345e+03 9.939859e+03 9.944192e+03 9.921678e+03
14.8 9.933914e+03 9.947859e+03 9.944745e+03 9.930800e+03
15.8 9.953895e+03 9.964737e+03 9.945057e+03 9.934215e+03
16.8 9.994857e+03 9.969944e+03 9.945218e+03 9.970131e+03
17.8 9.909683e+03 9.950277e+03 9.945294e+03 9.904700e+03
18.8 9.966180e+03 9.955089e+03 9.945328e+03 9.956420e+03
19.8 9.951504e+03 9.991730e+03 9.945343e+03 9.905117e+03
20.8 1.002019e+04 1.001408e+04 9.945349e+03 9.951454e+03
21.8 1.005690e+04 1.000877e+04 9.945352e+03 9.993477e+03
0.4 9.948634e+03 9.962999e+03 9.945360e+03 9.930995e+03
1.4 9.985374e+03 9.972240e+03 9.951004e+03 9.964138e+03
2.4 9.992812e+03 9.984652e+03 9.984185e+03 9.992344e+03
3.4 1.000598e+04 1.000199e+04 1.003167e+04 1.003566e+04
4.4 1.002129e+04 1.000789e+04 1.004661e+04 1.006002e+04
5.4 1.002017e+04 1.000137e+04 1.001996e+04 1.003875e+04
6.4 1.000384e+04 9.966764e+03 9.984101e+03 1.002117e+04
7.4 9.925521e+03 9.926412e+03 9.958185e+03 9.957294e+03
8.4 9.935751e+03 9.918632e+03 9.943685e+03 9.960805e+03
9.4 9.953128e+03 9.943314e+03 9.937184e+03 9.946998e+03
10.4 9.955125e+03 9.965225e+03 9.935661e+03 9.925561e+03
11.4 1.003316e+04 9.975124e+03 9.936869e+03 9.994909e+03
12.4 9.994774e+03 9.958045e+03 9.939116e+03 9.975845e+03
13.4 9.925764e+03 9.935584e+03 9.941323e+03 9.931503e+03
14.4 9.904036e+03 9.941517e+03 9.943008e+03 9.905528e+03
15.4 9.903962e+03 9.960633e+03 9.944104e+03 9.887433e+03
16.4 9.942488e+03 9.976494e+03 9.944736e+03 9.910730e+03
17.4 1.004923e+04 9.977124e+03 9.945068e+03 1.001717e+04
18.4 1.001689e+04 9.948940e+03 9.945228e+03 1.001318e+04
19.4 9.917102e+03 9.921779e+03 9.945301e+03 9.940623e+03
20.4 9.876617e+03 9.928980e+03 9.945332e+03 9.892969e+03
21.4 9.926266e+03 9.951126e+03 9.945345e+03 9.920485e+03
0.4 9.955799e+03 9.972245e+03 9.945357e+03 9.928911e+03
1.4 9.961796e+03 9.943629e+03 9.950533e+03 9.968700e+03
2.4 9.970196e+03 9.940259e+03 9.979972e+03 1.000991e+04
3.4 1.004797e+04 9.958444e+03 1.000246e+04 1.009198e+04
4.4 1.006280e+04 9.971600e+03 9.993440e+03 1.008464e+04
5.4 9.963590e+03 9.954061e+03 9.972724e+03 9.982253e+03
6.4 9.943949e+03 9.942139e+03 9.956265e+03 9.958075e+03
7.4 9.966018e+03 9.949950e+03 9.946594e+03 9.962661e+03
8.4 1.001833e+04 9.966529e+03 9.941836e+03 9.993638e+03
9.4 9.979236e+03 9.967752e+03 9.940218e+03 9.951703e+03
10.4 9.913094e+03 9.940929e+03 9.940465e+03 9.912630e+03
11.4 9.840313e+03 9.911878e+03 9.943179e+03 9.871614e+03
12.4 9.901172e+03 9.914165e+03 9.966922e+03 9.953929e+03
13.4 9.956666e+03 9.951424e+03 1.001508e+04 1.002032e+04
14.4 9.961561e+03 9.984225e+03 1.004726e+04 1.002460e+04
15.4 9.995468e+03 1.000005e+04 1.003284e+04 1.002826e+04
16.4 9.978381e+03 9.983922e+03 9.996741e+03 9.991200e+03
17.4 9.953218e+03 9.954775e+03 9.966243e+03 9.964686e+03
18.4 9.976505e+03 9.964583e+03 9.947804e+03 9.959726e+03
19.4 1.000942e+04 9.998891e+03 9.938734e+03 9.949260e+03
20.4 1.003845e+04 1.001608e+04 9.935681e+03 9.958055e+03
21.4 1.006219e+04 1.000716e+04 9.936136e+03 9.991168e+03
0.1 9.913094e+03 9.940929e+03 9.940465e+03 9.912630e+03
1.1 9.840313e+03 9.911878e+03 9.943179e+03 9.871614e+03
2.1 9.901172e+03 9.914165e+03 9.966922e+03 9.953929e+03
3.1 9.956666e+03 9.951424e+03 1.001508e+04 1.002032e+04
4.1 9.961561e+03 9.984225e+03 1.004726e+04 1.002460e+04
5.1 9.995468e+03 1.000005e+04 1.003284e+04 1.002826e+04
6.1 9.978381e+03 9.983922e+03 9.996741e+03 9.991200e+03
7.1 9.953218e+03 9.954775e+03 9.966243e+03 9.964686e+03
8.1 9.976505e+03 9.964583e+03 9.947804e+03 9.959726e+03
9.1 1.000942e+04 9.998891e+03 9.938734e+03 9.949260e+03
10.1 1.003845e+04 1.001608e+04 9.935681e+03 9.958055e+03
11.1 1.006219e+04 1.000716e+04 9.936136e+03 9.991168e+03
12.1 9.972725e+03 9.967993e+03 9.938188e+03 9.942919e+03
13.1 9.903732e+03 9.940461e+03 9.940519e+03 9.903790e+03
14.1 9.911811e+03 9.946888e+03 9.942437e+03 9.907360e+03
15.1 9.912604e+03 9.961195e+03 9.943752e+03 9.895161e+03
16.1 1.001470e+04 9.975887e+03 9.945337e+03 9.984152e+03
17.1 1.005124e+04 9.984032e+03 9.963514e+03 1.003073e+04
18.1 1.002377e+04 9.988666e+03 9.995159e+03 1.003027e+04
19.1 9.989661e+03 9.993378e+03 9.999035e+03 9.995318e+03
20.1 9.932265e+03 9.974398e+03 9.980999e+03 9.938866e+03
21.1 9.898472e+03 9.937887e+03 9.962216e+03 9.922801e+03
0.9 1.001470e+04 9.975887e+03 9.945337e+03 9.984152e+03
1.9 1.005124e+04 9.984032e+03 9.963514e+03 1.003073e+04
2.9 1.002377e+04 9.988666e+03 9.995159e+03 1.003027e+04
3.9 9.989661e+03 9.993378e+03 9.999035e+03 9.995318e+03
4.9 9.932265e+03 9.974398e+03 9.980999e+03 9.938866e+03
5.9 9.898472e+03 9.937887e+03 9.962216e+03 9.922801e+03
6.9 9.923687e+03 9.932927e+03 9.950007e+03 9.940766e+03
7.9 9.967489e+03 9.966095e+03 9.943502e+03 9.944896e+03
8.9 9.978707e+03 9.993745e+03 9.940745e+03 9.925708e+03
9.9 9.996441e+03 9.992987e+03 9.940318e+03 9.943773e+03
10.9 9.978898e+03 9.961692e+03 9.941133e+03 9.958339e+03
11.9 9.935970e+03 9.945596e+03 9.942354e+03 9.932728e+03
12.9 9.974908e+03 9.951244e+03 9.943473e+03 9.967137e+03
13.9 9.966867e+03 9.958415e+03 9.944288e+03 9.952740e+03
14.9 9.917276e+03 9.940633e+03 9.944800e+03 9.921443e+03
15.9 9.834274e+03 9.918221e+03 9.945086e+03 9.861139e+03
16.9 9.880999e+03 9.923668e+03 9.945232e+03 9.902563e+03
17.9 9.954615e+03 9.945346e+03 9.945301e+03 9.954570e+03
18.9 1.000654e+04 9.956878e+03 9.945331e+03 9.994992e+03
19.9 9.989598e+03 9.939305e+03 9.945344e+03 9.995636e+03
20.9 9.903399e+03 9.912844e+03 9.945349e+03 9.935905e+03
21.9 9.880226e+03 9.893647e+03 9.945352e+03 9.931931e+03
0.2 9.883054e+03 9.883482e+03 9.945352e+03 9.944924e+03
1.2 9.898458e+03 9.882655e+03 9.948562e+03 9.964365e+03
2.2 9.988445e+03 9.910091e+03 9.976445e+03 1.005480e+04
3.2 1.006470e+04 9.954379e+03 1.001762e+04 1.012794e+04
4.2 1.000777e+04 9.987383e+03 1.002328e+04 1.004367e+04
5.2 9.921379e+03 9.990395e+03 9.998101e+03 9.929086e+03
6.2 9.902363e+03 9.976613e+03 9.970733e+03 9.896484e+03
7.2 9.936308e+03 9.977244e+03 9.952533e+03 9.911597e+03
8.2 9.927761e+03 9.981072e+03 9.942764e+03 9.889454e+03
9.2 9.971990e+03 9.988327e+03 9.938616e+03 9.922279e+03
10.2 9.986025e+03 9.998336e+03 9.937939e+03 9.925629e+03
11.2 1.001016e+04 1.000407e+04 9.939108e+03 9.945204e+03
12.2 9.989422e+03 9.998157e+03 9.940894e+03 9.932159e+03
13.2 9.925679e+03 9.968240e+03 9.942542e+03 9.899981e+03
14.2 9.905671e+03 9.949590e+03 9.943753e+03 9.899834e+03
15.2 9.938978e+03 9.961371e+03 9.944517e+03 9.922124e+03
16.2 9.931603e+03 9.974707e+03 9.944948e+03 9.901843e+03
17.2 9.946597e+03 9.965779e+03 9.945168e+03 9.925986e+03
18.2 9.953963e+03 9.959576e+03 9.945273e+03 9.939660e+03
19.2 9.921418e+03 9.966224e+03 9.945320e+03 9.900514e+03
20.2 9.923954e+03 9.973936e+03 9.945365e+03 9.895383e+03
21.2 9.942341e+03 9.984123e+03 9.952575e+03 9.910793e+03
0.5 9.923954e+03 9.973936e+03 9.945365e+03 9.895383e+03
1.5 9.942341e+03 9.984123e+03 9.952575e+03 9.910793e+03
2.5 9.994615e+03 9.995174e+03 9.988238e+03 9.987680e+03
3.5 9.974260e+03 1.000771e+04 1.003485e+04 1.000141e+04
4.5 9.967368e+03 1.000951e+04 1.004557e+04 1.000343e+04
5.5 9.951723e+03 9.999035e+03 1.001680e+04 9.969491e+03
6.5 9.916314e+03 9.962852e+03 9.981390e+03 9.934853e+03
7.5 9.902255e+03 9.936649e+03 9.956537e+03 9.922143e+03
8.5 9.923925e+03 9.941691e+03 9.942864e+03 9.925098e+03
9.5 9.953305e+03 9.958119e+03 9.936894e+03 9.932080e+03
10.5 1.003929e+04 9.967732e+03 9.935686e+03 1.000725e+04
11.5 9.982089e+03 9.949000e+03 9.937040e+03 9.970129e+03
12.5 9.914998e+03 9.938266e+03 9.939317e+03 9.916049e+03
13.5 9.904187e+03 9.949521e+03 9.941491e+03 9.896157e+03
14.5 9.949259e+03 9.967750e+03 9.943124e+03 9.924633e+03
15.5 9.951620e+03 9.970641e+03 9.944174e+03 9.925154e+03
16.5 9.914871e+03 9.944138e+03 9.944774e+03 9.915507e+03
17.5 9.907558e+03 9.912521e+03 9.945087e+03 9.940123e+03
18.5 9.881884e+03 9.891284e+03 9.945237e+03 9.935837e+03
19.5 9.928578e+03 9.888142e+03 9.945305e+03 9.985740e+03
20.5 9.969864e+03 9.910499e+03 9.945333e+03 1.000470e+04
21.5 1.000950e+04 9.941750e+03 9.945346e+03 1.001309e+04
0.9 9.959753e+03 1.002303e+04 9.946031e+03 9.882750e+03
1.9 9.993126e+03 1.001401e+04 9.962988e+03 9.942107e+03
2.9 1.003998e+04 1.000288e+04 9.994712e+03 1.003181e+04
3.9 1.002055e+04 9.996778e+03 9.999421e+03 1.002319e+04
4.9 9.935923e+03 9.972780e+03 9.981625e+03 9.944768e+03
5.9 9.881649e+03 9.932091e+03 9.962678e+03 9.912236e+03
6.9 9.833084e+03 9.898610e+03 9.950492e+03 9.884966e+03
7.9 9.875028e+03 9.892380e+03 9.956287e+03 9.938936e+03
8.9 9.923700e+03 9.926696e+03 9.994920e+03 9.991924e+03
9.9 9.959110e+03 9.969447e+03 1.003674e+04 1.002640e+04
10.9 9.984696e+03 9.994580e+03 1.003708e+04 1.002720e+04
11.9 1.000296e+04 1.000124e+04 1.000525e+04 1.000698e+04
12.9 1.001772e+04 9.998090e+03 9.972693e+03 9.992323e+03
13.9 9.981559e+03 9.991780e+03 9.951463e+03 9.941241e+03
14.9 9.999532e+03 9.988585e+03 9.940379e+03 9.951326e+03
15.9 9.963834e+03 9.963054e+03 9.936015e+03 9.936794e+03
16.9 9.879671e+03 9.924832e+03 9.935714e+03 9.890553e+03
17.9 9.854562e+03 9.901201e+03 9.937474e+03 9.890836e+03
18.9 9.931833e+03 9.912234e+03 9.939826e+03 9.959425e+03
19.9 9.956721e+03 9.937749e+03 9.941910e+03 9.960882e+03
20.9 9.990881e+03 9.964141e+03 9.943410e+03 9.970149e+03
21.9 9.955557e+03 9.961921e+03 9.944345e+03 9.937981e+03
0.7 9.833084e+03 9.898610e+03 9.950492e+03 9.884966e+03
1.7 9.875028e+03 9.892380e+03 9.956287e+03 9.938936e+03
2.7 9.923700e+03 9.926696e+03 9.994920e+03 9.991924e+03
3.7 9.959110e+03 9.969447e+03 1.003674e+04 1.002640e+04
4.7 9.984696e+03 9.994580e+03 1.003708e+04 1.002720e+04
5.7 1.000296e+04 1.000124e+04 1.000525e+04 1.000698e+04
6.7 1.001772e+04 9.998090e+03 9.972693e+03 9.992323e+03
7.7 9.981559e+03 9.991780e+03 9.951463e+03 9.941241e+03
8.7 9.999532e+03 9.988585e+03 9.940379e+03 9.951326e+03
9.7 9.963834e+03 9.963054e+03 9.936015e+03 9.936794e+03
10.7 9.879671e+03 9.924832e+03 9.935714e+03 9.890553e+03
11.7 9.854562e+03 9.901201e+03 9.937474e+03 9.890836e+03
12.7 9.931833e+03 9.912234e+03 9.939826e+03 9.959425e+03
13.7 9.956721e+03 9.937749e+03 9.941910e+03 9.960882e+03
14.7 9.990881e+03 9.964141e+03 9.943410e+03 9.970149e+03
15.7 9.955557e+03 9.961921e+03 9.944345e+03 9.937981e+03
16.7 9.877906e+03 9.934279e+03 9.944866e+03 9.888494e+03
17.7 9.839909e+03 9.906761e+03 9.945132e+03 9.878280e+03
18.7 9.844868e+03 9.889406e+03 9.945258e+03 9.900720e+03
19.7 9.888399e+03 9.880972e+03 9.945314e+03 9.952741e+03
20.7 9.920450e+03 9.885696e+03 9.945337e+03 9.980092e+03
21.7 9.939342e+03 9.913955e+03 9.945348e+03 9.970734e+03
0.9 9.985807e+03 9.953598e+03 9.946031e+03 9.978240e+03
1.9 9.920874e+03 9.944801e+03 9.963262e+03 9.939335e+03
2.9 9.979715e+03 9.965673e+03 1.000809e+04 1.002213e+04
3.9 9.978157e+03 9.990891e+03 1.004529e+04 1.003256e+04
4.9 1.004451e+04 1.000309e+04 1.003697e+04 1.007839e+04
5.9 9.962487e+03 9.989843e+03 1.000193e+04 9.974578e+03
6.9 9.937891e+03 9.969163e+03 9.969940e+03 9.938667e+03
7.9 9.949168e+03 9.963434e+03 9.949915e+03 9.935649e+03
8.9 9.923810e+03 9.966219e+03 9.939738e+03 9.897328e+03
9.9 9.911988e+03 9.949107e+03 9.935975e+03 9.898857e+03
10.9 9.848292e+03 9.918637e+03 9.936025e+03 9.865679e+03
11.9 9.853415e+03 9.894397e+03 9.937912e+03 9.896931e+03
12.9 9.840530e+03 9.881421e+03 9.940235e+03 9.899345e+03
13.9 9.894356e+03 9.876577e+03 9.942218e+03 9.959997e+03
14.9 9.899691e+03 9.876278e+03 9.943609e+03 9.967022e+03
