0.5 4.312909e+03 4.354287e+03 4.348718e+03 4.307341e+03
1.5 4.317452e+03 4.357950e+03 4.350639e+03 4.310141e+03
2.5 4.320268e+03 4.361949e+03 4.355224e+03 4.313542e+03
3.5 4.337626e+03 4.356969e+03 4.356034e+03 4.336691e+03
4.5 4.323286e+03 4.344531e+03 4.354108e+03 4.332863e+03
5.5 4.323232e+03 4.343306e+03 4.355653e+03 4.335579e+03
6.5 4.322390e+03 4.349176e+03 4.356947e+03 4.330161e+03
7.5 4.317810e+03 4.352395e+03 4.354688e+03 4.320103e+03
8.5 4.327451e+03 4.353015e+03 4.351548e+03 4.325984e+03
9.5 4.330595e+03 4.352751e+03 4.349371e+03 4.327215e+03
10.5 4.332162e+03 4.351873e+03 4.348255e+03 4.328544e+03
11.5 4.358496e+03 4.350949e+03 4.347912e+03 4.355458e+03
12.5 4.323449e+03 4.353588e+03 4.350783e+03 4.320644e+03
13.5 4.324659e+03 4.358148e+03 4.355071e+03 4.321581e+03
14.5 4.345407e+03 4.358447e+03 4.355079e+03 4.342039e+03
15.5 4.337958e+03 4.355742e+03 4.352635e+03 4.334851e+03
16.5 4.342766e+03 4.352912e+03 4.350522e+03 4.340376e+03
17.5 4.337237e+03 4.354507e+03 4.352308e+03 4.335038e+03
18.5 4.369875e+03 4.358171e+03 4.355567e+03 4.367271e+03
19.5 4.348850e+03 4.357060e+03 4.354852e+03 4.346643e+03
20.5 4.345929e+03 4.348081e+03 4.352165e+03 4.350012e+03
0.1 4.337626e+03 4.356969e+03 4.356034e+03 4.336691e+03
1.1 4.323286e+03 4.344531e+03 4.354108e+03 4.332863e+03
2.1 4.323232e+03 4.343306e+03 4.355653e+03 4.335579e+03
3.1 4.322390e+03 4.349176e+03 4.356947e+03 4.330161e+03
4.1 4.317810e+03 4.352395e+03 4.354688e+03 4.320103e+03
5.1 4.327451e+03 4.353015e+03 4.351548e+03 4.325984e+03
6.1 4.330595e+03 4.352751e+03 4.349371e+03 4.327215e+03
7.1 4.332162e+03 4.351873e+03 4.348255e+03 4.328544e+03
8.1 4.358496e+03 4.350949e+03 4.347912e+03 4.355458e+03
9.1 4.323449e+03 4.353588e+03 4.350783e+03 4.320644e+03
10.1 4.324659e+03 4.358148e+03 4.355071e+03 4.321581e+03
11.1 4.345407e+03 4.358447e+03 4.355079e+03 4.342039e+03
12.1 4.337958e+03 4.355742e+03 4.352635e+03 4.334851e+03
13.1 4.342766e+03 4.352912e+03 4.350522e+03 4.340376e+03
14.1 4.337237e+03 4.354507e+03 4.352308e+03 4.335038e+03
15.1 4.369875e+03 4.358171e+03 4.355567e+03 4.367271e+03
16.1 4.348850e+03 4.357060e+03 4.354852e+03 4.346643e+03
17.1 4.345929e+03 4.348081e+03 4.352165e+03 4.350012e+03
18.1 4.336904e+03 4.335359e+03 4.349954e+03 4.351499e+03
19.1 4.330126e+03 4.330681e+03 4.348696e+03 4.348141e+03
20.1 4.355617e+03 4.338696e+03 4.348111e+03 4.365031e+03
0.8 4.358496e+03 4.350949e+03 4.347912e+03 4.355458e+03
1.8 4.323449e+03 4.353588e+03 4.350783e+03 4.320644e+03
2.8 4.324659e+03 4.358148e+03 4.355071e+03 4.321581e+03
3.8 4.345407e+03 4.358447e+03 4.355079e+03 4.342039e+03
4.8 4.337958e+03 4.355742e+03 4.352635e+03 4.334851e+03
5.8 4.342766e+03 4.352912e+03 4.350522e+03 4.340376e+03
6.8 4.337237e+03 4.354507e+03 4.352308e+03 4.335038e+03
7.8 4.369875e+03 4.358171e+03 4.355567e+03 4.367271e+03
8.8 4.348850e+03 4.357060e+03 4.354852e+03 4.346643e+03
9.8 4.345929e+03 4.348081e+03 4.352165e+03 4.350012e+03
10.8 4.336904e+03 4.335359e+03 4.349954e+03 4.351499e+03
11.8 4.330126e+03 4.330681e+03 4.348696e+03 4.348141e+03
12.8 4.355617e+03 4.338696e+03 4.348111e+03 4.365031e+03
13.8 4.314162e+03 4.347528e+03 4.347931e+03 4.314564e+03
14.8 4.359897e+03 4.351998e+03 4.347985e+03 4.355884e+03
15.8 4.357613e+03 4.353669e+03 4.348149e+03 4.352093e+03
16.8 4.377820e+03 4.354129e+03 4.348330e+03 4.372021e+03
17.8 4.376133e+03 4.353955e+03 4.348479e+03 4.370657e+03
18.8 4.367761e+03 4.351066e+03 4.348581e+03 4.365276e+03
19.8 4.348655e+03 4.341848e+03 4.348644e+03 4.355451e+03
20.8 4.334518e+03 4.336064e+03 4.349934e+03 4.348388e+03
0.8 4.342766e+03 4.352912e+03 4.350522e+03 4.340376e+03
1.8 4.337237e+03 4.354507e+03 4.352308e+03 4.335038e+03
2.8 4.369875e+03 4.358171e+03 4.355567e+03 4.367271e+03
3.8 4.348850e+03 4.357060e+03 4.354852e+03 4.346643e+03
4.8 4.345929e+03 4.348081e+03 4.352165e+03 4.350012e+03
5.8 4.336904e+03 4.335359e+03 4.349954e+03 4.351499e+03
6.8 4.330126e+03 4.330681e+03 4.348696e+03 4.348141e+03
7.8 4.355617e+03 4.338696e+03 4.348111e+03 4.365031e+03
8.8 4.314162e+03 4.347528e+03 4.347931e+03 4.314564e+03
9.8 4.359897e+03 4.351998e+03 4.347985e+03 4.355884e+03
10.8 4.357613e+03 4.353669e+03 4.348149e+03 4.352093e+03
11.8 4.377820e+03 4.354129e+03 4.348330e+03 4.372021e+03
12.8 4.376133e+03 4.353955e+03 4.348479e+03 4.370657e+03
13.8 4.367761e+03 4.351066e+03 4.348581e+03 4.365276e+03
14.8 4.348655e+03 4.341848e+03 4.348644e+03 4.355451e+03
15.8 4.334518e+03 4.336064e+03 4.349934e+03 4.348388e+03
16.8 4.348386e+03 4.342917e+03 4.354577e+03 4.360045e+03
17.8 4.356827e+03 4.348958e+03 4.356215e+03 4.364084e+03
18.8 4.349182e+03 4.345196e+03 4.354247e+03 4.358233e+03
19.8 4.346717e+03 4.345232e+03 4.354741e+03 4.356225e+03
20.8 4.373611e+03 4.351770e+03 4.356870e+03 4.378711e+03
0.4 4.348655e+03 4.341848e+03 4.348644e+03 4.355451e+03
1.4 4.334518e+03 4.336064e+03 4.349934e+03 4.348388e+03
2.4 4.348386e+03 4.342917e+03 4.354577e+03 4.360045e+03
3.4 4.356827e+03 4.348958e+03 4.356215e+03 4.364084e+03
4.4 4.349182e+03 4.345196e+03 4.354247e+03 4.358233e+03
5.4 4.346717e+03 4.345232e+03 4.354741e+03 4.356225e+03
6.4 4.373611e+03 4.351770e+03 4.356870e+03 4.378711e+03
7.4 4.352872e+03 4.355229e+03 4.355417e+03 4.353059e+03
8.4 4.332092e+03 4.354681e+03 4.352273e+03 4.329684e+03
9.4 4.308595e+03 4.352860e+03 4.349816e+03 4.305551e+03
10.4 4.360004e+03 4.353123e+03 4.348473e+03 4.355355e+03
11.4 4.354132e+03 4.354737e+03 4.347902e+03 4.347298e+03
12.4 4.362802e+03 4.346129e+03 4.347777e+03 4.364450e+03
13.4 4.328601e+03 4.331112e+03 4.347901e+03 4.345390e+03
14.4 4.353718e+03 4.327047e+03 4.350028e+03 4.376699e+03
15.4 4.298967e+03 4.338057e+03 4.354820e+03 4.315730e+03
16.4 4.239169e+03 4.348428e+03 4.355795e+03 4.246536e+03
17.4 4.377834e+03 4.353306e+03 4.353507e+03 4.378035e+03
18.4 4.383837e+03 4.356678e+03 4.351003e+03 4.378162e+03
19.4 4.357334e+03 4.360263e+03 4.349361e+03 4.346432e+03
20.4 4.377555e+03 4.362459e+03 4.348479e+03 4.363575e+03
0.8 4.349182e+03 4.345196e+03 4.354247e+03 4.358233e+03
1.8 4.346717e+03 4.345232e+03 4.354741e+03 4.356225e+03
2.8 4.373611e+03 4.351770e+03 4.356870e+03 4.378711e+03
3.8 4.352872e+03 4.355229e+03 4.355417e+03 4.353059e+03
4.8 4.332092e+03 4.354681e+03 4.352273e+03 4.329684e+03
5.8 4.308595e+03 4.352860e+03 4.349816e+03 4.305551e+03
6.8 4.360004e+03 4.353123e+03 4.348473e+03 4.355355e+03
7.8 4.354132e+03 4.354737e+03 4.347902e+03 4.347298e+03
8.8 4.362802e+03 4.346129e+03 4.347777e+03 4.364450e+03
9.8 4.328601e+03 4.331112e+03 4.347901e+03 4.345390e+03
10.8 4.353718e+03 4.327047e+03 4.350028e+03 4.376699e+03
11.8 4.298967e+03 4.338057e+03 4.354820e+03 4.315730e+03
12.8 4.239169e+03 4.348428e+03 4.355795e+03 4.246536e+03
13.8 4.377834e+03 4.353306e+03 4.353507e+03 4.378035e+03
14.8 4.383837e+03 4.356678e+03 4.351003e+03 4.378162e+03
15.8 4.357334e+03 4.360263e+03 4.349361e+03 4.346432e+03
16.8 4.377555e+03 4.362459e+03 4.348479e+03 4.363575e+03
17.8 4.379670e+03 4.363748e+03 4.348097e+03 4.364020e+03
18.8 4.382684e+03 4.361852e+03 4.348030e+03 4.368862e+03
19.8 4.374454e+03 4.357722e+03 4.348134e+03 4.364866e+03
20.8 4.360621e+03 4.353751e+03 4.348297e+03 4.355167e+03
0.5 4.328601e+03 4.331112e+03 4.347901e+03 4.345390e+03
1.5 4.353718e+03 4.327047e+03 4.350028e+03 4.376699e+03
2.5 4.298967e+03 4.338057e+03 4.354820e+03 4.315730e+03
3.5 4.239169e+03 4.348428e+03 4.355795e+03 4.246536e+03
4.5 4.377834e+03 4.353306e+03 4.353507e+03 4.378035e+03
5.5 4.383837e+03 4.356678e+03 4.351003e+03 4.378162e+03
6.5 4.357334e+03 4.360263e+03 4.349361e+03 4.346432e+03
7.5 4.377555e+03 4.362459e+03 4.348479e+03 4.363575e+03
8.5 4.379670e+03 4.363748e+03 4.348097e+03 4.364020e+03
9.5 4.382684e+03 4.361852e+03 4.348030e+03 4.368862e+03
10.5 4.374454e+03 4.357722e+03 4.348134e+03 4.364866e+03
11.5 4.360621e+03 4.353751e+03 4.348297e+03 4.355167e+03
12.5 4.411152e+03 4.351248e+03 4.348576e+03 4.408480e+03
13.5 4.368355e+03 4.353425e+03 4.351850e+03 4.366780e+03
14.5 4.352860e+03 4.357518e+03 4.355885e+03 4.351226e+03
15.5 4.372239e+03 4.357590e+03 4.355482e+03 4.370131e+03
16.5 4.365282e+03 4.355970e+03 4.352820e+03 4.362131e+03
17.5 4.376026e+03 4.356561e+03 4.350486e+03 4.369951e+03
18.5 4.366376e+03 4.358428e+03 4.349065e+03 4.357013e+03
19.5 4.381732e+03 4.360795e+03 4.348338e+03 4.369274e+03
20.5 4.365563e+03 4.361873e+03 4.348057e+03 4.351747e+03
0.8 4.411152e+03 4.351248e+03 4.348576e+03 4.408480e+03
1.8 4.368355e+03 4.353425e+03 4.351850e+03 4.366780e+03
2.8 4.352860e+03 4.357518e+03 4.355885e+03 4.351226e+03
3.8 4.372239e+03 4.357590e+03 4.355482e+03 4.370131e+03
4.8 4.365282e+03 4.355970e+03 4.352820e+03 4.362131e+03
5.8 4.376026e+03 4.356561e+03 4.350486e+03 4.369951e+03
6.8 4.366376e+03 4.358428e+03 4.349065e+03 4.357013e+03
7.8 4.381732e+03 4.360795e+03 4.348338e+03 4.369274e+03
8.8 4.365563e+03 4.361873e+03 4.348057e+03 4.351747e+03
9.8 4.380091e+03 4.362128e+03 4.348050e+03 4.366013e+03
10.8 4.359090e+03 4.362054e+03 4.348911e+03 4.345947e+03
11.8 4.387648e+03 4.363528e+03 4.353478e+03 4.377598e+03
12.8 4.360735e+03 4.362554e+03 4.356069e+03 4.354250e+03
13.8 4.381440e+03 4.358457e+03 4.354475e+03 4.377458e+03
14.8 4.352040e+03 4.353857e+03 4.351800e+03 4.349983e+03
15.8 4.377910e+03 4.345443e+03 4.349834e+03 4.382301e+03
16.8 4.348488e+03 4.335315e+03 4.348927e+03 4.362100e+03
17.8 4.348506e+03 4.336930e+03 4.351911e+03 4.363487e+03
18.8 4.358702e+03 4.343307e+03 4.355421e+03 4.370817e+03
19.8 4.362797e+03 4.342110e+03 4.355074e+03 4.375761e+03
20.8 4.367323e+03 4.345655e+03 4.356439e+03 4.378107e+03
0.2 4.380091e+03 4.362128e+03 4.348050e+03 4.366013e+03
1.2 4.359090e+03 4.362054e+03 4.348911e+03 4.345947e+03
2.2 4.387648e+03 4.363528e+03 4.353478e+03 4.377598e+03
3.2 4.360735e+03 4.362554e+03 4.356069e+03 4.354250e+03
4.2 4.381440e+03 4.358457e+03 4.354475e+03 4.377458e+03
5.2 4.352040e+03 4.353857e+03 4.351800e+03 4.349983e+03
6.2 4.377910e+03 4.345443e+03 4.349834e+03 4.382301e+03
7.2 4.348488e+03 4.335315e+03 4.348927e+03 4.362100e+03
8.2 4.348506e+03 4.336930e+03 4.351911e+03 4.363487e+03
9.2 4.358702e+03 4.343307e+03 4.355421e+03 4.370817e+03
10.2 4.362797e+03 4.342110e+03 4.355074e+03 4.375761e+03
11.2 4.367323e+03 4.345655e+03 4.356439e+03 4.378107e+03
12.2 4.384976e+03 4.352671e+03 4.357550e+03 4.389855e+03
13.2 4.369919e+03 4.355633e+03 4.355145e+03 4.369431e+03
14.2 4.358283e+03 4.355461e+03 4.351798e+03 4.354620e+03
15.2 4.372440e+03 4.354482e+03 4.349433e+03 4.367392e+03
16.2 4.369806e+03 4.353366e+03 4.348206e+03 4.364645e+03
17.2 4.362115e+03 4.352145e+03 4.347731e+03 4.357702e+03
18.2 4.341422e+03 4.352990e+03 4.347686e+03 4.336119e+03
19.2 4.342007e+03 4.356155e+03 4.347857e+03 4.333709e+03
20.2 4.341633e+03 4.356190e+03 4.348096e+03 4.333538e+03
0.9 4.348488e+03 4.335315e+03 4.348927e+03 4.362100e+03
1.9 4.348506e+03 4.336930e+03 4.351911e+03 4.363487e+03
2.9 4.358702e+03 4.343307e+03 4.355421e+03 4.370817e+03
3.9 4.362797e+03 4.342110e+03 4.355074e+03 4.375761e+03
4.9 4.367323e+03 4.345655e+03 4.356439e+03 4.378107e+03
5.9 4.384976e+03 4.352671e+03 4.357550e+03 4.389855e+03
6.9 4.369919e+03 4.355633e+03 4.355145e+03 4.369431e+03
7.9 4.358283e+03 4.355461e+03 4.351798e+03 4.354620e+03
8.9 4.372440e+03 4.354482e+03 4.349433e+03 4.367392e+03
9.9 4.369806e+03 4.353366e+03 4.348206e+03 4.364645e+03
10.9 4.362115e+03 4.352145e+03 4.347731e+03 4.357702e+03
11.9 4.341422e+03 4.352990e+03 4.347686e+03 4.336119e+03
12.9 4.342007e+03 4.356155e+03 4.347857e+03 4.333709e+03
13.9 4.341633e+03 4.356190e+03 4.348096e+03 4.333538e+03
14.9 4.336923e+03 4.354538e+03 4.348909e+03 4.331294e+03
15.9 4.331572e+03 4.357188e+03 4.353344e+03 4.327728e+03
16.9 4.364963e+03 4.359632e+03 4.356164e+03 4.361494e+03
17.9 4.350073e+03 4.360136e+03 4.354692e+03 4.344628e+03
18.9 4.360455e+03 4.360588e+03 4.352345e+03 4.352212e+03
19.9 4.353780e+03 4.362698e+03 4.354242e+03 4.345324e+03
20.9 4.390971e+03 4.362705e+03 4.356291e+03 4.384557e+03
1.0 4.362797e+03 4.342110e+03 4.355074e+03 4.375761e+03
2.0 4.367323e+03 4.345655e+03 4.356439e+03 4.378107e+03
3.0 4.384976e+03 4.352671e+03 4.357550e+03 4.389855e+03
4.0 4.369919e+03 4.355633e+03 4.355145e+03 4.369431e+03
5.0 4.358283e+03 4.355461e+03 4.351798e+03 4.354620e+03
6.0 4.372440e+03 4.354482e+03 4.349433e+03 4.367392e+03
7.0 4.369806e+03 4.353366e+03 4.348206e+03 4.364645e+03
8.0 4.362115e+03 4.352145e+03 4.347731e+03 4.357702e+03
9.0 4.341422e+03 4.352990e+03 4.347686e+03 4.336119e+03
10.0 4.342007e+03 4.356155e+03 4.347857e+03 4.333709e+03
11.0 4.341633e+03 4.356190e+03 4.348096e+03 4.333538e+03
12.0 4.336923e+03 4.354538e+03 4.348909e+03 4.331294e+03
13.0 4.331572e+03 4.357188e+03 4.353344e+03 4.327728e+03
14.0 4.364963e+03 4.359632e+03 4.356164e+03 4.361494e+03
15.0 4.350073e+03 4.360136e+03 4.354692e+03 4.344628e+03
16.0 4.360455e+03 4.360588e+03 4.352345e+03 4.352212e+03
17.0 4.353780e+03 4.362698e+03 4.354242e+03 4.345324e+03
18.0 4.390971e+03 4.362705e+03 4.356291e+03 4.384557e+03
19.0 4.386105e+03 4.358358e+03 4.354551e+03 4.382298e+03
20.0 4.388555e+03 4.353888e+03 4.351947e+03 4.386614e+03
21.0 4.346214e+03 4.355140e+03 4.353672e+03 4.344747e+03
0.1 4.341633e+03 4.356190e+03 4.348096e+03 4.333538e+03
1.1 4.336923e+03 4.354538e+03 4.348909e+03 4.331294e+03
2.1 4.331572e+03 4.357188e+03 4.353344e+03 4.327728e+03
3.1 4.364963e+03 4.359632e+03 4.356164e+03 4.361494e+03
4.1 4.350073e+03 4.360136e+03 4.354692e+03 4.344628e+03
5.1 4.360455e+03 4.360588e+03 4.352345e+03 4.352212e+03
6.1 4.353780e+03 4.362698e+03 4.354242e+03 4.345324e+03
7.1 4.390971e+03 4.362705e+03 4.356291e+03 4.384557e+03
8.1 4.386105e+03 4.358358e+03 4.354551e+03 4.382298e+03
9.1 4.388555e+03 4.353888e+03 4.351947e+03 4.386614e+03
10.1 4.346214e+03 4.355140e+03 4.353672e+03 4.344747e+03
11.1 4.361584e+03 4.357764e+03 4.355895e+03 4.359715e+03
12.1 4.362133e+03 4.355331e+03 4.354353e+03 4.361155e+03
13.1 4.353379e+03 4.344642e+03 4.351551e+03 4.360288e+03
14.1 4.333101e+03 4.338795e+03 4.351768e+03 4.346074e+03
15.1 4.359813e+03 4.344915e+03 4.355142e+03 4.370040e+03
16.1 4.364176e+03 4.350786e+03 4.355109e+03 4.368499e+03
17.1 4.358917e+03 4.352366e+03 4.352522e+03 4.359074e+03
18.1 4.376911e+03 4.352181e+03 4.350379e+03 4.375108e+03
19.1 4.368364e+03 4.355628e+03 4.352604e+03 4.365340e+03
20.1 4.360131e+03 4.359449e+03 4.355513e+03 4.356195e+03
1.0 4.360455e+03 4.360588e+03 4.352345e+03 4.352212e+03
2.0 4.353780e+03 4.362698e+03 4.354242e+03 4.345324e+03
3.0 4.390971e+03 4.362705e+03 4.356291e+03 4.384557e+03
4.0 4.386105e+03 4.358358e+03 4.354551e+03 4.382298e+03
5.0 4.388555e+03 4.353888e+03 4.351947e+03 4.386614e+03
6.0 4.346214e+03 4.355140e+03 4.353672e+03 4.344747e+03
7.0 4.361584e+03 4.357764e+03 4.355895e+03 4.359715e+03
8.0 4.362133e+03 4.355331e+03 4.354353e+03 4.361155e+03
9.0 4.353379e+03 4.344642e+03 4.351551e+03 4.360288e+03
10.0 4.333101e+03 4.338795e+03 4.351768e+03 4.346074e+03
11.0 4.359813e+03 4.344915e+03 4.355142e+03 4.370040e+03
12.0 4.364176e+03 4.350786e+03 4.355109e+03 4.368499e+03
13.0 4.358917e+03 4.352366e+03 4.352522e+03 4.359074e+03
14.0 4.376911e+03 4.352181e+03 4.350379e+03 4.375108e+03
15.0 4.368364e+03 4.355628e+03 4.352604e+03 4.365340e+03
16.0 4.360131e+03 4.359449e+03 4.355513e+03 4.356195e+03
17.0 4.353417e+03 4.358793e+03 4.354427e+03 4.349051e+03
18.0 4.341364e+03 4.355672e+03 4.351743e+03 4.337435e+03
19.0 4.365780e+03 4.347039e+03 4.349672e+03 4.368413e+03
20.0 4.359276e+03 4.332304e+03 4.348535e+03 4.375506e+03
21.0 4.337732e+03 4.323335e+03 4.348690e+03 4.363087e+03
1.0 4.388555e+03 4.353888e+03 4.351947e+03 4.386614e+03
2.0 4.346214e+03 4.355140e+03 4.353672e+03 4.344747e+03
3.0 4.361584e+03 4.357764e+03 4.355895e+03 4.359715e+03
4.0 4.362133e+03 4.355331e+03 4.354353e+03 4.361155e+03
5.0 4.353379e+03 4.344642e+03 4.351551e+03 4.360288e+03
6.0 4.333101e+03 4.338795e+03 4.351768e+03 4.346074e+03
7.0 4.359813e+03 4.344915e+03 4.355142e+03 4.370040e+03
8.0 4.364176e+03 4.350786e+03 4.355109e+03 4.368499e+03
9.0 4.358917e+03 4.352366e+03 4.352522e+03 4.359074e+03
10.0 4.376911e+03 4.352181e+03 4.350379e+03 4.375108e+03
11.0 4.368364e+03 4.355628e+03 4.352604e+03 4.365340e+03
12.0 4.360131e+03 4.359449e+03 4.355513e+03 4.356195e+03
13.0 4.353417e+03 4.358793e+03 4.354427e+03 4.349051e+03
14.0 4.341364e+03 4.355672e+03 4.351743e+03 4.337435e+03
15.0 4.365780e+03 4.347039e+03 4.349672e+03 4.368413e+03
16.0 4.359276e+03 4.332304e+03 4.348535e+03 4.375506e+03
17.0 4.337732e+03 4.323335e+03 4.348690e+03 4.363087e+03
18.0 4.356516e+03 4.331617e+03 4.352902e+03 4.377800e+03
19.0 4.368190e+03 4.344491e+03 4.355569e+03 4.379269e+03
20.0 4.338760e+03 4.349822e+03 4.354132e+03 4.343069e+03
21.0 4.337292e+03 4.344205e+03 4.351574e+03 4.344662e+03
0.6 4.353379e+03 4.344642e+03 4.351551e+03 4.360288e+03
1.6 4.333101e+03 4.338795e+03 4.351768e+03 4.346074e+03
2.6 4.359813e+03 4.344915e+03 4.355142e+03 4.370040e+03
3.6 4.364176e+03 4.350786e+03 4.355109e+03 4.368499e+03
4.6 4.358917e+03 4.352366e+03 4.352522e+03 4.359074e+03
5.6 4.376911e+03 4.352181e+03 4.350379e+03 4.375108e+03
6.6 4.368364e+03 4.355628e+03 4.352604e+03 4.365340e+03
7.6 4.360131e+03 4.359449e+03 4.355513e+03 4.356195e+03
8.6 4.353417e+03 4.358793e+03 4.354427e+03 4.349051e+03
9.6 4.341364e+03 4.355672e+03 4.351743e+03 4.337435e+03
10.6 4.365780e+03 4.347039e+03 4.349672e+03 4.368413e+03
11.6 4.359276e+03 4.332304e+03 4.348535e+03 4.375506e+03
12.6 4.337732e+03 4.323335e+03 4.348690e+03 4.363087e+03
13.6 4.356516e+03 4.331617e+03 4.352902e+03 4.377800e+03
14.6 4.368190e+03 4.344491e+03 4.355569e+03 4.379269e+03
15.6 4.338760e+03 4.349822e+03 4.354132e+03 4.343069e+03
16.6 4.337292e+03 4.344205e+03 4.351574e+03 4.344662e+03
17.6 4.342749e+03 4.334754e+03 4.349741e+03 4.357736e+03
18.6 4.342690e+03 4.335342e+03 4.351224e+03 4.358573e+03
19.6 4.330177e+03 4.345738e+03 4.355083e+03 4.339522e+03
20.6 4.340146e+03 4.352942e+03 4.355103e+03 4.342306e+03
1.0 4.376911e+03 4.352181e+03 4.350379e+03 4.375108e+03
2.0 4.368364e+03 4.355628e+03 4.352604e+03 4.365340e+03
3.0 4.360131e+03 4.359449e+03 4.355513e+03 4.356195e+03
4.0 4.353417e+03 4.358793e+03 4.354427e+03 4.349051e+03
5.0 4.341364e+03 4.355672e+03 4.351743e+03 4.337435e+03
6.0 4.365780e+03 4.347039e+03 4.349672e+03 4.368413e+03
7.0 4.359276e+03 4.332304e+03 4.348535e+03 4.375506e+03
8.0 4.337732e+03 4.323335e+03 4.348690e+03 4.363087e+03
9.0 4.356516e+03 4.331617e+03 4.352902e+03 4.377800e+03
10.0 4.368190e+03 4.344491e+03 4.355569e+03 4.379269e+03
11.0 4.338760e+03 4.349822e+03 4.354132e+03 4.343069e+03
12.0 4.337292e+03 4.344205e+03 4.351574e+03 4.344662e+03
13.0 4.342749e+03 4.334754e+03 4.349741e+03 4.357736e+03
14.0 4.342690e+03 4.335342e+03 4.351224e+03 4.358573e+03
15.0 4.330177e+03 4.345738e+03 4.355083e+03 4.339522e+03
16.0 4.340146e+03 4.352942e+03 4.355103e+03 4.342306e+03
17.0 4.350808e+03 4.354855e+03 4.352601e+03 4.348553e+03
18.0 4.351337e+03 4.354302e+03 4.350296e+03 4.347331e+03
19.0 4.344208e+03 4.354029e+03 4.349571e+03 4.339750e+03
20.0 4.357797e+03 4.357650e+03 4.353228e+03 4.353375e+03
21.0 4.373518e+03 4.354981e+03 4.355562e+03 4.374098e+03
0.2 4.359276e+03 4.332304e+03 4.348535e+03 4.375506e+03
1.2 4.337732e+03 4.323335e+03 4.348690e+03 4.363087e+03
2.2 4.356516e+03 4.331617e+03 4.352902e+03 4.377800e+03
3.2 4.368190e+03 4.344491e+03 4.355569e+03 4.379269e+03
4.2 4.338760e+03 4.349822e+03 4.354132e+03 4.343069e+03
5.2 4.337292e+03 4.344205e+03 4.351574e+03 4.344662e+03
6.2 4.342749e+03 4.334754e+03 4.349741e+03 4.357736e+03
7.2 4.342690e+03 4.335342e+03 4.351224e+03 4.358573e+03
8.2 4.330177e+03 4.345738e+03 4.355083e+03 4.339522e+03
9.2 4.340146e+03 4.352942e+03 4.355103e+03 4.342306e+03
10.2 4.350808e+03 4.354855e+03 4.352601e+03 4.348553e+03
11.2 4.351337e+03 4.354302e+03 4.350296e+03 4.347331e+03
12.2 4.344208e+03 4.354029e+03 4.349571e+03 4.339750e+03
13.2 4.357797e+03 4.357650e+03 4.353228e+03 4.353375e+03
14.2 4.373518e+03 4.354981e+03 4.355562e+03 4.374098e+03
15.2 4.367615e+03 4.345021e+03 4.354691e+03 4.377286e+03
16.2 4.347926e+03 4.345492e+03 4.356496e+03 4.358929e+03
17.2 4.368013e+03 4.350980e+03 4.357097e+03 4.374130e+03
18.2 4.382001e+03 4.353028e+03 4.354403e+03 4.383376e+03
19.2 4.367040e+03 4.347983e+03 4.351223e+03 4.370280e+03
20.2 4.333353e+03 4.338283e+03 4.349227e+03 4.344297e+03
0.7 4.342749e+03 4.334754e+03 4.349741e+03 4.357736e+03
1.7 4.342690e+03 4.335342e+03 4.351224e+03 4.358573e+03
2.7 4.330177e+03 4.345738e+03 4.355083e+03 4.339522e+03
3.7 4.340146e+03 4.352942e+03 4.355103e+03 4.342306e+03
4.7 4.350808e+03 4.354855e+03 4.352601e+03 4.348553e+03
5.7 4.351337e+03 4.354302e+03 4.350296e+03 4.347331e+03
6.7 4.344208e+03 4.354029e+03 4.349571e+03 4.339750e+03
7.7 4.357797e+03 4.357650e+03 4.353228e+03 4.353375e+03
8.7 4.373518e+03 4.354981e+03 4.355562e+03 4.374098e+03
9.7 4.367615e+03 4.345021e+03 4.354691e+03 4.377286e+03
10.7 4.347926e+03 4.345492e+03 4.356496e+03 4.358929e+03
11.7 4.368013e+03 4.350980e+03 4.357097e+03 4.374130e+03
12.7 4.382001e+03 4.353028e+03 4.354403e+03 4.383376e+03
13.7 4.367040e+03 4.347983e+03 4.351223e+03 4.370280e+03
14.7 4.333353e+03 4.338283e+03 4.349227e+03 4.344297e+03
15.7 4.361049e+03 4.338346e+03 4.351225e+03 4.373928e+03
16.7 4.364552e+03 4.347160e+03 4.354908e+03 4.372301e+03
17.7 4.361461e+03 4.353128e+03 4.354589e+03 4.362922e+03
18.7 4.366226e+03 4.356584e+03 4.352113e+03 4.361755e+03
19.7 4.374941e+03 4.359713e+03 4.349984e+03 4.365212e+03
20.7 4.365277e+03 4.362141e+03 4.348744e+03 4.351880e+03
0.2 4.351337e+03 4.354302e+03 4.350296e+03 4.347331e+03
1.2 4.344208e+03 4.354029e+03 4.349571e+03 4.339750e+03
2.2 4.357797e+03 4.357650e+03 4.353228e+03 4.353375e+03
3.2 4.373518e+03 4.354981e+03 4.355562e+03 4.374098e+03
4.2 4.367615e+03 4.345021e+03 4.354691e+03 4.377286e+03
5.2 4.347926e+03 4.345492e+03 4.356496e+03 4.358929e+03
6.2 4.368013e+03 4.350980e+03 4.357097e+03 4.374130e+03
7.2 4.382001e+03 4.353028e+03 4.354403e+03 4.383376e+03
8.2 4.367040e+03 4.347983e+03 4.351223e+03 4.370280e+03
9.2 4.333353e+03 4.338283e+03 4.349227e+03 4.344297e+03
10.2 4.361049e+03 4.338346e+03 4.351225e+03 4.373928e+03
11.2 4.364552e+03 4.347160e+03 4.354908e+03 4.372301e+03
12.2 4.361461e+03 4.353128e+03 4.354589e+03 4.362922e+03
13.2 4.366226e+03 4.356584e+03 4.352113e+03 4.361755e+03
14.2 4.374941e+03 4.359713e+03 4.349984e+03 4.365212e+03
15.2 4.365277e+03 4.362141e+03 4.348744e+03 4.351880e+03
16.2 4.370221e+03 4.360720e+03 4.348151e+03 4.357652e+03
17.2 4.389767e+03 4.357742e+03 4.347955e+03 4.379980e+03
18.2 4.354546e+03 4.356989e+03 4.347996e+03 4.345554e+03
19.2 4.380806e+03 4.358569e+03 4.348151e+03 4.370388e+03
20.2 4.335761e+03 4.359994e+03 4.348329e+03 4.324097e+03
0.2 4.373518e+03 4.354981e+03 4.355562e+03 4.374098e+03
1.2 4.367615e+03 4.345021e+03 4.354691e+03 4.377286e+03
2.2 4.347926e+03 4.345492e+03 4.356496e+03 4.358929e+03
3.2 4.368013e+03 4.350980e+03 4.357097e+03 4.374130e+03
4.2 4.382001e+03 4.353028e+03 4.354403e+03 4.383376e+03
5.2 4.367040e+03 4.347983e+03 4.351223e+03 4.370280e+03
6.2 4.333353e+03 4.338283e+03 4.349227e+03 4.344297e+03
7.2 4.361049e+03 4.338346e+03 4.351225e+03 4.373928e+03
8.2 4.364552e+03 4.347160e+03 4.354908e+03 4.372301e+03
9.2 4.361461e+03 4.353128e+03 4.354589e+03 4.362922e+03
10.2 4.366226e+03 4.356584e+03 4.352113e+03 4.361755e+03
11.2 4.374941e+03 4.359713e+03 4.349984e+03 4.365212e+03
12.2 4.365277e+03 4.362141e+03 4.348744e+03 4.351880e+03
13.2 4.370221e+03 4.360720e+03 4.348151e+03 4.357652e+03
14.2 4.389767e+03 4.357742e+03 4.347955e+03 4.379980e+03
15.2 4.354546e+03 4.356989e+03 4.347996e+03 4.345554e+03
16.2 4.380806e+03 4.358569e+03 4.348151e+03 4.370388e+03
17.2 4.335761e+03 4.359994e+03 4.348329e+03 4.324097e+03
18.2 4.380037e+03 4.358201e+03 4.348478e+03 4.370313e+03
19.2 4.359845e+03 4.355223e+03 4.348580e+03 4.353201e+03
20.2 4.388657e+03 4.353002e+03 4.348642e+03 4.384297e+03
0.8 4.333353e+03 4.338283e+03 4.349227e+03 4.344297e+03
1.8 4.361049e+03 4.338346e+03 4.351225e+03 4.373928e+03
2.8 4.364552e+03 4.347160e+03 4.354908e+03 4.372301e+03
3.8 4.361461e+03 4.353128e+03 4.354589e+03 4.362922e+03
4.8 4.366226e+03 4.356584e+03 4.352113e+03 4.361755e+03
5.8 4.374941e+03 4.359713e+03 4.349984e+03 4.365212e+03
6.8 4.365277e+03 4.362141e+03 4.348744e+03 4.351880e+03
7.8 4.370221e+03 4.360720e+03 4.348151e+03 4.357652e+03
8.8 4.389767e+03 4.357742e+03 4.347955e+03 4.379980e+03
9.8 4.354546e+03 4.356989e+03 4.347996e+03 4.345554e+03
10.8 4.380806e+03 4.358569e+03 4.348151e+03 4.370388e+03
11.8 4.335761e+03 4.359994e+03 4.348329e+03 4.324097e+03
12.8 4.380037e+03 4.358201e+03 4.348478e+03 4.370313e+03
13.8 4.359845e+03 4.355223e+03 4.348580e+03 4.353201e+03
14.8 4.388657e+03 4.353002e+03 4.348642e+03 4.384297e+03
15.8 4.369245e+03 4.351803e+03 4.348676e+03 4.366117e+03
16.8 4.405125e+03 4.350391e+03 4.348692e+03 4.403426e+03
17.8 4.326093e+03 4.342384e+03 4.348700e+03 4.332409e+03
18.8 4.220253e+03 4.331063e+03 4.348946e+03 4.238136e+03
19.8 4.370078e+03 4.333295e+03 4.352574e+03 4.389357e+03
20.8 4.362232e+03 4.344187e+03 4.356136e+03 4.374182e+03
1.0 4.220253e+03 4.331063e+03 4.348946e+03 4.238136e+03
2.0 4.370078e+03 4.333295e+03 4.352574e+03 4.389357e+03
3.0 4.362232e+03 4.344187e+03 4.356136e+03 4.374182e+03
4.0 4.389363e+03 4.350927e+03 4.355258e+03 4.393694e+03
5.0 4.359462e+03 4.352837e+03 4.352526e+03 4.359151e+03
6.0 4.356650e+03 4.353848e+03 4.351094e+03 4.353897e+03
7.0 4.349542e+03 4.358000e+03 4.354221e+03 4.345763e+03
8.0 4.341415e+03 4.355346e+03 4.355869e+03 4.341938e+03
9.0 4.340333e+03 4.347859e+03 4.353859e+03 4.346332e+03
10.0 4.355270e+03 4.348606e+03 4.351146e+03 4.357810e+03
11.0 4.365010e+03 4.351818e+03 4.349313e+03 4.362505e+03
12.0 4.345703e+03 4.348913e+03 4.348365e+03 4.345155e+03
13.0 4.331255e+03 4.342480e+03 4.347976e+03 4.336751e+03
14.0 4.288181e+03 4.344812e+03 4.347916e+03 4.291286e+03
15.0 4.337819e+03 4.350212e+03 4.348035e+03 4.335642e+03
16.0 4.369479e+03 4.352191e+03 4.348218e+03 4.365506e+03
17.0 4.338803e+03 4.351868e+03 4.348422e+03 4.335357e+03
18.0 4.370222e+03 4.353830e+03 4.350842e+03 4.367234e+03
19.0 4.339381e+03 4.356532e+03 4.355393e+03 4.338242e+03
20.0 4.341201e+03 4.347182e+03 4.355856e+03 4.349876e+03
21.0 4.352266e+03 4.331646e+03 4.353402e+03 4.374022e+03
0.2 4.359462e+03 4.352837e+03 4.352526e+03 4.359151e+03
1.2 4.356650e+03 4.353848e+03 4.351094e+03 4.353897e+03
2.2 4.349542e+03 4.358000e+03 4.354221e+03 4.345763e+03
3.2 4.341415e+03 4.355346e+03 4.355869e+03 4.341938e+03
4.2 4.340333e+03 4.347859e+03 4.353859e+03 4.346332e+03
5.2 4.355270e+03 4.348606e+03 4.351146e+03 4.357810e+03
6.2 4.365010e+03 4.351818e+03 4.349313e+03 4.362505e+03
7.2 4.345703e+03 4.348913e+03 4.348365e+03 4.345155e+03
8.2 4.331255e+03 4.342480e+03 4.347976e+03 4.336751e+03
9.2 4.288181e+03 4.344812e+03 4.347916e+03 4.291286e+03
10.2 4.337819e+03 4.350212e+03 4.348035e+03 4.335642e+03
11.2 4.369479e+03 4.352191e+03 4.348218e+03 4.365506e+03
12.2 4.338803e+03 4.351868e+03 4.348422e+03 4.335357e+03
13.2 4.370222e+03 4.353830e+03 4.350842e+03 4.367234e+03
14.2 4.339381e+03 4.356532e+03 4.355393e+03 4.338242e+03
15.2 4.341201e+03 4.347182e+03 4.355856e+03 4.349876e+03
16.2 4.352266e+03 4.331646e+03 4.353402e+03 4.374022e+03
17.2 4.337438e+03 4.328426e+03 4.353195e+03 4.362207e+03
18.2 4.345200e+03 4.339447e+03 4.356067e+03 4.361820e+03
19.2 4.354603e+03 4.349020e+03 4.355639e+03 4.361222e+03
20.2 4.332206e+03 4.352893e+03 4.352775e+03 4.332088e+03
0.6 4.338803e+03 4.351868e+03 4.348422e+03 4.335357e+03
1.6 4.370222e+03 4.353830e+03 4.350842e+03 4.367234e+03
2.6 4.339381e+03 4.356532e+03 4.355393e+03 4.338242e+03
3.6 4.341201e+03 4.347182e+03 4.355856e+03 4.349876e+03
4.6 4.352266e+03 4.331646e+03 4.353402e+03 4.374022e+03
5.6 4.337438e+03 4.328426e+03 4.353195e+03 4.362207e+03
6.6 4.345200e+03 4.339447e+03 4.356067e+03 4.361820e+03
7.6 4.354603e+03 4.349020e+03 4.355639e+03 4.361222e+03
8.6 4.332206e+03 4.352893e+03 4.352775e+03 4.332088e+03
9.6 4.363677e+03 4.353647e+03 4.350265e+03 4.360296e+03
10.6 4.333741e+03 4.356134e+03 4.351317e+03 4.328923e+03
11.6 4.370728e+03 4.360398e+03 4.354987e+03 4.365317e+03
12.6 4.356701e+03 4.360300e+03 4.354940e+03 4.351340e+03
13.6 4.358846e+03 4.357061e+03 4.352426e+03 4.354211e+03
14.6 4.351261e+03 4.353932e+03 4.350320e+03 4.347650e+03
15.6 4.348730e+03 4.355481e+03 4.352373e+03 4.345622e+03
16.6 4.340483e+03 4.358652e+03 4.355501e+03 4.337332e+03
17.6 4.340318e+03 4.357956e+03 4.354618e+03 4.336980e+03
18.6 4.377576e+03 4.355415e+03 4.351940e+03 4.374100e+03
19.6 4.353960e+03 4.353348e+03 4.349804e+03 4.350417e+03
20.6 4.343647e+03 4.352047e+03 4.348610e+03 4.340210e+03
0.6 4.352266e+03 4.331646e+03 4.353402e+03 4.374022e+03
1.6 4.337438e+03 4.328426e+03 4.353195e+03 4.362207e+03
2.6 4.345200e+03 4.339447e+03 4.356067e+03 4.361820e+03
3.6 4.354603e+03 4.349020e+03 4.355639e+03 4.361222e+03
4.6 4.332206e+03 4.352893e+03 4.352775e+03 4.332088e+03
5.6 4.363677e+03 4.353647e+03 4.350265e+03 4.360296e+03
6.6 4.333741e+03 4.356134e+03 4.351317e+03 4.328923e+03
7.6 4.370728e+03 4.360398e+03 4.354987e+03 4.365317e+03
8.6 4.356701e+03 4.360300e+03 4.354940e+03 4.351340e+03
9.6 4.358846e+03 4.357061e+03 4.352426e+03 4.354211e+03
10.6 4.351261e+03 4.353932e+03 4.350320e+03 4.347650e+03
11.6 4.348730e+03 4.355481e+03 4.352373e+03 4.345622e+03
12.6 4.340483e+03 4.358652e+03 4.355501e+03 4.337332e+03
13.6 4.340318e+03 4.357956e+03 4.354618e+03 4.336980e+03
14.6 4.377576e+03 4.355415e+03 4.351940e+03 4.374100e+03
15.6 4.353960e+03 4.353348e+03 4.349804e+03 4.350417e+03
16.6 4.343647e+03 4.352047e+03 4.348610e+03 4.340210e+03
17.6 4.344974e+03 4.351199e+03 4.348068e+03 4.341842e+03
18.6 4.336387e+03 4.353323e+03 4.347915e+03 4.330978e+03
19.6 4.358220e+03 4.356313e+03 4.347985e+03 4.349892e+03
20.6 4.334707e+03 4.356103e+03 4.348156e+03 4.326759e+03
0.7 4.363677e+03 4.353647e+03 4.350265e+03 4.360296e+03
1.7 4.333741e+03 4.356134e+03 4.351317e+03 4.328923e+03
2.7 4.370728e+03 4.360398e+03 4.354987e+03 4.365317e+03
3.7 4.356701e+03 4.360300e+03 4.354940e+03 4.351340e+03
4.7 4.358846e+03 4.357061e+03 4.352426e+03 4.354211e+03
5.7 4.351261e+03 4.353932e+03 4.350320e+03 4.347650e+03
6.7 4.348730e+03 4.355481e+03 4.352373e+03 4.345622e+03
7.7 4.340483e+03 4.358652e+03 4.355501e+03 4.337332e+03
8.7 4.340318e+03 4.357956e+03 4.354618e+03 4.336980e+03
9.7 4.377576e+03 4.355415e+03 4.351940e+03 4.374100e+03
10.7 4.353960e+03 4.353348e+03 4.349804e+03 4.350417e+03
11.7 4.343647e+03 4.352047e+03 4.348610e+03 4.340210e+03
12.7 4.344974e+03 4.351199e+03 4.348068e+03 4.341842e+03
13.7 4.336387e+03 4.353323e+03 4.347915e+03 4.330978e+03
14.7 4.358220e+03 4.356313e+03 4.347985e+03 4.349892e+03
15.7 4.334707e+03 4.356103e+03 4.348156e+03 4.326759e+03
16.7 4.362671e+03 4.353958e+03 4.348338e+03 4.357051e+03
17.7 4.351062e+03 4.354321e+03 4.348485e+03 4.345227e+03
18.7 4.345883e+03 4.356706e+03 4.348585e+03 4.337762e+03
19.7 4.351082e+03 4.356403e+03 4.348645e+03 4.343324e+03
20.7 4.337110e+03 4.353992e+03 4.348677e+03 4.331795e+03
0.9 4.351261e+03 4.353932e+03 4.350320e+03 4.347650e+03
1.9 4.348730e+03 4.355481e+03 4.352373e+03 4.345622e+03
2.9 4.340483e+03 4.358652e+03 4.355501e+03 4.337332e+03
3.9 4.340318e+03 4.357956e+03 4.354618e+03 4.336980e+03
4.9 4.377576e+03 4.355415e+03 4.351940e+03 4.374100e+03
5.9 4.353960e+03 4.353348e+03 4.349804e+03 4.350417e+03
6.9 4.343647e+03 4.352047e+03 4.348610e+03 4.340210e+03
7.9 4.344974e+03 4.351199e+03 4.348068e+03 4.341842e+03
8.9 4.336387e+03 4.353323e+03 4.347915e+03 4.330978e+03
9.9 4.358220e+03 4.356313e+03 4.347985e+03 4.349892e+03
10.9 4.334707e+03 4.356103e+03 4.348156e+03 4.326759e+03
11.9 4.362671e+03 4.353958e+03 4.348338e+03 4.357051e+03
12.9 4.351062e+03 4.354321e+03 4.348485e+03 4.345227e+03
13.9 4.345883e+03 4.356706e+03 4.348585e+03 4.337762e+03
14.9 4.351082e+03 4.356403e+03 4.348645e+03 4.343324e+03
15.9 4.337110e+03 4.353992e+03 4.348677e+03 4.331795e+03
16.9 4.330818e+03 4.351514e+03 4.348700e+03 4.328004e+03
17.9 4.367175e+03 4.351956e+03 4.350394e+03 4.365613e+03
18.9 4.342239e+03 4.355579e+03 4.355025e+03 4.341685e+03
19.9 4.338140e+03 4.350237e+03 4.356107e+03 4.344010e+03
20.9 4.335429e+03 4.340178e+03 4.354216e+03 4.349467e+03
0.5 4.330818e+03 4.351514e+03 4.348700e+03 4.328004e+03
1.5 4.367175e+03 4.351956e+03 4.350394e+03 4.365613e+03
2.5 4.342239e+03 4.355579e+03 4.355025e+03 4.341685e+03
3.5 4.338140e+03 4.350237e+03 4.356107e+03 4.344010e+03
4.5 4.335429e+03 4.340178e+03 4.354216e+03 4.349467e+03
5.5 4.377431e+03 4.341626e+03 4.355637e+03 4.391442e+03
6.5 4.282715e+03 4.344355e+03 4.357002e+03 4.295362e+03
7.5 4.313486e+03 4.339837e+03 4.355456e+03 4.329106e+03
8.5 4.354250e+03 4.343528e+03 4.356634e+03 4.367356e+03
9.5 4.357551e+03 4.350946e+03 4.356998e+03 4.363603e+03
10.5 4.352656e+03 4.354362e+03 4.354240e+03 4.352534e+03
11.5 4.361037e+03 4.354701e+03 4.351052e+03 4.357388e+03
12.5 4.352204e+03 4.350674e+03 4.348974e+03 4.350504e+03
13.5 4.357507e+03 4.338291e+03 4.347969e+03 4.367186e+03
14.5 4.330385e+03 4.325871e+03 4.347785e+03 4.352300e+03
15.5 4.342213e+03 4.328827e+03 4.351101e+03 4.364487e+03
16.5 4.325162e+03 4.341625e+03 4.355179e+03 4.338715e+03
17.5 4.322990e+03 4.349947e+03 4.354875e+03 4.327918e+03
18.5 4.333378e+03 4.354424e+03 4.353754e+03 4.332708e+03
19.5 4.352049e+03 4.360190e+03 4.356232e+03 4.348091e+03
20.5 4.370235e+03 4.361994e+03 4.356422e+03 4.364663e+03
0.1 4.338140e+03 4.350237e+03 4.356107e+03 4.344010e+03
1.1 4.335429e+03 4.340178e+03 4.354216e+03 4.349467e+03
2.1 4.377431e+03 4.341626e+03 4.355637e+03 4.391442e+03
3.1 4.282715e+03 4.344355e+03 4.357002e+03 4.295362e+03
4.1 4.313486e+03 4.339837e+03 4.355456e+03 4.329106e+03
5.1 4.354250e+03 4.343528e+03 4.356634e+03 4.367356e+03
6.1 4.357551e+03 4.350946e+03 4.356998e+03 4.363603e+03
7.1 4.352656e+03 4.354362e+03 4.354240e+03 4.352534e+03
8.1 4.361037e+03 4.354701e+03 4.351052e+03 4.357388e+03
9.1 4.352204e+03 4.350674e+03 4.348974e+03 4.350504e+03
10.1 4.357507e+03 4.338291e+03 4.347969e+03 4.367186e+03
11.1 4.330385e+03 4.325871e+03 4.347785e+03 4.352300e+03
12.1 4.342213e+03 4.328827e+03 4.351101e+03 4.364487e+03
13.1 4.325162e+03 4.341625e+03 4.355179e+03 4.338715e+03
14.1 4.322990e+03 4.349947e+03 4.354875e+03 4.327918e+03
15.1 4.333378e+03 4.354424e+03 4.353754e+03 4.332708e+03
16.1 4.352049e+03 4.360190e+03 4.356232e+03 4.348091e+03
17.1 4.370235e+03 4.361994e+03 4.356422e+03 4.364663e+03
18.1 4.354281e+03 4.359576e+03 4.353609e+03 4.348314e+03
19.1 4.344183e+03 4.356215e+03 4.350710e+03 4.338677e+03
20.1 4.322854e+03 4.353166e+03 4.348913e+03 4.318600e+03
0.2 4.282715e+03 4.344355e+03 4.357002e+03 4.295362e+03
1.2 4.313486e+03 4.339837e+03 4.355456e+03 4.329106e+03
2.2 4.354250e+03 4.343528e+03 4.356634e+03 4.367356e+03
3.2 4.357551e+03 4.350946e+03 4.356998e+03 4.363603e+03
4.2 4.352656e+03 4.354362e+03 4.354240e+03 4.352534e+03
5.2 4.361037e+03 4.354701e+03 4.351052e+03 4.357388e+03
6.2 4.352204e+03 4.350674e+03 4.348974e+03 4.350504e+03
7.2 4.357507e+03 4.338291e+03 4.347969e+03 4.367186e+03
8.2 4.330385e+03 4.325871e+03 4.347785e+03 4.352300e+03
9.2 4.342213e+03 4.328827e+03 4.351101e+03 4.364487e+03
10.2 4.325162e+03 4.341625e+03 4.355179e+03 4.338715e+03
11.2 4.322990e+03 4.349947e+03 4.354875e+03 4.327918e+03
12.2 4.333378e+03 4.354424e+03 4.353754e+03 4.332708e+03
13.2 4.352049e+03 4.360190e+03 4.356232e+03 4.348091e+03
14.2 4.370235e+03 4.361994e+03 4.356422e+03 4.364663e+03
15.2 4.354281e+03 4.359576e+03 4.353609e+03 4.348314e+03
16.2 4.344183e+03 4.356215e+03 4.350710e+03 4.338677e+03
17.2 4.322854e+03 4.353166e+03 4.348913e+03 4.318600e+03
18.2 4.351453e+03 4.351909e+03 4.348867e+03 4.348411e+03
19.2 4.367329e+03 4.355768e+03 4.353042e+03 4.364603e+03
20.2 4.365985e+03 4.358359e+03 4.355392e+03 4.363018e+03
0.9 4.330385e+03 4.325871e+03 4.347785e+03 4.352300e+03
1.9 4.342213e+03 4.328827e+03 4.351101e+03 4.364487e+03
2.9 4.325162e+03 4.341625e+03 4.355179e+03 4.338715e+03
3.9 4.322990e+03 4.349947e+03 4.354875e+03 4.327918e+03
4.9 4.333378e+03 4.354424e+03 4.353754e+03 4.332708e+03
5.9 4.352049e+03 4.360190e+03 4.356232e+03 4.348091e+03
6.9 4.370235e+03 4.361994e+03 4.356422e+03 4.364663e+03
7.9 4.354281e+03 4.359576e+03 4.353609e+03 4.348314e+03
8.9 4.344183e+03 4.356215e+03 4.350710e+03 4.338677e+03
9.9 4.322854e+03 4.353166e+03 4.348913e+03 4.318600e+03
10.9 4.351453e+03 4.351909e+03 4.348867e+03 4.348411e+03
11.9 4.367329e+03 4.355768e+03 4.353042e+03 4.364603e+03
12.9 4.365985e+03 4.358359e+03 4.355392e+03 4.363018e+03
13.9 4.355407e+03 4.357075e+03 4.353809e+03 4.352140e+03
14.9 4.334312e+03 4.354762e+03 4.351299e+03 4.330849e+03
15.9 4.353330e+03 4.353077e+03 4.349516e+03 4.349768e+03
16.9 4.342549e+03 4.352135e+03 4.348537e+03 4.338951e+03
17.9 4.332732e+03 4.352312e+03 4.348094e+03 4.328514e+03
18.9 4.309936e+03 4.354561e+03 4.348138e+03 4.303513e+03
19.9 4.329604e+03 4.358964e+03 4.351507e+03 4.322147e+03
20.9 4.349462e+03 4.362032e+03 4.355543e+03 4.342973e+03
0.4 4.322990e+03 4.349947e+03 4.354875e+03 4.327918e+03
1.4 4.333378e+03 4.354424e+03 4.353754e+03 4.332708e+03
2.4 4.352049e+03 4.360190e+03 4.356232e+03 4.348091e+03
3.4 4.370235e+03 4.361994e+03 4.356422e+03 4.364663e+03
4.4 4.354281e+03 4.359576e+03 4.353609e+03 4.348314e+03
5.4 4.344183e+03 4.356215e+03 4.350710e+03 4.338677e+03
6.4 4.322854e+03 4.353166e+03 4.348913e+03 4.318600e+03
7.4 4.351453e+03 4.351909e+03 4.348867e+03 4.348411e+03
8.4 4.367329e+03 4.355768e+03 4.353042e+03 4.364603e+03
9.4 4.365985e+03 4.358359e+03 4.355392e+03 4.363018e+03
10.4 4.355407e+03 4.357075e+03 4.353809e+03 4.352140e+03
11.4 4.334312e+03 4.354762e+03 4.351299e+03 4.330849e+03
12.4 4.353330e+03 4.353077e+03 4.349516e+03 4.349768e+03
13.4 4.342549e+03 4.352135e+03 4.348537e+03 4.338951e+03
14.4 4.332732e+03 4.352312e+03 4.348094e+03 4.328514e+03
15.4 4.309936e+03 4.354561e+03 4.348138e+03 4.303513e+03
16.4 4.329604e+03 4.358964e+03 4.351507e+03 4.322147e+03
17.4 4.349462e+03 4.362032e+03 4.355543e+03 4.342973e+03
18.4 4.367067e+03 4.360120e+03 4.355152e+03 4.362099e+03
19.4 4.376998e+03 4.356052e+03 4.352581e+03 4.373526e+03
20.4 4.373010e+03 4.353183e+03 4.350346e+03 4.370172e+03
0.2 4.322854e+03 4.353166e+03 4.348913e+03 4.318600e+03
1.2 4.351453e+03 4.351909e+03 4.348867e+03 4.348411e+03
2.2 4.367329e+03 4.355768e+03 4.353042e+03 4.364603e+03
3.2 4.365985e+03 4.358359e+03 4.355392e+03 4.363018e+03
4.2 4.355407e+03 4.357075e+03 4.353809e+03 4.352140e+03
5.2 4.334312e+03 4.354762e+03 4.351299e+03 4.330849e+03
6.2 4.353330e+03 4.353077e+03 4.349516e+03 4.349768e+03
7.2 4.342549e+03 4.352135e+03 4.348537e+03 4.338951e+03
8.2 4.332732e+03 4.352312e+03 4.348094e+03 4.328514e+03
9.2 4.309936e+03 4.354561e+03 4.348138e+03 4.303513e+03
10.2 4.329604e+03 4.358964e+03 4.351507e+03 4.322147e+03
11.2 4.349462e+03 4.362032e+03 4.355543e+03 4.342973e+03
12.2 4.367067e+03 4.360120e+03 4.355152e+03 4.362099e+03
13.2 4.376998e+03 4.356052e+03 4.352581e+03 4.373526e+03
14.2 4.373010e+03 4.353183e+03 4.350346e+03 4.370172e+03
15.2 4.375626e+03 4.354737e+03 4.348993e+03 4.369882e+03
16.2 4.341973e+03 4.356328e+03 4.348304e+03 4.333948e+03
17.2 4.381722e+03 4.355321e+03 4.348045e+03 4.374445e+03
18.2 4.339433e+03 4.353608e+03 4.348048e+03 4.333874e+03
19.2 4.369896e+03 4.352431e+03 4.348183e+03 4.365647e+03
20.2 4.345923e+03 4.351843e+03 4.348348e+03 4.342428e+03
0.9 4.309936e+03 4.354561e+03 4.348138e+03 4.303513e+03
1.9 4.329604e+03 4.358964e+03 4.351507e+03 4.322147e+03
2.9 4.349462e+03 4.362032e+03 4.355543e+03 4.342973e+03
3.9 4.367067e+03 4.360120e+03 4.355152e+03 4.362099e+03
4.9 4.376998e+03 4.356052e+03 4.352581e+03 4.373526e+03
5.9 4.373010e+03 4.353183e+03 4.350346e+03 4.370172e+03
6.9 4.375626e+03 4.354737e+03 4.348993e+03 4.369882e+03
7.9 4.341973e+03 4.356328e+03 4.348304e+03 4.333948e+03
8.9 4.381722e+03 4.355321e+03 4.348045e+03 4.374445e+03
9.9 4.339433e+03 4.353608e+03 4.348048e+03 4.333874e+03
10.9 4.369896e+03 4.352431e+03 4.348183e+03 4.365647e+03
11.9 4.345923e+03 4.351843e+03 4.348348e+03 4.342428e+03
12.9 4.362128e+03 4.351509e+03 4.348488e+03 4.359107e+03
13.9 4.355769e+03 4.351172e+03 4.348692e+03 4.353289e+03
14.9 4.354590e+03 4.354069e+03 4.351792e+03 4.352313e+03
15.9 4.361656e+03 4.358413e+03 4.355877e+03 4.359120e+03
16.9 4.320202e+03 4.358478e+03 4.355567e+03 4.317291e+03
17.9 4.364013e+03 4.356205e+03 4.352909e+03 4.360717e+03
18.9 4.356319e+03 4.355489e+03 4.350545e+03 4.351375e+03
19.9 4.361183e+03 4.356998e+03 4.349097e+03 4.353282e+03
20.9 4.352956e+03 4.359666e+03 4.348352e+03 4.341643e+03
0.8 4.355769e+03 4.351172e+03 4.348692e+03 4.353289e+03
1.8 4.354590e+03 4.354069e+03 4.351792e+03 4.352313e+03
2.8 4.361656e+03 4.358413e+03 4.355877e+03 4.359120e+03
3.8 4.320202e+03 4.358478e+03 4.355567e+03 4.317291e+03
4.8 4.364013e+03 4.356205e+03 4.352909e+03 4.360717e+03
5.8 4.356319e+03 4.355489e+03 4.350545e+03 4.351375e+03
6.8 4.361183e+03 4.356998e+03 4.349097e+03 4.353282e+03
7.8 4.352956e+03 4.359666e+03 4.348352e+03 4.341643e+03
8.8 4.356530e+03 4.359324e+03 4.348061e+03 4.345267e+03
9.8 4.342604e+03 4.351696e+03 4.348047e+03 4.338955e+03
10.8 4.365121e+03 4.336264e+03 4.348175e+03 4.377032e+03
11.8 4.266341e+03 4.324382e+03 4.348707e+03 4.290666e+03
12.8 4.315682e+03 4.329850e+03 4.352783e+03 4.338615e+03
13.8 4.389668e+03 4.342853e+03 4.356100e+03 4.402915e+03
14.8 4.378262e+03 4.352369e+03 4.354984e+03 4.380876e+03
15.8 4.359801e+03 4.358410e+03 4.352269e+03 4.353660e+03
16.8 4.347449e+03 4.362645e+03 4.350125e+03 4.334929e+03
17.8 4.386688e+03 4.362541e+03 4.348870e+03 4.373017e+03
18.8 4.372676e+03 4.359250e+03 4.348251e+03 4.361677e+03
19.8 4.374278e+03 4.355806e+03 4.348038e+03 4.366510e+03
20.8 4.375306e+03 4.353437e+03 4.348068e+03 4.369937e+03
1.0 4.266341e+03 4.324382e+03 4.348707e+03 4.290666e+03
2.0 4.315682e+03 4.329850e+03 4.352783e+03 4.338615e+03
3.0 4.389668e+03 4.342853e+03 4.356100e+03 4.402915e+03
4.0 4.378262e+03 4.352369e+03 4.354984e+03 4.380876e+03
5.0 4.359801e+03 4.358410e+03 4.352269e+03 4.353660e+03
6.0 4.347449e+03 4.362645e+03 4.350125e+03 4.334929e+03
7.0 4.386688e+03 4.362541e+03 4.348870e+03 4.373017e+03
8.0 4.372676e+03 4.359250e+03 4.348251e+03 4.361677e+03
9.0 4.374278e+03 4.355806e+03 4.348038e+03 4.366510e+03
10.0 4.375306e+03 4.353437e+03 4.348068e+03 4.369937e+03
11.0 4.348845e+03 4.352118e+03 4.348212e+03 4.344938e+03
12.0 4.370234e+03 4.351538e+03 4.348375e+03 4.367071e+03
