0.6 9.602249e+03 9.622671e+03 9.638422e+03 9.618001e+03
1.6 9.629198e+03 9.619403e+03 9.641868e+03 9.651663e+03
2.6 9.642443e+03 9.629704e+03 9.655069e+03 9.667808e+03
3.6 9.662380e+03 9.644062e+03 9.669878e+03 9.688195e+03
4.6 9.672973e+03 9.651864e+03 9.671111e+03 9.692220e+03
5.6 9.662807e+03 9.650814e+03 9.660514e+03 9.672506e+03
6.6 9.641860e+03 9.640559e+03 9.649687e+03 9.650989e+03
7.6 9.637228e+03 9.636287e+03 9.650088e+03 9.651029e+03
8.6 9.639319e+03 9.642195e+03 9.660137e+03 9.657261e+03
9.6 9.662865e+03 9.647879e+03 9.661994e+03 9.676980e+03
10.6 9.658841e+03 9.646664e+03 9.653968e+03 9.666145e+03
11.6 9.621686e+03 9.638354e+03 9.645106e+03 9.628438e+03
12.6 9.641592e+03 9.642266e+03 9.639415e+03 9.638740e+03
13.6 9.655153e+03 9.659355e+03 9.636580e+03 9.632378e+03
14.6 9.702824e+03 9.668428e+03 9.635535e+03 9.669931e+03
15.6 9.735476e+03 9.662491e+03 9.635532e+03 9.708517e+03
16.6 9.691553e+03 9.646273e+03 9.636060e+03 9.681340e+03
17.6 9.689779e+03 9.629699e+03 9.636745e+03 9.696824e+03
18.6 9.692837e+03 9.618566e+03 9.637354e+03 9.711625e+03
19.6 9.653362e+03 9.612921e+03 9.637798e+03 9.678238e+03
20.6 9.611539e+03 9.611067e+03 9.638077e+03 9.638548e+03
21.6 9.603174e+03 9.616870e+03 9.638236e+03 9.624540e+03
0.1 9.662807e+03 9.650814e+03 9.660514e+03 9.672506e+03
1.1 9.641860e+03 9.640559e+03 9.649687e+03 9.650989e+03
2.1 9.637228e+03 9.636287e+03 9.650088e+03 9.651029e+03
3.1 9.639319e+03 9.642195e+03 9.660137e+03 9.657261e+03
4.1 9.662865e+03 9.647879e+03 9.661994e+03 9.676980e+03
5.1 9.658841e+03 9.646664e+03 9.653968e+03 9.666145e+03
6.1 9.621686e+03 9.638354e+03 9.645106e+03 9.628438e+03
7.1 9.641592e+03 9.642266e+03 9.639415e+03 9.638740e+03
8.1 9.655153e+03 9.659355e+03 9.636580e+03 9.632378e+03
9.1 9.702824e+03 9.668428e+03 9.635535e+03 9.669931e+03
10.1 9.735476e+03 9.662491e+03 9.635532e+03 9.708517e+03
11.1 9.691553e+03 9.646273e+03 9.636060e+03 9.681340e+03
12.1 9.689779e+03 9.629699e+03 9.636745e+03 9.696824e+03
13.1 9.692837e+03 9.618566e+03 9.637354e+03 9.711625e+03
14.1 9.653362e+03 9.612921e+03 9.637798e+03 9.678238e+03
15.1 9.611539e+03 9.611067e+03 9.638077e+03 9.638548e+03
16.1 9.603174e+03 9.616870e+03 9.638236e+03 9.624540e+03
17.1 9.615454e+03 9.638055e+03 9.638317e+03 9.615716e+03
18.1 9.646117e+03 9.657286e+03 9.638356e+03 9.627187e+03
19.1 9.693924e+03 9.662353e+03 9.638373e+03 9.669943e+03
20.1 9.682604e+03 9.656143e+03 9.638380e+03 9.664841e+03
21.1 9.659265e+03 9.656570e+03 9.638383e+03 9.641079e+03
0.4 9.661409e+03 9.653307e+03 9.638387e+03 9.646489e+03
1.4 9.644291e+03 9.640737e+03 9.640276e+03 9.643829e+03
2.4 9.633569e+03 9.637980e+03 9.651379e+03 9.646968e+03
3.4 9.626803e+03 9.645338e+03 9.667266e+03 9.648731e+03
4.4 9.645775e+03 9.649447e+03 9.672267e+03 9.668595e+03
5.4 9.666105e+03 9.648768e+03 9.663348e+03 9.680685e+03
6.4 9.654384e+03 9.651072e+03 9.651350e+03 9.654662e+03
7.4 9.655095e+03 9.657783e+03 9.642679e+03 9.639990e+03
8.4 9.666624e+03 9.659771e+03 9.637827e+03 9.644679e+03
9.4 9.673077e+03 9.655389e+03 9.635651e+03 9.653339e+03
10.4 9.665157e+03 9.642294e+03 9.635142e+03 9.658005e+03
11.4 9.642566e+03 9.629161e+03 9.635546e+03 9.648951e+03
12.4 9.652986e+03 9.632365e+03 9.636298e+03 9.656919e+03
13.4 9.670384e+03 9.650758e+03 9.637037e+03 9.656662e+03
14.4 9.695275e+03 9.662887e+03 9.637600e+03 9.669988e+03
15.4 9.722690e+03 9.660298e+03 9.637967e+03 9.700360e+03
16.4 9.692760e+03 9.646554e+03 9.638179e+03 9.684385e+03
17.4 9.634505e+03 9.634060e+03 9.638290e+03 9.638735e+03
18.4 9.621259e+03 9.633568e+03 9.638343e+03 9.626034e+03
19.4 9.634054e+03 9.638876e+03 9.638368e+03 9.633546e+03
20.4 9.675366e+03 9.643288e+03 9.638378e+03 9.670455e+03
21.4 9.704193e+03 9.642974e+03 9.638382e+03 9.699601e+03
0.4 9.664661e+03 9.635871e+03 9.638389e+03 9.667179e+03
1.4 9.664722e+03 9.641653e+03 9.640442e+03 9.663512e+03
2.4 9.650757e+03 9.647718e+03 9.651752e+03 9.654791e+03
3.4 9.642224e+03 9.653007e+03 9.664171e+03 9.653388e+03
4.4 9.661650e+03 9.654525e+03 9.663254e+03 9.670380e+03
5.4 9.655621e+03 9.649426e+03 9.654045e+03 9.660240e+03
6.4 9.653945e+03 9.650874e+03 9.645393e+03 9.648464e+03
7.4 9.668204e+03 9.659517e+03 9.639940e+03 9.648627e+03
8.4 9.693596e+03 9.662135e+03 9.637310e+03 9.668771e+03
9.4 9.711494e+03 9.658587e+03 9.641689e+03 9.694596e+03
10.4 9.674536e+03 9.657368e+03 9.656463e+03 9.673631e+03
11.4 9.637341e+03 9.657230e+03 9.669689e+03 9.649800e+03
12.4 9.659397e+03 9.654887e+03 9.667932e+03 9.672442e+03
13.4 9.651840e+03 9.646721e+03 9.656822e+03 9.661941e+03
14.4 9.638926e+03 9.634926e+03 9.646390e+03 9.650391e+03
15.4 9.641381e+03 9.634339e+03 9.639808e+03 9.646850e+03
16.4 9.662625e+03 9.640828e+03 9.636453e+03 9.658250e+03
17.4 9.670180e+03 9.643953e+03 9.635210e+03 9.661437e+03
18.4 9.636939e+03 9.637717e+03 9.636304e+03 9.635526e+03
19.4 9.626527e+03 9.636459e+03 9.646269e+03 9.636336e+03
20.4 9.647217e+03 9.643126e+03 9.660829e+03 9.664921e+03
21.4 9.682031e+03 9.648596e+03 9.663394e+03 9.696829e+03
0.9 9.693596e+03 9.662135e+03 9.637310e+03 9.668771e+03
1.9 9.711494e+03 9.658587e+03 9.641689e+03 9.694596e+03
2.9 9.674536e+03 9.657368e+03 9.656463e+03 9.673631e+03
3.9 9.637341e+03 9.657230e+03 9.669689e+03 9.649800e+03
4.9 9.659397e+03 9.654887e+03 9.667932e+03 9.672442e+03
5.9 9.651840e+03 9.646721e+03 9.656822e+03 9.661941e+03
6.9 9.638926e+03 9.634926e+03 9.646390e+03 9.650391e+03
7.9 9.641381e+03 9.634339e+03 9.639808e+03 9.646850e+03
8.9 9.662625e+03 9.640828e+03 9.636453e+03 9.658250e+03
9.9 9.670180e+03 9.643953e+03 9.635210e+03 9.661437e+03
10.9 9.636939e+03 9.637717e+03 9.636304e+03 9.635526e+03
11.9 9.626527e+03 9.636459e+03 9.646269e+03 9.636336e+03
12.9 9.647217e+03 9.643126e+03 9.660829e+03 9.664921e+03
13.9 9.682031e+03 9.648596e+03 9.663394e+03 9.696829e+03
14.9 9.661642e+03 9.646100e+03 9.655441e+03 9.670983e+03
15.9 9.634860e+03 9.635099e+03 9.646573e+03 9.646333e+03
16.9 9.620906e+03 9.624649e+03 9.640642e+03 9.636899e+03
17.9 9.637153e+03 9.626157e+03 9.637453e+03 9.648450e+03
18.9 9.637256e+03 9.640667e+03 9.636103e+03 9.632692e+03
19.9 9.638849e+03 9.652948e+03 9.635893e+03 9.621794e+03
20.9 9.664965e+03 9.656611e+03 9.636291e+03 9.644645e+03
21.9 9.654158e+03 9.649103e+03 9.636892e+03 9.641946e+03
0.2 9.670180e+03 9.643953e+03 9.635210e+03 9.661437e+03
1.2 9.636939e+03 9.637717e+03 9.636304e+03 9.635526e+03
2.2 9.626527e+03 9.636459e+03 9.646269e+03 9.636336e+03
3.2 9.647217e+03 9.643126e+03 9.660829e+03 9.664921e+03
4.2 9.682031e+03 9.648596e+03 9.663394e+03 9.696829e+03
5.2 9.661642e+03 9.646100e+03 9.655441e+03 9.670983e+03
6.2 9.634860e+03 9.635099e+03 9.646573e+03 9.646333e+03
7.2 9.620906e+03 9.624649e+03 9.640642e+03 9.636899e+03
8.2 9.637153e+03 9.626157e+03 9.637453e+03 9.648450e+03
9.2 9.637256e+03 9.640667e+03 9.636103e+03 9.632692e+03
10.2 9.638849e+03 9.652948e+03 9.635893e+03 9.621794e+03
11.2 9.664965e+03 9.656611e+03 9.636291e+03 9.644645e+03
12.2 9.654158e+03 9.649103e+03 9.636892e+03 9.641946e+03
13.2 9.637667e+03 9.639415e+03 9.637445e+03 9.635697e+03
14.2 9.642116e+03 9.646545e+03 9.637850e+03 9.633421e+03
15.2 9.661888e+03 9.662942e+03 9.638105e+03 9.637051e+03
16.2 9.704368e+03 9.669029e+03 9.638249e+03 9.673588e+03
17.2 9.710973e+03 9.661946e+03 9.638323e+03 9.687350e+03
18.2 9.651945e+03 9.645283e+03 9.638358e+03 9.645020e+03
19.2 9.606115e+03 9.634216e+03 9.638374e+03 9.610273e+03
20.2 9.595135e+03 9.635460e+03 9.638381e+03 9.598055e+03
21.2 9.616275e+03 9.639752e+03 9.638383e+03 9.614906e+03
0.5 9.614566e+03 9.648976e+03 9.638397e+03 9.603987e+03
1.5 9.644204e+03 9.643976e+03 9.640997e+03 9.641225e+03
2.5 9.665500e+03 9.644006e+03 9.653195e+03 9.674689e+03
3.5 9.650078e+03 9.650267e+03 9.668773e+03 9.668584e+03
4.5 9.640380e+03 9.653338e+03 9.672189e+03 9.659230e+03
5.5 9.655707e+03 9.653512e+03 9.662411e+03 9.664606e+03
6.5 9.659888e+03 9.655691e+03 9.650469e+03 9.654665e+03
7.5 9.652100e+03 9.660512e+03 9.642105e+03 9.633694e+03
8.5 9.637394e+03 9.660526e+03 9.637511e+03 9.614379e+03
9.5 9.647705e+03 9.654536e+03 9.635513e+03 9.628681e+03
10.5 9.640242e+03 9.640905e+03 9.635116e+03 9.634453e+03
11.5 9.643980e+03 9.631827e+03 9.635580e+03 9.647733e+03
12.5 9.635822e+03 9.633562e+03 9.636351e+03 9.638611e+03
13.5 9.641165e+03 9.638628e+03 9.637085e+03 9.639622e+03
14.5 9.673205e+03 9.641070e+03 9.637635e+03 9.669770e+03
15.5 9.641138e+03 9.635096e+03 9.637989e+03 9.644030e+03
16.5 9.613780e+03 9.632292e+03 9.638191e+03 9.619679e+03
17.5 9.608843e+03 9.636584e+03 9.638296e+03 9.610554e+03
18.5 9.626048e+03 9.642214e+03 9.638346e+03 9.622180e+03
19.5 9.617178e+03 9.642537e+03 9.638369e+03 9.613009e+03
20.5 9.602643e+03 9.634064e+03 9.638378e+03 9.606957e+03
21.5 9.602978e+03 9.624289e+03 9.638383e+03 9.617072e+03
0.5 9.639331e+03 9.636447e+03 9.638393e+03 9.641277e+03
1.5 9.604574e+03 9.633504e+03 9.640802e+03 9.611872e+03
2.5 9.604239e+03 9.636806e+03 9.651150e+03 9.618583e+03
3.5 9.637855e+03 9.642258e+03 9.657187e+03 9.652783e+03
4.5 9.655188e+03 9.641989e+03 9.653270e+03 9.666469e+03
5.5 9.639082e+03 9.635313e+03 9.648082e+03 9.651851e+03
6.5 9.612003e+03 9.636479e+03 9.653533e+03 9.629057e+03
7.5 9.636355e+03 9.646224e+03 9.666629e+03 9.656760e+03
8.5 9.649071e+03 9.652501e+03 9.671171e+03 9.667741e+03
9.5 9.657976e+03 9.654986e+03 9.662348e+03 9.665338e+03
10.5 9.637919e+03 9.661182e+03 9.650411e+03 9.627149e+03
11.5 9.639562e+03 9.668912e+03 9.641881e+03 9.612531e+03
12.5 9.627011e+03 9.668196e+03 9.637242e+03 9.596058e+03
13.5 9.656490e+03 9.662182e+03 9.635263e+03 9.629572e+03
14.5 9.673380e+03 9.657326e+03 9.634893e+03 9.650947e+03
15.5 9.667449e+03 9.653486e+03 9.635386e+03 9.649350e+03
16.5 9.629913e+03 9.643837e+03 9.636196e+03 9.622272e+03
17.5 9.614551e+03 9.629932e+03 9.636973e+03 9.621593e+03
18.5 9.597041e+03 9.619144e+03 9.637563e+03 9.615461e+03
19.5 9.617176e+03 9.618091e+03 9.637947e+03 9.637032e+03
20.5 9.636964e+03 9.631765e+03 9.638168e+03 9.643367e+03
21.5 9.650061e+03 9.648137e+03 9.638285e+03 9.640209e+03
0.4 9.655188e+03 9.641989e+03 9.653270e+03 9.666469e+03
1.4 9.639082e+03 9.635313e+03 9.648082e+03 9.651851e+03
2.4 9.612003e+03 9.636479e+03 9.653533e+03 9.629057e+03
3.4 9.636355e+03 9.646224e+03 9.666629e+03 9.656760e+03
4.4 9.649071e+03 9.652501e+03 9.671171e+03 9.667741e+03
5.4 9.657976e+03 9.654986e+03 9.662348e+03 9.665338e+03
6.4 9.637919e+03 9.661182e+03 9.650411e+03 9.627149e+03
7.4 9.639562e+03 9.668912e+03 9.641881e+03 9.612531e+03
8.4 9.627011e+03 9.668196e+03 9.637242e+03 9.596058e+03
9.4 9.656490e+03 9.662182e+03 9.635263e+03 9.629572e+03
10.4 9.673380e+03 9.657326e+03 9.634893e+03 9.650947e+03
11.4 9.667449e+03 9.653486e+03 9.635386e+03 9.649350e+03
12.4 9.629913e+03 9.643837e+03 9.636196e+03 9.622272e+03
13.4 9.614551e+03 9.629932e+03 9.636973e+03 9.621593e+03
14.4 9.597041e+03 9.619144e+03 9.637563e+03 9.615461e+03
15.4 9.617176e+03 9.618091e+03 9.637947e+03 9.637032e+03
16.4 9.636964e+03 9.631765e+03 9.638168e+03 9.643367e+03
17.4 9.650061e+03 9.648137e+03 9.638285e+03 9.640209e+03
18.4 9.657417e+03 9.655823e+03 9.638341e+03 9.639935e+03
19.4 9.638758e+03 9.655613e+03 9.638367e+03 9.621511e+03
20.4 9.618605e+03 9.653069e+03 9.638378e+03 9.603913e+03
21.4 9.608915e+03 9.650207e+03 9.638382e+03 9.597091e+03
0.5 9.595442e+03 9.627499e+03 9.638397e+03 9.606339e+03
1.5 9.600652e+03 9.621185e+03 9.640997e+03 9.620463e+03
2.5 9.635409e+03 9.628657e+03 9.653060e+03 9.659811e+03
3.5 9.653241e+03 9.640359e+03 9.664667e+03 9.677549e+03
4.5 9.650264e+03 9.647620e+03 9.662630e+03 9.665274e+03
5.5 9.618506e+03 9.643814e+03 9.653204e+03 9.627896e+03
6.5 9.587992e+03 9.632787e+03 9.644799e+03 9.600004e+03
7.5 9.587130e+03 9.622880e+03 9.639609e+03 9.603859e+03
8.5 9.602609e+03 9.616848e+03 9.636966e+03 9.622727e+03
9.5 9.614218e+03 9.614036e+03 9.635974e+03 9.636156e+03
10.5 9.611437e+03 9.617570e+03 9.635974e+03 9.629841e+03
11.5 9.634974e+03 9.633666e+03 9.636459e+03 9.637767e+03
12.5 9.655080e+03 9.648664e+03 9.637062e+03 9.643478e+03
13.5 9.665465e+03 9.651054e+03 9.637577e+03 9.651988e+03
14.5 9.676407e+03 9.642547e+03 9.637937e+03 9.671797e+03
15.5 9.662878e+03 9.639219e+03 9.638156e+03 9.661815e+03
16.5 9.631973e+03 9.640947e+03 9.638276e+03 9.629302e+03
17.5 9.624023e+03 9.641974e+03 9.638336e+03 9.620385e+03
18.5 9.618915e+03 9.637154e+03 9.638364e+03 9.620125e+03
19.5 9.629588e+03 9.627931e+03 9.638376e+03 9.640034e+03
20.5 9.614693e+03 9.620136e+03 9.638382e+03 9.632939e+03
21.5 9.610578e+03 9.615692e+03 9.638384e+03 9.633270e+03
