0.7 8.722812e+03 8.715521e+03 8.733073e+03 8.740365e+03
1.7 8.705551e+03 8.725543e+03 8.734273e+03 8.714281e+03
2.7 8.708261e+03 8.734738e+03 8.738275e+03 8.711798e+03
3.7 8.715165e+03 8.741431e+03 8.742404e+03 8.716138e+03
4.7 8.746626e+03 8.743338e+03 8.742442e+03 8.745730e+03
5.7 8.789923e+03 8.741306e+03 8.739254e+03 8.787871e+03
6.7 8.696164e+03 8.737256e+03 8.735956e+03 8.694864e+03
7.7 8.683314e+03 8.731239e+03 8.733783e+03 8.685858e+03
8.7 8.698348e+03 8.718113e+03 8.732635e+03 8.712870e+03
9.7 8.687578e+03 8.706591e+03 8.732172e+03 8.713159e+03
10.7 8.657697e+03 8.707629e+03 8.732122e+03 8.682191e+03
11.7 8.704558e+03 8.709378e+03 8.732285e+03 8.727464e+03
12.7 8.715583e+03 8.702961e+03 8.732511e+03 8.745133e+03
13.7 8.719255e+03 8.698796e+03 8.732714e+03 8.753173e+03
14.7 8.700303e+03 8.707276e+03 8.732860e+03 8.725887e+03
15.7 8.731126e+03 8.719744e+03 8.732952e+03 8.744335e+03
16.7 8.724782e+03 8.728147e+03 8.733004e+03 8.729639e+03
17.7 8.759880e+03 8.733062e+03 8.733030e+03 8.759848e+03
18.7 8.740868e+03 8.742579e+03 8.733043e+03 8.731332e+03
19.7 8.722859e+03 8.755127e+03 8.733048e+03 8.700780e+03
20.7 8.746685e+03 8.757815e+03 8.733050e+03 8.721920e+03
21.7 8.752451e+03 8.754716e+03 8.733051e+03 8.730786e+03
0.9 8.691361e+03 8.728337e+03 8.733117e+03 8.696142e+03
1.9 8.726264e+03 8.729111e+03 8.734780e+03 8.731933e+03
2.9 8.717967e+03 8.733299e+03 8.738864e+03 8.723532e+03
3.9 8.742733e+03 8.735944e+03 8.740862e+03 8.747652e+03
4.9 8.752064e+03 8.734853e+03 8.739113e+03 8.756324e+03
5.9 8.729791e+03 8.731565e+03 8.736324e+03 8.734550e+03
6.9 8.723974e+03 8.728779e+03 8.734241e+03 8.729436e+03
7.9 8.776686e+03 8.729238e+03 8.733052e+03 8.780499e+03
8.9 8.781226e+03 8.729256e+03 8.732492e+03 8.784462e+03
9.9 8.739521e+03 8.720410e+03 8.732332e+03 8.751443e+03
10.9 8.689362e+03 8.708456e+03 8.732399e+03 8.713305e+03
11.9 8.692499e+03 8.708927e+03 8.732561e+03 8.716134e+03
12.9 8.734685e+03 8.717171e+03 8.732730e+03 8.750244e+03
13.9 8.687521e+03 8.723247e+03 8.732863e+03 8.697137e+03
14.9 8.727113e+03 8.726356e+03 8.732950e+03 8.733708e+03
15.9 8.701202e+03 8.729876e+03 8.733001e+03 8.704327e+03
16.9 8.713606e+03 8.732830e+03 8.733028e+03 8.713805e+03
17.9 8.715670e+03 8.734596e+03 8.733042e+03 8.714116e+03
18.9 8.766824e+03 8.740365e+03 8.733048e+03 8.759507e+03
19.9 8.713228e+03 8.745150e+03 8.733050e+03 8.701128e+03
20.9 8.726734e+03 8.743943e+03 8.733051e+03 8.715842e+03
21.9 8.730808e+03 8.738948e+03 8.733052e+03 8.724911e+03
1.0 8.724867e+03 8.741126e+03 8.733188e+03 8.716930e+03
2.0 8.722343e+03 8.735665e+03 8.735272e+03 8.721950e+03
3.0 8.686187e+03 8.735903e+03 8.739787e+03 8.690070e+03
4.0 8.694769e+03 8.737342e+03 8.742862e+03 8.700289e+03
5.0 8.689478e+03 8.737227e+03 8.741482e+03 8.693732e+03
6.0 8.706070e+03 8.738946e+03 8.738011e+03 8.705136e+03
7.0 8.720853e+03 8.743332e+03 8.735077e+03 8.712598e+03
8.0 8.733604e+03 8.743650e+03 8.733302e+03 8.723256e+03
9.0 8.696565e+03 8.739507e+03 8.732427e+03 8.689486e+03
10.0 8.726460e+03 8.735050e+03 8.732130e+03 8.723540e+03
11.0 8.717549e+03 8.738523e+03 8.732171e+03 8.711197e+03
12.0 8.721778e+03 8.749439e+03 8.732366e+03 8.704705e+03
13.0 8.719741e+03 8.753341e+03 8.732589e+03 8.698989e+03
14.0 8.678979e+03 8.747887e+03 8.732772e+03 8.663864e+03
15.0 8.742387e+03 8.738500e+03 8.732898e+03 8.736785e+03
16.0 8.733288e+03 8.724049e+03 8.732974e+03 8.742213e+03
17.0 8.755847e+03 8.713373e+03 8.733015e+03 8.775489e+03
18.0 8.696892e+03 8.714043e+03 8.733036e+03 8.715884e+03
19.0 8.684320e+03 8.719644e+03 8.733045e+03 8.697721e+03
20.0 8.680683e+03 8.722757e+03 8.733049e+03 8.690974e+03
21.0 8.675327e+03 8.717088e+03 8.733051e+03 8.691290e+03
22.0 8.731031e+03 8.713558e+03 8.733052e+03 8.750525e+03
0.1 8.760140e+03 8.749215e+03 8.733052e+03 8.743976e+03
1.1 8.742956e+03 8.744779e+03 8.733228e+03 8.731405e+03
2.1 8.741844e+03 8.740564e+03 8.735485e+03 8.736765e+03
3.1 8.718529e+03 8.740126e+03 8.740052e+03 8.718455e+03
4.1 8.726081e+03 8.740301e+03 8.742900e+03 8.728681e+03
5.1 8.710123e+03 8.739359e+03 8.741305e+03 8.712069e+03
6.1 8.750723e+03 8.742976e+03 8.737815e+03 8.745562e+03
7.1 8.743526e+03 8.748345e+03 8.734945e+03 8.730127e+03
8.1 8.733735e+03 8.745857e+03 8.733231e+03 8.721110e+03
9.1 8.717276e+03 8.739336e+03 8.732397e+03 8.710338e+03
10.1 8.747158e+03 8.739130e+03 8.732126e+03 8.740153e+03
11.1 8.751199e+03 8.745113e+03 8.732179e+03 8.738265e+03
12.1 8.731306e+03 8.744645e+03 8.732379e+03 8.719040e+03
13.1 8.776743e+03 8.738605e+03 8.732600e+03 8.770739e+03
14.1 8.724188e+03 8.731981e+03 8.732781e+03 8.724988e+03
15.1 8.719466e+03 8.727246e+03 8.732904e+03 8.725124e+03
16.1 8.652791e+03 8.726184e+03 8.732977e+03 8.659584e+03
17.1 8.745360e+03 8.729732e+03 8.733017e+03 8.748645e+03
18.1 8.763949e+03 8.738950e+03 8.733036e+03 8.758036e+03
19.1 8.748330e+03 8.749528e+03 8.733045e+03 8.731847e+03
20.1 8.732764e+03 8.752697e+03 8.733049e+03 8.713116e+03
21.1 8.724048e+03 8.747932e+03 8.733051e+03 8.709167e+03
1.0 8.735248e+03 8.740464e+03 8.733171e+03 8.727954e+03
2.0 8.715052e+03 8.736188e+03 8.735169e+03 8.714033e+03
3.0 8.721772e+03 8.736537e+03 8.739330e+03 8.724566e+03
4.0 8.781522e+03 8.737163e+03 8.740935e+03 8.785295e+03
5.0 8.781098e+03 8.736088e+03 8.738930e+03 8.783940e+03
6.0 8.764243e+03 8.733791e+03 8.736377e+03 8.766829e+03
7.0 8.755654e+03 8.733933e+03 8.736875e+03 8.758596e+03
8.0 8.788060e+03 8.736605e+03 8.739782e+03 8.791237e+03
9.0 8.791050e+03 8.737911e+03 8.740050e+03 8.793189e+03
10.0 8.750790e+03 8.736707e+03 8.737574e+03 8.751657e+03
11.0 8.755889e+03 8.733949e+03 8.734981e+03 8.756920e+03
12.0 8.756410e+03 8.731482e+03 8.733340e+03 8.758268e+03
13.0 8.763996e+03 8.729998e+03 8.732536e+03 8.766534e+03
14.0 8.724060e+03 8.730247e+03 8.733168e+03 8.726981e+03
15.0 8.717218e+03 8.733180e+03 8.736268e+03 8.720306e+03
16.0 8.714904e+03 8.734824e+03 8.737802e+03 8.717882e+03
17.0 8.753010e+03 8.733883e+03 8.736661e+03 8.755788e+03
18.0 8.696204e+03 8.731919e+03 8.734901e+03 8.699186e+03
19.0 8.722540e+03 8.729607e+03 8.733639e+03 8.726572e+03
20.0 8.767265e+03 8.728408e+03 8.732938e+03 8.771796e+03
21.0 8.750083e+03 8.728625e+03 8.732620e+03 8.754078e+03
22.0 8.782627e+03 8.729022e+03 8.732543e+03 8.786148e+03
0.2 8.781098e+03 8.736088e+03 8.738930e+03 8.783940e+03
1.2 8.764243e+03 8.733791e+03 8.736377e+03 8.766829e+03
2.2 8.755654e+03 8.733933e+03 8.736875e+03 8.758596e+03
3.2 8.788060e+03 8.736605e+03 8.739782e+03 8.791237e+03
4.2 8.791050e+03 8.737911e+03 8.740050e+03 8.793189e+03
5.2 8.750790e+03 8.736707e+03 8.737574e+03 8.751657e+03
6.2 8.755889e+03 8.733949e+03 8.734981e+03 8.756920e+03
7.2 8.756410e+03 8.731482e+03 8.733340e+03 8.758268e+03
8.2 8.763996e+03 8.729998e+03 8.732536e+03 8.766534e+03
9.2 8.724060e+03 8.730247e+03 8.733168e+03 8.726981e+03
10.2 8.717218e+03 8.733180e+03 8.736268e+03 8.720306e+03
11.2 8.714904e+03 8.734824e+03 8.737802e+03 8.717882e+03
12.2 8.753010e+03 8.733883e+03 8.736661e+03 8.755788e+03
13.2 8.696204e+03 8.731919e+03 8.734901e+03 8.699186e+03
14.2 8.722540e+03 8.729607e+03 8.733639e+03 8.726572e+03
15.2 8.767265e+03 8.728408e+03 8.732938e+03 8.771796e+03
16.2 8.750083e+03 8.728625e+03 8.732620e+03 8.754078e+03
17.2 8.782627e+03 8.729022e+03 8.732543e+03 8.786148e+03
18.2 8.763514e+03 8.728438e+03 8.732605e+03 8.767681e+03
19.2 8.748815e+03 8.727199e+03 8.732722e+03 8.754338e+03
20.2 8.750325e+03 8.727386e+03 8.732838e+03 8.755778e+03
21.2 8.713377e+03 8.731251e+03 8.732928e+03 8.715053e+03
0.6 8.763996e+03 8.729998e+03 8.732536e+03 8.766534e+03
1.6 8.724060e+03 8.730247e+03 8.733168e+03 8.726981e+03
2.6 8.717218e+03 8.733180e+03 8.736268e+03 8.720306e+03
3.6 8.714904e+03 8.734824e+03 8.737802e+03 8.717882e+03
4.6 8.753010e+03 8.733883e+03 8.736661e+03 8.755788e+03
5.6 8.696204e+03 8.731919e+03 8.734901e+03 8.699186e+03
6.6 8.722540e+03 8.729607e+03 8.733639e+03 8.726572e+03
7.6 8.767265e+03 8.728408e+03 8.732938e+03 8.771796e+03
8.6 8.750083e+03 8.728625e+03 8.732620e+03 8.754078e+03
9.6 8.782627e+03 8.729022e+03 8.732543e+03 8.786148e+03
10.6 8.763514e+03 8.728438e+03 8.732605e+03 8.767681e+03
11.6 8.748815e+03 8.727199e+03 8.732722e+03 8.754338e+03
12.6 8.750325e+03 8.727386e+03 8.732838e+03 8.755778e+03
13.6 8.713377e+03 8.731251e+03 8.732928e+03 8.715053e+03
14.6 8.701163e+03 8.742175e+03 8.732986e+03 8.691974e+03
15.6 8.730964e+03 8.754097e+03 8.733019e+03 8.709886e+03
16.6 8.740358e+03 8.755421e+03 8.733037e+03 8.717975e+03
17.6 8.679384e+03 8.751823e+03 8.733045e+03 8.660606e+03
18.6 8.738370e+03 8.750362e+03 8.733049e+03 8.721057e+03
19.6 8.728594e+03 8.746633e+03 8.733051e+03 8.715012e+03
20.6 8.739597e+03 8.740098e+03 8.733051e+03 8.732550e+03
21.6 8.681717e+03 8.733866e+03 8.733052e+03 8.680903e+03
0.7 8.722133e+03 8.750623e+03 8.733069e+03 8.704579e+03
1.7 8.744222e+03 8.746360e+03 8.734198e+03 8.732060e+03
2.7 8.727423e+03 8.743088e+03 8.738034e+03 8.722369e+03
3.7 8.747684e+03 8.740908e+03 8.740815e+03 8.747590e+03
4.7 8.773057e+03 8.738162e+03 8.739639e+03 8.774533e+03
5.7 8.738081e+03 8.734496e+03 8.736851e+03 8.740437e+03
6.7 8.732905e+03 8.731224e+03 8.734580e+03 8.736261e+03
7.7 8.699218e+03 8.729045e+03 8.733230e+03 8.703403e+03
8.7 8.732400e+03 8.727144e+03 8.732566e+03 8.737822e+03
9.7 8.715526e+03 8.726250e+03 8.732341e+03 8.721617e+03
10.7 8.686615e+03 8.728200e+03 8.732374e+03 8.690789e+03
11.7 8.683074e+03 8.730242e+03 8.732526e+03 8.685358e+03
12.7 8.680947e+03 8.730803e+03 8.732699e+03 8.682842e+03
13.7 8.684928e+03 8.730661e+03 8.732840e+03 8.687106e+03
14.7 8.684018e+03 8.730442e+03 8.732936e+03 8.686511e+03
15.7 8.729218e+03 8.730261e+03 8.732994e+03 8.731951e+03
16.7 8.708838e+03 8.727490e+03 8.733024e+03 8.714372e+03
17.7 8.698703e+03 8.718040e+03 8.733040e+03 8.713703e+03
18.7 8.692885e+03 8.714601e+03 8.733047e+03 8.711331e+03
19.7 8.711582e+03 8.719861e+03 8.733052e+03 8.724773e+03
20.7 8.714988e+03 8.726295e+03 8.733695e+03 8.722389e+03
21.7 8.736731e+03 8.733069e+03 8.737032e+03 8.740694e+03
0.5 8.711582e+03 8.719861e+03 8.733052e+03 8.724773e+03
1.5 8.714988e+03 8.726295e+03 8.733695e+03 8.722389e+03
2.5 8.736731e+03 8.733069e+03 8.737032e+03 8.740694e+03
3.5 8.713065e+03 8.738283e+03 8.740539e+03 8.715321e+03
4.5 8.698093e+03 8.738794e+03 8.740165e+03 8.699464e+03
5.5 8.699617e+03 8.736332e+03 8.737486e+03 8.700771e+03
6.5 8.729062e+03 8.733554e+03 8.735015e+03 8.730522e+03
7.5 8.721409e+03 8.731538e+03 8.733468e+03 8.723340e+03
8.5 8.730290e+03 8.730337e+03 8.732672e+03 8.732624e+03
9.5 8.705055e+03 8.729759e+03 8.732367e+03 8.707663e+03
10.5 8.723775e+03 8.730336e+03 8.733105e+03 8.726544e+03
11.5 8.795930e+03 8.733445e+03 8.736258e+03 8.798743e+03
12.5 8.798920e+03 8.736252e+03 8.738083e+03 8.800751e+03
13.5 8.736078e+03 8.736562e+03 8.737049e+03 8.736565e+03
14.5 8.751645e+03 8.734611e+03 8.735206e+03 8.752240e+03
15.5 8.731327e+03 8.731927e+03 8.733827e+03 8.733227e+03
16.5 8.727948e+03 8.724125e+03 8.733039e+03 8.736863e+03
17.5 8.741440e+03 8.714229e+03 8.732665e+03 8.759877e+03
18.5 8.761913e+03 8.713888e+03 8.732557e+03 8.780582e+03
19.5 8.752372e+03 8.719806e+03 8.732602e+03 8.765168e+03
20.5 8.784112e+03 8.729134e+03 8.732714e+03 8.787692e+03
21.5 8.737705e+03 8.742487e+03 8.732830e+03 8.728048e+03
0.5 8.705055e+03 8.729759e+03 8.732367e+03 8.707663e+03
1.5 8.723775e+03 8.730336e+03 8.733105e+03 8.726544e+03
2.5 8.795930e+03 8.733445e+03 8.736258e+03 8.798743e+03
3.5 8.798920e+03 8.736252e+03 8.738083e+03 8.800751e+03
4.5 8.736078e+03 8.736562e+03 8.737049e+03 8.736565e+03
5.5 8.751645e+03 8.734611e+03 8.735206e+03 8.752240e+03
6.5 8.731327e+03 8.731927e+03 8.733827e+03 8.733227e+03
7.5 8.727948e+03 8.724125e+03 8.733039e+03 8.736863e+03
8.5 8.741440e+03 8.714229e+03 8.732665e+03 8.759877e+03
9.5 8.761913e+03 8.713888e+03 8.732557e+03 8.780582e+03
10.5 8.752372e+03 8.719806e+03 8.732602e+03 8.765168e+03
11.5 8.784112e+03 8.729134e+03 8.732714e+03 8.787692e+03
12.5 8.737705e+03 8.742487e+03 8.732830e+03 8.728048e+03
13.5 8.731755e+03 8.752647e+03 8.732922e+03 8.712030e+03
14.5 8.788961e+03 8.752947e+03 8.732982e+03 8.768996e+03
15.5 8.741078e+03 8.745938e+03 8.733017e+03 8.728158e+03
16.5 8.756791e+03 8.731612e+03 8.733036e+03 8.758215e+03
17.5 8.704774e+03 8.717234e+03 8.733045e+03 8.720586e+03
18.5 8.704502e+03 8.714517e+03 8.733049e+03 8.723034e+03
19.5 8.706300e+03 8.718971e+03 8.733051e+03 8.720379e+03
20.5 8.699327e+03 8.723976e+03 8.733051e+03 8.708402e+03
21.5 8.715970e+03 8.727513e+03 8.733052e+03 8.721508e+03
