0.5 9.436288e+03 9.419070e+03 9.426116e+03 9.443334e+03
1.5 9.435309e+03 9.433035e+03 9.429549e+03 9.431824e+03
2.5 9.412369e+03 9.438716e+03 9.437744e+03 9.411397e+03
3.5 9.384006e+03 9.437832e+03 9.439194e+03 9.385368e+03
4.5 9.404751e+03 9.440487e+03 9.435750e+03 9.400014e+03
5.5 9.456844e+03 9.441916e+03 9.438513e+03 9.453440e+03
6.5 9.425698e+03 9.435125e+03 9.440826e+03 9.431398e+03
7.5 9.401376e+03 9.422385e+03 9.436786e+03 9.415777e+03
8.5 9.384413e+03 9.411551e+03 9.431174e+03 9.404036e+03
9.5 9.413386e+03 9.408861e+03 9.427282e+03 9.431806e+03
10.5 9.429667e+03 9.420073e+03 9.425288e+03 9.434882e+03
11.5 9.446688e+03 9.435286e+03 9.424674e+03 9.436075e+03
12.5 9.458647e+03 9.442322e+03 9.429806e+03 9.446131e+03
13.5 9.444373e+03 9.439468e+03 9.437471e+03 9.442375e+03
14.5 9.430823e+03 9.428613e+03 9.437486e+03 9.439696e+03
15.5 9.424297e+03 9.425066e+03 9.433118e+03 9.432349e+03
16.5 9.428916e+03 9.432147e+03 9.429339e+03 9.426108e+03
17.5 9.449945e+03 9.437438e+03 9.432532e+03 9.445039e+03
18.5 9.443294e+03 9.434854e+03 9.438359e+03 9.446799e+03
19.5 9.410564e+03 9.426459e+03 9.437081e+03 9.421185e+03
20.5 9.430298e+03 9.432414e+03 9.432277e+03 9.430160e+03
0.1 9.384006e+03 9.437832e+03 9.439194e+03 9.385368e+03
1.1 9.404751e+03 9.440487e+03 9.435750e+03 9.400014e+03
2.1 9.456844e+03 9.441916e+03 9.438513e+03 9.453440e+03
3.1 9.425698e+03 9.435125e+03 9.440826e+03 9.431398e+03
4.1 9.401376e+03 9.422385e+03 9.436786e+03 9.415777e+03
5.1 9.384413e+03 9.411551e+03 9.431174e+03 9.404036e+03
6.1 9.413386e+03 9.408861e+03 9.427282e+03 9.431806e+03
7.1 9.429667e+03 9.420073e+03 9.425288e+03 9.434882e+03
8.1 9.446688e+03 9.435286e+03 9.424674e+03 9.436075e+03
9.1 9.458647e+03 9.442322e+03 9.429806e+03 9.446131e+03
10.1 9.444373e+03 9.439468e+03 9.437471e+03 9.442375e+03
11.1 9.430823e+03 9.428613e+03 9.437486e+03 9.439696e+03
12.1 9.424297e+03 9.425066e+03 9.433118e+03 9.432349e+03
13.1 9.428916e+03 9.432147e+03 9.429339e+03 9.426108e+03
14.1 9.449945e+03 9.437438e+03 9.432532e+03 9.445039e+03
15.1 9.443294e+03 9.434854e+03 9.438359e+03 9.446799e+03
16.1 9.410564e+03 9.426459e+03 9.437081e+03 9.421185e+03
17.1 9.430298e+03 9.432414e+03 9.432277e+03 9.430160e+03
18.1 9.444601e+03 9.452561e+03 9.428324e+03 9.420364e+03
19.1 9.487357e+03 9.462491e+03 9.426075e+03 9.450940e+03
20.1 9.513659e+03 9.453725e+03 9.425029e+03 9.484963e+03
0.8 9.446688e+03 9.435286e+03 9.424674e+03 9.436075e+03
1.8 9.458647e+03 9.442322e+03 9.429806e+03 9.446131e+03
2.8 9.444373e+03 9.439468e+03 9.437471e+03 9.442375e+03
3.8 9.430823e+03 9.428613e+03 9.437486e+03 9.439696e+03
4.8 9.424297e+03 9.425066e+03 9.433118e+03 9.432349e+03
5.8 9.428916e+03 9.432147e+03 9.429339e+03 9.426108e+03
6.8 9.449945e+03 9.437438e+03 9.432532e+03 9.445039e+03
7.8 9.443294e+03 9.434854e+03 9.438359e+03 9.446799e+03
8.8 9.410564e+03 9.426459e+03 9.437081e+03 9.421185e+03
9.8 9.430298e+03 9.432414e+03 9.432277e+03 9.430160e+03
10.8 9.444601e+03 9.452561e+03 9.428324e+03 9.420364e+03
11.8 9.487357e+03 9.462491e+03 9.426075e+03 9.450940e+03
12.8 9.513659e+03 9.453725e+03 9.425029e+03 9.484963e+03
13.8 9.475563e+03 9.435125e+03 9.424708e+03 9.465146e+03
14.8 9.464602e+03 9.417920e+03 9.424805e+03 9.471487e+03
15.8 9.461387e+03 9.406913e+03 9.425098e+03 9.479571e+03
16.8 9.430702e+03 9.401515e+03 9.425422e+03 9.454609e+03
17.8 9.406017e+03 9.399898e+03 9.425688e+03 9.431807e+03
18.8 9.399673e+03 9.406491e+03 9.425871e+03 9.419052e+03
19.8 9.419251e+03 9.429939e+03 9.425983e+03 9.415295e+03
20.8 9.438053e+03 9.450511e+03 9.428288e+03 9.415830e+03
0.8 9.428916e+03 9.432147e+03 9.429339e+03 9.426108e+03
1.8 9.449945e+03 9.437438e+03 9.432532e+03 9.445039e+03
2.8 9.443294e+03 9.434854e+03 9.438359e+03 9.446799e+03
3.8 9.410564e+03 9.426459e+03 9.437081e+03 9.421185e+03
4.8 9.430298e+03 9.432414e+03 9.432277e+03 9.430160e+03
5.8 9.444601e+03 9.452561e+03 9.428324e+03 9.420364e+03
6.8 9.487357e+03 9.462491e+03 9.426075e+03 9.450940e+03
7.8 9.513659e+03 9.453725e+03 9.425029e+03 9.484963e+03
8.8 9.475563e+03 9.435125e+03 9.424708e+03 9.465146e+03
9.8 9.464602e+03 9.417920e+03 9.424805e+03 9.471487e+03
10.8 9.461387e+03 9.406913e+03 9.425098e+03 9.479571e+03
11.8 9.430702e+03 9.401515e+03 9.425422e+03 9.454609e+03
12.8 9.406017e+03 9.399898e+03 9.425688e+03 9.431807e+03
13.8 9.399673e+03 9.406491e+03 9.425871e+03 9.419052e+03
14.8 9.419251e+03 9.429939e+03 9.425983e+03 9.415295e+03
15.8 9.438053e+03 9.450511e+03 9.428288e+03 9.415830e+03
16.8 9.481469e+03 9.453702e+03 9.436588e+03 9.464356e+03
17.8 9.466705e+03 9.445929e+03 9.439516e+03 9.460292e+03
18.8 9.451788e+03 9.447324e+03 9.436000e+03 9.440463e+03
19.8 9.458617e+03 9.449593e+03 9.436881e+03 9.445906e+03
20.8 9.445919e+03 9.442338e+03 9.440688e+03 9.444269e+03
0.4 9.419251e+03 9.429939e+03 9.425983e+03 9.415295e+03
1.4 9.438053e+03 9.450511e+03 9.428288e+03 9.415830e+03
2.4 9.481469e+03 9.453702e+03 9.436588e+03 9.464356e+03
3.4 9.466705e+03 9.445929e+03 9.439516e+03 9.460292e+03
4.4 9.451788e+03 9.447324e+03 9.436000e+03 9.440463e+03
5.4 9.458617e+03 9.449593e+03 9.436881e+03 9.445906e+03
6.4 9.445919e+03 9.442338e+03 9.440688e+03 9.444269e+03
7.4 9.435306e+03 9.429060e+03 9.438090e+03 9.444336e+03
8.4 9.422914e+03 9.427031e+03 9.432470e+03 9.428353e+03
9.4 9.415840e+03 9.435604e+03 9.428079e+03 9.408315e+03
10.4 9.435794e+03 9.439540e+03 9.425678e+03 9.421932e+03
11.4 9.448854e+03 9.436960e+03 9.424657e+03 9.436551e+03
12.4 9.437222e+03 9.439175e+03 9.424433e+03 9.422480e+03
13.4 9.440106e+03 9.447458e+03 9.424654e+03 9.417302e+03
14.4 9.456932e+03 9.449961e+03 9.428456e+03 9.435428e+03
15.4 9.458581e+03 9.444166e+03 9.437023e+03 9.451438e+03
16.4 9.455420e+03 9.430303e+03 9.438765e+03 9.463882e+03
17.4 9.435593e+03 9.417222e+03 9.434676e+03 9.453047e+03
18.4 9.442119e+03 9.419217e+03 9.430199e+03 9.453101e+03
19.4 9.445010e+03 9.434989e+03 9.427264e+03 9.437285e+03
20.4 9.467562e+03 9.445372e+03 9.425688e+03 9.447877e+03
0.8 9.451788e+03 9.447324e+03 9.436000e+03 9.440463e+03
1.8 9.458617e+03 9.449593e+03 9.436881e+03 9.445906e+03
2.8 9.445919e+03 9.442338e+03 9.440688e+03 9.444269e+03
3.8 9.435306e+03 9.429060e+03 9.438090e+03 9.444336e+03
4.8 9.422914e+03 9.427031e+03 9.432470e+03 9.428353e+03
5.8 9.415840e+03 9.435604e+03 9.428079e+03 9.408315e+03
6.8 9.435794e+03 9.439540e+03 9.425678e+03 9.421932e+03
7.8 9.448854e+03 9.436960e+03 9.424657e+03 9.436551e+03
8.8 9.437222e+03 9.439175e+03 9.424433e+03 9.422480e+03
9.8 9.440106e+03 9.447458e+03 9.424654e+03 9.417302e+03
10.8 9.456932e+03 9.449961e+03 9.428456e+03 9.435428e+03
11.8 9.458581e+03 9.444166e+03 9.437023e+03 9.451438e+03
12.8 9.455420e+03 9.430303e+03 9.438765e+03 9.463882e+03
13.8 9.435593e+03 9.417222e+03 9.434676e+03 9.453047e+03
14.8 9.442119e+03 9.419217e+03 9.430199e+03 9.453101e+03
15.8 9.445010e+03 9.434989e+03 9.427264e+03 9.437285e+03
16.8 9.467562e+03 9.445372e+03 9.425688e+03 9.447877e+03
17.8 9.492025e+03 9.442432e+03 9.425006e+03 9.474599e+03
18.8 9.466778e+03 9.430322e+03 9.424886e+03 9.461341e+03
19.8 9.415254e+03 9.421590e+03 9.425072e+03 9.418736e+03
20.8 9.410694e+03 9.427299e+03 9.425363e+03 9.408758e+03
0.5 9.440106e+03 9.447458e+03 9.424654e+03 9.417302e+03
1.5 9.456932e+03 9.449961e+03 9.428456e+03 9.435428e+03
2.5 9.458581e+03 9.444166e+03 9.437023e+03 9.451438e+03
3.5 9.455420e+03 9.430303e+03 9.438765e+03 9.463882e+03
4.5 9.435593e+03 9.417222e+03 9.434676e+03 9.453047e+03
5.5 9.442119e+03 9.419217e+03 9.430199e+03 9.453101e+03
6.5 9.445010e+03 9.434989e+03 9.427264e+03 9.437285e+03
7.5 9.467562e+03 9.445372e+03 9.425688e+03 9.447877e+03
8.5 9.492025e+03 9.442432e+03 9.425006e+03 9.474599e+03
9.5 9.466778e+03 9.430322e+03 9.424886e+03 9.461341e+03
10.5 9.415254e+03 9.421590e+03 9.425072e+03 9.418736e+03
11.5 9.410694e+03 9.427299e+03 9.425363e+03 9.408758e+03
12.5 9.422420e+03 9.438059e+03 9.425861e+03 9.410222e+03
13.5 9.467223e+03 9.442127e+03 9.431714e+03 9.456811e+03
14.5 9.489835e+03 9.437459e+03 9.438926e+03 9.491302e+03
15.5 9.453397e+03 9.425370e+03 9.438206e+03 9.466232e+03
16.5 9.401218e+03 9.416947e+03 9.433447e+03 9.417718e+03
17.5 9.396495e+03 9.424792e+03 9.429276e+03 9.400979e+03
18.5 9.427087e+03 9.436915e+03 9.426736e+03 9.416908e+03
19.5 9.446237e+03 9.439239e+03 9.425435e+03 9.432433e+03
20.5 9.440959e+03 9.439916e+03 9.424933e+03 9.425976e+03
0.8 9.422420e+03 9.438059e+03 9.425861e+03 9.410222e+03
1.8 9.467223e+03 9.442127e+03 9.431714e+03 9.456811e+03
2.8 9.489835e+03 9.437459e+03 9.438926e+03 9.491302e+03
3.8 9.453397e+03 9.425370e+03 9.438206e+03 9.466232e+03
4.8 9.401218e+03 9.416947e+03 9.433447e+03 9.417718e+03
5.8 9.396495e+03 9.424792e+03 9.429276e+03 9.400979e+03
6.8 9.427087e+03 9.436915e+03 9.426736e+03 9.416908e+03
7.8 9.446237e+03 9.439239e+03 9.425435e+03 9.432433e+03
8.8 9.440959e+03 9.439916e+03 9.424933e+03 9.425976e+03
9.8 9.426820e+03 9.448109e+03 9.424921e+03 9.403632e+03
10.8 9.441935e+03 9.453697e+03 9.426460e+03 9.414698e+03
11.8 9.444989e+03 9.450201e+03 9.434623e+03 9.429411e+03
12.8 9.436961e+03 9.437298e+03 9.439255e+03 9.438917e+03
13.8 9.411950e+03 9.421257e+03 9.436406e+03 9.427100e+03
14.8 9.420673e+03 9.410964e+03 9.431625e+03 9.441334e+03
15.8 9.452867e+03 9.419803e+03 9.428111e+03 9.461175e+03
16.8 9.458809e+03 9.441227e+03 9.426489e+03 9.444070e+03
17.8 9.445714e+03 9.451473e+03 9.431823e+03 9.426064e+03
18.8 9.465290e+03 9.452483e+03 9.438098e+03 9.450905e+03
19.8 9.468894e+03 9.455874e+03 9.437478e+03 9.450498e+03
20.8 9.456310e+03 9.454169e+03 9.439917e+03 9.442058e+03
0.2 9.426820e+03 9.448109e+03 9.424921e+03 9.403632e+03
1.2 9.441935e+03 9.453697e+03 9.426460e+03 9.414698e+03
2.2 9.444989e+03 9.450201e+03 9.434623e+03 9.429411e+03
3.2 9.436961e+03 9.437298e+03 9.439255e+03 9.438917e+03
4.2 9.411950e+03 9.421257e+03 9.436406e+03 9.427100e+03
5.2 9.420673e+03 9.410964e+03 9.431625e+03 9.441334e+03
6.2 9.452867e+03 9.419803e+03 9.428111e+03 9.461175e+03
7.2 9.458809e+03 9.441227e+03 9.426489e+03 9.444070e+03
8.2 9.445714e+03 9.451473e+03 9.431823e+03 9.426064e+03
9.2 9.465290e+03 9.452483e+03 9.438098e+03 9.450905e+03
10.2 9.468894e+03 9.455874e+03 9.437478e+03 9.450498e+03
11.2 9.456310e+03 9.454169e+03 9.439917e+03 9.442058e+03
12.2 9.432645e+03 9.442068e+03 9.441903e+03 9.432480e+03
13.2 9.397511e+03 9.424667e+03 9.437604e+03 9.410449e+03
14.2 9.393845e+03 9.410899e+03 9.431620e+03 9.414566e+03
15.2 9.400574e+03 9.403512e+03 9.427394e+03 9.424456e+03
16.2 9.431547e+03 9.406671e+03 9.425199e+03 9.450076e+03
17.2 9.440619e+03 9.421513e+03 9.424351e+03 9.443457e+03
18.2 9.452742e+03 9.432473e+03 9.424271e+03 9.444540e+03
19.2 9.451997e+03 9.434910e+03 9.424575e+03 9.441662e+03
20.2 9.441711e+03 9.438498e+03 9.425003e+03 9.428217e+03
0.9 9.458809e+03 9.441227e+03 9.426489e+03 9.444070e+03
1.9 9.445714e+03 9.451473e+03 9.431823e+03 9.426064e+03
2.9 9.465290e+03 9.452483e+03 9.438098e+03 9.450905e+03
3.9 9.468894e+03 9.455874e+03 9.437478e+03 9.450498e+03
4.9 9.456310e+03 9.454169e+03 9.439917e+03 9.442058e+03
5.9 9.432645e+03 9.442068e+03 9.441903e+03 9.432480e+03
6.9 9.397511e+03 9.424667e+03 9.437604e+03 9.410449e+03
7.9 9.393845e+03 9.410899e+03 9.431620e+03 9.414566e+03
8.9 9.400574e+03 9.403512e+03 9.427394e+03 9.424456e+03
9.9 9.431547e+03 9.406671e+03 9.425199e+03 9.450076e+03
10.9 9.440619e+03 9.421513e+03 9.424351e+03 9.443457e+03
11.9 9.452742e+03 9.432473e+03 9.424271e+03 9.444540e+03
12.9 9.451997e+03 9.434910e+03 9.424575e+03 9.441662e+03
13.9 9.441711e+03 9.438498e+03 9.425003e+03 9.428217e+03
14.9 9.433673e+03 9.443053e+03 9.426456e+03 9.417077e+03
15.9 9.446162e+03 9.442995e+03 9.434384e+03 9.437551e+03
16.9 9.443269e+03 9.436355e+03 9.439425e+03 9.446339e+03
17.9 9.441656e+03 9.436022e+03 9.436794e+03 9.442428e+03
18.9 9.449576e+03 9.442795e+03 9.432599e+03 9.439380e+03
19.9 9.469914e+03 9.444803e+03 9.435990e+03 9.461101e+03
20.9 9.483918e+03 9.442677e+03 9.439653e+03 9.480894e+03
1.0 9.468894e+03 9.455874e+03 9.437478e+03 9.450498e+03
2.0 9.456310e+03 9.454169e+03 9.439917e+03 9.442058e+03
3.0 9.432645e+03 9.442068e+03 9.441903e+03 9.432480e+03
4.0 9.397511e+03 9.424667e+03 9.437604e+03 9.410449e+03
5.0 9.393845e+03 9.410899e+03 9.431620e+03 9.414566e+03
6.0 9.400574e+03 9.403512e+03 9.427394e+03 9.424456e+03
7.0 9.431547e+03 9.406671e+03 9.425199e+03 9.450076e+03
8.0 9.440619e+03 9.421513e+03 9.424351e+03 9.443457e+03
9.0 9.452742e+03 9.432473e+03 9.424271e+03 9.444540e+03
10.0 9.451997e+03 9.434910e+03 9.424575e+03 9.441662e+03
11.0 9.441711e+03 9.438498e+03 9.425003e+03 9.428217e+03
12.0 9.433673e+03 9.443053e+03 9.426456e+03 9.417077e+03
13.0 9.446162e+03 9.442995e+03 9.434384e+03 9.437551e+03
14.0 9.443269e+03 9.436355e+03 9.439425e+03 9.446339e+03
15.0 9.441656e+03 9.436022e+03 9.436794e+03 9.442428e+03
16.0 9.449576e+03 9.442795e+03 9.432599e+03 9.439380e+03
17.0 9.469914e+03 9.444803e+03 9.435990e+03 9.461101e+03
18.0 9.483918e+03 9.442677e+03 9.439653e+03 9.480894e+03
19.0 9.458502e+03 9.444501e+03 9.436542e+03 9.450544e+03
20.0 9.427965e+03 9.446946e+03 9.431887e+03 9.412906e+03
21.0 9.451623e+03 9.444593e+03 9.434971e+03 9.442001e+03
0.1 9.441711e+03 9.438498e+03 9.425003e+03 9.428217e+03
1.1 9.433673e+03 9.443053e+03 9.426456e+03 9.417077e+03
2.1 9.446162e+03 9.442995e+03 9.434384e+03 9.437551e+03
3.1 9.443269e+03 9.436355e+03 9.439425e+03 9.446339e+03
4.1 9.441656e+03 9.436022e+03 9.436794e+03 9.442428e+03
5.1 9.449576e+03 9.442795e+03 9.432599e+03 9.439380e+03
6.1 9.469914e+03 9.444803e+03 9.435990e+03 9.461101e+03
7.1 9.483918e+03 9.442677e+03 9.439653e+03 9.480894e+03
8.1 9.458502e+03 9.444501e+03 9.436542e+03 9.450544e+03
9.1 9.427965e+03 9.446946e+03 9.431887e+03 9.412906e+03
10.1 9.451623e+03 9.444593e+03 9.434971e+03 9.442001e+03
11.1 9.446823e+03 9.435409e+03 9.438944e+03 9.450359e+03
12.1 9.437638e+03 9.423608e+03 9.436188e+03 9.450218e+03
13.1 9.440195e+03 9.424048e+03 9.431180e+03 9.447327e+03
14.1 9.457618e+03 9.430702e+03 9.431567e+03 9.458484e+03
15.1 9.461074e+03 9.432494e+03 9.437598e+03 9.466178e+03
16.1 9.421987e+03 9.425774e+03 9.437539e+03 9.433752e+03
17.1 9.413050e+03 9.425379e+03 9.432915e+03 9.420585e+03
18.1 9.434862e+03 9.433221e+03 9.429083e+03 9.430725e+03
19.1 9.469895e+03 9.438085e+03 9.433061e+03 9.464871e+03
20.1 9.447197e+03 9.434276e+03 9.438261e+03 9.451182e+03
1.0 9.449576e+03 9.442795e+03 9.432599e+03 9.439380e+03
2.0 9.469914e+03 9.444803e+03 9.435990e+03 9.461101e+03
3.0 9.483918e+03 9.442677e+03 9.439653e+03 9.480894e+03
4.0 9.458502e+03 9.444501e+03 9.436542e+03 9.450544e+03
5.0 9.427965e+03 9.446946e+03 9.431887e+03 9.412906e+03
6.0 9.451623e+03 9.444593e+03 9.434971e+03 9.442001e+03
7.0 9.446823e+03 9.435409e+03 9.438944e+03 9.450359e+03
8.0 9.437638e+03 9.423608e+03 9.436188e+03 9.450218e+03
9.0 9.440195e+03 9.424048e+03 9.431180e+03 9.447327e+03
10.0 9.457618e+03 9.430702e+03 9.431567e+03 9.458484e+03
11.0 9.461074e+03 9.432494e+03 9.437598e+03 9.466178e+03
12.0 9.421987e+03 9.425774e+03 9.437539e+03 9.433752e+03
13.0 9.413050e+03 9.425379e+03 9.432915e+03 9.420585e+03
14.0 9.434862e+03 9.433221e+03 9.429083e+03 9.430725e+03
15.0 9.469895e+03 9.438085e+03 9.433061e+03 9.464871e+03
16.0 9.447197e+03 9.434276e+03 9.438261e+03 9.451182e+03
17.0 9.416145e+03 9.423084e+03 9.436321e+03 9.429382e+03
18.0 9.399666e+03 9.413118e+03 9.431522e+03 9.418070e+03
19.0 9.413253e+03 9.415584e+03 9.427820e+03 9.425489e+03
20.0 9.422846e+03 9.431462e+03 9.425788e+03 9.417171e+03
21.0 9.428049e+03 9.444439e+03 9.426065e+03 9.409676e+03
1.0 9.427965e+03 9.446946e+03 9.431887e+03 9.412906e+03
2.0 9.451623e+03 9.444593e+03 9.434971e+03 9.442001e+03
3.0 9.446823e+03 9.435409e+03 9.438944e+03 9.450359e+03
4.0 9.437638e+03 9.423608e+03 9.436188e+03 9.450218e+03
5.0 9.440195e+03 9.424048e+03 9.431180e+03 9.447327e+03
6.0 9.457618e+03 9.430702e+03 9.431567e+03 9.458484e+03
7.0 9.461074e+03 9.432494e+03 9.437598e+03 9.466178e+03
8.0 9.421987e+03 9.425774e+03 9.437539e+03 9.433752e+03
9.0 9.413050e+03 9.425379e+03 9.432915e+03 9.420585e+03
10.0 9.434862e+03 9.433221e+03 9.429083e+03 9.430725e+03
11.0 9.469895e+03 9.438085e+03 9.433061e+03 9.464871e+03
12.0 9.447197e+03 9.434276e+03 9.438261e+03 9.451182e+03
13.0 9.416145e+03 9.423084e+03 9.436321e+03 9.429382e+03
14.0 9.399666e+03 9.413118e+03 9.431522e+03 9.418070e+03
15.0 9.413253e+03 9.415584e+03 9.427820e+03 9.425489e+03
16.0 9.422846e+03 9.431462e+03 9.425788e+03 9.417171e+03
17.0 9.428049e+03 9.444439e+03 9.426065e+03 9.409676e+03
18.0 9.451501e+03 9.446600e+03 9.433594e+03 9.438495e+03
19.0 9.433621e+03 9.437534e+03 9.438362e+03 9.434449e+03
20.0 9.418595e+03 9.428023e+03 9.435792e+03 9.426364e+03
21.0 9.425158e+03 9.437479e+03 9.431221e+03 9.418899e+03
0.6 9.440195e+03 9.424048e+03 9.431180e+03 9.447327e+03
1.6 9.457618e+03 9.430702e+03 9.431567e+03 9.458484e+03
2.6 9.461074e+03 9.432494e+03 9.437598e+03 9.466178e+03
3.6 9.421987e+03 9.425774e+03 9.437539e+03 9.433752e+03
4.6 9.413050e+03 9.425379e+03 9.432915e+03 9.420585e+03
5.6 9.434862e+03 9.433221e+03 9.429083e+03 9.430725e+03
6.6 9.469895e+03 9.438085e+03 9.433061e+03 9.464871e+03
7.6 9.447197e+03 9.434276e+03 9.438261e+03 9.451182e+03
8.6 9.416145e+03 9.423084e+03 9.436321e+03 9.429382e+03
9.6 9.399666e+03 9.413118e+03 9.431522e+03 9.418070e+03
10.6 9.413253e+03 9.415584e+03 9.427820e+03 9.425489e+03
11.6 9.422846e+03 9.431462e+03 9.425788e+03 9.417171e+03
12.6 9.428049e+03 9.444439e+03 9.426065e+03 9.409676e+03
13.6 9.451501e+03 9.446600e+03 9.433594e+03 9.438495e+03
14.6 9.433621e+03 9.437534e+03 9.438362e+03 9.434449e+03
15.6 9.418595e+03 9.428023e+03 9.435792e+03 9.426364e+03
16.6 9.425158e+03 9.437479e+03 9.431221e+03 9.418899e+03
17.6 9.448977e+03 9.456672e+03 9.427944e+03 9.420249e+03
18.6 9.490249e+03 9.462704e+03 9.430596e+03 9.458141e+03
19.6 9.493959e+03 9.452925e+03 9.437492e+03 9.478526e+03
20.6 9.444627e+03 9.434555e+03 9.437528e+03 9.447600e+03
1.0 9.434862e+03 9.433221e+03 9.429083e+03 9.430725e+03
2.0 9.469895e+03 9.438085e+03 9.433061e+03 9.464871e+03
3.0 9.447197e+03 9.434276e+03 9.438261e+03 9.451182e+03
4.0 9.416145e+03 9.423084e+03 9.436321e+03 9.429382e+03
5.0 9.399666e+03 9.413118e+03 9.431522e+03 9.418070e+03
6.0 9.413253e+03 9.415584e+03 9.427820e+03 9.425489e+03
7.0 9.422846e+03 9.431462e+03 9.425788e+03 9.417171e+03
8.0 9.428049e+03 9.444439e+03 9.426065e+03 9.409676e+03
9.0 9.451501e+03 9.446600e+03 9.433594e+03 9.438495e+03
10.0 9.433621e+03 9.437534e+03 9.438362e+03 9.434449e+03
11.0 9.418595e+03 9.428023e+03 9.435792e+03 9.426364e+03
12.0 9.425158e+03 9.437479e+03 9.431221e+03 9.418899e+03
13.0 9.448977e+03 9.456672e+03 9.427944e+03 9.420249e+03
14.0 9.490249e+03 9.462704e+03 9.430596e+03 9.458141e+03
15.0 9.493959e+03 9.452925e+03 9.437492e+03 9.478526e+03
16.0 9.444627e+03 9.434555e+03 9.437528e+03 9.447600e+03
17.0 9.402319e+03 9.425133e+03 9.433056e+03 9.410242e+03
18.0 9.395766e+03 9.431105e+03 9.428936e+03 9.393597e+03
19.0 9.413591e+03 9.438560e+03 9.427639e+03 9.402670e+03
20.0 9.458088e+03 9.440051e+03 9.434176e+03 9.452214e+03
21.0 9.458946e+03 9.439481e+03 9.438349e+03 9.457815e+03
0.2 9.422846e+03 9.431462e+03 9.425788e+03 9.417171e+03
1.2 9.428049e+03 9.444439e+03 9.426065e+03 9.409676e+03
2.2 9.451501e+03 9.446600e+03 9.433594e+03 9.438495e+03
3.2 9.433621e+03 9.437534e+03 9.438362e+03 9.434449e+03
4.2 9.418595e+03 9.428023e+03 9.435792e+03 9.426364e+03
5.2 9.425158e+03 9.437479e+03 9.431221e+03 9.418899e+03
6.2 9.448977e+03 9.456672e+03 9.427944e+03 9.420249e+03
7.2 9.490249e+03 9.462704e+03 9.430596e+03 9.458141e+03
8.2 9.493959e+03 9.452925e+03 9.437492e+03 9.478526e+03
9.2 9.444627e+03 9.434555e+03 9.437528e+03 9.447600e+03
10.2 9.402319e+03 9.425133e+03 9.433056e+03 9.410242e+03
11.2 9.395766e+03 9.431105e+03 9.428936e+03 9.393597e+03
12.2 9.413591e+03 9.438560e+03 9.427639e+03 9.402670e+03
13.2 9.458088e+03 9.440051e+03 9.434176e+03 9.452214e+03
14.2 9.458946e+03 9.439481e+03 9.438349e+03 9.457815e+03
15.2 9.435074e+03 9.441054e+03 9.436793e+03 9.430813e+03
16.2 9.422039e+03 9.440473e+03 9.440019e+03 9.421585e+03
17.2 9.403489e+03 9.431966e+03 9.441093e+03 9.412617e+03
18.2 9.405581e+03 9.420114e+03 9.436278e+03 9.421745e+03
19.2 9.413825e+03 9.423199e+03 9.430593e+03 9.421219e+03
20.2 9.422939e+03 9.441919e+03 9.427024e+03 9.408044e+03
0.7 9.448977e+03 9.456672e+03 9.427944e+03 9.420249e+03
1.7 9.490249e+03 9.462704e+03 9.430596e+03 9.458141e+03
2.7 9.493959e+03 9.452925e+03 9.437492e+03 9.478526e+03
3.7 9.444627e+03 9.434555e+03 9.437528e+03 9.447600e+03
4.7 9.402319e+03 9.425133e+03 9.433056e+03 9.410242e+03
5.7 9.395766e+03 9.431105e+03 9.428936e+03 9.393597e+03
6.7 9.413591e+03 9.438560e+03 9.427639e+03 9.402670e+03
7.7 9.458088e+03 9.440051e+03 9.434176e+03 9.452214e+03
8.7 9.458946e+03 9.439481e+03 9.438349e+03 9.457815e+03
9.7 9.435074e+03 9.441054e+03 9.436793e+03 9.430813e+03
10.7 9.422039e+03 9.440473e+03 9.440019e+03 9.421585e+03
11.7 9.403489e+03 9.431966e+03 9.441093e+03 9.412617e+03
12.7 9.405581e+03 9.420114e+03 9.436278e+03 9.421745e+03
13.7 9.413825e+03 9.423199e+03 9.430593e+03 9.421219e+03
14.7 9.422939e+03 9.441919e+03 9.427024e+03 9.408044e+03
15.7 9.440757e+03 9.452031e+03 9.430596e+03 9.419322e+03
16.7 9.416160e+03 9.446344e+03 9.437181e+03 9.406998e+03
17.7 9.418520e+03 9.432336e+03 9.436610e+03 9.422794e+03
18.7 9.421977e+03 9.429279e+03 9.432184e+03 9.424883e+03
19.7 9.428592e+03 9.432602e+03 9.428378e+03 9.424367e+03
20.7 9.404625e+03 9.430434e+03 9.426162e+03 9.400353e+03
0.2 9.395766e+03 9.431105e+03 9.428936e+03 9.393597e+03
1.2 9.413591e+03 9.438560e+03 9.427639e+03 9.402670e+03
2.2 9.458088e+03 9.440051e+03 9.434176e+03 9.452214e+03
3.2 9.458946e+03 9.439481e+03 9.438349e+03 9.457815e+03
4.2 9.435074e+03 9.441054e+03 9.436793e+03 9.430813e+03
5.2 9.422039e+03 9.440473e+03 9.440019e+03 9.421585e+03
6.2 9.403489e+03 9.431966e+03 9.441093e+03 9.412617e+03
7.2 9.405581e+03 9.420114e+03 9.436278e+03 9.421745e+03
8.2 9.413825e+03 9.423199e+03 9.430593e+03 9.421219e+03
9.2 9.422939e+03 9.441919e+03 9.427024e+03 9.408044e+03
10.2 9.440757e+03 9.452031e+03 9.430596e+03 9.419322e+03
11.2 9.416160e+03 9.446344e+03 9.437181e+03 9.406998e+03
12.2 9.418520e+03 9.432336e+03 9.436610e+03 9.422794e+03
13.2 9.421977e+03 9.429279e+03 9.432184e+03 9.424883e+03
14.2 9.428592e+03 9.432602e+03 9.428378e+03 9.424367e+03
15.2 9.404625e+03 9.430434e+03 9.426162e+03 9.400353e+03
16.2 9.384616e+03 9.421267e+03 9.425102e+03 9.388451e+03
17.2 9.372915e+03 9.414530e+03 9.424751e+03 9.383136e+03
18.2 9.426713e+03 9.421512e+03 9.424825e+03 9.430026e+03
19.2 9.456266e+03 9.430082e+03 9.425102e+03 9.451286e+03
20.2 9.471445e+03 9.429610e+03 9.425420e+03 9.467255e+03
0.2 9.458946e+03 9.439481e+03 9.438349e+03 9.457815e+03
1.2 9.435074e+03 9.441054e+03 9.436793e+03 9.430813e+03
2.2 9.422039e+03 9.440473e+03 9.440019e+03 9.421585e+03
3.2 9.403489e+03 9.431966e+03 9.441093e+03 9.412617e+03
4.2 9.405581e+03 9.420114e+03 9.436278e+03 9.421745e+03
5.2 9.413825e+03 9.423199e+03 9.430593e+03 9.421219e+03
6.2 9.422939e+03 9.441919e+03 9.427024e+03 9.408044e+03
7.2 9.440757e+03 9.452031e+03 9.430596e+03 9.419322e+03
8.2 9.416160e+03 9.446344e+03 9.437181e+03 9.406998e+03
9.2 9.418520e+03 9.432336e+03 9.436610e+03 9.422794e+03
10.2 9.421977e+03 9.429279e+03 9.432184e+03 9.424883e+03
11.2 9.428592e+03 9.432602e+03 9.428378e+03 9.424367e+03
12.2 9.404625e+03 9.430434e+03 9.426162e+03 9.400353e+03
13.2 9.384616e+03 9.421267e+03 9.425102e+03 9.388451e+03
14.2 9.372915e+03 9.414530e+03 9.424751e+03 9.383136e+03
15.2 9.426713e+03 9.421512e+03 9.424825e+03 9.430026e+03
16.2 9.456266e+03 9.430082e+03 9.425102e+03 9.451286e+03
17.2 9.471445e+03 9.429610e+03 9.425420e+03 9.467255e+03
18.2 9.450960e+03 9.421257e+03 9.425685e+03 9.455389e+03
19.2 9.418042e+03 9.412455e+03 9.425868e+03 9.431455e+03
20.2 9.408770e+03 9.406737e+03 9.425979e+03 9.428011e+03
0.8 9.422939e+03 9.441919e+03 9.427024e+03 9.408044e+03
1.8 9.440757e+03 9.452031e+03 9.430596e+03 9.419322e+03
2.8 9.416160e+03 9.446344e+03 9.437181e+03 9.406998e+03
3.8 9.418520e+03 9.432336e+03 9.436610e+03 9.422794e+03
4.8 9.421977e+03 9.429279e+03 9.432184e+03 9.424883e+03
5.8 9.428592e+03 9.432602e+03 9.428378e+03 9.424367e+03
6.8 9.404625e+03 9.430434e+03 9.426162e+03 9.400353e+03
7.8 9.384616e+03 9.421267e+03 9.425102e+03 9.388451e+03
8.8 9.372915e+03 9.414530e+03 9.424751e+03 9.383136e+03
9.8 9.426713e+03 9.421512e+03 9.424825e+03 9.430026e+03
10.8 9.456266e+03 9.430082e+03 9.425102e+03 9.451286e+03
11.8 9.471445e+03 9.429610e+03 9.425420e+03 9.467255e+03
12.8 9.450960e+03 9.421257e+03 9.425685e+03 9.455389e+03
13.8 9.418042e+03 9.412455e+03 9.425868e+03 9.431455e+03
14.8 9.408770e+03 9.406737e+03 9.425979e+03 9.428011e+03
15.8 9.410336e+03 9.403909e+03 9.426039e+03 9.432466e+03
16.8 9.418193e+03 9.404241e+03 9.426069e+03 9.440020e+03
17.8 9.461512e+03 9.415557e+03 9.426083e+03 9.472038e+03
18.8 9.497115e+03 9.433157e+03 9.426523e+03 9.490481e+03
19.8 9.451628e+03 9.442666e+03 9.433008e+03 9.441970e+03
20.8 9.422867e+03 9.440225e+03 9.439376e+03 9.422017e+03
1.0 9.497115e+03 9.433157e+03 9.426523e+03 9.490481e+03
2.0 9.451628e+03 9.442666e+03 9.433008e+03 9.441970e+03
3.0 9.422867e+03 9.440225e+03 9.439376e+03 9.422017e+03
4.0 9.409563e+03 9.436493e+03 9.437805e+03 9.410875e+03
5.0 9.422719e+03 9.441511e+03 9.432922e+03 9.414130e+03
6.0 9.422283e+03 9.445744e+03 9.430362e+03 9.406901e+03
7.0 9.444961e+03 9.444871e+03 9.435951e+03 9.436041e+03
8.0 9.436346e+03 9.447333e+03 9.438898e+03 9.427911e+03
9.0 9.435420e+03 9.451202e+03 9.435305e+03 9.419523e+03
10.0 9.419056e+03 9.445277e+03 9.430456e+03 9.404234e+03
11.0 9.396889e+03 9.431251e+03 9.427179e+03 9.392817e+03
12.0 9.384214e+03 9.427033e+03 9.425484e+03 9.382665e+03
13.0 9.400394e+03 9.435913e+03 9.424789e+03 9.389270e+03
14.0 9.413003e+03 9.438166e+03 9.424682e+03 9.399519e+03
15.0 9.433713e+03 9.431924e+03 9.424894e+03 9.426682e+03
16.0 9.449511e+03 9.432602e+03 9.425222e+03 9.442131e+03
17.0 9.434636e+03 9.440277e+03 9.425586e+03 9.419946e+03
18.0 9.425828e+03 9.443364e+03 9.429912e+03 9.412376e+03
19.0 9.440514e+03 9.442181e+03 9.438046e+03 9.436379e+03
20.0 9.443544e+03 9.444567e+03 9.438876e+03 9.437853e+03
21.0 9.435039e+03 9.450788e+03 9.434488e+03 9.418740e+03
0.2 9.422719e+03 9.441511e+03 9.432922e+03 9.414130e+03
1.2 9.422283e+03 9.445744e+03 9.430362e+03 9.406901e+03
2.2 9.444961e+03 9.444871e+03 9.435951e+03 9.436041e+03
3.2 9.436346e+03 9.447333e+03 9.438898e+03 9.427911e+03
4.2 9.435420e+03 9.451202e+03 9.435305e+03 9.419523e+03
5.2 9.419056e+03 9.445277e+03 9.430456e+03 9.404234e+03
6.2 9.396889e+03 9.431251e+03 9.427179e+03 9.392817e+03
7.2 9.384214e+03 9.427033e+03 9.425484e+03 9.382665e+03
8.2 9.400394e+03 9.435913e+03 9.424789e+03 9.389270e+03
9.2 9.413003e+03 9.438166e+03 9.424682e+03 9.399519e+03
10.2 9.433713e+03 9.431924e+03 9.424894e+03 9.426682e+03
11.2 9.449511e+03 9.432602e+03 9.425222e+03 9.442131e+03
12.2 9.434636e+03 9.440277e+03 9.425586e+03 9.419946e+03
13.2 9.425828e+03 9.443364e+03 9.429912e+03 9.412376e+03
14.2 9.440514e+03 9.442181e+03 9.438046e+03 9.436379e+03
15.2 9.443544e+03 9.444567e+03 9.438876e+03 9.437853e+03
16.2 9.435039e+03 9.450788e+03 9.434488e+03 9.418740e+03
17.2 9.430219e+03 9.450884e+03 9.434119e+03 9.413454e+03
18.2 9.436565e+03 9.443295e+03 9.439252e+03 9.432522e+03
19.2 9.434832e+03 9.429040e+03 9.438487e+03 9.444279e+03
20.2 9.435493e+03 9.422293e+03 9.433367e+03 9.446567e+03
0.6 9.434636e+03 9.440277e+03 9.425586e+03 9.419946e+03
1.6 9.425828e+03 9.443364e+03 9.429912e+03 9.412376e+03
2.6 9.440514e+03 9.442181e+03 9.438046e+03 9.436379e+03
3.6 9.443544e+03 9.444567e+03 9.438876e+03 9.437853e+03
4.6 9.435039e+03 9.450788e+03 9.434488e+03 9.418740e+03
5.6 9.430219e+03 9.450884e+03 9.434119e+03 9.413454e+03
6.6 9.436565e+03 9.443295e+03 9.439252e+03 9.432522e+03
7.6 9.434832e+03 9.429040e+03 9.438487e+03 9.444279e+03
8.6 9.435493e+03 9.422293e+03 9.433367e+03 9.446567e+03
9.6 9.433826e+03 9.428816e+03 9.428881e+03 9.433890e+03
10.6 9.442799e+03 9.435163e+03 9.430761e+03 9.438397e+03
11.6 9.472368e+03 9.434460e+03 9.437322e+03 9.475230e+03
12.6 9.446392e+03 9.425867e+03 9.437237e+03 9.457763e+03
13.6 9.415091e+03 9.424357e+03 9.432743e+03 9.423477e+03
14.6 9.418115e+03 9.432353e+03 9.428979e+03 9.414740e+03
15.6 9.431139e+03 9.437726e+03 9.432649e+03 9.426062e+03
16.6 9.428952e+03 9.434592e+03 9.438241e+03 9.432601e+03
17.6 9.407783e+03 9.423658e+03 9.436662e+03 9.420787e+03
18.6 9.406459e+03 9.412921e+03 9.431874e+03 9.425412e+03
19.6 9.387041e+03 9.406187e+03 9.428057e+03 9.408911e+03
20.6 9.406740e+03 9.406423e+03 9.425922e+03 9.426239e+03
0.6 9.435039e+03 9.450788e+03 9.434488e+03 9.418740e+03
1.6 9.430219e+03 9.450884e+03 9.434119e+03 9.413454e+03
2.6 9.436565e+03 9.443295e+03 9.439252e+03 9.432522e+03
3.6 9.434832e+03 9.429040e+03 9.438487e+03 9.444279e+03
4.6 9.435493e+03 9.422293e+03 9.433367e+03 9.446567e+03
5.6 9.433826e+03 9.428816e+03 9.428881e+03 9.433890e+03
6.6 9.442799e+03 9.435163e+03 9.430761e+03 9.438397e+03
7.6 9.472368e+03 9.434460e+03 9.437322e+03 9.475230e+03
8.6 9.446392e+03 9.425867e+03 9.437237e+03 9.457763e+03
9.6 9.415091e+03 9.424357e+03 9.432743e+03 9.423477e+03
10.6 9.418115e+03 9.432353e+03 9.428979e+03 9.414740e+03
11.6 9.431139e+03 9.437726e+03 9.432649e+03 9.426062e+03
12.6 9.428952e+03 9.434592e+03 9.438241e+03 9.432601e+03
13.6 9.407783e+03 9.423658e+03 9.436662e+03 9.420787e+03
14.6 9.406459e+03 9.412921e+03 9.431874e+03 9.425412e+03
15.6 9.387041e+03 9.406187e+03 9.428057e+03 9.408911e+03
16.6 9.406740e+03 9.406423e+03 9.425922e+03 9.426239e+03
17.6 9.430609e+03 9.417160e+03 9.424953e+03 9.438402e+03
18.6 9.449502e+03 9.426589e+03 9.424679e+03 9.447592e+03
19.6 9.431449e+03 9.426953e+03 9.424805e+03 9.429301e+03
20.6 9.397543e+03 9.422496e+03 9.425110e+03 9.400157e+03
0.7 9.433826e+03 9.428816e+03 9.428881e+03 9.433890e+03
1.7 9.442799e+03 9.435163e+03 9.430761e+03 9.438397e+03
2.7 9.472368e+03 9.434460e+03 9.437322e+03 9.475230e+03
3.7 9.446392e+03 9.425867e+03 9.437237e+03 9.457763e+03
4.7 9.415091e+03 9.424357e+03 9.432743e+03 9.423477e+03
5.7 9.418115e+03 9.432353e+03 9.428979e+03 9.414740e+03
6.7 9.431139e+03 9.437726e+03 9.432649e+03 9.426062e+03
7.7 9.428952e+03 9.434592e+03 9.438241e+03 9.432601e+03
8.7 9.407783e+03 9.423658e+03 9.436662e+03 9.420787e+03
9.7 9.406459e+03 9.412921e+03 9.431874e+03 9.425412e+03
10.7 9.387041e+03 9.406187e+03 9.428057e+03 9.408911e+03
11.7 9.406740e+03 9.406423e+03 9.425922e+03 9.426239e+03
12.7 9.430609e+03 9.417160e+03 9.424953e+03 9.438402e+03
13.7 9.449502e+03 9.426589e+03 9.424679e+03 9.447592e+03
14.7 9.431449e+03 9.426953e+03 9.424805e+03 9.429301e+03
15.7 9.397543e+03 9.422496e+03 9.425110e+03 9.400157e+03
16.7 9.398410e+03 9.425982e+03 9.425436e+03 9.397864e+03
17.7 9.438381e+03 9.430765e+03 9.425699e+03 9.433316e+03
18.7 9.449326e+03 9.428884e+03 9.425878e+03 9.446320e+03
19.7 9.434202e+03 9.422154e+03 9.425985e+03 9.438033e+03
20.7 9.409698e+03 9.424767e+03 9.426042e+03 9.410973e+03
0.9 9.418115e+03 9.432353e+03 9.428979e+03 9.414740e+03
1.9 9.431139e+03 9.437726e+03 9.432649e+03 9.426062e+03
2.9 9.428952e+03 9.434592e+03 9.438241e+03 9.432601e+03
3.9 9.407783e+03 9.423658e+03 9.436662e+03 9.420787e+03
4.9 9.406459e+03 9.412921e+03 9.431874e+03 9.425412e+03
5.9 9.387041e+03 9.406187e+03 9.428057e+03 9.408911e+03
6.9 9.406740e+03 9.406423e+03 9.425922e+03 9.426239e+03
7.9 9.430609e+03 9.417160e+03 9.424953e+03 9.438402e+03
8.9 9.449502e+03 9.426589e+03 9.424679e+03 9.447592e+03
9.9 9.431449e+03 9.426953e+03 9.424805e+03 9.429301e+03
10.9 9.397543e+03 9.422496e+03 9.425110e+03 9.400157e+03
11.9 9.398410e+03 9.425982e+03 9.425436e+03 9.397864e+03
12.9 9.438381e+03 9.430765e+03 9.425699e+03 9.433316e+03
13.9 9.449326e+03 9.428884e+03 9.425878e+03 9.446320e+03
14.9 9.434202e+03 9.422154e+03 9.425985e+03 9.438033e+03
15.9 9.409698e+03 9.424767e+03 9.426042e+03 9.410973e+03
16.9 9.438628e+03 9.436257e+03 9.426083e+03 9.428454e+03
17.9 9.444051e+03 9.442934e+03 9.429111e+03 9.430228e+03
18.9 9.449014e+03 9.444187e+03 9.437389e+03 9.442216e+03
19.9 9.429814e+03 9.451222e+03 9.439324e+03 9.417916e+03
20.9 9.431158e+03 9.461126e+03 9.435943e+03 9.405976e+03
0.5 9.438628e+03 9.436257e+03 9.426083e+03 9.428454e+03
1.5 9.444051e+03 9.442934e+03 9.429111e+03 9.430228e+03
2.5 9.449014e+03 9.444187e+03 9.437389e+03 9.442216e+03
3.5 9.429814e+03 9.451222e+03 9.439324e+03 9.417916e+03
4.5 9.431158e+03 9.461126e+03 9.435943e+03 9.405976e+03
5.5 9.421840e+03 9.459755e+03 9.438483e+03 9.400568e+03
6.5 9.452044e+03 9.452135e+03 9.440924e+03 9.440834e+03
7.5 9.469170e+03 9.446945e+03 9.438161e+03 9.460385e+03
8.5 9.453498e+03 9.441948e+03 9.440265e+03 9.451815e+03
9.5 9.410974e+03 9.431316e+03 9.440917e+03 9.420575e+03
10.5 9.397910e+03 9.417580e+03 9.435987e+03 9.416317e+03
11.5 9.383468e+03 9.407412e+03 9.430288e+03 9.406344e+03
12.5 9.400727e+03 9.407169e+03 9.426573e+03 9.420132e+03
13.5 9.421152e+03 9.422136e+03 9.424777e+03 9.423792e+03
14.5 9.438209e+03 9.439629e+03 9.424448e+03 9.423027e+03
15.5 9.458722e+03 9.446472e+03 9.430375e+03 9.442626e+03
16.5 9.439494e+03 9.445596e+03 9.437664e+03 9.431562e+03
17.5 9.430053e+03 9.446430e+03 9.437122e+03 9.420745e+03
18.5 9.423672e+03 9.446321e+03 9.435117e+03 9.412468e+03
19.5 9.438067e+03 9.442001e+03 9.439546e+03 9.435612e+03
20.5 9.434951e+03 9.430284e+03 9.439886e+03 9.444552e+03
0.1 9.429814e+03 9.451222e+03 9.439324e+03 9.417916e+03
1.1 9.431158e+03 9.461126e+03 9.435943e+03 9.405976e+03
2.1 9.421840e+03 9.459755e+03 9.438483e+03 9.400568e+03
3.1 9.452044e+03 9.452135e+03 9.440924e+03 9.440834e+03
4.1 9.469170e+03 9.446945e+03 9.438161e+03 9.460385e+03
5.1 9.453498e+03 9.441948e+03 9.440265e+03 9.451815e+03
6.1 9.410974e+03 9.431316e+03 9.440917e+03 9.420575e+03
7.1 9.397910e+03 9.417580e+03 9.435987e+03 9.416317e+03
8.1 9.383468e+03 9.407412e+03 9.430288e+03 9.406344e+03
9.1 9.400727e+03 9.407169e+03 9.426573e+03 9.420132e+03
10.1 9.421152e+03 9.422136e+03 9.424777e+03 9.423792e+03
11.1 9.438209e+03 9.439629e+03 9.424448e+03 9.423027e+03
12.1 9.458722e+03 9.446472e+03 9.430375e+03 9.442626e+03
13.1 9.439494e+03 9.445596e+03 9.437664e+03 9.431562e+03
14.1 9.430053e+03 9.446430e+03 9.437122e+03 9.420745e+03
15.1 9.423672e+03 9.446321e+03 9.435117e+03 9.412468e+03
16.1 9.438067e+03 9.442001e+03 9.439546e+03 9.435612e+03
17.1 9.434951e+03 9.430284e+03 9.439886e+03 9.444552e+03
18.1 9.399500e+03 9.416746e+03 9.434858e+03 9.417612e+03
19.1 9.399254e+03 9.410019e+03 9.429675e+03 9.418909e+03
20.1 9.431691e+03 9.418036e+03 9.426463e+03 9.440118e+03
0.2 9.452044e+03 9.452135e+03 9.440924e+03 9.440834e+03
1.2 9.469170e+03 9.446945e+03 9.438161e+03 9.460385e+03
2.2 9.453498e+03 9.441948e+03 9.440265e+03 9.451815e+03
3.2 9.410974e+03 9.431316e+03 9.440917e+03 9.420575e+03
4.2 9.397910e+03 9.417580e+03 9.435987e+03 9.416317e+03
5.2 9.383468e+03 9.407412e+03 9.430288e+03 9.406344e+03
6.2 9.400727e+03 9.407169e+03 9.426573e+03 9.420132e+03
7.2 9.421152e+03 9.422136e+03 9.424777e+03 9.423792e+03
8.2 9.438209e+03 9.439629e+03 9.424448e+03 9.423027e+03
9.2 9.458722e+03 9.446472e+03 9.430375e+03 9.442626e+03
10.2 9.439494e+03 9.445596e+03 9.437664e+03 9.431562e+03
11.2 9.430053e+03 9.446430e+03 9.437122e+03 9.420745e+03
12.2 9.423672e+03 9.446321e+03 9.435117e+03 9.412468e+03
13.2 9.438067e+03 9.442001e+03 9.439546e+03 9.435612e+03
14.2 9.434951e+03 9.430284e+03 9.439886e+03 9.444552e+03
15.2 9.399500e+03 9.416746e+03 9.434858e+03 9.417612e+03
16.2 9.399254e+03 9.410019e+03 9.429675e+03 9.418909e+03
17.2 9.431691e+03 9.418036e+03 9.426463e+03 9.440118e+03
18.2 9.445408e+03 9.430218e+03 9.426381e+03 9.441571e+03
19.2 9.445085e+03 9.436256e+03 9.433845e+03 9.442673e+03
20.2 9.414103e+03 9.431438e+03 9.438045e+03 9.420711e+03
0.9 9.438209e+03 9.439629e+03 9.424448e+03 9.423027e+03
1.9 9.458722e+03 9.446472e+03 9.430375e+03 9.442626e+03
2.9 9.439494e+03 9.445596e+03 9.437664e+03 9.431562e+03
3.9 9.430053e+03 9.446430e+03 9.437122e+03 9.420745e+03
4.9 9.423672e+03 9.446321e+03 9.435117e+03 9.412468e+03
5.9 9.438067e+03 9.442001e+03 9.439546e+03 9.435612e+03
6.9 9.434951e+03 9.430284e+03 9.439886e+03 9.444552e+03
7.9 9.399500e+03 9.416746e+03 9.434858e+03 9.417612e+03
8.9 9.399254e+03 9.410019e+03 9.429675e+03 9.418909e+03
9.9 9.431691e+03 9.418036e+03 9.426463e+03 9.440118e+03
10.9 9.445408e+03 9.430218e+03 9.426381e+03 9.441571e+03
11.9 9.445085e+03 9.436256e+03 9.433845e+03 9.442673e+03
12.9 9.414103e+03 9.431438e+03 9.438045e+03 9.420711e+03
13.9 9.384309e+03 9.420576e+03 9.435215e+03 9.398948e+03
14.9 9.378430e+03 9.411238e+03 9.430730e+03 9.397921e+03
15.9 9.397153e+03 9.405664e+03 9.427541e+03 9.419030e+03
16.9 9.405655e+03 9.403129e+03 9.425792e+03 9.428317e+03
17.9 9.404811e+03 9.406271e+03 9.425000e+03 9.423539e+03
18.9 9.426759e+03 9.420445e+03 9.425078e+03 9.431392e+03
19.9 9.443195e+03 9.433601e+03 9.431101e+03 9.440694e+03
20.9 9.448518e+03 9.435706e+03 9.438315e+03 9.451127e+03
0.4 9.430053e+03 9.446430e+03 9.437122e+03 9.420745e+03
1.4 9.423672e+03 9.446321e+03 9.435117e+03 9.412468e+03
2.4 9.438067e+03 9.442001e+03 9.439546e+03 9.435612e+03
3.4 9.434951e+03 9.430284e+03 9.439886e+03 9.444552e+03
4.4 9.399500e+03 9.416746e+03 9.434858e+03 9.417612e+03
5.4 9.399254e+03 9.410019e+03 9.429675e+03 9.418909e+03
6.4 9.431691e+03 9.418036e+03 9.426463e+03 9.440118e+03
7.4 9.445408e+03 9.430218e+03 9.426381e+03 9.441571e+03
8.4 9.445085e+03 9.436256e+03 9.433845e+03 9.442673e+03
9.4 9.414103e+03 9.431438e+03 9.438045e+03 9.420711e+03
10.4 9.384309e+03 9.420576e+03 9.435215e+03 9.398948e+03
11.4 9.378430e+03 9.411238e+03 9.430730e+03 9.397921e+03
12.4 9.397153e+03 9.405664e+03 9.427541e+03 9.419030e+03
13.4 9.405655e+03 9.403129e+03 9.425792e+03 9.428317e+03
14.4 9.404811e+03 9.406271e+03 9.425000e+03 9.423539e+03
15.4 9.426759e+03 9.420445e+03 9.425078e+03 9.431392e+03
16.4 9.443195e+03 9.433601e+03 9.431101e+03 9.440694e+03
17.4 9.448518e+03 9.435706e+03 9.438315e+03 9.451127e+03
18.4 9.459136e+03 9.429238e+03 9.437616e+03 9.467514e+03
19.4 9.445880e+03 9.431047e+03 9.433020e+03 9.447852e+03
20.4 9.422761e+03 9.437380e+03 9.429025e+03 9.414407e+03
0.2 9.431691e+03 9.418036e+03 9.426463e+03 9.440118e+03
1.2 9.445408e+03 9.430218e+03 9.426381e+03 9.441571e+03
2.2 9.445085e+03 9.436256e+03 9.433845e+03 9.442673e+03
3.2 9.414103e+03 9.431438e+03 9.438045e+03 9.420711e+03
4.2 9.384309e+03 9.420576e+03 9.435215e+03 9.398948e+03
5.2 9.378430e+03 9.411238e+03 9.430730e+03 9.397921e+03
6.2 9.397153e+03 9.405664e+03 9.427541e+03 9.419030e+03
7.2 9.405655e+03 9.403129e+03 9.425792e+03 9.428317e+03
8.2 9.404811e+03 9.406271e+03 9.425000e+03 9.423539e+03
9.2 9.426759e+03 9.420445e+03 9.425078e+03 9.431392e+03
10.2 9.443195e+03 9.433601e+03 9.431101e+03 9.440694e+03
11.2 9.448518e+03 9.435706e+03 9.438315e+03 9.451127e+03
12.2 9.459136e+03 9.429238e+03 9.437616e+03 9.467514e+03
13.2 9.445880e+03 9.431047e+03 9.433020e+03 9.447852e+03
14.2 9.422761e+03 9.437380e+03 9.429025e+03 9.414407e+03
15.2 9.415275e+03 9.437045e+03 9.426606e+03 9.404836e+03
16.2 9.409021e+03 9.428661e+03 9.425375e+03 9.405735e+03
17.2 9.414741e+03 9.417456e+03 9.424911e+03 9.422196e+03
18.2 9.404202e+03 9.408987e+03 9.424918e+03 9.420133e+03
19.2 9.399327e+03 9.404361e+03 9.425158e+03 9.420124e+03
20.2 9.382725e+03 9.402535e+03 9.425453e+03 9.405642e+03
0.9 9.426759e+03 9.420445e+03 9.425078e+03 9.431392e+03
1.9 9.443195e+03 9.433601e+03 9.431101e+03 9.440694e+03
2.9 9.448518e+03 9.435706e+03 9.438315e+03 9.451127e+03
3.9 9.459136e+03 9.429238e+03 9.437616e+03 9.467514e+03
4.9 9.445880e+03 9.431047e+03 9.433020e+03 9.447852e+03
5.9 9.422761e+03 9.437380e+03 9.429025e+03 9.414407e+03
6.9 9.415275e+03 9.437045e+03 9.426606e+03 9.404836e+03
7.9 9.409021e+03 9.428661e+03 9.425375e+03 9.405735e+03
8.9 9.414741e+03 9.417456e+03 9.424911e+03 9.422196e+03
9.9 9.404202e+03 9.408987e+03 9.424918e+03 9.420133e+03
10.9 9.399327e+03 9.404361e+03 9.425158e+03 9.420124e+03
11.9 9.382725e+03 9.402535e+03 9.425453e+03 9.405642e+03
12.9 9.417088e+03 9.405108e+03 9.425705e+03 9.437685e+03
13.9 9.444772e+03 9.417093e+03 9.426069e+03 9.453748e+03
14.9 9.451797e+03 9.429533e+03 9.431610e+03 9.453873e+03
15.9 9.453342e+03 9.433221e+03 9.438913e+03 9.459035e+03
16.9 9.413781e+03 9.426045e+03 9.438358e+03 9.426094e+03
17.9 9.429400e+03 9.416943e+03 9.433608e+03 9.446064e+03
18.9 9.417135e+03 9.418826e+03 9.429381e+03 9.427691e+03
19.9 9.428652e+03 9.429085e+03 9.426793e+03 9.426360e+03
20.9 9.437433e+03 9.433033e+03 9.425461e+03 9.429862e+03
0.8 9.444772e+03 9.417093e+03 9.426069e+03 9.453748e+03
1.8 9.451797e+03 9.429533e+03 9.431610e+03 9.453873e+03
2.8 9.453342e+03 9.433221e+03 9.438913e+03 9.459035e+03
3.8 9.413781e+03 9.426045e+03 9.438358e+03 9.426094e+03
4.8 9.429400e+03 9.416943e+03 9.433608e+03 9.446064e+03
5.8 9.417135e+03 9.418826e+03 9.429381e+03 9.427691e+03
6.8 9.428652e+03 9.429085e+03 9.426793e+03 9.426360e+03
7.8 9.437433e+03 9.433033e+03 9.425461e+03 9.429862e+03
8.8 9.449957e+03 9.427175e+03 9.424940e+03 9.447722e+03
9.8 9.425972e+03 9.424300e+03 9.424916e+03 9.426588e+03
10.8 9.429729e+03 9.434734e+03 9.425144e+03 9.420139e+03
11.8 9.426914e+03 9.446061e+03 9.426095e+03 9.406948e+03
12.8 9.468379e+03 9.447892e+03 9.433382e+03 9.453869e+03
13.8 9.425789e+03 9.439955e+03 9.439310e+03 9.425144e+03
14.8 9.406327e+03 9.435001e+03 9.437316e+03 9.408642e+03
15.8 9.400497e+03 9.436713e+03 9.432463e+03 9.396247e+03
16.8 9.379303e+03 9.434433e+03 9.428630e+03 9.373500e+03
17.8 9.380467e+03 9.424929e+03 9.426387e+03 9.381925e+03
18.8 9.385597e+03 9.414003e+03 9.425280e+03 9.396874e+03
19.8 9.410581e+03 9.406554e+03 9.424899e+03 9.428926e+03
20.8 9.401461e+03 9.402929e+03 9.424954e+03 9.423486e+03
1.0 9.426914e+03 9.446061e+03 9.426095e+03 9.406948e+03
2.0 9.468379e+03 9.447892e+03 9.433382e+03 9.453869e+03
3.0 9.425789e+03 9.439955e+03 9.439310e+03 9.425144e+03
4.0 9.406327e+03 9.435001e+03 9.437316e+03 9.408642e+03
5.0 9.400497e+03 9.436713e+03 9.432463e+03 9.396247e+03
6.0 9.379303e+03 9.434433e+03 9.428630e+03 9.373500e+03
7.0 9.380467e+03 9.424929e+03 9.426387e+03 9.381925e+03
8.0 9.385597e+03 9.414003e+03 9.425280e+03 9.396874e+03
9.0 9.410581e+03 9.406554e+03 9.424899e+03 9.428926e+03
10.0 9.401461e+03 9.402929e+03 9.424954e+03 9.423486e+03
11.0 9.403945e+03 9.401815e+03 9.425211e+03 9.427341e+03
12.0 9.400272e+03 9.402058e+03 9.425502e+03 9.423716e+03
