0.3 9.658841e+03 9.646664e+03 9.637526e+03 9.649704e+03
1.3 9.621686e+03 9.638354e+03 9.639527e+03 9.622859e+03
2.3 9.641592e+03 9.642266e+03 9.654679e+03 9.654004e+03
3.3 9.655153e+03 9.659355e+03 9.679168e+03 9.674966e+03
4.3 9.702824e+03 9.668428e+03 9.689613e+03 9.724008e+03
5.3 9.735476e+03 9.662491e+03 9.677678e+03 9.750662e+03
6.3 9.691553e+03 9.646273e+03 9.659200e+03 9.704480e+03
7.3 9.689779e+03 9.629699e+03 9.645260e+03 9.705340e+03
8.3 9.692837e+03 9.618566e+03 9.637281e+03 9.711552e+03
9.3 9.653362e+03 9.612921e+03 9.633585e+03 9.674026e+03
10.3 9.611539e+03 9.611067e+03 9.632655e+03 9.633126e+03
11.3 9.603174e+03 9.616870e+03 9.638766e+03 9.625070e+03
12.3 9.615454e+03 9.638055e+03 9.659894e+03 9.637293e+03
13.3 9.646117e+03 9.657286e+03 9.676278e+03 9.665109e+03
14.3 9.693924e+03 9.662353e+03 9.671470e+03 9.703041e+03
15.3 9.682604e+03 9.656143e+03 9.661623e+03 9.688084e+03
16.3 9.659265e+03 9.656570e+03 9.665937e+03 9.668633e+03
17.3 9.668860e+03 9.658881e+03 9.667111e+03 9.677091e+03
18.3 9.661409e+03 9.653307e+03 9.657062e+03 9.665164e+03
19.3 9.644291e+03 9.640737e+03 9.645578e+03 9.649131e+03
20.3 9.633569e+03 9.637980e+03 9.638208e+03 9.633797e+03
21.3 9.626803e+03 9.645338e+03 9.634736e+03 9.616200e+03
0.7 9.611539e+03 9.611067e+03 9.632655e+03 9.633126e+03
1.7 9.603174e+03 9.616870e+03 9.638766e+03 9.625070e+03
2.7 9.615454e+03 9.638055e+03 9.659894e+03 9.637293e+03
3.7 9.646117e+03 9.657286e+03 9.676278e+03 9.665109e+03
4.7 9.693924e+03 9.662353e+03 9.671470e+03 9.703041e+03
5.7 9.682604e+03 9.656143e+03 9.661623e+03 9.688084e+03
6.7 9.659265e+03 9.656570e+03 9.665937e+03 9.668633e+03
7.7 9.668860e+03 9.658881e+03 9.667111e+03 9.677091e+03
8.7 9.661409e+03 9.653307e+03 9.657062e+03 9.665164e+03
9.7 9.644291e+03 9.640737e+03 9.645578e+03 9.649131e+03
10.7 9.633569e+03 9.637980e+03 9.638208e+03 9.633797e+03
11.7 9.626803e+03 9.645338e+03 9.634736e+03 9.616200e+03
12.7 9.645775e+03 9.649447e+03 9.633634e+03 9.629962e+03
13.7 9.666105e+03 9.648768e+03 9.633800e+03 9.651137e+03
14.7 9.654384e+03 9.651072e+03 9.634553e+03 9.637865e+03
15.7 9.655095e+03 9.657783e+03 9.635447e+03 9.632758e+03
16.7 9.666624e+03 9.659771e+03 9.636223e+03 9.643075e+03
17.7 9.673077e+03 9.655389e+03 9.636783e+03 9.654471e+03
18.7 9.665157e+03 9.642294e+03 9.637136e+03 9.659999e+03
19.7 9.642566e+03 9.629161e+03 9.637335e+03 9.650741e+03
20.7 9.652986e+03 9.632365e+03 9.637439e+03 9.658059e+03
21.7 9.670384e+03 9.650758e+03 9.637489e+03 9.657114e+03
0.5 9.693924e+03 9.662353e+03 9.671470e+03 9.703041e+03
1.5 9.682604e+03 9.656143e+03 9.661623e+03 9.688084e+03
2.5 9.659265e+03 9.656570e+03 9.665937e+03 9.668633e+03
3.5 9.668860e+03 9.658881e+03 9.667111e+03 9.677091e+03
4.5 9.661409e+03 9.653307e+03 9.657062e+03 9.665164e+03
5.5 9.644291e+03 9.640737e+03 9.645578e+03 9.649131e+03
6.5 9.633569e+03 9.637980e+03 9.638208e+03 9.633797e+03
7.5 9.626803e+03 9.645338e+03 9.634736e+03 9.616200e+03
8.5 9.645775e+03 9.649447e+03 9.633634e+03 9.629962e+03
9.5 9.666105e+03 9.648768e+03 9.633800e+03 9.651137e+03
10.5 9.654384e+03 9.651072e+03 9.634553e+03 9.637865e+03
11.5 9.655095e+03 9.657783e+03 9.635447e+03 9.632758e+03
12.5 9.666624e+03 9.659771e+03 9.636223e+03 9.643075e+03
13.5 9.673077e+03 9.655389e+03 9.636783e+03 9.654471e+03
14.5 9.665157e+03 9.642294e+03 9.637136e+03 9.659999e+03
15.5 9.642566e+03 9.629161e+03 9.637335e+03 9.650741e+03
16.5 9.652986e+03 9.632365e+03 9.637439e+03 9.658059e+03
17.5 9.670384e+03 9.650758e+03 9.637489e+03 9.657114e+03
18.5 9.695275e+03 9.662887e+03 9.637511e+03 9.669898e+03
19.5 9.722690e+03 9.660298e+03 9.637520e+03 9.699913e+03
20.5 9.692760e+03 9.646554e+03 9.637524e+03 9.683729e+03
21.5 9.634505e+03 9.634060e+03 9.637526e+03 9.637971e+03
0.2 9.630748e+03 9.634294e+03 9.637526e+03 9.633980e+03
1.2 9.643821e+03 9.621987e+03 9.638999e+03 9.660833e+03
2.2 9.679504e+03 9.628390e+03 9.652767e+03 9.703881e+03
3.2 9.673921e+03 9.647278e+03 9.673963e+03 9.700606e+03
4.2 9.655503e+03 9.658129e+03 9.677625e+03 9.674998e+03
5.2 9.676649e+03 9.660969e+03 9.671691e+03 9.687371e+03
6.2 9.679824e+03 9.664189e+03 9.674207e+03 9.689843e+03
7.2 9.667309e+03 9.663500e+03 9.669616e+03 9.673425e+03
8.2 9.650531e+03 9.653214e+03 9.656325e+03 9.653642e+03
9.2 9.614110e+03 9.636478e+03 9.644154e+03 9.621786e+03
10.2 9.610159e+03 9.622559e+03 9.636945e+03 9.624545e+03
11.2 9.615841e+03 9.614786e+03 9.633783e+03 9.634838e+03
12.2 9.644861e+03 9.615939e+03 9.633015e+03 9.661937e+03
13.2 9.654270e+03 9.626320e+03 9.633482e+03 9.661433e+03
14.2 9.664661e+03 9.635871e+03 9.634448e+03 9.663238e+03
15.2 9.664722e+03 9.641653e+03 9.635455e+03 9.658524e+03
16.2 9.650757e+03 9.647718e+03 9.636269e+03 9.639308e+03
17.2 9.642224e+03 9.653007e+03 9.636828e+03 9.626045e+03
18.2 9.661650e+03 9.654525e+03 9.637168e+03 9.644293e+03
19.2 9.655621e+03 9.649426e+03 9.637354e+03 9.643550e+03
20.2 9.653945e+03 9.650874e+03 9.637449e+03 9.640520e+03
21.2 9.668204e+03 9.659517e+03 9.637493e+03 9.646180e+03
0.8 9.655503e+03 9.658129e+03 9.677625e+03 9.674998e+03
1.8 9.676649e+03 9.660969e+03 9.671691e+03 9.687371e+03
2.8 9.679824e+03 9.664189e+03 9.674207e+03 9.689843e+03
3.8 9.667309e+03 9.663500e+03 9.669616e+03 9.673425e+03
4.8 9.650531e+03 9.653214e+03 9.656325e+03 9.653642e+03
5.8 9.614110e+03 9.636478e+03 9.644154e+03 9.621786e+03
6.8 9.610159e+03 9.622559e+03 9.636945e+03 9.624545e+03
7.8 9.615841e+03 9.614786e+03 9.633783e+03 9.634838e+03
8.8 9.644861e+03 9.615939e+03 9.633015e+03 9.661937e+03
9.8 9.654270e+03 9.626320e+03 9.633482e+03 9.661433e+03
10.8 9.664661e+03 9.635871e+03 9.634448e+03 9.663238e+03
11.8 9.664722e+03 9.641653e+03 9.635455e+03 9.658524e+03
12.8 9.650757e+03 9.647718e+03 9.636269e+03 9.639308e+03
13.8 9.642224e+03 9.653007e+03 9.636828e+03 9.626045e+03
14.8 9.661650e+03 9.654525e+03 9.637168e+03 9.644293e+03
15.8 9.655621e+03 9.649426e+03 9.637354e+03 9.643550e+03
16.8 9.653945e+03 9.650874e+03 9.637449e+03 9.640520e+03
17.8 9.668204e+03 9.659517e+03 9.637493e+03 9.646180e+03
18.8 9.693596e+03 9.662135e+03 9.637513e+03 9.668974e+03
19.8 9.711494e+03 9.658587e+03 9.637521e+03 9.690428e+03
20.8 9.674536e+03 9.657368e+03 9.637524e+03 9.654692e+03
21.8 9.637341e+03 9.657230e+03 9.637526e+03 9.617637e+03
0.5 9.654158e+03 9.649103e+03 9.637551e+03 9.642605e+03
1.5 9.637667e+03 9.639415e+03 9.641818e+03 9.640071e+03
2.5 9.642116e+03 9.646545e+03 9.660809e+03 9.656380e+03
3.5 9.661888e+03 9.662942e+03 9.684174e+03 9.683120e+03
4.5 9.704368e+03 9.669029e+03 9.688202e+03 9.723541e+03
5.5 9.710973e+03 9.661946e+03 9.672888e+03 9.721915e+03
6.5 9.651945e+03 9.645283e+03 9.655011e+03 9.661672e+03
7.5 9.606115e+03 9.634216e+03 9.642694e+03 9.614593e+03
8.5 9.595135e+03 9.635460e+03 9.635993e+03 9.595668e+03
9.5 9.616275e+03 9.639752e+03 9.633123e+03 9.609646e+03
10.5 9.663228e+03 9.643742e+03 9.632609e+03 9.652095e+03
11.5 9.663534e+03 9.646974e+03 9.633347e+03 9.649907e+03
12.5 9.642403e+03 9.650522e+03 9.634516e+03 9.626397e+03
13.5 9.630563e+03 9.652108e+03 9.635613e+03 9.614068e+03
14.5 9.616974e+03 9.645024e+03 9.636428e+03 9.608377e+03
15.5 9.610602e+03 9.633009e+03 9.637878e+03 9.615472e+03
16.5 9.620201e+03 9.634145e+03 9.650105e+03 9.636161e+03
17.5 9.625556e+03 9.649932e+03 9.671967e+03 9.647591e+03
18.5 9.642444e+03 9.659784e+03 9.678135e+03 9.660795e+03
19.5 9.622096e+03 9.656177e+03 9.666578e+03 9.632498e+03
20.5 9.622922e+03 9.643692e+03 9.652206e+03 9.631436e+03
21.5 9.628893e+03 9.642573e+03 9.642215e+03 9.628535e+03
0.1 9.616974e+03 9.645024e+03 9.636428e+03 9.608377e+03
1.1 9.610602e+03 9.633009e+03 9.637878e+03 9.615472e+03
2.1 9.620201e+03 9.634145e+03 9.650105e+03 9.636161e+03
3.1 9.625556e+03 9.649932e+03 9.671967e+03 9.647591e+03
4.1 9.642444e+03 9.659784e+03 9.678135e+03 9.660795e+03
5.1 9.622096e+03 9.656177e+03 9.666578e+03 9.632498e+03
6.1 9.622922e+03 9.643692e+03 9.652206e+03 9.631436e+03
7.1 9.628893e+03 9.642573e+03 9.642215e+03 9.628535e+03
8.1 9.635247e+03 9.648044e+03 9.636712e+03 9.623914e+03
9.1 9.614249e+03 9.647004e+03 9.634262e+03 9.601506e+03
10.1 9.591948e+03 9.636724e+03 9.633719e+03 9.588944e+03
11.1 9.585631e+03 9.628353e+03 9.634225e+03 9.591503e+03
12.1 9.645992e+03 9.635592e+03 9.635120e+03 9.645520e+03
13.1 9.680384e+03 9.645397e+03 9.635985e+03 9.670973e+03
14.1 9.693176e+03 9.645359e+03 9.636637e+03 9.684455e+03
15.1 9.670531e+03 9.635595e+03 9.637056e+03 9.671992e+03
16.1 9.639230e+03 9.624917e+03 9.637296e+03 9.651609e+03
17.1 9.631291e+03 9.617876e+03 9.637421e+03 9.650836e+03
18.1 9.633931e+03 9.614353e+03 9.637480e+03 9.657058e+03
19.1 9.639334e+03 9.614340e+03 9.637507e+03 9.662501e+03
20.1 9.682400e+03 9.624978e+03 9.637519e+03 9.694941e+03
21.1 9.709275e+03 9.641784e+03 9.637523e+03 9.705014e+03
0.1 9.626523e+03 9.646847e+03 9.637526e+03 9.617203e+03
1.1 9.651993e+03 9.648549e+03 9.638456e+03 9.641901e+03
2.1 9.639212e+03 9.653953e+03 9.649917e+03 9.635177e+03
3.1 9.633089e+03 9.659123e+03 9.664601e+03 9.638567e+03
4.1 9.616370e+03 9.655996e+03 9.663797e+03 9.624171e+03
5.1 9.598388e+03 9.643947e+03 9.654382e+03 9.608823e+03
6.1 9.583000e+03 9.638922e+03 9.654746e+03 9.598823e+03
7.1 9.598709e+03 9.645837e+03 9.664948e+03 9.617820e+03
8.1 9.614566e+03 9.648976e+03 9.663477e+03 9.629067e+03
9.1 9.644204e+03 9.643976e+03 9.652964e+03 9.653192e+03
10.1 9.665500e+03 9.644006e+03 9.643378e+03 9.664872e+03
11.1 9.650078e+03 9.650267e+03 9.637721e+03 9.637532e+03
12.1 9.640380e+03 9.653338e+03 9.635097e+03 9.622138e+03
13.1 9.655707e+03 9.653512e+03 9.634281e+03 9.636477e+03
14.1 9.659888e+03 9.655691e+03 9.634476e+03 9.638673e+03
15.1 9.652100e+03 9.660512e+03 9.635141e+03 9.626729e+03
16.1 9.637394e+03 9.660526e+03 9.635896e+03 9.612764e+03
17.1 9.647705e+03 9.654536e+03 9.636528e+03 9.629697e+03
18.1 9.640242e+03 9.640905e+03 9.636970e+03 9.636307e+03
19.1 9.643980e+03 9.631827e+03 9.637241e+03 9.649394e+03
20.1 9.635822e+03 9.633562e+03 9.637390e+03 9.639649e+03
21.1 9.641165e+03 9.638628e+03 9.637465e+03 9.640002e+03
1.0 9.598388e+03 9.643947e+03 9.654382e+03 9.608823e+03
2.0 9.583000e+03 9.638922e+03 9.654746e+03 9.598823e+03
3.0 9.598709e+03 9.645837e+03 9.664948e+03 9.617820e+03
4.0 9.614566e+03 9.648976e+03 9.663477e+03 9.629067e+03
5.0 9.644204e+03 9.643976e+03 9.652964e+03 9.653192e+03
6.0 9.665500e+03 9.644006e+03 9.643378e+03 9.664872e+03
7.0 9.650078e+03 9.650267e+03 9.637721e+03 9.637532e+03
8.0 9.640380e+03 9.653338e+03 9.635097e+03 9.622138e+03
9.0 9.655707e+03 9.653512e+03 9.634281e+03 9.636477e+03
10.0 9.659888e+03 9.655691e+03 9.634476e+03 9.638673e+03
11.0 9.652100e+03 9.660512e+03 9.635141e+03 9.626729e+03
12.0 9.637394e+03 9.660526e+03 9.635896e+03 9.612764e+03
13.0 9.647705e+03 9.654536e+03 9.636528e+03 9.629697e+03
14.0 9.640242e+03 9.640905e+03 9.636970e+03 9.636307e+03
15.0 9.643980e+03 9.631827e+03 9.637241e+03 9.649394e+03
16.0 9.635822e+03 9.633562e+03 9.637390e+03 9.639649e+03
17.0 9.641165e+03 9.638628e+03 9.637465e+03 9.640002e+03
18.0 9.673205e+03 9.641070e+03 9.637500e+03 9.669635e+03
19.0 9.641138e+03 9.635096e+03 9.637515e+03 9.643557e+03
20.0 9.613780e+03 9.632292e+03 9.637522e+03 9.619010e+03
21.0 9.608843e+03 9.636584e+03 9.637525e+03 9.609783e+03
22.0 9.626048e+03 9.642214e+03 9.637526e+03 9.621360e+03
0.4 9.649071e+03 9.652501e+03 9.637527e+03 9.634097e+03
1.4 9.657976e+03 9.654986e+03 9.639941e+03 9.642931e+03
2.4 9.637919e+03 9.661182e+03 9.655933e+03 9.632670e+03
3.4 9.639562e+03 9.668912e+03 9.675899e+03 9.646549e+03
4.4 9.627011e+03 9.668196e+03 9.676294e+03 9.635109e+03
5.4 9.656490e+03 9.662182e+03 9.662692e+03 9.657001e+03
6.4 9.673380e+03 9.657326e+03 9.649153e+03 9.665207e+03
7.4 9.667449e+03 9.653486e+03 9.640430e+03 9.654393e+03
8.4 9.629913e+03 9.643837e+03 9.635843e+03 9.621919e+03
9.4 9.614551e+03 9.629932e+03 9.633978e+03 9.618597e+03
10.4 9.597041e+03 9.619144e+03 9.633779e+03 9.611676e+03
11.4 9.617176e+03 9.618091e+03 9.634439e+03 9.633524e+03
12.4 9.636964e+03 9.631765e+03 9.635356e+03 9.640555e+03
13.4 9.650061e+03 9.648137e+03 9.636176e+03 9.638100e+03
14.4 9.657417e+03 9.655823e+03 9.636766e+03 9.638359e+03
15.4 9.638758e+03 9.655613e+03 9.637133e+03 9.620277e+03
16.4 9.618605e+03 9.653069e+03 9.637337e+03 9.602873e+03
17.4 9.608915e+03 9.650207e+03 9.637441e+03 9.596149e+03
18.4 9.636122e+03 9.648074e+03 9.637489e+03 9.625538e+03
19.4 9.624966e+03 9.639439e+03 9.637511e+03 9.623037e+03
20.4 9.595442e+03 9.627499e+03 9.637520e+03 9.605463e+03
21.4 9.600652e+03 9.621185e+03 9.637524e+03 9.616990e+03
