0.6 1.377149e+04 1.372926e+04 1.372600e+04 1.376823e+04
1.6 1.376226e+04 1.372893e+04 1.372641e+04 1.375974e+04
2.6 1.379942e+04 1.373025e+04 1.372798e+04 1.379715e+04
3.6 1.377031e+04 1.373202e+04 1.372975e+04 1.376804e+04
4.6 1.374657e+04 1.373146e+04 1.372990e+04 1.374500e+04
5.6 1.374013e+04 1.372915e+04 1.372863e+04 1.373962e+04
6.6 1.378675e+04 1.372809e+04 1.372734e+04 1.378600e+04
7.6 1.375859e+04 1.372907e+04 1.372739e+04 1.375691e+04
8.6 1.374712e+04 1.373102e+04 1.372859e+04 1.374469e+04
9.6 1.373498e+04 1.373076e+04 1.372881e+04 1.373303e+04
10.6 1.376862e+04 1.372884e+04 1.372785e+04 1.376763e+04
11.6 1.377385e+04 1.372929e+04 1.372680e+04 1.377136e+04
12.6 1.381772e+04 1.373907e+04 1.372612e+04 1.380477e+04
13.6 1.381134e+04 1.375496e+04 1.372578e+04 1.378215e+04
14.6 1.380053e+04 1.375283e+04 1.372565e+04 1.377336e+04
15.6 1.370906e+04 1.371677e+04 1.372565e+04 1.371793e+04
16.6 1.370578e+04 1.369678e+04 1.372572e+04 1.373471e+04
17.6 1.367091e+04 1.370162e+04 1.372580e+04 1.369509e+04
18.6 1.380550e+04 1.371286e+04 1.372587e+04 1.381851e+04
19.6 1.375929e+04 1.372151e+04 1.372592e+04 1.376370e+04
20.6 1.376907e+04 1.372691e+04 1.372596e+04 1.376812e+04
21.6 1.374934e+04 1.373348e+04 1.372598e+04 1.374184e+04
0.1 1.374013e+04 1.372915e+04 1.372863e+04 1.373962e+04
1.1 1.378675e+04 1.372809e+04 1.372734e+04 1.378600e+04
2.1 1.375859e+04 1.372907e+04 1.372739e+04 1.375691e+04
3.1 1.374712e+04 1.373102e+04 1.372859e+04 1.374469e+04
4.1 1.373498e+04 1.373076e+04 1.372881e+04 1.373303e+04
5.1 1.376862e+04 1.372884e+04 1.372785e+04 1.376763e+04
6.1 1.377385e+04 1.372929e+04 1.372680e+04 1.377136e+04
7.1 1.381772e+04 1.373907e+04 1.372612e+04 1.380477e+04
8.1 1.381134e+04 1.375496e+04 1.372578e+04 1.378215e+04
9.1 1.380053e+04 1.375283e+04 1.372565e+04 1.377336e+04
10.1 1.370906e+04 1.371677e+04 1.372565e+04 1.371793e+04
11.1 1.370578e+04 1.369678e+04 1.372572e+04 1.373471e+04
12.1 1.367091e+04 1.370162e+04 1.372580e+04 1.369509e+04
13.1 1.380550e+04 1.371286e+04 1.372587e+04 1.381851e+04
14.1 1.375929e+04 1.372151e+04 1.372592e+04 1.376370e+04
15.1 1.376907e+04 1.372691e+04 1.372596e+04 1.376812e+04
16.1 1.374934e+04 1.373348e+04 1.372598e+04 1.374184e+04
17.1 1.382729e+04 1.374751e+04 1.372599e+04 1.380577e+04
18.1 1.380538e+04 1.375699e+04 1.372599e+04 1.377438e+04
19.1 1.381331e+04 1.375152e+04 1.372599e+04 1.378778e+04
20.1 1.384475e+04 1.374381e+04 1.372599e+04 1.382693e+04
21.1 1.385839e+04 1.374644e+04 1.372599e+04 1.383794e+04
0.4 1.373434e+04 1.373928e+04 1.372599e+04 1.372106e+04
1.4 1.374144e+04 1.373251e+04 1.372622e+04 1.373515e+04
2.4 1.381226e+04 1.373005e+04 1.372754e+04 1.380975e+04
3.4 1.378665e+04 1.373038e+04 1.372944e+04 1.378571e+04
4.4 1.379266e+04 1.371882e+04 1.373004e+04 1.380388e+04
5.4 1.378390e+04 1.369088e+04 1.372897e+04 1.382199e+04
6.4 1.379611e+04 1.369162e+04 1.372754e+04 1.383203e+04
7.4 1.376250e+04 1.371544e+04 1.372651e+04 1.377357e+04
8.4 1.379048e+04 1.373356e+04 1.372593e+04 1.378285e+04
9.4 1.379049e+04 1.373718e+04 1.372567e+04 1.377897e+04
10.4 1.380792e+04 1.373540e+04 1.372561e+04 1.379813e+04
11.4 1.370888e+04 1.373356e+04 1.372565e+04 1.370098e+04
12.4 1.373919e+04 1.373277e+04 1.372574e+04 1.373217e+04
13.4 1.375095e+04 1.373280e+04 1.372583e+04 1.374398e+04
14.4 1.373482e+04 1.372539e+04 1.372590e+04 1.373533e+04
15.4 1.368053e+04 1.369585e+04 1.372594e+04 1.371062e+04
16.4 1.373142e+04 1.368372e+04 1.372597e+04 1.377367e+04
17.4 1.367938e+04 1.369518e+04 1.372598e+04 1.371018e+04
18.4 1.372346e+04 1.371031e+04 1.372599e+04 1.373914e+04
19.4 1.368287e+04 1.372054e+04 1.372599e+04 1.368832e+04
20.4 1.375564e+04 1.372589e+04 1.372599e+04 1.375574e+04
21.4 1.380754e+04 1.372846e+04 1.372599e+04 1.380507e+04
0.4 1.373641e+04 1.371197e+04 1.372599e+04 1.375043e+04
1.4 1.373454e+04 1.368541e+04 1.372624e+04 1.377537e+04
2.4 1.368751e+04 1.368455e+04 1.372759e+04 1.373055e+04
3.4 1.372491e+04 1.370194e+04 1.372907e+04 1.375204e+04
4.4 1.370109e+04 1.371660e+04 1.372896e+04 1.371345e+04
5.4 1.372615e+04 1.372505e+04 1.372786e+04 1.372896e+04
6.4 1.368783e+04 1.373076e+04 1.372683e+04 1.368390e+04
7.4 1.373203e+04 1.373422e+04 1.372618e+04 1.372399e+04
8.4 1.376024e+04 1.373371e+04 1.372586e+04 1.375240e+04
9.4 1.373985e+04 1.373215e+04 1.372639e+04 1.373409e+04
10.4 1.367859e+04 1.373265e+04 1.372815e+04 1.367409e+04
11.4 1.374519e+04 1.373359e+04 1.372973e+04 1.374133e+04
12.4 1.375742e+04 1.373191e+04 1.372952e+04 1.375503e+04
13.4 1.373858e+04 1.372937e+04 1.372819e+04 1.373740e+04
14.4 1.367262e+04 1.372939e+04 1.372695e+04 1.367018e+04
15.4 1.370820e+04 1.373528e+04 1.372616e+04 1.369908e+04
16.4 1.369945e+04 1.373933e+04 1.372576e+04 1.368589e+04
17.4 1.370298e+04 1.373636e+04 1.372561e+04 1.369224e+04
18.4 1.371112e+04 1.373236e+04 1.372574e+04 1.370451e+04
19.4 1.373515e+04 1.373105e+04 1.372693e+04 1.373103e+04
20.4 1.373023e+04 1.373151e+04 1.372867e+04 1.372739e+04
21.4 1.373287e+04 1.373019e+04 1.372898e+04 1.373166e+04
0.9 1.376024e+04 1.373371e+04 1.372586e+04 1.375240e+04
1.9 1.373985e+04 1.373215e+04 1.372639e+04 1.373409e+04
2.9 1.367859e+04 1.373265e+04 1.372815e+04 1.367409e+04
3.9 1.374519e+04 1.373359e+04 1.372973e+04 1.374133e+04
4.9 1.375742e+04 1.373191e+04 1.372952e+04 1.375503e+04
5.9 1.373858e+04 1.372937e+04 1.372819e+04 1.373740e+04
6.9 1.367262e+04 1.372939e+04 1.372695e+04 1.367018e+04
7.9 1.370820e+04 1.373528e+04 1.372616e+04 1.369908e+04
8.9 1.369945e+04 1.373933e+04 1.372576e+04 1.368589e+04
9.9 1.370298e+04 1.373636e+04 1.372561e+04 1.369224e+04
10.9 1.371112e+04 1.373236e+04 1.372574e+04 1.370451e+04
11.9 1.373515e+04 1.373105e+04 1.372693e+04 1.373103e+04
12.9 1.373023e+04 1.373151e+04 1.372867e+04 1.372739e+04
13.9 1.373287e+04 1.373019e+04 1.372898e+04 1.373166e+04
14.9 1.372323e+04 1.372803e+04 1.372803e+04 1.372323e+04
15.9 1.371923e+04 1.372735e+04 1.372697e+04 1.371885e+04
16.9 1.368511e+04 1.372801e+04 1.372626e+04 1.368336e+04
17.9 1.370976e+04 1.373303e+04 1.372588e+04 1.370261e+04
18.9 1.374913e+04 1.374289e+04 1.372572e+04 1.373197e+04
19.9 1.377367e+04 1.374927e+04 1.372570e+04 1.375009e+04
20.9 1.372494e+04 1.374514e+04 1.372574e+04 1.370554e+04
21.9 1.370696e+04 1.373716e+04 1.372582e+04 1.369561e+04
0.2 1.370298e+04 1.373636e+04 1.372561e+04 1.369224e+04
1.2 1.371112e+04 1.373236e+04 1.372574e+04 1.370451e+04
2.2 1.373515e+04 1.373105e+04 1.372693e+04 1.373103e+04
3.2 1.373023e+04 1.373151e+04 1.372867e+04 1.372739e+04
4.2 1.373287e+04 1.373019e+04 1.372898e+04 1.373166e+04
5.2 1.372323e+04 1.372803e+04 1.372803e+04 1.372323e+04
6.2 1.371923e+04 1.372735e+04 1.372697e+04 1.371885e+04
7.2 1.368511e+04 1.372801e+04 1.372626e+04 1.368336e+04
8.2 1.370976e+04 1.373303e+04 1.372588e+04 1.370261e+04
9.2 1.374913e+04 1.374289e+04 1.372572e+04 1.373197e+04
10.2 1.377367e+04 1.374927e+04 1.372570e+04 1.375009e+04
11.2 1.372494e+04 1.374514e+04 1.372574e+04 1.370554e+04
12.2 1.370696e+04 1.373716e+04 1.372582e+04 1.369561e+04
13.2 1.365113e+04 1.373426e+04 1.372588e+04 1.364275e+04
14.2 1.370429e+04 1.374346e+04 1.372593e+04 1.368676e+04
15.2 1.372472e+04 1.375709e+04 1.372596e+04 1.369359e+04
16.2 1.372582e+04 1.375860e+04 1.372598e+04 1.369320e+04
17.2 1.375568e+04 1.374778e+04 1.372599e+04 1.373388e+04
18.2 1.373126e+04 1.373679e+04 1.372599e+04 1.372046e+04
19.2 1.366408e+04 1.372966e+04 1.372599e+04 1.366041e+04
20.2 1.362578e+04 1.372534e+04 1.372599e+04 1.362643e+04
21.2 1.367376e+04 1.372321e+04 1.372599e+04 1.367654e+04
0.5 1.368655e+04 1.370759e+04 1.372599e+04 1.370496e+04
1.5 1.373973e+04 1.369324e+04 1.372630e+04 1.377279e+04
2.5 1.374842e+04 1.370235e+04 1.372776e+04 1.377382e+04
3.5 1.369634e+04 1.371811e+04 1.372962e+04 1.370785e+04
4.5 1.366790e+04 1.372778e+04 1.373003e+04 1.367015e+04
5.5 1.368835e+04 1.373203e+04 1.372886e+04 1.368519e+04
6.5 1.369087e+04 1.374001e+04 1.372743e+04 1.367829e+04
7.5 1.378785e+04 1.374975e+04 1.372644e+04 1.376453e+04
8.5 1.379356e+04 1.375104e+04 1.372589e+04 1.376841e+04
9.5 1.379206e+04 1.374333e+04 1.372565e+04 1.377439e+04
10.5 1.379604e+04 1.373542e+04 1.372560e+04 1.378622e+04
11.5 1.375598e+04 1.373019e+04 1.372566e+04 1.375145e+04
12.5 1.370965e+04 1.372680e+04 1.372575e+04 1.370860e+04
13.5 1.373528e+04 1.372469e+04 1.372584e+04 1.373643e+04
14.5 1.374303e+04 1.372377e+04 1.372590e+04 1.374517e+04
15.5 1.373629e+04 1.372468e+04 1.372595e+04 1.373756e+04
16.5 1.373554e+04 1.372578e+04 1.372597e+04 1.373573e+04
17.5 1.372909e+04 1.372611e+04 1.372598e+04 1.372896e+04
18.5 1.377985e+04 1.372575e+04 1.372599e+04 1.378009e+04
19.5 1.378241e+04 1.372563e+04 1.372599e+04 1.378277e+04
20.5 1.372855e+04 1.372669e+04 1.372599e+04 1.372786e+04
21.5 1.374295e+04 1.372799e+04 1.372599e+04 1.374096e+04
0.5 1.372624e+04 1.368304e+04 1.372599e+04 1.376920e+04
1.5 1.371040e+04 1.368784e+04 1.372628e+04 1.374885e+04
2.5 1.372049e+04 1.370552e+04 1.372752e+04 1.374248e+04
3.5 1.371356e+04 1.370252e+04 1.372824e+04 1.373927e+04
4.5 1.368802e+04 1.368508e+04 1.372777e+04 1.373070e+04
5.5 1.370367e+04 1.369006e+04 1.372715e+04 1.374076e+04
6.5 1.373302e+04 1.370862e+04 1.372780e+04 1.375220e+04
7.5 1.367334e+04 1.372488e+04 1.372936e+04 1.367782e+04
8.5 1.370112e+04 1.373314e+04 1.372990e+04 1.369789e+04
9.5 1.368568e+04 1.373587e+04 1.372885e+04 1.367866e+04
10.5 1.372545e+04 1.374527e+04 1.372743e+04 1.370760e+04
11.5 1.374556e+04 1.375704e+04 1.372641e+04 1.371493e+04
12.5 1.369602e+04 1.375531e+04 1.372586e+04 1.366657e+04
13.5 1.370579e+04 1.374820e+04 1.372562e+04 1.368321e+04
14.5 1.376243e+04 1.374541e+04 1.372558e+04 1.374260e+04
15.5 1.370767e+04 1.373984e+04 1.372564e+04 1.369347e+04
16.5 1.373385e+04 1.373293e+04 1.372573e+04 1.372665e+04
17.5 1.371461e+04 1.372866e+04 1.372582e+04 1.371177e+04
18.5 1.372571e+04 1.372703e+04 1.372590e+04 1.372458e+04
19.5 1.371428e+04 1.372924e+04 1.372594e+04 1.371098e+04
20.5 1.372757e+04 1.373789e+04 1.372597e+04 1.371564e+04
21.5 1.368031e+04 1.374687e+04 1.372598e+04 1.365942e+04
0.4 1.368802e+04 1.368508e+04 1.372777e+04 1.373070e+04
1.4 1.370367e+04 1.369006e+04 1.372715e+04 1.374076e+04
2.4 1.373302e+04 1.370862e+04 1.372780e+04 1.375220e+04
3.4 1.367334e+04 1.372488e+04 1.372936e+04 1.367782e+04
4.4 1.370112e+04 1.373314e+04 1.372990e+04 1.369789e+04
5.4 1.368568e+04 1.373587e+04 1.372885e+04 1.367866e+04
6.4 1.372545e+04 1.374527e+04 1.372743e+04 1.370760e+04
7.4 1.374556e+04 1.375704e+04 1.372641e+04 1.371493e+04
8.4 1.369602e+04 1.375531e+04 1.372586e+04 1.366657e+04
9.4 1.370579e+04 1.374820e+04 1.372562e+04 1.368321e+04
10.4 1.376243e+04 1.374541e+04 1.372558e+04 1.374260e+04
11.4 1.370767e+04 1.373984e+04 1.372564e+04 1.369347e+04
12.4 1.373385e+04 1.373293e+04 1.372573e+04 1.372665e+04
13.4 1.371461e+04 1.372866e+04 1.372582e+04 1.371177e+04
14.4 1.372571e+04 1.372703e+04 1.372590e+04 1.372458e+04
15.4 1.371428e+04 1.372924e+04 1.372594e+04 1.371098e+04
16.4 1.372757e+04 1.373789e+04 1.372597e+04 1.371564e+04
17.4 1.368031e+04 1.374687e+04 1.372598e+04 1.365942e+04
18.4 1.367314e+04 1.374630e+04 1.372599e+04 1.365283e+04
19.4 1.370201e+04 1.373861e+04 1.372599e+04 1.368939e+04
20.4 1.368396e+04 1.373131e+04 1.372599e+04 1.367864e+04
21.4 1.376263e+04 1.372675e+04 1.372599e+04 1.376187e+04
0.5 1.372627e+04 1.372528e+04 1.372599e+04 1.372699e+04
1.5 1.373429e+04 1.372718e+04 1.372630e+04 1.373342e+04
2.5 1.370611e+04 1.372981e+04 1.372774e+04 1.370404e+04
3.5 1.373289e+04 1.373168e+04 1.372913e+04 1.373033e+04
4.5 1.369333e+04 1.373046e+04 1.372889e+04 1.369176e+04
5.5 1.372851e+04 1.372876e+04 1.372776e+04 1.372751e+04
6.5 1.367305e+04 1.372830e+04 1.372676e+04 1.367151e+04
7.5 1.365248e+04 1.372847e+04 1.372614e+04 1.365015e+04
8.5 1.366987e+04 1.372870e+04 1.372582e+04 1.366700e+04
9.5 1.370208e+04 1.372888e+04 1.372571e+04 1.369890e+04
10.5 1.367289e+04 1.372927e+04 1.372571e+04 1.366933e+04
11.5 1.370169e+04 1.373021e+04 1.372576e+04 1.369725e+04
12.5 1.370257e+04 1.372968e+04 1.372584e+04 1.369872e+04
13.5 1.371149e+04 1.372813e+04 1.372590e+04 1.370926e+04
14.5 1.372809e+04 1.372756e+04 1.372594e+04 1.372647e+04
15.5 1.373989e+04 1.372711e+04 1.372597e+04 1.373875e+04
16.5 1.366446e+04 1.372302e+04 1.372598e+04 1.366743e+04
17.5 1.359584e+04 1.369707e+04 1.372599e+04 1.362476e+04
18.5 1.360766e+04 1.368119e+04 1.372599e+04 1.365246e+04
19.5 1.364157e+04 1.369138e+04 1.372599e+04 1.367619e+04
20.5 1.363154e+04 1.370874e+04 1.372599e+04 1.364878e+04
21.5 1.366539e+04 1.372161e+04 1.372599e+04 1.366978e+04
