0.3 9.901033e+03 9.887914e+03 9.948080e+03 9.961199e+03
1.3 9.911650e+03 9.890899e+03 9.951065e+03 9.971816e+03
2.3 9.965055e+03 9.913457e+03 9.973534e+03 1.002513e+04
3.3 9.973273e+03 9.947683e+03 9.994368e+03 1.001996e+04
4.3 9.966614e+03 9.974768e+03 9.989010e+03 9.980856e+03
5.3 9.895128e+03 9.978976e+03 9.972140e+03 9.888292e+03
6.3 9.904148e+03 9.984376e+03 9.958086e+03 9.877859e+03
7.3 9.991586e+03 9.994007e+03 9.949668e+03 9.947247e+03
8.3 9.960299e+03 9.981446e+03 9.945446e+03 9.924298e+03
9.3 9.895957e+03 9.944419e+03 9.943917e+03 9.895455e+03
10.3 9.825545e+03 9.909486e+03 9.944009e+03 9.860068e+03
11.3 9.876425e+03 9.895603e+03 9.944877e+03 9.925698e+03
12.3 9.969645e+03 9.914800e+03 9.945907e+03 1.000075e+04
13.3 9.959167e+03 9.945265e+03 9.946767e+03 9.960669e+03
14.3 9.960257e+03 9.969340e+03 9.947359e+03 9.938276e+03
15.3 9.958161e+03 9.977478e+03 9.947715e+03 9.928398e+03
16.3 9.952042e+03 9.955046e+03 9.947908e+03 9.944904e+03
17.3 9.917345e+03 9.939859e+03 9.948003e+03 9.925489e+03
18.3 9.933914e+03 9.947859e+03 9.948047e+03 9.934103e+03
19.3 9.953895e+03 9.964737e+03 9.948067e+03 9.937224e+03
20.3 9.994857e+03 9.969944e+03 9.948074e+03 9.972987e+03
0.2 1.000384e+04 9.966764e+03 9.948079e+03 9.985153e+03
1.2 9.925521e+03 9.926412e+03 9.950505e+03 9.949615e+03
2.2 9.935751e+03 9.918632e+03 9.973194e+03 9.990313e+03
3.2 9.953128e+03 9.943314e+03 1.001347e+04 1.002329e+04
4.2 9.955125e+03 9.965225e+03 1.003403e+04 1.002393e+04
5.2 1.003316e+04 9.975124e+03 1.001670e+04 1.007474e+04
6.2 9.994774e+03 9.958045e+03 9.986199e+03 1.002293e+04
7.2 9.925764e+03 9.935584e+03 9.962369e+03 9.952549e+03
8.2 9.904036e+03 9.941517e+03 9.948482e+03 9.911001e+03
9.2 9.903962e+03 9.960633e+03 9.941907e+03 9.885236e+03
10.2 9.942488e+03 9.976494e+03 9.939960e+03 9.905954e+03
11.2 1.004923e+04 9.977124e+03 9.940644e+03 1.001275e+04
12.2 1.001689e+04 9.948940e+03 9.942476e+03 1.001043e+04
13.2 9.917102e+03 9.921779e+03 9.950910e+03 9.946233e+03
14.2 9.876617e+03 9.928980e+03 9.982700e+03 9.930337e+03
15.2 9.926266e+03 9.951126e+03 1.001284e+04 9.987984e+03
16.2 9.969752e+03 9.969285e+03 1.000968e+04 1.001015e+04
17.2 9.983301e+03 9.978197e+03 1.000523e+04 1.001034e+04
18.2 9.981773e+03 9.988492e+03 1.002383e+04 1.001711e+04
19.2 9.966323e+03 9.993152e+03 1.003667e+04 1.000984e+04
20.2 9.985010e+03 9.995140e+03 1.001711e+04 1.000698e+04
0.5 1.001689e+04 9.948940e+03 9.942476e+03 1.001043e+04
1.5 9.917102e+03 9.921779e+03 9.950910e+03 9.946233e+03
2.5 9.876617e+03 9.928980e+03 9.982700e+03 9.930337e+03
3.5 9.926266e+03 9.951126e+03 1.001284e+04 9.987984e+03
4.5 9.969752e+03 9.969285e+03 1.000968e+04 1.001015e+04
5.5 9.983301e+03 9.978197e+03 1.000523e+04 1.001034e+04
6.5 9.981773e+03 9.988492e+03 1.002383e+04 1.001711e+04
7.5 9.966323e+03 9.993152e+03 1.003667e+04 1.000984e+04
8.5 9.985010e+03 9.995140e+03 1.001711e+04 1.000698e+04
9.5 9.984405e+03 9.974690e+03 9.984331e+03 9.994045e+03
10.5 9.935765e+03 9.935680e+03 9.959077e+03 9.959161e+03
11.5 9.889823e+03 9.905893e+03 9.945114e+03 9.929044e+03
12.5 9.947150e+03 9.919491e+03 9.939190e+03 9.966850e+03
13.5 9.992034e+03 9.963358e+03 9.938008e+03 9.966685e+03
14.5 9.969022e+03 9.995140e+03 9.939323e+03 9.913205e+03
15.5 1.002029e+04 1.000850e+04 9.941591e+03 9.953384e+03
16.5 1.003268e+04 1.001479e+04 9.943826e+03 9.961719e+03
17.5 1.002192e+04 1.001539e+04 9.945562e+03 9.952092e+03
18.5 9.979929e+03 9.992812e+03 9.946715e+03 9.933832e+03
19.5 9.921099e+03 9.947839e+03 9.947395e+03 9.920654e+03
20.5 9.855178e+03 9.907744e+03 9.947758e+03 9.895192e+03
0.1 9.926266e+03 9.951126e+03 1.001284e+04 9.987984e+03
1.1 9.969752e+03 9.969285e+03 1.000968e+04 1.001015e+04
2.1 9.983301e+03 9.978197e+03 1.000523e+04 1.001034e+04
3.1 9.981773e+03 9.988492e+03 1.002383e+04 1.001711e+04
4.1 9.966323e+03 9.993152e+03 1.003667e+04 1.000984e+04
5.1 9.985010e+03 9.995140e+03 1.001711e+04 1.000698e+04
6.1 9.984405e+03 9.974690e+03 9.984331e+03 9.994045e+03
7.1 9.935765e+03 9.935680e+03 9.959077e+03 9.959161e+03
8.1 9.889823e+03 9.905893e+03 9.945114e+03 9.929044e+03
9.1 9.947150e+03 9.919491e+03 9.939190e+03 9.966850e+03
10.1 9.992034e+03 9.963358e+03 9.938008e+03 9.966685e+03
11.1 9.969022e+03 9.995140e+03 9.939323e+03 9.913205e+03
12.1 1.002029e+04 1.000850e+04 9.941591e+03 9.953384e+03
13.1 1.003268e+04 1.001479e+04 9.943826e+03 9.961719e+03
14.1 1.002192e+04 1.001539e+04 9.945562e+03 9.952092e+03
15.1 9.979929e+03 9.992812e+03 9.946715e+03 9.933832e+03
16.1 9.921099e+03 9.947839e+03 9.947395e+03 9.920654e+03
17.1 9.855178e+03 9.907744e+03 9.947758e+03 9.895192e+03
18.1 9.881201e+03 9.884462e+03 9.947938e+03 9.944677e+03
19.1 9.915130e+03 9.887608e+03 9.948021e+03 9.975543e+03
20.1 9.956501e+03 9.918603e+03 9.948056e+03 9.985954e+03
0.3 9.977537e+03 9.987304e+03 9.948081e+03 9.938313e+03
1.3 9.971842e+03 9.976710e+03 9.951705e+03 9.946837e+03
2.3 9.944827e+03 9.966877e+03 9.977321e+03 9.955270e+03
3.3 9.957984e+03 9.970370e+03 1.001068e+04 9.998297e+03
4.3 9.989848e+03 9.980487e+03 1.001234e+04 1.002170e+04
5.3 1.004803e+04 9.984326e+03 9.990229e+03 1.005393e+04
6.3 1.004339e+04 9.984304e+03 9.967755e+03 1.002684e+04
7.3 9.973824e+03 9.982284e+03 9.953164e+03 9.944705e+03
8.3 9.969157e+03 9.983778e+03 9.945453e+03 9.930832e+03
9.3 9.955799e+03 9.972245e+03 9.942281e+03 9.925834e+03
10.3 9.961796e+03 9.943629e+03 9.941895e+03 9.960062e+03
11.3 9.970196e+03 9.940259e+03 9.942956e+03 9.972893e+03
12.3 1.004797e+04 9.958444e+03 9.944464e+03 1.003399e+04
13.3 1.006280e+04 9.971600e+03 9.945823e+03 1.003702e+04
14.3 9.963590e+03 9.954061e+03 9.946805e+03 9.956334e+03
15.3 9.943949e+03 9.942139e+03 9.947419e+03 9.949228e+03
16.3 9.966018e+03 9.949950e+03 9.947761e+03 9.963828e+03
17.3 1.001833e+04 9.966529e+03 9.947935e+03 9.999737e+03
18.3 9.979236e+03 9.967752e+03 9.948018e+03 9.959502e+03
19.3 9.913094e+03 9.940929e+03 9.948054e+03 9.920219e+03
20.3 9.840313e+03 9.911878e+03 9.948070e+03 9.876505e+03
0.3 9.996441e+03 9.992987e+03 9.948080e+03 9.951534e+03
1.3 9.978898e+03 9.961692e+03 9.951374e+03 9.968581e+03
2.3 9.935970e+03 9.945596e+03 9.974377e+03 9.964751e+03
3.3 9.974908e+03 9.951244e+03 9.994565e+03 1.001823e+04
4.3 9.966867e+03 9.958415e+03 9.988589e+03 9.997040e+03
5.3 9.917276e+03 9.940633e+03 9.971680e+03 9.948323e+03
6.3 9.834274e+03 9.918221e+03 9.963375e+03 9.879428e+03
7.3 9.880999e+03 9.923668e+03 9.980742e+03 9.938073e+03
8.3 9.954615e+03 9.945346e+03 9.992529e+03 1.000180e+04
9.3 1.000654e+04 9.956878e+03 9.981728e+03 1.003139e+04
10.3 9.989598e+03 9.939305e+03 9.964837e+03 1.001513e+04
11.3 9.903399e+03 9.912844e+03 9.952807e+03 9.943362e+03
12.3 9.880226e+03 9.893647e+03 9.946399e+03 9.932978e+03
13.3 9.883054e+03 9.883482e+03 9.943672e+03 9.943244e+03
14.3 9.898458e+03 9.882655e+03 9.943129e+03 9.958932e+03
15.3 9.988445e+03 9.910091e+03 9.943788e+03 1.002214e+04
16.3 1.006470e+04 9.954379e+03 9.944917e+03 1.005524e+04
17.3 1.000777e+04 9.987383e+03 9.946024e+03 9.966413e+03
18.3 9.921379e+03 9.990395e+03 9.946876e+03 9.877860e+03
19.3 9.902363e+03 9.976613e+03 9.947435e+03 9.873186e+03
20.3 9.936308e+03 9.977244e+03 9.947760e+03 9.906824e+03
0.5 9.917276e+03 9.940633e+03 9.971680e+03 9.948323e+03
1.5 9.834274e+03 9.918221e+03 9.963375e+03 9.879428e+03
2.5 9.880999e+03 9.923668e+03 9.980742e+03 9.938073e+03
3.5 9.954615e+03 9.945346e+03 9.992529e+03 1.000180e+04
4.5 1.000654e+04 9.956878e+03 9.981728e+03 1.003139e+04
5.5 9.989598e+03 9.939305e+03 9.964837e+03 1.001513e+04
6.5 9.903399e+03 9.912844e+03 9.952807e+03 9.943362e+03
7.5 9.880226e+03 9.893647e+03 9.946399e+03 9.932978e+03
8.5 9.883054e+03 9.883482e+03 9.943672e+03 9.943244e+03
9.5 9.898458e+03 9.882655e+03 9.943129e+03 9.958932e+03
10.5 9.988445e+03 9.910091e+03 9.943788e+03 1.002214e+04
11.5 1.006470e+04 9.954379e+03 9.944917e+03 1.005524e+04
12.5 1.000777e+04 9.987383e+03 9.946024e+03 9.966413e+03
13.5 9.921379e+03 9.990395e+03 9.946876e+03 9.877860e+03
14.5 9.902363e+03 9.976613e+03 9.947435e+03 9.873186e+03
15.5 9.936308e+03 9.977244e+03 9.947760e+03 9.906824e+03
16.5 9.927761e+03 9.981072e+03 9.947932e+03 9.894621e+03
17.5 9.971990e+03 9.988327e+03 9.948015e+03 9.931678e+03
18.5 9.986025e+03 9.998336e+03 9.948053e+03 9.935742e+03
19.5 1.001016e+04 1.000407e+04 9.948069e+03 9.954165e+03
20.5 9.989422e+03 9.998157e+03 9.948075e+03 9.939340e+03
0.6 9.888399e+03 9.880972e+03 9.948134e+03 9.955561e+03
1.6 9.920450e+03 9.885696e+03 9.955671e+03 9.990426e+03
2.6 9.939342e+03 9.913955e+03 9.982422e+03 1.000781e+04
3.6 9.979361e+03 9.951629e+03 9.995220e+03 1.002295e+04
4.6 1.000353e+04 9.969718e+03 9.984001e+03 1.001781e+04
5.6 9.976032e+03 9.956107e+03 9.967119e+03 9.987044e+03
6.6 9.973606e+03 9.953403e+03 9.954879e+03 9.975082e+03
7.6 9.955224e+03 9.963006e+03 9.947971e+03 9.940189e+03
8.6 9.956518e+03 9.972436e+03 9.944732e+03 9.928813e+03
9.6 9.955136e+03 9.961007e+03 9.943815e+03 9.937944e+03
10.6 9.943974e+03 9.930690e+03 9.944233e+03 9.957517e+03
11.6 9.910585e+03 9.903123e+03 9.945204e+03 9.952666e+03
12.6 9.907937e+03 9.886612e+03 9.946204e+03 9.967528e+03
13.6 9.904788e+03 9.879207e+03 9.946982e+03 9.972563e+03
14.6 9.945880e+03 9.883346e+03 9.947493e+03 1.001003e+04
15.6 9.966946e+03 9.909513e+03 9.947790e+03 1.000522e+04
16.6 1.002616e+04 9.946326e+03 9.947946e+03 1.002778e+04
17.6 1.008579e+04 9.967399e+03 9.948021e+03 1.006641e+04
18.6 9.970000e+03 9.951309e+03 9.948055e+03 9.966747e+03
19.6 9.914932e+03 9.923580e+03 9.949256e+03 9.940608e+03
20.6 9.889688e+03 9.918889e+03 9.966916e+03 9.937715e+03
1.0 9.914932e+03 9.923580e+03 9.949256e+03 9.940608e+03
2.0 9.889688e+03 9.918889e+03 9.966916e+03 9.937715e+03
3.0 9.948597e+03 9.937530e+03 9.992678e+03 1.000374e+04
4.0 9.985871e+03 9.958783e+03 9.993236e+03 1.002032e+04
5.0 9.985807e+03 9.953598e+03 9.977003e+03 1.000921e+04
6.0 9.920874e+03 9.944801e+03 9.961302e+03 9.937375e+03
7.0 9.979715e+03 9.965673e+03 9.951351e+03 9.965392e+03
8.0 9.978157e+03 9.990891e+03 9.946136e+03 9.933402e+03
9.0 1.004451e+04 1.000309e+04 9.944009e+03 9.985435e+03
10.0 9.962487e+03 9.989843e+03 9.945317e+03 9.917962e+03
11.0 9.937891e+03 9.969163e+03 9.965059e+03 9.933786e+03
12.0 9.949168e+03 9.963434e+03 9.991017e+03 9.976751e+03
13.0 9.923810e+03 9.966219e+03 9.991017e+03 9.948607e+03
14.0 9.911988e+03 9.949107e+03 9.975127e+03 9.938008e+03
15.0 9.848292e+03 9.918637e+03 9.960132e+03 9.889786e+03
16.0 9.853415e+03 9.894397e+03 9.950730e+03 9.909749e+03
17.0 9.840530e+03 9.881421e+03 9.945849e+03 9.904959e+03
18.0 9.894356e+03 9.876577e+03 9.943914e+03 9.961693e+03
19.0 9.899691e+03 9.876278e+03 9.943793e+03 9.967207e+03
0.1 1.004451e+04 1.000309e+04 9.944009e+03 9.985435e+03
1.1 9.962487e+03 9.989843e+03 9.945317e+03 9.917962e+03
2.1 9.937891e+03 9.969163e+03 9.965059e+03 9.933786e+03
3.1 9.949168e+03 9.963434e+03 9.991017e+03 9.976751e+03
4.1 9.923810e+03 9.966219e+03 9.991017e+03 9.948607e+03
5.1 9.911988e+03 9.949107e+03 9.975127e+03 9.938008e+03
6.1 9.848292e+03 9.918637e+03 9.960132e+03 9.889786e+03
7.1 9.853415e+03 9.894397e+03 9.950730e+03 9.909749e+03
8.1 9.840530e+03 9.881421e+03 9.945849e+03 9.904959e+03
9.1 9.894356e+03 9.876577e+03 9.943914e+03 9.961693e+03
10.1 9.899691e+03 9.876278e+03 9.943793e+03 9.967207e+03
