0.8 9.412369e+03 9.438716e+03 9.427607e+03 9.401260e+03
1.8 9.384006e+03 9.437832e+03 9.433800e+03 9.379974e+03
2.8 9.404751e+03 9.440487e+03 9.447003e+03 9.411267e+03
3.8 9.456844e+03 9.441916e+03 9.449925e+03 9.464852e+03
4.8 9.425698e+03 9.435125e+03 9.442955e+03 9.433528e+03
5.8 9.401376e+03 9.422385e+03 9.435026e+03 9.414017e+03
6.8 9.384413e+03 9.411551e+03 9.429719e+03 9.402581e+03
7.8 9.413386e+03 9.408861e+03 9.426842e+03 9.431367e+03
8.8 9.429667e+03 9.420073e+03 9.425582e+03 9.435176e+03
9.8 9.446688e+03 9.435286e+03 9.425330e+03 9.436732e+03
10.8 9.458647e+03 9.442322e+03 9.425631e+03 9.441956e+03
11.8 9.444373e+03 9.439468e+03 9.426128e+03 9.431033e+03
12.8 9.430823e+03 9.428613e+03 9.426598e+03 9.428808e+03
13.8 9.424297e+03 9.425066e+03 9.426947e+03 9.426178e+03
14.8 9.428916e+03 9.432147e+03 9.427169e+03 9.423938e+03
15.8 9.449945e+03 9.437438e+03 9.427294e+03 9.439801e+03
16.8 9.443294e+03 9.434854e+03 9.427359e+03 9.435799e+03
17.8 9.410564e+03 9.426459e+03 9.427390e+03 9.411494e+03
18.8 9.430298e+03 9.432414e+03 9.427403e+03 9.425287e+03
19.8 9.444601e+03 9.452561e+03 9.427409e+03 9.419449e+03
20.8 9.487357e+03 9.462491e+03 9.427411e+03 9.452277e+03
21.8 9.513659e+03 9.453725e+03 9.427413e+03 9.487347e+03
0.4 9.435794e+03 9.439540e+03 9.427416e+03 9.423670e+03
1.4 9.448854e+03 9.436960e+03 9.429682e+03 9.441575e+03
2.4 9.437222e+03 9.439175e+03 9.443005e+03 9.441052e+03
3.4 9.440106e+03 9.447458e+03 9.462069e+03 9.454717e+03
4.4 9.456932e+03 9.449961e+03 9.468069e+03 9.475041e+03
5.4 9.458581e+03 9.444166e+03 9.457367e+03 9.471782e+03
6.4 9.455420e+03 9.430303e+03 9.442971e+03 9.468088e+03
7.4 9.435593e+03 9.417222e+03 9.432565e+03 9.450937e+03
8.4 9.442119e+03 9.419217e+03 9.426743e+03 9.449645e+03
9.4 9.445010e+03 9.434989e+03 9.424133e+03 9.434154e+03
10.4 9.467562e+03 9.445372e+03 9.423522e+03 9.445711e+03
11.4 9.492025e+03 9.442432e+03 9.424007e+03 9.473600e+03
12.4 9.466778e+03 9.430322e+03 9.424909e+03 9.461365e+03
13.4 9.415254e+03 9.421590e+03 9.425795e+03 9.419459e+03
14.4 9.410694e+03 9.427299e+03 9.426472e+03 9.409866e+03
15.4 9.422420e+03 9.438059e+03 9.426912e+03 9.411272e+03
16.4 9.467223e+03 9.442127e+03 9.427166e+03 9.452262e+03
17.4 9.489835e+03 9.437459e+03 9.427299e+03 9.479674e+03
18.4 9.453397e+03 9.425370e+03 9.427363e+03 9.455389e+03
19.4 9.401218e+03 9.416947e+03 9.427392e+03 9.411663e+03
20.4 9.396495e+03 9.424792e+03 9.427405e+03 9.399107e+03
21.4 9.427087e+03 9.436915e+03 9.427410e+03 9.417582e+03
0.4 9.446823e+03 9.435409e+03 9.427415e+03 9.438829e+03
1.4 9.437638e+03 9.423608e+03 9.429493e+03 9.443523e+03
2.4 9.440195e+03 9.424048e+03 9.441313e+03 9.457460e+03
3.4 9.457618e+03 9.430702e+03 9.450342e+03 9.477258e+03
4.4 9.461074e+03 9.432494e+03 9.446721e+03 9.475301e+03
5.4 9.421987e+03 9.425774e+03 9.438403e+03 9.434616e+03
6.4 9.413050e+03 9.425379e+03 9.431794e+03 9.419465e+03
7.4 9.434862e+03 9.433221e+03 9.427911e+03 9.429553e+03
8.4 9.469895e+03 9.438085e+03 9.426001e+03 9.457811e+03
9.4 9.447197e+03 9.434276e+03 9.425351e+03 9.438273e+03
10.4 9.416145e+03 9.423084e+03 9.425451e+03 9.418512e+03
11.4 9.399666e+03 9.413118e+03 9.426540e+03 9.413088e+03
12.4 9.413253e+03 9.415584e+03 9.436073e+03 9.433742e+03
13.4 9.422846e+03 9.431462e+03 9.455409e+03 9.446793e+03
14.4 9.428049e+03 9.444439e+03 9.468330e+03 9.451941e+03
15.4 9.451501e+03 9.446600e+03 9.462542e+03 9.467443e+03
16.4 9.433621e+03 9.437534e+03 9.448046e+03 9.444133e+03
17.4 9.418595e+03 9.428023e+03 9.435801e+03 9.426373e+03
18.4 9.425158e+03 9.437479e+03 9.428397e+03 9.416076e+03
19.4 9.448977e+03 9.456672e+03 9.424755e+03 9.417060e+03
20.4 9.490249e+03 9.462704e+03 9.423530e+03 9.451075e+03
21.4 9.493959e+03 9.452925e+03 9.423712e+03 9.464746e+03
0.1 9.416145e+03 9.423084e+03 9.425451e+03 9.418512e+03
1.1 9.399666e+03 9.413118e+03 9.426540e+03 9.413088e+03
2.1 9.413253e+03 9.415584e+03 9.436073e+03 9.433742e+03
3.1 9.422846e+03 9.431462e+03 9.455409e+03 9.446793e+03
4.1 9.428049e+03 9.444439e+03 9.468330e+03 9.451941e+03
5.1 9.451501e+03 9.446600e+03 9.462542e+03 9.467443e+03
6.1 9.433621e+03 9.437534e+03 9.448046e+03 9.444133e+03
7.1 9.418595e+03 9.428023e+03 9.435801e+03 9.426373e+03
8.1 9.425158e+03 9.437479e+03 9.428397e+03 9.416076e+03
9.1 9.448977e+03 9.456672e+03 9.424755e+03 9.417060e+03
10.1 9.490249e+03 9.462704e+03 9.423530e+03 9.451075e+03
11.1 9.493959e+03 9.452925e+03 9.423712e+03 9.464746e+03
12.1 9.444627e+03 9.434555e+03 9.424536e+03 9.434608e+03
13.1 9.402319e+03 9.425133e+03 9.425472e+03 9.402658e+03
14.1 9.395766e+03 9.431105e+03 9.426242e+03 9.390903e+03
15.1 9.413591e+03 9.438560e+03 9.426770e+03 9.401801e+03
16.1 9.458088e+03 9.440051e+03 9.427407e+03 9.445444e+03
17.1 9.458946e+03 9.439481e+03 9.434705e+03 9.454170e+03
18.1 9.435074e+03 9.441054e+03 9.447411e+03 9.441431e+03
19.1 9.422039e+03 9.440473e+03 9.448967e+03 9.430533e+03
20.1 9.403489e+03 9.431966e+03 9.441726e+03 9.413249e+03
21.1 9.405581e+03 9.420114e+03 9.434184e+03 9.419651e+03
0.9 9.458088e+03 9.440051e+03 9.427407e+03 9.445444e+03
1.9 9.458946e+03 9.439481e+03 9.434705e+03 9.454170e+03
2.9 9.435074e+03 9.441054e+03 9.447411e+03 9.441431e+03
3.9 9.422039e+03 9.440473e+03 9.448967e+03 9.430533e+03
4.9 9.403489e+03 9.431966e+03 9.441726e+03 9.413249e+03
5.9 9.405581e+03 9.420114e+03 9.434184e+03 9.419651e+03
6.9 9.413825e+03 9.423199e+03 9.429282e+03 9.419907e+03
7.9 9.422939e+03 9.441919e+03 9.426670e+03 9.407690e+03
8.9 9.440757e+03 9.452031e+03 9.425563e+03 9.414290e+03
9.9 9.416160e+03 9.446344e+03 9.425392e+03 9.395208e+03
10.9 9.418520e+03 9.432336e+03 9.425719e+03 9.411902e+03
11.9 9.421977e+03 9.429279e+03 9.426209e+03 9.418908e+03
12.9 9.428592e+03 9.432602e+03 9.426658e+03 9.422648e+03
13.9 9.404625e+03 9.430434e+03 9.426986e+03 9.401177e+03
14.9 9.384616e+03 9.421267e+03 9.427191e+03 9.390540e+03
15.9 9.372915e+03 9.414530e+03 9.427306e+03 9.385691e+03
16.9 9.426713e+03 9.421512e+03 9.427364e+03 9.432565e+03
17.9 9.456266e+03 9.430082e+03 9.427392e+03 9.453576e+03
18.9 9.471445e+03 9.429610e+03 9.427404e+03 9.469239e+03
19.9 9.450960e+03 9.421257e+03 9.427409e+03 9.457113e+03
20.9 9.418042e+03 9.412455e+03 9.427412e+03 9.432999e+03
21.9 9.408770e+03 9.406737e+03 9.427413e+03 9.429445e+03
0.2 9.410336e+03 9.403909e+03 9.427413e+03 9.433840e+03
1.2 9.418193e+03 9.404241e+03 9.428702e+03 9.442653e+03
2.2 9.461512e+03 9.415557e+03 9.439897e+03 9.485852e+03
3.2 9.497115e+03 9.433157e+03 9.456429e+03 9.520388e+03
4.2 9.451628e+03 9.442666e+03 9.458701e+03 9.467663e+03
5.2 9.422867e+03 9.440225e+03 9.448592e+03 9.431234e+03
6.2 9.409563e+03 9.436493e+03 9.437604e+03 9.410674e+03
7.2 9.422719e+03 9.441511e+03 9.430296e+03 9.411504e+03
8.2 9.422283e+03 9.445744e+03 9.426374e+03 9.402912e+03
9.2 9.444961e+03 9.444871e+03 9.424708e+03 9.424798e+03
10.2 9.436346e+03 9.447333e+03 9.424436e+03 9.413449e+03
11.2 9.435420e+03 9.451202e+03 9.424906e+03 9.409124e+03
12.2 9.419056e+03 9.445277e+03 9.425623e+03 9.399401e+03
13.2 9.396889e+03 9.431251e+03 9.426285e+03 9.391923e+03
14.2 9.384214e+03 9.427033e+03 9.426771e+03 9.383952e+03
15.2 9.400394e+03 9.435913e+03 9.427078e+03 9.391559e+03
16.2 9.413003e+03 9.438166e+03 9.427250e+03 9.402087e+03
17.2 9.433713e+03 9.431924e+03 9.427339e+03 9.429128e+03
18.2 9.449511e+03 9.432602e+03 9.427381e+03 9.444290e+03
19.2 9.434636e+03 9.440277e+03 9.427400e+03 9.421759e+03
20.2 9.425828e+03 9.443364e+03 9.427418e+03 9.409882e+03
21.2 9.440514e+03 9.442181e+03 9.430313e+03 9.428645e+03
0.5 9.425828e+03 9.443364e+03 9.427418e+03 9.409882e+03
1.5 9.440514e+03 9.442181e+03 9.430313e+03 9.428645e+03
2.5 9.443544e+03 9.444567e+03 9.444632e+03 9.443609e+03
3.5 9.435039e+03 9.450788e+03 9.463348e+03 9.447600e+03
4.5 9.430219e+03 9.450884e+03 9.467652e+03 9.446988e+03
5.5 9.436565e+03 9.443295e+03 9.456101e+03 9.449371e+03
6.5 9.434832e+03 9.429040e+03 9.441883e+03 9.447674e+03
7.5 9.435493e+03 9.422293e+03 9.431903e+03 9.445104e+03
8.5 9.433826e+03 9.428816e+03 9.426414e+03 9.431424e+03
9.5 9.442799e+03 9.435163e+03 9.424017e+03 9.431653e+03
10.5 9.472368e+03 9.434460e+03 9.423532e+03 9.461439e+03
11.5 9.446392e+03 9.425867e+03 9.424075e+03 9.444601e+03
12.5 9.415091e+03 9.424357e+03 9.424990e+03 9.415723e+03
13.5 9.418115e+03 9.432353e+03 9.425863e+03 9.411624e+03
14.5 9.431139e+03 9.437726e+03 9.426518e+03 9.419931e+03
15.5 9.428952e+03 9.434592e+03 9.426940e+03 9.421300e+03
16.5 9.407783e+03 9.423658e+03 9.427181e+03 9.411306e+03
17.5 9.406459e+03 9.412921e+03 9.427306e+03 9.420844e+03
18.5 9.387041e+03 9.406187e+03 9.427367e+03 9.408221e+03
19.5 9.406740e+03 9.406423e+03 9.427394e+03 9.427711e+03
20.5 9.430609e+03 9.417160e+03 9.427405e+03 9.440855e+03
21.5 9.449502e+03 9.426589e+03 9.427410e+03 9.450323e+03
0.9 9.421840e+03 9.459755e+03 9.427685e+03 9.389770e+03
1.9 9.452044e+03 9.452135e+03 9.434494e+03 9.434403e+03
2.9 9.469170e+03 9.446945e+03 9.447231e+03 9.469456e+03
3.9 9.453498e+03 9.441948e+03 9.449122e+03 9.460672e+03
4.9 9.410974e+03 9.431316e+03 9.441977e+03 9.421635e+03
5.9 9.397910e+03 9.417580e+03 9.434369e+03 9.414699e+03
6.9 9.383468e+03 9.407412e+03 9.429476e+03 9.405532e+03
7.9 9.400727e+03 9.407169e+03 9.431803e+03 9.425362e+03
8.9 9.421152e+03 9.422136e+03 9.447315e+03 9.446330e+03
9.9 9.438209e+03 9.439629e+03 9.464105e+03 9.462685e+03
10.9 9.458722e+03 9.446472e+03 9.464244e+03 9.476494e+03
11.9 9.439494e+03 9.445596e+03 9.451463e+03 9.445361e+03
12.9 9.430053e+03 9.446430e+03 9.438390e+03 9.422013e+03
13.9 9.423672e+03 9.446321e+03 9.429866e+03 9.407217e+03
14.9 9.438067e+03 9.442001e+03 9.425416e+03 9.421482e+03
15.9 9.434951e+03 9.430284e+03 9.423664e+03 9.428330e+03
16.9 9.399500e+03 9.416746e+03 9.423543e+03 9.406297e+03
17.9 9.399254e+03 9.410019e+03 9.424250e+03 9.413484e+03
18.9 9.431691e+03 9.418036e+03 9.425194e+03 9.438849e+03
19.9 9.445408e+03 9.430218e+03 9.426031e+03 9.441221e+03
20.9 9.445085e+03 9.436256e+03 9.426633e+03 9.435461e+03
21.9 9.414103e+03 9.431438e+03 9.427008e+03 9.409674e+03
0.7 9.383468e+03 9.407412e+03 9.429476e+03 9.405532e+03
1.7 9.400727e+03 9.407169e+03 9.431803e+03 9.425362e+03
2.7 9.421152e+03 9.422136e+03 9.447315e+03 9.446330e+03
3.7 9.438209e+03 9.439629e+03 9.464105e+03 9.462685e+03
4.7 9.458722e+03 9.446472e+03 9.464244e+03 9.476494e+03
5.7 9.439494e+03 9.445596e+03 9.451463e+03 9.445361e+03
6.7 9.430053e+03 9.446430e+03 9.438390e+03 9.422013e+03
7.7 9.423672e+03 9.446321e+03 9.429866e+03 9.407217e+03
8.7 9.438067e+03 9.442001e+03 9.425416e+03 9.421482e+03
9.7 9.434951e+03 9.430284e+03 9.423664e+03 9.428330e+03
10.7 9.399500e+03 9.416746e+03 9.423543e+03 9.406297e+03
11.7 9.399254e+03 9.410019e+03 9.424250e+03 9.413484e+03
12.7 9.431691e+03 9.418036e+03 9.425194e+03 9.438849e+03
13.7 9.445408e+03 9.430218e+03 9.426031e+03 9.441221e+03
14.7 9.445085e+03 9.436256e+03 9.426633e+03 9.435461e+03
15.7 9.414103e+03 9.431438e+03 9.427008e+03 9.409674e+03
16.7 9.384309e+03 9.420576e+03 9.427218e+03 9.390950e+03
17.7 9.378430e+03 9.411238e+03 9.427324e+03 9.394516e+03
18.7 9.397153e+03 9.405664e+03 9.427375e+03 9.418864e+03
19.7 9.405655e+03 9.403129e+03 9.427397e+03 9.429923e+03
20.7 9.404811e+03 9.406271e+03 9.427407e+03 9.425946e+03
21.7 9.426759e+03 9.420445e+03 9.427411e+03 9.433725e+03
0.9 9.449957e+03 9.427175e+03 9.427685e+03 9.450467e+03
1.9 9.425972e+03 9.424300e+03 9.434604e+03 9.436275e+03
2.9 9.429729e+03 9.434734e+03 9.452603e+03 9.447598e+03
3.9 9.426914e+03 9.446061e+03 9.467539e+03 9.448392e+03
4.9 9.468379e+03 9.447892e+03 9.464198e+03 9.484685e+03
5.9 9.425789e+03 9.439955e+03 9.450131e+03 9.435964e+03
6.9 9.406327e+03 9.435001e+03 9.437285e+03 9.408611e+03
7.9 9.400497e+03 9.436713e+03 9.429245e+03 9.393029e+03
8.9 9.379303e+03 9.434433e+03 9.425158e+03 9.370028e+03
9.9 9.380467e+03 9.424929e+03 9.423648e+03 9.379186e+03
10.9 9.385597e+03 9.414003e+03 9.423668e+03 9.395261e+03
11.9 9.410581e+03 9.406554e+03 9.424426e+03 9.428453e+03
12.9 9.401461e+03 9.402929e+03 9.425358e+03 9.423890e+03
13.9 9.403945e+03 9.401815e+03 9.426154e+03 9.428284e+03
14.9 9.400272e+03 9.402058e+03 9.426713e+03 9.424927e+03
