0.8 9.335851e+03 9.374851e+03 9.368820e+03 9.329820e+03
1.8 9.317872e+03 9.378442e+03 9.375281e+03 9.314711e+03
2.8 9.337391e+03 9.385571e+03 9.389054e+03 9.340873e+03
3.8 9.392218e+03 9.389052e+03 9.392102e+03 9.395268e+03
4.8 9.385251e+03 9.382846e+03 9.384831e+03 9.387236e+03
5.8 9.359980e+03 9.370502e+03 9.376560e+03 9.366039e+03
6.8 9.338711e+03 9.359882e+03 9.371023e+03 9.349852e+03
7.8 9.353176e+03 9.356027e+03 9.368023e+03 9.365173e+03
8.8 9.368384e+03 9.362677e+03 9.366707e+03 9.372414e+03
9.8 9.380033e+03 9.372762e+03 9.366445e+03 9.373716e+03
10.8 9.383072e+03 9.378808e+03 9.366759e+03 9.371024e+03
11.8 9.373854e+03 9.378771e+03 9.367278e+03 9.362360e+03
12.8 9.367521e+03 9.371503e+03 9.367768e+03 9.363785e+03
13.8 9.373007e+03 9.368186e+03 9.368132e+03 9.372952e+03
14.8 9.374350e+03 9.372230e+03 9.368363e+03 9.370483e+03
15.8 9.389404e+03 9.376628e+03 9.368494e+03 9.381270e+03
16.8 9.387579e+03 9.376229e+03 9.368561e+03 9.379912e+03
17.8 9.360854e+03 9.370293e+03 9.368593e+03 9.359155e+03
18.8 9.378685e+03 9.373918e+03 9.368608e+03 9.373375e+03
19.8 9.388403e+03 9.387846e+03 9.368614e+03 9.369171e+03
20.8 9.422818e+03 9.395209e+03 9.368616e+03 9.396225e+03
21.8 9.448452e+03 9.390485e+03 9.368618e+03 9.426584e+03
0.4 9.365997e+03 9.377200e+03 9.368621e+03 9.357418e+03
1.4 9.388326e+03 9.378026e+03 9.370985e+03 9.381285e+03
2.4 9.387549e+03 9.384666e+03 9.384883e+03 9.387766e+03
3.4 9.395296e+03 9.396226e+03 9.404770e+03 9.403840e+03
4.4 9.403552e+03 9.399883e+03 9.411030e+03 9.414699e+03
5.4 9.401204e+03 9.393343e+03 9.399865e+03 9.407725e+03
6.4 9.398475e+03 9.378715e+03 9.384847e+03 9.404607e+03
7.4 9.378827e+03 9.364690e+03 9.373993e+03 9.388129e+03
8.4 9.379806e+03 9.360703e+03 9.367919e+03 9.387022e+03
9.4 9.383024e+03 9.366014e+03 9.365196e+03 9.382206e+03
10.4 9.395494e+03 9.371115e+03 9.364559e+03 9.388938e+03
11.4 9.423293e+03 9.372880e+03 9.365064e+03 9.415477e+03
12.4 9.414138e+03 9.368653e+03 9.366006e+03 9.411491e+03
13.4 9.373376e+03 9.363273e+03 9.366930e+03 9.377034e+03
14.4 9.363139e+03 9.363603e+03 9.367636e+03 9.367171e+03
15.4 9.372776e+03 9.366863e+03 9.368095e+03 9.374008e+03
16.4 9.416043e+03 9.370790e+03 9.368360e+03 9.413613e+03
17.4 9.447663e+03 9.372284e+03 9.368499e+03 9.443877e+03
18.4 9.418209e+03 9.367003e+03 9.368566e+03 9.419772e+03
19.4 9.363143e+03 9.361585e+03 9.368596e+03 9.370154e+03
20.4 9.342060e+03 9.364147e+03 9.368609e+03 9.346523e+03
21.4 9.365412e+03 9.369823e+03 9.368615e+03 9.364204e+03
0.4 9.385705e+03 9.377317e+03 9.368620e+03 9.377007e+03
1.4 9.382177e+03 9.369401e+03 9.370787e+03 9.383564e+03
2.4 9.386727e+03 9.372695e+03 9.383118e+03 9.397150e+03
3.4 9.402203e+03 9.380435e+03 9.392537e+03 9.414305e+03
4.4 9.408101e+03 9.381620e+03 9.388759e+03 9.415241e+03
5.4 9.378435e+03 9.373926e+03 9.380082e+03 9.384591e+03
6.4 9.361600e+03 9.370153e+03 9.373189e+03 9.364635e+03
7.4 9.369480e+03 9.373200e+03 9.369138e+03 9.365418e+03
8.4 9.394227e+03 9.376740e+03 9.367145e+03 9.384632e+03
9.4 9.382165e+03 9.375095e+03 9.366467e+03 9.373537e+03
10.4 9.356503e+03 9.367028e+03 9.366571e+03 9.356045e+03
11.4 9.343364e+03 9.359497e+03 9.367707e+03 9.351574e+03
12.4 9.357828e+03 9.363756e+03 9.377652e+03 9.371724e+03
13.4 9.376169e+03 9.381093e+03 9.397823e+03 9.392899e+03
14.4 9.387419e+03 9.394674e+03 9.411302e+03 9.404047e+03
15.4 9.402150e+03 9.395809e+03 9.405264e+03 9.411605e+03
16.4 9.396631e+03 9.385501e+03 9.390142e+03 9.401272e+03
17.4 9.381716e+03 9.374188e+03 9.377368e+03 9.384895e+03
18.4 9.381265e+03 9.377760e+03 9.369645e+03 9.373149e+03
19.4 9.385836e+03 9.389830e+03 9.365845e+03 9.361852e+03
20.4 9.412564e+03 9.394300e+03 9.364567e+03 9.382831e+03
21.4 9.419228e+03 9.388608e+03 9.364757e+03 9.395377e+03
0.1 9.356503e+03 9.367028e+03 9.366571e+03 9.356045e+03
1.1 9.343364e+03 9.359497e+03 9.367707e+03 9.351574e+03
2.1 9.357828e+03 9.363756e+03 9.377652e+03 9.371724e+03
3.1 9.376169e+03 9.381093e+03 9.397823e+03 9.392899e+03
4.1 9.387419e+03 9.394674e+03 9.411302e+03 9.404047e+03
5.1 9.402150e+03 9.395809e+03 9.405264e+03 9.411605e+03
6.1 9.396631e+03 9.385501e+03 9.390142e+03 9.401272e+03
7.1 9.381716e+03 9.374188e+03 9.377368e+03 9.384895e+03
8.1 9.381265e+03 9.377760e+03 9.369645e+03 9.373149e+03
9.1 9.385836e+03 9.389830e+03 9.365845e+03 9.361852e+03
10.1 9.412564e+03 9.394300e+03 9.364567e+03 9.382831e+03
11.1 9.419228e+03 9.388608e+03 9.364757e+03 9.395377e+03
12.1 9.381222e+03 9.375439e+03 9.365617e+03 9.371400e+03
13.1 9.342463e+03 9.365646e+03 9.366593e+03 9.343410e+03
14.1 9.319199e+03 9.364170e+03 9.367397e+03 9.322426e+03
15.1 9.328404e+03 9.365902e+03 9.367947e+03 9.330449e+03
16.1 9.368786e+03 9.370042e+03 9.368611e+03 9.367356e+03
17.1 9.394469e+03 9.376803e+03 9.376225e+03 9.393891e+03
18.1 9.383098e+03 9.385124e+03 9.389479e+03 9.387454e+03
19.1 9.366292e+03 9.387885e+03 9.391103e+03 9.369510e+03
20.1 9.359223e+03 9.380639e+03 9.383549e+03 9.362133e+03
21.1 9.360198e+03 9.369078e+03 9.375681e+03 9.366801e+03
0.9 9.368786e+03 9.370042e+03 9.368611e+03 9.367356e+03
1.9 9.394469e+03 9.376803e+03 9.376225e+03 9.393891e+03
2.9 9.383098e+03 9.385124e+03 9.389479e+03 9.387454e+03
3.9 9.366292e+03 9.387885e+03 9.391103e+03 9.369510e+03
4.9 9.359223e+03 9.380639e+03 9.383549e+03 9.362133e+03
5.9 9.360198e+03 9.369078e+03 9.375681e+03 9.366801e+03
6.9 9.360993e+03 9.368603e+03 9.370567e+03 9.362957e+03
7.9 9.356233e+03 9.380388e+03 9.367843e+03 9.343687e+03
8.9 9.364079e+03 9.387769e+03 9.366688e+03 9.342998e+03
9.9 9.345719e+03 9.384651e+03 9.366509e+03 9.327578e+03
10.9 9.358637e+03 9.373989e+03 9.366850e+03 9.351498e+03
11.9 9.371206e+03 9.368321e+03 9.367362e+03 9.370247e+03
12.9 9.366906e+03 9.368531e+03 9.367830e+03 9.366205e+03
13.9 9.344951e+03 9.369095e+03 9.368172e+03 9.344028e+03
14.9 9.326548e+03 9.364559e+03 9.368386e+03 9.330376e+03
15.9 9.319140e+03 9.359671e+03 9.368506e+03 9.327975e+03
16.9 9.367794e+03 9.361754e+03 9.368567e+03 9.374607e+03
17.9 9.400962e+03 9.367080e+03 9.368596e+03 9.402478e+03
18.9 9.405772e+03 9.369367e+03 9.368609e+03 9.405013e+03
19.9 9.383377e+03 9.365170e+03 9.368614e+03 9.386821e+03
20.9 9.354358e+03 9.359198e+03 9.368616e+03 9.363777e+03
21.9 9.350148e+03 9.354932e+03 9.368618e+03 9.363834e+03
0.2 9.362883e+03 9.352695e+03 9.368618e+03 9.378806e+03
1.2 9.373011e+03 9.353173e+03 9.369962e+03 9.389800e+03
2.2 9.419210e+03 9.364785e+03 9.381641e+03 9.436066e+03
3.2 9.450308e+03 9.382773e+03 9.398887e+03 9.466423e+03
4.2 9.405712e+03 9.391550e+03 9.401257e+03 9.415419e+03
5.2 9.363304e+03 9.387537e+03 9.390712e+03 9.366480e+03
6.2 9.351123e+03 9.378387e+03 9.379248e+03 9.351984e+03
7.2 9.348417e+03 9.373431e+03 9.371625e+03 9.346611e+03
8.2 9.347313e+03 9.371437e+03 9.367534e+03 9.343410e+03
9.2 9.365025e+03 9.373203e+03 9.365796e+03 9.357618e+03
10.2 9.372743e+03 9.379521e+03 9.365513e+03 9.358734e+03
11.2 9.369154e+03 9.385572e+03 9.366002e+03 9.349584e+03
12.2 9.351416e+03 9.384383e+03 9.366750e+03 9.333783e+03
13.2 9.340502e+03 9.375488e+03 9.367441e+03 9.332454e+03
14.2 9.335575e+03 9.371791e+03 9.367948e+03 9.331732e+03
15.2 9.346029e+03 9.377379e+03 9.368268e+03 9.336918e+03
16.2 9.348561e+03 9.379824e+03 9.368448e+03 9.337185e+03
17.2 9.368846e+03 9.375517e+03 9.368541e+03 9.361870e+03
18.2 9.385852e+03 9.374492e+03 9.368585e+03 9.379945e+03
19.2 9.375786e+03 9.378213e+03 9.368604e+03 9.366177e+03
20.2 9.362139e+03 9.380313e+03 9.368623e+03 9.350449e+03
21.2 9.378062e+03 9.381931e+03 9.371643e+03 9.367774e+03
0.5 9.362139e+03 9.380313e+03 9.368623e+03 9.350449e+03
1.5 9.378062e+03 9.381931e+03 9.371643e+03 9.367774e+03
2.5 9.394254e+03 9.388730e+03 9.386581e+03 9.392105e+03
3.5 9.389104e+03 9.398704e+03 9.406105e+03 9.396505e+03
4.5 9.372355e+03 9.400322e+03 9.410595e+03 9.382628e+03
5.5 9.373630e+03 9.392278e+03 9.398545e+03 9.379897e+03
6.5 9.366406e+03 9.377221e+03 9.383712e+03 9.372897e+03
7.5 9.370519e+03 9.365876e+03 9.373302e+03 9.377945e+03
8.5 9.366015e+03 9.363136e+03 9.367575e+03 9.370454e+03
9.5 9.368220e+03 9.365439e+03 9.365075e+03 9.367856e+03
10.5 9.392952e+03 9.368352e+03 9.364569e+03 9.389168e+03
11.5 9.374590e+03 9.365257e+03 9.365136e+03 9.374469e+03
12.5 9.347549e+03 9.363012e+03 9.366090e+03 9.350627e+03
13.5 9.340082e+03 9.364967e+03 9.367000e+03 9.342116e+03
14.5 9.351952e+03 9.369451e+03 9.367684e+03 9.350185e+03
15.5 9.352492e+03 9.371270e+03 9.368124e+03 9.349345e+03
16.5 9.350315e+03 9.366156e+03 9.368376e+03 9.352535e+03
17.5 9.352734e+03 9.359426e+03 9.368506e+03 9.361814e+03
18.5 9.337169e+03 9.354780e+03 9.368569e+03 9.350958e+03
19.5 9.349608e+03 9.353815e+03 9.368598e+03 9.364390e+03
20.5 9.369934e+03 9.357859e+03 9.368610e+03 9.380684e+03
21.5 9.381498e+03 9.364169e+03 9.368615e+03 9.385944e+03
0.9 9.352741e+03 9.394837e+03 9.368902e+03 9.326806e+03
1.9 9.390378e+03 9.392126e+03 9.376004e+03 9.374257e+03
2.9 9.418327e+03 9.391997e+03 9.389292e+03 9.415622e+03
3.9 9.401145e+03 9.389413e+03 9.391265e+03 9.402996e+03
4.9 9.366525e+03 9.379555e+03 9.383811e+03 9.370781e+03
5.9 9.346051e+03 9.366225e+03 9.375875e+03 9.355700e+03
6.9 9.327296e+03 9.356198e+03 9.370770e+03 9.341869e+03
7.9 9.344899e+03 9.356043e+03 9.373198e+03 9.362054e+03
8.9 9.367614e+03 9.371479e+03 9.389379e+03 9.385515e+03
9.9 9.383361e+03 9.389435e+03 9.406895e+03 9.400821e+03
10.9 9.395620e+03 9.395539e+03 9.407039e+03 9.407120e+03
11.9 9.380544e+03 9.390895e+03 9.393707e+03 9.383355e+03
12.9 9.365237e+03 9.382745e+03 9.380069e+03 9.362561e+03
13.9 9.354744e+03 9.376319e+03 9.371177e+03 9.349603e+03
14.9 9.371647e+03 9.373986e+03 9.366534e+03 9.364195e+03
15.9 9.372277e+03 9.368262e+03 9.364707e+03 9.368722e+03
16.9 9.354953e+03 9.360114e+03 9.364581e+03 9.359420e+03
17.9 9.350005e+03 9.355947e+03 9.365318e+03 9.359377e+03
18.9 9.375829e+03 9.361701e+03 9.366303e+03 9.380432e+03
19.9 9.384964e+03 9.370540e+03 9.367176e+03 9.381600e+03
20.9 9.373610e+03 9.376573e+03 9.367804e+03 9.364841e+03
21.9 9.349402e+03 9.374229e+03 9.368196e+03 9.343368e+03
0.7 9.327296e+03 9.356198e+03 9.370770e+03 9.341869e+03
1.7 9.344899e+03 9.356043e+03 9.373198e+03 9.362054e+03
2.7 9.367614e+03 9.371479e+03 9.389379e+03 9.385515e+03
3.7 9.383361e+03 9.389435e+03 9.406895e+03 9.400821e+03
4.7 9.395620e+03 9.395539e+03 9.407039e+03 9.407120e+03
5.7 9.380544e+03 9.390895e+03 9.393707e+03 9.383355e+03
6.7 9.365237e+03 9.382745e+03 9.380069e+03 9.362561e+03
7.7 9.354744e+03 9.376319e+03 9.371177e+03 9.349603e+03
8.7 9.371647e+03 9.373986e+03 9.366534e+03 9.364195e+03
9.7 9.372277e+03 9.368262e+03 9.364707e+03 9.368722e+03
10.7 9.354953e+03 9.360114e+03 9.364581e+03 9.359420e+03
11.7 9.350005e+03 9.355947e+03 9.365318e+03 9.359377e+03
12.7 9.375829e+03 9.361701e+03 9.366303e+03 9.380432e+03
13.7 9.384964e+03 9.370540e+03 9.367176e+03 9.381600e+03
14.7 9.373610e+03 9.376573e+03 9.367804e+03 9.364841e+03
15.7 9.349402e+03 9.374229e+03 9.368196e+03 9.343368e+03
16.7 9.329870e+03 9.366050e+03 9.368414e+03 9.332234e+03
17.7 9.330536e+03 9.358526e+03 9.368525e+03 9.340536e+03
18.7 9.341937e+03 9.353900e+03 9.368578e+03 9.356615e+03
19.7 9.347148e+03 9.351707e+03 9.368601e+03 9.364042e+03
20.7 9.346014e+03 9.352914e+03 9.368611e+03 9.361711e+03
21.7 9.358798e+03 9.360016e+03 9.368616e+03 9.367398e+03
0.9 9.386366e+03 9.368955e+03 9.368902e+03 9.386313e+03
1.9 9.374578e+03 9.370048e+03 9.376119e+03 9.380650e+03
2.9 9.376756e+03 9.383368e+03 9.394896e+03 9.388283e+03
3.9 9.364066e+03 9.396276e+03 9.410476e+03 9.378266e+03
4.9 9.399028e+03 9.397686e+03 9.406991e+03 9.408333e+03
5.9 9.370626e+03 9.388191e+03 9.392317e+03 9.374752e+03
6.9 9.345971e+03 9.377734e+03 9.378916e+03 9.347153e+03
7.9 9.330348e+03 9.372906e+03 9.370529e+03 9.327971e+03
8.9 9.312634e+03 9.371070e+03 9.366266e+03 9.307829e+03
9.9 9.314721e+03 9.365891e+03 9.364690e+03 9.313520e+03
10.9 9.323313e+03 9.358788e+03 9.364711e+03 9.329236e+03
11.9 9.346941e+03 9.353652e+03 9.365501e+03 9.358791e+03
12.9 9.350738e+03 9.351201e+03 9.366474e+03 9.366011e+03
13.9 9.361410e+03 9.350533e+03 9.367305e+03 9.378182e+03
14.9 9.364686e+03 9.350776e+03 9.367887e+03 9.381797e+03
