0.4 1.040887e+04 1.042689e+04 1.040189e+04 1.038388e+04
1.4 1.045579e+04 1.044562e+04 1.041604e+04 1.042621e+04
2.4 1.052425e+04 1.046546e+04 1.046089e+04 1.051967e+04
3.4 1.046885e+04 1.044711e+04 1.047397e+04 1.049571e+04
4.4 1.043613e+04 1.040421e+04 1.045263e+04 1.048455e+04
5.4 1.038494e+04 1.036788e+04 1.042712e+04 1.044418e+04
6.4 1.038647e+04 1.034685e+04 1.040991e+04 1.044952e+04
7.4 1.032789e+04 1.033768e+04 1.040051e+04 1.039071e+04
8.4 1.036852e+04 1.034479e+04 1.039629e+04 1.042003e+04
9.4 1.039775e+04 1.037966e+04 1.039533e+04 1.041342e+04
10.4 1.039317e+04 1.041918e+04 1.039619e+04 1.037019e+04
11.4 1.046832e+04 1.045354e+04 1.039774e+04 1.041252e+04
12.4 1.048896e+04 1.045305e+04 1.039923e+04 1.043514e+04
13.4 1.048717e+04 1.044407e+04 1.040035e+04 1.044345e+04
14.4 1.050309e+04 1.045108e+04 1.040107e+04 1.045308e+04
15.4 1.049307e+04 1.045348e+04 1.040148e+04 1.044107e+04
16.4 1.045241e+04 1.042497e+04 1.040169e+04 1.042913e+04
17.4 1.041752e+04 1.040375e+04 1.040179e+04 1.041556e+04
18.4 1.039192e+04 1.040311e+04 1.040196e+04 1.039077e+04
19.4 1.044053e+04 1.041641e+04 1.042053e+04 1.044465e+04
20.4 1.048172e+04 1.044426e+04 1.046482e+04 1.050228e+04
0.5 1.039192e+04 1.040311e+04 1.040196e+04 1.039077e+04
1.5 1.044053e+04 1.041641e+04 1.042053e+04 1.044465e+04
2.5 1.048172e+04 1.044426e+04 1.046482e+04 1.050228e+04
3.5 1.045620e+04 1.045105e+04 1.047266e+04 1.047781e+04
4.5 1.044130e+04 1.044294e+04 1.044950e+04 1.044786e+04
5.5 1.043794e+04 1.043848e+04 1.042468e+04 1.042415e+04
6.5 1.048147e+04 1.044654e+04 1.040849e+04 1.044342e+04
7.5 1.043357e+04 1.042579e+04 1.039981e+04 1.040758e+04
8.5 1.040114e+04 1.038998e+04 1.039604e+04 1.040721e+04
9.5 1.036597e+04 1.037690e+04 1.039536e+04 1.038444e+04
10.5 1.039846e+04 1.039022e+04 1.039636e+04 1.040459e+04
11.5 1.045498e+04 1.041021e+04 1.040912e+04 1.045388e+04
12.5 1.051998e+04 1.044162e+04 1.045509e+04 1.053345e+04
13.5 1.048832e+04 1.043887e+04 1.047324e+04 1.052268e+04
14.5 1.039228e+04 1.041136e+04 1.045423e+04 1.043515e+04
15.5 1.037520e+04 1.039947e+04 1.042868e+04 1.040441e+04
16.5 1.039636e+04 1.040193e+04 1.041088e+04 1.040530e+04
17.5 1.045143e+04 1.041999e+04 1.040101e+04 1.043244e+04
18.5 1.050228e+04 1.043468e+04 1.039647e+04 1.046408e+04
19.5 1.046828e+04 1.041390e+04 1.039531e+04 1.044969e+04
20.5 1.037632e+04 1.038589e+04 1.039608e+04 1.038650e+04
0.3 1.039846e+04 1.039022e+04 1.039636e+04 1.040459e+04
1.3 1.045498e+04 1.041021e+04 1.040912e+04 1.045388e+04
2.3 1.051998e+04 1.044162e+04 1.045509e+04 1.053345e+04
3.3 1.048832e+04 1.043887e+04 1.047324e+04 1.052268e+04
4.3 1.039228e+04 1.041136e+04 1.045423e+04 1.043515e+04
5.3 1.037520e+04 1.039947e+04 1.042868e+04 1.040441e+04
6.3 1.039636e+04 1.040193e+04 1.041088e+04 1.040530e+04
7.3 1.045143e+04 1.041999e+04 1.040101e+04 1.043244e+04
8.3 1.050228e+04 1.043468e+04 1.039647e+04 1.046408e+04
9.3 1.046828e+04 1.041390e+04 1.039531e+04 1.044969e+04
10.3 1.037632e+04 1.038589e+04 1.039608e+04 1.038650e+04
11.3 1.038412e+04 1.038384e+04 1.039760e+04 1.039789e+04
12.3 1.042324e+04 1.040001e+04 1.040692e+04 1.043015e+04
13.3 1.044430e+04 1.043529e+04 1.045114e+04 1.046015e+04
14.3 1.046430e+04 1.045359e+04 1.047425e+04 1.048497e+04
15.3 1.043318e+04 1.045153e+04 1.045761e+04 1.043926e+04
16.3 1.042746e+04 1.044333e+04 1.043149e+04 1.041562e+04
17.3 1.047805e+04 1.045115e+04 1.041255e+04 1.043946e+04
18.3 1.046888e+04 1.044000e+04 1.040186e+04 1.043074e+04
19.3 1.041941e+04 1.040296e+04 1.039681e+04 1.041326e+04
20.3 1.038999e+04 1.037048e+04 1.039533e+04 1.041484e+04
0.2 1.038412e+04 1.038384e+04 1.039760e+04 1.039789e+04
1.2 1.042324e+04 1.040001e+04 1.040692e+04 1.043015e+04
2.2 1.044430e+04 1.043529e+04 1.045114e+04 1.046015e+04
3.2 1.046430e+04 1.045359e+04 1.047425e+04 1.048497e+04
4.2 1.043318e+04 1.045153e+04 1.045761e+04 1.043926e+04
5.2 1.042746e+04 1.044333e+04 1.043149e+04 1.041562e+04
6.2 1.047805e+04 1.045115e+04 1.041255e+04 1.043946e+04
7.2 1.046888e+04 1.044000e+04 1.040186e+04 1.043074e+04
8.2 1.041941e+04 1.040296e+04 1.039681e+04 1.041326e+04
9.2 1.038999e+04 1.037048e+04 1.039533e+04 1.041484e+04
10.2 1.044379e+04 1.037251e+04 1.039594e+04 1.046722e+04
11.2 1.045556e+04 1.040045e+04 1.039742e+04 1.045253e+04
12.2 1.045378e+04 1.043526e+04 1.039896e+04 1.041747e+04
13.2 1.050470e+04 1.045908e+04 1.040016e+04 1.044579e+04
14.2 1.049033e+04 1.046262e+04 1.040096e+04 1.042866e+04
15.2 1.047514e+04 1.046869e+04 1.040142e+04 1.040787e+04
16.2 1.045884e+04 1.045741e+04 1.040166e+04 1.040308e+04
17.2 1.038095e+04 1.041665e+04 1.040177e+04 1.036608e+04
18.2 1.035868e+04 1.037557e+04 1.040183e+04 1.038494e+04
19.2 1.035526e+04 1.035004e+04 1.040185e+04 1.040707e+04
20.2 1.040308e+04 1.034687e+04 1.040186e+04 1.045807e+04
0.6 1.041999e+04 1.036539e+04 1.040208e+04 1.045668e+04
1.6 1.045665e+04 1.039813e+04 1.042299e+04 1.048151e+04
2.6 1.048705e+04 1.043904e+04 1.046657e+04 1.051458e+04
3.6 1.047672e+04 1.045187e+04 1.047184e+04 1.049670e+04
4.6 1.044648e+04 1.044574e+04 1.044794e+04 1.044868e+04
5.6 1.047530e+04 1.045299e+04 1.042351e+04 1.044582e+04
6.6 1.044348e+04 1.044664e+04 1.040782e+04 1.040466e+04
7.6 1.041607e+04 1.042874e+04 1.039948e+04 1.038680e+04
8.6 1.041047e+04 1.042003e+04 1.039594e+04 1.038637e+04
9.6 1.046999e+04 1.043384e+04 1.039539e+04 1.043153e+04
10.6 1.051329e+04 1.044513e+04 1.039644e+04 1.046460e+04
11.6 1.047739e+04 1.044057e+04 1.039801e+04 1.043484e+04
12.6 1.041830e+04 1.043115e+04 1.039946e+04 1.038661e+04
13.6 1.045033e+04 1.043911e+04 1.040050e+04 1.041172e+04
14.6 1.043361e+04 1.043858e+04 1.040116e+04 1.039619e+04
15.6 1.042536e+04 1.041070e+04 1.040153e+04 1.041618e+04
16.6 1.040744e+04 1.039280e+04 1.040171e+04 1.041635e+04
17.6 1.044159e+04 1.040305e+04 1.040180e+04 1.044034e+04
18.6 1.049489e+04 1.042652e+04 1.040184e+04 1.047021e+04
19.6 1.043942e+04 1.041703e+04 1.040185e+04 1.042424e+04
20.6 1.040355e+04 1.040205e+04 1.040186e+04 1.040336e+04
0.6 1.037262e+04 1.040444e+04 1.040203e+04 1.037021e+04
1.6 1.040842e+04 1.041175e+04 1.042175e+04 1.041842e+04
2.6 1.040324e+04 1.043701e+04 1.046572e+04 1.043195e+04
3.6 1.037667e+04 1.042555e+04 1.047226e+04 1.042338e+04
4.6 1.031372e+04 1.039531e+04 1.044872e+04 1.036713e+04
5.6 1.036269e+04 1.038588e+04 1.042479e+04 1.040160e+04
6.6 1.042250e+04 1.040827e+04 1.043581e+04 1.045004e+04
7.6 1.048461e+04 1.043533e+04 1.046802e+04 1.051730e+04
8.6 1.044546e+04 1.042062e+04 1.046351e+04 1.048836e+04
9.6 1.037422e+04 1.038727e+04 1.043757e+04 1.042451e+04
10.6 1.034567e+04 1.036108e+04 1.041525e+04 1.039984e+04
11.6 1.036656e+04 1.034660e+04 1.040235e+04 1.042231e+04
12.6 1.036241e+04 1.034216e+04 1.039628e+04 1.041654e+04
13.6 1.042015e+04 1.035660e+04 1.039433e+04 1.045788e+04
14.6 1.046995e+04 1.038339e+04 1.039475e+04 1.048131e+04
15.6 1.045719e+04 1.042083e+04 1.039630e+04 1.043267e+04
16.6 1.041469e+04 1.044115e+04 1.039808e+04 1.037162e+04
17.6 1.040459e+04 1.043176e+04 1.039956e+04 1.037240e+04
18.6 1.036021e+04 1.042292e+04 1.040059e+04 1.033789e+04
19.6 1.037040e+04 1.042065e+04 1.040122e+04 1.035097e+04
20.6 1.042118e+04 1.043924e+04 1.040156e+04 1.038349e+04
0.7 1.036269e+04 1.038588e+04 1.042479e+04 1.040160e+04
1.7 1.042250e+04 1.040827e+04 1.043581e+04 1.045004e+04
2.7 1.048461e+04 1.043533e+04 1.046802e+04 1.051730e+04
3.7 1.044546e+04 1.042062e+04 1.046351e+04 1.048836e+04
4.7 1.037422e+04 1.038727e+04 1.043757e+04 1.042451e+04
5.7 1.034567e+04 1.036108e+04 1.041525e+04 1.039984e+04
6.7 1.036656e+04 1.034660e+04 1.040235e+04 1.042231e+04
7.7 1.036241e+04 1.034216e+04 1.039628e+04 1.041654e+04
8.7 1.042015e+04 1.035660e+04 1.039433e+04 1.045788e+04
9.7 1.046995e+04 1.038339e+04 1.039475e+04 1.048131e+04
10.7 1.045719e+04 1.042083e+04 1.039630e+04 1.043267e+04
11.7 1.041469e+04 1.044115e+04 1.039808e+04 1.037162e+04
12.7 1.040459e+04 1.043176e+04 1.039956e+04 1.037240e+04
13.7 1.036021e+04 1.042292e+04 1.040059e+04 1.033789e+04
14.7 1.037040e+04 1.042065e+04 1.040122e+04 1.035097e+04
15.7 1.042118e+04 1.043924e+04 1.040156e+04 1.038349e+04
16.7 1.042703e+04 1.045409e+04 1.040174e+04 1.037467e+04
17.7 1.043153e+04 1.045758e+04 1.041300e+04 1.038695e+04
18.7 1.044480e+04 1.046888e+04 1.045754e+04 1.043346e+04
19.7 1.040436e+04 1.045073e+04 1.047464e+04 1.042828e+04
20.7 1.038966e+04 1.042257e+04 1.045496e+04 1.042205e+04
0.4 1.042703e+04 1.045409e+04 1.040174e+04 1.037467e+04
1.4 1.043153e+04 1.045758e+04 1.041300e+04 1.038695e+04
2.4 1.044480e+04 1.046888e+04 1.045754e+04 1.043346e+04
3.4 1.040436e+04 1.045073e+04 1.047464e+04 1.042828e+04
4.4 1.038966e+04 1.042257e+04 1.045496e+04 1.042205e+04
5.4 1.038011e+04 1.041872e+04 1.043683e+04 1.039822e+04
6.4 1.042390e+04 1.044213e+04 1.046190e+04 1.044366e+04
7.4 1.041808e+04 1.044374e+04 1.047431e+04 1.044865e+04
8.4 1.043135e+04 1.042916e+04 1.045266e+04 1.045485e+04
9.4 1.037593e+04 1.042072e+04 1.042514e+04 1.038035e+04
10.4 1.039618e+04 1.042545e+04 1.040685e+04 1.037758e+04
11.4 1.044599e+04 1.044281e+04 1.039764e+04 1.040081e+04
12.4 1.044598e+04 1.044405e+04 1.039407e+04 1.039599e+04
13.4 1.041043e+04 1.043582e+04 1.039375e+04 1.036836e+04
14.4 1.036875e+04 1.043504e+04 1.039510e+04 1.032881e+04
15.4 1.042045e+04 1.044356e+04 1.039701e+04 1.037390e+04
16.4 1.038501e+04 1.042216e+04 1.039877e+04 1.036162e+04
17.4 1.036046e+04 1.039603e+04 1.040008e+04 1.036451e+04
18.4 1.035540e+04 1.039067e+04 1.040092e+04 1.036565e+04
19.4 1.039558e+04 1.040687e+04 1.040140e+04 1.039011e+04
20.4 1.046532e+04 1.042901e+04 1.040165e+04 1.043796e+04
0.2 1.038966e+04 1.042257e+04 1.045496e+04 1.042205e+04
1.2 1.038011e+04 1.041872e+04 1.043683e+04 1.039822e+04
2.2 1.042390e+04 1.044213e+04 1.046190e+04 1.044366e+04
3.2 1.041808e+04 1.044374e+04 1.047431e+04 1.044865e+04
4.2 1.043135e+04 1.042916e+04 1.045266e+04 1.045485e+04
5.2 1.037593e+04 1.042072e+04 1.042514e+04 1.038035e+04
6.2 1.039618e+04 1.042545e+04 1.040685e+04 1.037758e+04
7.2 1.044599e+04 1.044281e+04 1.039764e+04 1.040081e+04
8.2 1.044598e+04 1.044405e+04 1.039407e+04 1.039599e+04
9.2 1.041043e+04 1.043582e+04 1.039375e+04 1.036836e+04
10.2 1.036875e+04 1.043504e+04 1.039510e+04 1.032881e+04
11.2 1.042045e+04 1.044356e+04 1.039701e+04 1.037390e+04
12.2 1.038501e+04 1.042216e+04 1.039877e+04 1.036162e+04
13.2 1.036046e+04 1.039603e+04 1.040008e+04 1.036451e+04
14.2 1.035540e+04 1.039067e+04 1.040092e+04 1.036565e+04
15.2 1.039558e+04 1.040687e+04 1.040140e+04 1.039011e+04
16.2 1.046532e+04 1.042901e+04 1.040165e+04 1.043796e+04
17.2 1.039326e+04 1.041656e+04 1.040177e+04 1.037847e+04
18.2 1.036141e+04 1.039881e+04 1.040183e+04 1.036443e+04
19.2 1.033885e+04 1.039717e+04 1.040185e+04 1.034353e+04
20.2 1.041784e+04 1.041765e+04 1.040186e+04 1.040205e+04
0.9 1.038123e+04 1.036281e+04 1.040359e+04 1.042201e+04
1.9 1.043595e+04 1.040247e+04 1.043644e+04 1.046992e+04
2.9 1.044798e+04 1.043349e+04 1.047288e+04 1.048737e+04
3.9 1.041019e+04 1.042324e+04 1.046645e+04 1.045340e+04
4.9 1.038849e+04 1.041010e+04 1.044111e+04 1.041950e+04
5.9 1.042104e+04 1.042380e+04 1.044714e+04 1.044438e+04
6.9 1.046045e+04 1.044310e+04 1.047380e+04 1.049115e+04
7.9 1.041483e+04 1.042579e+04 1.046504e+04 1.045408e+04
8.9 1.040112e+04 1.040743e+04 1.043696e+04 1.043066e+04
9.9 1.041999e+04 1.040706e+04 1.041389e+04 1.042682e+04
10.9 1.042350e+04 1.041721e+04 1.040095e+04 1.040724e+04
11.9 1.047397e+04 1.044187e+04 1.039518e+04 1.042729e+04
12.9 1.040668e+04 1.045677e+04 1.039361e+04 1.034352e+04
13.9 1.043224e+04 1.046004e+04 1.039435e+04 1.036656e+04
14.9 1.042115e+04 1.046767e+04 1.039612e+04 1.034960e+04
15.9 1.045049e+04 1.046530e+04 1.039801e+04 1.038320e+04
16.9 1.046296e+04 1.044815e+04 1.039954e+04 1.041436e+04
17.9 1.045502e+04 1.044853e+04 1.040059e+04 1.040708e+04
18.9 1.040591e+04 1.043598e+04 1.040122e+04 1.037114e+04
19.9 1.037348e+04 1.039954e+04 1.040156e+04 1.037550e+04
20.9 1.029777e+04 1.036544e+04 1.040173e+04 1.033406e+04
0.8 1.038849e+04 1.041010e+04 1.044111e+04 1.041950e+04
1.8 1.042104e+04 1.042380e+04 1.044714e+04 1.044438e+04
2.8 1.046045e+04 1.044310e+04 1.047380e+04 1.049115e+04
3.8 1.041483e+04 1.042579e+04 1.046504e+04 1.045408e+04
4.8 1.040112e+04 1.040743e+04 1.043696e+04 1.043066e+04
5.8 1.041999e+04 1.040706e+04 1.041389e+04 1.042682e+04
6.8 1.042350e+04 1.041721e+04 1.040095e+04 1.040724e+04
7.8 1.047397e+04 1.044187e+04 1.039518e+04 1.042729e+04
8.8 1.040668e+04 1.045677e+04 1.039361e+04 1.034352e+04
9.8 1.043224e+04 1.046004e+04 1.039435e+04 1.036656e+04
10.8 1.042115e+04 1.046767e+04 1.039612e+04 1.034960e+04
11.8 1.045049e+04 1.046530e+04 1.039801e+04 1.038320e+04
12.8 1.046296e+04 1.044815e+04 1.039954e+04 1.041436e+04
13.8 1.045502e+04 1.044853e+04 1.040059e+04 1.040708e+04
14.8 1.040591e+04 1.043598e+04 1.040122e+04 1.037114e+04
15.8 1.037348e+04 1.039954e+04 1.040156e+04 1.037550e+04
16.8 1.029777e+04 1.036544e+04 1.040173e+04 1.033406e+04
17.8 1.035743e+04 1.035229e+04 1.040181e+04 1.040695e+04
18.8 1.036948e+04 1.036733e+04 1.040184e+04 1.040399e+04
19.8 1.037201e+04 1.039103e+04 1.040186e+04 1.038284e+04
20.8 1.039833e+04 1.042153e+04 1.040186e+04 1.037866e+04
0.1 1.043003e+04 1.040933e+04 1.040186e+04 1.042257e+04
1.1 1.039232e+04 1.040923e+04 1.040758e+04 1.039068e+04
2.1 1.045269e+04 1.043438e+04 1.044884e+04 1.046716e+04
3.1 1.045046e+04 1.043972e+04 1.047506e+04 1.048580e+04
4.1 1.043202e+04 1.040985e+04 1.046026e+04 1.048243e+04
5.1 1.038602e+04 1.037586e+04 1.043374e+04 1.044389e+04
6.1 1.039231e+04 1.035372e+04 1.041391e+04 1.045250e+04
7.1 1.035057e+04 1.034277e+04 1.040256e+04 1.041036e+04
8.1 1.039348e+04 1.034281e+04 1.039709e+04 1.044775e+04
9.1 1.041706e+04 1.035982e+04 1.039536e+04 1.045260e+04
10.1 1.047437e+04 1.039732e+04 1.039583e+04 1.047289e+04
11.1 1.050249e+04 1.042922e+04 1.039728e+04 1.047055e+04
12.1 1.043990e+04 1.041830e+04 1.039884e+04 1.042044e+04
13.1 1.037758e+04 1.038974e+04 1.040008e+04 1.038791e+04
14.1 1.035450e+04 1.037839e+04 1.040091e+04 1.037702e+04
15.1 1.041327e+04 1.039221e+04 1.041080e+04 1.043186e+04
16.1 1.045453e+04 1.042968e+04 1.045498e+04 1.047984e+04
17.1 1.045033e+04 1.043587e+04 1.047484e+04 1.048931e+04
18.1 1.040725e+04 1.041640e+04 1.045646e+04 1.044732e+04
19.1 1.038578e+04 1.041026e+04 1.043032e+04 1.040585e+04
20.1 1.040516e+04 1.041426e+04 1.041182e+04 1.040272e+04
0.3 1.035450e+04 1.037839e+04 1.040091e+04 1.037702e+04
1.3 1.041327e+04 1.039221e+04 1.041080e+04 1.043186e+04
2.3 1.045453e+04 1.042968e+04 1.045498e+04 1.047984e+04
3.3 1.045033e+04 1.043587e+04 1.047484e+04 1.048931e+04
4.3 1.040725e+04 1.041640e+04 1.045646e+04 1.044732e+04
5.3 1.038578e+04 1.041026e+04 1.043032e+04 1.040585e+04
6.3 1.040516e+04 1.041426e+04 1.041182e+04 1.040272e+04
7.3 1.048974e+04 1.043378e+04 1.040148e+04 1.045743e+04
8.3 1.039564e+04 1.043933e+04 1.039665e+04 1.035296e+04
9.3 1.037316e+04 1.042442e+04 1.039533e+04 1.034408e+04
10.3 1.036636e+04 1.041988e+04 1.040720e+04 1.035368e+04
11.3 1.040234e+04 1.044130e+04 1.045321e+04 1.041425e+04
12.3 1.037615e+04 1.043527e+04 1.047182e+04 1.041270e+04
13.3 1.034254e+04 1.040052e+04 1.045332e+04 1.039534e+04
14.3 1.035125e+04 1.036776e+04 1.042816e+04 1.041164e+04
15.3 1.036266e+04 1.034827e+04 1.041061e+04 1.042500e+04
16.3 1.037116e+04 1.033953e+04 1.040088e+04 1.043251e+04
17.3 1.037908e+04 1.033720e+04 1.039641e+04 1.043830e+04
0.4 1.037316e+04 1.042442e+04 1.039533e+04 1.034408e+04
1.4 1.036636e+04 1.041988e+04 1.040720e+04 1.035368e+04
2.4 1.040234e+04 1.044130e+04 1.045321e+04 1.041425e+04
3.4 1.037615e+04 1.043527e+04 1.047182e+04 1.041270e+04
4.4 1.034254e+04 1.040052e+04 1.045332e+04 1.039534e+04
5.4 1.035125e+04 1.036776e+04 1.042816e+04 1.041164e+04
6.4 1.036266e+04 1.034827e+04 1.041061e+04 1.042500e+04
7.4 1.037116e+04 1.033953e+04 1.040088e+04 1.043251e+04
8.4 1.037908e+04 1.033720e+04 1.039641e+04 1.043830e+04
