0.7 8.292823e+03 8.245999e+03 8.237574e+03 8.284398e+03
1.7 8.223944e+03 8.222567e+03 8.243743e+03 8.245120e+03
2.7 8.167446e+03 8.218349e+03 8.264319e+03 8.213416e+03
3.7 8.174171e+03 8.226035e+03 8.285545e+03 8.233681e+03
4.7 8.243070e+03 8.240428e+03 8.285740e+03 8.288382e+03
5.7 8.298057e+03 8.248370e+03 8.269351e+03 8.319038e+03
6.7 8.256399e+03 8.229898e+03 8.252394e+03 8.278895e+03
7.7 8.181420e+03 8.209535e+03 8.241222e+03 8.213107e+03
8.7 8.167361e+03 8.217805e+03 8.235322e+03 8.184878e+03
9.7 8.237418e+03 8.238590e+03 8.232937e+03 8.231765e+03
10.7 8.248763e+03 8.256822e+03 8.232684e+03 8.224624e+03
11.7 8.270639e+03 8.265472e+03 8.233518e+03 8.238685e+03
12.7 8.247135e+03 8.273379e+03 8.234681e+03 8.208436e+03
13.7 8.271624e+03 8.276074e+03 8.235724e+03 8.231274e+03
14.7 8.272999e+03 8.277791e+03 8.236479e+03 8.231687e+03
15.7 8.260295e+03 8.259516e+03 8.236951e+03 8.237730e+03
16.7 8.196524e+03 8.223989e+03 8.237216e+03 8.209751e+03
17.7 8.210649e+03 8.197261e+03 8.237351e+03 8.250739e+03
18.7 8.276924e+03 8.214751e+03 8.237415e+03 8.299588e+03
19.7 8.309195e+03 8.262712e+03 8.237444e+03 8.283927e+03
20.7 8.295020e+03 8.293429e+03 8.237456e+03 8.239046e+03
21.7 8.340462e+03 8.303757e+03 8.237461e+03 8.274166e+03
0.9 8.172030e+03 8.175468e+03 8.237800e+03 8.234362e+03
1.9 8.243549e+03 8.174199e+03 8.246347e+03 8.315698e+03
2.9 8.271712e+03 8.193478e+03 8.267343e+03 8.345577e+03
3.9 8.291995e+03 8.218243e+03 8.277619e+03 8.351372e+03
4.9 8.304123e+03 8.243631e+03 8.268626e+03 8.329118e+03
5.9 8.269521e+03 8.263976e+03 8.254286e+03 8.259831e+03
6.9 8.263926e+03 8.276597e+03 8.243579e+03 8.230908e+03
7.9 8.282746e+03 8.283401e+03 8.237462e+03 8.236807e+03
8.9 8.249096e+03 8.270468e+03 8.234586e+03 8.213214e+03
9.9 8.235286e+03 8.256901e+03 8.233761e+03 8.212146e+03
10.9 8.245272e+03 8.256355e+03 8.234107e+03 8.223024e+03
11.9 8.273985e+03 8.264163e+03 8.234942e+03 8.244765e+03
12.9 8.327978e+03 8.270037e+03 8.235810e+03 8.293750e+03
13.9 8.318541e+03 8.276894e+03 8.236491e+03 8.278138e+03
14.9 8.289826e+03 8.281047e+03 8.236941e+03 8.245720e+03
15.9 8.287814e+03 8.281868e+03 8.237204e+03 8.243150e+03
16.9 8.260610e+03 8.266478e+03 8.237343e+03 8.231475e+03
17.9 8.238144e+03 8.235031e+03 8.237411e+03 8.240523e+03
18.9 8.238704e+03 8.226643e+03 8.237441e+03 8.249502e+03
19.9 8.297191e+03 8.240191e+03 8.237454e+03 8.294455e+03
20.9 8.294228e+03 8.252547e+03 8.237460e+03 8.279141e+03
21.9 8.269034e+03 8.238391e+03 8.237463e+03 8.268106e+03
1.0 8.327055e+03 8.260571e+03 8.238164e+03 8.304647e+03
2.0 8.219407e+03 8.225745e+03 8.248878e+03 8.242540e+03
3.0 8.141057e+03 8.218623e+03 8.272088e+03 8.194522e+03
4.0 8.187610e+03 8.223555e+03 8.287902e+03 8.251957e+03
5.0 8.268368e+03 8.240144e+03 8.280803e+03 8.309027e+03
6.0 8.267345e+03 8.254665e+03 8.262961e+03 8.275640e+03
7.0 8.252380e+03 8.263714e+03 8.247876e+03 8.236541e+03
8.0 8.245486e+03 8.272334e+03 8.238750e+03 8.211901e+03
9.0 8.207785e+03 8.258534e+03 8.234251e+03 8.183502e+03
10.0 8.181987e+03 8.227380e+03 8.232725e+03 8.187333e+03
11.0 8.195038e+03 8.227824e+03 8.232934e+03 8.200148e+03
12.0 8.267585e+03 8.266084e+03 8.233936e+03 8.235437e+03
13.0 8.296403e+03 8.293529e+03 8.235081e+03 8.237955e+03
14.0 8.218663e+03 8.288505e+03 8.236026e+03 8.166183e+03
15.0 8.227292e+03 8.254109e+03 8.236673e+03 8.209856e+03
16.0 8.199135e+03 8.234673e+03 8.237063e+03 8.201524e+03
17.0 8.207651e+03 8.237637e+03 8.237274e+03 8.207289e+03
18.0 8.183001e+03 8.244709e+03 8.237379e+03 8.175671e+03
19.0 8.139003e+03 8.228749e+03 8.237428e+03 8.147681e+03
20.0 8.114333e+03 8.207783e+03 8.237449e+03 8.144000e+03
21.0 8.196126e+03 8.211867e+03 8.237458e+03 8.221717e+03
22.0 8.259879e+03 8.232124e+03 8.237462e+03 8.265216e+03
0.1 8.298985e+03 8.265970e+03 8.237463e+03 8.270478e+03
1.1 8.242337e+03 8.270412e+03 8.238368e+03 8.210293e+03
2.1 8.232783e+03 8.254539e+03 8.249974e+03 8.228218e+03
3.1 8.169612e+03 8.245839e+03 8.273454e+03 8.197227e+03
4.1 8.189238e+03 8.243470e+03 8.288097e+03 8.233865e+03
5.1 8.261881e+03 8.254626e+03 8.279897e+03 8.287151e+03
6.1 8.261822e+03 8.276100e+03 8.261953e+03 8.247676e+03
7.1 8.282021e+03 8.293373e+03 8.247198e+03 8.235846e+03
8.1 8.308500e+03 8.292680e+03 8.238385e+03 8.254205e+03
9.1 8.255284e+03 8.264009e+03 8.234097e+03 8.225372e+03
10.1 8.220380e+03 8.246859e+03 8.232700e+03 8.206221e+03
11.1 8.215138e+03 8.260590e+03 8.232977e+03 8.187525e+03
12.1 8.176342e+03 8.272616e+03 8.234002e+03 8.137729e+03
13.1 8.226712e+03 8.261662e+03 8.235142e+03 8.200192e+03
14.1 8.267491e+03 8.256879e+03 8.236071e+03 8.246683e+03
15.1 8.275644e+03 8.266788e+03 8.236702e+03 8.245558e+03
16.1 8.218299e+03 8.273862e+03 8.237079e+03 8.181516e+03
17.1 8.266750e+03 8.277929e+03 8.237282e+03 8.226104e+03
18.1 8.234733e+03 8.280093e+03 8.237383e+03 8.192023e+03
19.1 8.246097e+03 8.284542e+03 8.237429e+03 8.198984e+03
20.1 8.250716e+03 8.283659e+03 8.237450e+03 8.204507e+03
21.1 8.254780e+03 8.275685e+03 8.237458e+03 8.216554e+03
1.0 8.256424e+03 8.244738e+03 8.238074e+03 8.249760e+03
2.0 8.196753e+03 8.218055e+03 8.248347e+03 8.227045e+03
3.0 8.209443e+03 8.214423e+03 8.269743e+03 8.264764e+03
4.0 8.227685e+03 8.226714e+03 8.277995e+03 8.278966e+03
5.0 8.305187e+03 8.240719e+03 8.267684e+03 8.332151e+03
6.0 8.247663e+03 8.229416e+03 8.254559e+03 8.272806e+03
7.0 8.161794e+03 8.218187e+03 8.257117e+03 8.200724e+03
8.0 8.211633e+03 8.221636e+03 8.272065e+03 8.262062e+03
9.0 8.242544e+03 8.237807e+03 8.273440e+03 8.278178e+03
10.0 8.238103e+03 8.246258e+03 8.260711e+03 8.252556e+03
11.0 8.164542e+03 8.227746e+03 8.247381e+03 8.184178e+03
12.0 8.171000e+03 8.202262e+03 8.238944e+03 8.207681e+03
13.0 8.140935e+03 8.184445e+03 8.234810e+03 8.191299e+03
14.0 8.185191e+03 8.180032e+03 8.238062e+03 8.243221e+03
15.0 8.242135e+03 8.193499e+03 8.253999e+03 8.302636e+03
16.0 8.267316e+03 8.219727e+03 8.261885e+03 8.309474e+03
17.0 8.257321e+03 8.235774e+03 8.256019e+03 8.277567e+03
18.0 8.211462e+03 8.230001e+03 8.246970e+03 8.228431e+03
19.0 8.241620e+03 8.235376e+03 8.240482e+03 8.246726e+03
20.0 8.303646e+03 8.251200e+03 8.236880e+03 8.289325e+03
21.0 8.300243e+03 8.256204e+03 8.235242e+03 8.279282e+03
22.0 8.300419e+03 8.238217e+03 8.234847e+03 8.297049e+03
0.2 8.305187e+03 8.240719e+03 8.267684e+03 8.332151e+03
1.2 8.247663e+03 8.229416e+03 8.254559e+03 8.272806e+03
2.2 8.161794e+03 8.218187e+03 8.257117e+03 8.200724e+03
3.2 8.211633e+03 8.221636e+03 8.272065e+03 8.262062e+03
4.2 8.242544e+03 8.237807e+03 8.273440e+03 8.278178e+03
5.2 8.238103e+03 8.246258e+03 8.260711e+03 8.252556e+03
6.2 8.164542e+03 8.227746e+03 8.247381e+03 8.184178e+03
7.2 8.171000e+03 8.202262e+03 8.238944e+03 8.207681e+03
8.2 8.140935e+03 8.184445e+03 8.234810e+03 8.191299e+03
9.2 8.185191e+03 8.180032e+03 8.238062e+03 8.243221e+03
10.2 8.242135e+03 8.193499e+03 8.253999e+03 8.302636e+03
11.2 8.267316e+03 8.219727e+03 8.261885e+03 8.309474e+03
12.2 8.257321e+03 8.235774e+03 8.256019e+03 8.277567e+03
13.2 8.211462e+03 8.230001e+03 8.246970e+03 8.228431e+03
14.2 8.241620e+03 8.235376e+03 8.240482e+03 8.246726e+03
15.2 8.303646e+03 8.251200e+03 8.236880e+03 8.289325e+03
16.2 8.300243e+03 8.256204e+03 8.235242e+03 8.279282e+03
17.2 8.300419e+03 8.238217e+03 8.234847e+03 8.297049e+03
18.2 8.245696e+03 8.235705e+03 8.235164e+03 8.245155e+03
19.2 8.241447e+03 8.255265e+03 8.235766e+03 8.221948e+03
20.2 8.217833e+03 8.270441e+03 8.236364e+03 8.183756e+03
21.2 8.276430e+03 8.281796e+03 8.236824e+03 8.231458e+03
0.6 8.140935e+03 8.184445e+03 8.234810e+03 8.191299e+03
1.6 8.185191e+03 8.180032e+03 8.238062e+03 8.243221e+03
2.6 8.242135e+03 8.193499e+03 8.253999e+03 8.302636e+03
3.6 8.267316e+03 8.219727e+03 8.261885e+03 8.309474e+03
4.6 8.257321e+03 8.235774e+03 8.256019e+03 8.277567e+03
5.6 8.211462e+03 8.230001e+03 8.246970e+03 8.228431e+03
6.6 8.241620e+03 8.235376e+03 8.240482e+03 8.246726e+03
7.6 8.303646e+03 8.251200e+03 8.236880e+03 8.289325e+03
8.6 8.300243e+03 8.256204e+03 8.235242e+03 8.279282e+03
9.6 8.300419e+03 8.238217e+03 8.234847e+03 8.297049e+03
10.6 8.245696e+03 8.235705e+03 8.235164e+03 8.245155e+03
11.6 8.241447e+03 8.255265e+03 8.235766e+03 8.221948e+03
12.6 8.217833e+03 8.270441e+03 8.236364e+03 8.183756e+03
13.6 8.276430e+03 8.281796e+03 8.236824e+03 8.231458e+03
14.6 8.221496e+03 8.299385e+03 8.237124e+03 8.159235e+03
15.6 8.263752e+03 8.317522e+03 8.237296e+03 8.183526e+03
16.6 8.223883e+03 8.317952e+03 8.237386e+03 8.143317e+03
17.6 8.294604e+03 8.302763e+03 8.237430e+03 8.229270e+03
18.6 8.318320e+03 8.285140e+03 8.237449e+03 8.270629e+03
19.6 8.321908e+03 8.276367e+03 8.237458e+03 8.282999e+03
20.6 8.241979e+03 8.254355e+03 8.237461e+03 8.225086e+03
21.6 8.208693e+03 8.217853e+03 8.237463e+03 8.228303e+03
0.7 8.286300e+03 8.271278e+03 8.237552e+03 8.252574e+03
1.7 8.286192e+03 8.277511e+03 8.243357e+03 8.252039e+03
2.7 8.249983e+03 8.268258e+03 8.263080e+03 8.244805e+03
3.7 8.241246e+03 8.257604e+03 8.277374e+03 8.261016e+03
4.7 8.268612e+03 8.258334e+03 8.271330e+03 8.281609e+03
5.7 8.265670e+03 8.241591e+03 8.256997e+03 8.281076e+03
6.7 8.182196e+03 8.211522e+03 8.245322e+03 8.215996e+03
7.7 8.146953e+03 8.193756e+03 8.238380e+03 8.191577e+03
8.7 8.209570e+03 8.210538e+03 8.234965e+03 8.233998e+03
9.7 8.276692e+03 8.239544e+03 8.233807e+03 8.270956e+03
10.7 8.295538e+03 8.262957e+03 8.233979e+03 8.266561e+03
11.7 8.218891e+03 8.256424e+03 8.234761e+03 8.197228e+03
12.7 8.182125e+03 8.226728e+03 8.235647e+03 8.191043e+03
13.7 8.135660e+03 8.198620e+03 8.236373e+03 8.173414e+03
14.7 8.160998e+03 8.181149e+03 8.236868e+03 8.216717e+03
15.7 8.182591e+03 8.172757e+03 8.237163e+03 8.246998e+03
16.7 8.159082e+03 8.176790e+03 8.237322e+03 8.219614e+03
17.7 8.213724e+03 8.202206e+03 8.237401e+03 8.248919e+03
18.7 8.245856e+03 8.236933e+03 8.237437e+03 8.246360e+03
19.7 8.269575e+03 8.254334e+03 8.237462e+03 8.252702e+03
20.7 8.279047e+03 8.240956e+03 8.240770e+03 8.278861e+03
21.7 8.249443e+03 8.231111e+03 8.257924e+03 8.276257e+03
0.5 8.269575e+03 8.254334e+03 8.237462e+03 8.252702e+03
1.5 8.279047e+03 8.240956e+03 8.240770e+03 8.278861e+03
2.5 8.249443e+03 8.231111e+03 8.257924e+03 8.276257e+03
3.5 8.206341e+03 8.232192e+03 8.275955e+03 8.250104e+03
4.5 8.214296e+03 8.243044e+03 8.274033e+03 8.245285e+03
5.5 8.222347e+03 8.239493e+03 8.260261e+03 8.243115e+03
6.5 8.203481e+03 8.216803e+03 8.247555e+03 8.234233e+03
7.5 8.204684e+03 8.194154e+03 8.239602e+03 8.250131e+03
8.5 8.182667e+03 8.180163e+03 8.235508e+03 8.238011e+03
9.5 8.170600e+03 8.173687e+03 8.233943e+03 8.230855e+03
10.5 8.202904e+03 8.175626e+03 8.237734e+03 8.265012e+03
11.5 8.263237e+03 8.192403e+03 8.253946e+03 8.324780e+03
12.5 8.275234e+03 8.222255e+03 8.263331e+03 8.316310e+03
13.5 8.291132e+03 8.244282e+03 8.258014e+03 8.304864e+03
14.5 8.203178e+03 8.233744e+03 8.248539e+03 8.217972e+03
15.5 8.180594e+03 8.211263e+03 8.241446e+03 8.210777e+03
16.5 8.183827e+03 8.208149e+03 8.237396e+03 8.213074e+03
17.5 8.233220e+03 8.225646e+03 8.235476e+03 8.243051e+03
18.5 8.272271e+03 8.246752e+03 8.234917e+03 8.260436e+03
19.5 8.280086e+03 8.242888e+03 8.235151e+03 8.272350e+03
20.5 8.245125e+03 8.233155e+03 8.235725e+03 8.247695e+03
21.5 8.243342e+03 8.248280e+03 8.236323e+03 8.231385e+03
0.5 8.170600e+03 8.173687e+03 8.233943e+03 8.230855e+03
1.5 8.202904e+03 8.175626e+03 8.237734e+03 8.265012e+03
2.5 8.263237e+03 8.192403e+03 8.253946e+03 8.324780e+03
3.5 8.275234e+03 8.222255e+03 8.263331e+03 8.316310e+03
4.5 8.291132e+03 8.244282e+03 8.258014e+03 8.304864e+03
5.5 8.203178e+03 8.233744e+03 8.248539e+03 8.217972e+03
6.5 8.180594e+03 8.211263e+03 8.241446e+03 8.210777e+03
7.5 8.183827e+03 8.208149e+03 8.237396e+03 8.213074e+03
8.5 8.233220e+03 8.225646e+03 8.235476e+03 8.243051e+03
9.5 8.272271e+03 8.246752e+03 8.234917e+03 8.260436e+03
10.5 8.280086e+03 8.242888e+03 8.235151e+03 8.272350e+03
11.5 8.245125e+03 8.233155e+03 8.235725e+03 8.247695e+03
12.5 8.243342e+03 8.248280e+03 8.236323e+03 8.231385e+03
13.5 8.195437e+03 8.268143e+03 8.236793e+03 8.164087e+03
14.5 8.299930e+03 8.279800e+03 8.237104e+03 8.257234e+03
15.5 8.249811e+03 8.270105e+03 8.237285e+03 8.216991e+03
16.5 8.211246e+03 8.252723e+03 8.237381e+03 8.195903e+03
17.5 8.185298e+03 8.248379e+03 8.237427e+03 8.174346e+03
18.5 8.171820e+03 8.252980e+03 8.237448e+03 8.156288e+03
19.5 8.150196e+03 8.238470e+03 8.237457e+03 8.149183e+03
20.5 8.131173e+03 8.210258e+03 8.237461e+03 8.158376e+03
21.5 8.174750e+03 8.187300e+03 8.237463e+03 8.224913e+03
