0.5 1.092422e+03 1.088141e+03 1.094493e+03 1.098774e+03
1.5 1.085051e+03 1.088986e+03 1.095724e+03 1.091789e+03
2.5 1.078618e+03 1.092093e+03 1.098664e+03 1.085189e+03
3.5 1.072234e+03 1.095107e+03 1.099184e+03 1.076310e+03
4.5 1.089903e+03 1.098783e+03 1.097949e+03 1.089069e+03
5.5 1.114396e+03 1.100959e+03 1.098939e+03 1.112376e+03
6.5 1.094529e+03 1.099412e+03 1.099769e+03 1.094886e+03
7.5 1.098658e+03 1.095199e+03 1.098320e+03 1.101779e+03
8.5 1.087684e+03 1.091318e+03 1.096307e+03 1.092673e+03
9.5 1.091871e+03 1.089207e+03 1.094911e+03 1.097574e+03
10.5 1.085077e+03 1.089235e+03 1.094196e+03 1.090038e+03
11.5 1.094175e+03 1.090263e+03 1.093975e+03 1.097887e+03
12.5 1.102361e+03 1.092312e+03 1.095816e+03 1.105865e+03
13.5 1.092752e+03 1.094261e+03 1.098566e+03 1.097057e+03
14.5 1.102907e+03 1.093439e+03 1.098571e+03 1.108038e+03
15.5 1.121009e+03 1.092030e+03 1.097004e+03 1.125983e+03
16.5 1.090796e+03 1.091670e+03 1.095649e+03 1.094774e+03
17.5 1.098908e+03 1.093029e+03 1.096794e+03 1.102673e+03
18.5 1.098756e+03 1.094409e+03 1.098884e+03 1.103231e+03
19.5 1.098281e+03 1.094007e+03 1.098426e+03 1.102700e+03
20.5 1.109184e+03 1.098246e+03 1.096703e+03 1.107640e+03
0.1 1.072234e+03 1.095107e+03 1.099184e+03 1.076310e+03
1.1 1.089903e+03 1.098783e+03 1.097949e+03 1.089069e+03
2.1 1.114396e+03 1.100959e+03 1.098939e+03 1.112376e+03
3.1 1.094529e+03 1.099412e+03 1.099769e+03 1.094886e+03
4.1 1.098658e+03 1.095199e+03 1.098320e+03 1.101779e+03
5.1 1.087684e+03 1.091318e+03 1.096307e+03 1.092673e+03
6.1 1.091871e+03 1.089207e+03 1.094911e+03 1.097574e+03
7.1 1.085077e+03 1.089235e+03 1.094196e+03 1.090038e+03
8.1 1.094175e+03 1.090263e+03 1.093975e+03 1.097887e+03
9.1 1.102361e+03 1.092312e+03 1.095816e+03 1.105865e+03
10.1 1.092752e+03 1.094261e+03 1.098566e+03 1.097057e+03
11.1 1.102907e+03 1.093439e+03 1.098571e+03 1.108038e+03
12.1 1.121009e+03 1.092030e+03 1.097004e+03 1.125983e+03
13.1 1.090796e+03 1.091670e+03 1.095649e+03 1.094774e+03
14.1 1.098908e+03 1.093029e+03 1.096794e+03 1.102673e+03
15.1 1.098756e+03 1.094409e+03 1.098884e+03 1.103231e+03
16.1 1.098281e+03 1.094007e+03 1.098426e+03 1.102700e+03
17.1 1.109184e+03 1.098246e+03 1.096703e+03 1.107640e+03
18.1 1.102658e+03 1.107047e+03 1.095285e+03 1.090896e+03
19.1 1.106372e+03 1.112876e+03 1.094478e+03 1.087974e+03
20.1 1.116259e+03 1.114580e+03 1.094103e+03 1.095782e+03
0.8 1.094175e+03 1.090263e+03 1.093975e+03 1.097887e+03
1.8 1.102361e+03 1.092312e+03 1.095816e+03 1.105865e+03
2.8 1.092752e+03 1.094261e+03 1.098566e+03 1.097057e+03
3.8 1.102907e+03 1.093439e+03 1.098571e+03 1.108038e+03
4.8 1.121009e+03 1.092030e+03 1.097004e+03 1.125983e+03
5.8 1.090796e+03 1.091670e+03 1.095649e+03 1.094774e+03
6.8 1.098908e+03 1.093029e+03 1.096794e+03 1.102673e+03
7.8 1.098756e+03 1.094409e+03 1.098884e+03 1.103231e+03
8.8 1.098281e+03 1.094007e+03 1.098426e+03 1.102700e+03
9.8 1.109184e+03 1.098246e+03 1.096703e+03 1.107640e+03
10.8 1.102658e+03 1.107047e+03 1.095285e+03 1.090896e+03
11.8 1.106372e+03 1.112876e+03 1.094478e+03 1.087974e+03
12.8 1.116259e+03 1.114580e+03 1.094103e+03 1.095782e+03
13.8 1.126619e+03 1.108708e+03 1.093987e+03 1.111898e+03
14.8 1.106867e+03 1.099429e+03 1.094022e+03 1.101461e+03
15.8 1.088225e+03 1.092093e+03 1.094127e+03 1.090260e+03
16.8 1.081610e+03 1.087913e+03 1.094244e+03 1.087941e+03
17.8 1.069276e+03 1.086131e+03 1.094339e+03 1.077484e+03
18.8 1.080550e+03 1.088148e+03 1.094405e+03 1.086807e+03
19.8 1.098292e+03 1.097075e+03 1.094445e+03 1.095662e+03
20.8 1.093663e+03 1.105049e+03 1.095272e+03 1.083886e+03
0.8 1.090796e+03 1.091670e+03 1.095649e+03 1.094774e+03
1.8 1.098908e+03 1.093029e+03 1.096794e+03 1.102673e+03
2.8 1.098756e+03 1.094409e+03 1.098884e+03 1.103231e+03
3.8 1.098281e+03 1.094007e+03 1.098426e+03 1.102700e+03
4.8 1.109184e+03 1.098246e+03 1.096703e+03 1.107640e+03
5.8 1.102658e+03 1.107047e+03 1.095285e+03 1.090896e+03
6.8 1.106372e+03 1.112876e+03 1.094478e+03 1.087974e+03
7.8 1.116259e+03 1.114580e+03 1.094103e+03 1.095782e+03
8.8 1.126619e+03 1.108708e+03 1.093987e+03 1.111898e+03
9.8 1.106867e+03 1.099429e+03 1.094022e+03 1.101461e+03
10.8 1.088225e+03 1.092093e+03 1.094127e+03 1.090260e+03
11.8 1.081610e+03 1.087913e+03 1.094244e+03 1.087941e+03
12.8 1.069276e+03 1.086131e+03 1.094339e+03 1.077484e+03
13.8 1.080550e+03 1.088148e+03 1.094405e+03 1.086807e+03
14.8 1.098292e+03 1.097075e+03 1.094445e+03 1.095662e+03
15.8 1.093663e+03 1.105049e+03 1.095272e+03 1.083886e+03
16.8 1.109813e+03 1.106220e+03 1.098249e+03 1.101843e+03
17.8 1.110346e+03 1.103300e+03 1.099299e+03 1.106346e+03
18.8 1.107142e+03 1.104063e+03 1.098038e+03 1.101117e+03
19.8 1.122859e+03 1.104996e+03 1.098354e+03 1.116217e+03
20.8 1.109074e+03 1.102130e+03 1.099720e+03 1.106664e+03
0.4 1.098292e+03 1.097075e+03 1.094445e+03 1.095662e+03
1.4 1.093663e+03 1.105049e+03 1.095272e+03 1.083886e+03
2.4 1.109813e+03 1.106220e+03 1.098249e+03 1.101843e+03
3.4 1.110346e+03 1.103300e+03 1.099299e+03 1.106346e+03
4.4 1.107142e+03 1.104063e+03 1.098038e+03 1.101117e+03
5.4 1.122859e+03 1.104996e+03 1.098354e+03 1.116217e+03
6.4 1.109074e+03 1.102130e+03 1.099720e+03 1.106664e+03
7.4 1.105464e+03 1.096495e+03 1.098788e+03 1.107757e+03
8.4 1.081569e+03 1.092358e+03 1.096772e+03 1.085983e+03
9.4 1.086372e+03 1.090777e+03 1.095197e+03 1.090792e+03
10.4 1.074549e+03 1.092877e+03 1.094335e+03 1.076008e+03
11.4 1.087158e+03 1.099657e+03 1.093969e+03 1.081470e+03
12.4 1.097277e+03 1.104750e+03 1.093889e+03 1.086415e+03
13.4 1.100100e+03 1.107427e+03 1.093968e+03 1.086642e+03
14.4 1.103657e+03 1.106819e+03 1.095332e+03 1.092171e+03
15.4 1.094719e+03 1.103569e+03 1.098405e+03 1.089555e+03
16.4 1.087866e+03 1.097837e+03 1.099030e+03 1.089060e+03
17.4 1.093081e+03 1.092180e+03 1.097563e+03 1.098465e+03
18.4 1.090423e+03 1.088107e+03 1.095957e+03 1.098273e+03
19.4 1.108759e+03 1.085637e+03 1.094904e+03 1.118026e+03
20.4 1.072057e+03 1.086579e+03 1.094339e+03 1.079817e+03
0.8 1.107142e+03 1.104063e+03 1.098038e+03 1.101117e+03
1.8 1.122859e+03 1.104996e+03 1.098354e+03 1.116217e+03
2.8 1.109074e+03 1.102130e+03 1.099720e+03 1.106664e+03
3.8 1.105464e+03 1.096495e+03 1.098788e+03 1.107757e+03
4.8 1.081569e+03 1.092358e+03 1.096772e+03 1.085983e+03
5.8 1.086372e+03 1.090777e+03 1.095197e+03 1.090792e+03
6.8 1.074549e+03 1.092877e+03 1.094335e+03 1.076008e+03
7.8 1.087158e+03 1.099657e+03 1.093969e+03 1.081470e+03
8.8 1.097277e+03 1.104750e+03 1.093889e+03 1.086415e+03
9.8 1.100100e+03 1.107427e+03 1.093968e+03 1.086642e+03
10.8 1.103657e+03 1.106819e+03 1.095332e+03 1.092171e+03
11.8 1.094719e+03 1.103569e+03 1.098405e+03 1.089555e+03
12.8 1.087866e+03 1.097837e+03 1.099030e+03 1.089060e+03
13.8 1.093081e+03 1.092180e+03 1.097563e+03 1.098465e+03
14.8 1.090423e+03 1.088107e+03 1.095957e+03 1.098273e+03
15.8 1.108759e+03 1.085637e+03 1.094904e+03 1.118026e+03
16.8 1.072057e+03 1.086579e+03 1.094339e+03 1.079817e+03
17.8 1.095330e+03 1.094225e+03 1.094094e+03 1.095199e+03
18.8 1.098186e+03 1.098013e+03 1.094051e+03 1.094224e+03
19.8 1.102160e+03 1.096957e+03 1.094118e+03 1.099321e+03
20.8 1.099041e+03 1.097326e+03 1.094223e+03 1.095938e+03
0.5 1.100100e+03 1.107427e+03 1.093968e+03 1.086642e+03
1.5 1.103657e+03 1.106819e+03 1.095332e+03 1.092171e+03
2.5 1.094719e+03 1.103569e+03 1.098405e+03 1.089555e+03
3.5 1.087866e+03 1.097837e+03 1.099030e+03 1.089060e+03
4.5 1.093081e+03 1.092180e+03 1.097563e+03 1.098465e+03
5.5 1.090423e+03 1.088107e+03 1.095957e+03 1.098273e+03
6.5 1.108759e+03 1.085637e+03 1.094904e+03 1.118026e+03
7.5 1.072057e+03 1.086579e+03 1.094339e+03 1.079817e+03
8.5 1.095330e+03 1.094225e+03 1.094094e+03 1.095199e+03
9.5 1.098186e+03 1.098013e+03 1.094051e+03 1.094224e+03
10.5 1.102160e+03 1.096957e+03 1.094118e+03 1.099321e+03
11.5 1.099041e+03 1.097326e+03 1.094223e+03 1.095938e+03
12.5 1.095970e+03 1.098910e+03 1.094401e+03 1.091461e+03
13.5 1.099727e+03 1.099592e+03 1.096501e+03 1.096635e+03
14.5 1.092630e+03 1.098417e+03 1.099088e+03 1.093301e+03
15.5 1.102130e+03 1.094784e+03 1.098829e+03 1.106175e+03
16.5 1.081370e+03 1.090960e+03 1.097122e+03 1.087533e+03
17.5 1.079908e+03 1.088018e+03 1.095626e+03 1.087516e+03
18.5 1.084021e+03 1.087595e+03 1.094715e+03 1.091140e+03
19.5 1.087211e+03 1.094221e+03 1.094248e+03 1.087238e+03
20.5 1.079551e+03 1.097982e+03 1.094068e+03 1.075637e+03
0.8 1.095970e+03 1.098910e+03 1.094401e+03 1.091461e+03
1.8 1.099727e+03 1.099592e+03 1.096501e+03 1.096635e+03
2.8 1.092630e+03 1.098417e+03 1.099088e+03 1.093301e+03
3.8 1.102130e+03 1.094784e+03 1.098829e+03 1.106175e+03
4.8 1.081370e+03 1.090960e+03 1.097122e+03 1.087533e+03
5.8 1.079908e+03 1.088018e+03 1.095626e+03 1.087516e+03
6.8 1.084021e+03 1.087595e+03 1.094715e+03 1.091140e+03
7.8 1.087211e+03 1.094221e+03 1.094248e+03 1.087238e+03
8.8 1.079551e+03 1.097982e+03 1.094068e+03 1.075637e+03
9.8 1.090961e+03 1.095185e+03 1.094064e+03 1.089839e+03
10.8 1.099064e+03 1.091512e+03 1.094616e+03 1.102168e+03
11.8 1.087505e+03 1.091912e+03 1.097544e+03 1.093137e+03
12.8 1.085490e+03 1.092557e+03 1.099206e+03 1.092138e+03
13.8 1.086212e+03 1.091243e+03 1.098184e+03 1.093153e+03
14.8 1.085056e+03 1.090206e+03 1.096469e+03 1.091319e+03
15.8 1.093391e+03 1.095050e+03 1.095208e+03 1.093549e+03
16.8 1.096852e+03 1.103795e+03 1.094626e+03 1.087683e+03
17.8 1.115056e+03 1.107499e+03 1.096540e+03 1.104097e+03
18.8 1.104191e+03 1.107365e+03 1.098791e+03 1.095617e+03
19.8 1.094255e+03 1.108304e+03 1.098568e+03 1.084519e+03
20.8 1.093129e+03 1.107257e+03 1.099443e+03 1.085315e+03
0.2 1.090961e+03 1.095185e+03 1.094064e+03 1.089839e+03
1.2 1.099064e+03 1.091512e+03 1.094616e+03 1.102168e+03
2.2 1.087505e+03 1.091912e+03 1.097544e+03 1.093137e+03
3.2 1.085490e+03 1.092557e+03 1.099206e+03 1.092138e+03
4.2 1.086212e+03 1.091243e+03 1.098184e+03 1.093153e+03
5.2 1.085056e+03 1.090206e+03 1.096469e+03 1.091319e+03
6.2 1.093391e+03 1.095050e+03 1.095208e+03 1.093549e+03
7.2 1.096852e+03 1.103795e+03 1.094626e+03 1.087683e+03
8.2 1.115056e+03 1.107499e+03 1.096540e+03 1.104097e+03
9.2 1.104191e+03 1.107365e+03 1.098791e+03 1.095617e+03
10.2 1.094255e+03 1.108304e+03 1.098568e+03 1.084519e+03
11.2 1.093129e+03 1.107257e+03 1.099443e+03 1.085315e+03
12.2 1.087474e+03 1.102305e+03 1.100156e+03 1.085325e+03
13.2 1.086267e+03 1.095565e+03 1.098613e+03 1.089315e+03
14.2 1.073392e+03 1.090338e+03 1.096467e+03 1.079520e+03
15.2 1.079214e+03 1.087534e+03 1.094951e+03 1.086631e+03
16.2 1.086839e+03 1.088020e+03 1.094164e+03 1.092983e+03
17.2 1.092617e+03 1.091885e+03 1.093860e+03 1.094591e+03
18.2 1.107912e+03 1.097542e+03 1.093831e+03 1.104200e+03
19.2 1.097185e+03 1.103564e+03 1.093940e+03 1.087561e+03
20.2 1.098309e+03 1.103255e+03 1.094094e+03 1.089148e+03
0.9 1.096852e+03 1.103795e+03 1.094626e+03 1.087683e+03
1.9 1.115056e+03 1.107499e+03 1.096540e+03 1.104097e+03
2.9 1.104191e+03 1.107365e+03 1.098791e+03 1.095617e+03
3.9 1.094255e+03 1.108304e+03 1.098568e+03 1.084519e+03
4.9 1.093129e+03 1.107257e+03 1.099443e+03 1.085315e+03
5.9 1.087474e+03 1.102305e+03 1.100156e+03 1.085325e+03
6.9 1.086267e+03 1.095565e+03 1.098613e+03 1.089315e+03
7.9 1.073392e+03 1.090338e+03 1.096467e+03 1.079520e+03
8.9 1.079214e+03 1.087534e+03 1.094951e+03 1.086631e+03
9.9 1.086839e+03 1.088020e+03 1.094164e+03 1.092983e+03
10.9 1.092617e+03 1.091885e+03 1.093860e+03 1.094591e+03
11.9 1.107912e+03 1.097542e+03 1.093831e+03 1.104200e+03
12.9 1.097185e+03 1.103564e+03 1.093940e+03 1.087561e+03
13.9 1.098309e+03 1.103255e+03 1.094094e+03 1.089148e+03
14.9 1.087599e+03 1.099316e+03 1.094615e+03 1.082898e+03
15.9 1.083908e+03 1.097163e+03 1.097458e+03 1.084203e+03
16.9 1.085810e+03 1.095091e+03 1.099267e+03 1.089986e+03
17.9 1.092059e+03 1.091432e+03 1.098323e+03 1.098950e+03
18.9 1.106144e+03 1.088328e+03 1.096818e+03 1.114635e+03
19.9 1.079161e+03 1.089350e+03 1.098034e+03 1.087845e+03
20.9 1.100964e+03 1.091808e+03 1.099348e+03 1.108504e+03
1.0 1.094255e+03 1.108304e+03 1.098568e+03 1.084519e+03
2.0 1.093129e+03 1.107257e+03 1.099443e+03 1.085315e+03
3.0 1.087474e+03 1.102305e+03 1.100156e+03 1.085325e+03
4.0 1.086267e+03 1.095565e+03 1.098613e+03 1.089315e+03
5.0 1.073392e+03 1.090338e+03 1.096467e+03 1.079520e+03
6.0 1.079214e+03 1.087534e+03 1.094951e+03 1.086631e+03
7.0 1.086839e+03 1.088020e+03 1.094164e+03 1.092983e+03
8.0 1.092617e+03 1.091885e+03 1.093860e+03 1.094591e+03
9.0 1.107912e+03 1.097542e+03 1.093831e+03 1.104200e+03
10.0 1.097185e+03 1.103564e+03 1.093940e+03 1.087561e+03
11.0 1.098309e+03 1.103255e+03 1.094094e+03 1.089148e+03
12.0 1.087599e+03 1.099316e+03 1.094615e+03 1.082898e+03
13.0 1.083908e+03 1.097163e+03 1.097458e+03 1.084203e+03
14.0 1.085810e+03 1.095091e+03 1.099267e+03 1.089986e+03
15.0 1.092059e+03 1.091432e+03 1.098323e+03 1.098950e+03
16.0 1.106144e+03 1.088328e+03 1.096818e+03 1.114635e+03
17.0 1.079161e+03 1.089350e+03 1.098034e+03 1.087845e+03
18.0 1.100964e+03 1.091808e+03 1.099348e+03 1.108504e+03
19.0 1.112105e+03 1.092840e+03 1.098233e+03 1.117498e+03
20.0 1.090404e+03 1.092964e+03 1.096563e+03 1.094003e+03
21.0 1.100681e+03 1.094270e+03 1.097669e+03 1.104080e+03
0.1 1.098309e+03 1.103255e+03 1.094094e+03 1.089148e+03
1.1 1.087599e+03 1.099316e+03 1.094615e+03 1.082898e+03
2.1 1.083908e+03 1.097163e+03 1.097458e+03 1.084203e+03
3.1 1.085810e+03 1.095091e+03 1.099267e+03 1.089986e+03
4.1 1.092059e+03 1.091432e+03 1.098323e+03 1.098950e+03
5.1 1.106144e+03 1.088328e+03 1.096818e+03 1.114635e+03
6.1 1.079161e+03 1.089350e+03 1.098034e+03 1.087845e+03
7.1 1.100964e+03 1.091808e+03 1.099348e+03 1.108504e+03
8.1 1.112105e+03 1.092840e+03 1.098233e+03 1.117498e+03
9.1 1.090404e+03 1.092964e+03 1.096563e+03 1.094003e+03
10.1 1.100681e+03 1.094270e+03 1.097669e+03 1.104080e+03
11.1 1.088640e+03 1.094871e+03 1.099094e+03 1.092863e+03
12.1 1.095620e+03 1.093740e+03 1.098105e+03 1.099986e+03
13.1 1.104249e+03 1.095521e+03 1.096309e+03 1.105037e+03
14.1 1.106873e+03 1.098522e+03 1.096448e+03 1.104799e+03
15.1 1.107596e+03 1.099279e+03 1.098611e+03 1.106929e+03
16.1 1.103983e+03 1.096413e+03 1.098590e+03 1.106160e+03
17.1 1.111318e+03 1.093326e+03 1.096931e+03 1.114923e+03
18.1 1.110361e+03 1.091909e+03 1.095557e+03 1.114009e+03
19.1 1.112785e+03 1.092894e+03 1.096984e+03 1.116875e+03
20.1 1.106576e+03 1.093802e+03 1.098849e+03 1.111623e+03
1.0 1.106144e+03 1.088328e+03 1.096818e+03 1.114635e+03
2.0 1.079161e+03 1.089350e+03 1.098034e+03 1.087845e+03
3.0 1.100964e+03 1.091808e+03 1.099348e+03 1.108504e+03
4.0 1.112105e+03 1.092840e+03 1.098233e+03 1.117498e+03
5.0 1.090404e+03 1.092964e+03 1.096563e+03 1.094003e+03
6.0 1.100681e+03 1.094270e+03 1.097669e+03 1.104080e+03
7.0 1.088640e+03 1.094871e+03 1.099094e+03 1.092863e+03
8.0 1.095620e+03 1.093740e+03 1.098105e+03 1.099986e+03
9.0 1.104249e+03 1.095521e+03 1.096309e+03 1.105037e+03
10.0 1.106873e+03 1.098522e+03 1.096448e+03 1.104799e+03
11.0 1.107596e+03 1.099279e+03 1.098611e+03 1.106929e+03
12.0 1.103983e+03 1.096413e+03 1.098590e+03 1.106160e+03
13.0 1.111318e+03 1.093326e+03 1.096931e+03 1.114923e+03
14.0 1.110361e+03 1.091909e+03 1.095557e+03 1.114009e+03
15.0 1.112785e+03 1.092894e+03 1.096984e+03 1.116875e+03
16.0 1.106576e+03 1.093802e+03 1.098849e+03 1.111623e+03
17.0 1.097787e+03 1.092330e+03 1.098153e+03 1.103610e+03
18.0 1.098900e+03 1.090451e+03 1.096432e+03 1.104881e+03
19.0 1.079550e+03 1.092189e+03 1.095104e+03 1.082465e+03
20.0 1.085887e+03 1.098147e+03 1.094375e+03 1.082115e+03
21.0 1.106285e+03 1.102779e+03 1.094475e+03 1.097981e+03
1.0 1.090404e+03 1.092964e+03 1.096563e+03 1.094003e+03
2.0 1.100681e+03 1.094270e+03 1.097669e+03 1.104080e+03
3.0 1.088640e+03 1.094871e+03 1.099094e+03 1.092863e+03
4.0 1.095620e+03 1.093740e+03 1.098105e+03 1.099986e+03
5.0 1.104249e+03 1.095521e+03 1.096309e+03 1.105037e+03
6.0 1.106873e+03 1.098522e+03 1.096448e+03 1.104799e+03
7.0 1.107596e+03 1.099279e+03 1.098611e+03 1.106929e+03
8.0 1.103983e+03 1.096413e+03 1.098590e+03 1.106160e+03
9.0 1.111318e+03 1.093326e+03 1.096931e+03 1.114923e+03
10.0 1.110361e+03 1.091909e+03 1.095557e+03 1.114009e+03
11.0 1.112785e+03 1.092894e+03 1.096984e+03 1.116875e+03
12.0 1.106576e+03 1.093802e+03 1.098849e+03 1.111623e+03
13.0 1.097787e+03 1.092330e+03 1.098153e+03 1.103610e+03
14.0 1.098900e+03 1.090451e+03 1.096432e+03 1.104881e+03
15.0 1.079550e+03 1.092189e+03 1.095104e+03 1.082465e+03
16.0 1.085887e+03 1.098147e+03 1.094375e+03 1.082115e+03
17.0 1.106285e+03 1.102779e+03 1.094475e+03 1.097981e+03
18.0 1.109624e+03 1.103477e+03 1.097175e+03 1.103322e+03
19.0 1.101268e+03 1.100147e+03 1.098885e+03 1.100006e+03
20.0 1.091249e+03 1.096787e+03 1.097964e+03 1.092426e+03
21.0 1.105241e+03 1.100696e+03 1.096324e+03 1.100869e+03
0.6 1.104249e+03 1.095521e+03 1.096309e+03 1.105037e+03
1.6 1.106873e+03 1.098522e+03 1.096448e+03 1.104799e+03
2.6 1.107596e+03 1.099279e+03 1.098611e+03 1.106929e+03
3.6 1.103983e+03 1.096413e+03 1.098590e+03 1.106160e+03
4.6 1.111318e+03 1.093326e+03 1.096931e+03 1.114923e+03
5.6 1.110361e+03 1.091909e+03 1.095557e+03 1.114009e+03
6.6 1.112785e+03 1.092894e+03 1.096984e+03 1.116875e+03
7.6 1.106576e+03 1.093802e+03 1.098849e+03 1.111623e+03
8.6 1.097787e+03 1.092330e+03 1.098153e+03 1.103610e+03
9.6 1.098900e+03 1.090451e+03 1.096432e+03 1.104881e+03
10.6 1.079550e+03 1.092189e+03 1.095104e+03 1.082465e+03
11.6 1.085887e+03 1.098147e+03 1.094375e+03 1.082115e+03
12.6 1.106285e+03 1.102779e+03 1.094475e+03 1.097981e+03
13.6 1.109624e+03 1.103477e+03 1.097175e+03 1.103322e+03
14.6 1.101268e+03 1.100147e+03 1.098885e+03 1.100006e+03
15.6 1.091249e+03 1.096787e+03 1.097964e+03 1.092426e+03
16.6 1.105241e+03 1.100696e+03 1.096324e+03 1.100869e+03
17.6 1.127655e+03 1.108250e+03 1.095148e+03 1.114553e+03
18.6 1.111663e+03 1.110505e+03 1.096100e+03 1.097258e+03
19.6 1.118068e+03 1.106503e+03 1.098573e+03 1.110138e+03
20.6 1.104753e+03 1.099297e+03 1.098586e+03 1.104042e+03
1.0 1.110361e+03 1.091909e+03 1.095557e+03 1.114009e+03
2.0 1.112785e+03 1.092894e+03 1.096984e+03 1.116875e+03
3.0 1.106576e+03 1.093802e+03 1.098849e+03 1.111623e+03
4.0 1.097787e+03 1.092330e+03 1.098153e+03 1.103610e+03
5.0 1.098900e+03 1.090451e+03 1.096432e+03 1.104881e+03
6.0 1.079550e+03 1.092189e+03 1.095104e+03 1.082465e+03
7.0 1.085887e+03 1.098147e+03 1.094375e+03 1.082115e+03
8.0 1.106285e+03 1.102779e+03 1.094475e+03 1.097981e+03
9.0 1.109624e+03 1.103477e+03 1.097175e+03 1.103322e+03
10.0 1.101268e+03 1.100147e+03 1.098885e+03 1.100006e+03
11.0 1.091249e+03 1.096787e+03 1.097964e+03 1.092426e+03
12.0 1.105241e+03 1.100696e+03 1.096324e+03 1.100869e+03
13.0 1.127655e+03 1.108250e+03 1.095148e+03 1.114553e+03
14.0 1.111663e+03 1.110505e+03 1.096100e+03 1.097258e+03
15.0 1.118068e+03 1.106503e+03 1.098573e+03 1.110138e+03
16.0 1.104753e+03 1.099297e+03 1.098586e+03 1.104042e+03
17.0 1.094772e+03 1.094766e+03 1.096982e+03 1.096988e+03
18.0 1.076993e+03 1.095044e+03 1.095504e+03 1.077453e+03
19.0 1.086648e+03 1.096502e+03 1.095039e+03 1.085185e+03
20.0 1.094721e+03 1.097521e+03 1.097384e+03 1.094584e+03
21.0 1.100051e+03 1.098560e+03 1.098881e+03 1.100372e+03
0.2 1.085887e+03 1.098147e+03 1.094375e+03 1.082115e+03
1.2 1.106285e+03 1.102779e+03 1.094475e+03 1.097981e+03
2.2 1.109624e+03 1.103477e+03 1.097175e+03 1.103322e+03
3.2 1.101268e+03 1.100147e+03 1.098885e+03 1.100006e+03
4.2 1.091249e+03 1.096787e+03 1.097964e+03 1.092426e+03
5.2 1.105241e+03 1.100696e+03 1.096324e+03 1.100869e+03
6.2 1.127655e+03 1.108250e+03 1.095148e+03 1.114553e+03
7.2 1.111663e+03 1.110505e+03 1.096100e+03 1.097258e+03
8.2 1.118068e+03 1.106503e+03 1.098573e+03 1.110138e+03
9.2 1.104753e+03 1.099297e+03 1.098586e+03 1.104042e+03
10.2 1.094772e+03 1.094766e+03 1.096982e+03 1.096988e+03
11.2 1.076993e+03 1.095044e+03 1.095504e+03 1.077453e+03
12.2 1.086648e+03 1.096502e+03 1.095039e+03 1.085185e+03
13.2 1.094721e+03 1.097521e+03 1.097384e+03 1.094584e+03
14.2 1.100051e+03 1.098560e+03 1.098881e+03 1.100372e+03
15.2 1.114987e+03 1.100150e+03 1.098322e+03 1.113159e+03
16.2 1.097913e+03 1.100614e+03 1.099480e+03 1.096779e+03
17.2 1.105391e+03 1.097955e+03 1.099865e+03 1.107301e+03
18.2 1.090700e+03 1.093905e+03 1.098138e+03 1.094932e+03
19.2 1.093646e+03 1.095406e+03 1.096099e+03 1.094338e+03
20.2 1.081574e+03 1.102740e+03 1.094818e+03 1.073652e+03
0.7 1.127655e+03 1.108250e+03 1.095148e+03 1.114553e+03
1.7 1.111663e+03 1.110505e+03 1.096100e+03 1.097258e+03
2.7 1.118068e+03 1.106503e+03 1.098573e+03 1.110138e+03
3.7 1.104753e+03 1.099297e+03 1.098586e+03 1.104042e+03
4.7 1.094772e+03 1.094766e+03 1.096982e+03 1.096988e+03
5.7 1.076993e+03 1.095044e+03 1.095504e+03 1.077453e+03
6.7 1.086648e+03 1.096502e+03 1.095039e+03 1.085185e+03
7.7 1.094721e+03 1.097521e+03 1.097384e+03 1.094584e+03
8.7 1.100051e+03 1.098560e+03 1.098881e+03 1.100372e+03
9.7 1.114987e+03 1.100150e+03 1.098322e+03 1.113159e+03
10.7 1.097913e+03 1.100614e+03 1.099480e+03 1.096779e+03
11.7 1.105391e+03 1.097955e+03 1.099865e+03 1.107301e+03
12.7 1.090700e+03 1.093905e+03 1.098138e+03 1.094932e+03
13.7 1.093646e+03 1.095406e+03 1.096099e+03 1.094338e+03
14.7 1.081574e+03 1.102740e+03 1.094818e+03 1.073652e+03
15.7 1.104901e+03 1.106483e+03 1.096100e+03 1.094517e+03
16.7 1.118389e+03 1.104021e+03 1.098462e+03 1.112830e+03
17.7 1.083929e+03 1.097847e+03 1.098257e+03 1.084339e+03
18.7 1.105043e+03 1.091834e+03 1.096669e+03 1.109879e+03
19.7 1.086513e+03 1.091097e+03 1.095304e+03 1.090720e+03
20.7 1.089700e+03 1.096542e+03 1.094509e+03 1.087668e+03
0.2 1.076993e+03 1.095044e+03 1.095504e+03 1.077453e+03
1.2 1.086648e+03 1.096502e+03 1.095039e+03 1.085185e+03
2.2 1.094721e+03 1.097521e+03 1.097384e+03 1.094584e+03
3.2 1.100051e+03 1.098560e+03 1.098881e+03 1.100372e+03
4.2 1.114987e+03 1.100150e+03 1.098322e+03 1.113159e+03
5.2 1.097913e+03 1.100614e+03 1.099480e+03 1.096779e+03
6.2 1.105391e+03 1.097955e+03 1.099865e+03 1.107301e+03
7.2 1.090700e+03 1.093905e+03 1.098138e+03 1.094932e+03
8.2 1.093646e+03 1.095406e+03 1.096099e+03 1.094338e+03
9.2 1.081574e+03 1.102740e+03 1.094818e+03 1.073652e+03
10.2 1.104901e+03 1.106483e+03 1.096100e+03 1.094517e+03
11.2 1.118389e+03 1.104021e+03 1.098462e+03 1.112830e+03
12.2 1.083929e+03 1.097847e+03 1.098257e+03 1.084339e+03
13.2 1.105043e+03 1.091834e+03 1.096669e+03 1.109879e+03
14.2 1.086513e+03 1.091097e+03 1.095304e+03 1.090720e+03
15.2 1.089700e+03 1.096542e+03 1.094509e+03 1.087668e+03
16.2 1.086977e+03 1.097372e+03 1.094129e+03 1.083734e+03
17.2 1.064403e+03 1.093891e+03 1.094003e+03 1.064515e+03
18.2 1.096431e+03 1.090169e+03 1.094029e+03 1.100292e+03
19.2 1.092374e+03 1.092195e+03 1.094129e+03 1.094308e+03
20.2 1.114875e+03 1.097949e+03 1.094243e+03 1.111169e+03
0.2 1.100051e+03 1.098560e+03 1.098881e+03 1.100372e+03
1.2 1.114987e+03 1.100150e+03 1.098322e+03 1.113159e+03
2.2 1.097913e+03 1.100614e+03 1.099480e+03 1.096779e+03
3.2 1.105391e+03 1.097955e+03 1.099865e+03 1.107301e+03
4.2 1.090700e+03 1.093905e+03 1.098138e+03 1.094932e+03
5.2 1.093646e+03 1.095406e+03 1.096099e+03 1.094338e+03
6.2 1.081574e+03 1.102740e+03 1.094818e+03 1.073652e+03
7.2 1.104901e+03 1.106483e+03 1.096100e+03 1.094517e+03
8.2 1.118389e+03 1.104021e+03 1.098462e+03 1.112830e+03
9.2 1.083929e+03 1.097847e+03 1.098257e+03 1.084339e+03
10.2 1.105043e+03 1.091834e+03 1.096669e+03 1.109879e+03
11.2 1.086513e+03 1.091097e+03 1.095304e+03 1.090720e+03
12.2 1.089700e+03 1.096542e+03 1.094509e+03 1.087668e+03
13.2 1.086977e+03 1.097372e+03 1.094129e+03 1.083734e+03
14.2 1.064403e+03 1.093891e+03 1.094003e+03 1.064515e+03
15.2 1.096431e+03 1.090169e+03 1.094029e+03 1.100292e+03
16.2 1.092374e+03 1.092195e+03 1.094129e+03 1.094308e+03
17.2 1.114875e+03 1.097949e+03 1.094243e+03 1.111169e+03
18.2 1.120174e+03 1.097818e+03 1.094338e+03 1.116695e+03
19.2 1.112488e+03 1.094054e+03 1.094404e+03 1.112837e+03
20.2 1.101010e+03 1.090693e+03 1.094443e+03 1.104761e+03
0.8 1.081574e+03 1.102740e+03 1.094818e+03 1.073652e+03
1.8 1.104901e+03 1.106483e+03 1.096100e+03 1.094517e+03
2.8 1.118389e+03 1.104021e+03 1.098462e+03 1.112830e+03
3.8 1.083929e+03 1.097847e+03 1.098257e+03 1.084339e+03
4.8 1.105043e+03 1.091834e+03 1.096669e+03 1.109879e+03
5.8 1.086513e+03 1.091097e+03 1.095304e+03 1.090720e+03
6.8 1.089700e+03 1.096542e+03 1.094509e+03 1.087668e+03
7.8 1.086977e+03 1.097372e+03 1.094129e+03 1.083734e+03
8.8 1.064403e+03 1.093891e+03 1.094003e+03 1.064515e+03
9.8 1.096431e+03 1.090169e+03 1.094029e+03 1.100292e+03
10.8 1.092374e+03 1.092195e+03 1.094129e+03 1.094308e+03
11.8 1.114875e+03 1.097949e+03 1.094243e+03 1.111169e+03
12.8 1.120174e+03 1.097818e+03 1.094338e+03 1.116695e+03
13.8 1.112488e+03 1.094054e+03 1.094404e+03 1.112837e+03
14.8 1.101010e+03 1.090693e+03 1.094443e+03 1.104761e+03
15.8 1.080294e+03 1.088724e+03 1.094465e+03 1.086035e+03
16.8 1.097825e+03 1.088239e+03 1.094476e+03 1.104061e+03
17.8 1.106401e+03 1.091867e+03 1.094481e+03 1.109015e+03
18.8 1.126256e+03 1.097897e+03 1.094638e+03 1.122998e+03
19.8 1.110010e+03 1.101253e+03 1.096965e+03 1.105722e+03
20.8 1.088215e+03 1.100415e+03 1.099249e+03 1.087049e+03
1.0 1.126256e+03 1.097897e+03 1.094638e+03 1.122998e+03
2.0 1.110010e+03 1.101253e+03 1.096965e+03 1.105722e+03
3.0 1.088215e+03 1.100415e+03 1.099249e+03 1.087049e+03
4.0 1.080738e+03 1.098383e+03 1.098686e+03 1.081040e+03
5.0 1.075168e+03 1.098616e+03 1.096934e+03 1.073486e+03
6.0 1.087439e+03 1.099157e+03 1.096016e+03 1.084298e+03
7.0 1.085640e+03 1.099489e+03 1.098021e+03 1.084171e+03
8.0 1.102377e+03 1.102016e+03 1.099078e+03 1.099439e+03
9.0 1.099320e+03 1.106209e+03 1.097789e+03 1.090900e+03
10.0 1.114415e+03 1.109860e+03 1.096049e+03 1.100605e+03
11.0 1.112569e+03 1.106826e+03 1.094874e+03 1.100617e+03
12.0 1.098828e+03 1.103132e+03 1.094266e+03 1.089962e+03
13.0 1.088797e+03 1.104502e+03 1.094017e+03 1.078312e+03
14.0 1.103071e+03 1.108102e+03 1.093978e+03 1.088947e+03
15.0 1.112540e+03 1.106153e+03 1.094054e+03 1.100441e+03
16.0 1.108522e+03 1.100009e+03 1.094172e+03 1.102685e+03
17.0 1.098326e+03 1.094861e+03 1.094303e+03 1.097767e+03
18.0 1.080161e+03 1.092752e+03 1.095854e+03 1.083263e+03
19.0 1.087469e+03 1.094010e+03 1.098772e+03 1.092231e+03
20.0 1.104449e+03 1.097792e+03 1.099070e+03 1.105727e+03
21.0 1.084003e+03 1.102287e+03 1.097496e+03 1.079212e+03
0.2 1.075168e+03 1.098616e+03 1.096934e+03 1.073486e+03
1.2 1.087439e+03 1.099157e+03 1.096016e+03 1.084298e+03
2.2 1.085640e+03 1.099489e+03 1.098021e+03 1.084171e+03
3.2 1.102377e+03 1.102016e+03 1.099078e+03 1.099439e+03
4.2 1.099320e+03 1.106209e+03 1.097789e+03 1.090900e+03
5.2 1.114415e+03 1.109860e+03 1.096049e+03 1.100605e+03
6.2 1.112569e+03 1.106826e+03 1.094874e+03 1.100617e+03
7.2 1.098828e+03 1.103132e+03 1.094266e+03 1.089962e+03
8.2 1.088797e+03 1.104502e+03 1.094017e+03 1.078312e+03
9.2 1.103071e+03 1.108102e+03 1.093978e+03 1.088947e+03
10.2 1.112540e+03 1.106153e+03 1.094054e+03 1.100441e+03
11.2 1.108522e+03 1.100009e+03 1.094172e+03 1.102685e+03
12.2 1.098326e+03 1.094861e+03 1.094303e+03 1.097767e+03
13.2 1.080161e+03 1.092752e+03 1.095854e+03 1.083263e+03
14.2 1.087469e+03 1.094010e+03 1.098772e+03 1.092231e+03
15.2 1.104449e+03 1.097792e+03 1.099070e+03 1.105727e+03
16.2 1.084003e+03 1.102287e+03 1.097496e+03 1.079212e+03
17.2 1.093901e+03 1.103793e+03 1.097363e+03 1.087471e+03
18.2 1.118242e+03 1.101962e+03 1.099205e+03 1.115485e+03
19.2 1.098183e+03 1.097230e+03 1.098930e+03 1.099884e+03
20.2 1.090660e+03 1.094171e+03 1.097094e+03 1.093582e+03
0.6 1.098326e+03 1.094861e+03 1.094303e+03 1.097767e+03
1.6 1.080161e+03 1.092752e+03 1.095854e+03 1.083263e+03
2.6 1.087469e+03 1.094010e+03 1.098772e+03 1.092231e+03
3.6 1.104449e+03 1.097792e+03 1.099070e+03 1.105727e+03
4.6 1.084003e+03 1.102287e+03 1.097496e+03 1.079212e+03
5.6 1.093901e+03 1.103793e+03 1.097363e+03 1.087471e+03
6.6 1.118242e+03 1.101962e+03 1.099205e+03 1.115485e+03
7.6 1.098183e+03 1.097230e+03 1.098930e+03 1.099884e+03
8.6 1.090660e+03 1.094171e+03 1.097094e+03 1.093582e+03
9.6 1.095602e+03 1.094906e+03 1.095484e+03 1.096180e+03
10.6 1.103658e+03 1.096459e+03 1.096159e+03 1.103358e+03
11.6 1.109749e+03 1.096815e+03 1.098512e+03 1.111446e+03
12.6 1.096733e+03 1.094575e+03 1.098482e+03 1.100640e+03
13.6 1.092963e+03 1.093794e+03 1.096870e+03 1.096040e+03
14.6 1.102755e+03 1.095566e+03 1.095520e+03 1.102708e+03
15.6 1.087522e+03 1.097378e+03 1.096836e+03 1.086980e+03
16.6 1.093151e+03 1.097150e+03 1.098842e+03 1.094843e+03
17.6 1.091246e+03 1.094171e+03 1.098275e+03 1.095350e+03
18.6 1.081507e+03 1.090918e+03 1.096558e+03 1.087148e+03
19.6 1.081730e+03 1.088795e+03 1.095189e+03 1.088124e+03
20.6 1.094161e+03 1.088648e+03 1.094423e+03 1.099936e+03
0.6 1.084003e+03 1.102287e+03 1.097496e+03 1.079212e+03
1.6 1.093901e+03 1.103793e+03 1.097363e+03 1.087471e+03
2.6 1.118242e+03 1.101962e+03 1.099205e+03 1.115485e+03
3.6 1.098183e+03 1.097230e+03 1.098930e+03 1.099884e+03
4.6 1.090660e+03 1.094171e+03 1.097094e+03 1.093582e+03
5.6 1.095602e+03 1.094906e+03 1.095484e+03 1.096180e+03
6.6 1.103658e+03 1.096459e+03 1.096159e+03 1.103358e+03
7.6 1.109749e+03 1.096815e+03 1.098512e+03 1.111446e+03
8.6 1.096733e+03 1.094575e+03 1.098482e+03 1.100640e+03
9.6 1.092963e+03 1.093794e+03 1.096870e+03 1.096040e+03
10.6 1.102755e+03 1.095566e+03 1.095520e+03 1.102708e+03
11.6 1.087522e+03 1.097378e+03 1.096836e+03 1.086980e+03
12.6 1.093151e+03 1.097150e+03 1.098842e+03 1.094843e+03
13.6 1.091246e+03 1.094171e+03 1.098275e+03 1.095350e+03
14.6 1.081507e+03 1.090918e+03 1.096558e+03 1.087148e+03
15.6 1.081730e+03 1.088795e+03 1.095189e+03 1.088124e+03
16.6 1.094161e+03 1.088648e+03 1.094423e+03 1.099936e+03
17.6 1.091032e+03 1.091567e+03 1.094075e+03 1.093540e+03
18.6 1.111646e+03 1.098209e+03 1.093977e+03 1.107414e+03
19.6 1.102360e+03 1.102992e+03 1.094022e+03 1.093391e+03
20.6 1.102216e+03 1.100596e+03 1.094132e+03 1.095752e+03
0.7 1.095602e+03 1.094906e+03 1.095484e+03 1.096180e+03
1.7 1.103658e+03 1.096459e+03 1.096159e+03 1.103358e+03
2.7 1.109749e+03 1.096815e+03 1.098512e+03 1.111446e+03
3.7 1.096733e+03 1.094575e+03 1.098482e+03 1.100640e+03
4.7 1.092963e+03 1.093794e+03 1.096870e+03 1.096040e+03
5.7 1.102755e+03 1.095566e+03 1.095520e+03 1.102708e+03
6.7 1.087522e+03 1.097378e+03 1.096836e+03 1.086980e+03
7.7 1.093151e+03 1.097150e+03 1.098842e+03 1.094843e+03
8.7 1.091246e+03 1.094171e+03 1.098275e+03 1.095350e+03
9.7 1.081507e+03 1.090918e+03 1.096558e+03 1.087148e+03
10.7 1.081730e+03 1.088795e+03 1.095189e+03 1.088124e+03
11.7 1.094161e+03 1.088648e+03 1.094423e+03 1.099936e+03
12.7 1.091032e+03 1.091567e+03 1.094075e+03 1.093540e+03
13.7 1.111646e+03 1.098209e+03 1.093977e+03 1.107414e+03
14.7 1.102360e+03 1.102992e+03 1.094022e+03 1.093391e+03
15.7 1.102216e+03 1.100596e+03 1.094132e+03 1.095752e+03
16.7 1.095277e+03 1.096384e+03 1.094249e+03 1.093142e+03
17.7 1.108094e+03 1.097322e+03 1.094343e+03 1.105116e+03
18.7 1.110976e+03 1.100989e+03 1.094407e+03 1.104394e+03
19.7 1.103924e+03 1.099078e+03 1.094446e+03 1.099292e+03
20.7 1.101825e+03 1.095159e+03 1.094466e+03 1.101131e+03
0.9 1.102755e+03 1.095566e+03 1.095520e+03 1.102708e+03
1.9 1.087522e+03 1.097378e+03 1.096836e+03 1.086980e+03
2.9 1.093151e+03 1.097150e+03 1.098842e+03 1.094843e+03
3.9 1.091246e+03 1.094171e+03 1.098275e+03 1.095350e+03
4.9 1.081507e+03 1.090918e+03 1.096558e+03 1.087148e+03
5.9 1.081730e+03 1.088795e+03 1.095189e+03 1.088124e+03
6.9 1.094161e+03 1.088648e+03 1.094423e+03 1.099936e+03
7.9 1.091032e+03 1.091567e+03 1.094075e+03 1.093540e+03
8.9 1.111646e+03 1.098209e+03 1.093977e+03 1.107414e+03
9.9 1.102360e+03 1.102992e+03 1.094022e+03 1.093391e+03
10.9 1.102216e+03 1.100596e+03 1.094132e+03 1.095752e+03
11.9 1.095277e+03 1.096384e+03 1.094249e+03 1.093142e+03
12.9 1.108094e+03 1.097322e+03 1.094343e+03 1.105116e+03
13.9 1.110976e+03 1.100989e+03 1.094407e+03 1.104394e+03
14.9 1.103924e+03 1.099078e+03 1.094446e+03 1.099292e+03
15.9 1.101825e+03 1.095159e+03 1.094466e+03 1.101131e+03
16.9 1.095556e+03 1.092789e+03 1.094481e+03 1.097247e+03
17.9 1.088128e+03 1.092331e+03 1.095567e+03 1.091364e+03
18.9 1.084099e+03 1.094688e+03 1.098536e+03 1.087947e+03
19.9 1.100996e+03 1.100932e+03 1.099230e+03 1.099294e+03
20.9 1.098038e+03 1.107628e+03 1.098018e+03 1.088427e+03
0.5 1.095556e+03 1.092789e+03 1.094481e+03 1.097247e+03
1.5 1.088128e+03 1.092331e+03 1.095567e+03 1.091364e+03
2.5 1.084099e+03 1.094688e+03 1.098536e+03 1.087947e+03
3.5 1.100996e+03 1.100932e+03 1.099230e+03 1.099294e+03
4.5 1.098038e+03 1.107628e+03 1.098018e+03 1.088427e+03
5.5 1.106415e+03 1.108680e+03 1.098929e+03 1.096664e+03
6.5 1.074598e+03 1.106269e+03 1.099804e+03 1.068133e+03
7.5 1.104015e+03 1.104192e+03 1.098813e+03 1.098636e+03
8.5 1.101397e+03 1.102097e+03 1.099568e+03 1.098867e+03
9.5 1.093371e+03 1.098028e+03 1.099802e+03 1.095144e+03
10.5 1.096431e+03 1.092909e+03 1.098033e+03 1.101556e+03
11.5 1.075689e+03 1.089137e+03 1.095989e+03 1.082541e+03
12.5 1.088193e+03 1.088954e+03 1.094657e+03 1.093895e+03
13.5 1.097261e+03 1.094191e+03 1.094012e+03 1.097082e+03
14.5 1.090929e+03 1.100350e+03 1.093894e+03 1.084473e+03
15.5 1.093845e+03 1.102800e+03 1.096021e+03 1.087065e+03
16.5 1.099826e+03 1.102161e+03 1.098635e+03 1.096300e+03
17.5 1.110284e+03 1.101146e+03 1.098441e+03 1.107579e+03
18.5 1.103323e+03 1.100147e+03 1.097721e+03 1.100897e+03
19.5 1.106878e+03 1.099057e+03 1.099310e+03 1.107131e+03
20.5 1.095957e+03 1.095885e+03 1.099432e+03 1.099503e+03
0.1 1.100996e+03 1.100932e+03 1.099230e+03 1.099294e+03
1.1 1.098038e+03 1.107628e+03 1.098018e+03 1.088427e+03
2.1 1.106415e+03 1.108680e+03 1.098929e+03 1.096664e+03
3.1 1.074598e+03 1.106269e+03 1.099804e+03 1.068133e+03
4.1 1.104015e+03 1.104192e+03 1.098813e+03 1.098636e+03
5.1 1.101397e+03 1.102097e+03 1.099568e+03 1.098867e+03
6.1 1.093371e+03 1.098028e+03 1.099802e+03 1.095144e+03
7.1 1.096431e+03 1.092909e+03 1.098033e+03 1.101556e+03
8.1 1.075689e+03 1.089137e+03 1.095989e+03 1.082541e+03
9.1 1.088193e+03 1.088954e+03 1.094657e+03 1.093895e+03
10.1 1.097261e+03 1.094191e+03 1.094012e+03 1.097082e+03
11.1 1.090929e+03 1.100350e+03 1.093894e+03 1.084473e+03
12.1 1.093845e+03 1.102800e+03 1.096021e+03 1.087065e+03
13.1 1.099826e+03 1.102161e+03 1.098635e+03 1.096300e+03
14.1 1.110284e+03 1.101146e+03 1.098441e+03 1.107579e+03
15.1 1.103323e+03 1.100147e+03 1.097721e+03 1.100897e+03
16.1 1.106878e+03 1.099057e+03 1.099310e+03 1.107131e+03
17.1 1.095957e+03 1.095885e+03 1.099432e+03 1.099503e+03
18.1 1.079247e+03 1.091856e+03 1.097628e+03 1.085019e+03
19.1 1.071837e+03 1.089185e+03 1.095769e+03 1.078422e+03
20.1 1.086566e+03 1.088828e+03 1.094617e+03 1.092355e+03
0.2 1.074598e+03 1.106269e+03 1.099804e+03 1.068133e+03
1.2 1.104015e+03 1.104192e+03 1.098813e+03 1.098636e+03
2.2 1.101397e+03 1.102097e+03 1.099568e+03 1.098867e+03
3.2 1.093371e+03 1.098028e+03 1.099802e+03 1.095144e+03
4.2 1.096431e+03 1.092909e+03 1.098033e+03 1.101556e+03
5.2 1.075689e+03 1.089137e+03 1.095989e+03 1.082541e+03
6.2 1.088193e+03 1.088954e+03 1.094657e+03 1.093895e+03
7.2 1.097261e+03 1.094191e+03 1.094012e+03 1.097082e+03
8.2 1.090929e+03 1.100350e+03 1.093894e+03 1.084473e+03
9.2 1.093845e+03 1.102800e+03 1.096021e+03 1.087065e+03
10.2 1.099826e+03 1.102161e+03 1.098635e+03 1.096300e+03
11.2 1.110284e+03 1.101146e+03 1.098441e+03 1.107579e+03
12.2 1.103323e+03 1.100147e+03 1.097721e+03 1.100897e+03
13.2 1.106878e+03 1.099057e+03 1.099310e+03 1.107131e+03
14.2 1.095957e+03 1.095885e+03 1.099432e+03 1.099503e+03
15.2 1.079247e+03 1.091856e+03 1.097628e+03 1.085019e+03
16.2 1.071837e+03 1.089185e+03 1.095769e+03 1.078422e+03
17.2 1.086566e+03 1.088828e+03 1.094617e+03 1.092355e+03
18.2 1.096526e+03 1.089937e+03 1.094588e+03 1.101177e+03
19.2 1.092791e+03 1.092672e+03 1.097265e+03 1.097383e+03
20.2 1.087548e+03 1.093597e+03 1.098772e+03 1.092724e+03
0.9 1.090929e+03 1.100350e+03 1.093894e+03 1.084473e+03
1.9 1.093845e+03 1.102800e+03 1.096021e+03 1.087065e+03
2.9 1.099826e+03 1.102161e+03 1.098635e+03 1.096300e+03
3.9 1.110284e+03 1.101146e+03 1.098441e+03 1.107579e+03
4.9 1.103323e+03 1.100147e+03 1.097721e+03 1.100897e+03
5.9 1.106878e+03 1.099057e+03 1.099310e+03 1.107131e+03
6.9 1.095957e+03 1.095885e+03 1.099432e+03 1.099503e+03
7.9 1.079247e+03 1.091856e+03 1.097628e+03 1.085019e+03
8.9 1.071837e+03 1.089185e+03 1.095769e+03 1.078422e+03
9.9 1.086566e+03 1.088828e+03 1.094617e+03 1.092355e+03
10.9 1.096526e+03 1.089937e+03 1.094588e+03 1.101177e+03
11.9 1.092791e+03 1.092672e+03 1.097265e+03 1.097383e+03
12.9 1.087548e+03 1.093597e+03 1.098772e+03 1.092724e+03
13.9 1.082493e+03 1.092053e+03 1.097756e+03 1.088197e+03
14.9 1.089861e+03 1.090144e+03 1.096148e+03 1.095865e+03
15.9 1.094217e+03 1.088869e+03 1.095004e+03 1.100351e+03
16.9 1.085143e+03 1.088213e+03 1.094376e+03 1.091306e+03
17.9 1.096141e+03 1.087823e+03 1.094092e+03 1.102411e+03
18.9 1.096417e+03 1.087415e+03 1.094120e+03 1.103122e+03
19.9 1.085941e+03 1.089401e+03 1.096281e+03 1.092821e+03
20.9 1.095832e+03 1.092248e+03 1.098868e+03 1.102452e+03
0.4 1.110284e+03 1.101146e+03 1.098441e+03 1.107579e+03
1.4 1.103323e+03 1.100147e+03 1.097721e+03 1.100897e+03
2.4 1.106878e+03 1.099057e+03 1.099310e+03 1.107131e+03
3.4 1.095957e+03 1.095885e+03 1.099432e+03 1.099503e+03
4.4 1.079247e+03 1.091856e+03 1.097628e+03 1.085019e+03
5.4 1.071837e+03 1.089185e+03 1.095769e+03 1.078422e+03
6.4 1.086566e+03 1.088828e+03 1.094617e+03 1.092355e+03
7.4 1.096526e+03 1.089937e+03 1.094588e+03 1.101177e+03
8.4 1.092791e+03 1.092672e+03 1.097265e+03 1.097383e+03
9.4 1.087548e+03 1.093597e+03 1.098772e+03 1.092724e+03
10.4 1.082493e+03 1.092053e+03 1.097756e+03 1.088197e+03
11.4 1.089861e+03 1.090144e+03 1.096148e+03 1.095865e+03
12.4 1.094217e+03 1.088869e+03 1.095004e+03 1.100351e+03
13.4 1.085143e+03 1.088213e+03 1.094376e+03 1.091306e+03
14.4 1.096141e+03 1.087823e+03 1.094092e+03 1.102411e+03
15.4 1.096417e+03 1.087415e+03 1.094120e+03 1.103122e+03
16.4 1.085941e+03 1.089401e+03 1.096281e+03 1.092821e+03
17.4 1.095832e+03 1.092248e+03 1.098868e+03 1.102452e+03
18.4 1.125773e+03 1.092963e+03 1.098618e+03 1.131427e+03
19.4 1.100500e+03 1.094776e+03 1.096969e+03 1.102693e+03
20.4 1.100009e+03 1.097777e+03 1.095536e+03 1.097768e+03
0.2 1.086566e+03 1.088828e+03 1.094617e+03 1.092355e+03
1.2 1.096526e+03 1.089937e+03 1.094588e+03 1.101177e+03
2.2 1.092791e+03 1.092672e+03 1.097265e+03 1.097383e+03
3.2 1.087548e+03 1.093597e+03 1.098772e+03 1.092724e+03
4.2 1.082493e+03 1.092053e+03 1.097756e+03 1.088197e+03
5.2 1.089861e+03 1.090144e+03 1.096148e+03 1.095865e+03
6.2 1.094217e+03 1.088869e+03 1.095004e+03 1.100351e+03
7.2 1.085143e+03 1.088213e+03 1.094376e+03 1.091306e+03
8.2 1.096141e+03 1.087823e+03 1.094092e+03 1.102411e+03
9.2 1.096417e+03 1.087415e+03 1.094120e+03 1.103122e+03
10.2 1.085941e+03 1.089401e+03 1.096281e+03 1.092821e+03
11.2 1.095832e+03 1.092248e+03 1.098868e+03 1.102452e+03
12.2 1.125773e+03 1.092963e+03 1.098618e+03 1.131427e+03
13.2 1.100500e+03 1.094776e+03 1.096969e+03 1.102693e+03
14.2 1.100009e+03 1.097777e+03 1.095536e+03 1.097768e+03
15.2 1.108282e+03 1.103221e+03 1.094668e+03 1.099729e+03
16.2 1.103595e+03 1.104417e+03 1.094227e+03 1.093404e+03
17.2 1.098840e+03 1.099493e+03 1.094061e+03 1.093407e+03
18.2 1.098881e+03 1.093740e+03 1.094063e+03 1.099204e+03
19.2 1.087526e+03 1.089866e+03 1.094149e+03 1.091810e+03
20.2 1.079973e+03 1.087847e+03 1.094255e+03 1.086381e+03
0.9 1.096417e+03 1.087415e+03 1.094120e+03 1.103122e+03
1.9 1.085941e+03 1.089401e+03 1.096281e+03 1.092821e+03
2.9 1.095832e+03 1.092248e+03 1.098868e+03 1.102452e+03
3.9 1.125773e+03 1.092963e+03 1.098618e+03 1.131427e+03
4.9 1.100500e+03 1.094776e+03 1.096969e+03 1.102693e+03
5.9 1.100009e+03 1.097777e+03 1.095536e+03 1.097768e+03
6.9 1.108282e+03 1.103221e+03 1.094668e+03 1.099729e+03
7.9 1.103595e+03 1.104417e+03 1.094227e+03 1.093404e+03
8.9 1.098840e+03 1.099493e+03 1.094061e+03 1.093407e+03
9.9 1.098881e+03 1.093740e+03 1.094063e+03 1.099204e+03
10.9 1.087526e+03 1.089866e+03 1.094149e+03 1.091810e+03
11.9 1.079973e+03 1.087847e+03 1.094255e+03 1.086381e+03
12.9 1.112568e+03 1.087762e+03 1.094345e+03 1.119152e+03
13.9 1.108314e+03 1.090648e+03 1.094476e+03 1.112142e+03
14.9 1.113865e+03 1.094467e+03 1.096463e+03 1.115861e+03
15.9 1.132668e+03 1.096321e+03 1.099083e+03 1.135430e+03
16.9 1.095506e+03 1.094595e+03 1.098884e+03 1.099795e+03
17.9 1.096178e+03 1.091738e+03 1.097180e+03 1.101620e+03
18.9 1.087806e+03 1.089268e+03 1.095664e+03 1.094202e+03
19.9 1.106040e+03 1.089087e+03 1.094735e+03 1.111688e+03
20.9 1.104659e+03 1.095570e+03 1.094258e+03 1.103348e+03
0.8 1.108314e+03 1.090648e+03 1.094476e+03 1.112142e+03
1.8 1.113865e+03 1.094467e+03 1.096463e+03 1.115861e+03
2.8 1.132668e+03 1.096321e+03 1.099083e+03 1.135430e+03
3.8 1.095506e+03 1.094595e+03 1.098884e+03 1.099795e+03
4.8 1.096178e+03 1.091738e+03 1.097180e+03 1.101620e+03
5.8 1.087806e+03 1.089268e+03 1.095664e+03 1.094202e+03
6.8 1.106040e+03 1.089087e+03 1.094735e+03 1.111688e+03
7.8 1.104659e+03 1.095570e+03 1.094258e+03 1.103348e+03
8.8 1.115467e+03 1.099004e+03 1.094071e+03 1.110534e+03
9.8 1.103562e+03 1.098887e+03 1.094062e+03 1.098737e+03
10.8 1.125231e+03 1.101420e+03 1.094144e+03 1.117956e+03
11.8 1.100858e+03 1.104242e+03 1.094485e+03 1.091101e+03
12.8 1.105769e+03 1.104121e+03 1.097099e+03 1.098746e+03
13.8 1.104576e+03 1.100530e+03 1.099225e+03 1.103271e+03
14.8 1.080459e+03 1.094731e+03 1.098510e+03 1.084238e+03
15.8 1.090128e+03 1.091587e+03 1.096769e+03 1.095310e+03
16.8 1.068996e+03 1.096145e+03 1.095395e+03 1.068246e+03
17.8 1.091566e+03 1.098084e+03 1.094590e+03 1.088072e+03
18.8 1.079815e+03 1.095009e+03 1.094193e+03 1.078999e+03
19.8 1.092637e+03 1.091285e+03 1.094056e+03 1.095408e+03
20.8 1.079543e+03 1.088913e+03 1.094076e+03 1.084706e+03
1.0 1.100858e+03 1.104242e+03 1.094485e+03 1.091101e+03
2.0 1.105769e+03 1.104121e+03 1.097099e+03 1.098746e+03
3.0 1.104576e+03 1.100530e+03 1.099225e+03 1.103271e+03
4.0 1.080459e+03 1.094731e+03 1.098510e+03 1.084238e+03
5.0 1.090128e+03 1.091587e+03 1.096769e+03 1.095310e+03
6.0 1.068996e+03 1.096145e+03 1.095395e+03 1.068246e+03
7.0 1.091566e+03 1.098084e+03 1.094590e+03 1.088072e+03
8.0 1.079815e+03 1.095009e+03 1.094193e+03 1.078999e+03
9.0 1.092637e+03 1.091285e+03 1.094056e+03 1.095408e+03
10.0 1.079543e+03 1.088913e+03 1.094076e+03 1.084706e+03
11.0 1.078449e+03 1.087764e+03 1.094168e+03 1.084853e+03
12.0 1.086706e+03 1.087352e+03 1.094272e+03 1.093626e+03
