0.3 7.164849e+03 7.166668e+03 7.170198e+03 7.168379e+03
1.3 7.226542e+03 7.165746e+03 7.169276e+03 7.230072e+03
2.3 7.205840e+03 7.158807e+03 7.162340e+03 7.209372e+03
3.3 7.191300e+03 7.151974e+03 7.155909e+03 7.195234e+03
4.3 7.175285e+03 7.152784e+03 7.157563e+03 7.180064e+03
5.3 7.171242e+03 7.161440e+03 7.162770e+03 7.172572e+03
6.3 7.182925e+03 7.173895e+03 7.167109e+03 7.176139e+03
7.3 7.209677e+03 7.177878e+03 7.169708e+03 7.201507e+03
8.3 7.222467e+03 7.174839e+03 7.171011e+03 7.218639e+03
9.3 7.198642e+03 7.171151e+03 7.171483e+03 7.198974e+03
10.3 7.205635e+03 7.168671e+03 7.171454e+03 7.208417e+03
11.3 7.195774e+03 7.166623e+03 7.171187e+03 7.200337e+03
12.3 7.219967e+03 7.163674e+03 7.170869e+03 7.227162e+03
13.3 7.198427e+03 7.160947e+03 7.170603e+03 7.208082e+03
14.3 7.194004e+03 7.160141e+03 7.170420e+03 7.204283e+03
15.3 7.195454e+03 7.161133e+03 7.170310e+03 7.204631e+03
16.3 7.209531e+03 7.163091e+03 7.170251e+03 7.216691e+03
17.3 7.208789e+03 7.163712e+03 7.170221e+03 7.215298e+03
18.3 7.198191e+03 7.162650e+03 7.170208e+03 7.205748e+03
19.3 7.212222e+03 7.162045e+03 7.170202e+03 7.220379e+03
20.3 7.187211e+03 7.162693e+03 7.170200e+03 7.194717e+03
0.2 7.225147e+03 7.174637e+03 7.170198e+03 7.220708e+03
1.2 7.182083e+03 7.168356e+03 7.169449e+03 7.183177e+03
2.2 7.194405e+03 7.158409e+03 7.162445e+03 7.198441e+03
3.2 7.117036e+03 7.144687e+03 7.150011e+03 7.122360e+03
4.2 7.125060e+03 7.137950e+03 7.143665e+03 7.130774e+03
5.2 7.159072e+03 7.143116e+03 7.149014e+03 7.164970e+03
6.2 7.144893e+03 7.152861e+03 7.158430e+03 7.150463e+03
7.2 7.123654e+03 7.161717e+03 7.165787e+03 7.127724e+03
8.2 7.149638e+03 7.169353e+03 7.170074e+03 7.150358e+03
9.2 7.137707e+03 7.174577e+03 7.172103e+03 7.135233e+03
10.2 7.163866e+03 7.174772e+03 7.172704e+03 7.161799e+03
11.2 7.203241e+03 7.171674e+03 7.172493e+03 7.204060e+03
12.2 7.140189e+03 7.168998e+03 7.171928e+03 7.143118e+03
13.2 7.124077e+03 7.165482e+03 7.169324e+03 7.127919e+03
14.2 7.115294e+03 7.155366e+03 7.159510e+03 7.119439e+03
15.2 7.132445e+03 7.145945e+03 7.150205e+03 7.136705e+03
16.2 7.111415e+03 7.146568e+03 7.151181e+03 7.116028e+03
17.2 7.144805e+03 7.147863e+03 7.152554e+03 7.149496e+03
18.2 7.135179e+03 7.142455e+03 7.146813e+03 7.139537e+03
19.2 7.143752e+03 7.138728e+03 7.142849e+03 7.147872e+03
20.2 7.120491e+03 7.144116e+03 7.148888e+03 7.125263e+03
0.5 7.140189e+03 7.168998e+03 7.171928e+03 7.143118e+03
1.5 7.124077e+03 7.165482e+03 7.169324e+03 7.127919e+03
2.5 7.115294e+03 7.155366e+03 7.159510e+03 7.119439e+03
3.5 7.132445e+03 7.145945e+03 7.150205e+03 7.136705e+03
4.5 7.111415e+03 7.146568e+03 7.151181e+03 7.116028e+03
5.5 7.144805e+03 7.147863e+03 7.152554e+03 7.149496e+03
6.5 7.135179e+03 7.142455e+03 7.146813e+03 7.139537e+03
7.5 7.143752e+03 7.138728e+03 7.142849e+03 7.147872e+03
8.5 7.120491e+03 7.144116e+03 7.148888e+03 7.125263e+03
9.5 7.150245e+03 7.153870e+03 7.159007e+03 7.155382e+03
10.5 7.141422e+03 7.162088e+03 7.166803e+03 7.146136e+03
11.5 7.164725e+03 7.167685e+03 7.171113e+03 7.168154e+03
12.5 7.164813e+03 7.176405e+03 7.172942e+03 7.161350e+03
13.5 7.146495e+03 7.186920e+03 7.173307e+03 7.132882e+03
14.5 7.166301e+03 7.187599e+03 7.172901e+03 7.151604e+03
15.5 7.161729e+03 7.183361e+03 7.172201e+03 7.150569e+03
16.5 7.160803e+03 7.183919e+03 7.171511e+03 7.148395e+03
17.5 7.150514e+03 7.180933e+03 7.170975e+03 7.140556e+03
18.5 7.126522e+03 7.174088e+03 7.170619e+03 7.123053e+03
19.5 7.109243e+03 7.168653e+03 7.170409e+03 7.110999e+03
20.5 7.101825e+03 7.165848e+03 7.170297e+03 7.106274e+03
0.1 7.132445e+03 7.145945e+03 7.150205e+03 7.136705e+03
1.1 7.111415e+03 7.146568e+03 7.151181e+03 7.116028e+03
2.1 7.144805e+03 7.147863e+03 7.152554e+03 7.149496e+03
3.1 7.135179e+03 7.142455e+03 7.146813e+03 7.139537e+03
4.1 7.143752e+03 7.138728e+03 7.142849e+03 7.147872e+03
5.1 7.120491e+03 7.144116e+03 7.148888e+03 7.125263e+03
6.1 7.150245e+03 7.153870e+03 7.159007e+03 7.155382e+03
7.1 7.141422e+03 7.162088e+03 7.166803e+03 7.146136e+03
8.1 7.164725e+03 7.167685e+03 7.171113e+03 7.168154e+03
9.1 7.164813e+03 7.176405e+03 7.172942e+03 7.161350e+03
10.1 7.146495e+03 7.186920e+03 7.173307e+03 7.132882e+03
11.1 7.166301e+03 7.187599e+03 7.172901e+03 7.151604e+03
12.1 7.161729e+03 7.183361e+03 7.172201e+03 7.150569e+03
13.1 7.160803e+03 7.183919e+03 7.171511e+03 7.148395e+03
14.1 7.150514e+03 7.180933e+03 7.170975e+03 7.140556e+03
15.1 7.126522e+03 7.174088e+03 7.170619e+03 7.123053e+03
16.1 7.109243e+03 7.168653e+03 7.170409e+03 7.110999e+03
17.1 7.101825e+03 7.165848e+03 7.170297e+03 7.106274e+03
18.1 7.124556e+03 7.164843e+03 7.170242e+03 7.129955e+03
19.1 7.148779e+03 7.165844e+03 7.170216e+03 7.153151e+03
20.1 7.156781e+03 7.168928e+03 7.170205e+03 7.158058e+03
0.3 7.192232e+03 7.161290e+03 7.170198e+03 7.201140e+03
1.3 7.181648e+03 7.160941e+03 7.169079e+03 7.189786e+03
2.3 7.152166e+03 7.154760e+03 7.161171e+03 7.158577e+03
3.3 7.127203e+03 7.145935e+03 7.150872e+03 7.132140e+03
4.3 7.133790e+03 7.145576e+03 7.150360e+03 7.138575e+03
5.3 7.161923e+03 7.151375e+03 7.157186e+03 7.167734e+03
6.3 7.115693e+03 7.156371e+03 7.164124e+03 7.123447e+03
7.3 7.152728e+03 7.159333e+03 7.168628e+03 7.162024e+03
8.3 7.144942e+03 7.161660e+03 7.171009e+03 7.154291e+03
9.3 7.163808e+03 7.163977e+03 7.171988e+03 7.171819e+03
10.3 7.133880e+03 7.167319e+03 7.172107e+03 7.138668e+03
11.3 7.179082e+03 7.175545e+03 7.171780e+03 7.175317e+03
12.3 7.167895e+03 7.180851e+03 7.171314e+03 7.158358e+03
13.3 7.167471e+03 7.177811e+03 7.170895e+03 7.160555e+03
14.3 7.155762e+03 7.172479e+03 7.170591e+03 7.153874e+03
15.3 7.146457e+03 7.167364e+03 7.170402e+03 7.149495e+03
16.3 7.139881e+03 7.163091e+03 7.170296e+03 7.147086e+03
17.3 7.142440e+03 7.161043e+03 7.170242e+03 7.151639e+03
18.3 7.148066e+03 7.161311e+03 7.170217e+03 7.156971e+03
19.3 7.133192e+03 7.163014e+03 7.170206e+03 7.140384e+03
20.3 7.139066e+03 7.165163e+03 7.170201e+03 7.144105e+03
0.3 7.092337e+03 7.177670e+03 7.170198e+03 7.084865e+03
1.3 7.163178e+03 7.170234e+03 7.169181e+03 7.162125e+03
2.3 7.176717e+03 7.159286e+03 7.162080e+03 7.179511e+03
3.3 7.160185e+03 7.150989e+03 7.155848e+03 7.165044e+03
4.3 7.139966e+03 7.151674e+03 7.157693e+03 7.145984e+03
5.3 7.125690e+03 7.156819e+03 7.162912e+03 7.131784e+03
6.3 7.137870e+03 7.159984e+03 7.165476e+03 7.143362e+03
7.3 7.136704e+03 7.155327e+03 7.160115e+03 7.141492e+03
8.3 7.171092e+03 7.151961e+03 7.156476e+03 7.175607e+03
9.3 7.147915e+03 7.155228e+03 7.159811e+03 7.152498e+03
10.3 7.167740e+03 7.160660e+03 7.165025e+03 7.172105e+03
11.3 7.158603e+03 7.164744e+03 7.168738e+03 7.162597e+03
12.3 7.171647e+03 7.167007e+03 7.170717e+03 7.175356e+03
13.3 7.195968e+03 7.168008e+03 7.171559e+03 7.199518e+03
14.3 7.184381e+03 7.169003e+03 7.171726e+03 7.187104e+03
15.3 7.204750e+03 7.175365e+03 7.171523e+03 7.200907e+03
16.3 7.272025e+03 7.184621e+03 7.171174e+03 7.258578e+03
17.3 7.199963e+03 7.184833e+03 7.170832e+03 7.185963e+03
18.3 7.178276e+03 7.178020e+03 7.170569e+03 7.170825e+03
19.3 7.182876e+03 7.173132e+03 7.170397e+03 7.180141e+03
20.3 7.157233e+03 7.172429e+03 7.170297e+03 7.155100e+03
0.5 7.125690e+03 7.156819e+03 7.162912e+03 7.131784e+03
1.5 7.137870e+03 7.159984e+03 7.165476e+03 7.143362e+03
2.5 7.136704e+03 7.155327e+03 7.160115e+03 7.141492e+03
3.5 7.171092e+03 7.151961e+03 7.156476e+03 7.175607e+03
4.5 7.147915e+03 7.155228e+03 7.159811e+03 7.152498e+03
5.5 7.167740e+03 7.160660e+03 7.165025e+03 7.172105e+03
6.5 7.158603e+03 7.164744e+03 7.168738e+03 7.162597e+03
7.5 7.171647e+03 7.167007e+03 7.170717e+03 7.175356e+03
8.5 7.195968e+03 7.168008e+03 7.171559e+03 7.199518e+03
9.5 7.184381e+03 7.169003e+03 7.171726e+03 7.187104e+03
10.5 7.204750e+03 7.175365e+03 7.171523e+03 7.200907e+03
11.5 7.272025e+03 7.184621e+03 7.171174e+03 7.258578e+03
12.5 7.199963e+03 7.184833e+03 7.170832e+03 7.185963e+03
13.5 7.178276e+03 7.178020e+03 7.170569e+03 7.170825e+03
14.5 7.182876e+03 7.173132e+03 7.170397e+03 7.180141e+03
15.5 7.157233e+03 7.172429e+03 7.170297e+03 7.155100e+03
16.5 7.176691e+03 7.172315e+03 7.170243e+03 7.174619e+03
17.5 7.159123e+03 7.170012e+03 7.170218e+03 7.159329e+03
18.5 7.177454e+03 7.172513e+03 7.170206e+03 7.175147e+03
19.5 7.164678e+03 7.178038e+03 7.170201e+03 7.156841e+03
20.5 7.160830e+03 7.177000e+03 7.170199e+03 7.154029e+03
0.6 7.164302e+03 7.167026e+03 7.170181e+03 7.167457e+03
1.6 7.148373e+03 7.164819e+03 7.167854e+03 7.151409e+03
2.6 7.162913e+03 7.156486e+03 7.159596e+03 7.166023e+03
3.6 7.120946e+03 7.151740e+03 7.155646e+03 7.124852e+03
4.6 7.134421e+03 7.154280e+03 7.159109e+03 7.139250e+03
5.6 7.151488e+03 7.159953e+03 7.164320e+03 7.155855e+03
6.6 7.137010e+03 7.166504e+03 7.168099e+03 7.138605e+03
7.6 7.137581e+03 7.171409e+03 7.170232e+03 7.136404e+03
8.6 7.123037e+03 7.171986e+03 7.171231e+03 7.122283e+03
9.6 7.139993e+03 7.170305e+03 7.171514e+03 7.141203e+03
10.6 7.153947e+03 7.168705e+03 7.171385e+03 7.156627e+03
11.6 7.152186e+03 7.167635e+03 7.171085e+03 7.155636e+03
12.6 7.137706e+03 7.166969e+03 7.170777e+03 7.141514e+03
13.6 7.135104e+03 7.166608e+03 7.170537e+03 7.139032e+03
14.6 7.154889e+03 7.166981e+03 7.170379e+03 7.158287e+03
15.6 7.204166e+03 7.169011e+03 7.170287e+03 7.205443e+03
16.6 7.189637e+03 7.169552e+03 7.170239e+03 7.190324e+03
17.6 7.162389e+03 7.167956e+03 7.170216e+03 7.164650e+03
18.6 7.168292e+03 7.166739e+03 7.170205e+03 7.171758e+03
19.6 7.162898e+03 7.165972e+03 7.169835e+03 7.166761e+03
20.6 7.151698e+03 7.160470e+03 7.164383e+03 7.155611e+03
1.0 7.162898e+03 7.165972e+03 7.169835e+03 7.166761e+03
2.0 7.151698e+03 7.160470e+03 7.164383e+03 7.155611e+03
3.0 7.162428e+03 7.152460e+03 7.156430e+03 7.166398e+03
4.0 7.197705e+03 7.151896e+03 7.156258e+03 7.202067e+03
5.0 7.187744e+03 7.156946e+03 7.161269e+03 7.192067e+03
6.0 7.203564e+03 7.166110e+03 7.166116e+03 7.203570e+03
7.0 7.172490e+03 7.180031e+03 7.169188e+03 7.161648e+03
8.0 7.169945e+03 7.190515e+03 7.170798e+03 7.150228e+03
9.0 7.207568e+03 7.188520e+03 7.171454e+03 7.190503e+03
10.0 7.172364e+03 7.179280e+03 7.171051e+03 7.164135e+03
11.0 7.160661e+03 7.165941e+03 7.164956e+03 7.159676e+03
12.0 7.150660e+03 7.153677e+03 7.156943e+03 7.153926e+03
13.0 7.146052e+03 7.151248e+03 7.156943e+03 7.151747e+03
14.0 7.131346e+03 7.155334e+03 7.161848e+03 7.137860e+03
15.0 7.150501e+03 7.160303e+03 7.166477e+03 7.156675e+03
16.0 7.159983e+03 7.163962e+03 7.169380e+03 7.165400e+03
17.0 7.168053e+03 7.166196e+03 7.170886e+03 7.172744e+03
18.0 7.161478e+03 7.167332e+03 7.171484e+03 7.165629e+03
19.0 7.182430e+03 7.167710e+03 7.171521e+03 7.186242e+03
0.1 7.207568e+03 7.188520e+03 7.171454e+03 7.190503e+03
1.1 7.172364e+03 7.179280e+03 7.171051e+03 7.164135e+03
2.1 7.160661e+03 7.165941e+03 7.164956e+03 7.159676e+03
3.1 7.150660e+03 7.153677e+03 7.156943e+03 7.153926e+03
4.1 7.146052e+03 7.151248e+03 7.156943e+03 7.151747e+03
5.1 7.131346e+03 7.155334e+03 7.161848e+03 7.137860e+03
6.1 7.150501e+03 7.160303e+03 7.166477e+03 7.156675e+03
7.1 7.159983e+03 7.163962e+03 7.169380e+03 7.165400e+03
8.1 7.168053e+03 7.166196e+03 7.170886e+03 7.172744e+03
9.1 7.161478e+03 7.167332e+03 7.171484e+03 7.165629e+03
10.1 7.182430e+03 7.167710e+03 7.171521e+03 7.186242e+03
