0.4 5.712956e+03 5.705554e+03 5.685522e+03 5.692924e+03
1.4 5.726347e+03 5.715809e+03 5.689918e+03 5.700456e+03
2.4 5.718241e+03 5.713152e+03 5.703851e+03 5.708940e+03
3.4 5.696256e+03 5.695237e+03 5.707918e+03 5.708937e+03
4.4 5.720901e+03 5.673213e+03 5.701287e+03 5.748975e+03
5.4 5.688878e+03 5.657331e+03 5.693361e+03 5.724908e+03
6.4 5.645057e+03 5.648961e+03 5.688011e+03 5.684107e+03
7.4 5.649989e+03 5.645945e+03 5.685091e+03 5.689135e+03
8.4 5.660530e+03 5.652572e+03 5.683780e+03 5.691738e+03
9.4 5.712619e+03 5.677857e+03 5.683483e+03 5.718244e+03
10.4 5.672800e+03 5.702905e+03 5.683751e+03 5.653646e+03
11.4 5.733252e+03 5.716296e+03 5.684231e+03 5.701188e+03
12.4 5.718589e+03 5.711589e+03 5.684695e+03 5.691695e+03
13.4 5.719125e+03 5.709201e+03 5.685043e+03 5.694968e+03
14.4 5.736950e+03 5.712804e+03 5.685266e+03 5.709412e+03
15.4 5.719780e+03 5.709484e+03 5.685393e+03 5.695689e+03
16.4 5.729562e+03 5.692836e+03 5.685458e+03 5.722184e+03
17.4 5.701485e+03 5.688031e+03 5.685489e+03 5.698943e+03
18.4 5.701028e+03 5.697793e+03 5.685542e+03 5.688777e+03
19.4 5.706280e+03 5.704326e+03 5.691313e+03 5.693266e+03
20.4 5.717080e+03 5.704657e+03 5.705075e+03 5.717497e+03
0.5 5.701028e+03 5.697793e+03 5.685542e+03 5.688777e+03
1.5 5.706280e+03 5.704326e+03 5.691313e+03 5.693266e+03
2.5 5.717080e+03 5.704657e+03 5.705075e+03 5.717497e+03
3.5 5.696258e+03 5.701153e+03 5.707510e+03 5.702615e+03
4.5 5.704185e+03 5.699135e+03 5.700314e+03 5.705364e+03
5.5 5.719301e+03 5.698851e+03 5.692603e+03 5.713054e+03
6.5 5.719667e+03 5.701168e+03 5.687571e+03 5.706070e+03
7.5 5.687678e+03 5.689540e+03 5.684873e+03 5.683011e+03
8.5 5.664451e+03 5.672136e+03 5.683704e+03 5.676019e+03
9.5 5.675808e+03 5.668665e+03 5.683492e+03 5.690635e+03
10.5 5.641911e+03 5.680091e+03 5.683803e+03 5.645622e+03
11.5 5.687872e+03 5.690454e+03 5.687767e+03 5.685185e+03
12.5 5.731899e+03 5.696096e+03 5.702050e+03 5.737853e+03
13.5 5.708077e+03 5.688431e+03 5.707690e+03 5.727336e+03
14.5 5.668264e+03 5.678469e+03 5.701784e+03 5.691579e+03
15.5 5.660444e+03 5.684430e+03 5.693844e+03 5.669858e+03
16.5 5.658652e+03 5.697030e+03 5.688313e+03 5.649935e+03
17.5 5.734644e+03 5.706601e+03 5.685247e+03 5.713289e+03
18.5 5.695384e+03 5.706631e+03 5.683837e+03 5.672590e+03
19.5 5.713126e+03 5.689859e+03 5.683477e+03 5.706744e+03
20.5 5.650583e+03 5.673032e+03 5.683714e+03 5.661265e+03
0.3 5.641911e+03 5.680091e+03 5.683803e+03 5.645622e+03
1.3 5.687872e+03 5.690454e+03 5.687767e+03 5.685185e+03
2.3 5.731899e+03 5.696096e+03 5.702050e+03 5.737853e+03
3.3 5.708077e+03 5.688431e+03 5.707690e+03 5.727336e+03
4.3 5.668264e+03 5.678469e+03 5.701784e+03 5.691579e+03
5.3 5.660444e+03 5.684430e+03 5.693844e+03 5.669858e+03
6.3 5.658652e+03 5.697030e+03 5.688313e+03 5.649935e+03
7.3 5.734644e+03 5.706601e+03 5.685247e+03 5.713289e+03
8.3 5.695384e+03 5.706631e+03 5.683837e+03 5.672590e+03
9.3 5.713126e+03 5.689859e+03 5.683477e+03 5.706744e+03
10.3 5.650583e+03 5.673032e+03 5.683714e+03 5.661265e+03
11.3 5.662964e+03 5.673537e+03 5.684189e+03 5.673616e+03
12.3 5.673636e+03 5.682602e+03 5.687084e+03 5.678118e+03
13.3 5.695493e+03 5.691714e+03 5.700823e+03 5.704602e+03
14.3 5.696513e+03 5.696467e+03 5.708006e+03 5.708052e+03
15.3 5.696964e+03 5.701028e+03 5.702834e+03 5.698771e+03
16.3 5.693490e+03 5.703326e+03 5.694717e+03 5.684882e+03
17.3 5.721000e+03 5.707322e+03 5.688834e+03 5.702513e+03
18.3 5.712863e+03 5.699525e+03 5.685512e+03 5.698850e+03
19.3 5.658843e+03 5.680018e+03 5.683941e+03 5.662766e+03
20.3 5.673765e+03 5.664196e+03 5.683482e+03 5.693051e+03
0.2 5.662964e+03 5.673537e+03 5.684189e+03 5.673616e+03
1.2 5.673636e+03 5.682602e+03 5.687084e+03 5.678118e+03
2.2 5.695493e+03 5.691714e+03 5.700823e+03 5.704602e+03
3.2 5.696513e+03 5.696467e+03 5.708006e+03 5.708052e+03
4.2 5.696964e+03 5.701028e+03 5.702834e+03 5.698771e+03
5.2 5.693490e+03 5.703326e+03 5.694717e+03 5.684882e+03
6.2 5.721000e+03 5.707322e+03 5.688834e+03 5.702513e+03
7.2 5.712863e+03 5.699525e+03 5.685512e+03 5.698850e+03
8.2 5.658843e+03 5.680018e+03 5.683941e+03 5.662766e+03
9.2 5.673765e+03 5.664196e+03 5.683482e+03 5.693051e+03
10.2 5.681526e+03 5.670222e+03 5.683671e+03 5.694974e+03
11.2 5.697891e+03 5.691810e+03 5.684131e+03 5.690213e+03
12.2 5.695512e+03 5.709250e+03 5.684610e+03 5.670872e+03
13.2 5.721139e+03 5.717685e+03 5.684984e+03 5.688438e+03
14.2 5.721263e+03 5.720588e+03 5.685231e+03 5.685906e+03
15.2 5.722102e+03 5.721536e+03 5.685373e+03 5.685940e+03
16.2 5.698600e+03 5.710746e+03 5.685448e+03 5.673303e+03
17.2 5.672364e+03 5.686933e+03 5.685485e+03 5.670916e+03
18.2 5.650273e+03 5.665092e+03 5.685501e+03 5.670683e+03
19.2 5.649713e+03 5.652241e+03 5.685508e+03 5.682980e+03
20.2 5.675375e+03 5.654361e+03 5.685511e+03 5.706525e+03
0.6 5.700665e+03 5.672553e+03 5.685580e+03 5.713692e+03
1.6 5.706629e+03 5.689555e+03 5.692076e+03 5.709150e+03
2.6 5.694397e+03 5.699716e+03 5.705618e+03 5.700300e+03
3.6 5.703291e+03 5.706874e+03 5.707256e+03 5.703672e+03
4.6 5.695740e+03 5.711984e+03 5.699828e+03 5.683584e+03
5.6 5.713598e+03 5.715552e+03 5.692239e+03 5.690285e+03
6.6 5.695558e+03 5.707494e+03 5.687362e+03 5.675426e+03
7.6 5.693292e+03 5.697399e+03 5.684771e+03 5.680664e+03
8.6 5.678824e+03 5.694701e+03 5.683671e+03 5.667793e+03
9.6 5.727252e+03 5.699785e+03 5.683500e+03 5.710967e+03
10.6 5.748892e+03 5.705352e+03 5.683826e+03 5.727367e+03
11.6 5.720756e+03 5.711049e+03 5.684316e+03 5.694024e+03
12.6 5.715347e+03 5.714394e+03 5.684764e+03 5.685717e+03
13.6 5.705535e+03 5.715660e+03 5.685090e+03 5.674965e+03
14.6 5.696626e+03 5.706851e+03 5.685294e+03 5.675069e+03
15.6 5.674373e+03 5.686902e+03 5.685407e+03 5.672878e+03
16.6 5.693390e+03 5.676692e+03 5.685465e+03 5.702163e+03
17.6 5.700008e+03 5.681135e+03 5.685492e+03 5.704365e+03
18.6 5.715598e+03 5.690320e+03 5.685504e+03 5.710782e+03
19.6 5.700867e+03 5.685065e+03 5.685509e+03 5.701311e+03
20.6 5.654129e+03 5.684109e+03 5.685511e+03 5.655532e+03
0.6 5.674031e+03 5.683720e+03 5.685564e+03 5.675875e+03
1.6 5.688327e+03 5.684752e+03 5.691692e+03 5.695266e+03
2.6 5.690353e+03 5.688112e+03 5.705353e+03 5.707594e+03
3.6 5.671438e+03 5.679448e+03 5.707386e+03 5.699377e+03
4.6 5.655331e+03 5.668192e+03 5.700071e+03 5.687210e+03
5.6 5.670368e+03 5.670157e+03 5.692637e+03 5.692848e+03
6.6 5.692110e+03 5.680767e+03 5.696060e+03 5.707404e+03
7.6 5.703204e+03 5.687233e+03 5.706067e+03 5.722038e+03
8.6 5.708272e+03 5.679048e+03 5.704668e+03 5.733892e+03
9.6 5.668368e+03 5.666067e+03 5.696606e+03 5.698907e+03
10.6 5.670450e+03 5.656539e+03 5.689672e+03 5.703582e+03
11.6 5.648080e+03 5.651464e+03 5.685663e+03 5.682278e+03
12.6 5.635508e+03 5.650544e+03 5.683778e+03 5.668743e+03
13.6 5.682692e+03 5.660008e+03 5.683170e+03 5.705855e+03
14.6 5.723368e+03 5.676012e+03 5.683302e+03 5.730657e+03
15.6 5.683392e+03 5.693537e+03 5.683785e+03 5.673641e+03
16.6 5.681482e+03 5.700836e+03 5.684337e+03 5.664984e+03
17.6 5.674255e+03 5.699246e+03 5.684798e+03 5.659807e+03
18.6 5.684304e+03 5.704170e+03 5.685118e+03 5.665252e+03
19.6 5.686001e+03 5.708862e+03 5.685311e+03 5.662450e+03
20.6 5.702717e+03 5.713613e+03 5.685417e+03 5.674521e+03
0.7 5.670368e+03 5.670157e+03 5.692637e+03 5.692848e+03
1.7 5.692110e+03 5.680767e+03 5.696060e+03 5.707404e+03
2.7 5.703204e+03 5.687233e+03 5.706067e+03 5.722038e+03
3.7 5.708272e+03 5.679048e+03 5.704668e+03 5.733892e+03
4.7 5.668368e+03 5.666067e+03 5.696606e+03 5.698907e+03
5.7 5.670450e+03 5.656539e+03 5.689672e+03 5.703582e+03
6.7 5.648080e+03 5.651464e+03 5.685663e+03 5.682278e+03
7.7 5.635508e+03 5.650544e+03 5.683778e+03 5.668743e+03
8.7 5.682692e+03 5.660008e+03 5.683170e+03 5.705855e+03
9.7 5.723368e+03 5.676012e+03 5.683302e+03 5.730657e+03
10.7 5.683392e+03 5.693537e+03 5.683785e+03 5.673641e+03
11.7 5.681482e+03 5.700836e+03 5.684337e+03 5.664984e+03
12.7 5.674255e+03 5.699246e+03 5.684798e+03 5.659807e+03
13.7 5.684304e+03 5.704170e+03 5.685118e+03 5.665252e+03
14.7 5.686001e+03 5.708862e+03 5.685311e+03 5.662450e+03
15.7 5.702717e+03 5.713613e+03 5.685417e+03 5.674521e+03
16.7 5.725983e+03 5.717112e+03 5.685473e+03 5.694344e+03
17.7 5.710445e+03 5.716818e+03 5.688974e+03 5.682600e+03
18.7 5.679519e+03 5.711280e+03 5.702814e+03 5.671052e+03
19.7 5.681526e+03 5.694610e+03 5.708125e+03 5.695041e+03
20.7 5.679918e+03 5.684256e+03 5.702011e+03 5.697673e+03
0.4 5.725983e+03 5.717112e+03 5.685473e+03 5.694344e+03
1.4 5.710445e+03 5.716818e+03 5.688974e+03 5.682600e+03
2.4 5.679519e+03 5.711280e+03 5.702814e+03 5.671052e+03
3.4 5.681526e+03 5.694610e+03 5.708125e+03 5.695041e+03
4.4 5.679918e+03 5.684256e+03 5.702011e+03 5.697673e+03
5.4 5.698039e+03 5.689760e+03 5.696378e+03 5.704657e+03
6.4 5.686487e+03 5.696670e+03 5.704167e+03 5.693984e+03
7.4 5.669889e+03 5.693470e+03 5.708022e+03 5.684441e+03
8.4 5.686380e+03 5.695138e+03 5.701295e+03 5.692537e+03
9.4 5.679854e+03 5.704498e+03 5.692744e+03 5.668099e+03
10.4 5.671089e+03 5.710851e+03 5.687062e+03 5.647301e+03
11.4 5.694972e+03 5.713376e+03 5.684199e+03 5.665794e+03
12.4 5.683813e+03 5.709070e+03 5.683092e+03 5.657835e+03
13.4 5.687739e+03 5.703731e+03 5.682990e+03 5.666997e+03
14.4 5.688878e+03 5.701124e+03 5.683409e+03 5.671163e+03
15.4 5.682020e+03 5.700988e+03 5.684003e+03 5.665035e+03
16.4 5.695806e+03 5.687980e+03 5.684552e+03 5.692377e+03
17.4 5.670586e+03 5.678770e+03 5.684959e+03 5.676775e+03
18.4 5.673615e+03 5.685350e+03 5.685220e+03 5.673486e+03
19.4 5.705436e+03 5.696466e+03 5.685369e+03 5.694339e+03
20.4 5.753114e+03 5.702153e+03 5.685447e+03 5.736407e+03
0.2 5.679918e+03 5.684256e+03 5.702011e+03 5.697673e+03
1.2 5.698039e+03 5.689760e+03 5.696378e+03 5.704657e+03
2.2 5.686487e+03 5.696670e+03 5.704167e+03 5.693984e+03
3.2 5.669889e+03 5.693470e+03 5.708022e+03 5.684441e+03
4.2 5.686380e+03 5.695138e+03 5.701295e+03 5.692537e+03
5.2 5.679854e+03 5.704498e+03 5.692744e+03 5.668099e+03
6.2 5.671089e+03 5.710851e+03 5.687062e+03 5.647301e+03
7.2 5.694972e+03 5.713376e+03 5.684199e+03 5.665794e+03
8.2 5.683813e+03 5.709070e+03 5.683092e+03 5.657835e+03
9.2 5.687739e+03 5.703731e+03 5.682990e+03 5.666997e+03
10.2 5.688878e+03 5.701124e+03 5.683409e+03 5.671163e+03
11.2 5.682020e+03 5.700988e+03 5.684003e+03 5.665035e+03
12.2 5.695806e+03 5.687980e+03 5.684552e+03 5.692377e+03
13.2 5.670586e+03 5.678770e+03 5.684959e+03 5.676775e+03
14.2 5.673615e+03 5.685350e+03 5.685220e+03 5.673486e+03
15.2 5.705436e+03 5.696466e+03 5.685369e+03 5.694339e+03
16.2 5.753114e+03 5.702153e+03 5.685447e+03 5.736407e+03
17.2 5.728526e+03 5.690858e+03 5.685485e+03 5.723153e+03
18.2 5.676974e+03 5.684265e+03 5.685501e+03 5.678210e+03
19.2 5.690631e+03 5.690593e+03 5.685508e+03 5.685546e+03
20.2 5.703278e+03 5.700750e+03 5.685511e+03 5.688039e+03
0.9 5.677703e+03 5.666837e+03 5.686048e+03 5.696914e+03
1.9 5.714300e+03 5.683741e+03 5.696255e+03 5.726814e+03
2.9 5.702541e+03 5.689925e+03 5.707578e+03 5.720194e+03
3.9 5.692321e+03 5.683822e+03 5.705579e+03 5.714078e+03
4.9 5.661906e+03 5.686110e+03 5.697706e+03 5.673503e+03
5.9 5.700983e+03 5.694245e+03 5.699581e+03 5.706319e+03
6.9 5.687330e+03 5.695567e+03 5.707863e+03 5.699626e+03
7.9 5.708830e+03 5.684979e+03 5.705143e+03 5.728994e+03
8.9 5.687667e+03 5.684810e+03 5.696419e+03 5.699275e+03
9.9 5.747155e+03 5.697831e+03 5.689251e+03 5.738575e+03
10.9 5.714350e+03 5.707935e+03 5.685229e+03 5.691644e+03
11.9 5.725292e+03 5.714857e+03 5.683436e+03 5.693871e+03
12.9 5.704907e+03 5.720257e+03 5.682946e+03 5.667597e+03
13.9 5.699617e+03 5.724159e+03 5.683178e+03 5.658636e+03
14.9 5.705986e+03 5.724276e+03 5.683727e+03 5.665438e+03
15.9 5.738066e+03 5.717111e+03 5.684315e+03 5.705270e+03
16.9 5.707407e+03 5.705757e+03 5.684792e+03 5.686442e+03
17.9 5.700182e+03 5.702780e+03 5.685117e+03 5.682519e+03
18.9 5.675989e+03 5.693972e+03 5.685312e+03 5.667329e+03
19.9 5.677187e+03 5.675350e+03 5.685418e+03 5.687255e+03
20.9 5.640010e+03 5.659012e+03 5.685471e+03 5.666469e+03
0.8 5.661906e+03 5.686110e+03 5.697706e+03 5.673503e+03
1.8 5.700983e+03 5.694245e+03 5.699581e+03 5.706319e+03
2.8 5.687330e+03 5.695567e+03 5.707863e+03 5.699626e+03
3.8 5.708830e+03 5.684979e+03 5.705143e+03 5.728994e+03
4.8 5.687667e+03 5.684810e+03 5.696419e+03 5.699275e+03
5.8 5.747155e+03 5.697831e+03 5.689251e+03 5.738575e+03
6.8 5.714350e+03 5.707935e+03 5.685229e+03 5.691644e+03
7.8 5.725292e+03 5.714857e+03 5.683436e+03 5.693871e+03
8.8 5.704907e+03 5.720257e+03 5.682946e+03 5.667597e+03
9.8 5.699617e+03 5.724159e+03 5.683178e+03 5.658636e+03
10.8 5.705986e+03 5.724276e+03 5.683727e+03 5.665438e+03
11.8 5.738066e+03 5.717111e+03 5.684315e+03 5.705270e+03
12.8 5.707407e+03 5.705757e+03 5.684792e+03 5.686442e+03
13.8 5.700182e+03 5.702780e+03 5.685117e+03 5.682519e+03
14.8 5.675989e+03 5.693972e+03 5.685312e+03 5.667329e+03
15.8 5.677187e+03 5.675350e+03 5.685418e+03 5.687255e+03
16.8 5.640010e+03 5.659012e+03 5.685471e+03 5.666469e+03
17.8 5.655390e+03 5.654082e+03 5.685495e+03 5.686803e+03
18.8 5.641194e+03 5.664954e+03 5.685506e+03 5.661746e+03
19.8 5.672144e+03 5.679950e+03 5.685510e+03 5.677704e+03
20.8 5.742866e+03 5.694240e+03 5.685512e+03 5.734137e+03
0.1 5.717890e+03 5.690875e+03 5.685513e+03 5.712527e+03
1.1 5.707686e+03 5.697350e+03 5.687290e+03 5.697626e+03
2.1 5.698859e+03 5.701539e+03 5.700109e+03 5.697429e+03
3.1 5.681442e+03 5.693780e+03 5.708256e+03 5.695918e+03
4.1 5.675667e+03 5.676581e+03 5.703657e+03 5.702742e+03
5.1 5.679630e+03 5.661449e+03 5.695416e+03 5.713598e+03
6.1 5.670530e+03 5.652503e+03 5.689255e+03 5.707282e+03
7.1 5.647167e+03 5.648554e+03 5.685729e+03 5.684342e+03
8.1 5.652592e+03 5.651169e+03 5.684029e+03 5.685452e+03
9.1 5.695488e+03 5.666607e+03 5.683492e+03 5.712374e+03
10.1 5.683232e+03 5.687952e+03 5.683639e+03 5.678919e+03
11.1 5.712363e+03 5.699896e+03 5.684088e+03 5.696555e+03
12.1 5.692712e+03 5.690372e+03 5.684572e+03 5.686912e+03
13.1 5.684482e+03 5.674090e+03 5.684957e+03 5.695350e+03
14.1 5.658271e+03 5.669358e+03 5.685215e+03 5.674127e+03
15.1 5.673451e+03 5.676874e+03 5.688289e+03 5.684866e+03
16.1 5.682943e+03 5.687358e+03 5.702017e+03 5.697603e+03
17.1 5.706228e+03 5.685235e+03 5.708188e+03 5.729182e+03
18.1 5.682140e+03 5.678678e+03 5.702477e+03 5.705939e+03
19.1 5.669682e+03 5.682603e+03 5.694355e+03 5.681435e+03
20.1 5.675111e+03 5.689952e+03 5.688605e+03 5.673764e+03
0.3 5.658271e+03 5.669358e+03 5.685215e+03 5.674127e+03
1.3 5.673451e+03 5.676874e+03 5.688289e+03 5.684866e+03
2.3 5.682943e+03 5.687358e+03 5.702017e+03 5.697603e+03
3.3 5.706228e+03 5.685235e+03 5.708188e+03 5.729182e+03
4.3 5.682140e+03 5.678678e+03 5.702477e+03 5.705939e+03
5.3 5.669682e+03 5.682603e+03 5.694355e+03 5.681435e+03
6.3 5.675111e+03 5.689952e+03 5.688605e+03 5.673764e+03
7.3 5.708058e+03 5.699482e+03 5.685392e+03 5.693968e+03
8.3 5.644439e+03 5.699849e+03 5.683894e+03 5.628484e+03
9.3 5.672173e+03 5.693117e+03 5.683483e+03 5.662539e+03
10.3 5.672127e+03 5.691099e+03 5.687171e+03 5.668199e+03
11.3 5.636147e+03 5.693270e+03 5.701468e+03 5.644345e+03
12.3 5.652931e+03 5.685298e+03 5.707250e+03 5.674883e+03
13.3 5.640230e+03 5.670084e+03 5.701501e+03 5.671647e+03
14.3 5.656425e+03 5.657681e+03 5.693682e+03 5.692426e+03
15.3 5.644227e+03 5.650882e+03 5.688229e+03 5.681574e+03
16.3 5.646622e+03 5.648224e+03 5.685206e+03 5.683604e+03
17.3 5.645189e+03 5.647918e+03 5.683819e+03 5.681090e+03
0.4 5.672173e+03 5.693117e+03 5.683483e+03 5.662539e+03
1.4 5.672127e+03 5.691099e+03 5.687171e+03 5.668199e+03
2.4 5.636147e+03 5.693270e+03 5.701468e+03 5.644345e+03
3.4 5.652931e+03 5.685298e+03 5.707250e+03 5.674883e+03
4.4 5.640230e+03 5.670084e+03 5.701501e+03 5.671647e+03
5.4 5.656425e+03 5.657681e+03 5.693682e+03 5.692426e+03
6.4 5.644227e+03 5.650882e+03 5.688229e+03 5.681574e+03
7.4 5.646622e+03 5.648224e+03 5.685206e+03 5.683604e+03
8.4 5.645189e+03 5.647918e+03 5.683819e+03 5.681090e+03
