0.5 1.034585e+04 1.036816e+04 1.038786e+04 1.036555e+04
1.5 1.040139e+04 1.040010e+04 1.040473e+04 1.040603e+04
2.5 1.040310e+04 1.043677e+04 1.044500e+04 1.041133e+04
3.5 1.034757e+04 1.044045e+04 1.045212e+04 1.035924e+04
4.5 1.033064e+04 1.043204e+04 1.043520e+04 1.033380e+04
5.5 1.042666e+04 1.044366e+04 1.044878e+04 1.043178e+04
6.5 1.041636e+04 1.044212e+04 1.046014e+04 1.043439e+04
7.5 1.035071e+04 1.040995e+04 1.044029e+04 1.038106e+04
8.5 1.031303e+04 1.037499e+04 1.041272e+04 1.035075e+04
9.5 1.036103e+04 1.035818e+04 1.039359e+04 1.039644e+04
10.5 1.039469e+04 1.036940e+04 1.038379e+04 1.040908e+04
11.5 1.036878e+04 1.039139e+04 1.038077e+04 1.035816e+04
12.5 1.039501e+04 1.041953e+04 1.040599e+04 1.038148e+04
13.5 1.044212e+04 1.044045e+04 1.044366e+04 1.044533e+04
14.5 1.039799e+04 1.042323e+04 1.044373e+04 1.041849e+04
15.5 1.039503e+04 1.040300e+04 1.042227e+04 1.041429e+04
16.5 1.039272e+04 1.040157e+04 1.040370e+04 1.039485e+04
17.5 1.042358e+04 1.042056e+04 1.041939e+04 1.042241e+04
18.5 1.045197e+04 1.043587e+04 1.044802e+04 1.046412e+04
19.5 1.039729e+04 1.041816e+04 1.044174e+04 1.042087e+04
20.5 1.041363e+04 1.041027e+04 1.041813e+04 1.042149e+04
0.1 1.034757e+04 1.044045e+04 1.045212e+04 1.035924e+04
1.1 1.033064e+04 1.043204e+04 1.043520e+04 1.033380e+04
2.1 1.042666e+04 1.044366e+04 1.044878e+04 1.043178e+04
3.1 1.041636e+04 1.044212e+04 1.046014e+04 1.043439e+04
4.1 1.035071e+04 1.040995e+04 1.044029e+04 1.038106e+04
5.1 1.031303e+04 1.037499e+04 1.041272e+04 1.035075e+04
6.1 1.036103e+04 1.035818e+04 1.039359e+04 1.039644e+04
7.1 1.039469e+04 1.036940e+04 1.038379e+04 1.040908e+04
8.1 1.036878e+04 1.039139e+04 1.038077e+04 1.035816e+04
9.1 1.039501e+04 1.041953e+04 1.040599e+04 1.038148e+04
10.1 1.044212e+04 1.044045e+04 1.044366e+04 1.044533e+04
11.1 1.039799e+04 1.042323e+04 1.044373e+04 1.041849e+04
12.1 1.039503e+04 1.040300e+04 1.042227e+04 1.041429e+04
13.1 1.039272e+04 1.040157e+04 1.040370e+04 1.039485e+04
14.1 1.042358e+04 1.042056e+04 1.041939e+04 1.042241e+04
15.1 1.045197e+04 1.043587e+04 1.044802e+04 1.046412e+04
16.1 1.039729e+04 1.041816e+04 1.044174e+04 1.042087e+04
17.1 1.041363e+04 1.041027e+04 1.041813e+04 1.042149e+04
18.1 1.040887e+04 1.042689e+04 1.039871e+04 1.038069e+04
19.1 1.045579e+04 1.044562e+04 1.038766e+04 1.039783e+04
20.1 1.052425e+04 1.046546e+04 1.038252e+04 1.044130e+04
0.8 1.036878e+04 1.039139e+04 1.038077e+04 1.035816e+04
1.8 1.039501e+04 1.041953e+04 1.040599e+04 1.038148e+04
2.8 1.044212e+04 1.044045e+04 1.044366e+04 1.044533e+04
3.8 1.039799e+04 1.042323e+04 1.044373e+04 1.041849e+04
4.8 1.039503e+04 1.040300e+04 1.042227e+04 1.041429e+04
5.8 1.039272e+04 1.040157e+04 1.040370e+04 1.039485e+04
6.8 1.042358e+04 1.042056e+04 1.041939e+04 1.042241e+04
7.8 1.045197e+04 1.043587e+04 1.044802e+04 1.046412e+04
8.8 1.039729e+04 1.041816e+04 1.044174e+04 1.042087e+04
9.8 1.041363e+04 1.041027e+04 1.041813e+04 1.042149e+04
10.8 1.040887e+04 1.042689e+04 1.039871e+04 1.038069e+04
11.8 1.045579e+04 1.044562e+04 1.038766e+04 1.039783e+04
12.8 1.052425e+04 1.046546e+04 1.038252e+04 1.044130e+04
13.8 1.046885e+04 1.044711e+04 1.038094e+04 1.040267e+04
14.8 1.043613e+04 1.040421e+04 1.038142e+04 1.041334e+04
15.8 1.038494e+04 1.036788e+04 1.038286e+04 1.039991e+04
16.8 1.038647e+04 1.034685e+04 1.038445e+04 1.042406e+04
17.8 1.032789e+04 1.033768e+04 1.038576e+04 1.037597e+04
18.8 1.036852e+04 1.034479e+04 1.038665e+04 1.041039e+04
19.8 1.039775e+04 1.037966e+04 1.038720e+04 1.040529e+04
20.8 1.039317e+04 1.041918e+04 1.039853e+04 1.037253e+04
0.8 1.039272e+04 1.040157e+04 1.040370e+04 1.039485e+04
1.8 1.042358e+04 1.042056e+04 1.041939e+04 1.042241e+04
2.8 1.045197e+04 1.043587e+04 1.044802e+04 1.046412e+04
3.8 1.039729e+04 1.041816e+04 1.044174e+04 1.042087e+04
4.8 1.041363e+04 1.041027e+04 1.041813e+04 1.042149e+04
5.8 1.040887e+04 1.042689e+04 1.039871e+04 1.038069e+04
6.8 1.045579e+04 1.044562e+04 1.038766e+04 1.039783e+04
7.8 1.052425e+04 1.046546e+04 1.038252e+04 1.044130e+04
8.8 1.046885e+04 1.044711e+04 1.038094e+04 1.040267e+04
9.8 1.043613e+04 1.040421e+04 1.038142e+04 1.041334e+04
10.8 1.038494e+04 1.036788e+04 1.038286e+04 1.039991e+04
11.8 1.038647e+04 1.034685e+04 1.038445e+04 1.042406e+04
12.8 1.032789e+04 1.033768e+04 1.038576e+04 1.037597e+04
13.8 1.036852e+04 1.034479e+04 1.038665e+04 1.041039e+04
14.8 1.039775e+04 1.037966e+04 1.038720e+04 1.040529e+04
15.8 1.039317e+04 1.041918e+04 1.039853e+04 1.037253e+04
16.8 1.046832e+04 1.045354e+04 1.043932e+04 1.045410e+04
17.8 1.048896e+04 1.045305e+04 1.045371e+04 1.048962e+04
18.8 1.048717e+04 1.044407e+04 1.043643e+04 1.047953e+04
19.8 1.050309e+04 1.045108e+04 1.044076e+04 1.049277e+04
20.8 1.049307e+04 1.045348e+04 1.045947e+04 1.049905e+04
0.4 1.039775e+04 1.037966e+04 1.038720e+04 1.040529e+04
1.4 1.039317e+04 1.041918e+04 1.039853e+04 1.037253e+04
2.4 1.046832e+04 1.045354e+04 1.043932e+04 1.045410e+04
3.4 1.048896e+04 1.045305e+04 1.045371e+04 1.048962e+04
4.4 1.048717e+04 1.044407e+04 1.043643e+04 1.047953e+04
5.4 1.050309e+04 1.045108e+04 1.044076e+04 1.049277e+04
6.4 1.049307e+04 1.045348e+04 1.045947e+04 1.049905e+04
7.4 1.045241e+04 1.042497e+04 1.044670e+04 1.047414e+04
8.4 1.041752e+04 1.040375e+04 1.041908e+04 1.043285e+04
9.4 1.039192e+04 1.040311e+04 1.039750e+04 1.038632e+04
10.4 1.044053e+04 1.041641e+04 1.038571e+04 1.040982e+04
11.4 1.048172e+04 1.044426e+04 1.038069e+04 1.041815e+04
12.4 1.045620e+04 1.045105e+04 1.037959e+04 1.038474e+04
13.4 1.044130e+04 1.044294e+04 1.038068e+04 1.037903e+04
14.4 1.043794e+04 1.043848e+04 1.039936e+04 1.039882e+04
15.4 1.048147e+04 1.044654e+04 1.044146e+04 1.047639e+04
16.4 1.043357e+04 1.042579e+04 1.045002e+04 1.045779e+04
17.4 1.040114e+04 1.038998e+04 1.042992e+04 1.044109e+04
18.4 1.036597e+04 1.037690e+04 1.040792e+04 1.039700e+04
19.4 1.039846e+04 1.039022e+04 1.039350e+04 1.040173e+04
20.4 1.045498e+04 1.041021e+04 1.038575e+04 1.043052e+04
0.8 1.048717e+04 1.044407e+04 1.043643e+04 1.047953e+04
1.8 1.050309e+04 1.045108e+04 1.044076e+04 1.049277e+04
2.8 1.049307e+04 1.045348e+04 1.045947e+04 1.049905e+04
3.8 1.045241e+04 1.042497e+04 1.044670e+04 1.047414e+04
4.8 1.041752e+04 1.040375e+04 1.041908e+04 1.043285e+04
5.8 1.039192e+04 1.040311e+04 1.039750e+04 1.038632e+04
6.8 1.044053e+04 1.041641e+04 1.038571e+04 1.040982e+04
7.8 1.048172e+04 1.044426e+04 1.038069e+04 1.041815e+04
8.8 1.045620e+04 1.045105e+04 1.037959e+04 1.038474e+04
9.8 1.044130e+04 1.044294e+04 1.038068e+04 1.037903e+04
10.8 1.043794e+04 1.043848e+04 1.039936e+04 1.039882e+04
11.8 1.048147e+04 1.044654e+04 1.044146e+04 1.047639e+04
12.8 1.043357e+04 1.042579e+04 1.045002e+04 1.045779e+04
13.8 1.040114e+04 1.038998e+04 1.042992e+04 1.044109e+04
14.8 1.036597e+04 1.037690e+04 1.040792e+04 1.039700e+04
15.8 1.039846e+04 1.039022e+04 1.039350e+04 1.040173e+04
16.8 1.045498e+04 1.041021e+04 1.038575e+04 1.043052e+04
17.8 1.051998e+04 1.044162e+04 1.038240e+04 1.046076e+04
18.8 1.048832e+04 1.043887e+04 1.038181e+04 1.043126e+04
19.8 1.039228e+04 1.041136e+04 1.038273e+04 1.036365e+04
20.8 1.037520e+04 1.039947e+04 1.038416e+04 1.035989e+04
0.5 1.044130e+04 1.044294e+04 1.038068e+04 1.037903e+04
1.5 1.043794e+04 1.043848e+04 1.039936e+04 1.039882e+04
2.5 1.048147e+04 1.044654e+04 1.044146e+04 1.047639e+04
3.5 1.043357e+04 1.042579e+04 1.045002e+04 1.045779e+04
4.5 1.040114e+04 1.038998e+04 1.042992e+04 1.044109e+04
5.5 1.036597e+04 1.037690e+04 1.040792e+04 1.039700e+04
6.5 1.039846e+04 1.039022e+04 1.039350e+04 1.040173e+04
7.5 1.045498e+04 1.041021e+04 1.038575e+04 1.043052e+04
8.5 1.051998e+04 1.044162e+04 1.038240e+04 1.046076e+04
9.5 1.048832e+04 1.043887e+04 1.038181e+04 1.043126e+04
10.5 1.039228e+04 1.041136e+04 1.038273e+04 1.036365e+04
11.5 1.037520e+04 1.039947e+04 1.038416e+04 1.035989e+04
12.5 1.039636e+04 1.040193e+04 1.038661e+04 1.038104e+04
13.5 1.045143e+04 1.041999e+04 1.041537e+04 1.044680e+04
14.5 1.050228e+04 1.043468e+04 1.045081e+04 1.051842e+04
15.5 1.046828e+04 1.041390e+04 1.044727e+04 1.050165e+04
16.5 1.037632e+04 1.038589e+04 1.042388e+04 1.041431e+04
17.5 1.038412e+04 1.038384e+04 1.040339e+04 1.040367e+04
18.5 1.042324e+04 1.040001e+04 1.039091e+04 1.041413e+04
19.5 1.044430e+04 1.043529e+04 1.038451e+04 1.039353e+04
20.5 1.046430e+04 1.045359e+04 1.038205e+04 1.039276e+04
0.8 1.039636e+04 1.040193e+04 1.038661e+04 1.038104e+04
1.8 1.045143e+04 1.041999e+04 1.041537e+04 1.044680e+04
2.8 1.050228e+04 1.043468e+04 1.045081e+04 1.051842e+04
3.8 1.046828e+04 1.041390e+04 1.044727e+04 1.050165e+04
4.8 1.037632e+04 1.038589e+04 1.042388e+04 1.041431e+04
5.8 1.038412e+04 1.038384e+04 1.040339e+04 1.040367e+04
6.8 1.042324e+04 1.040001e+04 1.039091e+04 1.041413e+04
7.8 1.044430e+04 1.043529e+04 1.038451e+04 1.039353e+04
8.8 1.046430e+04 1.045359e+04 1.038205e+04 1.039276e+04
9.8 1.043318e+04 1.045153e+04 1.038199e+04 1.036363e+04
10.8 1.042746e+04 1.044333e+04 1.038955e+04 1.037368e+04
11.8 1.047805e+04 1.045115e+04 1.042966e+04 1.045657e+04
12.8 1.046888e+04 1.044000e+04 1.045242e+04 1.048130e+04
13.8 1.041941e+04 1.040296e+04 1.043843e+04 1.045488e+04
14.8 1.038999e+04 1.037048e+04 1.041493e+04 1.043444e+04
15.8 1.044379e+04 1.037251e+04 1.039766e+04 1.046895e+04
16.8 1.045556e+04 1.040045e+04 1.038969e+04 1.044480e+04
17.8 1.045378e+04 1.043526e+04 1.041590e+04 1.043442e+04
18.8 1.050470e+04 1.045908e+04 1.044674e+04 1.049236e+04
19.8 1.049033e+04 1.046262e+04 1.044369e+04 1.047140e+04
20.8 1.047514e+04 1.046869e+04 1.045568e+04 1.046213e+04
0.2 1.043318e+04 1.045153e+04 1.038199e+04 1.036363e+04
1.2 1.042746e+04 1.044333e+04 1.038955e+04 1.037368e+04
2.2 1.047805e+04 1.045115e+04 1.042966e+04 1.045657e+04
3.2 1.046888e+04 1.044000e+04 1.045242e+04 1.048130e+04
4.2 1.041941e+04 1.040296e+04 1.043843e+04 1.045488e+04
5.2 1.038999e+04 1.037048e+04 1.041493e+04 1.043444e+04
6.2 1.044379e+04 1.037251e+04 1.039766e+04 1.046895e+04
7.2 1.045556e+04 1.040045e+04 1.038969e+04 1.044480e+04
8.2 1.045378e+04 1.043526e+04 1.041590e+04 1.043442e+04
9.2 1.050470e+04 1.045908e+04 1.044674e+04 1.049236e+04
10.2 1.049033e+04 1.046262e+04 1.044369e+04 1.047140e+04
11.2 1.047514e+04 1.046869e+04 1.045568e+04 1.046213e+04
12.2 1.045884e+04 1.045741e+04 1.046544e+04 1.046686e+04
13.2 1.038095e+04 1.041665e+04 1.044431e+04 1.040861e+04
14.2 1.035868e+04 1.037557e+04 1.041491e+04 1.039802e+04
15.2 1.035526e+04 1.035004e+04 1.039414e+04 1.039936e+04
16.2 1.040308e+04 1.034687e+04 1.038335e+04 1.043957e+04
17.2 1.041999e+04 1.036539e+04 1.037919e+04 1.043378e+04
18.2 1.045665e+04 1.039813e+04 1.037879e+04 1.043731e+04
19.2 1.048705e+04 1.043904e+04 1.038029e+04 1.042830e+04
20.2 1.047672e+04 1.045187e+04 1.038239e+04 1.040725e+04
0.9 1.045556e+04 1.040045e+04 1.038969e+04 1.044480e+04
1.9 1.045378e+04 1.043526e+04 1.041590e+04 1.043442e+04
2.9 1.050470e+04 1.045908e+04 1.044674e+04 1.049236e+04
3.9 1.049033e+04 1.046262e+04 1.044369e+04 1.047140e+04
4.9 1.047514e+04 1.046869e+04 1.045568e+04 1.046213e+04
5.9 1.045884e+04 1.045741e+04 1.046544e+04 1.046686e+04
6.9 1.038095e+04 1.041665e+04 1.044431e+04 1.040861e+04
7.9 1.035868e+04 1.037557e+04 1.041491e+04 1.039802e+04
8.9 1.035526e+04 1.035004e+04 1.039414e+04 1.039936e+04
9.9 1.040308e+04 1.034687e+04 1.038335e+04 1.043957e+04
10.9 1.041999e+04 1.036539e+04 1.037919e+04 1.043378e+04
11.9 1.045665e+04 1.039813e+04 1.037879e+04 1.043731e+04
12.9 1.048705e+04 1.043904e+04 1.038029e+04 1.042830e+04
13.9 1.047672e+04 1.045187e+04 1.038239e+04 1.040725e+04
14.9 1.044648e+04 1.044574e+04 1.038953e+04 1.039028e+04
15.9 1.047530e+04 1.045299e+04 1.042849e+04 1.045080e+04
16.9 1.044348e+04 1.044664e+04 1.045326e+04 1.045010e+04
17.9 1.041607e+04 1.042874e+04 1.044033e+04 1.042765e+04
18.9 1.041047e+04 1.042003e+04 1.041972e+04 1.041015e+04
19.9 1.046999e+04 1.043384e+04 1.043638e+04 1.047253e+04
20.9 1.051329e+04 1.044513e+04 1.045438e+04 1.052254e+04
1.0 1.049033e+04 1.046262e+04 1.044369e+04 1.047140e+04
2.0 1.047514e+04 1.046869e+04 1.045568e+04 1.046213e+04
3.0 1.045884e+04 1.045741e+04 1.046544e+04 1.046686e+04
4.0 1.038095e+04 1.041665e+04 1.044431e+04 1.040861e+04
5.0 1.035868e+04 1.037557e+04 1.041491e+04 1.039802e+04
6.0 1.035526e+04 1.035004e+04 1.039414e+04 1.039936e+04
7.0 1.040308e+04 1.034687e+04 1.038335e+04 1.043957e+04
8.0 1.041999e+04 1.036539e+04 1.037919e+04 1.043378e+04
9.0 1.045665e+04 1.039813e+04 1.037879e+04 1.043731e+04
10.0 1.048705e+04 1.043904e+04 1.038029e+04 1.042830e+04
11.0 1.047672e+04 1.045187e+04 1.038239e+04 1.040725e+04
12.0 1.044648e+04 1.044574e+04 1.038953e+04 1.039028e+04
13.0 1.047530e+04 1.045299e+04 1.042849e+04 1.045080e+04
14.0 1.044348e+04 1.044664e+04 1.045326e+04 1.045010e+04
15.0 1.041607e+04 1.042874e+04 1.044033e+04 1.042765e+04
16.0 1.041047e+04 1.042003e+04 1.041972e+04 1.041015e+04
17.0 1.046999e+04 1.043384e+04 1.043638e+04 1.047253e+04
18.0 1.051329e+04 1.044513e+04 1.045438e+04 1.052254e+04
19.0 1.047739e+04 1.044057e+04 1.043909e+04 1.047592e+04
20.0 1.041830e+04 1.043115e+04 1.041622e+04 1.040337e+04
21.0 1.045033e+04 1.043911e+04 1.043138e+04 1.044260e+04
0.1 1.047672e+04 1.045187e+04 1.038239e+04 1.040725e+04
1.1 1.044648e+04 1.044574e+04 1.038953e+04 1.039028e+04
2.1 1.047530e+04 1.045299e+04 1.042849e+04 1.045080e+04
3.1 1.044348e+04 1.044664e+04 1.045326e+04 1.045010e+04
4.1 1.041607e+04 1.042874e+04 1.044033e+04 1.042765e+04
5.1 1.041047e+04 1.042003e+04 1.041972e+04 1.041015e+04
6.1 1.046999e+04 1.043384e+04 1.043638e+04 1.047253e+04
7.1 1.051329e+04 1.044513e+04 1.045438e+04 1.052254e+04
8.1 1.047739e+04 1.044057e+04 1.043909e+04 1.047592e+04
9.1 1.041830e+04 1.043115e+04 1.041622e+04 1.040337e+04
10.1 1.045033e+04 1.043911e+04 1.043138e+04 1.044260e+04
11.1 1.043361e+04 1.043858e+04 1.045090e+04 1.044593e+04
12.1 1.042536e+04 1.041070e+04 1.043735e+04 1.045201e+04
13.1 1.040744e+04 1.039280e+04 1.041274e+04 1.042738e+04
14.1 1.044159e+04 1.040305e+04 1.041465e+04 1.045318e+04
15.1 1.049489e+04 1.042652e+04 1.044428e+04 1.051265e+04
16.1 1.043942e+04 1.041703e+04 1.044399e+04 1.046638e+04
17.1 1.040355e+04 1.040205e+04 1.042127e+04 1.042277e+04
18.1 1.041679e+04 1.040231e+04 1.040244e+04 1.041692e+04
19.1 1.047177e+04 1.042357e+04 1.042199e+04 1.047019e+04
20.1 1.045249e+04 1.043497e+04 1.044754e+04 1.046505e+04
1.0 1.041047e+04 1.042003e+04 1.041972e+04 1.041015e+04
2.0 1.046999e+04 1.043384e+04 1.043638e+04 1.047253e+04
3.0 1.051329e+04 1.044513e+04 1.045438e+04 1.052254e+04
4.0 1.047739e+04 1.044057e+04 1.043909e+04 1.047592e+04
5.0 1.041830e+04 1.043115e+04 1.041622e+04 1.040337e+04
6.0 1.045033e+04 1.043911e+04 1.043138e+04 1.044260e+04
7.0 1.043361e+04 1.043858e+04 1.045090e+04 1.044593e+04
8.0 1.042536e+04 1.041070e+04 1.043735e+04 1.045201e+04
9.0 1.040744e+04 1.039280e+04 1.041274e+04 1.042738e+04
10.0 1.044159e+04 1.040305e+04 1.041465e+04 1.045318e+04
11.0 1.049489e+04 1.042652e+04 1.044428e+04 1.051265e+04
12.0 1.043942e+04 1.041703e+04 1.044399e+04 1.046638e+04
13.0 1.040355e+04 1.040205e+04 1.042127e+04 1.042277e+04
14.0 1.041679e+04 1.040231e+04 1.040244e+04 1.041692e+04
15.0 1.047177e+04 1.042357e+04 1.042199e+04 1.047019e+04
16.0 1.045249e+04 1.043497e+04 1.044754e+04 1.046505e+04
17.0 1.038987e+04 1.041079e+04 1.043801e+04 1.041709e+04
18.0 1.034116e+04 1.037885e+04 1.041443e+04 1.037673e+04
19.0 1.038103e+04 1.036882e+04 1.039623e+04 1.040844e+04
20.0 1.037567e+04 1.038393e+04 1.038625e+04 1.037799e+04
21.0 1.039153e+04 1.040322e+04 1.038761e+04 1.037593e+04
1.0 1.041830e+04 1.043115e+04 1.041622e+04 1.040337e+04
2.0 1.045033e+04 1.043911e+04 1.043138e+04 1.044260e+04
3.0 1.043361e+04 1.043858e+04 1.045090e+04 1.044593e+04
4.0 1.042536e+04 1.041070e+04 1.043735e+04 1.045201e+04
5.0 1.040744e+04 1.039280e+04 1.041274e+04 1.042738e+04
6.0 1.044159e+04 1.040305e+04 1.041465e+04 1.045318e+04
7.0 1.049489e+04 1.042652e+04 1.044428e+04 1.051265e+04
8.0 1.043942e+04 1.041703e+04 1.044399e+04 1.046638e+04
9.0 1.040355e+04 1.040205e+04 1.042127e+04 1.042277e+04
10.0 1.041679e+04 1.040231e+04 1.040244e+04 1.041692e+04
11.0 1.047177e+04 1.042357e+04 1.042199e+04 1.047019e+04
12.0 1.045249e+04 1.043497e+04 1.044754e+04 1.046505e+04
13.0 1.038987e+04 1.041079e+04 1.043801e+04 1.041709e+04
14.0 1.034116e+04 1.037885e+04 1.041443e+04 1.037673e+04
15.0 1.038103e+04 1.036882e+04 1.039623e+04 1.040844e+04
16.0 1.037567e+04 1.038393e+04 1.038625e+04 1.037799e+04
17.0 1.039153e+04 1.040322e+04 1.038761e+04 1.037593e+04
18.0 1.045303e+04 1.043269e+04 1.042461e+04 1.044494e+04
19.0 1.045347e+04 1.043666e+04 1.044804e+04 1.046484e+04
20.0 1.043635e+04 1.041474e+04 1.043541e+04 1.045702e+04
21.0 1.042010e+04 1.041407e+04 1.041294e+04 1.041897e+04
0.6 1.040744e+04 1.039280e+04 1.041274e+04 1.042738e+04
1.6 1.044159e+04 1.040305e+04 1.041465e+04 1.045318e+04
2.6 1.049489e+04 1.042652e+04 1.044428e+04 1.051265e+04
3.6 1.043942e+04 1.041703e+04 1.044399e+04 1.046638e+04
4.6 1.040355e+04 1.040205e+04 1.042127e+04 1.042277e+04
5.6 1.041679e+04 1.040231e+04 1.040244e+04 1.041692e+04
6.6 1.047177e+04 1.042357e+04 1.042199e+04 1.047019e+04
7.6 1.045249e+04 1.043497e+04 1.044754e+04 1.046505e+04
8.6 1.038987e+04 1.041079e+04 1.043801e+04 1.041709e+04
9.6 1.034116e+04 1.037885e+04 1.041443e+04 1.037673e+04
10.6 1.038103e+04 1.036882e+04 1.039623e+04 1.040844e+04
11.6 1.037567e+04 1.038393e+04 1.038625e+04 1.037799e+04
12.6 1.039153e+04 1.040322e+04 1.038761e+04 1.037593e+04
13.6 1.045303e+04 1.043269e+04 1.042461e+04 1.044494e+04
14.6 1.045347e+04 1.043666e+04 1.044804e+04 1.046484e+04
15.6 1.043635e+04 1.041474e+04 1.043541e+04 1.045702e+04
16.6 1.042010e+04 1.041407e+04 1.041294e+04 1.041897e+04
17.6 1.041929e+04 1.043211e+04 1.039684e+04 1.038402e+04
18.6 1.045805e+04 1.045035e+04 1.040987e+04 1.041757e+04
19.6 1.050120e+04 1.045915e+04 1.044376e+04 1.048581e+04
20.6 1.043536e+04 1.043153e+04 1.044394e+04 1.044776e+04
1.0 1.041679e+04 1.040231e+04 1.040244e+04 1.041692e+04
2.0 1.047177e+04 1.042357e+04 1.042199e+04 1.047019e+04
3.0 1.045249e+04 1.043497e+04 1.044754e+04 1.046505e+04
4.0 1.038987e+04 1.041079e+04 1.043801e+04 1.041709e+04
5.0 1.034116e+04 1.037885e+04 1.041443e+04 1.037673e+04
6.0 1.038103e+04 1.036882e+04 1.039623e+04 1.040844e+04
7.0 1.037567e+04 1.038393e+04 1.038625e+04 1.037799e+04
8.0 1.039153e+04 1.040322e+04 1.038761e+04 1.037593e+04
9.0 1.045303e+04 1.043269e+04 1.042461e+04 1.044494e+04
10.0 1.045347e+04 1.043666e+04 1.044804e+04 1.046484e+04
11.0 1.043635e+04 1.041474e+04 1.043541e+04 1.045702e+04
12.0 1.042010e+04 1.041407e+04 1.041294e+04 1.041897e+04
13.0 1.041929e+04 1.043211e+04 1.039684e+04 1.038402e+04
14.0 1.045805e+04 1.045035e+04 1.040987e+04 1.041757e+04
15.0 1.050120e+04 1.045915e+04 1.044376e+04 1.048581e+04
16.0 1.043536e+04 1.043153e+04 1.044394e+04 1.044776e+04
17.0 1.037771e+04 1.040147e+04 1.042196e+04 1.039821e+04
18.0 1.033339e+04 1.039513e+04 1.040172e+04 1.033998e+04
19.0 1.040255e+04 1.040105e+04 1.039535e+04 1.039684e+04
20.0 1.045469e+04 1.042590e+04 1.042747e+04 1.045626e+04
21.0 1.046637e+04 1.043954e+04 1.044797e+04 1.047481e+04
0.2 1.037567e+04 1.038393e+04 1.038625e+04 1.037799e+04
1.2 1.039153e+04 1.040322e+04 1.038761e+04 1.037593e+04
2.2 1.045303e+04 1.043269e+04 1.042461e+04 1.044494e+04
3.2 1.045347e+04 1.043666e+04 1.044804e+04 1.046484e+04
4.2 1.043635e+04 1.041474e+04 1.043541e+04 1.045702e+04
5.2 1.042010e+04 1.041407e+04 1.041294e+04 1.041897e+04
6.2 1.041929e+04 1.043211e+04 1.039684e+04 1.038402e+04
7.2 1.045805e+04 1.045035e+04 1.040987e+04 1.041757e+04
8.2 1.050120e+04 1.045915e+04 1.044376e+04 1.048581e+04
9.2 1.043536e+04 1.043153e+04 1.044394e+04 1.044776e+04
10.2 1.037771e+04 1.040147e+04 1.042196e+04 1.039821e+04
11.2 1.033339e+04 1.039513e+04 1.040172e+04 1.033998e+04
12.2 1.040255e+04 1.040105e+04 1.039535e+04 1.039684e+04
13.2 1.045469e+04 1.042590e+04 1.042747e+04 1.045626e+04
14.2 1.046637e+04 1.043954e+04 1.044797e+04 1.047481e+04
15.2 1.043094e+04 1.043624e+04 1.044033e+04 1.043503e+04
16.2 1.044629e+04 1.044670e+04 1.045618e+04 1.045576e+04
17.2 1.042300e+04 1.043846e+04 1.046146e+04 1.044601e+04
18.2 1.037888e+04 1.040497e+04 1.043780e+04 1.041171e+04
19.2 1.038607e+04 1.039065e+04 1.040986e+04 1.040528e+04
20.2 1.041416e+04 1.040682e+04 1.039232e+04 1.039966e+04
0.7 1.041929e+04 1.043211e+04 1.039684e+04 1.038402e+04
1.7 1.045805e+04 1.045035e+04 1.040987e+04 1.041757e+04
2.7 1.050120e+04 1.045915e+04 1.044376e+04 1.048581e+04
3.7 1.043536e+04 1.043153e+04 1.044394e+04 1.044776e+04
4.7 1.037771e+04 1.040147e+04 1.042196e+04 1.039821e+04
5.7 1.033339e+04 1.039513e+04 1.040172e+04 1.033998e+04
6.7 1.040255e+04 1.040105e+04 1.039535e+04 1.039684e+04
7.7 1.045469e+04 1.042590e+04 1.042747e+04 1.045626e+04
8.7 1.046637e+04 1.043954e+04 1.044797e+04 1.047481e+04
9.7 1.043094e+04 1.043624e+04 1.044033e+04 1.043503e+04
10.7 1.044629e+04 1.044670e+04 1.045618e+04 1.045576e+04
11.7 1.042300e+04 1.043846e+04 1.046146e+04 1.044601e+04
12.7 1.037888e+04 1.040497e+04 1.043780e+04 1.041171e+04
13.7 1.038607e+04 1.039065e+04 1.040986e+04 1.040528e+04
14.7 1.041416e+04 1.040682e+04 1.039232e+04 1.039966e+04
15.7 1.040013e+04 1.043425e+04 1.040987e+04 1.037575e+04
16.7 1.040408e+04 1.044812e+04 1.044223e+04 1.039820e+04
17.7 1.040702e+04 1.042491e+04 1.043943e+04 1.042154e+04
18.7 1.037262e+04 1.040444e+04 1.041768e+04 1.038586e+04
19.7 1.040842e+04 1.041175e+04 1.039897e+04 1.039564e+04
20.7 1.040324e+04 1.043701e+04 1.038809e+04 1.035432e+04
0.2 1.033339e+04 1.039513e+04 1.040172e+04 1.033998e+04
1.2 1.040255e+04 1.040105e+04 1.039535e+04 1.039684e+04
2.2 1.045469e+04 1.042590e+04 1.042747e+04 1.045626e+04
3.2 1.046637e+04 1.043954e+04 1.044797e+04 1.047481e+04
4.2 1.043094e+04 1.043624e+04 1.044033e+04 1.043503e+04
5.2 1.044629e+04 1.044670e+04 1.045618e+04 1.045576e+04
6.2 1.042300e+04 1.043846e+04 1.046146e+04 1.044601e+04
7.2 1.037888e+04 1.040497e+04 1.043780e+04 1.041171e+04
8.2 1.038607e+04 1.039065e+04 1.040986e+04 1.040528e+04
9.2 1.041416e+04 1.040682e+04 1.039232e+04 1.039966e+04
10.2 1.040013e+04 1.043425e+04 1.040987e+04 1.037575e+04
11.2 1.040408e+04 1.044812e+04 1.044223e+04 1.039820e+04
12.2 1.040702e+04 1.042491e+04 1.043943e+04 1.042154e+04
13.2 1.037262e+04 1.040444e+04 1.041768e+04 1.038586e+04
14.2 1.040842e+04 1.041175e+04 1.039897e+04 1.039564e+04
15.2 1.040324e+04 1.043701e+04 1.038809e+04 1.035432e+04
16.2 1.037667e+04 1.042555e+04 1.038288e+04 1.033400e+04
17.2 1.031372e+04 1.039531e+04 1.038115e+04 1.029956e+04
18.2 1.036269e+04 1.038588e+04 1.038151e+04 1.035832e+04
19.2 1.042250e+04 1.040827e+04 1.038288e+04 1.039711e+04
20.2 1.048461e+04 1.043533e+04 1.038444e+04 1.043372e+04
0.2 1.046637e+04 1.043954e+04 1.044797e+04 1.047481e+04
1.2 1.043094e+04 1.043624e+04 1.044033e+04 1.043503e+04
2.2 1.044629e+04 1.044670e+04 1.045618e+04 1.045576e+04
3.2 1.042300e+04 1.043846e+04 1.046146e+04 1.044601e+04
4.2 1.037888e+04 1.040497e+04 1.043780e+04 1.041171e+04
5.2 1.038607e+04 1.039065e+04 1.040986e+04 1.040528e+04
6.2 1.041416e+04 1.040682e+04 1.039232e+04 1.039966e+04
7.2 1.040013e+04 1.043425e+04 1.040987e+04 1.037575e+04
8.2 1.040408e+04 1.044812e+04 1.044223e+04 1.039820e+04
9.2 1.040702e+04 1.042491e+04 1.043943e+04 1.042154e+04
10.2 1.037262e+04 1.040444e+04 1.041768e+04 1.038586e+04
11.2 1.040842e+04 1.041175e+04 1.039897e+04 1.039564e+04
12.2 1.040324e+04 1.043701e+04 1.038809e+04 1.035432e+04
13.2 1.037667e+04 1.042555e+04 1.038288e+04 1.033400e+04
14.2 1.031372e+04 1.039531e+04 1.038115e+04 1.029956e+04
15.2 1.036269e+04 1.038588e+04 1.038151e+04 1.035832e+04
16.2 1.042250e+04 1.040827e+04 1.038288e+04 1.039711e+04
17.2 1.048461e+04 1.043533e+04 1.038444e+04 1.043372e+04
18.2 1.044546e+04 1.042062e+04 1.038574e+04 1.041059e+04
19.2 1.037422e+04 1.038727e+04 1.038664e+04 1.037358e+04
20.2 1.034567e+04 1.036108e+04 1.038718e+04 1.037177e+04
0.8 1.041416e+04 1.040682e+04 1.039232e+04 1.039966e+04
1.8 1.040013e+04 1.043425e+04 1.040987e+04 1.037575e+04
2.8 1.040408e+04 1.044812e+04 1.044223e+04 1.039820e+04
3.8 1.040702e+04 1.042491e+04 1.043943e+04 1.042154e+04
4.8 1.037262e+04 1.040444e+04 1.041768e+04 1.038586e+04
5.8 1.040842e+04 1.041175e+04 1.039897e+04 1.039564e+04
6.8 1.040324e+04 1.043701e+04 1.038809e+04 1.035432e+04
7.8 1.037667e+04 1.042555e+04 1.038288e+04 1.033400e+04
8.8 1.031372e+04 1.039531e+04 1.038115e+04 1.029956e+04
9.8 1.036269e+04 1.038588e+04 1.038151e+04 1.035832e+04
10.8 1.042250e+04 1.040827e+04 1.038288e+04 1.039711e+04
11.8 1.048461e+04 1.043533e+04 1.038444e+04 1.043372e+04
12.8 1.044546e+04 1.042062e+04 1.038574e+04 1.041059e+04
13.8 1.037422e+04 1.038727e+04 1.038664e+04 1.037358e+04
14.8 1.034567e+04 1.036108e+04 1.038718e+04 1.037177e+04
15.8 1.036656e+04 1.034660e+04 1.038748e+04 1.040745e+04
16.8 1.036241e+04 1.034216e+04 1.038763e+04 1.040788e+04
17.8 1.042015e+04 1.035660e+04 1.038770e+04 1.045125e+04
18.8 1.046995e+04 1.038339e+04 1.038986e+04 1.047642e+04
19.8 1.045719e+04 1.042083e+04 1.042173e+04 1.045809e+04
20.8 1.041469e+04 1.044115e+04 1.045302e+04 1.042656e+04
1.0 1.046995e+04 1.038339e+04 1.038986e+04 1.047642e+04
2.0 1.045719e+04 1.042083e+04 1.042173e+04 1.045809e+04
3.0 1.041469e+04 1.044115e+04 1.045302e+04 1.042656e+04
4.0 1.040459e+04 1.043176e+04 1.044530e+04 1.041814e+04
5.0 1.036021e+04 1.042292e+04 1.042131e+04 1.035860e+04
6.0 1.037040e+04 1.042065e+04 1.040873e+04 1.035848e+04
7.0 1.042118e+04 1.043924e+04 1.043619e+04 1.041813e+04
8.0 1.042703e+04 1.045409e+04 1.045067e+04 1.042361e+04
9.0 1.043153e+04 1.045758e+04 1.043302e+04 1.040696e+04
10.0 1.044480e+04 1.046888e+04 1.040919e+04 1.038510e+04
11.0 1.040436e+04 1.045073e+04 1.039308e+04 1.034672e+04
12.0 1.038966e+04 1.042257e+04 1.038476e+04 1.035185e+04
13.0 1.038011e+04 1.041872e+04 1.038134e+04 1.034273e+04
14.0 1.042390e+04 1.044213e+04 1.038081e+04 1.036258e+04
15.0 1.041808e+04 1.044374e+04 1.038185e+04 1.035619e+04
16.0 1.043135e+04 1.042916e+04 1.038347e+04 1.038566e+04
17.0 1.037593e+04 1.042072e+04 1.038526e+04 1.034047e+04
18.0 1.039618e+04 1.042545e+04 1.040651e+04 1.037724e+04
19.0 1.044599e+04 1.044281e+04 1.044649e+04 1.044966e+04
20.0 1.044598e+04 1.044405e+04 1.045056e+04 1.045248e+04
21.0 1.041043e+04 1.043582e+04 1.042900e+04 1.040362e+04
0.2 1.036021e+04 1.042292e+04 1.042131e+04 1.035860e+04
1.2 1.037040e+04 1.042065e+04 1.040873e+04 1.035848e+04
2.2 1.042118e+04 1.043924e+04 1.043619e+04 1.041813e+04
3.2 1.042703e+04 1.045409e+04 1.045067e+04 1.042361e+04
4.2 1.043153e+04 1.045758e+04 1.043302e+04 1.040696e+04
5.2 1.044480e+04 1.046888e+04 1.040919e+04 1.038510e+04
6.2 1.040436e+04 1.045073e+04 1.039308e+04 1.034672e+04
7.2 1.038966e+04 1.042257e+04 1.038476e+04 1.035185e+04
8.2 1.038011e+04 1.041872e+04 1.038134e+04 1.034273e+04
9.2 1.042390e+04 1.044213e+04 1.038081e+04 1.036258e+04
10.2 1.041808e+04 1.044374e+04 1.038185e+04 1.035619e+04
11.2 1.043135e+04 1.042916e+04 1.038347e+04 1.038566e+04
12.2 1.037593e+04 1.042072e+04 1.038526e+04 1.034047e+04
13.2 1.039618e+04 1.042545e+04 1.040651e+04 1.037724e+04
14.2 1.044599e+04 1.044281e+04 1.044649e+04 1.044966e+04
15.2 1.044598e+04 1.044405e+04 1.045056e+04 1.045248e+04
16.2 1.041043e+04 1.043582e+04 1.042900e+04 1.040362e+04
17.2 1.036875e+04 1.043504e+04 1.042719e+04 1.036090e+04
18.2 1.042045e+04 1.044356e+04 1.045241e+04 1.042930e+04
19.2 1.038501e+04 1.042216e+04 1.044865e+04 1.041150e+04
20.2 1.036046e+04 1.039603e+04 1.042349e+04 1.038792e+04
0.6 1.037593e+04 1.042072e+04 1.038526e+04 1.034047e+04
1.6 1.039618e+04 1.042545e+04 1.040651e+04 1.037724e+04
2.6 1.044599e+04 1.044281e+04 1.044649e+04 1.044966e+04
3.6 1.044598e+04 1.044405e+04 1.045056e+04 1.045248e+04
4.6 1.041043e+04 1.043582e+04 1.042900e+04 1.040362e+04
5.6 1.036875e+04 1.043504e+04 1.042719e+04 1.036090e+04
6.6 1.042045e+04 1.044356e+04 1.045241e+04 1.042930e+04
7.6 1.038501e+04 1.042216e+04 1.044865e+04 1.041150e+04
8.6 1.036046e+04 1.039603e+04 1.042349e+04 1.038792e+04
9.6 1.035540e+04 1.039067e+04 1.040144e+04 1.036617e+04
10.6 1.039558e+04 1.040687e+04 1.041068e+04 1.039939e+04
11.6 1.046532e+04 1.042901e+04 1.044293e+04 1.047924e+04
12.6 1.039326e+04 1.041656e+04 1.044251e+04 1.041921e+04
13.6 1.036141e+04 1.039881e+04 1.042043e+04 1.038303e+04
14.6 1.033885e+04 1.039717e+04 1.040193e+04 1.034361e+04
15.6 1.041784e+04 1.041765e+04 1.041996e+04 1.042016e+04
16.6 1.041815e+04 1.043263e+04 1.044744e+04 1.043296e+04
17.6 1.037186e+04 1.041147e+04 1.043968e+04 1.040007e+04
18.6 1.034667e+04 1.037943e+04 1.041616e+04 1.038340e+04
19.6 1.032110e+04 1.035649e+04 1.039740e+04 1.036201e+04
20.6 1.036568e+04 1.034939e+04 1.038691e+04 1.040320e+04
0.6 1.041043e+04 1.043582e+04 1.042900e+04 1.040362e+04
1.6 1.036875e+04 1.043504e+04 1.042719e+04 1.036090e+04
2.6 1.042045e+04 1.044356e+04 1.045241e+04 1.042930e+04
3.6 1.038501e+04 1.042216e+04 1.044865e+04 1.041150e+04
4.6 1.036046e+04 1.039603e+04 1.042349e+04 1.038792e+04
5.6 1.035540e+04 1.039067e+04 1.040144e+04 1.036617e+04
6.6 1.039558e+04 1.040687e+04 1.041068e+04 1.039939e+04
7.6 1.046532e+04 1.042901e+04 1.044293e+04 1.047924e+04
8.6 1.039326e+04 1.041656e+04 1.044251e+04 1.041921e+04
9.6 1.036141e+04 1.039881e+04 1.042043e+04 1.038303e+04
10.6 1.033885e+04 1.039717e+04 1.040193e+04 1.034361e+04
11.6 1.041784e+04 1.041765e+04 1.041996e+04 1.042016e+04
12.6 1.041815e+04 1.043263e+04 1.044744e+04 1.043296e+04
13.6 1.037186e+04 1.041147e+04 1.043968e+04 1.040007e+04
14.6 1.034667e+04 1.037943e+04 1.041616e+04 1.038340e+04
15.6 1.032110e+04 1.035649e+04 1.039740e+04 1.036201e+04
16.6 1.036568e+04 1.034939e+04 1.038691e+04 1.040320e+04
17.6 1.038123e+04 1.036281e+04 1.038214e+04 1.040056e+04
18.6 1.043595e+04 1.040247e+04 1.038080e+04 1.041428e+04
19.6 1.044798e+04 1.043349e+04 1.038142e+04 1.039591e+04
20.6 1.041019e+04 1.042324e+04 1.038291e+04 1.036986e+04
0.7 1.035540e+04 1.039067e+04 1.040144e+04 1.036617e+04
1.7 1.039558e+04 1.040687e+04 1.041068e+04 1.039939e+04
2.7 1.046532e+04 1.042901e+04 1.044293e+04 1.047924e+04
3.7 1.039326e+04 1.041656e+04 1.044251e+04 1.041921e+04
4.7 1.036141e+04 1.039881e+04 1.042043e+04 1.038303e+04
5.7 1.033885e+04 1.039717e+04 1.040193e+04 1.034361e+04
6.7 1.041784e+04 1.041765e+04 1.041996e+04 1.042016e+04
7.7 1.041815e+04 1.043263e+04 1.044744e+04 1.043296e+04
8.7 1.037186e+04 1.041147e+04 1.043968e+04 1.040007e+04
9.7 1.034667e+04 1.037943e+04 1.041616e+04 1.038340e+04
10.7 1.032110e+04 1.035649e+04 1.039740e+04 1.036201e+04
11.7 1.036568e+04 1.034939e+04 1.038691e+04 1.040320e+04
12.7 1.038123e+04 1.036281e+04 1.038214e+04 1.040056e+04
13.7 1.043595e+04 1.040247e+04 1.038080e+04 1.041428e+04
14.7 1.044798e+04 1.043349e+04 1.038142e+04 1.039591e+04
15.7 1.041019e+04 1.042324e+04 1.038291e+04 1.036986e+04
16.7 1.038849e+04 1.041010e+04 1.038452e+04 1.036291e+04
17.7 1.042104e+04 1.042380e+04 1.038581e+04 1.038306e+04
18.7 1.046045e+04 1.044310e+04 1.038669e+04 1.040404e+04
19.7 1.041483e+04 1.042579e+04 1.038721e+04 1.037626e+04
20.7 1.040112e+04 1.040743e+04 1.038750e+04 1.038119e+04
0.9 1.033885e+04 1.039717e+04 1.040193e+04 1.034361e+04
1.9 1.041784e+04 1.041765e+04 1.041996e+04 1.042016e+04
2.9 1.041815e+04 1.043263e+04 1.044744e+04 1.043296e+04
3.9 1.037186e+04 1.041147e+04 1.043968e+04 1.040007e+04
4.9 1.034667e+04 1.037943e+04 1.041616e+04 1.038340e+04
5.9 1.032110e+04 1.035649e+04 1.039740e+04 1.036201e+04
6.9 1.036568e+04 1.034939e+04 1.038691e+04 1.040320e+04
7.9 1.038123e+04 1.036281e+04 1.038214e+04 1.040056e+04
8.9 1.043595e+04 1.040247e+04 1.038080e+04 1.041428e+04
9.9 1.044798e+04 1.043349e+04 1.038142e+04 1.039591e+04
10.9 1.041019e+04 1.042324e+04 1.038291e+04 1.036986e+04
11.9 1.038849e+04 1.041010e+04 1.038452e+04 1.036291e+04
12.9 1.042104e+04 1.042380e+04 1.038581e+04 1.038306e+04
13.9 1.046045e+04 1.044310e+04 1.038669e+04 1.040404e+04
14.9 1.041483e+04 1.042579e+04 1.038721e+04 1.037626e+04
15.9 1.040112e+04 1.040743e+04 1.038750e+04 1.038119e+04
16.9 1.041999e+04 1.040706e+04 1.038770e+04 1.040062e+04
17.9 1.042350e+04 1.041721e+04 1.040258e+04 1.040887e+04
18.9 1.047397e+04 1.044187e+04 1.044326e+04 1.047536e+04
19.9 1.040668e+04 1.045677e+04 1.045277e+04 1.040268e+04
20.9 1.043224e+04 1.046004e+04 1.043615e+04 1.040836e+04
0.5 1.041999e+04 1.040706e+04 1.038770e+04 1.040062e+04
1.5 1.042350e+04 1.041721e+04 1.040258e+04 1.040887e+04
2.5 1.047397e+04 1.044187e+04 1.044326e+04 1.047536e+04
3.5 1.040668e+04 1.045677e+04 1.045277e+04 1.040268e+04
4.5 1.043224e+04 1.046004e+04 1.043615e+04 1.040836e+04
5.5 1.042115e+04 1.046767e+04 1.044863e+04 1.040211e+04
6.5 1.045049e+04 1.046530e+04 1.046063e+04 1.044582e+04
7.5 1.046296e+04 1.044815e+04 1.044705e+04 1.046186e+04
8.5 1.045502e+04 1.044853e+04 1.045739e+04 1.046388e+04
9.5 1.040591e+04 1.043598e+04 1.046059e+04 1.043052e+04
10.5 1.037348e+04 1.039954e+04 1.043637e+04 1.041031e+04
11.5 1.029777e+04 1.036544e+04 1.040836e+04 1.034069e+04
12.5 1.035743e+04 1.035229e+04 1.039011e+04 1.039525e+04
13.5 1.036948e+04 1.036733e+04 1.038128e+04 1.038343e+04
14.5 1.037201e+04 1.039103e+04 1.037966e+04 1.036064e+04
15.5 1.039833e+04 1.042153e+04 1.040879e+04 1.038559e+04
16.5 1.043564e+04 1.044592e+04 1.044461e+04 1.043434e+04
17.5 1.042314e+04 1.044547e+04 1.044194e+04 1.041961e+04
18.5 1.038478e+04 1.043849e+04 1.043209e+04 1.037837e+04
19.5 1.041965e+04 1.044781e+04 1.045386e+04 1.042570e+04
20.5 1.041974e+04 1.043225e+04 1.045553e+04 1.044301e+04
0.1 1.040668e+04 1.045677e+04 1.045277e+04 1.040268e+04
1.1 1.043224e+04 1.046004e+04 1.043615e+04 1.040836e+04
2.1 1.042115e+04 1.046767e+04 1.044863e+04 1.040211e+04
3.1 1.045049e+04 1.046530e+04 1.046063e+04 1.044582e+04
4.1 1.046296e+04 1.044815e+04 1.044705e+04 1.046186e+04
5.1 1.045502e+04 1.044853e+04 1.045739e+04 1.046388e+04
6.1 1.040591e+04 1.043598e+04 1.046059e+04 1.043052e+04
7.1 1.037348e+04 1.039954e+04 1.043637e+04 1.041031e+04
8.1 1.029777e+04 1.036544e+04 1.040836e+04 1.034069e+04
9.1 1.035743e+04 1.035229e+04 1.039011e+04 1.039525e+04
10.1 1.036948e+04 1.036733e+04 1.038128e+04 1.038343e+04
11.1 1.037201e+04 1.039103e+04 1.037966e+04 1.036064e+04
12.1 1.039833e+04 1.042153e+04 1.040879e+04 1.038559e+04
13.1 1.043564e+04 1.044592e+04 1.044461e+04 1.043434e+04
14.1 1.042314e+04 1.044547e+04 1.044194e+04 1.041961e+04
15.1 1.038478e+04 1.043849e+04 1.043209e+04 1.037837e+04
16.1 1.041965e+04 1.044781e+04 1.045386e+04 1.042570e+04
17.1 1.041974e+04 1.043225e+04 1.045553e+04 1.044301e+04
18.1 1.036183e+04 1.039536e+04 1.043082e+04 1.039729e+04
19.1 1.033944e+04 1.036808e+04 1.040535e+04 1.037671e+04
20.1 1.037736e+04 1.037026e+04 1.038956e+04 1.039666e+04
0.2 1.045049e+04 1.046530e+04 1.046063e+04 1.044582e+04
1.2 1.046296e+04 1.044815e+04 1.044705e+04 1.046186e+04
2.2 1.045502e+04 1.044853e+04 1.045739e+04 1.046388e+04
3.2 1.040591e+04 1.043598e+04 1.046059e+04 1.043052e+04
4.2 1.037348e+04 1.039954e+04 1.043637e+04 1.041031e+04
5.2 1.029777e+04 1.036544e+04 1.040836e+04 1.034069e+04
6.2 1.035743e+04 1.035229e+04 1.039011e+04 1.039525e+04
7.2 1.036948e+04 1.036733e+04 1.038128e+04 1.038343e+04
8.2 1.037201e+04 1.039103e+04 1.037966e+04 1.036064e+04
9.2 1.039833e+04 1.042153e+04 1.040879e+04 1.038559e+04
10.2 1.043564e+04 1.044592e+04 1.044461e+04 1.043434e+04
11.2 1.042314e+04 1.044547e+04 1.044194e+04 1.041961e+04
12.2 1.038478e+04 1.043849e+04 1.043209e+04 1.037837e+04
13.2 1.041965e+04 1.044781e+04 1.045386e+04 1.042570e+04
14.2 1.041974e+04 1.043225e+04 1.045553e+04 1.044301e+04
15.2 1.036183e+04 1.039536e+04 1.043082e+04 1.039729e+04
16.2 1.033944e+04 1.036808e+04 1.040535e+04 1.037671e+04
17.2 1.037736e+04 1.037026e+04 1.038956e+04 1.039666e+04
18.2 1.039596e+04 1.038924e+04 1.038916e+04 1.039587e+04
19.2 1.044551e+04 1.042355e+04 1.042584e+04 1.044780e+04
20.2 1.041097e+04 1.042978e+04 1.044648e+04 1.042768e+04
0.9 1.037201e+04 1.039103e+04 1.037966e+04 1.036064e+04
1.9 1.039833e+04 1.042153e+04 1.040879e+04 1.038559e+04
2.9 1.043564e+04 1.044592e+04 1.044461e+04 1.043434e+04
3.9 1.042314e+04 1.044547e+04 1.044194e+04 1.041961e+04
4.9 1.038478e+04 1.043849e+04 1.043209e+04 1.037837e+04
5.9 1.041965e+04 1.044781e+04 1.045386e+04 1.042570e+04
6.9 1.041974e+04 1.043225e+04 1.045553e+04 1.044301e+04
7.9 1.036183e+04 1.039536e+04 1.043082e+04 1.039729e+04
8.9 1.033944e+04 1.036808e+04 1.040535e+04 1.037671e+04
9.9 1.037736e+04 1.037026e+04 1.038956e+04 1.039666e+04
10.9 1.039596e+04 1.038924e+04 1.038916e+04 1.039587e+04
11.9 1.044551e+04 1.042355e+04 1.042584e+04 1.044780e+04
12.9 1.041097e+04 1.042978e+04 1.044648e+04 1.042768e+04
13.9 1.034365e+04 1.040303e+04 1.043257e+04 1.037318e+04
14.9 1.031229e+04 1.037322e+04 1.041053e+04 1.034959e+04
15.9 1.033255e+04 1.035372e+04 1.039486e+04 1.037369e+04
16.9 1.034432e+04 1.034384e+04 1.038627e+04 1.038674e+04
17.9 1.037150e+04 1.034558e+04 1.038238e+04 1.040830e+04
18.9 1.035192e+04 1.036620e+04 1.038276e+04 1.036848e+04
19.9 1.041341e+04 1.040610e+04 1.041235e+04 1.041966e+04
20.9 1.043693e+04 1.043432e+04 1.044780e+04 1.045041e+04
0.4 1.042314e+04 1.044547e+04 1.044194e+04 1.041961e+04
1.4 1.038478e+04 1.043849e+04 1.043209e+04 1.037837e+04
2.4 1.041965e+04 1.044781e+04 1.045386e+04 1.042570e+04
3.4 1.041974e+04 1.043225e+04 1.045553e+04 1.044301e+04
4.4 1.036183e+04 1.039536e+04 1.043082e+04 1.039729e+04
5.4 1.033944e+04 1.036808e+04 1.040535e+04 1.037671e+04
6.4 1.037736e+04 1.037026e+04 1.038956e+04 1.039666e+04
7.4 1.039596e+04 1.038924e+04 1.038916e+04 1.039587e+04
8.4 1.044551e+04 1.042355e+04 1.042584e+04 1.044780e+04
9.4 1.041097e+04 1.042978e+04 1.044648e+04 1.042768e+04
10.4 1.034365e+04 1.040303e+04 1.043257e+04 1.037318e+04
11.4 1.031229e+04 1.037322e+04 1.041053e+04 1.034959e+04
12.4 1.033255e+04 1.035372e+04 1.039486e+04 1.037369e+04
13.4 1.034432e+04 1.034384e+04 1.038627e+04 1.038674e+04
14.4 1.037150e+04 1.034558e+04 1.038238e+04 1.040830e+04
15.4 1.035192e+04 1.036620e+04 1.038276e+04 1.036848e+04
16.4 1.041341e+04 1.040610e+04 1.041235e+04 1.041966e+04
17.4 1.043693e+04 1.043432e+04 1.044780e+04 1.045041e+04
18.4 1.044028e+04 1.042270e+04 1.044437e+04 1.046196e+04
19.4 1.043003e+04 1.040933e+04 1.042178e+04 1.044249e+04
20.4 1.039232e+04 1.040923e+04 1.040216e+04 1.038525e+04
0.2 1.037736e+04 1.037026e+04 1.038956e+04 1.039666e+04
1.2 1.039596e+04 1.038924e+04 1.038916e+04 1.039587e+04
2.2 1.044551e+04 1.042355e+04 1.042584e+04 1.044780e+04
3.2 1.041097e+04 1.042978e+04 1.044648e+04 1.042768e+04
4.2 1.034365e+04 1.040303e+04 1.043257e+04 1.037318e+04
5.2 1.031229e+04 1.037322e+04 1.041053e+04 1.034959e+04
6.2 1.033255e+04 1.035372e+04 1.039486e+04 1.037369e+04
7.2 1.034432e+04 1.034384e+04 1.038627e+04 1.038674e+04
8.2 1.037150e+04 1.034558e+04 1.038238e+04 1.040830e+04
9.2 1.035192e+04 1.036620e+04 1.038276e+04 1.036848e+04
10.2 1.041341e+04 1.040610e+04 1.041235e+04 1.041966e+04
11.2 1.043693e+04 1.043432e+04 1.044780e+04 1.045041e+04
12.2 1.044028e+04 1.042270e+04 1.044437e+04 1.046196e+04
13.2 1.043003e+04 1.040933e+04 1.042178e+04 1.044249e+04
14.2 1.039232e+04 1.040923e+04 1.040216e+04 1.038525e+04
15.2 1.045269e+04 1.043438e+04 1.039027e+04 1.040859e+04
16.2 1.045046e+04 1.043972e+04 1.038422e+04 1.039496e+04
17.2 1.043202e+04 1.040985e+04 1.038194e+04 1.040411e+04
18.2 1.038602e+04 1.037586e+04 1.038197e+04 1.039213e+04
19.2 1.039231e+04 1.035372e+04 1.038315e+04 1.042174e+04
20.2 1.035057e+04 1.034277e+04 1.038460e+04 1.039241e+04
0.9 1.035192e+04 1.036620e+04 1.038276e+04 1.036848e+04
1.9 1.041341e+04 1.040610e+04 1.041235e+04 1.041966e+04
2.9 1.043693e+04 1.043432e+04 1.044780e+04 1.045041e+04
3.9 1.044028e+04 1.042270e+04 1.044437e+04 1.046196e+04
4.9 1.043003e+04 1.040933e+04 1.042178e+04 1.044249e+04
5.9 1.039232e+04 1.040923e+04 1.040216e+04 1.038525e+04
6.9 1.045269e+04 1.043438e+04 1.039027e+04 1.040859e+04
7.9 1.045046e+04 1.043972e+04 1.038422e+04 1.039496e+04
8.9 1.043202e+04 1.040985e+04 1.038194e+04 1.040411e+04
9.9 1.038602e+04 1.037586e+04 1.038197e+04 1.039213e+04
10.9 1.039231e+04 1.035372e+04 1.038315e+04 1.042174e+04
11.9 1.035057e+04 1.034277e+04 1.038460e+04 1.039241e+04
12.9 1.039348e+04 1.034281e+04 1.038584e+04 1.043650e+04
13.9 1.041706e+04 1.035982e+04 1.038763e+04 1.044487e+04
14.9 1.047437e+04 1.039732e+04 1.041486e+04 1.049191e+04
15.9 1.050249e+04 1.042922e+04 1.045074e+04 1.052401e+04
16.9 1.043990e+04 1.041830e+04 1.044802e+04 1.046961e+04
17.9 1.037758e+04 1.038974e+04 1.042467e+04 1.041251e+04
18.9 1.035450e+04 1.037839e+04 1.040391e+04 1.038002e+04
19.9 1.041327e+04 1.039221e+04 1.039118e+04 1.041224e+04
20.9 1.045453e+04 1.042968e+04 1.038464e+04 1.040950e+04
0.8 1.041706e+04 1.035982e+04 1.038763e+04 1.044487e+04
1.8 1.047437e+04 1.039732e+04 1.041486e+04 1.049191e+04
2.8 1.050249e+04 1.042922e+04 1.045074e+04 1.052401e+04
3.8 1.043990e+04 1.041830e+04 1.044802e+04 1.046961e+04
4.8 1.037758e+04 1.038974e+04 1.042467e+04 1.041251e+04
5.8 1.035450e+04 1.037839e+04 1.040391e+04 1.038002e+04
6.8 1.041327e+04 1.039221e+04 1.039118e+04 1.041224e+04
7.8 1.045453e+04 1.042968e+04 1.038464e+04 1.040950e+04
8.8 1.045033e+04 1.043587e+04 1.038208e+04 1.039655e+04
9.8 1.040725e+04 1.041640e+04 1.038197e+04 1.037282e+04
10.8 1.038578e+04 1.041026e+04 1.038308e+04 1.035861e+04
11.8 1.040516e+04 1.041426e+04 1.038776e+04 1.037866e+04
12.8 1.048974e+04 1.043378e+04 1.042356e+04 1.047952e+04
13.8 1.039564e+04 1.043933e+04 1.045270e+04 1.040900e+04
14.8 1.037316e+04 1.042442e+04 1.044290e+04 1.039164e+04
15.8 1.036636e+04 1.041988e+04 1.041905e+04 1.036552e+04
16.8 1.040234e+04 1.044130e+04 1.040022e+04 1.036125e+04
17.8 1.037615e+04 1.043527e+04 1.038919e+04 1.033007e+04
18.8 1.034254e+04 1.040052e+04 1.038375e+04 1.032578e+04
19.8 1.035125e+04 1.036776e+04 1.038188e+04 1.036537e+04
20.8 1.036266e+04 1.034827e+04 1.038215e+04 1.039654e+04
1.0 1.040516e+04 1.041426e+04 1.038776e+04 1.037866e+04
2.0 1.048974e+04 1.043378e+04 1.042356e+04 1.047952e+04
3.0 1.039564e+04 1.043933e+04 1.045270e+04 1.040900e+04
4.0 1.037316e+04 1.042442e+04 1.044290e+04 1.039164e+04
5.0 1.036636e+04 1.041988e+04 1.041905e+04 1.036552e+04
6.0 1.040234e+04 1.044130e+04 1.040022e+04 1.036125e+04
7.0 1.037615e+04 1.043527e+04 1.038919e+04 1.033007e+04
8.0 1.034254e+04 1.040052e+04 1.038375e+04 1.032578e+04
9.0 1.035125e+04 1.036776e+04 1.038188e+04 1.036537e+04
10.0 1.036266e+04 1.034827e+04 1.038215e+04 1.039654e+04
11.0 1.037116e+04 1.033953e+04 1.038341e+04 1.041504e+04
12.0 1.037908e+04 1.033720e+04 1.038484e+04 1.042673e+04
