0.8 4.208972e+03 4.236023e+03 4.224701e+03 4.197650e+03
1.8 4.191986e+03 4.235660e+03 4.228764e+03 4.185090e+03
2.8 4.220597e+03 4.232915e+03 4.237425e+03 4.225106e+03
3.8 4.244179e+03 4.236006e+03 4.239341e+03 4.247513e+03
4.8 4.210431e+03 4.233563e+03 4.234769e+03 4.211637e+03
5.8 4.208246e+03 4.221040e+03 4.229568e+03 4.216774e+03
6.8 4.189827e+03 4.208326e+03 4.226086e+03 4.207587e+03
7.8 4.224923e+03 4.204294e+03 4.224199e+03 4.244829e+03
8.8 4.228789e+03 4.215751e+03 4.223372e+03 4.236410e+03
9.8 4.234252e+03 4.231940e+03 4.223208e+03 4.225519e+03
10.8 4.232125e+03 4.242313e+03 4.223405e+03 4.213218e+03
11.8 4.240967e+03 4.243318e+03 4.223731e+03 4.221380e+03
12.8 4.251835e+03 4.231282e+03 4.224039e+03 4.244593e+03
13.8 4.218272e+03 4.224762e+03 4.224268e+03 4.217778e+03
14.8 4.218719e+03 4.230208e+03 4.224414e+03 4.212925e+03
15.8 4.243794e+03 4.237733e+03 4.224496e+03 4.230557e+03
16.8 4.254230e+03 4.238219e+03 4.224538e+03 4.240550e+03
17.8 4.241144e+03 4.227756e+03 4.224558e+03 4.237946e+03
18.8 4.255548e+03 4.227067e+03 4.224567e+03 4.253048e+03
19.8 4.255333e+03 4.239590e+03 4.224571e+03 4.240313e+03
20.8 4.253228e+03 4.247051e+03 4.224573e+03 4.230749e+03
21.8 4.242636e+03 4.243524e+03 4.224573e+03 4.223686e+03
0.4 4.248434e+03 4.238489e+03 4.224576e+03 4.234520e+03
1.4 4.251774e+03 4.237161e+03 4.226062e+03 4.240675e+03
2.4 4.232401e+03 4.234011e+03 4.234802e+03 4.233192e+03
3.4 4.241624e+03 4.233034e+03 4.247307e+03 4.255897e+03
4.4 4.256953e+03 4.233377e+03 4.251244e+03 4.274819e+03
5.4 4.248352e+03 4.235297e+03 4.244223e+03 4.257278e+03
6.4 4.224205e+03 4.226719e+03 4.234779e+03 4.232265e+03
7.4 4.208471e+03 4.213974e+03 4.227953e+03 4.222451e+03
8.4 4.214930e+03 4.212734e+03 4.224134e+03 4.226330e+03
9.4 4.191667e+03 4.223560e+03 4.222422e+03 4.190530e+03
10.4 4.227682e+03 4.232124e+03 4.222021e+03 4.217579e+03
11.4 4.259049e+03 4.234045e+03 4.222339e+03 4.247343e+03
12.4 4.237798e+03 4.226100e+03 4.222931e+03 4.234628e+03
13.4 4.208535e+03 4.218517e+03 4.223512e+03 4.213531e+03
14.4 4.205705e+03 4.225051e+03 4.223956e+03 4.204610e+03
15.4 4.208644e+03 4.236787e+03 4.224245e+03 4.196101e+03
16.4 4.269629e+03 4.244043e+03 4.224411e+03 4.249998e+03
17.4 4.234520e+03 4.242438e+03 4.224499e+03 4.216580e+03
18.4 4.242069e+03 4.228320e+03 4.224541e+03 4.238289e+03
19.4 4.198055e+03 4.215136e+03 4.224560e+03 4.207479e+03
20.4 4.213293e+03 4.216718e+03 4.224568e+03 4.221143e+03
21.4 4.218670e+03 4.224708e+03 4.224572e+03 4.218534e+03
0.4 4.229257e+03 4.239924e+03 4.224575e+03 4.213908e+03
1.4 4.205427e+03 4.224691e+03 4.225938e+03 4.206674e+03
2.4 4.230759e+03 4.217060e+03 4.233692e+03 4.247391e+03
3.4 4.232979e+03 4.220406e+03 4.239615e+03 4.252188e+03
4.4 4.250059e+03 4.227172e+03 4.237239e+03 4.260126e+03
5.4 4.236131e+03 4.223279e+03 4.231783e+03 4.244635e+03
6.4 4.194392e+03 4.222977e+03 4.227448e+03 4.198863e+03
7.4 4.241123e+03 4.230951e+03 4.224901e+03 4.235072e+03
8.4 4.262042e+03 4.239317e+03 4.223648e+03 4.246372e+03
9.4 4.233396e+03 4.238410e+03 4.223221e+03 4.218207e+03
10.4 4.204982e+03 4.225074e+03 4.223286e+03 4.203194e+03
11.4 4.193080e+03 4.211015e+03 4.224001e+03 4.206067e+03
12.4 4.199823e+03 4.207462e+03 4.230255e+03 4.222615e+03
13.4 4.213854e+03 4.215222e+03 4.242939e+03 4.241571e+03
14.4 4.211546e+03 4.223918e+03 4.251415e+03 4.239043e+03
15.4 4.240686e+03 4.233071e+03 4.247618e+03 4.255232e+03
16.4 4.216240e+03 4.232187e+03 4.238109e+03 4.222161e+03
17.4 4.228783e+03 4.224418e+03 4.230076e+03 4.234441e+03
18.4 4.214374e+03 4.229757e+03 4.225219e+03 4.209836e+03
19.4 4.244614e+03 4.243531e+03 4.222830e+03 4.223913e+03
20.4 4.282202e+03 4.250965e+03 4.222026e+03 4.253263e+03
21.4 4.282520e+03 4.248650e+03 4.222146e+03 4.256015e+03
0.1 4.204982e+03 4.225074e+03 4.223286e+03 4.203194e+03
1.1 4.193080e+03 4.211015e+03 4.224001e+03 4.206067e+03
2.1 4.199823e+03 4.207462e+03 4.230255e+03 4.222615e+03
3.1 4.213854e+03 4.215222e+03 4.242939e+03 4.241571e+03
4.1 4.211546e+03 4.223918e+03 4.251415e+03 4.239043e+03
5.1 4.240686e+03 4.233071e+03 4.247618e+03 4.255232e+03
6.1 4.216240e+03 4.232187e+03 4.238109e+03 4.222161e+03
7.1 4.228783e+03 4.224418e+03 4.230076e+03 4.234441e+03
8.1 4.214374e+03 4.229757e+03 4.225219e+03 4.209836e+03
9.1 4.244614e+03 4.243531e+03 4.222830e+03 4.223913e+03
10.1 4.282202e+03 4.250965e+03 4.222026e+03 4.253263e+03
11.1 4.282520e+03 4.248650e+03 4.222146e+03 4.256015e+03
12.1 4.246201e+03 4.233546e+03 4.222687e+03 4.235342e+03
13.1 4.209987e+03 4.224038e+03 4.223300e+03 4.209249e+03
14.1 4.202401e+03 4.230047e+03 4.223806e+03 4.196159e+03
15.1 4.228227e+03 4.238194e+03 4.224152e+03 4.214185e+03
16.1 4.264741e+03 4.243350e+03 4.224570e+03 4.245960e+03
17.1 4.264680e+03 4.241557e+03 4.229357e+03 4.252480e+03
18.1 4.232374e+03 4.236390e+03 4.237692e+03 4.233676e+03
19.1 4.244529e+03 4.236512e+03 4.238713e+03 4.246730e+03
20.1 4.251527e+03 4.230714e+03 4.233963e+03 4.254776e+03
21.1 4.226442e+03 4.217886e+03 4.229015e+03 4.237571e+03
0.9 4.264741e+03 4.243350e+03 4.224570e+03 4.245960e+03
1.9 4.264680e+03 4.241557e+03 4.229357e+03 4.252480e+03
2.9 4.232374e+03 4.236390e+03 4.237692e+03 4.233676e+03
3.9 4.244529e+03 4.236512e+03 4.238713e+03 4.246730e+03
4.9 4.251527e+03 4.230714e+03 4.233963e+03 4.254776e+03
5.9 4.226442e+03 4.217886e+03 4.229015e+03 4.237571e+03
6.9 4.206081e+03 4.216552e+03 4.225800e+03 4.215328e+03
7.9 4.214912e+03 4.229648e+03 4.224086e+03 4.209350e+03
8.9 4.215275e+03 4.241383e+03 4.223360e+03 4.197252e+03
9.9 4.233286e+03 4.242410e+03 4.223248e+03 4.214124e+03
10.9 4.239242e+03 4.230420e+03 4.223462e+03 4.232284e+03
11.9 4.219552e+03 4.223945e+03 4.223784e+03 4.219391e+03
12.9 4.228472e+03 4.225247e+03 4.224079e+03 4.227303e+03
13.9 4.226171e+03 4.226131e+03 4.224293e+03 4.224334e+03
14.9 4.215406e+03 4.218530e+03 4.224428e+03 4.221304e+03
15.9 4.210272e+03 4.210365e+03 4.224503e+03 4.224411e+03
16.9 4.224374e+03 4.213529e+03 4.224542e+03 4.235387e+03
17.9 4.225586e+03 4.221807e+03 4.224560e+03 4.228339e+03
18.9 4.230439e+03 4.225094e+03 4.224568e+03 4.229913e+03
19.9 4.240046e+03 4.218167e+03 4.224571e+03 4.246450e+03
20.9 4.209313e+03 4.208557e+03 4.224573e+03 4.225328e+03
21.9 4.218501e+03 4.201735e+03 4.224573e+03 4.241340e+03
0.2 4.192917e+03 4.198169e+03 4.224574e+03 4.219321e+03
1.2 4.181990e+03 4.197639e+03 4.225419e+03 4.209770e+03
2.2 4.218778e+03 4.204886e+03 4.232763e+03 4.246655e+03
3.2 4.245451e+03 4.217008e+03 4.243608e+03 4.272051e+03
4.2 4.213341e+03 4.230026e+03 4.245098e+03 4.228413e+03
5.2 4.221310e+03 4.235386e+03 4.238467e+03 4.224390e+03
6.2 4.220401e+03 4.235321e+03 4.231259e+03 4.216339e+03
7.2 4.225938e+03 4.241421e+03 4.226465e+03 4.210982e+03
8.2 4.228197e+03 4.246432e+03 4.223892e+03 4.205657e+03
9.2 4.241988e+03 4.249049e+03 4.222799e+03 4.215738e+03
10.2 4.258196e+03 4.250005e+03 4.222621e+03 4.230812e+03
11.2 4.237437e+03 4.248308e+03 4.222929e+03 4.212059e+03
12.2 4.209216e+03 4.242030e+03 4.223399e+03 4.190585e+03
13.2 4.220244e+03 4.228502e+03 4.223833e+03 4.215575e+03
14.2 4.216754e+03 4.221241e+03 4.224152e+03 4.219666e+03
15.2 4.233312e+03 4.226136e+03 4.224354e+03 4.231531e+03
16.2 4.229465e+03 4.230641e+03 4.224467e+03 4.223292e+03
17.2 4.209450e+03 4.227875e+03 4.224525e+03 4.206100e+03
18.2 4.223033e+03 4.230078e+03 4.224553e+03 4.217507e+03
19.2 4.216502e+03 4.238367e+03 4.224565e+03 4.202700e+03
20.2 4.214129e+03 4.243682e+03 4.224577e+03 4.195023e+03
21.2 4.230562e+03 4.245387e+03 4.226476e+03 4.211651e+03
0.5 4.214129e+03 4.243682e+03 4.224577e+03 4.195023e+03
1.5 4.230562e+03 4.245387e+03 4.226476e+03 4.211651e+03
2.5 4.218924e+03 4.241962e+03 4.235869e+03 4.212831e+03
3.5 4.223889e+03 4.237920e+03 4.248147e+03 4.234116e+03
4.5 4.232890e+03 4.235827e+03 4.250970e+03 4.248033e+03
5.5 4.223127e+03 4.235442e+03 4.243393e+03 4.231078e+03
6.5 4.228888e+03 4.225639e+03 4.234066e+03 4.237315e+03
7.5 4.214920e+03 4.219806e+03 4.227519e+03 4.222634e+03
8.5 4.223899e+03 4.226954e+03 4.223918e+03 4.220864e+03
9.5 4.243162e+03 4.236068e+03 4.222346e+03 4.229440e+03
10.5 4.278738e+03 4.239160e+03 4.222027e+03 4.261606e+03
11.5 4.259045e+03 4.229391e+03 4.222384e+03 4.252038e+03
12.5 4.221368e+03 4.224815e+03 4.222984e+03 4.219537e+03
13.5 4.233474e+03 4.231147e+03 4.223557e+03 4.225884e+03
14.5 4.243717e+03 4.238821e+03 4.223987e+03 4.228883e+03
15.5 4.231433e+03 4.238289e+03 4.224263e+03 4.217407e+03
16.5 4.198434e+03 4.225245e+03 4.224421e+03 4.197610e+03
17.5 4.198483e+03 4.210685e+03 4.224504e+03 4.212302e+03
18.5 4.182467e+03 4.201106e+03 4.224543e+03 4.205904e+03
19.5 4.200044e+03 4.200167e+03 4.224561e+03 4.224438e+03
20.5 4.216373e+03 4.211578e+03 4.224569e+03 4.229363e+03
21.5 4.244310e+03 4.224056e+03 4.224572e+03 4.244826e+03
0.9 4.242802e+03 4.253536e+03 4.224752e+03 4.214018e+03
1.9 4.274226e+03 4.247795e+03 4.229219e+03 4.255650e+03
2.9 4.239618e+03 4.239119e+03 4.237574e+03 4.238073e+03
3.9 4.223701e+03 4.236683e+03 4.238815e+03 4.225833e+03
4.9 4.217163e+03 4.229956e+03 4.234127e+03 4.221335e+03
5.9 4.217709e+03 4.216049e+03 4.229137e+03 4.230798e+03
6.9 4.194072e+03 4.203914e+03 4.225927e+03 4.216085e+03
7.9 4.202176e+03 4.200334e+03 4.227454e+03 4.229295e+03
8.9 4.187147e+03 4.208626e+03 4.237629e+03 4.216150e+03
9.9 4.215323e+03 4.219979e+03 4.248644e+03 4.243988e+03
10.9 4.276758e+03 4.230581e+03 4.248734e+03 4.294912e+03
11.9 4.244532e+03 4.239268e+03 4.240350e+03 4.245614e+03
12.9 4.233293e+03 4.245663e+03 4.231775e+03 4.219405e+03
13.9 4.239360e+03 4.248203e+03 4.226183e+03 4.217340e+03
14.9 4.229252e+03 4.247878e+03 4.223264e+03 4.204638e+03
15.9 4.260728e+03 4.235923e+03 4.222114e+03 4.246919e+03
16.9 4.202795e+03 4.218246e+03 4.222035e+03 4.206585e+03
17.9 4.221649e+03 4.207587e+03 4.222499e+03 4.236561e+03
18.9 4.236717e+03 4.214032e+03 4.223118e+03 4.245803e+03
19.9 4.244611e+03 4.226869e+03 4.223667e+03 4.241409e+03
20.9 4.259160e+03 4.237444e+03 4.224062e+03 4.245778e+03
21.9 4.244228e+03 4.234445e+03 4.224308e+03 4.234091e+03
0.7 4.194072e+03 4.203914e+03 4.225927e+03 4.216085e+03
1.7 4.202176e+03 4.200334e+03 4.227454e+03 4.229295e+03
2.7 4.187147e+03 4.208626e+03 4.237629e+03 4.216150e+03
3.7 4.215323e+03 4.219979e+03 4.248644e+03 4.243988e+03
4.7 4.276758e+03 4.230581e+03 4.248734e+03 4.294912e+03
5.7 4.244532e+03 4.239268e+03 4.240350e+03 4.245614e+03
6.7 4.233293e+03 4.245663e+03 4.231775e+03 4.219405e+03
7.7 4.239360e+03 4.248203e+03 4.226183e+03 4.217340e+03
8.7 4.229252e+03 4.247878e+03 4.223264e+03 4.204638e+03
9.7 4.260728e+03 4.235923e+03 4.222114e+03 4.246919e+03
10.7 4.202795e+03 4.218246e+03 4.222035e+03 4.206585e+03
11.7 4.221649e+03 4.207587e+03 4.222499e+03 4.236561e+03
12.7 4.236717e+03 4.214032e+03 4.223118e+03 4.245803e+03
13.7 4.244611e+03 4.226869e+03 4.223667e+03 4.241409e+03
14.7 4.259160e+03 4.237444e+03 4.224062e+03 4.245778e+03
15.7 4.244228e+03 4.234445e+03 4.224308e+03 4.234091e+03
16.7 4.229421e+03 4.220927e+03 4.224445e+03 4.232940e+03
17.7 4.190904e+03 4.208165e+03 4.224516e+03 4.207255e+03
18.7 4.204033e+03 4.200261e+03 4.224549e+03 4.228321e+03
19.7 4.197292e+03 4.196489e+03 4.224563e+03 4.225367e+03
20.7 4.202299e+03 4.198360e+03 4.224570e+03 4.228509e+03
21.7 4.226090e+03 4.209946e+03 4.224572e+03 4.240716e+03
0.9 4.235539e+03 4.222927e+03 4.224752e+03 4.237364e+03
1.9 4.215420e+03 4.217796e+03 4.229291e+03 4.226914e+03
2.9 4.201812e+03 4.221127e+03 4.241098e+03 4.221783e+03
3.9 4.205944e+03 4.227011e+03 4.250896e+03 4.229829e+03
4.9 4.236030e+03 4.234200e+03 4.248704e+03 4.250534e+03
5.9 4.189673e+03 4.234505e+03 4.239476e+03 4.194644e+03
6.9 4.220195e+03 4.230572e+03 4.231050e+03 4.220673e+03
7.9 4.217281e+03 4.230200e+03 4.225775e+03 4.212856e+03
8.9 4.186927e+03 4.230507e+03 4.223095e+03 4.179514e+03
9.9 4.197913e+03 4.223140e+03 4.222104e+03 4.196876e+03
10.9 4.196055e+03 4.211494e+03 4.222117e+03 4.206678e+03
11.9 4.202449e+03 4.202451e+03 4.222614e+03 4.222612e+03
12.9 4.196649e+03 4.197618e+03 4.223226e+03 4.222256e+03
13.9 4.183094e+03 4.195811e+03 4.223748e+03 4.211032e+03
14.9 4.188693e+03 4.195706e+03 4.224114e+03 4.217101e+03
