0.5 9.649979e+03 9.631684e+03 9.635964e+03 9.654259e+03
1.5 9.646612e+03 9.647712e+03 9.639939e+03 9.638840e+03
2.5 9.623543e+03 9.654283e+03 9.649427e+03 9.618687e+03
3.5 9.596454e+03 9.652035e+03 9.651105e+03 9.595524e+03
4.5 9.615879e+03 9.652354e+03 9.647118e+03 9.610643e+03
5.5 9.670289e+03 9.653434e+03 9.650316e+03 9.667171e+03
6.5 9.642618e+03 9.647105e+03 9.652994e+03 9.648507e+03
7.5 9.610906e+03 9.634077e+03 9.648318e+03 9.625147e+03
8.5 9.602249e+03 9.622671e+03 9.641820e+03 9.621399e+03
9.5 9.629198e+03 9.619403e+03 9.637314e+03 9.647109e+03
10.5 9.642443e+03 9.629704e+03 9.635006e+03 9.647745e+03
11.5 9.662380e+03 9.644062e+03 9.634294e+03 9.652612e+03
12.5 9.672973e+03 9.651864e+03 9.640236e+03 9.661345e+03
13.5 9.662807e+03 9.650814e+03 9.649110e+03 9.661103e+03
14.5 9.641860e+03 9.640559e+03 9.649127e+03 9.650429e+03
15.5 9.637228e+03 9.636287e+03 9.644071e+03 9.645012e+03
16.5 9.639319e+03 9.642195e+03 9.639696e+03 9.636820e+03
17.5 9.662865e+03 9.647879e+03 9.643393e+03 9.658378e+03
18.5 9.658841e+03 9.646664e+03 9.650138e+03 9.662316e+03
19.5 9.621686e+03 9.638354e+03 9.648659e+03 9.631990e+03
20.5 9.641592e+03 9.642266e+03 9.643097e+03 9.642422e+03
0.1 9.596454e+03 9.652035e+03 9.651105e+03 9.595524e+03
1.1 9.615879e+03 9.652354e+03 9.647118e+03 9.610643e+03
2.1 9.670289e+03 9.653434e+03 9.650316e+03 9.667171e+03
3.1 9.642618e+03 9.647105e+03 9.652994e+03 9.648507e+03
4.1 9.610906e+03 9.634077e+03 9.648318e+03 9.625147e+03
5.1 9.602249e+03 9.622671e+03 9.641820e+03 9.621399e+03
6.1 9.629198e+03 9.619403e+03 9.637314e+03 9.647109e+03
7.1 9.642443e+03 9.629704e+03 9.635006e+03 9.647745e+03
8.1 9.662380e+03 9.644062e+03 9.634294e+03 9.652612e+03
9.1 9.672973e+03 9.651864e+03 9.640236e+03 9.661345e+03
10.1 9.662807e+03 9.650814e+03 9.649110e+03 9.661103e+03
11.1 9.641860e+03 9.640559e+03 9.649127e+03 9.650429e+03
12.1 9.637228e+03 9.636287e+03 9.644071e+03 9.645012e+03
13.1 9.639319e+03 9.642195e+03 9.639696e+03 9.636820e+03
14.1 9.662865e+03 9.647879e+03 9.643393e+03 9.658378e+03
15.1 9.658841e+03 9.646664e+03 9.650138e+03 9.662316e+03
16.1 9.621686e+03 9.638354e+03 9.648659e+03 9.631990e+03
17.1 9.641592e+03 9.642266e+03 9.643097e+03 9.642422e+03
18.1 9.655153e+03 9.659355e+03 9.638521e+03 9.634319e+03
19.1 9.702824e+03 9.668428e+03 9.635917e+03 9.670312e+03
20.1 9.735476e+03 9.662491e+03 9.634706e+03 9.707691e+03
0.8 9.662380e+03 9.644062e+03 9.634294e+03 9.652612e+03
1.8 9.672973e+03 9.651864e+03 9.640236e+03 9.661345e+03
2.8 9.662807e+03 9.650814e+03 9.649110e+03 9.661103e+03
3.8 9.641860e+03 9.640559e+03 9.649127e+03 9.650429e+03
4.8 9.637228e+03 9.636287e+03 9.644071e+03 9.645012e+03
5.8 9.639319e+03 9.642195e+03 9.639696e+03 9.636820e+03
6.8 9.662865e+03 9.647879e+03 9.643393e+03 9.658378e+03
7.8 9.658841e+03 9.646664e+03 9.650138e+03 9.662316e+03
8.8 9.621686e+03 9.638354e+03 9.648659e+03 9.631990e+03
9.8 9.641592e+03 9.642266e+03 9.643097e+03 9.642422e+03
10.8 9.655153e+03 9.659355e+03 9.638521e+03 9.634319e+03
11.8 9.702824e+03 9.668428e+03 9.635917e+03 9.670312e+03
12.8 9.735476e+03 9.662491e+03 9.634706e+03 9.707691e+03
13.8 9.691553e+03 9.646273e+03 9.634334e+03 9.679614e+03
14.8 9.689779e+03 9.629699e+03 9.634447e+03 9.694526e+03
15.8 9.692837e+03 9.618566e+03 9.634785e+03 9.709056e+03
16.8 9.653362e+03 9.612921e+03 9.635161e+03 9.675602e+03
17.8 9.611539e+03 9.611067e+03 9.635469e+03 9.635940e+03
18.8 9.603174e+03 9.616870e+03 9.635680e+03 9.621984e+03
19.8 9.615454e+03 9.638055e+03 9.635810e+03 9.613209e+03
20.8 9.646117e+03 9.657286e+03 9.638479e+03 9.627310e+03
0.8 9.639319e+03 9.642195e+03 9.639696e+03 9.636820e+03
1.8 9.662865e+03 9.647879e+03 9.643393e+03 9.658378e+03
2.8 9.658841e+03 9.646664e+03 9.650138e+03 9.662316e+03
3.8 9.621686e+03 9.638354e+03 9.648659e+03 9.631990e+03
4.8 9.641592e+03 9.642266e+03 9.643097e+03 9.642422e+03
5.8 9.655153e+03 9.659355e+03 9.638521e+03 9.634319e+03
6.8 9.702824e+03 9.668428e+03 9.635917e+03 9.670312e+03
7.8 9.735476e+03 9.662491e+03 9.634706e+03 9.707691e+03
8.8 9.691553e+03 9.646273e+03 9.634334e+03 9.679614e+03
9.8 9.689779e+03 9.629699e+03 9.634447e+03 9.694526e+03
10.8 9.692837e+03 9.618566e+03 9.634785e+03 9.709056e+03
11.8 9.653362e+03 9.612921e+03 9.635161e+03 9.675602e+03
12.8 9.611539e+03 9.611067e+03 9.635469e+03 9.635940e+03
13.8 9.603174e+03 9.616870e+03 9.635680e+03 9.621984e+03
14.8 9.615454e+03 9.638055e+03 9.635810e+03 9.613209e+03
15.8 9.646117e+03 9.657286e+03 9.638479e+03 9.627310e+03
16.8 9.693924e+03 9.662353e+03 9.648089e+03 9.679659e+03
17.8 9.682604e+03 9.656143e+03 9.651478e+03 9.677939e+03
18.8 9.659265e+03 9.656570e+03 9.647407e+03 9.650103e+03
19.8 9.668860e+03 9.658881e+03 9.648428e+03 9.658407e+03
20.8 9.661409e+03 9.653307e+03 9.652835e+03 9.660937e+03
0.4 9.615454e+03 9.638055e+03 9.635810e+03 9.613209e+03
1.4 9.646117e+03 9.657286e+03 9.638479e+03 9.627310e+03
2.4 9.693924e+03 9.662353e+03 9.648089e+03 9.679659e+03
3.4 9.682604e+03 9.656143e+03 9.651478e+03 9.677939e+03
4.4 9.659265e+03 9.656570e+03 9.647407e+03 9.650103e+03
5.4 9.668860e+03 9.658881e+03 9.648428e+03 9.658407e+03
6.4 9.661409e+03 9.653307e+03 9.652835e+03 9.660937e+03
7.4 9.644291e+03 9.640737e+03 9.649827e+03 9.653381e+03
8.4 9.633569e+03 9.637980e+03 9.643321e+03 9.638910e+03
9.4 9.626803e+03 9.645338e+03 9.638237e+03 9.619701e+03
10.4 9.645775e+03 9.649447e+03 9.635457e+03 9.631785e+03
11.4 9.666105e+03 9.648768e+03 9.634275e+03 9.651613e+03
12.4 9.654384e+03 9.651072e+03 9.634016e+03 9.637328e+03
13.4 9.655095e+03 9.657783e+03 9.634272e+03 9.631583e+03
14.4 9.666624e+03 9.659771e+03 9.638674e+03 9.645526e+03
15.4 9.673077e+03 9.655389e+03 9.648592e+03 9.666280e+03
16.4 9.665157e+03 9.642294e+03 9.650609e+03 9.673472e+03
17.4 9.642566e+03 9.629161e+03 9.645874e+03 9.659279e+03
18.4 9.652986e+03 9.632365e+03 9.640691e+03 9.661312e+03
19.4 9.670384e+03 9.650758e+03 9.637293e+03 9.656919e+03
20.4 9.695275e+03 9.662887e+03 9.635468e+03 9.667856e+03
0.8 9.659265e+03 9.656570e+03 9.647407e+03 9.650103e+03
1.8 9.668860e+03 9.658881e+03 9.648428e+03 9.658407e+03
2.8 9.661409e+03 9.653307e+03 9.652835e+03 9.660937e+03
3.8 9.644291e+03 9.640737e+03 9.649827e+03 9.653381e+03
4.8 9.633569e+03 9.637980e+03 9.643321e+03 9.638910e+03
5.8 9.626803e+03 9.645338e+03 9.638237e+03 9.619701e+03
6.8 9.645775e+03 9.649447e+03 9.635457e+03 9.631785e+03
7.8 9.666105e+03 9.648768e+03 9.634275e+03 9.651613e+03
8.8 9.654384e+03 9.651072e+03 9.634016e+03 9.637328e+03
9.8 9.655095e+03 9.657783e+03 9.634272e+03 9.631583e+03
10.8 9.666624e+03 9.659771e+03 9.638674e+03 9.645526e+03
11.8 9.673077e+03 9.655389e+03 9.648592e+03 9.666280e+03
12.8 9.665157e+03 9.642294e+03 9.650609e+03 9.673472e+03
13.8 9.642566e+03 9.629161e+03 9.645874e+03 9.659279e+03
14.8 9.652986e+03 9.632365e+03 9.640691e+03 9.661312e+03
15.8 9.670384e+03 9.650758e+03 9.637293e+03 9.656919e+03
16.8 9.695275e+03 9.662887e+03 9.635468e+03 9.667856e+03
17.8 9.722690e+03 9.660298e+03 9.634679e+03 9.697072e+03
18.8 9.692760e+03 9.646554e+03 9.634540e+03 9.680746e+03
19.8 9.634505e+03 9.634060e+03 9.634755e+03 9.635201e+03
20.8 9.621259e+03 9.633568e+03 9.635093e+03 9.622783e+03
0.5 9.655095e+03 9.657783e+03 9.634272e+03 9.631583e+03
1.5 9.666624e+03 9.659771e+03 9.638674e+03 9.645526e+03
2.5 9.673077e+03 9.655389e+03 9.648592e+03 9.666280e+03
3.5 9.665157e+03 9.642294e+03 9.650609e+03 9.673472e+03
4.5 9.642566e+03 9.629161e+03 9.645874e+03 9.659279e+03
5.5 9.652986e+03 9.632365e+03 9.640691e+03 9.661312e+03
6.5 9.670384e+03 9.650758e+03 9.637293e+03 9.656919e+03
7.5 9.695275e+03 9.662887e+03 9.635468e+03 9.667856e+03
8.5 9.722690e+03 9.660298e+03 9.634679e+03 9.697072e+03
9.5 9.692760e+03 9.646554e+03 9.634540e+03 9.680746e+03
10.5 9.634505e+03 9.634060e+03 9.634755e+03 9.635201e+03
11.5 9.621259e+03 9.633568e+03 9.635093e+03 9.622783e+03
12.5 9.634054e+03 9.638876e+03 9.635669e+03 9.630848e+03
13.5 9.675366e+03 9.643288e+03 9.642445e+03 9.674522e+03
14.5 9.704193e+03 9.642974e+03 9.650796e+03 9.712014e+03
15.5 9.670034e+03 9.634323e+03 9.649962e+03 9.685672e+03
16.5 9.619418e+03 9.628075e+03 9.644452e+03 9.635795e+03
17.5 9.611404e+03 9.638848e+03 9.639623e+03 9.612180e+03
18.5 9.644802e+03 9.653617e+03 9.636682e+03 9.627868e+03
19.5 9.661846e+03 9.657262e+03 9.635176e+03 9.639760e+03
20.5 9.657443e+03 9.658256e+03 9.634595e+03 9.633782e+03
0.8 9.634054e+03 9.638876e+03 9.635669e+03 9.630848e+03
1.8 9.675366e+03 9.643288e+03 9.642445e+03 9.674522e+03
2.8 9.704193e+03 9.642974e+03 9.650796e+03 9.712014e+03
3.8 9.670034e+03 9.634323e+03 9.649962e+03 9.685672e+03
4.8 9.619418e+03 9.628075e+03 9.644452e+03 9.635795e+03
5.8 9.611404e+03 9.638848e+03 9.639623e+03 9.612180e+03
6.8 9.644802e+03 9.653617e+03 9.636682e+03 9.627868e+03
7.8 9.661846e+03 9.657262e+03 9.635176e+03 9.639760e+03
8.8 9.657443e+03 9.658256e+03 9.634595e+03 9.633782e+03
9.8 9.640777e+03 9.666925e+03 9.634580e+03 9.608433e+03
10.8 9.655655e+03 9.672473e+03 9.636363e+03 9.619545e+03
11.8 9.662167e+03 9.667952e+03 9.645813e+03 9.640029e+03
12.8 9.653486e+03 9.652877e+03 9.651176e+03 9.651784e+03
13.8 9.630748e+03 9.634294e+03 9.647878e+03 9.644332e+03
14.8 9.643821e+03 9.621987e+03 9.642342e+03 9.664176e+03
15.8 9.679504e+03 9.628390e+03 9.638274e+03 9.689388e+03
16.8 9.673921e+03 9.647278e+03 9.636396e+03 9.663039e+03
17.8 9.655503e+03 9.658129e+03 9.642571e+03 9.639945e+03
18.8 9.676649e+03 9.660969e+03 9.649837e+03 9.665517e+03
19.8 9.679824e+03 9.664189e+03 9.649118e+03 9.664754e+03
20.8 9.667309e+03 9.663500e+03 9.651942e+03 9.655752e+03
0.2 9.640777e+03 9.666925e+03 9.634580e+03 9.608433e+03
1.2 9.655655e+03 9.672473e+03 9.636363e+03 9.619545e+03
2.2 9.662167e+03 9.667952e+03 9.645813e+03 9.640029e+03
3.2 9.653486e+03 9.652877e+03 9.651176e+03 9.651784e+03
4.2 9.630748e+03 9.634294e+03 9.647878e+03 9.644332e+03
5.2 9.643821e+03 9.621987e+03 9.642342e+03 9.664176e+03
6.2 9.679504e+03 9.628390e+03 9.638274e+03 9.689388e+03
7.2 9.673921e+03 9.647278e+03 9.636396e+03 9.663039e+03
8.2 9.655503e+03 9.658129e+03 9.642571e+03 9.639945e+03
9.2 9.676649e+03 9.660969e+03 9.649837e+03 9.665517e+03
10.2 9.679824e+03 9.664189e+03 9.649118e+03 9.664754e+03
11.2 9.667309e+03 9.663500e+03 9.651942e+03 9.655752e+03
12.2 9.650531e+03 9.653214e+03 9.654242e+03 9.651559e+03
13.2 9.614110e+03 9.636478e+03 9.649265e+03 9.626896e+03
14.2 9.610159e+03 9.622559e+03 9.642337e+03 9.629937e+03
15.2 9.615841e+03 9.614786e+03 9.637444e+03 9.638499e+03
16.2 9.644861e+03 9.615939e+03 9.634903e+03 9.663825e+03
17.2 9.654270e+03 9.626320e+03 9.633921e+03 9.661872e+03
18.2 9.664661e+03 9.635871e+03 9.633828e+03 9.662618e+03
19.2 9.664722e+03 9.641653e+03 9.634180e+03 9.657250e+03
20.2 9.650757e+03 9.647718e+03 9.634676e+03 9.637716e+03
0.9 9.673921e+03 9.647278e+03 9.636396e+03 9.663039e+03
1.9 9.655503e+03 9.658129e+03 9.642571e+03 9.639945e+03
2.9 9.676649e+03 9.660969e+03 9.649837e+03 9.665517e+03
3.9 9.679824e+03 9.664189e+03 9.649118e+03 9.664754e+03
4.9 9.667309e+03 9.663500e+03 9.651942e+03 9.655752e+03
5.9 9.650531e+03 9.653214e+03 9.654242e+03 9.651559e+03
6.9 9.614110e+03 9.636478e+03 9.649265e+03 9.626896e+03
7.9 9.610159e+03 9.622559e+03 9.642337e+03 9.629937e+03
8.9 9.615841e+03 9.614786e+03 9.637444e+03 9.638499e+03
9.9 9.644861e+03 9.615939e+03 9.634903e+03 9.663825e+03
10.9 9.654270e+03 9.626320e+03 9.633921e+03 9.661872e+03
11.9 9.664661e+03 9.635871e+03 9.633828e+03 9.662618e+03
12.9 9.664722e+03 9.641653e+03 9.634180e+03 9.657250e+03
13.9 9.650757e+03 9.647718e+03 9.634676e+03 9.637716e+03
14.9 9.642224e+03 9.653007e+03 9.636358e+03 9.625575e+03
15.9 9.661650e+03 9.654525e+03 9.645537e+03 9.652662e+03
16.9 9.655621e+03 9.649426e+03 9.651373e+03 9.657568e+03
17.9 9.653945e+03 9.650874e+03 9.648326e+03 9.651398e+03
18.9 9.668204e+03 9.659517e+03 9.643470e+03 9.652157e+03
19.9 9.693596e+03 9.662135e+03 9.647396e+03 9.678857e+03
20.9 9.711494e+03 9.658587e+03 9.651636e+03 9.704543e+03
1.0 9.679824e+03 9.664189e+03 9.649118e+03 9.664754e+03
2.0 9.667309e+03 9.663500e+03 9.651942e+03 9.655752e+03
3.0 9.650531e+03 9.653214e+03 9.654242e+03 9.651559e+03
4.0 9.614110e+03 9.636478e+03 9.649265e+03 9.626896e+03
5.0 9.610159e+03 9.622559e+03 9.642337e+03 9.629937e+03
6.0 9.615841e+03 9.614786e+03 9.637444e+03 9.638499e+03
7.0 9.644861e+03 9.615939e+03 9.634903e+03 9.663825e+03
8.0 9.654270e+03 9.626320e+03 9.633921e+03 9.661872e+03
9.0 9.664661e+03 9.635871e+03 9.633828e+03 9.662618e+03
10.0 9.664722e+03 9.641653e+03 9.634180e+03 9.657250e+03
11.0 9.650757e+03 9.647718e+03 9.634676e+03 9.637716e+03
12.0 9.642224e+03 9.653007e+03 9.636358e+03 9.625575e+03
13.0 9.661650e+03 9.654525e+03 9.645537e+03 9.652662e+03
14.0 9.655621e+03 9.649426e+03 9.651373e+03 9.657568e+03
15.0 9.653945e+03 9.650874e+03 9.648326e+03 9.651398e+03
16.0 9.668204e+03 9.659517e+03 9.643470e+03 9.652157e+03
17.0 9.693596e+03 9.662135e+03 9.647396e+03 9.678857e+03
18.0 9.711494e+03 9.658587e+03 9.651636e+03 9.704543e+03
19.0 9.674536e+03 9.657368e+03 9.648035e+03 9.665203e+03
20.0 9.637341e+03 9.657230e+03 9.642646e+03 9.622756e+03
21.0 9.659397e+03 9.654887e+03 9.646216e+03 9.650727e+03
0.1 9.650757e+03 9.647718e+03 9.634676e+03 9.637716e+03
1.1 9.642224e+03 9.653007e+03 9.636358e+03 9.625575e+03
2.1 9.661650e+03 9.654525e+03 9.645537e+03 9.652662e+03
3.1 9.655621e+03 9.649426e+03 9.651373e+03 9.657568e+03
4.1 9.653945e+03 9.650874e+03 9.648326e+03 9.651398e+03
5.1 9.668204e+03 9.659517e+03 9.643470e+03 9.652157e+03
6.1 9.693596e+03 9.662135e+03 9.647396e+03 9.678857e+03
7.1 9.711494e+03 9.658587e+03 9.651636e+03 9.704543e+03
8.1 9.674536e+03 9.657368e+03 9.648035e+03 9.665203e+03
9.1 9.637341e+03 9.657230e+03 9.642646e+03 9.622756e+03
10.1 9.659397e+03 9.654887e+03 9.646216e+03 9.650727e+03
11.1 9.651840e+03 9.646721e+03 9.650816e+03 9.655935e+03
12.1 9.638926e+03 9.634926e+03 9.647625e+03 9.651625e+03
13.1 9.641381e+03 9.634339e+03 9.641827e+03 9.648869e+03
14.1 9.662625e+03 9.640828e+03 9.642275e+03 9.664072e+03
15.1 9.670180e+03 9.643953e+03 9.649258e+03 9.675486e+03
16.1 9.636939e+03 9.637717e+03 9.649190e+03 9.648412e+03
17.1 9.626527e+03 9.636459e+03 9.643836e+03 9.633903e+03
18.1 9.647217e+03 9.643126e+03 9.639400e+03 9.643491e+03
19.1 9.682031e+03 9.648596e+03 9.644005e+03 9.677440e+03
20.1 9.661642e+03 9.646100e+03 9.650025e+03 9.665567e+03
1.0 9.668204e+03 9.659517e+03 9.643470e+03 9.652157e+03
2.0 9.693596e+03 9.662135e+03 9.647396e+03 9.678857e+03
3.0 9.711494e+03 9.658587e+03 9.651636e+03 9.704543e+03
4.0 9.674536e+03 9.657368e+03 9.648035e+03 9.665203e+03
5.0 9.637341e+03 9.657230e+03 9.642646e+03 9.622756e+03
6.0 9.659397e+03 9.654887e+03 9.646216e+03 9.650727e+03
7.0 9.651840e+03 9.646721e+03 9.650816e+03 9.655935e+03
8.0 9.638926e+03 9.634926e+03 9.647625e+03 9.651625e+03
9.0 9.641381e+03 9.634339e+03 9.641827e+03 9.648869e+03
10.0 9.662625e+03 9.640828e+03 9.642275e+03 9.664072e+03
11.0 9.670180e+03 9.643953e+03 9.649258e+03 9.675486e+03
12.0 9.636939e+03 9.637717e+03 9.649190e+03 9.648412e+03
13.0 9.626527e+03 9.636459e+03 9.643836e+03 9.633903e+03
14.0 9.647217e+03 9.643126e+03 9.639400e+03 9.643491e+03
15.0 9.682031e+03 9.648596e+03 9.644005e+03 9.677440e+03
16.0 9.661642e+03 9.646100e+03 9.650025e+03 9.665567e+03
17.0 9.634860e+03 9.635099e+03 9.647779e+03 9.647540e+03
18.0 9.620906e+03 9.624649e+03 9.642223e+03 9.638481e+03
19.0 9.637153e+03 9.626157e+03 9.637937e+03 9.648934e+03
20.0 9.637256e+03 9.640667e+03 9.635584e+03 9.632173e+03
21.0 9.638849e+03 9.652948e+03 9.635906e+03 9.621806e+03
1.0 9.637341e+03 9.657230e+03 9.642646e+03 9.622756e+03
2.0 9.659397e+03 9.654887e+03 9.646216e+03 9.650727e+03
3.0 9.651840e+03 9.646721e+03 9.650816e+03 9.655935e+03
4.0 9.638926e+03 9.634926e+03 9.647625e+03 9.651625e+03
5.0 9.641381e+03 9.634339e+03 9.641827e+03 9.648869e+03
6.0 9.662625e+03 9.640828e+03 9.642275e+03 9.664072e+03
7.0 9.670180e+03 9.643953e+03 9.649258e+03 9.675486e+03
8.0 9.636939e+03 9.637717e+03 9.649190e+03 9.648412e+03
9.0 9.626527e+03 9.636459e+03 9.643836e+03 9.633903e+03
10.0 9.647217e+03 9.643126e+03 9.639400e+03 9.643491e+03
11.0 9.682031e+03 9.648596e+03 9.644005e+03 9.677440e+03
12.0 9.661642e+03 9.646100e+03 9.650025e+03 9.665567e+03
13.0 9.634860e+03 9.635099e+03 9.647779e+03 9.647540e+03
14.0 9.620906e+03 9.624649e+03 9.642223e+03 9.638481e+03
15.0 9.637153e+03 9.626157e+03 9.637937e+03 9.648934e+03
16.0 9.637256e+03 9.640667e+03 9.635584e+03 9.632173e+03
17.0 9.638849e+03 9.652948e+03 9.635906e+03 9.621806e+03
18.0 9.664965e+03 9.656611e+03 9.644622e+03 9.652976e+03
19.0 9.654158e+03 9.649103e+03 9.650142e+03 9.655197e+03
20.0 9.637667e+03 9.639415e+03 9.647167e+03 9.645419e+03
21.0 9.642116e+03 9.646545e+03 9.641874e+03 9.637445e+03
0.6 9.641381e+03 9.634339e+03 9.641827e+03 9.648869e+03
1.6 9.662625e+03 9.640828e+03 9.642275e+03 9.664072e+03
2.6 9.670180e+03 9.643953e+03 9.649258e+03 9.675486e+03
3.6 9.636939e+03 9.637717e+03 9.649190e+03 9.648412e+03
4.6 9.626527e+03 9.636459e+03 9.643836e+03 9.633903e+03
5.6 9.647217e+03 9.643126e+03 9.639400e+03 9.643491e+03
6.6 9.682031e+03 9.648596e+03 9.644005e+03 9.677440e+03
7.6 9.661642e+03 9.646100e+03 9.650025e+03 9.665567e+03
8.6 9.634860e+03 9.635099e+03 9.647779e+03 9.647540e+03
9.6 9.620906e+03 9.624649e+03 9.642223e+03 9.638481e+03
10.6 9.637153e+03 9.626157e+03 9.637937e+03 9.648934e+03
11.6 9.637256e+03 9.640667e+03 9.635584e+03 9.632173e+03
12.6 9.638849e+03 9.652948e+03 9.635906e+03 9.621806e+03
13.6 9.664965e+03 9.656611e+03 9.644622e+03 9.652976e+03
14.6 9.654158e+03 9.649103e+03 9.650142e+03 9.655197e+03
15.6 9.637667e+03 9.639415e+03 9.647167e+03 9.645419e+03
16.6 9.642116e+03 9.646545e+03 9.641874e+03 9.637445e+03
17.6 9.661888e+03 9.662942e+03 9.638081e+03 9.637026e+03
18.6 9.704368e+03 9.669029e+03 9.641151e+03 9.676489e+03
19.6 9.710973e+03 9.661946e+03 9.649135e+03 9.698161e+03
20.6 9.651945e+03 9.645283e+03 9.649177e+03 9.655838e+03
1.0 9.647217e+03 9.643126e+03 9.639400e+03 9.643491e+03
2.0 9.682031e+03 9.648596e+03 9.644005e+03 9.677440e+03
3.0 9.661642e+03 9.646100e+03 9.650025e+03 9.665567e+03
4.0 9.634860e+03 9.635099e+03 9.647779e+03 9.647540e+03
5.0 9.620906e+03 9.624649e+03 9.642223e+03 9.638481e+03
6.0 9.637153e+03 9.626157e+03 9.637937e+03 9.648934e+03
7.0 9.637256e+03 9.640667e+03 9.635584e+03 9.632173e+03
8.0 9.638849e+03 9.652948e+03 9.635906e+03 9.621806e+03
9.0 9.664965e+03 9.656611e+03 9.644622e+03 9.652976e+03
10.0 9.654158e+03 9.649103e+03 9.650142e+03 9.655197e+03
11.0 9.637667e+03 9.639415e+03 9.647167e+03 9.645419e+03
12.0 9.642116e+03 9.646545e+03 9.641874e+03 9.637445e+03
13.0 9.661888e+03 9.662942e+03 9.638081e+03 9.637026e+03
14.0 9.704368e+03 9.669029e+03 9.641151e+03 9.676489e+03
15.0 9.710973e+03 9.661946e+03 9.649135e+03 9.698161e+03
16.0 9.651945e+03 9.645283e+03 9.649177e+03 9.655838e+03
17.0 9.606115e+03 9.634216e+03 9.643999e+03 9.615898e+03
18.0 9.595135e+03 9.635460e+03 9.639229e+03 9.598904e+03
19.0 9.616275e+03 9.639752e+03 9.637728e+03 9.614250e+03
20.0 9.663228e+03 9.643742e+03 9.645296e+03 9.664782e+03
21.0 9.663534e+03 9.646974e+03 9.650127e+03 9.666687e+03
0.2 9.637256e+03 9.640667e+03 9.635584e+03 9.632173e+03
1.2 9.638849e+03 9.652948e+03 9.635906e+03 9.621806e+03
2.2 9.664965e+03 9.656611e+03 9.644622e+03 9.652976e+03
3.2 9.654158e+03 9.649103e+03 9.650142e+03 9.655197e+03
4.2 9.637667e+03 9.639415e+03 9.647167e+03 9.645419e+03
5.2 9.642116e+03 9.646545e+03 9.641874e+03 9.637445e+03
6.2 9.661888e+03 9.662942e+03 9.638081e+03 9.637026e+03
7.2 9.704368e+03 9.669029e+03 9.641151e+03 9.676489e+03
8.2 9.710973e+03 9.661946e+03 9.649135e+03 9.698161e+03
9.2 9.651945e+03 9.645283e+03 9.649177e+03 9.655838e+03
10.2 9.606115e+03 9.634216e+03 9.643999e+03 9.615898e+03
11.2 9.595135e+03 9.635460e+03 9.639229e+03 9.598904e+03
12.2 9.616275e+03 9.639752e+03 9.637728e+03 9.614250e+03
13.2 9.663228e+03 9.643742e+03 9.645296e+03 9.664782e+03
14.2 9.663534e+03 9.646974e+03 9.650127e+03 9.666687e+03
15.2 9.642403e+03 9.650522e+03 9.648325e+03 9.640206e+03
16.2 9.630563e+03 9.652108e+03 9.652060e+03 9.630515e+03
17.2 9.616974e+03 9.645024e+03 9.653304e+03 9.625254e+03
18.2 9.610602e+03 9.633009e+03 9.647729e+03 9.625323e+03
19.2 9.620201e+03 9.634145e+03 9.641148e+03 9.627204e+03
20.2 9.625556e+03 9.649932e+03 9.637016e+03 9.612640e+03
0.7 9.661888e+03 9.662942e+03 9.638081e+03 9.637026e+03
1.7 9.704368e+03 9.669029e+03 9.641151e+03 9.676489e+03
2.7 9.710973e+03 9.661946e+03 9.649135e+03 9.698161e+03
3.7 9.651945e+03 9.645283e+03 9.649177e+03 9.655838e+03
4.7 9.606115e+03 9.634216e+03 9.643999e+03 9.615898e+03
5.7 9.595135e+03 9.635460e+03 9.639229e+03 9.598904e+03
6.7 9.616275e+03 9.639752e+03 9.637728e+03 9.614250e+03
7.7 9.663228e+03 9.643742e+03 9.645296e+03 9.664782e+03
8.7 9.663534e+03 9.646974e+03 9.650127e+03 9.666687e+03
9.7 9.642403e+03 9.650522e+03 9.648325e+03 9.640206e+03
10.7 9.630563e+03 9.652108e+03 9.652060e+03 9.630515e+03
11.7 9.616974e+03 9.645024e+03 9.653304e+03 9.625254e+03
12.7 9.610602e+03 9.633009e+03 9.647729e+03 9.625323e+03
13.7 9.620201e+03 9.634145e+03 9.641148e+03 9.627204e+03
14.7 9.625556e+03 9.649932e+03 9.637016e+03 9.612640e+03
15.7 9.642444e+03 9.659784e+03 9.641151e+03 9.623811e+03
16.7 9.622096e+03 9.656177e+03 9.648775e+03 9.614694e+03
17.7 9.622922e+03 9.643692e+03 9.648114e+03 9.627344e+03
18.7 9.628893e+03 9.642573e+03 9.642990e+03 9.629310e+03
19.7 9.635247e+03 9.648044e+03 9.638583e+03 9.625786e+03
20.7 9.614249e+03 9.647004e+03 9.636018e+03 9.603262e+03
0.2 9.595135e+03 9.635460e+03 9.639229e+03 9.598904e+03
1.2 9.616275e+03 9.639752e+03 9.637728e+03 9.614250e+03
2.2 9.663228e+03 9.643742e+03 9.645296e+03 9.664782e+03
3.2 9.663534e+03 9.646974e+03 9.650127e+03 9.666687e+03
4.2 9.642403e+03 9.650522e+03 9.648325e+03 9.640206e+03
5.2 9.630563e+03 9.652108e+03 9.652060e+03 9.630515e+03
6.2 9.616974e+03 9.645024e+03 9.653304e+03 9.625254e+03
7.2 9.610602e+03 9.633009e+03 9.647729e+03 9.625323e+03
8.2 9.620201e+03 9.634145e+03 9.641148e+03 9.627204e+03
9.2 9.625556e+03 9.649932e+03 9.637016e+03 9.612640e+03
10.2 9.642444e+03 9.659784e+03 9.641151e+03 9.623811e+03
11.2 9.622096e+03 9.656177e+03 9.648775e+03 9.614694e+03
12.2 9.622922e+03 9.643692e+03 9.648114e+03 9.627344e+03
13.2 9.628893e+03 9.642573e+03 9.642990e+03 9.629310e+03
14.2 9.635247e+03 9.648044e+03 9.638583e+03 9.625786e+03
15.2 9.614249e+03 9.647004e+03 9.636018e+03 9.603262e+03
16.2 9.591948e+03 9.636724e+03 9.634790e+03 9.590015e+03
17.2 9.585631e+03 9.628353e+03 9.634385e+03 9.591663e+03
18.2 9.645992e+03 9.635592e+03 9.634469e+03 9.644869e+03
19.2 9.680384e+03 9.645397e+03 9.634791e+03 9.669779e+03
20.2 9.693176e+03 9.645359e+03 9.635159e+03 9.682976e+03
0.2 9.663534e+03 9.646974e+03 9.650127e+03 9.666687e+03
1.2 9.642403e+03 9.650522e+03 9.648325e+03 9.640206e+03
2.2 9.630563e+03 9.652108e+03 9.652060e+03 9.630515e+03
3.2 9.616974e+03 9.645024e+03 9.653304e+03 9.625254e+03
4.2 9.610602e+03 9.633009e+03 9.647729e+03 9.625323e+03
5.2 9.620201e+03 9.634145e+03 9.641148e+03 9.627204e+03
6.2 9.625556e+03 9.649932e+03 9.637016e+03 9.612640e+03
7.2 9.642444e+03 9.659784e+03 9.641151e+03 9.623811e+03
8.2 9.622096e+03 9.656177e+03 9.648775e+03 9.614694e+03
9.2 9.622922e+03 9.643692e+03 9.648114e+03 9.627344e+03
10.2 9.628893e+03 9.642573e+03 9.642990e+03 9.629310e+03
11.2 9.635247e+03 9.648044e+03 9.638583e+03 9.625786e+03
12.2 9.614249e+03 9.647004e+03 9.636018e+03 9.603262e+03
13.2 9.591948e+03 9.636724e+03 9.634790e+03 9.590015e+03
14.2 9.585631e+03 9.628353e+03 9.634385e+03 9.591663e+03
15.2 9.645992e+03 9.635592e+03 9.634469e+03 9.644869e+03
16.2 9.680384e+03 9.645397e+03 9.634791e+03 9.669779e+03
17.2 9.693176e+03 9.645359e+03 9.635159e+03 9.682976e+03
18.2 9.670531e+03 9.635595e+03 9.635466e+03 9.670402e+03
19.2 9.639230e+03 9.624917e+03 9.635677e+03 9.649990e+03
20.2 9.631291e+03 9.617876e+03 9.635805e+03 9.649221e+03
0.8 9.625556e+03 9.649932e+03 9.637016e+03 9.612640e+03
1.8 9.642444e+03 9.659784e+03 9.641151e+03 9.623811e+03
2.8 9.622096e+03 9.656177e+03 9.648775e+03 9.614694e+03
3.8 9.622922e+03 9.643692e+03 9.648114e+03 9.627344e+03
4.8 9.628893e+03 9.642573e+03 9.642990e+03 9.629310e+03
5.8 9.635247e+03 9.648044e+03 9.638583e+03 9.625786e+03
6.8 9.614249e+03 9.647004e+03 9.636018e+03 9.603262e+03
7.8 9.591948e+03 9.636724e+03 9.634790e+03 9.590015e+03
8.8 9.585631e+03 9.628353e+03 9.634385e+03 9.591663e+03
9.8 9.645992e+03 9.635592e+03 9.634469e+03 9.644869e+03
10.8 9.680384e+03 9.645397e+03 9.634791e+03 9.669779e+03
11.8 9.693176e+03 9.645359e+03 9.635159e+03 9.682976e+03
12.8 9.670531e+03 9.635595e+03 9.635466e+03 9.670402e+03
13.8 9.639230e+03 9.624917e+03 9.635677e+03 9.649990e+03
14.8 9.631291e+03 9.617876e+03 9.635805e+03 9.649221e+03
15.8 9.633931e+03 9.614353e+03 9.635875e+03 9.655453e+03
16.8 9.639334e+03 9.614340e+03 9.635910e+03 9.660904e+03
17.8 9.682400e+03 9.624978e+03 9.635926e+03 9.693349e+03
18.8 9.709275e+03 9.641784e+03 9.636435e+03 9.703925e+03
19.8 9.671805e+03 9.652325e+03 9.643943e+03 9.663423e+03
20.8 9.640613e+03 9.651422e+03 9.651316e+03 9.640507e+03
1.0 9.709275e+03 9.641784e+03 9.636435e+03 9.703925e+03
2.0 9.671805e+03 9.652325e+03 9.643943e+03 9.663423e+03
3.0 9.640613e+03 9.651422e+03 9.651316e+03 9.640507e+03
4.0 9.629845e+03 9.645808e+03 9.649498e+03 9.633535e+03
5.0 9.629320e+03 9.645745e+03 9.643844e+03 9.627419e+03
6.0 9.626523e+03 9.646847e+03 9.640880e+03 9.620557e+03
7.0 9.651993e+03 9.648549e+03 9.647351e+03 9.650796e+03
8.0 9.639212e+03 9.653953e+03 9.650762e+03 9.636022e+03
9.0 9.633089e+03 9.659123e+03 9.646603e+03 9.620569e+03
10.0 9.616370e+03 9.655996e+03 9.640989e+03 9.601362e+03
11.0 9.598388e+03 9.643947e+03 9.637195e+03 9.591636e+03
12.0 9.583000e+03 9.638922e+03 9.635233e+03 9.579311e+03
13.0 9.598709e+03 9.645837e+03 9.634428e+03 9.587299e+03
14.0 9.614566e+03 9.648976e+03 9.634304e+03 9.599894e+03
15.0 9.644204e+03 9.643976e+03 9.634549e+03 9.634777e+03
16.0 9.665500e+03 9.644006e+03 9.634930e+03 9.656424e+03
17.0 9.650078e+03 9.650267e+03 9.635351e+03 9.635162e+03
18.0 9.640380e+03 9.653338e+03 9.640359e+03 9.627400e+03
19.0 9.655707e+03 9.653512e+03 9.649777e+03 9.651972e+03
20.0 9.659888e+03 9.655691e+03 9.650737e+03 9.654934e+03
21.0 9.652100e+03 9.660512e+03 9.645657e+03 9.637246e+03
0.2 9.629320e+03 9.645745e+03 9.643844e+03 9.627419e+03
1.2 9.626523e+03 9.646847e+03 9.640880e+03 9.620557e+03
2.2 9.651993e+03 9.648549e+03 9.647351e+03 9.650796e+03
3.2 9.639212e+03 9.653953e+03 9.650762e+03 9.636022e+03
4.2 9.633089e+03 9.659123e+03 9.646603e+03 9.620569e+03
5.2 9.616370e+03 9.655996e+03 9.640989e+03 9.601362e+03
6.2 9.598388e+03 9.643947e+03 9.637195e+03 9.591636e+03
7.2 9.583000e+03 9.638922e+03 9.635233e+03 9.579311e+03
8.2 9.598709e+03 9.645837e+03 9.634428e+03 9.587299e+03
9.2 9.614566e+03 9.648976e+03 9.634304e+03 9.599894e+03
10.2 9.644204e+03 9.643976e+03 9.634549e+03 9.634777e+03
11.2 9.665500e+03 9.644006e+03 9.634930e+03 9.656424e+03
12.2 9.650078e+03 9.650267e+03 9.635351e+03 9.635162e+03
13.2 9.640380e+03 9.653338e+03 9.640359e+03 9.627400e+03
14.2 9.655707e+03 9.653512e+03 9.649777e+03 9.651972e+03
15.2 9.659888e+03 9.655691e+03 9.650737e+03 9.654934e+03
16.2 9.652100e+03 9.660512e+03 9.645657e+03 9.637246e+03
17.2 9.637394e+03 9.660526e+03 9.645229e+03 9.622097e+03
18.2 9.647705e+03 9.654536e+03 9.651173e+03 9.644342e+03
19.2 9.640242e+03 9.640905e+03 9.650286e+03 9.649623e+03
20.2 9.643980e+03 9.631827e+03 9.644359e+03 9.656513e+03
0.6 9.650078e+03 9.650267e+03 9.635351e+03 9.635162e+03
1.6 9.640380e+03 9.653338e+03 9.640359e+03 9.627400e+03
2.6 9.655707e+03 9.653512e+03 9.649777e+03 9.651972e+03
3.6 9.659888e+03 9.655691e+03 9.650737e+03 9.654934e+03
4.6 9.652100e+03 9.660512e+03 9.645657e+03 9.637246e+03
5.6 9.637394e+03 9.660526e+03 9.645229e+03 9.622097e+03
6.6 9.647705e+03 9.654536e+03 9.651173e+03 9.644342e+03
7.6 9.640242e+03 9.640905e+03 9.650286e+03 9.649623e+03
8.6 9.643980e+03 9.631827e+03 9.644359e+03 9.656513e+03
9.6 9.635822e+03 9.633562e+03 9.639165e+03 9.641425e+03
10.6 9.641165e+03 9.638628e+03 9.641342e+03 9.643879e+03
11.6 9.673205e+03 9.641070e+03 9.648938e+03 9.681073e+03
12.6 9.641138e+03 9.635096e+03 9.648840e+03 9.654881e+03
13.6 9.613780e+03 9.632292e+03 9.643637e+03 9.625125e+03
14.6 9.608843e+03 9.636584e+03 9.639279e+03 9.611538e+03
15.6 9.626048e+03 9.642214e+03 9.643528e+03 9.627362e+03
16.6 9.617178e+03 9.642537e+03 9.650002e+03 9.624642e+03
17.6 9.602643e+03 9.634064e+03 9.648173e+03 9.616752e+03
18.6 9.602978e+03 9.624289e+03 9.642631e+03 9.621320e+03
19.6 9.586906e+03 9.617793e+03 9.638211e+03 9.607324e+03
20.6 9.605878e+03 9.617027e+03 9.635740e+03 9.624592e+03
0.6 9.652100e+03 9.660512e+03 9.645657e+03 9.637246e+03
1.6 9.637394e+03 9.660526e+03 9.645229e+03 9.622097e+03
2.6 9.647705e+03 9.654536e+03 9.651173e+03 9.644342e+03
3.6 9.640242e+03 9.640905e+03 9.650286e+03 9.649623e+03
4.6 9.643980e+03 9.631827e+03 9.644359e+03 9.656513e+03
5.6 9.635822e+03 9.633562e+03 9.639165e+03 9.641425e+03
6.6 9.641165e+03 9.638628e+03 9.641342e+03 9.643879e+03
7.6 9.673205e+03 9.641070e+03 9.648938e+03 9.681073e+03
8.6 9.641138e+03 9.635096e+03 9.648840e+03 9.654881e+03
9.6 9.613780e+03 9.632292e+03 9.643637e+03 9.625125e+03
10.6 9.608843e+03 9.636584e+03 9.639279e+03 9.611538e+03
11.6 9.626048e+03 9.642214e+03 9.643528e+03 9.627362e+03
12.6 9.617178e+03 9.642537e+03 9.650002e+03 9.624642e+03
13.6 9.602643e+03 9.634064e+03 9.648173e+03 9.616752e+03
14.6 9.602978e+03 9.624289e+03 9.642631e+03 9.621320e+03
15.6 9.586906e+03 9.617793e+03 9.638211e+03 9.607324e+03
16.6 9.605878e+03 9.617027e+03 9.635740e+03 9.624592e+03
17.6 9.637885e+03 9.624419e+03 9.634617e+03 9.648083e+03
18.6 9.654858e+03 9.633460e+03 9.634301e+03 9.655698e+03
19.6 9.639331e+03 9.636447e+03 9.634446e+03 9.637330e+03
20.6 9.604574e+03 9.633504e+03 9.634799e+03 9.605869e+03
0.7 9.635822e+03 9.633562e+03 9.639165e+03 9.641425e+03
1.7 9.641165e+03 9.638628e+03 9.641342e+03 9.643879e+03
2.7 9.673205e+03 9.641070e+03 9.648938e+03 9.681073e+03
3.7 9.641138e+03 9.635096e+03 9.648840e+03 9.654881e+03
4.7 9.613780e+03 9.632292e+03 9.643637e+03 9.625125e+03
5.7 9.608843e+03 9.636584e+03 9.639279e+03 9.611538e+03
6.7 9.626048e+03 9.642214e+03 9.643528e+03 9.627362e+03
7.7 9.617178e+03 9.642537e+03 9.650002e+03 9.624642e+03
8.7 9.602643e+03 9.634064e+03 9.648173e+03 9.616752e+03
9.7 9.602978e+03 9.624289e+03 9.642631e+03 9.621320e+03
10.7 9.586906e+03 9.617793e+03 9.638211e+03 9.607324e+03
11.7 9.605878e+03 9.617027e+03 9.635740e+03 9.624592e+03
12.7 9.637885e+03 9.624419e+03 9.634617e+03 9.648083e+03
13.7 9.654858e+03 9.633460e+03 9.634301e+03 9.655698e+03
14.7 9.639331e+03 9.636447e+03 9.634446e+03 9.637330e+03
15.7 9.604574e+03 9.633504e+03 9.634799e+03 9.605869e+03
16.7 9.604239e+03 9.636806e+03 9.635177e+03 9.602610e+03
17.7 9.637855e+03 9.642258e+03 9.635482e+03 9.631079e+03
18.7 9.655188e+03 9.641989e+03 9.635689e+03 9.648888e+03
19.7 9.639082e+03 9.635313e+03 9.635812e+03 9.639581e+03
20.7 9.612003e+03 9.636479e+03 9.635879e+03 9.611402e+03
0.9 9.608843e+03 9.636584e+03 9.639279e+03 9.611538e+03
1.9 9.626048e+03 9.642214e+03 9.643528e+03 9.627362e+03
2.9 9.617178e+03 9.642537e+03 9.650002e+03 9.624642e+03
3.9 9.602643e+03 9.634064e+03 9.648173e+03 9.616752e+03
4.9 9.602978e+03 9.624289e+03 9.642631e+03 9.621320e+03
5.9 9.586906e+03 9.617793e+03 9.638211e+03 9.607324e+03
6.9 9.605878e+03 9.617027e+03 9.635740e+03 9.624592e+03
7.9 9.637885e+03 9.624419e+03 9.634617e+03 9.648083e+03
8.9 9.654858e+03 9.633460e+03 9.634301e+03 9.655698e+03
9.9 9.639331e+03 9.636447e+03 9.634446e+03 9.637330e+03
10.9 9.604574e+03 9.633504e+03 9.634799e+03 9.605869e+03
11.9 9.604239e+03 9.636806e+03 9.635177e+03 9.602610e+03
12.9 9.637855e+03 9.642258e+03 9.635482e+03 9.631079e+03
13.9 9.655188e+03 9.641989e+03 9.635689e+03 9.648888e+03
14.9 9.639082e+03 9.635313e+03 9.635812e+03 9.639581e+03
15.9 9.612003e+03 9.636479e+03 9.635879e+03 9.611402e+03
16.9 9.636355e+03 9.646224e+03 9.635926e+03 9.626056e+03
17.9 9.649071e+03 9.652501e+03 9.639432e+03 9.636001e+03
18.9 9.657976e+03 9.654986e+03 9.649016e+03 9.652006e+03
19.9 9.637919e+03 9.661182e+03 9.651256e+03 9.627993e+03
20.9 9.639562e+03 9.668912e+03 9.647342e+03 9.617992e+03
0.5 9.636355e+03 9.646224e+03 9.635926e+03 9.626056e+03
1.5 9.649071e+03 9.652501e+03 9.639432e+03 9.636001e+03
2.5 9.657976e+03 9.654986e+03 9.649016e+03 9.652006e+03
3.5 9.637919e+03 9.661182e+03 9.651256e+03 9.627993e+03
4.5 9.639562e+03 9.668912e+03 9.647342e+03 9.617992e+03
5.5 9.627011e+03 9.668196e+03 9.650282e+03 9.609097e+03
6.5 9.656490e+03 9.662182e+03 9.653109e+03 9.647417e+03
7.5 9.673380e+03 9.657326e+03 9.649909e+03 9.665963e+03
8.5 9.667449e+03 9.653486e+03 9.652345e+03 9.666308e+03
9.5 9.629913e+03 9.643837e+03 9.653100e+03 9.639176e+03
10.5 9.614551e+03 9.629932e+03 9.647392e+03 9.632012e+03
11.5 9.597041e+03 9.619144e+03 9.640795e+03 9.618692e+03
12.5 9.617176e+03 9.618091e+03 9.636494e+03 9.635579e+03
13.5 9.636964e+03 9.631765e+03 9.634414e+03 9.639613e+03
14.5 9.650061e+03 9.648137e+03 9.634033e+03 9.635957e+03
15.5 9.657417e+03 9.655823e+03 9.640896e+03 9.642490e+03
16.5 9.638758e+03 9.655613e+03 9.649334e+03 9.632479e+03
17.5 9.618605e+03 9.653069e+03 9.648706e+03 9.614242e+03
18.5 9.608915e+03 9.650207e+03 9.646385e+03 9.605093e+03
19.5 9.636122e+03 9.648074e+03 9.651513e+03 9.639561e+03
20.5 9.624966e+03 9.639439e+03 9.651906e+03 9.637432e+03
0.1 9.637919e+03 9.661182e+03 9.651256e+03 9.627993e+03
1.1 9.639562e+03 9.668912e+03 9.647342e+03 9.617992e+03
2.1 9.627011e+03 9.668196e+03 9.650282e+03 9.609097e+03
3.1 9.656490e+03 9.662182e+03 9.653109e+03 9.647417e+03
4.1 9.673380e+03 9.657326e+03 9.649909e+03 9.665963e+03
5.1 9.667449e+03 9.653486e+03 9.652345e+03 9.666308e+03
6.1 9.629913e+03 9.643837e+03 9.653100e+03 9.639176e+03
7.1 9.614551e+03 9.629932e+03 9.647392e+03 9.632012e+03
8.1 9.597041e+03 9.619144e+03 9.640795e+03 9.618692e+03
9.1 9.617176e+03 9.618091e+03 9.636494e+03 9.635579e+03
10.1 9.636964e+03 9.631765e+03 9.634414e+03 9.639613e+03
11.1 9.650061e+03 9.648137e+03 9.634033e+03 9.635957e+03
12.1 9.657417e+03 9.655823e+03 9.640896e+03 9.642490e+03
13.1 9.638758e+03 9.655613e+03 9.649334e+03 9.632479e+03
14.1 9.618605e+03 9.653069e+03 9.648706e+03 9.614242e+03
15.1 9.608915e+03 9.650207e+03 9.646385e+03 9.605093e+03
16.1 9.636122e+03 9.648074e+03 9.651513e+03 9.639561e+03
17.1 9.624966e+03 9.639439e+03 9.651906e+03 9.637432e+03
18.1 9.595442e+03 9.627499e+03 9.646085e+03 9.614028e+03
19.1 9.600652e+03 9.621185e+03 9.640085e+03 9.619551e+03
20.1 9.635409e+03 9.628657e+03 9.636366e+03 9.643117e+03
0.2 9.656490e+03 9.662182e+03 9.653109e+03 9.647417e+03
1.2 9.673380e+03 9.657326e+03 9.649909e+03 9.665963e+03
2.2 9.667449e+03 9.653486e+03 9.652345e+03 9.666308e+03
3.2 9.629913e+03 9.643837e+03 9.653100e+03 9.639176e+03
4.2 9.614551e+03 9.629932e+03 9.647392e+03 9.632012e+03
5.2 9.597041e+03 9.619144e+03 9.640795e+03 9.618692e+03
6.2 9.617176e+03 9.618091e+03 9.636494e+03 9.635579e+03
7.2 9.636964e+03 9.631765e+03 9.634414e+03 9.639613e+03
8.2 9.650061e+03 9.648137e+03 9.634033e+03 9.635957e+03
9.2 9.657417e+03 9.655823e+03 9.640896e+03 9.642490e+03
10.2 9.638758e+03 9.655613e+03 9.649334e+03 9.632479e+03
11.2 9.618605e+03 9.653069e+03 9.648706e+03 9.614242e+03
12.2 9.608915e+03 9.650207e+03 9.646385e+03 9.605093e+03
13.2 9.636122e+03 9.648074e+03 9.651513e+03 9.639561e+03
14.2 9.624966e+03 9.639439e+03 9.651906e+03 9.637432e+03
15.2 9.595442e+03 9.627499e+03 9.646085e+03 9.614028e+03
16.2 9.600652e+03 9.621185e+03 9.640085e+03 9.619551e+03
17.2 9.635409e+03 9.628657e+03 9.636366e+03 9.643117e+03
18.2 9.653241e+03 9.640359e+03 9.636271e+03 9.649153e+03
19.2 9.650264e+03 9.647620e+03 9.644912e+03 9.647556e+03
20.2 9.618506e+03 9.643814e+03 9.649776e+03 9.624468e+03
0.9 9.650061e+03 9.648137e+03 9.634033e+03 9.635957e+03
1.9 9.657417e+03 9.655823e+03 9.640896e+03 9.642490e+03
2.9 9.638758e+03 9.655613e+03 9.649334e+03 9.632479e+03
3.9 9.618605e+03 9.653069e+03 9.648706e+03 9.614242e+03
4.9 9.608915e+03 9.650207e+03 9.646385e+03 9.605093e+03
5.9 9.636122e+03 9.648074e+03 9.651513e+03 9.639561e+03
6.9 9.624966e+03 9.639439e+03 9.651906e+03 9.637432e+03
7.9 9.595442e+03 9.627499e+03 9.646085e+03 9.614028e+03
8.9 9.600652e+03 9.621185e+03 9.640085e+03 9.619551e+03
9.9 9.635409e+03 9.628657e+03 9.636366e+03 9.643117e+03
10.9 9.653241e+03 9.640359e+03 9.636271e+03 9.649153e+03
11.9 9.650264e+03 9.647620e+03 9.644912e+03 9.647556e+03
12.9 9.618506e+03 9.643814e+03 9.649776e+03 9.624468e+03
13.9 9.587992e+03 9.632787e+03 9.646498e+03 9.601704e+03
14.9 9.587130e+03 9.622880e+03 9.641306e+03 9.605555e+03
15.9 9.602609e+03 9.616848e+03 9.637614e+03 9.623375e+03
16.9 9.614218e+03 9.614036e+03 9.635589e+03 9.635771e+03
17.9 9.611437e+03 9.617570e+03 9.634672e+03 9.628539e+03
18.9 9.634974e+03 9.633666e+03 9.634763e+03 9.636071e+03
19.9 9.655080e+03 9.648664e+03 9.641735e+03 9.648151e+03
20.9 9.665465e+03 9.651054e+03 9.650087e+03 9.664499e+03
0.4 9.618605e+03 9.653069e+03 9.648706e+03 9.614242e+03
1.4 9.608915e+03 9.650207e+03 9.646385e+03 9.605093e+03
2.4 9.636122e+03 9.648074e+03 9.651513e+03 9.639561e+03
3.4 9.624966e+03 9.639439e+03 9.651906e+03 9.637432e+03
4.4 9.595442e+03 9.627499e+03 9.646085e+03 9.614028e+03
5.4 9.600652e+03 9.621185e+03 9.640085e+03 9.619551e+03
6.4 9.635409e+03 9.628657e+03 9.636366e+03 9.643117e+03
7.4 9.653241e+03 9.640359e+03 9.636271e+03 9.649153e+03
8.4 9.650264e+03 9.647620e+03 9.644912e+03 9.647556e+03
9.4 9.618506e+03 9.643814e+03 9.649776e+03 9.624468e+03
10.4 9.587992e+03 9.632787e+03 9.646498e+03 9.601704e+03
11.4 9.587130e+03 9.622880e+03 9.641306e+03 9.605555e+03
12.4 9.602609e+03 9.616848e+03 9.637614e+03 9.623375e+03
13.4 9.614218e+03 9.614036e+03 9.635589e+03 9.635771e+03
14.4 9.611437e+03 9.617570e+03 9.634672e+03 9.628539e+03
15.4 9.634974e+03 9.633666e+03 9.634763e+03 9.636071e+03
16.4 9.655080e+03 9.648664e+03 9.641735e+03 9.648151e+03
17.4 9.665465e+03 9.651054e+03 9.650087e+03 9.664499e+03
18.4 9.676407e+03 9.642547e+03 9.649278e+03 9.683139e+03
19.4 9.662878e+03 9.639219e+03 9.643957e+03 9.667616e+03
20.4 9.631973e+03 9.640947e+03 9.639332e+03 9.630359e+03
0.2 9.635409e+03 9.628657e+03 9.636366e+03 9.643117e+03
1.2 9.653241e+03 9.640359e+03 9.636271e+03 9.649153e+03
2.2 9.650264e+03 9.647620e+03 9.644912e+03 9.647556e+03
3.2 9.618506e+03 9.643814e+03 9.649776e+03 9.624468e+03
4.2 9.587992e+03 9.632787e+03 9.646498e+03 9.601704e+03
5.2 9.587130e+03 9.622880e+03 9.641306e+03 9.605555e+03
6.2 9.602609e+03 9.616848e+03 9.637614e+03 9.623375e+03
7.2 9.614218e+03 9.614036e+03 9.635589e+03 9.635771e+03
8.2 9.611437e+03 9.617570e+03 9.634672e+03 9.628539e+03
9.2 9.634974e+03 9.633666e+03 9.634763e+03 9.636071e+03
10.2 9.655080e+03 9.648664e+03 9.641735e+03 9.648151e+03
11.2 9.665465e+03 9.651054e+03 9.650087e+03 9.664499e+03
12.2 9.676407e+03 9.642547e+03 9.649278e+03 9.683139e+03
13.2 9.662878e+03 9.639219e+03 9.643957e+03 9.667616e+03
14.2 9.631973e+03 9.640947e+03 9.639332e+03 9.630359e+03
15.2 9.624023e+03 9.641974e+03 9.636532e+03 9.618580e+03
16.2 9.618915e+03 9.637154e+03 9.635107e+03 9.616868e+03
17.2 9.629588e+03 9.627931e+03 9.634570e+03 9.636227e+03
18.2 9.614693e+03 9.620136e+03 9.634577e+03 9.629134e+03
19.2 9.610578e+03 9.615692e+03 9.634855e+03 9.629741e+03
20.2 9.593130e+03 9.613852e+03 9.635197e+03 9.614475e+03
0.9 9.634974e+03 9.633666e+03 9.634763e+03 9.636071e+03
1.9 9.655080e+03 9.648664e+03 9.641735e+03 9.648151e+03
2.9 9.665465e+03 9.651054e+03 9.650087e+03 9.664499e+03
3.9 9.676407e+03 9.642547e+03 9.649278e+03 9.683139e+03
4.9 9.662878e+03 9.639219e+03 9.643957e+03 9.667616e+03
5.9 9.631973e+03 9.640947e+03 9.639332e+03 9.630359e+03
6.9 9.624023e+03 9.641974e+03 9.636532e+03 9.618580e+03
7.9 9.618915e+03 9.637154e+03 9.635107e+03 9.616868e+03
8.9 9.629588e+03 9.627931e+03 9.634570e+03 9.636227e+03
9.9 9.614693e+03 9.620136e+03 9.634577e+03 9.629134e+03
10.9 9.610578e+03 9.615692e+03 9.634855e+03 9.629741e+03
11.9 9.593130e+03 9.613852e+03 9.635197e+03 9.614475e+03
12.9 9.626179e+03 9.615516e+03 9.635488e+03 9.646150e+03
13.9 9.646459e+03 9.624201e+03 9.635910e+03 9.658168e+03
14.9 9.658142e+03 9.635627e+03 9.642324e+03 9.664839e+03
15.9 9.657809e+03 9.641614e+03 9.650780e+03 9.666975e+03
16.9 9.626162e+03 9.636350e+03 9.650137e+03 9.639950e+03
17.9 9.641409e+03 9.628083e+03 9.644638e+03 9.657963e+03
18.9 9.633224e+03 9.631448e+03 9.639745e+03 9.641520e+03
19.9 9.642765e+03 9.643954e+03 9.636748e+03 9.635559e+03
20.9 9.650673e+03 9.649550e+03 9.635206e+03 9.636329e+03
0.8 9.646459e+03 9.624201e+03 9.635910e+03 9.658168e+03
1.8 9.658142e+03 9.635627e+03 9.642324e+03 9.664839e+03
2.8 9.657809e+03 9.641614e+03 9.650780e+03 9.666975e+03
3.8 9.626162e+03 9.636350e+03 9.650137e+03 9.639950e+03
4.8 9.641409e+03 9.628083e+03 9.644638e+03 9.657963e+03
5.8 9.633224e+03 9.631448e+03 9.639745e+03 9.641520e+03
6.8 9.642765e+03 9.643954e+03 9.636748e+03 9.635559e+03
7.8 9.650673e+03 9.649550e+03 9.635206e+03 9.636329e+03
8.8 9.663352e+03 9.643128e+03 9.634603e+03 9.654827e+03
9.8 9.637404e+03 9.637874e+03 9.634576e+03 9.634106e+03
10.8 9.630213e+03 9.645441e+03 9.634839e+03 9.619612e+03
11.8 9.622595e+03 9.654859e+03 9.635940e+03 9.603676e+03
12.8 9.672352e+03 9.657416e+03 9.644376e+03 9.659312e+03
13.8 9.638509e+03 9.651105e+03 9.651240e+03 9.638644e+03
14.8 9.614268e+03 9.647954e+03 9.648931e+03 9.615244e+03
15.8 9.603889e+03 9.651712e+03 9.643312e+03 9.595489e+03
16.8 9.589237e+03 9.650835e+03 9.638875e+03 9.577278e+03
17.8 9.594861e+03 9.640620e+03 9.636278e+03 9.590519e+03
18.8 9.605842e+03 9.627709e+03 9.634996e+03 9.613130e+03
19.8 9.634269e+03 9.618498e+03 9.634555e+03 9.650327e+03
20.8 9.629225e+03 9.613795e+03 9.634619e+03 9.650049e+03
1.0 9.622595e+03 9.654859e+03 9.635940e+03 9.603676e+03
2.0 9.672352e+03 9.657416e+03 9.644376e+03 9.659312e+03
3.0 9.638509e+03 9.651105e+03 9.651240e+03 9.638644e+03
4.0 9.614268e+03 9.647954e+03 9.648931e+03 9.615244e+03
5.0 9.603889e+03 9.651712e+03 9.643312e+03 9.595489e+03
6.0 9.589237e+03 9.650835e+03 9.638875e+03 9.577278e+03
7.0 9.594861e+03 9.640620e+03 9.636278e+03 9.590519e+03
8.0 9.605842e+03 9.627709e+03 9.634996e+03 9.613130e+03
9.0 9.634269e+03 9.618498e+03 9.634555e+03 9.650327e+03
10.0 9.629225e+03 9.613795e+03 9.634619e+03 9.650049e+03
11.0 9.622624e+03 9.612159e+03 9.634916e+03 9.645382e+03
12.0 9.619591e+03 9.612234e+03 9.635253e+03 9.642610e+03
