0.8 1.040310e+04 1.043677e+04 1.040753e+04 1.037386e+04
1.8 1.034757e+04 1.044045e+04 1.041629e+04 1.032341e+04
2.8 1.033064e+04 1.043204e+04 1.043496e+04 1.033356e+04
3.8 1.042666e+04 1.044366e+04 1.043909e+04 1.042209e+04
4.8 1.041636e+04 1.044212e+04 1.042924e+04 1.040348e+04
5.8 1.035071e+04 1.040995e+04 1.041802e+04 1.035878e+04
6.8 1.031303e+04 1.037499e+04 1.041051e+04 1.034855e+04
7.8 1.036103e+04 1.035818e+04 1.040645e+04 1.040930e+04
8.8 1.039469e+04 1.036940e+04 1.040466e+04 1.042995e+04
9.8 1.036878e+04 1.039139e+04 1.040431e+04 1.038170e+04
10.8 1.039501e+04 1.041953e+04 1.040473e+04 1.038022e+04
11.8 1.044212e+04 1.044045e+04 1.040544e+04 1.040711e+04
12.8 1.039799e+04 1.042323e+04 1.040610e+04 1.038086e+04
13.8 1.039503e+04 1.040300e+04 1.040659e+04 1.039862e+04
14.8 1.039272e+04 1.040157e+04 1.040691e+04 1.039806e+04
15.8 1.042358e+04 1.042056e+04 1.040709e+04 1.041010e+04
16.8 1.045197e+04 1.043587e+04 1.040718e+04 1.042328e+04
17.8 1.039729e+04 1.041816e+04 1.040722e+04 1.038635e+04
18.8 1.041363e+04 1.041027e+04 1.040724e+04 1.041059e+04
19.8 1.040887e+04 1.042689e+04 1.040725e+04 1.038923e+04
20.8 1.045579e+04 1.044562e+04 1.040725e+04 1.041742e+04
21.8 1.052425e+04 1.046546e+04 1.040725e+04 1.046604e+04
0.4 1.044053e+04 1.041641e+04 1.040726e+04 1.043138e+04
1.4 1.048172e+04 1.044426e+04 1.041046e+04 1.044792e+04
2.4 1.045620e+04 1.045105e+04 1.042931e+04 1.043446e+04
3.4 1.044130e+04 1.044294e+04 1.045627e+04 1.045462e+04
4.4 1.043794e+04 1.043848e+04 1.046476e+04 1.046422e+04
5.4 1.048147e+04 1.044654e+04 1.044962e+04 1.048455e+04
6.4 1.043357e+04 1.042579e+04 1.042926e+04 1.043703e+04
7.4 1.040114e+04 1.038998e+04 1.041454e+04 1.042571e+04
8.4 1.036597e+04 1.037690e+04 1.040631e+04 1.039538e+04
9.4 1.039846e+04 1.039022e+04 1.040261e+04 1.041085e+04
10.4 1.045498e+04 1.041021e+04 1.040175e+04 1.044651e+04
11.4 1.051998e+04 1.044162e+04 1.040244e+04 1.048080e+04
12.4 1.048832e+04 1.043887e+04 1.040371e+04 1.045315e+04
13.4 1.039228e+04 1.041136e+04 1.040497e+04 1.038589e+04
14.4 1.037520e+04 1.039947e+04 1.040592e+04 1.038165e+04
15.4 1.039636e+04 1.040193e+04 1.040654e+04 1.040097e+04
16.4 1.045143e+04 1.041999e+04 1.040690e+04 1.043834e+04
17.4 1.050228e+04 1.043468e+04 1.040709e+04 1.047470e+04
18.4 1.046828e+04 1.041390e+04 1.040718e+04 1.046156e+04
19.4 1.037632e+04 1.038589e+04 1.040722e+04 1.039765e+04
20.4 1.038412e+04 1.038384e+04 1.040724e+04 1.040753e+04
21.4 1.042324e+04 1.040001e+04 1.040725e+04 1.043048e+04
0.4 1.043361e+04 1.043858e+04 1.040726e+04 1.040229e+04
1.4 1.042536e+04 1.041070e+04 1.041020e+04 1.042485e+04
2.4 1.040744e+04 1.039280e+04 1.042691e+04 1.044155e+04
3.4 1.044159e+04 1.040305e+04 1.043968e+04 1.047822e+04
4.4 1.049489e+04 1.042652e+04 1.043456e+04 1.050293e+04
5.4 1.043942e+04 1.041703e+04 1.042280e+04 1.044519e+04
6.4 1.040355e+04 1.040205e+04 1.041345e+04 1.041495e+04
7.4 1.041679e+04 1.040231e+04 1.040796e+04 1.042244e+04
8.4 1.047177e+04 1.042357e+04 1.040526e+04 1.045346e+04
9.4 1.045249e+04 1.043497e+04 1.040434e+04 1.042185e+04
10.4 1.038987e+04 1.041079e+04 1.040448e+04 1.038356e+04
11.4 1.034116e+04 1.037885e+04 1.040602e+04 1.036833e+04
12.4 1.038103e+04 1.036882e+04 1.041950e+04 1.043171e+04
13.4 1.037567e+04 1.038393e+04 1.044685e+04 1.043859e+04
14.4 1.039153e+04 1.040322e+04 1.046512e+04 1.045344e+04
15.4 1.045303e+04 1.043269e+04 1.045694e+04 1.047727e+04
16.4 1.045347e+04 1.043666e+04 1.043644e+04 1.045324e+04
17.4 1.043635e+04 1.041474e+04 1.041912e+04 1.044073e+04
18.4 1.042010e+04 1.041407e+04 1.040865e+04 1.041468e+04
19.4 1.041929e+04 1.043211e+04 1.040350e+04 1.039068e+04
20.4 1.045805e+04 1.045035e+04 1.040176e+04 1.040946e+04
21.4 1.050120e+04 1.045915e+04 1.040202e+04 1.044407e+04
0.1 1.038987e+04 1.041079e+04 1.040448e+04 1.038356e+04
1.1 1.034116e+04 1.037885e+04 1.040602e+04 1.036833e+04
2.1 1.038103e+04 1.036882e+04 1.041950e+04 1.043171e+04
3.1 1.037567e+04 1.038393e+04 1.044685e+04 1.043859e+04
4.1 1.039153e+04 1.040322e+04 1.046512e+04 1.045344e+04
5.1 1.045303e+04 1.043269e+04 1.045694e+04 1.047727e+04
6.1 1.045347e+04 1.043666e+04 1.043644e+04 1.045324e+04
7.1 1.043635e+04 1.041474e+04 1.041912e+04 1.044073e+04
8.1 1.042010e+04 1.041407e+04 1.040865e+04 1.041468e+04
9.1 1.041929e+04 1.043211e+04 1.040350e+04 1.039068e+04
10.1 1.045805e+04 1.045035e+04 1.040176e+04 1.040946e+04
11.1 1.050120e+04 1.045915e+04 1.040202e+04 1.044407e+04
12.1 1.043536e+04 1.043153e+04 1.040319e+04 1.040701e+04
13.1 1.037771e+04 1.040147e+04 1.040451e+04 1.038075e+04
14.1 1.033339e+04 1.039513e+04 1.040560e+04 1.034386e+04
15.1 1.040255e+04 1.040105e+04 1.040634e+04 1.040784e+04
16.1 1.045469e+04 1.042590e+04 1.040724e+04 1.043604e+04
17.1 1.046637e+04 1.043954e+04 1.041757e+04 1.044440e+04
18.1 1.043094e+04 1.043624e+04 1.043554e+04 1.043024e+04
19.1 1.044629e+04 1.044670e+04 1.043774e+04 1.043732e+04
20.1 1.042300e+04 1.043846e+04 1.042750e+04 1.041204e+04
21.1 1.037888e+04 1.040497e+04 1.041683e+04 1.039074e+04
0.9 1.045469e+04 1.042590e+04 1.040724e+04 1.043604e+04
1.9 1.046637e+04 1.043954e+04 1.041757e+04 1.044440e+04
2.9 1.043094e+04 1.043624e+04 1.043554e+04 1.043024e+04
3.9 1.044629e+04 1.044670e+04 1.043774e+04 1.043732e+04
4.9 1.042300e+04 1.043846e+04 1.042750e+04 1.041204e+04
5.9 1.037888e+04 1.040497e+04 1.041683e+04 1.039074e+04
6.9 1.038607e+04 1.039065e+04 1.040990e+04 1.040532e+04
7.9 1.041416e+04 1.040682e+04 1.040620e+04 1.041354e+04
8.9 1.040013e+04 1.043425e+04 1.040464e+04 1.037051e+04
9.9 1.040408e+04 1.044812e+04 1.040439e+04 1.036036e+04
10.9 1.040702e+04 1.042491e+04 1.040486e+04 1.038697e+04
11.9 1.037262e+04 1.040444e+04 1.040555e+04 1.037373e+04
12.9 1.040842e+04 1.041175e+04 1.040619e+04 1.040285e+04
13.9 1.040324e+04 1.043701e+04 1.040665e+04 1.037288e+04
14.9 1.037667e+04 1.042555e+04 1.040694e+04 1.035806e+04
15.9 1.031372e+04 1.039531e+04 1.040710e+04 1.032551e+04
16.9 1.036269e+04 1.038588e+04 1.040719e+04 1.038400e+04
17.9 1.042250e+04 1.040827e+04 1.040722e+04 1.042145e+04
18.9 1.048461e+04 1.043533e+04 1.040724e+04 1.045653e+04
19.9 1.044546e+04 1.042062e+04 1.040725e+04 1.043209e+04
20.9 1.037422e+04 1.038727e+04 1.040725e+04 1.039419e+04
21.9 1.034567e+04 1.036108e+04 1.040725e+04 1.039184e+04
0.2 1.036656e+04 1.034660e+04 1.040725e+04 1.042722e+04
1.2 1.036241e+04 1.034216e+04 1.040908e+04 1.042933e+04
2.2 1.042015e+04 1.035660e+04 1.042491e+04 1.048847e+04
3.2 1.046995e+04 1.038339e+04 1.044829e+04 1.053486e+04
4.2 1.045719e+04 1.042083e+04 1.045151e+04 1.048787e+04
5.2 1.041469e+04 1.044115e+04 1.043721e+04 1.041075e+04
6.2 1.040459e+04 1.043176e+04 1.042167e+04 1.039450e+04
7.2 1.036021e+04 1.042292e+04 1.041133e+04 1.034862e+04
8.2 1.037040e+04 1.042065e+04 1.040578e+04 1.035553e+04
9.2 1.042118e+04 1.043924e+04 1.040343e+04 1.038536e+04
10.2 1.042703e+04 1.045409e+04 1.040304e+04 1.037598e+04
11.2 1.043153e+04 1.045758e+04 1.040371e+04 1.037766e+04
12.2 1.044480e+04 1.046888e+04 1.040472e+04 1.038064e+04
13.2 1.040436e+04 1.045073e+04 1.040566e+04 1.035930e+04
14.2 1.038966e+04 1.042257e+04 1.040635e+04 1.037344e+04
15.2 1.038011e+04 1.041872e+04 1.040678e+04 1.036817e+04
16.2 1.042390e+04 1.044213e+04 1.040702e+04 1.038879e+04
17.2 1.041808e+04 1.044374e+04 1.040715e+04 1.038149e+04
18.2 1.043135e+04 1.042916e+04 1.040721e+04 1.040940e+04
19.2 1.037593e+04 1.042072e+04 1.040724e+04 1.036245e+04
20.2 1.039618e+04 1.042545e+04 1.040726e+04 1.037799e+04
21.2 1.044599e+04 1.044281e+04 1.041136e+04 1.041453e+04
0.5 1.039618e+04 1.042545e+04 1.040726e+04 1.037799e+04
1.5 1.044599e+04 1.044281e+04 1.041136e+04 1.041453e+04
2.5 1.044598e+04 1.044405e+04 1.043161e+04 1.043353e+04
3.5 1.041043e+04 1.043582e+04 1.045808e+04 1.043269e+04
4.5 1.036875e+04 1.043504e+04 1.046417e+04 1.039788e+04
5.5 1.042045e+04 1.044356e+04 1.044783e+04 1.042472e+04
6.5 1.038501e+04 1.042216e+04 1.042772e+04 1.039057e+04
7.5 1.036046e+04 1.039603e+04 1.041360e+04 1.037803e+04
8.5 1.035540e+04 1.039067e+04 1.040584e+04 1.037057e+04
9.5 1.039558e+04 1.040687e+04 1.040245e+04 1.039116e+04
10.5 1.046532e+04 1.042901e+04 1.040176e+04 1.043807e+04
11.5 1.039326e+04 1.041656e+04 1.040253e+04 1.037923e+04
12.5 1.036141e+04 1.039881e+04 1.040383e+04 1.036643e+04
13.5 1.033885e+04 1.039717e+04 1.040506e+04 1.034674e+04
14.5 1.041784e+04 1.041765e+04 1.040599e+04 1.040618e+04
15.5 1.041815e+04 1.043263e+04 1.040658e+04 1.039211e+04
16.5 1.037186e+04 1.041147e+04 1.040693e+04 1.036732e+04
17.5 1.034667e+04 1.037943e+04 1.040710e+04 1.037435e+04
18.5 1.032110e+04 1.035649e+04 1.040719e+04 1.037180e+04
19.5 1.036568e+04 1.034939e+04 1.040723e+04 1.042352e+04
20.5 1.038123e+04 1.036281e+04 1.040724e+04 1.042566e+04
21.5 1.043595e+04 1.040247e+04 1.040725e+04 1.044073e+04
0.9 1.042115e+04 1.046767e+04 1.040764e+04 1.036112e+04
1.9 1.045049e+04 1.046530e+04 1.041727e+04 1.040246e+04
2.9 1.046296e+04 1.044815e+04 1.043528e+04 1.045010e+04
3.9 1.045502e+04 1.044853e+04 1.043796e+04 1.044445e+04
4.9 1.040591e+04 1.043598e+04 1.042785e+04 1.039778e+04
5.9 1.037348e+04 1.039954e+04 1.041709e+04 1.039103e+04
6.9 1.029777e+04 1.036544e+04 1.041017e+04 1.034250e+04
7.9 1.035743e+04 1.035229e+04 1.041346e+04 1.041861e+04
8.9 1.036948e+04 1.036733e+04 1.043540e+04 1.043755e+04
9.9 1.037201e+04 1.039103e+04 1.045915e+04 1.044013e+04
10.9 1.039833e+04 1.042153e+04 1.045935e+04 1.043615e+04
11.9 1.043564e+04 1.044592e+04 1.044127e+04 1.043100e+04
12.9 1.042314e+04 1.044547e+04 1.042278e+04 1.040045e+04
13.9 1.038478e+04 1.043849e+04 1.041072e+04 1.035701e+04
14.9 1.041965e+04 1.044781e+04 1.040443e+04 1.037627e+04
15.9 1.041974e+04 1.043225e+04 1.040195e+04 1.038944e+04
16.9 1.036183e+04 1.039536e+04 1.040178e+04 1.036825e+04
17.9 1.033944e+04 1.036808e+04 1.040278e+04 1.037414e+04
18.9 1.037736e+04 1.037026e+04 1.040412e+04 1.041121e+04
19.9 1.039596e+04 1.038924e+04 1.040530e+04 1.041201e+04
20.9 1.044551e+04 1.042355e+04 1.040615e+04 1.042811e+04
21.9 1.041097e+04 1.042978e+04 1.040668e+04 1.038788e+04
0.7 1.029777e+04 1.036544e+04 1.041017e+04 1.034250e+04
1.7 1.035743e+04 1.035229e+04 1.041346e+04 1.041861e+04
2.7 1.036948e+04 1.036733e+04 1.043540e+04 1.043755e+04
3.7 1.037201e+04 1.039103e+04 1.045915e+04 1.044013e+04
4.7 1.039833e+04 1.042153e+04 1.045935e+04 1.043615e+04
5.7 1.043564e+04 1.044592e+04 1.044127e+04 1.043100e+04
6.7 1.042314e+04 1.044547e+04 1.042278e+04 1.040045e+04
7.7 1.038478e+04 1.043849e+04 1.041072e+04 1.035701e+04
8.7 1.041965e+04 1.044781e+04 1.040443e+04 1.037627e+04
9.7 1.041974e+04 1.043225e+04 1.040195e+04 1.038944e+04
10.7 1.036183e+04 1.039536e+04 1.040178e+04 1.036825e+04
11.7 1.033944e+04 1.036808e+04 1.040278e+04 1.037414e+04
12.7 1.037736e+04 1.037026e+04 1.040412e+04 1.041121e+04
13.7 1.039596e+04 1.038924e+04 1.040530e+04 1.041201e+04
14.7 1.044551e+04 1.042355e+04 1.040615e+04 1.042811e+04
15.7 1.041097e+04 1.042978e+04 1.040668e+04 1.038788e+04
16.7 1.034365e+04 1.040303e+04 1.040698e+04 1.034759e+04
17.7 1.031229e+04 1.037322e+04 1.040713e+04 1.034619e+04
18.7 1.033255e+04 1.035372e+04 1.040720e+04 1.038603e+04
19.7 1.034432e+04 1.034384e+04 1.040723e+04 1.040771e+04
20.7 1.037150e+04 1.034558e+04 1.040725e+04 1.043317e+04
21.7 1.035192e+04 1.036620e+04 1.040725e+04 1.039297e+04
0.9 1.045033e+04 1.043587e+04 1.040764e+04 1.042210e+04
1.9 1.040725e+04 1.041640e+04 1.041742e+04 1.040828e+04
2.9 1.038578e+04 1.041026e+04 1.044288e+04 1.041841e+04
3.9 1.040516e+04 1.041426e+04 1.046401e+04 1.045491e+04
4.9 1.048974e+04 1.043378e+04 1.045928e+04 1.051524e+04
5.9 1.039564e+04 1.043933e+04 1.043938e+04 1.039569e+04
6.9 1.037316e+04 1.042442e+04 1.042122e+04 1.036996e+04
7.9 1.036636e+04 1.041988e+04 1.040984e+04 1.035632e+04
8.9 1.040234e+04 1.044130e+04 1.040407e+04 1.036510e+04
9.9 1.037615e+04 1.043527e+04 1.040193e+04 1.034281e+04
10.9 1.034254e+04 1.040052e+04 1.040196e+04 1.034398e+04
11.9 1.035125e+04 1.036776e+04 1.040303e+04 1.038652e+04
12.9 1.036266e+04 1.034827e+04 1.040435e+04 1.041874e+04
13.9 1.037116e+04 1.033953e+04 1.040547e+04 1.043710e+04
14.9 1.037908e+04 1.033720e+04 1.040626e+04 1.044815e+04
