0.3 8.158271e+03 8.180091e+03 8.236222e+03 8.214402e+03
1.3 8.173444e+03 8.182752e+03 8.238883e+03 8.229575e+03
2.3 8.224038e+03 8.202863e+03 8.258911e+03 8.280086e+03
3.3 8.253760e+03 8.233858e+03 8.277482e+03 8.297384e+03
4.3 8.225952e+03 8.259144e+03 8.272706e+03 8.239515e+03
5.3 8.177069e+03 8.262408e+03 8.257670e+03 8.172331e+03
6.3 8.210548e+03 8.265255e+03 8.245142e+03 8.190435e+03
7.3 8.306355e+03 8.273906e+03 8.237638e+03 8.270088e+03
8.3 8.248251e+03 8.263818e+03 8.233875e+03 8.218308e+03
9.3 8.222323e+03 8.231125e+03 8.232512e+03 8.223710e+03
10.3 8.146814e+03 8.199803e+03 8.232594e+03 8.179606e+03
11.3 8.196712e+03 8.188949e+03 8.233368e+03 8.241130e+03
12.3 8.212779e+03 8.212632e+03 8.234286e+03 8.234433e+03
13.3 8.280395e+03 8.247259e+03 8.235052e+03 8.268188e+03
14.3 8.278523e+03 8.270042e+03 8.235580e+03 8.244062e+03
15.3 8.268468e+03 8.272940e+03 8.235898e+03 8.231426e+03
16.3 8.245997e+03 8.247387e+03 8.236069e+03 8.234679e+03
17.3 8.232358e+03 8.233395e+03 8.236154e+03 8.235118e+03
18.3 8.247578e+03 8.245075e+03 8.236194e+03 8.238697e+03
19.3 8.294875e+03 8.261504e+03 8.236211e+03 8.269582e+03
20.3 8.265945e+03 8.262884e+03 8.236218e+03 8.239279e+03
0.2 8.316241e+03 8.248522e+03 8.236222e+03 8.303942e+03
1.2 8.278191e+03 8.213245e+03 8.238385e+03 8.303332e+03
2.2 8.242390e+03 8.206718e+03 8.258609e+03 8.294280e+03
3.2 8.252151e+03 8.229040e+03 8.294511e+03 8.317623e+03
4.2 8.281446e+03 8.249326e+03 8.312836e+03 8.344957e+03
5.2 8.340541e+03 8.260401e+03 8.297391e+03 8.377530e+03
6.2 8.292823e+03 8.245999e+03 8.270201e+03 8.317025e+03
7.2 8.223944e+03 8.222567e+03 8.248959e+03 8.250336e+03
8.2 8.167446e+03 8.218349e+03 8.236581e+03 8.185678e+03
9.2 8.174171e+03 8.226035e+03 8.230721e+03 8.178857e+03
10.2 8.243070e+03 8.240428e+03 8.228985e+03 8.231627e+03
11.2 8.298057e+03 8.248370e+03 8.229595e+03 8.279282e+03
12.2 8.256399e+03 8.229898e+03 8.231228e+03 8.257729e+03
13.2 8.181420e+03 8.209535e+03 8.238746e+03 8.210631e+03
14.2 8.167361e+03 8.217805e+03 8.267082e+03 8.216639e+03
15.2 8.237418e+03 8.238590e+03 8.293951e+03 8.292779e+03
16.2 8.248763e+03 8.256822e+03 8.291132e+03 8.283073e+03
17.2 8.270639e+03 8.265472e+03 8.287167e+03 8.292334e+03
18.2 8.247135e+03 8.273379e+03 8.303746e+03 8.277502e+03
19.2 8.271624e+03 8.276074e+03 8.315192e+03 8.310742e+03
20.2 8.272999e+03 8.277791e+03 8.297753e+03 8.292961e+03
0.5 8.256399e+03 8.229898e+03 8.231228e+03 8.257729e+03
1.5 8.181420e+03 8.209535e+03 8.238746e+03 8.210631e+03
2.5 8.167361e+03 8.217805e+03 8.267082e+03 8.216639e+03
3.5 8.237418e+03 8.238590e+03 8.293951e+03 8.292779e+03
4.5 8.248763e+03 8.256822e+03 8.291132e+03 8.283073e+03
5.5 8.270639e+03 8.265472e+03 8.287167e+03 8.292334e+03
6.5 8.247135e+03 8.273379e+03 8.303746e+03 8.277502e+03
7.5 8.271624e+03 8.276074e+03 8.315192e+03 8.310742e+03
8.5 8.272999e+03 8.277791e+03 8.297753e+03 8.292961e+03
9.5 8.260295e+03 8.259516e+03 8.268536e+03 8.269314e+03
10.5 8.196524e+03 8.223989e+03 8.246025e+03 8.218560e+03
11.5 8.210649e+03 8.197261e+03 8.233579e+03 8.246967e+03
12.5 8.276924e+03 8.214751e+03 8.228298e+03 8.290471e+03
13.5 8.309195e+03 8.262712e+03 8.227245e+03 8.273728e+03
14.5 8.295020e+03 8.293429e+03 8.228417e+03 8.230008e+03
15.5 8.340462e+03 8.303757e+03 8.230438e+03 8.267143e+03
16.5 8.345155e+03 8.310383e+03 8.232431e+03 8.267203e+03
17.5 8.313901e+03 8.309333e+03 8.233978e+03 8.238547e+03
18.5 8.257069e+03 8.283839e+03 8.235006e+03 8.208237e+03
19.5 8.170329e+03 8.237961e+03 8.235612e+03 8.167979e+03
20.5 8.158907e+03 8.198303e+03 8.235936e+03 8.196540e+03
0.1 8.237418e+03 8.238590e+03 8.293951e+03 8.292779e+03
1.1 8.248763e+03 8.256822e+03 8.291132e+03 8.283073e+03
2.1 8.270639e+03 8.265472e+03 8.287167e+03 8.292334e+03
3.1 8.247135e+03 8.273379e+03 8.303746e+03 8.277502e+03
4.1 8.271624e+03 8.276074e+03 8.315192e+03 8.310742e+03
5.1 8.272999e+03 8.277791e+03 8.297753e+03 8.292961e+03
6.1 8.260295e+03 8.259516e+03 8.268536e+03 8.269314e+03
7.1 8.196524e+03 8.223989e+03 8.246025e+03 8.218560e+03
8.1 8.210649e+03 8.197261e+03 8.233579e+03 8.246967e+03
9.1 8.276924e+03 8.214751e+03 8.228298e+03 8.290471e+03
10.1 8.309195e+03 8.262712e+03 8.227245e+03 8.273728e+03
11.1 8.295020e+03 8.293429e+03 8.228417e+03 8.230008e+03
12.1 8.340462e+03 8.303757e+03 8.230438e+03 8.267143e+03
13.1 8.345155e+03 8.310383e+03 8.232431e+03 8.267203e+03
14.1 8.313901e+03 8.309333e+03 8.233978e+03 8.238547e+03
15.1 8.257069e+03 8.283839e+03 8.235006e+03 8.208237e+03
16.1 8.170329e+03 8.237961e+03 8.235612e+03 8.167979e+03
17.1 8.158907e+03 8.198303e+03 8.235936e+03 8.196540e+03
18.1 8.172030e+03 8.175468e+03 8.236096e+03 8.232659e+03
19.1 8.243549e+03 8.174199e+03 8.236170e+03 8.305520e+03
20.1 8.271712e+03 8.193478e+03 8.236201e+03 8.314435e+03
0.3 8.282746e+03 8.283401e+03 8.236223e+03 8.235569e+03
1.3 8.249096e+03 8.270468e+03 8.239454e+03 8.218081e+03
2.3 8.235286e+03 8.256901e+03 8.262287e+03 8.240672e+03
3.3 8.245272e+03 8.256355e+03 8.292025e+03 8.280942e+03
4.3 8.273985e+03 8.264163e+03 8.293504e+03 8.303326e+03
5.3 8.327978e+03 8.270037e+03 8.273793e+03 8.331733e+03
6.3 8.318541e+03 8.276894e+03 8.253761e+03 8.295408e+03
7.3 8.289826e+03 8.281047e+03 8.240755e+03 8.249534e+03
8.3 8.287814e+03 8.281868e+03 8.233881e+03 8.239827e+03
9.3 8.260610e+03 8.266478e+03 8.231053e+03 8.225186e+03
10.3 8.238144e+03 8.235031e+03 8.230709e+03 8.233822e+03
11.3 8.238704e+03 8.226643e+03 8.231656e+03 8.243716e+03
12.3 8.297191e+03 8.240191e+03 8.233000e+03 8.290001e+03
13.3 8.294228e+03 8.252547e+03 8.234211e+03 8.275891e+03
14.3 8.269034e+03 8.238391e+03 8.235086e+03 8.265729e+03
15.3 8.265186e+03 8.232914e+03 8.235633e+03 8.267905e+03
16.3 8.278800e+03 8.247172e+03 8.235938e+03 8.267566e+03
17.3 8.307941e+03 8.264032e+03 8.236094e+03 8.280003e+03
18.3 8.257401e+03 8.261890e+03 8.236167e+03 8.231679e+03
19.3 8.242354e+03 8.233184e+03 8.236200e+03 8.245370e+03
20.3 8.189589e+03 8.203469e+03 8.236213e+03 8.222334e+03
0.3 8.218663e+03 8.288505e+03 8.236223e+03 8.166380e+03
1.3 8.227292e+03 8.254109e+03 8.239159e+03 8.212342e+03
2.3 8.199135e+03 8.234673e+03 8.259663e+03 8.224125e+03
3.3 8.207651e+03 8.237637e+03 8.277658e+03 8.247673e+03
4.3 8.183001e+03 8.244709e+03 8.272331e+03 8.210623e+03
5.3 8.139003e+03 8.228749e+03 8.257259e+03 8.167513e+03
6.3 8.114333e+03 8.207783e+03 8.249856e+03 8.156407e+03
7.3 8.196126e+03 8.211867e+03 8.265336e+03 8.249595e+03
8.3 8.259879e+03 8.232124e+03 8.275843e+03 8.303598e+03
9.3 8.324195e+03 8.244275e+03 8.266215e+03 8.346135e+03
10.3 8.283894e+03 8.228610e+03 8.251159e+03 8.306442e+03
11.3 8.228137e+03 8.203902e+03 8.240436e+03 8.264671e+03
12.3 8.169652e+03 8.185785e+03 8.234724e+03 8.218592e+03
13.3 8.182040e+03 8.176136e+03 8.232294e+03 8.238197e+03
14.3 8.174503e+03 8.174979e+03 8.231810e+03 8.231334e+03
15.3 8.256608e+03 8.198096e+03 8.232397e+03 8.290910e+03
16.3 8.330901e+03 8.235808e+03 8.233403e+03 8.328496e+03
17.3 8.298985e+03 8.265970e+03 8.234390e+03 8.267405e+03
18.3 8.242337e+03 8.270412e+03 8.235150e+03 8.207075e+03
19.3 8.232783e+03 8.254539e+03 8.235648e+03 8.213892e+03
20.3 8.169612e+03 8.245839e+03 8.235937e+03 8.159711e+03
0.5 8.139003e+03 8.228749e+03 8.257259e+03 8.167513e+03
1.5 8.114333e+03 8.207783e+03 8.249856e+03 8.156407e+03
2.5 8.196126e+03 8.211867e+03 8.265336e+03 8.249595e+03
3.5 8.259879e+03 8.232124e+03 8.275843e+03 8.303598e+03
4.5 8.324195e+03 8.244275e+03 8.266215e+03 8.346135e+03
5.5 8.283894e+03 8.228610e+03 8.251159e+03 8.306442e+03
6.5 8.228137e+03 8.203902e+03 8.240436e+03 8.264671e+03
7.5 8.169652e+03 8.185785e+03 8.234724e+03 8.218592e+03
8.5 8.182040e+03 8.176136e+03 8.232294e+03 8.238197e+03
9.5 8.174503e+03 8.174979e+03 8.231810e+03 8.231334e+03
10.5 8.256608e+03 8.198096e+03 8.232397e+03 8.290910e+03
11.5 8.330901e+03 8.235808e+03 8.233403e+03 8.328496e+03
12.5 8.298985e+03 8.265970e+03 8.234390e+03 8.267405e+03
13.5 8.242337e+03 8.270412e+03 8.235150e+03 8.207075e+03
14.5 8.232783e+03 8.254539e+03 8.235648e+03 8.213892e+03
15.5 8.169612e+03 8.245839e+03 8.235937e+03 8.159711e+03
16.5 8.189238e+03 8.243470e+03 8.236091e+03 8.181859e+03
17.5 8.261881e+03 8.254626e+03 8.236165e+03 8.243419e+03
18.5 8.261822e+03 8.276100e+03 8.236198e+03 8.221921e+03
19.5 8.282021e+03 8.293373e+03 8.236213e+03 8.224860e+03
20.5 8.308500e+03 8.292680e+03 8.236219e+03 8.252038e+03
0.6 8.182591e+03 8.172757e+03 8.236271e+03 8.246106e+03
1.6 8.159082e+03 8.176790e+03 8.242989e+03 8.225281e+03
2.6 8.213724e+03 8.202206e+03 8.266834e+03 8.278353e+03
3.6 8.245856e+03 8.236933e+03 8.278242e+03 8.287165e+03
4.6 8.269575e+03 8.254334e+03 8.268242e+03 8.283483e+03
5.6 8.279047e+03 8.240956e+03 8.253193e+03 8.291284e+03
6.6 8.249443e+03 8.231111e+03 8.242283e+03 8.260616e+03
7.6 8.206341e+03 8.232192e+03 8.236125e+03 8.210274e+03
8.6 8.214296e+03 8.243044e+03 8.233238e+03 8.204490e+03
9.6 8.222347e+03 8.239493e+03 8.232421e+03 8.215275e+03
10.6 8.203481e+03 8.216803e+03 8.232794e+03 8.219472e+03
11.6 8.204684e+03 8.194154e+03 8.233659e+03 8.244189e+03
12.6 8.182667e+03 8.180163e+03 8.234550e+03 8.237054e+03
13.6 8.170600e+03 8.173687e+03 8.235244e+03 8.232157e+03
14.6 8.202904e+03 8.175626e+03 8.235700e+03 8.262978e+03
15.6 8.263237e+03 8.192403e+03 8.235964e+03 8.306798e+03
16.6 8.275234e+03 8.222255e+03 8.236103e+03 8.289083e+03
17.6 8.291132e+03 8.244282e+03 8.236170e+03 8.283020e+03
18.6 8.203178e+03 8.233744e+03 8.236201e+03 8.205634e+03
19.6 8.180594e+03 8.211263e+03 8.237271e+03 8.206602e+03
20.6 8.183827e+03 8.208149e+03 8.253013e+03 8.228691e+03
1.0 8.180594e+03 8.211263e+03 8.237271e+03 8.206602e+03
2.0 8.183827e+03 8.208149e+03 8.253013e+03 8.228691e+03
3.0 8.233220e+03 8.225646e+03 8.275976e+03 8.283550e+03
4.0 8.272271e+03 8.246752e+03 8.276473e+03 8.301992e+03
5.0 8.280086e+03 8.242888e+03 8.262004e+03 8.299202e+03
6.0 8.245125e+03 8.233155e+03 8.248008e+03 8.259979e+03
7.0 8.243342e+03 8.248280e+03 8.239138e+03 8.234200e+03
8.0 8.195437e+03 8.268143e+03 8.234490e+03 8.161784e+03
9.0 8.299930e+03 8.279800e+03 8.232594e+03 8.252724e+03
10.0 8.249811e+03 8.270105e+03 8.233760e+03 8.213466e+03
11.0 8.211246e+03 8.252723e+03 8.251357e+03 8.209880e+03
12.0 8.185298e+03 8.248379e+03 8.274496e+03 8.211415e+03
13.0 8.171820e+03 8.252980e+03 8.274495e+03 8.193335e+03
14.0 8.150196e+03 8.238470e+03 8.260332e+03 8.172057e+03
15.0 8.131173e+03 8.210258e+03 8.246965e+03 8.167880e+03
16.0 8.174750e+03 8.187300e+03 8.238585e+03 8.226036e+03
17.0 8.189642e+03 8.174792e+03 8.234234e+03 8.249084e+03
18.0 8.194396e+03 8.169954e+03 8.232509e+03 8.256951e+03
19.0 8.179679e+03 8.169451e+03 8.232402e+03 8.242629e+03
0.1 8.299930e+03 8.279800e+03 8.232594e+03 8.252724e+03
1.1 8.249811e+03 8.270105e+03 8.233760e+03 8.213466e+03
2.1 8.211246e+03 8.252723e+03 8.251357e+03 8.209880e+03
3.1 8.185298e+03 8.248379e+03 8.274496e+03 8.211415e+03
4.1 8.171820e+03 8.252980e+03 8.274495e+03 8.193335e+03
5.1 8.150196e+03 8.238470e+03 8.260332e+03 8.172057e+03
6.1 8.131173e+03 8.210258e+03 8.246965e+03 8.167880e+03
7.1 8.174750e+03 8.187300e+03 8.238585e+03 8.226036e+03
8.1 8.189642e+03 8.174792e+03 8.234234e+03 8.249084e+03
9.1 8.194396e+03 8.169954e+03 8.232509e+03 8.256951e+03
10.1 8.179679e+03 8.169451e+03 8.232402e+03 8.242629e+03
