0.7 1.098186e+03 1.098013e+03 1.095453e+03 1.095626e+03
1.7 1.102160e+03 1.096957e+03 1.096609e+03 1.101812e+03
2.7 1.099041e+03 1.097326e+03 1.100465e+03 1.102180e+03
3.7 1.095970e+03 1.098910e+03 1.104443e+03 1.101502e+03
4.7 1.099727e+03 1.099592e+03 1.104479e+03 1.104613e+03
5.7 1.092630e+03 1.098417e+03 1.101408e+03 1.095621e+03
6.7 1.102130e+03 1.094784e+03 1.098231e+03 1.105576e+03
7.7 1.081370e+03 1.090960e+03 1.096137e+03 1.086548e+03
8.7 1.079908e+03 1.088018e+03 1.095031e+03 1.086921e+03
9.7 1.084021e+03 1.087595e+03 1.094585e+03 1.091010e+03
10.7 1.087211e+03 1.094221e+03 1.094537e+03 1.087527e+03
11.7 1.079551e+03 1.097982e+03 1.094694e+03 1.076262e+03
12.7 1.090961e+03 1.095185e+03 1.094911e+03 1.090687e+03
13.7 1.099064e+03 1.091512e+03 1.095107e+03 1.102659e+03
14.7 1.087505e+03 1.091912e+03 1.095248e+03 1.090841e+03
15.7 1.085490e+03 1.092557e+03 1.095337e+03 1.088270e+03
16.7 1.086212e+03 1.091243e+03 1.095386e+03 1.090355e+03
17.7 1.085056e+03 1.090206e+03 1.095412e+03 1.090262e+03
18.7 1.093391e+03 1.095050e+03 1.095424e+03 1.093765e+03
19.7 1.096852e+03 1.103795e+03 1.095429e+03 1.088486e+03
20.7 1.115056e+03 1.107499e+03 1.095431e+03 1.102989e+03
21.7 1.104191e+03 1.107365e+03 1.095432e+03 1.092258e+03
0.9 1.079214e+03 1.087534e+03 1.095496e+03 1.087176e+03
1.9 1.086839e+03 1.088020e+03 1.097097e+03 1.095917e+03
2.9 1.092617e+03 1.091885e+03 1.101032e+03 1.101763e+03
3.9 1.107912e+03 1.097542e+03 1.102957e+03 1.113327e+03
4.9 1.097185e+03 1.103564e+03 1.101272e+03 1.094893e+03
5.9 1.098309e+03 1.103255e+03 1.098585e+03 1.093639e+03
6.9 1.087599e+03 1.099316e+03 1.096579e+03 1.084862e+03
7.9 1.083908e+03 1.097163e+03 1.095432e+03 1.082177e+03
8.9 1.085810e+03 1.095091e+03 1.094894e+03 1.085613e+03
9.9 1.092059e+03 1.091432e+03 1.094739e+03 1.095366e+03
10.9 1.106144e+03 1.088328e+03 1.094804e+03 1.112620e+03
11.9 1.079161e+03 1.089350e+03 1.094960e+03 1.084771e+03
12.9 1.100964e+03 1.091808e+03 1.095123e+03 1.104279e+03
13.9 1.112105e+03 1.092840e+03 1.095250e+03 1.114516e+03
14.9 1.090404e+03 1.092964e+03 1.095335e+03 1.092775e+03
15.9 1.100681e+03 1.094270e+03 1.095384e+03 1.101795e+03
16.9 1.088640e+03 1.094871e+03 1.095410e+03 1.089179e+03
17.9 1.095620e+03 1.093740e+03 1.095423e+03 1.097304e+03
18.9 1.104249e+03 1.095521e+03 1.095429e+03 1.104157e+03
19.9 1.106873e+03 1.098522e+03 1.095431e+03 1.103782e+03
20.9 1.107596e+03 1.099279e+03 1.095432e+03 1.103749e+03
21.9 1.103983e+03 1.096413e+03 1.095433e+03 1.103003e+03
1.0 1.104753e+03 1.099297e+03 1.095564e+03 1.101020e+03
2.0 1.094772e+03 1.094766e+03 1.097572e+03 1.097578e+03
3.0 1.076993e+03 1.095044e+03 1.101921e+03 1.083870e+03
4.0 1.086648e+03 1.096502e+03 1.104884e+03 1.095030e+03
5.0 1.094721e+03 1.097521e+03 1.103554e+03 1.100754e+03
6.0 1.100051e+03 1.098560e+03 1.100211e+03 1.101702e+03
7.0 1.114987e+03 1.100150e+03 1.097384e+03 1.112220e+03
8.0 1.097913e+03 1.100614e+03 1.095674e+03 1.092973e+03
9.0 1.105391e+03 1.097955e+03 1.094831e+03 1.102267e+03
10.0 1.090700e+03 1.093905e+03 1.094545e+03 1.091339e+03
11.0 1.093646e+03 1.095406e+03 1.094584e+03 1.092824e+03
12.0 1.081574e+03 1.102740e+03 1.094772e+03 1.073605e+03
13.0 1.104901e+03 1.106483e+03 1.094986e+03 1.093404e+03
14.0 1.118389e+03 1.104021e+03 1.095163e+03 1.109531e+03
15.0 1.083929e+03 1.097847e+03 1.095285e+03 1.081366e+03
16.0 1.105043e+03 1.091834e+03 1.095358e+03 1.108567e+03
17.0 1.086513e+03 1.091097e+03 1.095397e+03 1.090813e+03
18.0 1.089700e+03 1.096542e+03 1.095417e+03 1.088576e+03
19.0 1.086977e+03 1.097372e+03 1.095426e+03 1.085031e+03
20.0 1.064403e+03 1.093891e+03 1.095430e+03 1.065942e+03
21.0 1.096431e+03 1.090169e+03 1.095432e+03 1.101694e+03
22.0 1.092374e+03 1.092195e+03 1.095432e+03 1.095611e+03
0.1 1.110010e+03 1.101253e+03 1.095433e+03 1.104190e+03
1.1 1.088215e+03 1.100415e+03 1.095602e+03 1.083402e+03
2.1 1.080738e+03 1.098383e+03 1.097777e+03 1.080132e+03
3.1 1.075168e+03 1.098616e+03 1.102177e+03 1.078729e+03
4.1 1.087439e+03 1.099157e+03 1.104921e+03 1.093203e+03
5.1 1.085640e+03 1.099489e+03 1.103384e+03 1.089535e+03
6.1 1.102377e+03 1.102016e+03 1.100022e+03 1.100383e+03
7.1 1.099320e+03 1.106209e+03 1.097257e+03 1.090368e+03
8.1 1.114415e+03 1.109860e+03 1.095606e+03 1.100161e+03
9.1 1.112569e+03 1.106826e+03 1.094802e+03 1.100545e+03
10.1 1.098828e+03 1.103132e+03 1.094540e+03 1.090236e+03
11.1 1.088797e+03 1.104502e+03 1.094592e+03 1.078887e+03
12.1 1.103071e+03 1.108102e+03 1.094784e+03 1.089753e+03
13.1 1.112540e+03 1.106153e+03 1.094998e+03 1.101385e+03
14.1 1.108522e+03 1.100009e+03 1.095172e+03 1.103685e+03
15.1 1.098326e+03 1.094861e+03 1.095290e+03 1.098754e+03
16.1 1.080161e+03 1.092752e+03 1.095361e+03 1.082770e+03
17.1 1.087469e+03 1.094010e+03 1.095399e+03 1.088858e+03
18.1 1.104449e+03 1.097792e+03 1.095418e+03 1.102075e+03
19.1 1.084003e+03 1.102287e+03 1.095426e+03 1.077143e+03
20.1 1.093901e+03 1.103793e+03 1.095430e+03 1.085537e+03
21.1 1.118242e+03 1.101962e+03 1.095432e+03 1.111712e+03
1.0 1.098183e+03 1.097230e+03 1.095547e+03 1.096501e+03
2.0 1.090660e+03 1.094171e+03 1.097472e+03 1.093961e+03
3.0 1.095602e+03 1.094906e+03 1.101482e+03 1.102177e+03
4.0 1.103658e+03 1.096459e+03 1.103028e+03 1.110227e+03
5.0 1.109749e+03 1.096815e+03 1.101096e+03 1.114029e+03
6.0 1.096733e+03 1.094575e+03 1.098636e+03 1.100794e+03
7.0 1.092963e+03 1.093794e+03 1.099116e+03 1.098285e+03
8.0 1.102755e+03 1.095566e+03 1.101917e+03 1.109105e+03
9.0 1.087522e+03 1.097378e+03 1.102174e+03 1.092318e+03
10.0 1.093151e+03 1.097150e+03 1.099789e+03 1.095791e+03
11.0 1.091246e+03 1.094171e+03 1.097291e+03 1.094366e+03
12.0 1.081507e+03 1.090918e+03 1.095710e+03 1.086300e+03
13.0 1.081730e+03 1.088795e+03 1.094935e+03 1.087871e+03
14.0 1.094161e+03 1.088648e+03 1.095545e+03 1.101058e+03
15.0 1.091032e+03 1.091567e+03 1.098531e+03 1.097996e+03
16.0 1.111646e+03 1.098209e+03 1.100009e+03 1.113446e+03
17.0 1.102360e+03 1.102992e+03 1.098910e+03 1.098278e+03
18.0 1.102216e+03 1.100596e+03 1.097214e+03 1.098835e+03
19.0 1.095277e+03 1.096384e+03 1.095998e+03 1.094891e+03
20.0 1.108094e+03 1.097322e+03 1.095323e+03 1.106096e+03
21.0 1.110976e+03 1.100989e+03 1.095017e+03 1.105003e+03
22.0 1.103924e+03 1.099078e+03 1.094942e+03 1.099789e+03
0.2 1.109749e+03 1.096815e+03 1.101096e+03 1.114029e+03
1.2 1.096733e+03 1.094575e+03 1.098636e+03 1.100794e+03
2.2 1.092963e+03 1.093794e+03 1.099116e+03 1.098285e+03
3.2 1.102755e+03 1.095566e+03 1.101917e+03 1.109105e+03
4.2 1.087522e+03 1.097378e+03 1.102174e+03 1.092318e+03
5.2 1.093151e+03 1.097150e+03 1.099789e+03 1.095791e+03
6.2 1.091246e+03 1.094171e+03 1.097291e+03 1.094366e+03
7.2 1.081507e+03 1.090918e+03 1.095710e+03 1.086300e+03
8.2 1.081730e+03 1.088795e+03 1.094935e+03 1.087871e+03
9.2 1.094161e+03 1.088648e+03 1.095545e+03 1.101058e+03
10.2 1.091032e+03 1.091567e+03 1.098531e+03 1.097996e+03
11.2 1.111646e+03 1.098209e+03 1.100009e+03 1.113446e+03
12.2 1.102360e+03 1.102992e+03 1.098910e+03 1.098278e+03
13.2 1.102216e+03 1.100596e+03 1.097214e+03 1.098835e+03
14.2 1.095277e+03 1.096384e+03 1.095998e+03 1.094891e+03
15.2 1.108094e+03 1.097322e+03 1.095323e+03 1.106096e+03
16.2 1.110976e+03 1.100989e+03 1.095017e+03 1.105003e+03
17.2 1.103924e+03 1.099078e+03 1.094942e+03 1.099789e+03
18.2 1.101825e+03 1.095159e+03 1.095002e+03 1.101667e+03
19.2 1.095556e+03 1.092789e+03 1.095115e+03 1.097881e+03
20.2 1.088128e+03 1.092331e+03 1.095227e+03 1.091024e+03
21.2 1.084099e+03 1.094688e+03 1.095313e+03 1.084724e+03
0.6 1.081730e+03 1.088795e+03 1.094935e+03 1.087871e+03
1.6 1.094161e+03 1.088648e+03 1.095545e+03 1.101058e+03
2.6 1.091032e+03 1.091567e+03 1.098531e+03 1.097996e+03
3.6 1.111646e+03 1.098209e+03 1.100009e+03 1.113446e+03
4.6 1.102360e+03 1.102992e+03 1.098910e+03 1.098278e+03
5.6 1.102216e+03 1.100596e+03 1.097214e+03 1.098835e+03
6.6 1.095277e+03 1.096384e+03 1.095998e+03 1.094891e+03
7.6 1.108094e+03 1.097322e+03 1.095323e+03 1.106096e+03
8.6 1.110976e+03 1.100989e+03 1.095017e+03 1.105003e+03
9.6 1.103924e+03 1.099078e+03 1.094942e+03 1.099789e+03
10.6 1.101825e+03 1.095159e+03 1.095002e+03 1.101667e+03
11.6 1.095556e+03 1.092789e+03 1.095115e+03 1.097881e+03
12.6 1.088128e+03 1.092331e+03 1.095227e+03 1.091024e+03
13.6 1.084099e+03 1.094688e+03 1.095313e+03 1.084724e+03
14.6 1.100996e+03 1.100932e+03 1.095369e+03 1.095432e+03
15.6 1.098038e+03 1.107628e+03 1.095401e+03 1.085811e+03
16.6 1.106415e+03 1.108680e+03 1.095418e+03 1.093153e+03
17.6 1.074598e+03 1.106269e+03 1.095426e+03 1.063755e+03
18.6 1.104015e+03 1.104192e+03 1.095430e+03 1.095253e+03
19.6 1.101397e+03 1.102097e+03 1.095432e+03 1.094731e+03
20.6 1.093371e+03 1.098028e+03 1.095432e+03 1.090775e+03
21.6 1.096431e+03 1.092909e+03 1.095433e+03 1.098955e+03
0.7 1.093845e+03 1.102800e+03 1.095449e+03 1.086494e+03
1.7 1.099826e+03 1.102161e+03 1.096537e+03 1.094202e+03
2.7 1.110284e+03 1.101146e+03 1.100233e+03 1.109371e+03
3.7 1.103323e+03 1.100147e+03 1.102911e+03 1.106087e+03
4.7 1.106878e+03 1.099057e+03 1.101779e+03 1.109599e+03
5.7 1.095957e+03 1.095885e+03 1.099093e+03 1.099165e+03
6.7 1.079247e+03 1.091856e+03 1.096905e+03 1.084296e+03
7.7 1.071837e+03 1.089185e+03 1.095605e+03 1.078257e+03
8.7 1.086566e+03 1.088828e+03 1.094965e+03 1.092703e+03
9.7 1.096526e+03 1.089937e+03 1.094748e+03 1.101337e+03
10.7 1.092791e+03 1.092672e+03 1.094780e+03 1.094898e+03
11.7 1.087548e+03 1.093597e+03 1.094926e+03 1.088878e+03
12.7 1.082493e+03 1.092053e+03 1.095092e+03 1.085533e+03
13.7 1.089861e+03 1.090144e+03 1.095228e+03 1.094946e+03
14.7 1.094217e+03 1.088869e+03 1.095321e+03 1.100669e+03
15.7 1.085143e+03 1.088213e+03 1.095376e+03 1.092306e+03
16.7 1.096141e+03 1.087823e+03 1.095406e+03 1.103725e+03
17.7 1.096417e+03 1.087415e+03 1.095421e+03 1.104422e+03
18.7 1.085941e+03 1.089401e+03 1.095428e+03 1.091968e+03
19.7 1.095832e+03 1.092248e+03 1.095432e+03 1.099016e+03
20.7 1.125773e+03 1.092963e+03 1.096052e+03 1.128862e+03
21.7 1.100500e+03 1.094776e+03 1.099267e+03 1.104990e+03
0.5 1.095832e+03 1.092248e+03 1.095432e+03 1.099016e+03
1.5 1.125773e+03 1.092963e+03 1.096052e+03 1.128862e+03
2.5 1.100500e+03 1.094776e+03 1.099267e+03 1.104990e+03
3.5 1.100009e+03 1.097777e+03 1.102646e+03 1.104878e+03
4.5 1.108282e+03 1.103221e+03 1.102285e+03 1.107346e+03
5.5 1.103595e+03 1.104417e+03 1.099705e+03 1.098882e+03
6.5 1.098840e+03 1.099493e+03 1.097324e+03 1.096671e+03
7.5 1.098881e+03 1.093740e+03 1.095834e+03 1.100974e+03
8.5 1.087526e+03 1.089866e+03 1.095066e+03 1.092727e+03
9.5 1.079973e+03 1.087847e+03 1.094773e+03 1.086899e+03
10.5 1.112568e+03 1.087762e+03 1.095483e+03 1.120290e+03
11.5 1.108314e+03 1.090648e+03 1.098521e+03 1.116188e+03
12.5 1.113865e+03 1.094467e+03 1.100280e+03 1.119678e+03
13.5 1.132668e+03 1.096321e+03 1.099284e+03 1.135631e+03
14.5 1.095506e+03 1.094595e+03 1.097508e+03 1.098420e+03
15.5 1.096178e+03 1.091738e+03 1.096179e+03 1.100619e+03
16.5 1.087806e+03 1.089268e+03 1.095420e+03 1.093958e+03
17.5 1.106040e+03 1.089087e+03 1.095060e+03 1.112013e+03
18.5 1.104659e+03 1.095570e+03 1.094956e+03 1.104045e+03
19.5 1.115467e+03 1.099004e+03 1.095000e+03 1.111462e+03
20.5 1.103562e+03 1.098887e+03 1.095107e+03 1.099781e+03
21.5 1.125231e+03 1.101420e+03 1.095219e+03 1.119030e+03
0.5 1.079973e+03 1.087847e+03 1.094773e+03 1.086899e+03
1.5 1.112568e+03 1.087762e+03 1.095483e+03 1.120290e+03
2.5 1.108314e+03 1.090648e+03 1.098521e+03 1.116188e+03
3.5 1.113865e+03 1.094467e+03 1.100280e+03 1.119678e+03
4.5 1.132668e+03 1.096321e+03 1.099284e+03 1.135631e+03
5.5 1.095506e+03 1.094595e+03 1.097508e+03 1.098420e+03
6.5 1.096178e+03 1.091738e+03 1.096179e+03 1.100619e+03
7.5 1.087806e+03 1.089268e+03 1.095420e+03 1.093958e+03
8.5 1.106040e+03 1.089087e+03 1.095060e+03 1.112013e+03
9.5 1.104659e+03 1.095570e+03 1.094956e+03 1.104045e+03
10.5 1.115467e+03 1.099004e+03 1.095000e+03 1.111462e+03
11.5 1.103562e+03 1.098887e+03 1.095107e+03 1.099781e+03
12.5 1.125231e+03 1.101420e+03 1.095219e+03 1.119030e+03
13.5 1.100858e+03 1.104242e+03 1.095307e+03 1.091923e+03
14.5 1.105769e+03 1.104121e+03 1.095365e+03 1.097012e+03
15.5 1.104576e+03 1.100530e+03 1.095399e+03 1.099444e+03
16.5 1.080459e+03 1.094731e+03 1.095417e+03 1.081145e+03
17.5 1.090128e+03 1.091587e+03 1.095426e+03 1.093967e+03
18.5 1.068996e+03 1.096145e+03 1.095430e+03 1.068281e+03
19.5 1.091566e+03 1.098084e+03 1.095432e+03 1.088914e+03
20.5 1.079815e+03 1.095009e+03 1.095432e+03 1.080238e+03
21.5 1.092637e+03 1.091285e+03 1.095433e+03 1.096785e+03
