0.3 7.187211e+03 7.162693e+03 7.166181e+03 7.190699e+03
1.3 7.203391e+03 7.165229e+03 7.167122e+03 7.205285e+03
2.3 7.212147e+03 7.173844e+03 7.174252e+03 7.212554e+03
3.3 7.215979e+03 7.186289e+03 7.185775e+03 7.215464e+03
4.3 7.211820e+03 7.191485e+03 7.190689e+03 7.211024e+03
5.3 7.174669e+03 7.185513e+03 7.185073e+03 7.174230e+03
6.3 7.204840e+03 7.176631e+03 7.176379e+03 7.204588e+03
7.3 7.154621e+03 7.170179e+03 7.169820e+03 7.154262e+03
8.3 7.181364e+03 7.166565e+03 7.166065e+03 7.180864e+03
9.3 7.145903e+03 7.164901e+03 7.164327e+03 7.145329e+03
10.3 7.195044e+03 7.164487e+03 7.163889e+03 7.194445e+03
11.3 7.165197e+03 7.167361e+03 7.166764e+03 7.164600e+03
12.3 7.212287e+03 7.177286e+03 7.176705e+03 7.211706e+03
13.3 7.257260e+03 7.184711e+03 7.184415e+03 7.256964e+03
14.3 7.243362e+03 7.181459e+03 7.182152e+03 7.244055e+03
15.3 7.242528e+03 7.176466e+03 7.177519e+03 7.243581e+03
16.3 7.206891e+03 7.178895e+03 7.179549e+03 7.207546e+03
17.3 7.200693e+03 7.179336e+03 7.180101e+03 7.201458e+03
18.3 7.186241e+03 7.174157e+03 7.175373e+03 7.187456e+03
19.3 7.203418e+03 7.168751e+03 7.169969e+03 7.204637e+03
20.3 7.186204e+03 7.164150e+03 7.166502e+03 7.188556e+03
21.3 7.165212e+03 7.160468e+03 7.164868e+03 7.169612e+03
0.7 7.195044e+03 7.164487e+03 7.163889e+03 7.194445e+03
1.7 7.165197e+03 7.167361e+03 7.166764e+03 7.164600e+03
2.7 7.212287e+03 7.177286e+03 7.176705e+03 7.211706e+03
3.7 7.257260e+03 7.184711e+03 7.184415e+03 7.256964e+03
4.7 7.243362e+03 7.181459e+03 7.182152e+03 7.244055e+03
5.7 7.242528e+03 7.176466e+03 7.177519e+03 7.243581e+03
6.7 7.206891e+03 7.178895e+03 7.179549e+03 7.207546e+03
7.7 7.200693e+03 7.179336e+03 7.180101e+03 7.201458e+03
8.7 7.186241e+03 7.174157e+03 7.175373e+03 7.187456e+03
9.7 7.203418e+03 7.168751e+03 7.169969e+03 7.204637e+03
10.7 7.186204e+03 7.164150e+03 7.166502e+03 7.188556e+03
11.7 7.165212e+03 7.160468e+03 7.164868e+03 7.169612e+03
12.7 7.202344e+03 7.159227e+03 7.164349e+03 7.207466e+03
13.7 7.182725e+03 7.161712e+03 7.164427e+03 7.185441e+03
14.7 7.197859e+03 7.171725e+03 7.164782e+03 7.190916e+03
15.7 7.204219e+03 7.184903e+03 7.165202e+03 7.184518e+03
16.7 7.214617e+03 7.189377e+03 7.165568e+03 7.190807e+03
17.7 7.203143e+03 7.182910e+03 7.165831e+03 7.186064e+03
18.7 7.225147e+03 7.174637e+03 7.165997e+03 7.216507e+03
19.7 7.182083e+03 7.168356e+03 7.166091e+03 7.179819e+03
20.7 7.194405e+03 7.158409e+03 7.166140e+03 7.202136e+03
21.7 7.117036e+03 7.144687e+03 7.166163e+03 7.138512e+03
0.5 7.243362e+03 7.181459e+03 7.182152e+03 7.244055e+03
1.5 7.242528e+03 7.176466e+03 7.177519e+03 7.243581e+03
2.5 7.206891e+03 7.178895e+03 7.179549e+03 7.207546e+03
3.5 7.200693e+03 7.179336e+03 7.180101e+03 7.201458e+03
4.5 7.186241e+03 7.174157e+03 7.175373e+03 7.187456e+03
5.5 7.203418e+03 7.168751e+03 7.169969e+03 7.204637e+03
6.5 7.186204e+03 7.164150e+03 7.166502e+03 7.188556e+03
7.5 7.165212e+03 7.160468e+03 7.164868e+03 7.169612e+03
8.5 7.202344e+03 7.159227e+03 7.164349e+03 7.207466e+03
9.5 7.182725e+03 7.161712e+03 7.164427e+03 7.185441e+03
10.5 7.197859e+03 7.171725e+03 7.164782e+03 7.190916e+03
11.5 7.204219e+03 7.184903e+03 7.165202e+03 7.184518e+03
12.5 7.214617e+03 7.189377e+03 7.165568e+03 7.190807e+03
13.5 7.203143e+03 7.182910e+03 7.165831e+03 7.186064e+03
14.5 7.225147e+03 7.174637e+03 7.165997e+03 7.216507e+03
15.5 7.182083e+03 7.168356e+03 7.166091e+03 7.179819e+03
16.5 7.194405e+03 7.158409e+03 7.166140e+03 7.202136e+03
17.5 7.117036e+03 7.144687e+03 7.166163e+03 7.138512e+03
18.5 7.125060e+03 7.137950e+03 7.166174e+03 7.153283e+03
19.5 7.159072e+03 7.143116e+03 7.166178e+03 7.182135e+03
20.5 7.144893e+03 7.152861e+03 7.166180e+03 7.158212e+03
21.5 7.123654e+03 7.161717e+03 7.166181e+03 7.128118e+03
0.2 7.141422e+03 7.162088e+03 7.166181e+03 7.145514e+03
1.2 7.164725e+03 7.167685e+03 7.166874e+03 7.163914e+03
2.2 7.164813e+03 7.176405e+03 7.173352e+03 7.161760e+03
3.2 7.146495e+03 7.186920e+03 7.183325e+03 7.142900e+03
4.2 7.166301e+03 7.187599e+03 7.185048e+03 7.163751e+03
5.2 7.161729e+03 7.183361e+03 7.182256e+03 7.160624e+03
6.2 7.160803e+03 7.183919e+03 7.183440e+03 7.160324e+03
7.2 7.150514e+03 7.180933e+03 7.181280e+03 7.150861e+03
8.2 7.126522e+03 7.174088e+03 7.175026e+03 7.127460e+03
9.2 7.109243e+03 7.168653e+03 7.169300e+03 7.109890e+03
10.2 7.101825e+03 7.165848e+03 7.165907e+03 7.101884e+03
11.2 7.124556e+03 7.164843e+03 7.164419e+03 7.124133e+03
12.2 7.148779e+03 7.165844e+03 7.164058e+03 7.146993e+03
13.2 7.156781e+03 7.168928e+03 7.164278e+03 7.152131e+03
14.2 7.152081e+03 7.170523e+03 7.164733e+03 7.146290e+03
15.2 7.170543e+03 7.168971e+03 7.165206e+03 7.166778e+03
16.2 7.149945e+03 7.165527e+03 7.165589e+03 7.150007e+03
17.2 7.163103e+03 7.162458e+03 7.165852e+03 7.166498e+03
18.2 7.192232e+03 7.161290e+03 7.166012e+03 7.196954e+03
19.2 7.181648e+03 7.160941e+03 7.166100e+03 7.186807e+03
20.2 7.152166e+03 7.154760e+03 7.166144e+03 7.163550e+03
21.2 7.127203e+03 7.145935e+03 7.166165e+03 7.147433e+03
0.8 7.166301e+03 7.187599e+03 7.185048e+03 7.163751e+03
1.8 7.161729e+03 7.183361e+03 7.182256e+03 7.160624e+03
2.8 7.160803e+03 7.183919e+03 7.183440e+03 7.160324e+03
3.8 7.150514e+03 7.180933e+03 7.181280e+03 7.150861e+03
4.8 7.126522e+03 7.174088e+03 7.175026e+03 7.127460e+03
5.8 7.109243e+03 7.168653e+03 7.169300e+03 7.109890e+03
6.8 7.101825e+03 7.165848e+03 7.165907e+03 7.101884e+03
7.8 7.124556e+03 7.164843e+03 7.164419e+03 7.124133e+03
8.8 7.148779e+03 7.165844e+03 7.164058e+03 7.146993e+03
9.8 7.156781e+03 7.168928e+03 7.164278e+03 7.152131e+03
10.8 7.152081e+03 7.170523e+03 7.164733e+03 7.146290e+03
11.8 7.170543e+03 7.168971e+03 7.165206e+03 7.166778e+03
12.8 7.149945e+03 7.165527e+03 7.165589e+03 7.150007e+03
13.8 7.163103e+03 7.162458e+03 7.165852e+03 7.166498e+03
14.8 7.192232e+03 7.161290e+03 7.166012e+03 7.196954e+03
15.8 7.181648e+03 7.160941e+03 7.166100e+03 7.186807e+03
16.8 7.152166e+03 7.154760e+03 7.166144e+03 7.163550e+03
17.8 7.127203e+03 7.145935e+03 7.166165e+03 7.147433e+03
18.8 7.133790e+03 7.145576e+03 7.166175e+03 7.154389e+03
19.8 7.161923e+03 7.151375e+03 7.166178e+03 7.176726e+03
20.8 7.115693e+03 7.156371e+03 7.166180e+03 7.125503e+03
21.8 7.152728e+03 7.159333e+03 7.166181e+03 7.159576e+03
0.5 7.162461e+03 7.177540e+03 7.166192e+03 7.151113e+03
1.5 7.146025e+03 7.172606e+03 7.168200e+03 7.141620e+03
2.5 7.167477e+03 7.177685e+03 7.177136e+03 7.166928e+03
3.5 7.157584e+03 7.186893e+03 7.188130e+03 7.158820e+03
4.5 7.163867e+03 7.187739e+03 7.190025e+03 7.166153e+03
5.5 7.167637e+03 7.179822e+03 7.182820e+03 7.170635e+03
6.5 7.146602e+03 7.171975e+03 7.174408e+03 7.149035e+03
7.5 7.142650e+03 7.168664e+03 7.168613e+03 7.142598e+03
8.5 7.115994e+03 7.169514e+03 7.165460e+03 7.111940e+03
9.5 7.124009e+03 7.170716e+03 7.164109e+03 7.117402e+03
10.5 7.136892e+03 7.169141e+03 7.163867e+03 7.131618e+03
11.5 7.157693e+03 7.170903e+03 7.164214e+03 7.151004e+03
12.5 7.147106e+03 7.177062e+03 7.164764e+03 7.134808e+03
13.5 7.154011e+03 7.176903e+03 7.165280e+03 7.142389e+03
14.5 7.129407e+03 7.172334e+03 7.165664e+03 7.122737e+03
15.5 7.154405e+03 7.168972e+03 7.166347e+03 7.151779e+03
16.5 7.163718e+03 7.172553e+03 7.172100e+03 7.163265e+03
17.5 7.147218e+03 7.181864e+03 7.182386e+03 7.147741e+03
18.5 7.175076e+03 7.183853e+03 7.185288e+03 7.176511e+03
19.5 7.092337e+03 7.177670e+03 7.179851e+03 7.094517e+03
20.5 7.163178e+03 7.170234e+03 7.173088e+03 7.166032e+03
21.5 7.176717e+03 7.159286e+03 7.168387e+03 7.185818e+03
0.1 7.129407e+03 7.172334e+03 7.165664e+03 7.122737e+03
1.1 7.154405e+03 7.168972e+03 7.166347e+03 7.151779e+03
2.1 7.163718e+03 7.172553e+03 7.172100e+03 7.163265e+03
3.1 7.147218e+03 7.181864e+03 7.182386e+03 7.147741e+03
4.1 7.175076e+03 7.183853e+03 7.185288e+03 7.176511e+03
5.1 7.092337e+03 7.177670e+03 7.179851e+03 7.094517e+03
6.1 7.163178e+03 7.170234e+03 7.173088e+03 7.166032e+03
7.1 7.176717e+03 7.159286e+03 7.168387e+03 7.185818e+03
8.1 7.160185e+03 7.150989e+03 7.165798e+03 7.174994e+03
9.1 7.139966e+03 7.151674e+03 7.164645e+03 7.152936e+03
10.1 7.125690e+03 7.156819e+03 7.164390e+03 7.133261e+03
11.1 7.137870e+03 7.159984e+03 7.164627e+03 7.142513e+03
12.1 7.136704e+03 7.155327e+03 7.165049e+03 7.146426e+03
13.1 7.171092e+03 7.151961e+03 7.165456e+03 7.184586e+03
14.1 7.147915e+03 7.155228e+03 7.165762e+03 7.158450e+03
15.1 7.167740e+03 7.160660e+03 7.165960e+03 7.173040e+03
16.1 7.158603e+03 7.164744e+03 7.166073e+03 7.159931e+03
17.1 7.171647e+03 7.167007e+03 7.166131e+03 7.170771e+03
18.1 7.195968e+03 7.168008e+03 7.166159e+03 7.194119e+03
19.1 7.184381e+03 7.169003e+03 7.166172e+03 7.181550e+03
20.1 7.204750e+03 7.175365e+03 7.166177e+03 7.195562e+03
21.1 7.272025e+03 7.184621e+03 7.166180e+03 7.253583e+03
0.1 7.176691e+03 7.172315e+03 7.166181e+03 7.170557e+03
1.1 7.159123e+03 7.170012e+03 7.166619e+03 7.155730e+03
2.1 7.177454e+03 7.172513e+03 7.172011e+03 7.176952e+03
3.1 7.164678e+03 7.178038e+03 7.178920e+03 7.165560e+03
4.1 7.160830e+03 7.177000e+03 7.178542e+03 7.162371e+03
5.1 7.152118e+03 7.172589e+03 7.174112e+03 7.153641e+03
6.1 7.158866e+03 7.173268e+03 7.174283e+03 7.159881e+03
7.1 7.163335e+03 7.178560e+03 7.179084e+03 7.163859e+03
8.1 7.186548e+03 7.177846e+03 7.178391e+03 7.187093e+03
9.1 7.214813e+03 7.172526e+03 7.173445e+03 7.215733e+03
10.1 7.188884e+03 7.166390e+03 7.168934e+03 7.191428e+03
11.1 7.166776e+03 7.161564e+03 7.166272e+03 7.171484e+03
12.1 7.115836e+03 7.159530e+03 7.165038e+03 7.121344e+03
13.1 7.177060e+03 7.161588e+03 7.164654e+03 7.180127e+03
14.1 7.183960e+03 7.171924e+03 7.164746e+03 7.176781e+03
15.1 7.174146e+03 7.185042e+03 7.165058e+03 7.154162e+03
16.1 7.185768e+03 7.188683e+03 7.165414e+03 7.162498e+03
17.1 7.187055e+03 7.181935e+03 7.165711e+03 7.170831e+03
18.1 7.191719e+03 7.174052e+03 7.165919e+03 7.183586e+03
19.1 7.187918e+03 7.170218e+03 7.166047e+03 7.183746e+03
20.1 7.175498e+03 7.170304e+03 7.166117e+03 7.171311e+03
21.1 7.208062e+03 7.169688e+03 7.166152e+03 7.204526e+03
1.0 7.152118e+03 7.172589e+03 7.174112e+03 7.153641e+03
2.0 7.158866e+03 7.173268e+03 7.174283e+03 7.159881e+03
3.0 7.163335e+03 7.178560e+03 7.179084e+03 7.163859e+03
4.0 7.186548e+03 7.177846e+03 7.178391e+03 7.187093e+03
5.0 7.214813e+03 7.172526e+03 7.173445e+03 7.215733e+03
6.0 7.188884e+03 7.166390e+03 7.168934e+03 7.191428e+03
7.0 7.166776e+03 7.161564e+03 7.166272e+03 7.171484e+03
8.0 7.115836e+03 7.159530e+03 7.165038e+03 7.121344e+03
9.0 7.177060e+03 7.161588e+03 7.164654e+03 7.180127e+03
10.0 7.183960e+03 7.171924e+03 7.164746e+03 7.176781e+03
11.0 7.174146e+03 7.185042e+03 7.165058e+03 7.154162e+03
12.0 7.185768e+03 7.188683e+03 7.165414e+03 7.162498e+03
13.0 7.187055e+03 7.181935e+03 7.165711e+03 7.170831e+03
14.0 7.191719e+03 7.174052e+03 7.165919e+03 7.183586e+03
15.0 7.187918e+03 7.170218e+03 7.166047e+03 7.183746e+03
16.0 7.175498e+03 7.170304e+03 7.166117e+03 7.171311e+03
17.0 7.208062e+03 7.169688e+03 7.166152e+03 7.204526e+03
18.0 7.210924e+03 7.167198e+03 7.166169e+03 7.209894e+03
19.0 7.209360e+03 7.165738e+03 7.166176e+03 7.209798e+03
20.0 7.195360e+03 7.167106e+03 7.166179e+03 7.194433e+03
21.0 7.213951e+03 7.170018e+03 7.166180e+03 7.210113e+03
22.0 7.219532e+03 7.170146e+03 7.166181e+03 7.215566e+03
0.4 7.177348e+03 7.160897e+03 7.166181e+03 7.182633e+03
1.4 7.134198e+03 7.162609e+03 7.167317e+03 7.138906e+03
2.4 7.153487e+03 7.171887e+03 7.174842e+03 7.156441e+03
3.4 7.154239e+03 7.183067e+03 7.184236e+03 7.155408e+03
4.4 7.179575e+03 7.183855e+03 7.184422e+03 7.180141e+03
5.4 7.156255e+03 7.181452e+03 7.178022e+03 7.152825e+03
6.4 7.206820e+03 7.182892e+03 7.171652e+03 7.195580e+03
7.4 7.156806e+03 7.179557e+03 7.167547e+03 7.144797e+03
8.4 7.162472e+03 7.173011e+03 7.165389e+03 7.154850e+03
9.4 7.125159e+03 7.168137e+03 7.164511e+03 7.121534e+03
10.4 7.130479e+03 7.165754e+03 7.164418e+03 7.129143e+03
11.4 7.133761e+03 7.167796e+03 7.164728e+03 7.130694e+03
12.4 7.164078e+03 7.177464e+03 7.165160e+03 7.151774e+03
13.4 7.163385e+03 7.187678e+03 7.165545e+03 7.141252e+03
14.4 7.174398e+03 7.187346e+03 7.165823e+03 7.152875e+03
15.4 7.162746e+03 7.179964e+03 7.165996e+03 7.148778e+03
16.4 7.159991e+03 7.175094e+03 7.166092e+03 7.150988e+03
17.4 7.207938e+03 7.172288e+03 7.166141e+03 7.201790e+03
18.4 7.186997e+03 7.168393e+03 7.166164e+03 7.184768e+03
19.4 7.187611e+03 7.165443e+03 7.166174e+03 7.188341e+03
20.4 7.180600e+03 7.164418e+03 7.166178e+03 7.182360e+03
21.4 7.166305e+03 7.164101e+03 7.166180e+03 7.168385e+03
