0.6 9.675385e+03 9.696300e+03 9.710994e+03 9.690079e+03
1.6 9.703990e+03 9.692849e+03 9.714818e+03 9.725960e+03
2.6 9.717181e+03 9.704254e+03 9.729468e+03 9.742396e+03
3.6 9.731379e+03 9.720073e+03 9.745903e+03 9.757208e+03
4.6 9.741898e+03 9.728248e+03 9.747272e+03 9.760922e+03
5.6 9.733160e+03 9.726460e+03 9.735511e+03 9.742210e+03
6.6 9.722470e+03 9.715031e+03 9.723496e+03 9.730935e+03
7.6 9.719330e+03 9.710573e+03 9.723941e+03 9.732697e+03
8.6 9.720757e+03 9.717385e+03 9.735093e+03 9.738465e+03
9.6 9.740983e+03 9.723460e+03 9.737154e+03 9.754677e+03
10.6 9.734657e+03 9.721695e+03 9.728246e+03 9.741208e+03
11.6 9.699586e+03 9.712441e+03 9.718412e+03 9.705556e+03
12.6 9.718620e+03 9.716206e+03 9.712096e+03 9.714509e+03
13.6 9.731658e+03 9.733969e+03 9.708950e+03 9.706639e+03
14.6 9.776332e+03 9.743299e+03 9.707790e+03 9.740823e+03
15.6 9.805811e+03 9.736662e+03 9.707787e+03 9.776936e+03
16.6 9.761507e+03 9.719558e+03 9.708373e+03 9.750322e+03
17.6 9.752476e+03 9.702403e+03 9.709133e+03 9.759205e+03
18.6 9.756017e+03 9.690990e+03 9.709809e+03 9.774836e+03
19.6 9.717202e+03 9.685250e+03 9.710301e+03 9.742253e+03
20.6 9.684390e+03 9.683407e+03 9.710612e+03 9.711594e+03
21.6 9.671800e+03 9.689543e+03 9.710787e+03 9.693044e+03
0.1 9.733160e+03 9.726460e+03 9.735511e+03 9.742210e+03
1.1 9.722470e+03 9.715031e+03 9.723496e+03 9.730935e+03
2.1 9.719330e+03 9.710573e+03 9.723941e+03 9.732697e+03
3.1 9.720757e+03 9.717385e+03 9.735093e+03 9.738465e+03
4.1 9.740983e+03 9.723460e+03 9.737154e+03 9.754677e+03
5.1 9.734657e+03 9.721695e+03 9.728246e+03 9.741208e+03
6.1 9.699586e+03 9.712441e+03 9.718412e+03 9.705556e+03
7.1 9.718620e+03 9.716206e+03 9.712096e+03 9.714509e+03
8.1 9.731658e+03 9.733969e+03 9.708950e+03 9.706639e+03
9.1 9.776332e+03 9.743299e+03 9.707790e+03 9.740823e+03
10.1 9.805811e+03 9.736662e+03 9.707787e+03 9.776936e+03
11.1 9.761507e+03 9.719558e+03 9.708373e+03 9.750322e+03
12.1 9.752476e+03 9.702403e+03 9.709133e+03 9.759205e+03
13.1 9.756017e+03 9.690990e+03 9.709809e+03 9.774836e+03
14.1 9.717202e+03 9.685250e+03 9.710301e+03 9.742253e+03
15.1 9.684390e+03 9.683407e+03 9.710612e+03 9.711594e+03
16.1 9.671800e+03 9.689543e+03 9.710787e+03 9.693044e+03
17.1 9.690535e+03 9.711786e+03 9.710878e+03 9.689627e+03
18.1 9.719762e+03 9.731957e+03 9.710920e+03 9.698726e+03
19.1 9.768912e+03 9.737254e+03 9.710939e+03 9.742598e+03
20.1 9.758289e+03 9.730723e+03 9.710948e+03 9.738514e+03
21.1 9.736484e+03 9.731163e+03 9.710951e+03 9.716272e+03
0.4 9.735696e+03 9.727726e+03 9.710956e+03 9.718926e+03
1.4 9.719676e+03 9.714651e+03 9.713051e+03 9.718076e+03
2.4 9.708650e+03 9.712434e+03 9.725373e+03 9.721589e+03
3.4 9.708256e+03 9.721118e+03 9.743005e+03 9.730143e+03
4.4 9.727364e+03 9.725564e+03 9.748554e+03 9.750354e+03
5.4 9.745027e+03 9.723988e+03 9.738656e+03 9.759695e+03
6.4 9.734151e+03 9.726067e+03 9.725342e+03 9.733426e+03
7.4 9.735460e+03 9.733451e+03 9.715718e+03 9.717727e+03
8.4 9.749181e+03 9.735672e+03 9.710334e+03 9.723842e+03
9.4 9.753749e+03 9.730715e+03 9.707919e+03 9.730954e+03
10.4 9.748397e+03 9.716526e+03 9.707354e+03 9.739226e+03
11.4 9.722127e+03 9.702072e+03 9.707803e+03 9.727858e+03
12.4 9.728958e+03 9.701753e+03 9.708637e+03 9.735841e+03
13.4 9.735287e+03 9.714724e+03 9.709457e+03 9.730020e+03
14.4 9.750924e+03 9.724145e+03 9.710082e+03 9.736862e+03
15.4 9.779476e+03 9.723749e+03 9.710489e+03 9.766216e+03
16.4 9.756224e+03 9.713958e+03 9.710724e+03 9.752990e+03
17.4 9.702601e+03 9.704595e+03 9.710847e+03 9.708853e+03
18.4 9.695476e+03 9.705911e+03 9.710907e+03 9.700471e+03
19.4 9.706790e+03 9.712074e+03 9.710934e+03 9.705650e+03
20.4 9.751707e+03 9.717096e+03 9.710945e+03 9.745556e+03
21.4 9.777760e+03 9.717170e+03 9.710950e+03 9.771539e+03
0.4 9.739990e+03 9.708098e+03 9.710957e+03 9.742849e+03
1.4 9.742966e+03 9.714149e+03 9.713236e+03 9.742053e+03
2.4 9.729005e+03 9.721560e+03 9.725787e+03 9.733232e+03
3.4 9.718297e+03 9.728385e+03 9.739569e+03 9.729481e+03
4.4 9.734142e+03 9.730313e+03 9.738552e+03 9.742382e+03
5.4 9.733130e+03 9.724062e+03 9.728332e+03 9.737400e+03
6.4 9.726814e+03 9.721167e+03 9.718730e+03 9.724377e+03
7.4 9.732411e+03 9.724733e+03 9.712679e+03 9.720356e+03
8.4 9.756292e+03 9.727041e+03 9.709760e+03 9.739011e+03
9.4 9.777246e+03 9.726992e+03 9.714620e+03 9.764874e+03
10.4 9.750728e+03 9.730077e+03 9.731015e+03 9.751666e+03
11.4 9.716714e+03 9.732984e+03 9.745694e+03 9.729423e+03
12.4 9.740982e+03 9.731601e+03 9.743743e+03 9.753123e+03
13.4 9.736600e+03 9.722842e+03 9.731415e+03 9.745172e+03
14.4 9.724664e+03 9.709963e+03 9.719837e+03 9.734538e+03
15.4 9.722513e+03 9.709192e+03 9.712533e+03 9.725854e+03
16.4 9.737847e+03 9.715872e+03 9.708809e+03 9.730783e+03
17.4 9.744050e+03 9.718733e+03 9.707429e+03 9.732746e+03
18.4 9.707763e+03 9.711817e+03 9.708644e+03 9.704590e+03
19.4 9.698791e+03 9.710781e+03 9.719702e+03 9.707711e+03
20.4 9.718472e+03 9.718473e+03 9.735861e+03 9.735860e+03
21.4 9.750628e+03 9.724273e+03 9.738707e+03 9.765062e+03
0.9 9.756292e+03 9.727041e+03 9.709760e+03 9.739011e+03
1.9 9.777246e+03 9.726992e+03 9.714620e+03 9.764874e+03
2.9 9.750728e+03 9.730077e+03 9.731015e+03 9.751666e+03
3.9 9.716714e+03 9.732984e+03 9.745694e+03 9.729423e+03
4.9 9.740982e+03 9.731601e+03 9.743743e+03 9.753123e+03
5.9 9.736600e+03 9.722842e+03 9.731415e+03 9.745172e+03
6.9 9.724664e+03 9.709963e+03 9.719837e+03 9.734538e+03
7.9 9.722513e+03 9.709192e+03 9.712533e+03 9.725854e+03
8.9 9.737847e+03 9.715872e+03 9.708809e+03 9.730783e+03
9.9 9.744050e+03 9.718733e+03 9.707429e+03 9.732746e+03
10.9 9.707763e+03 9.711817e+03 9.708644e+03 9.704590e+03
11.9 9.698791e+03 9.710781e+03 9.719702e+03 9.707711e+03
12.9 9.718472e+03 9.718473e+03 9.735861e+03 9.735860e+03
13.9 9.750628e+03 9.724273e+03 9.738707e+03 9.765062e+03
14.9 9.729464e+03 9.721133e+03 9.729882e+03 9.738213e+03
15.9 9.696792e+03 9.709053e+03 9.720039e+03 9.707778e+03
16.9 9.681946e+03 9.697767e+03 9.713458e+03 9.697637e+03
17.9 9.696373e+03 9.699487e+03 9.709919e+03 9.706805e+03
18.9 9.707153e+03 9.715297e+03 9.708420e+03 9.700277e+03
19.9 9.710726e+03 9.728615e+03 9.708188e+03 9.690299e+03
20.9 9.736338e+03 9.732276e+03 9.708630e+03 9.712691e+03
21.9 9.728283e+03 9.723933e+03 9.709296e+03 9.713647e+03
0.2 9.744050e+03 9.718733e+03 9.707429e+03 9.732746e+03
1.2 9.707763e+03 9.711817e+03 9.708644e+03 9.704590e+03
2.2 9.698791e+03 9.710781e+03 9.719702e+03 9.707711e+03
3.2 9.718472e+03 9.718473e+03 9.735861e+03 9.735860e+03
4.2 9.750628e+03 9.724273e+03 9.738707e+03 9.765062e+03
5.2 9.729464e+03 9.721133e+03 9.729882e+03 9.738213e+03
6.2 9.696792e+03 9.709053e+03 9.720039e+03 9.707778e+03
7.2 9.681946e+03 9.697767e+03 9.713458e+03 9.697637e+03
8.2 9.696373e+03 9.699487e+03 9.709919e+03 9.706805e+03
9.2 9.707153e+03 9.715297e+03 9.708420e+03 9.700277e+03
10.2 9.710726e+03 9.728615e+03 9.708188e+03 9.690299e+03
11.2 9.736338e+03 9.732276e+03 9.708630e+03 9.712691e+03
12.2 9.728283e+03 9.723933e+03 9.709296e+03 9.713647e+03
13.2 9.712606e+03 9.713382e+03 9.709909e+03 9.709134e+03
14.2 9.719418e+03 9.720636e+03 9.710359e+03 9.709141e+03
15.2 9.736013e+03 9.737734e+03 9.710643e+03 9.708922e+03
16.2 9.776019e+03 9.744085e+03 9.710803e+03 9.742737e+03
17.2 9.782613e+03 9.736659e+03 9.710885e+03 9.756839e+03
18.2 9.731940e+03 9.719185e+03 9.710923e+03 9.723678e+03
19.2 9.682662e+03 9.707302e+03 9.710941e+03 9.686300e+03
20.2 9.667491e+03 9.707971e+03 9.710948e+03 9.670468e+03
21.2 9.684676e+03 9.712041e+03 9.710951e+03 9.683587e+03
0.5 9.685901e+03 9.722739e+03 9.710966e+03 9.674128e+03
1.5 9.714115e+03 9.717507e+03 9.713852e+03 9.710459e+03
2.5 9.732313e+03 9.718449e+03 9.727389e+03 9.741253e+03
3.5 9.713989e+03 9.726193e+03 9.744677e+03 9.732473e+03
4.5 9.704827e+03 9.729775e+03 9.748468e+03 9.723520e+03
5.5 9.724564e+03 9.729536e+03 9.737616e+03 9.732644e+03
6.5 9.732205e+03 9.731622e+03 9.724363e+03 9.724946e+03
7.5 9.721761e+03 9.736823e+03 9.715081e+03 9.700019e+03
8.5 9.711186e+03 9.736696e+03 9.709983e+03 9.684473e+03
9.5 9.719968e+03 9.729870e+03 9.707765e+03 9.697863e+03
10.5 9.713677e+03 9.715021e+03 9.707326e+03 9.705982e+03
11.5 9.712044e+03 9.704878e+03 9.707840e+03 9.715006e+03
12.5 9.707063e+03 9.705939e+03 9.708696e+03 9.709820e+03
13.5 9.715312e+03 9.710973e+03 9.709510e+03 9.713850e+03
14.5 9.747431e+03 9.713841e+03 9.710121e+03 9.743712e+03
15.5 9.720965e+03 9.707988e+03 9.710513e+03 9.723490e+03
16.5 9.684369e+03 9.705019e+03 9.710737e+03 9.690087e+03
17.5 9.681527e+03 9.709133e+03 9.710854e+03 9.683248e+03
18.5 9.697423e+03 9.715024e+03 9.710910e+03 9.693310e+03
19.5 9.695296e+03 9.715739e+03 9.710935e+03 9.690492e+03
20.5 9.682863e+03 9.707241e+03 9.710946e+03 9.686568e+03
21.5 9.680633e+03 9.697235e+03 9.710951e+03 9.694348e+03
0.5 9.721035e+03 9.708867e+03 9.710962e+03 9.723131e+03
1.5 9.687961e+03 9.706242e+03 9.713635e+03 9.695354e+03
2.5 9.687196e+03 9.710750e+03 9.725120e+03 9.701566e+03
3.5 9.719936e+03 9.716884e+03 9.731819e+03 9.734871e+03
4.5 9.733896e+03 9.716169e+03 9.727473e+03 9.745199e+03
5.5 9.717876e+03 9.708941e+03 9.721715e+03 9.730650e+03
6.5 9.693039e+03 9.710740e+03 9.727764e+03 9.710063e+03
7.5 9.720498e+03 9.721950e+03 9.742298e+03 9.740845e+03
8.5 9.729670e+03 9.728909e+03 9.747338e+03 9.748099e+03
9.5 9.734261e+03 9.731015e+03 9.737547e+03 9.740793e+03
10.5 9.716146e+03 9.736799e+03 9.724300e+03 9.703647e+03
11.5 9.711542e+03 9.744384e+03 9.714833e+03 9.681990e+03
12.5 9.697738e+03 9.743341e+03 9.709685e+03 9.664082e+03
13.5 9.733301e+03 9.737124e+03 9.707489e+03 9.703665e+03
14.5 9.752248e+03 9.732434e+03 9.707078e+03 9.726892e+03
15.5 9.739527e+03 9.728488e+03 9.707625e+03 9.718664e+03
16.5 9.701160e+03 9.718159e+03 9.708524e+03 9.691524e+03
17.5 9.687393e+03 9.703356e+03 9.709387e+03 9.693424e+03
18.5 9.672098e+03 9.691907e+03 9.710041e+03 9.690232e+03
19.5 9.690886e+03 9.690908e+03 9.710467e+03 9.710445e+03
20.5 9.712863e+03 9.705803e+03 9.710713e+03 9.717772e+03
21.5 9.722614e+03 9.723567e+03 9.710842e+03 9.709889e+03
0.4 9.733896e+03 9.716169e+03 9.727473e+03 9.745199e+03
1.4 9.717876e+03 9.708941e+03 9.721715e+03 9.730650e+03
2.4 9.693039e+03 9.710740e+03 9.727764e+03 9.710063e+03
3.4 9.720498e+03 9.721950e+03 9.742298e+03 9.740845e+03
4.4 9.729670e+03 9.728909e+03 9.747338e+03 9.748099e+03
5.4 9.734261e+03 9.731015e+03 9.737547e+03 9.740793e+03
6.4 9.716146e+03 9.736799e+03 9.724300e+03 9.703647e+03
7.4 9.711542e+03 9.744384e+03 9.714833e+03 9.681990e+03
8.4 9.697738e+03 9.743341e+03 9.709685e+03 9.664082e+03
9.4 9.733301e+03 9.737124e+03 9.707489e+03 9.703665e+03
10.4 9.752248e+03 9.732434e+03 9.707078e+03 9.726892e+03
11.4 9.739527e+03 9.728488e+03 9.707625e+03 9.718664e+03
12.4 9.701160e+03 9.718159e+03 9.708524e+03 9.691524e+03
13.4 9.687393e+03 9.703356e+03 9.709387e+03 9.693424e+03
14.4 9.672098e+03 9.691907e+03 9.710041e+03 9.690232e+03
15.4 9.690886e+03 9.690908e+03 9.710467e+03 9.710445e+03
16.4 9.712863e+03 9.705803e+03 9.710713e+03 9.717772e+03
17.4 9.722614e+03 9.723567e+03 9.710842e+03 9.709889e+03
18.4 9.734982e+03 9.731632e+03 9.710904e+03 9.714255e+03
19.4 9.716709e+03 9.730801e+03 9.710933e+03 9.696840e+03
20.4 9.701717e+03 9.727117e+03 9.710945e+03 9.685544e+03
21.4 9.691372e+03 9.723413e+03 9.710950e+03 9.678909e+03
0.5 9.674706e+03 9.700289e+03 9.710966e+03 9.685382e+03
1.5 9.675695e+03 9.694050e+03 9.713852e+03 9.695497e+03
2.5 9.716487e+03 9.702753e+03 9.727239e+03 9.740973e+03
3.5 9.730838e+03 9.715796e+03 9.740120e+03 9.755162e+03
4.5 9.726768e+03 9.723301e+03 9.737860e+03 9.741327e+03
5.5 9.692853e+03 9.718724e+03 9.727398e+03 9.701528e+03
6.5 9.663371e+03 9.706629e+03 9.718071e+03 9.674813e+03
7.5 9.656688e+03 9.695906e+03 9.712312e+03 9.673094e+03
8.5 9.673390e+03 9.689408e+03 9.709379e+03 9.693361e+03
9.5 9.683702e+03 9.686382e+03 9.708277e+03 9.705598e+03
10.5 9.682896e+03 9.688912e+03 9.708277e+03 9.702261e+03
11.5 9.701872e+03 9.701659e+03 9.708816e+03 9.709028e+03
12.5 9.719115e+03 9.715433e+03 9.709485e+03 9.713167e+03
13.5 9.731628e+03 9.719713e+03 9.710056e+03 9.721971e+03
14.5 9.746072e+03 9.713345e+03 9.710456e+03 9.743182e+03
15.5 9.727304e+03 9.711286e+03 9.710699e+03 9.726717e+03
16.5 9.699009e+03 9.713616e+03 9.710832e+03 9.696225e+03
17.5 9.690784e+03 9.714884e+03 9.710899e+03 9.686798e+03
18.5 9.689998e+03 9.710129e+03 9.710930e+03 9.690799e+03
19.5 9.697158e+03 9.700887e+03 9.710944e+03 9.707215e+03
20.5 9.687731e+03 9.693026e+03 9.710949e+03 9.705654e+03
21.5 9.684262e+03 9.688505e+03 9.710952e+03 9.706709e+03
