8.159210e+03 8.231234e+03 8.180091e+03 8.210353e+03
8.168246e+03 8.231234e+03 8.180091e+03 8.219389e+03
8.158271e+03 8.231234e+03 8.180091e+03 8.209414e+03
8.173444e+03 8.231234e+03 8.182752e+03 8.221926e+03
8.224038e+03 8.231234e+03 8.202863e+03 8.252409e+03
8.253760e+03 8.231234e+03 8.233858e+03 8.251135e+03
8.225952e+03 8.231234e+03 8.259144e+03 8.198042e+03
8.177069e+03 8.231234e+03 8.262408e+03 8.145895e+03
8.210548e+03 8.231234e+03 8.265255e+03 8.176526e+03
8.306355e+03 8.231234e+03 8.273906e+03 8.263684e+03
8.248251e+03 8.231234e+03 8.263818e+03 8.215667e+03
8.222323e+03 8.231234e+03 8.231125e+03 8.222432e+03
8.146814e+03 8.231234e+03 8.199803e+03 8.178245e+03
8.196712e+03 8.231234e+03 8.188949e+03 8.238996e+03
8.212779e+03 8.231234e+03 8.212632e+03 8.231381e+03
8.280395e+03 8.231234e+03 8.247259e+03 8.264369e+03
8.278523e+03 8.231234e+03 8.270042e+03 8.239715e+03
8.268468e+03 8.231234e+03 8.272940e+03 8.226761e+03
8.245997e+03 8.231234e+03 8.247387e+03 8.229843e+03
8.232358e+03 8.231234e+03 8.233395e+03 8.230197e+03
8.247578e+03 8.231234e+03 8.245075e+03 8.233737e+03
8.294875e+03 8.231234e+03 8.261504e+03 8.264604e+03
8.265945e+03 8.231235e+03 8.262884e+03 8.234296e+03
8.218703e+03 8.236331e+03 8.241514e+03 8.213520e+03
8.251786e+03 8.274920e+03 8.248679e+03 8.278027e+03
8.242992e+03 8.337291e+03 8.289770e+03 8.290513e+03
8.314009e+03 8.363892e+03 8.313976e+03 8.363925e+03
8.343866e+03 8.333495e+03 8.306165e+03 8.371196e+03
8.274288e+03 8.286434e+03 8.266943e+03 8.293779e+03
8.241380e+03 8.250932e+03 8.220934e+03 8.271378e+03
8.219392e+03 8.230609e+03 8.188172e+03 8.261828e+03
8.205062e+03 8.221197e+03 8.170904e+03 8.255355e+03
8.186331e+03 8.218827e+03 8.164661e+03 8.240497e+03
8.182011e+03 8.234392e+03 8.178796e+03 8.237606e+03
8.258948e+03 8.288201e+03 8.232650e+03 8.314500e+03
8.309622e+03 8.329929e+03 8.283324e+03 8.356228e+03
8.359315e+03 8.317685e+03 8.302064e+03 8.374937e+03
8.345066e+03 8.292606e+03 8.288475e+03 8.349198e+03
8.347141e+03 8.303594e+03 8.287405e+03 8.363329e+03
8.363849e+03 8.306583e+03 8.294010e+03 8.376422e+03
8.365084e+03 8.280989e+03 8.282436e+03 8.363637e+03
8.307662e+03 8.251741e+03 8.248580e+03 8.310823e+03
8.273348e+03 8.232972e+03 8.236986e+03 8.269333e+03
8.230959e+03 8.224128e+03 8.251632e+03 8.203455e+03
8.261666e+03 8.221321e+03 8.263433e+03 8.219554e+03
8.312127e+03 8.221744e+03 8.268938e+03 8.264932e+03
8.256956e+03 8.223661e+03 8.273077e+03 8.207540e+03
8.286585e+03 8.225939e+03 8.281287e+03 8.231236e+03
8.292629e+03 8.227915e+03 8.283080e+03 8.237463e+03
8.309556e+03 8.229341e+03 8.278036e+03 8.260861e+03
8.316241e+03 8.230240e+03 8.248522e+03 8.297960e+03
8.278191e+03 8.230749e+03 8.213245e+03 8.295695e+03
8.242390e+03 8.231012e+03 8.206718e+03 8.266683e+03
8.252151e+03 8.231139e+03 8.229040e+03 8.254251e+03
8.281446e+03 8.231196e+03 8.249326e+03 8.263316e+03
8.340541e+03 8.231219e+03 8.260401e+03 8.311358e+03
8.292823e+03 8.231228e+03 8.245999e+03 8.278052e+03
8.223944e+03 8.231233e+03 8.222567e+03 8.232610e+03
8.167446e+03 8.231234e+03 8.218349e+03 8.180330e+03
8.174171e+03 8.231234e+03 8.226035e+03 8.179370e+03
8.243070e+03 8.231234e+03 8.240428e+03 8.233876e+03
8.298057e+03 8.231234e+03 8.248370e+03 8.280921e+03
8.256399e+03 8.231234e+03 8.229898e+03 8.257735e+03
8.181420e+03 8.231234e+03 8.209535e+03 8.203119e+03
8.167361e+03 8.231234e+03 8.217805e+03 8.180790e+03
8.237418e+03 8.231234e+03 8.238590e+03 8.230061e+03
8.248763e+03 8.231234e+03 8.256822e+03 8.223174e+03
8.270639e+03 8.231234e+03 8.265472e+03 8.236400e+03
8.247135e+03 8.231234e+03 8.273379e+03 8.204989e+03
8.271624e+03 8.231234e+03 8.276074e+03 8.226783e+03
8.272999e+03 8.231234e+03 8.277791e+03 8.226442e+03
8.260295e+03 8.231234e+03 8.259516e+03 8.232012e+03
8.196524e+03 8.231234e+03 8.223989e+03 8.203769e+03
8.210649e+03 8.234987e+03 8.197261e+03 8.248375e+03
8.276924e+03 8.270050e+03 8.214751e+03 8.332223e+03
8.309195e+03 8.324034e+03 8.262712e+03 8.370517e+03
8.295020e+03 8.333360e+03 8.293429e+03 8.334950e+03
8.340462e+03 8.318247e+03 8.303757e+03 8.354952e+03
8.345155e+03 8.324657e+03 8.310383e+03 8.359429e+03
8.313901e+03 8.312962e+03 8.309333e+03 8.317531e+03
8.257069e+03 8.279112e+03 8.283839e+03 8.252343e+03
8.170329e+03 8.248116e+03 8.237961e+03 8.180484e+03
8.158907e+03 8.229754e+03 8.198303e+03 8.190358e+03
8.172030e+03 8.221700e+03 8.175468e+03 8.218263e+03
8.243549e+03 8.219746e+03 8.174199e+03 8.289096e+03
8.271712e+03 8.220936e+03 8.193478e+03 8.299169e+03
8.291995e+03 8.223395e+03 8.218243e+03 8.297148e+03
8.304123e+03 8.225959e+03 8.243631e+03 8.286451e+03
8.269521e+03 8.228032e+03 8.263976e+03 8.233576e+03
8.263926e+03 8.229456e+03 8.276597e+03 8.216785e+03
8.282746e+03 8.230322e+03 8.283401e+03 8.229667e+03
8.249096e+03 8.230797e+03 8.270468e+03 8.209424e+03
8.235286e+03 8.231037e+03 8.256901e+03 8.209422e+03
8.245272e+03 8.231151e+03 8.256355e+03 8.220069e+03
8.273985e+03 8.231202e+03 8.264163e+03 8.241024e+03
8.327978e+03 8.231221e+03 8.270037e+03 8.289162e+03
8.318541e+03 8.231229e+03 8.276894e+03 8.272877e+03
8.289826e+03 8.231234e+03 8.281047e+03 8.240013e+03
8.287814e+03 8.231234e+03 8.281868e+03 8.237180e+03
8.260610e+03 8.231234e+03 8.266478e+03 8.225366e+03
8.238144e+03 8.231234e+03 8.235031e+03 8.234346e+03
8.238704e+03 8.231234e+03 8.226643e+03 8.243294e+03
8.297191e+03 8.231234e+03 8.240191e+03 8.288234e+03
8.294228e+03 8.231234e+03 8.252547e+03 8.272914e+03
8.269034e+03 8.231234e+03 8.238391e+03 8.261877e+03
8.265186e+03 8.231234e+03 8.232914e+03 8.263505e+03
8.278800e+03 8.231234e+03 8.247172e+03 8.262861e+03
8.307941e+03 8.231234e+03 8.264032e+03 8.275143e+03
8.257401e+03 8.231234e+03 8.261890e+03 8.226745e+03
8.242354e+03 8.231234e+03 8.233184e+03 8.240404e+03
8.189589e+03 8.231234e+03 8.203469e+03 8.217354e+03
8.217384e+03 8.231234e+03 8.202294e+03 8.246323e+03
8.225213e+03 8.231234e+03 8.232367e+03 8.224079e+03
8.228246e+03 8.231234e+03 8.260093e+03 8.199387e+03
8.269620e+03 8.231234e+03 8.276116e+03 8.224738e+03
8.239878e+03 8.231297e+03 8.264356e+03 8.206819e+03
8.235377e+03 8.242166e+03 8.241479e+03 8.236064e+03
8.239482e+03 8.290533e+03 8.258697e+03 8.271319e+03
8.247532e+03 8.350041e+03 8.299304e+03 8.298270e+03
8.307604e+03 8.360298e+03 8.316927e+03 8.350976e+03
8.402541e+03 8.321297e+03 8.303448e+03 8.420390e+03
8.327055e+03 8.275765e+03 8.260571e+03 8.342249e+03
8.219407e+03 8.244396e+03 8.225745e+03 8.238059e+03
8.141057e+03 8.227331e+03 8.218623e+03 8.149765e+03
8.187610e+03 8.220021e+03 8.223555e+03 8.184076e+03
8.268368e+03 8.218711e+03 8.240144e+03 8.246935e+03
8.267345e+03 8.220590e+03 8.254665e+03 8.233269e+03
8.252380e+03 8.223568e+03 8.263714e+03 8.212233e+03
8.245486e+03 8.226361e+03 8.272334e+03 8.199513e+03
8.207785e+03 8.228437e+03 8.258534e+03 8.177688e+03
8.181987e+03 8.232132e+03 8.227380e+03 8.186739e+03
8.195038e+03 8.263272e+03 8.227824e+03 8.230486e+03
8.267585e+03 8.318950e+03 8.266084e+03 8.320450e+03
8.296403e+03 8.334660e+03 8.293529e+03 8.337534e+03
8.218663e+03 8.305226e+03 8.288505e+03 8.235383e+03
8.227292e+03 8.268621e+03 8.254109e+03 8.241804e+03
8.199135e+03 8.243175e+03 8.234673e+03 8.207637e+03
8.207651e+03 8.229160e+03 8.237637e+03 8.199174e+03
8.183001e+03 8.222921e+03 8.244709e+03 8.161213e+03
8.139003e+03 8.221539e+03 8.228749e+03 8.131792e+03
8.114333e+03 8.222826e+03 8.207783e+03 8.129377e+03
8.196126e+03 8.225106e+03 8.211867e+03 8.209365e+03
8.259879e+03 8.227309e+03 8.232124e+03 8.255063e+03
8.324195e+03 8.228970e+03 8.244275e+03 8.308890e+03
8.283894e+03 8.230038e+03 8.228610e+03 8.285321e+03
8.228137e+03 8.230649e+03 8.203902e+03 8.254883e+03
8.169652e+03 8.230966e+03 8.185785e+03 8.214833e+03
8.182040e+03 8.231118e+03 8.176136e+03 8.237021e+03
8.174503e+03 8.231186e+03 8.174979e+03 8.230710e+03
8.256608e+03 8.231215e+03 8.198096e+03 8.289728e+03
8.330901e+03 8.231228e+03 8.235808e+03 8.326321e+03
8.298985e+03 8.231233e+03 8.265970e+03 8.264248e+03
8.242337e+03 8.231234e+03 8.270412e+03 8.203159e+03
8.232783e+03 8.231234e+03 8.254539e+03 8.209477e+03
8.169612e+03 8.231234e+03 8.245839e+03 8.155007e+03
8.189238e+03 8.231234e+03 8.243470e+03 8.177001e+03
8.261881e+03 8.233604e+03 8.254626e+03 8.240858e+03
8.261822e+03 8.262793e+03 8.276100e+03 8.248516e+03
8.282021e+03 8.300191e+03 8.293373e+03 8.288838e+03
8.308500e+03 8.298142e+03 8.292680e+03 8.313962e+03
8.255284e+03 8.274163e+03 8.264009e+03 8.265438e+03
8.220380e+03 8.275090e+03 8.246859e+03 8.248611e+03
8.215138e+03 8.301075e+03 8.260590e+03 8.255623e+03
8.176342e+03 8.297328e+03 8.272616e+03 8.201054e+03
8.226712e+03 8.270553e+03 8.261662e+03 8.235603e+03
8.267491e+03 8.246138e+03 8.256879e+03 8.256751e+03
8.275644e+03 8.231730e+03 8.266788e+03 8.240586e+03
8.218299e+03 8.225047e+03 8.273862e+03 8.169484e+03
8.266750e+03 8.222970e+03 8.277929e+03 8.211791e+03
8.234733e+03 8.223467e+03 8.280093e+03 8.178107e+03
8.246097e+03 8.225159e+03 8.284542e+03 8.186713e+03
8.250716e+03 8.227082e+03 8.283659e+03 8.194139e+03
8.254780e+03 8.228693e+03 8.275685e+03 8.207789e+03
8.256424e+03 8.229819e+03 8.244738e+03 8.241505e+03
8.196753e+03 8.230507e+03 8.218055e+03 8.209205e+03
8.209443e+03 8.230887e+03 8.214423e+03 8.225907e+03
8.227685e+03 8.231079e+03 8.226714e+03 8.232050e+03
8.305187e+03 8.231169e+03 8.240719e+03 8.295636e+03
8.247663e+03 8.231207e+03 8.229416e+03 8.249454e+03
8.161794e+03 8.231223e+03 8.218187e+03 8.174830e+03
8.211633e+03 8.231231e+03 8.221636e+03 8.221228e+03
8.242544e+03 8.231234e+03 8.237807e+03 8.235971e+03
8.238103e+03 8.231234e+03 8.246258e+03 8.223078e+03
8.164542e+03 8.231234e+03 8.227746e+03 8.168030e+03
8.171000e+03 8.231234e+03 8.202262e+03 8.199971e+03
8.140935e+03 8.231234e+03 8.184445e+03 8.187723e+03
8.185191e+03 8.231234e+03 8.180032e+03 8.236393e+03
8.242135e+03 8.231234e+03 8.193499e+03 8.279870e+03
8.267316e+03 8.231234e+03 8.219727e+03 8.278823e+03
8.257321e+03 8.231234e+03 8.235774e+03 8.252781e+03
8.211462e+03 8.231234e+03 8.230001e+03 8.212694e+03
8.241620e+03 8.231234e+03 8.235376e+03 8.237478e+03
8.303646e+03 8.231234e+03 8.251200e+03 8.283679e+03
8.300243e+03 8.231234e+03 8.256204e+03 8.275273e+03
8.300419e+03 8.231234e+03 8.238217e+03 8.293435e+03
8.245696e+03 8.231234e+03 8.235705e+03 8.241225e+03
8.241447e+03 8.231234e+03 8.255265e+03 8.217415e+03
8.217833e+03 8.231238e+03 8.270441e+03 8.178629e+03
8.276430e+03 8.237386e+03 8.281796e+03 8.232020e+03
8.221496e+03 8.278114e+03 8.299385e+03 8.200225e+03
8.263752e+03 8.328965e+03 8.317522e+03 8.275195e+03
8.223883e+03 8.329970e+03 8.317952e+03 8.235901e+03
8.294604e+03 8.295329e+03 8.302763e+03 8.287170e+03
8.318320e+03 8.260847e+03 8.285140e+03 8.294027e+03
8.321908e+03 8.238630e+03 8.276367e+03 8.284171e+03
8.241979e+03 8.226948e+03 8.254355e+03 8.214573e+03
8.208693e+03 8.222198e+03 8.217853e+03 8.213038e+03
8.150606e+03 8.221691e+03 8.187970e+03 8.184327e+03
8.192521e+03 8.223372e+03 8.182109e+03 8.233785e+03
8.209683e+03 8.225708e+03 8.211212e+03 8.224178e+03
8.248425e+03 8.227795e+03 8.247804e+03 8.228416e+03
8.286300e+03 8.229297e+03 8.271278e+03 8.244319e+03
8.286192e+03 8.230232e+03 8.277511e+03 8.238914e+03
8.249983e+03 8.230752e+03 8.268258e+03 8.212477e+03
8.241246e+03 8.231016e+03 8.257604e+03 8.214659e+03
8.268612e+03 8.231141e+03 8.258334e+03 8.241420e+03
8.265670e+03 8.231196e+03 8.241591e+03 8.255275e+03
8.182196e+03 8.231219e+03 8.211522e+03 8.201894e+03
8.146953e+03 8.231230e+03 8.193756e+03 8.184426e+03
8.209570e+03 8.231234e+03 8.210538e+03 8.230266e+03
8.276692e+03 8.231234e+03 8.239544e+03 8.268382e+03
8.295538e+03 8.231234e+03 8.262957e+03 8.263815e+03
8.218891e+03 8.231234e+03 8.256424e+03 8.193701e+03
8.182125e+03 8.231234e+03 8.226728e+03 8.186630e+03
8.135660e+03 8.231234e+03 8.198620e+03 8.168274e+03
8.160998e+03 8.231234e+03 8.181149e+03 8.211083e+03
8.182591e+03 8.231234e+03 8.172757e+03 8.241068e+03
8.159082e+03 8.231234e+03 8.176790e+03 8.213526e+03
8.213724e+03 8.231234e+03 8.202206e+03 8.242752e+03
8.245856e+03 8.231234e+03 8.236933e+03 8.240157e+03
8.269575e+03 8.231234e+03 8.254334e+03 8.246474e+03
8.279047e+03 8.231234e+03 8.240956e+03 8.269324e+03
8.249443e+03 8.231234e+03 8.231111e+03 8.249566e+03
8.206341e+03 8.231234e+03 8.232192e+03 8.205382e+03
8.214296e+03 8.231234e+03 8.243044e+03 8.202485e+03
8.222347e+03 8.231234e+03 8.239493e+03 8.214088e+03
8.203481e+03 8.231234e+03 8.216803e+03 8.217912e+03
8.204684e+03 8.231234e+03 8.194154e+03 8.241763e+03
8.182667e+03 8.231234e+03 8.180163e+03 8.233737e+03
8.170600e+03 8.231234e+03 8.173687e+03 8.228146e+03
8.202904e+03 8.231234e+03 8.175626e+03 8.258512e+03
8.263237e+03 8.231234e+03 8.192403e+03 8.302068e+03
8.275234e+03 8.231234e+03 8.222255e+03 8.284213e+03
8.291132e+03 8.231234e+03 8.244282e+03 8.278083e+03
8.203178e+03 8.231234e+03 8.233744e+03 8.200667e+03
8.180594e+03 8.231234e+03 8.211263e+03 8.200564e+03
8.183827e+03 8.231234e+03 8.208149e+03 8.206911e+03
8.233220e+03 8.231234e+03 8.225646e+03 8.238808e+03
8.272271e+03 8.231234e+03 8.246752e+03 8.256753e+03
8.280086e+03 8.231234e+03 8.242888e+03 8.268432e+03
8.245125e+03 8.231234e+03 8.233155e+03 8.243204e+03
8.243342e+03 8.231234e+03 8.248280e+03 8.226296e+03
8.195437e+03 8.231234e+03 8.268143e+03 8.158527e+03
8.299930e+03 8.231234e+03 8.279800e+03 8.251364e+03
8.249811e+03 8.231234e+03 8.270105e+03 8.210939e+03
8.211246e+03 8.231234e+03 8.252723e+03 8.189757e+03
8.185298e+03 8.231234e+03 8.248379e+03 8.168153e+03
8.171820e+03 8.231234e+03 8.252980e+03 8.150073e+03
8.150196e+03 8.231234e+03 8.238470e+03 8.142959e+03
8.131173e+03 8.231234e+03 8.210258e+03 8.152149e+03
8.174750e+03 8.231234e+03 8.187300e+03 8.218684e+03
8.189642e+03 8.231234e+03 8.174792e+03 8.246084e+03
8.194396e+03 8.231234e+03 8.169954e+03 8.255675e+03
8.179679e+03 8.231234e+03 8.169451e+03 8.241462e+03
8.220920e+03 8.231234e+03 8.171087e+03 8.281067e+03
