8.132453e+03 8.174316e+03 8.154859e+03 8.151910e+03
8.112813e+03 8.174316e+03 8.154859e+03 8.132270e+03
8.135205e+03 8.174316e+03 8.154859e+03 8.154662e+03
8.175460e+03 8.174316e+03 8.155633e+03 8.194143e+03
8.174443e+03 8.174316e+03 8.161503e+03 8.187256e+03
8.166324e+03 8.174316e+03 8.173944e+03 8.166696e+03
8.155973e+03 8.174316e+03 8.189483e+03 8.140806e+03
8.131633e+03 8.174316e+03 8.191999e+03 8.113950e+03
8.138411e+03 8.174316e+03 8.189643e+03 8.123085e+03
8.196815e+03 8.174316e+03 8.194972e+03 8.176159e+03
8.189176e+03 8.174316e+03 8.194214e+03 8.169277e+03
8.150326e+03 8.174316e+03 8.180523e+03 8.144119e+03
8.127669e+03 8.174316e+03 8.165703e+03 8.136282e+03
8.144862e+03 8.174316e+03 8.158024e+03 8.161153e+03
8.162520e+03 8.174316e+03 8.160670e+03 8.176166e+03
8.176036e+03 8.174316e+03 8.167624e+03 8.182728e+03
8.187991e+03 8.174316e+03 8.179172e+03 8.183135e+03
8.188506e+03 8.174316e+03 8.189464e+03 8.173358e+03
8.169563e+03 8.174316e+03 8.183882e+03 8.159997e+03
8.162483e+03 8.174316e+03 8.175391e+03 8.161408e+03
8.165385e+03 8.174316e+03 8.173325e+03 8.166376e+03
8.188558e+03 8.174316e+03 8.180980e+03 8.181894e+03
8.201316e+03 8.174316e+03 8.188553e+03 8.187079e+03
8.167924e+03 8.174316e+03 8.182143e+03 8.160097e+03
8.172020e+03 8.174316e+03 8.177251e+03 8.169085e+03
8.180517e+03 8.174329e+03 8.180667e+03 8.174180e+03
8.218879e+03 8.180480e+03 8.187203e+03 8.212156e+03
8.258595e+03 8.199974e+03 8.198185e+03 8.260384e+03
8.229011e+03 8.205664e+03 8.193649e+03 8.241026e+03
8.226327e+03 8.196386e+03 8.177512e+03 8.245202e+03
8.226238e+03 8.185296e+03 8.163101e+03 8.248434e+03
8.186384e+03 8.177812e+03 8.154554e+03 8.209642e+03
8.152710e+03 8.173726e+03 8.150671e+03 8.175764e+03
8.143031e+03 8.171892e+03 8.152559e+03 8.162364e+03
8.149636e+03 8.171476e+03 8.163688e+03 8.157424e+03
8.174255e+03 8.171851e+03 8.177552e+03 8.168554e+03
8.229671e+03 8.172523e+03 8.192690e+03 8.209504e+03
8.232880e+03 8.173172e+03 8.194094e+03 8.211959e+03
8.200964e+03 8.173659e+03 8.189673e+03 8.184951e+03
8.206383e+03 8.173971e+03 8.192419e+03 8.187935e+03
8.210186e+03 8.174148e+03 8.195044e+03 8.189291e+03
8.200663e+03 8.174239e+03 8.184720e+03 8.190182e+03
8.184292e+03 8.174283e+03 8.175419e+03 8.183156e+03
8.162277e+03 8.174356e+03 8.173378e+03 8.163255e+03
8.173086e+03 8.182431e+03 8.178696e+03 8.176821e+03
8.206887e+03 8.201686e+03 8.192470e+03 8.216102e+03
8.203918e+03 8.205093e+03 8.197639e+03 8.211372e+03
8.190202e+03 8.195026e+03 8.195784e+03 8.189444e+03
8.196923e+03 8.184237e+03 8.194330e+03 8.186830e+03
8.208620e+03 8.177196e+03 8.197191e+03 8.188626e+03
8.201324e+03 8.173421e+03 8.187794e+03 8.186951e+03
8.185955e+03 8.171785e+03 8.172151e+03 8.185589e+03
8.183516e+03 8.171489e+03 8.165344e+03 8.189661e+03
8.184698e+03 8.171924e+03 8.168981e+03 8.187640e+03
8.212887e+03 8.177470e+03 8.176559e+03 8.213798e+03
8.257802e+03 8.197453e+03 8.191166e+03 8.264089e+03
8.247328e+03 8.205345e+03 8.191618e+03 8.261055e+03
8.193987e+03 8.197081e+03 8.179449e+03 8.211620e+03
8.172090e+03 8.185972e+03 8.170022e+03 8.188040e+03
8.167213e+03 8.178233e+03 8.166252e+03 8.179194e+03
8.208330e+03 8.173944e+03 8.173665e+03 8.208608e+03
8.250054e+03 8.171971e+03 8.183381e+03 8.238645e+03
8.224262e+03 8.171468e+03 8.178434e+03 8.217296e+03
8.168542e+03 8.171800e+03 8.168916e+03 8.171425e+03
8.148048e+03 8.172464e+03 8.168063e+03 8.152449e+03
8.176438e+03 8.176515e+03 8.174231e+03 8.178722e+03
8.190870e+03 8.195737e+03 8.189915e+03 8.196692e+03
8.204062e+03 8.205787e+03 8.197954e+03 8.211894e+03
8.188158e+03 8.198551e+03 8.195752e+03 8.190957e+03
8.186431e+03 8.187195e+03 8.191095e+03 8.182531e+03
8.191541e+03 8.178963e+03 8.194688e+03 8.175817e+03
8.200139e+03 8.174315e+03 8.191139e+03 8.183315e+03
8.180020e+03 8.172117e+03 8.176609e+03 8.175528e+03
8.180169e+03 8.171475e+03 8.163357e+03 8.188287e+03
8.209063e+03 8.171739e+03 8.162237e+03 8.218565e+03
8.208827e+03 8.172383e+03 8.170561e+03 8.210650e+03
8.190685e+03 8.173053e+03 8.184466e+03 8.179272e+03
8.206812e+03 8.173577e+03 8.195281e+03 8.185108e+03
8.207865e+03 8.173921e+03 8.196276e+03 8.185510e+03
8.201130e+03 8.174121e+03 8.199479e+03 8.175773e+03
8.198211e+03 8.174226e+03 8.196865e+03 8.175572e+03
8.162755e+03 8.174277e+03 8.181784e+03 8.155248e+03
8.152115e+03 8.174300e+03 8.165784e+03 8.160630e+03
8.158600e+03 8.174310e+03 8.155557e+03 8.177352e+03
8.178424e+03 8.174313e+03 8.152428e+03 8.200310e+03
8.186840e+03 8.174411e+03 8.155357e+03 8.205894e+03
8.191973e+03 8.183499e+03 8.166912e+03 8.208559e+03
8.205248e+03 8.202447e+03 8.186305e+03 8.221389e+03
8.195444e+03 8.204737e+03 8.193188e+03 8.206994e+03
8.173171e+03 8.194345e+03 8.190709e+03 8.176807e+03
8.191307e+03 8.183727e+03 8.194769e+03 8.180265e+03
8.194594e+03 8.176904e+03 8.193662e+03 8.177836e+03
8.181429e+03 8.173279e+03 8.186400e+03 8.168308e+03
8.180623e+03 8.171739e+03 8.181998e+03 8.170364e+03
8.213593e+03 8.171499e+03 8.187877e+03 8.197215e+03
8.238122e+03 8.171957e+03 8.192706e+03 8.217372e+03
8.208592e+03 8.172642e+03 8.189461e+03 8.191774e+03
8.170076e+03 8.173269e+03 8.184132e+03 8.159212e+03
8.189001e+03 8.173725e+03 8.188001e+03 8.174724e+03
8.190864e+03 8.174010e+03 8.189527e+03 8.175346e+03
8.183508e+03 8.174169e+03 8.179520e+03 8.178157e+03
8.182780e+03 8.174250e+03 8.173464e+03 8.183565e+03
8.200282e+03 8.174288e+03 8.178551e+03 8.196019e+03
8.216893e+03 8.174304e+03 8.188316e+03 8.202882e+03
8.191906e+03 8.174311e+03 8.183800e+03 8.182417e+03
8.173856e+03 8.174314e+03 8.175785e+03 8.172385e+03
8.179023e+03 8.174316e+03 8.173577e+03 8.179762e+03
8.211399e+03 8.174316e+03 8.181982e+03 8.203733e+03
8.209281e+03 8.174316e+03 8.187879e+03 8.195717e+03
8.188362e+03 8.174316e+03 8.179092e+03 8.183586e+03
8.169220e+03 8.174316e+03 8.166681e+03 8.176856e+03
8.181296e+03 8.174316e+03 8.163363e+03 8.192249e+03
8.184259e+03 8.174316e+03 8.170678e+03 8.187897e+03
8.182184e+03 8.174316e+03 8.179301e+03 8.177199e+03
8.207408e+03 8.174316e+03 8.191299e+03 8.190425e+03
8.200342e+03 8.174316e+03 8.192255e+03 8.182402e+03
8.182540e+03 8.174316e+03 8.181825e+03 8.175030e+03
8.178544e+03 8.174316e+03 8.178122e+03 8.174738e+03
8.176823e+03 8.174316e+03 8.181706e+03 8.169433e+03
8.216361e+03 8.174316e+03 8.188596e+03 8.202081e+03
8.241147e+03 8.174316e+03 8.194726e+03 8.220737e+03
8.192898e+03 8.174316e+03 8.185947e+03 8.181267e+03
8.147714e+03 8.174316e+03 8.173006e+03 8.149023e+03
8.126271e+03 8.174316e+03 8.166242e+03 8.134345e+03
8.143035e+03 8.174316e+03 8.165635e+03 8.151716e+03
8.190674e+03 8.174316e+03 8.177711e+03 8.187280e+03
8.208476e+03 8.174316e+03 8.187610e+03 8.195181e+03
8.186644e+03 8.174316e+03 8.189978e+03 8.170982e+03
8.176857e+03 8.174316e+03 8.196287e+03 8.154885e+03
8.174224e+03 8.174316e+03 8.193423e+03 8.155116e+03
8.161470e+03 8.174316e+03 8.179241e+03 8.156545e+03
8.155595e+03 8.174316e+03 8.171050e+03 8.158861e+03
8.152339e+03 8.174316e+03 8.173947e+03 8.152708e+03
8.164619e+03 8.174316e+03 8.184097e+03 8.154837e+03
8.154294e+03 8.174316e+03 8.191522e+03 8.137088e+03
8.170662e+03 8.174316e+03 8.183878e+03 8.161100e+03
8.165026e+03 8.174388e+03 8.175896e+03 8.163518e+03
8.165492e+03 8.182961e+03 8.179287e+03 8.169166e+03
8.161037e+03 8.202075e+03 8.191231e+03 8.171882e+03
8.145652e+03 8.204920e+03 8.187370e+03 8.163202e+03
8.124183e+03 8.194685e+03 8.174611e+03 8.144257e+03
8.167758e+03 8.184284e+03 8.169376e+03 8.182666e+03
8.214816e+03 8.189074e+03 8.178270e+03 8.225620e+03
8.232154e+03 8.203074e+03 8.190479e+03 8.244749e+03
8.225964e+03 8.201117e+03 8.184915e+03 8.242166e+03
8.187452e+03 8.189836e+03 8.171021e+03 8.206268e+03
8.184887e+03 8.180135e+03 8.159952e+03 8.205070e+03
8.190054e+03 8.174526e+03 8.153793e+03 8.210788e+03
8.183633e+03 8.171890e+03 8.151906e+03 8.203617e+03
8.206172e+03 8.171038e+03 8.158338e+03 8.218872e+03
8.227512e+03 8.171222e+03 8.170171e+03 8.228563e+03
8.213319e+03 8.171899e+03 8.185871e+03 8.199347e+03
8.178219e+03 8.172672e+03 8.193718e+03 8.157172e+03
8.165490e+03 8.173316e+03 8.186723e+03 8.152083e+03
8.154785e+03 8.173763e+03 8.177444e+03 8.151105e+03
8.151465e+03 8.174034e+03 8.173038e+03 8.152462e+03
8.178284e+03 8.174182e+03 8.182428e+03 8.170039e+03
8.177919e+03 8.174260e+03 8.190814e+03 8.161365e+03
8.167199e+03 8.179158e+03 8.193447e+03 8.152910e+03
8.160092e+03 8.198522e+03 8.201083e+03 8.157531e+03
8.153447e+03 8.205954e+03 8.196311e+03 8.163090e+03
8.140374e+03 8.197399e+03 8.184496e+03 8.153277e+03
8.140091e+03 8.189519e+03 8.180883e+03 8.148727e+03
8.150608e+03 8.200415e+03 8.191102e+03 8.159921e+03
8.182400e+03 8.205810e+03 8.193043e+03 8.195166e+03
8.207422e+03 8.196398e+03 8.186122e+03 8.217697e+03
8.188425e+03 8.184433e+03 8.180602e+03 8.192256e+03
8.170722e+03 8.176484e+03 8.182092e+03 8.165114e+03
8.202385e+03 8.172477e+03 8.190822e+03 8.184041e+03
8.211696e+03 8.170929e+03 8.193579e+03 8.189046e+03
8.191210e+03 8.170786e+03 8.192034e+03 8.169962e+03
8.169362e+03 8.171373e+03 8.192463e+03 8.148273e+03
8.183499e+03 8.172204e+03 8.195757e+03 8.159946e+03
8.178404e+03 8.172971e+03 8.186109e+03 8.165267e+03
8.176621e+03 8.173541e+03 8.172381e+03 8.177781e+03
8.165639e+03 8.173907e+03 8.164973e+03 8.174573e+03
8.169646e+03 8.174115e+03 8.169661e+03 8.174100e+03
8.200248e+03 8.174224e+03 8.181122e+03 8.193350e+03
8.175363e+03 8.174277e+03 8.178851e+03 8.170789e+03
8.140210e+03 8.174300e+03 8.170876e+03 8.143633e+03
8.130599e+03 8.174310e+03 8.166849e+03 8.138060e+03
8.151419e+03 8.174313e+03 8.175104e+03 8.150628e+03
8.145386e+03 8.174316e+03 8.184238e+03 8.135465e+03
8.140683e+03 8.174316e+03 8.178419e+03 8.136580e+03
8.138279e+03 8.174316e+03 8.166951e+03 8.145644e+03
8.122056e+03 8.174316e+03 8.158312e+03 8.138060e+03
8.136477e+03 8.174316e+03 8.154620e+03 8.156173e+03
8.168440e+03 8.175065e+03 8.156662e+03 8.186843e+03
8.192110e+03 8.189346e+03 8.172005e+03 8.209451e+03
8.192528e+03 8.205188e+03 8.186906e+03 8.210811e+03
8.158515e+03 8.202392e+03 8.184202e+03 8.176705e+03
8.147901e+03 8.191376e+03 8.178218e+03 8.161059e+03
8.177356e+03 8.193999e+03 8.183964e+03 8.187392e+03
8.204936e+03 8.205587e+03 8.193426e+03 8.217097e+03
8.195687e+03 8.201781e+03 8.186902e+03 8.210566e+03
8.169139e+03 8.189575e+03 8.177879e+03 8.180835e+03
8.177794e+03 8.179546e+03 8.175264e+03 8.182076e+03
8.183195e+03 8.173920e+03 8.178471e+03 8.178644e+03
8.198776e+03 8.171411e+03 8.189465e+03 8.180722e+03
8.180623e+03 8.170726e+03 8.194770e+03 8.156579e+03
8.173771e+03 8.171049e+03 8.194152e+03 8.150669e+03
8.155272e+03 8.171818e+03 8.197977e+03 8.129113e+03
8.183642e+03 8.172641e+03 8.199775e+03 8.156508e+03
8.213539e+03 8.173308e+03 8.195406e+03 8.191441e+03
8.204249e+03 8.173763e+03 8.196991e+03 8.181021e+03
8.182421e+03 8.174036e+03 8.192083e+03 8.164374e+03
8.157981e+03 8.174184e+03 8.176745e+03 8.155419e+03
8.134082e+03 8.174258e+03 8.162258e+03 8.146082e+03
8.148209e+03 8.174292e+03 8.156708e+03 8.165792e+03
8.172097e+03 8.174306e+03 8.163457e+03 8.182946e+03
8.181285e+03 8.174312e+03 8.173905e+03 8.181692e+03
8.188816e+03 8.174315e+03 8.186515e+03 8.176616e+03
8.178572e+03 8.174316e+03 8.194784e+03 8.158104e+03
8.160439e+03 8.174316e+03 8.189573e+03 8.145182e+03
8.142581e+03 8.174316e+03 8.183067e+03 8.133830e+03
8.175906e+03 8.174316e+03 8.188121e+03 8.162101e+03
8.176388e+03 8.174316e+03 8.184778e+03 8.165926e+03
8.146611e+03 8.174316e+03 8.172004e+03 8.148922e+03
8.134285e+03 8.174316e+03 8.161830e+03 8.146771e+03
8.157773e+03 8.174316e+03 8.161779e+03 8.170311e+03
8.174519e+03 8.174316e+03 8.168289e+03 8.180546e+03
8.182851e+03 8.174316e+03 8.182890e+03 8.174277e+03
8.164880e+03 8.174316e+03 8.186715e+03 8.152482e+03
8.132840e+03 8.174316e+03 8.176599e+03 8.130557e+03
8.119675e+03 8.174316e+03 8.164762e+03 8.129229e+03
8.136335e+03 8.174316e+03 8.156902e+03 8.153749e+03
8.143663e+03 8.174316e+03 8.152858e+03 8.165121e+03
8.150465e+03 8.174316e+03 8.153226e+03 8.171554e+03
8.149617e+03 8.174316e+03 8.160606e+03 8.163328e+03
8.162026e+03 8.174316e+03 8.176612e+03 8.159730e+03
8.197345e+03 8.174316e+03 8.188787e+03 8.182874e+03
8.205787e+03 8.174316e+03 8.183856e+03 8.196246e+03
8.196336e+03 8.174316e+03 8.174903e+03 8.195749e+03
8.167428e+03 8.176803e+03 8.171177e+03 8.173054e+03
8.168766e+03 8.194739e+03 8.182951e+03 8.180553e+03
8.177234e+03 8.206137e+03 8.188775e+03 8.194596e+03
8.192465e+03 8.199702e+03 8.178893e+03 8.213273e+03
8.176129e+03 8.188172e+03 8.165999e+03 8.198302e+03
8.164928e+03 8.179552e+03 8.157290e+03 8.187190e+03
8.144239e+03 8.174618e+03 8.152842e+03 8.166014e+03
8.170659e+03 8.172240e+03 8.151891e+03 8.191009e+03
8.185759e+03 8.171489e+03 8.155293e+03 8.201955e+03
8.196093e+03 8.171695e+03 8.168829e+03 8.198958e+03
8.198096e+03 8.172323e+03 8.183362e+03 8.187057e+03
8.166060e+03 8.173000e+03 8.180963e+03 8.158097e+03
8.166256e+03 8.173539e+03 8.170616e+03 8.169179e+03
8.164370e+03 8.173899e+03 8.166054e+03 8.172215e+03
8.170779e+03 8.178201e+03 8.171330e+03 8.177650e+03
8.188700e+03 8.197408e+03 8.187836e+03 8.198272e+03
8.204967e+03 8.206042e+03 8.191416e+03 8.219593e+03
8.186702e+03 8.198052e+03 8.183799e+03 8.200954e+03
8.166766e+03 8.186688e+03 8.181826e+03 8.171627e+03
8.142670e+03 8.178642e+03 8.183918e+03 8.137395e+03
8.190817e+03 8.174148e+03 8.191766e+03 8.173199e+03
8.177161e+03 8.172051e+03 8.193309e+03 8.155903e+03
8.160018e+03 8.171477e+03 8.185659e+03 8.145836e+03
8.143236e+03 8.176637e+03 8.182521e+03 8.137352e+03
8.139275e+03 8.196640e+03 8.192086e+03 8.143828e+03
8.146982e+03 8.204730e+03 8.190505e+03 8.161207e+03
8.158272e+03 8.196685e+03 8.176317e+03 8.178641e+03
8.184716e+03 8.185746e+03 8.162639e+03 8.207823e+03
8.190822e+03 8.178116e+03 8.154447e+03 8.214492e+03
8.185875e+03 8.173888e+03 8.150747e+03 8.209016e+03
8.173556e+03 8.171946e+03 8.149725e+03 8.195778e+03
8.169729e+03 8.171457e+03 8.150148e+03 8.191039e+03
