4.149221e+03 4.223369e+03 4.199986e+03 4.172603e+03
4.185355e+03 4.223369e+03 4.199986e+03 4.208737e+03
4.182701e+03 4.223369e+03 4.199987e+03 4.206083e+03
4.181982e+03 4.223369e+03 4.201195e+03 4.204156e+03
4.195871e+03 4.223369e+03 4.210332e+03 4.208907e+03
4.202396e+03 4.223369e+03 4.224467e+03 4.201297e+03
4.208972e+03 4.223369e+03 4.236023e+03 4.196318e+03
4.191986e+03 4.223369e+03 4.235660e+03 4.179695e+03
4.220597e+03 4.223369e+03 4.232915e+03 4.211050e+03
4.244179e+03 4.223369e+03 4.236006e+03 4.231541e+03
4.210431e+03 4.223369e+03 4.233563e+03 4.200236e+03
4.208246e+03 4.223369e+03 4.221040e+03 4.210574e+03
4.189827e+03 4.223369e+03 4.208326e+03 4.204869e+03
4.224923e+03 4.223369e+03 4.204294e+03 4.243998e+03
4.228789e+03 4.223369e+03 4.215751e+03 4.236406e+03
4.234252e+03 4.223369e+03 4.231940e+03 4.225680e+03
4.232125e+03 4.223369e+03 4.242313e+03 4.213181e+03
4.240967e+03 4.223369e+03 4.243318e+03 4.221017e+03
4.251835e+03 4.223369e+03 4.231282e+03 4.243922e+03
4.218272e+03 4.223369e+03 4.224762e+03 4.216878e+03
4.218719e+03 4.223369e+03 4.230208e+03 4.211879e+03
4.243794e+03 4.223369e+03 4.237733e+03 4.229430e+03
4.254230e+03 4.223369e+03 4.238219e+03 4.239380e+03
4.241144e+03 4.223369e+03 4.227756e+03 4.236757e+03
4.255548e+03 4.223369e+03 4.227067e+03 4.251849e+03
4.255333e+03 4.223369e+03 4.239590e+03 4.239111e+03
4.253228e+03 4.223369e+03 4.247051e+03 4.229545e+03
4.242636e+03 4.223369e+03 4.243524e+03 4.222481e+03
4.228580e+03 4.223369e+03 4.229402e+03 4.222547e+03
4.261587e+03 4.223369e+03 4.213312e+03 4.271644e+03
4.241063e+03 4.223369e+03 4.202048e+03 4.262384e+03
4.191445e+03 4.223369e+03 4.196235e+03 4.218579e+03
4.198730e+03 4.223369e+03 4.194244e+03 4.227854e+03
4.209247e+03 4.223369e+03 4.199446e+03 4.233169e+03
4.253531e+03 4.223369e+03 4.218797e+03 4.258102e+03
4.218181e+03 4.223369e+03 4.237783e+03 4.203767e+03
4.266338e+03 4.223369e+03 4.247505e+03 4.242201e+03
4.254951e+03 4.223369e+03 4.243696e+03 4.234624e+03
4.247927e+03 4.223369e+03 4.242025e+03 4.229270e+03
4.263134e+03 4.223369e+03 4.244705e+03 4.241797e+03
4.250112e+03 4.223369e+03 4.241944e+03 4.231536e+03
4.260935e+03 4.223369e+03 4.229375e+03 4.254929e+03
4.238154e+03 4.223369e+03 4.226115e+03 4.235408e+03
4.239193e+03 4.223369e+03 4.233960e+03 4.228601e+03
4.248434e+03 4.223369e+03 4.238489e+03 4.233313e+03
4.251774e+03 4.223369e+03 4.237161e+03 4.237981e+03
4.232401e+03 4.223369e+03 4.234011e+03 4.221759e+03
4.241624e+03 4.223369e+03 4.233034e+03 4.231958e+03
4.256953e+03 4.223369e+03 4.233377e+03 4.246944e+03
4.248352e+03 4.223369e+03 4.235297e+03 4.236423e+03
4.224205e+03 4.223369e+03 4.226719e+03 4.220854e+03
4.208471e+03 4.223369e+03 4.213974e+03 4.217866e+03
4.214930e+03 4.223369e+03 4.212734e+03 4.225564e+03
4.191667e+03 4.223369e+03 4.223560e+03 4.191476e+03
4.227682e+03 4.223369e+03 4.232124e+03 4.218927e+03
4.259049e+03 4.223369e+03 4.234045e+03 4.248373e+03
4.237798e+03 4.223456e+03 4.226100e+03 4.235154e+03
4.208535e+03 4.228358e+03 4.218517e+03 4.218377e+03
4.205705e+03 4.244708e+03 4.225051e+03 4.225362e+03
4.208644e+03 4.261574e+03 4.236787e+03 4.233430e+03
4.269629e+03 4.261729e+03 4.244043e+03 4.287315e+03
4.234520e+03 4.248706e+03 4.242438e+03 4.240788e+03
4.242069e+03 4.235233e+03 4.228320e+03 4.248981e+03
4.198055e+03 4.226355e+03 4.215136e+03 4.209274e+03
4.213293e+03 4.221667e+03 4.216718e+03 4.218242e+03
4.218670e+03 4.219772e+03 4.224708e+03 4.213735e+03
4.234803e+03 4.219571e+03 4.230035e+03 4.224339e+03
4.235121e+03 4.220234e+03 4.232752e+03 4.222603e+03
4.236327e+03 4.221158e+03 4.237812e+03 4.219673e+03
4.238113e+03 4.221987e+03 4.241098e+03 4.219002e+03
4.258779e+03 4.222586e+03 4.243481e+03 4.237884e+03
4.247112e+03 4.222962e+03 4.236100e+03 4.233973e+03
4.202153e+03 4.223172e+03 4.220332e+03 4.204993e+03
4.215978e+03 4.223279e+03 4.207895e+03 4.231362e+03
4.225545e+03 4.223330e+03 4.212393e+03 4.236483e+03
4.232209e+03 4.223353e+03 4.228874e+03 4.226689e+03
4.227728e+03 4.223363e+03 4.241919e+03 4.209172e+03
4.251780e+03 4.223367e+03 4.248087e+03 4.227060e+03
4.254730e+03 4.223368e+03 4.250420e+03 4.227678e+03
4.249675e+03 4.223369e+03 4.251078e+03 4.221966e+03
4.230961e+03 4.223369e+03 4.242770e+03 4.211560e+03
4.210549e+03 4.223369e+03 4.224837e+03 4.209081e+03
4.199417e+03 4.223369e+03 4.208491e+03 4.214294e+03
4.204695e+03 4.223636e+03 4.198940e+03 4.229391e+03
4.218798e+03 4.230428e+03 4.201425e+03 4.247801e+03
4.244428e+03 4.247111e+03 4.217186e+03 4.274353e+03
4.245593e+03 4.255277e+03 4.230349e+03 4.270520e+03
4.231169e+03 4.248130e+03 4.235828e+03 4.243472e+03
4.235613e+03 4.236736e+03 4.239958e+03 4.232391e+03
4.228830e+03 4.228228e+03 4.243802e+03 4.213256e+03
4.253345e+03 4.223367e+03 4.246400e+03 4.230312e+03
4.227825e+03 4.221083e+03 4.240347e+03 4.208561e+03
4.234841e+03 4.220427e+03 4.234146e+03 4.221122e+03
4.219340e+03 4.220701e+03 4.234024e+03 4.206018e+03
4.258345e+03 4.221365e+03 4.237869e+03 4.241842e+03
4.273559e+03 4.222055e+03 4.240936e+03 4.254677e+03
4.252450e+03 4.222596e+03 4.244523e+03 4.230524e+03
4.246341e+03 4.222954e+03 4.246747e+03 4.222548e+03
4.236350e+03 4.223163e+03 4.247143e+03 4.212369e+03
4.229257e+03 4.223273e+03 4.239924e+03 4.212606e+03
4.205427e+03 4.223327e+03 4.224691e+03 4.204063e+03
4.230759e+03 4.223351e+03 4.217060e+03 4.237050e+03
4.232979e+03 4.223362e+03 4.220406e+03 4.235935e+03
4.250059e+03 4.223366e+03 4.227172e+03 4.246253e+03
4.236131e+03 4.223368e+03 4.223279e+03 4.236220e+03
4.194392e+03 4.223369e+03 4.222977e+03 4.194783e+03
4.241123e+03 4.223369e+03 4.230951e+03 4.233540e+03
4.262042e+03 4.223369e+03 4.239317e+03 4.246093e+03
4.233396e+03 4.223369e+03 4.238410e+03 4.218354e+03
4.204982e+03 4.223369e+03 4.225074e+03 4.203277e+03
4.193080e+03 4.223369e+03 4.211015e+03 4.205434e+03
4.199823e+03 4.223369e+03 4.207462e+03 4.215729e+03
4.213854e+03 4.223369e+03 4.215222e+03 4.222001e+03
4.211546e+03 4.223369e+03 4.223918e+03 4.210997e+03
4.240686e+03 4.223369e+03 4.233071e+03 4.230983e+03
4.216240e+03 4.223369e+03 4.232187e+03 4.207421e+03
4.228783e+03 4.223369e+03 4.224418e+03 4.227734e+03
4.214374e+03 4.223369e+03 4.229757e+03 4.207985e+03
4.244614e+03 4.223369e+03 4.243531e+03 4.224451e+03
4.282202e+03 4.223369e+03 4.250965e+03 4.254605e+03
4.282520e+03 4.223369e+03 4.248650e+03 4.257238e+03
4.246201e+03 4.223925e+03 4.233546e+03 4.236580e+03
4.209987e+03 4.232439e+03 4.224038e+03 4.218387e+03
4.202401e+03 4.250881e+03 4.230047e+03 4.223235e+03
4.228227e+03 4.263447e+03 4.238194e+03 4.253480e+03
4.264741e+03 4.257806e+03 4.243350e+03 4.279197e+03
4.264680e+03 4.243629e+03 4.241557e+03 4.266752e+03
4.232374e+03 4.231643e+03 4.236390e+03 4.227626e+03
4.244529e+03 4.224391e+03 4.236512e+03 4.232408e+03
4.251527e+03 4.220816e+03 4.230714e+03 4.241629e+03
4.226442e+03 4.219604e+03 4.217886e+03 4.228159e+03
4.206081e+03 4.219769e+03 4.216552e+03 4.209298e+03
4.214912e+03 4.220566e+03 4.229648e+03 4.205830e+03
4.215275e+03 4.221476e+03 4.241383e+03 4.195368e+03
4.233286e+03 4.222226e+03 4.242410e+03 4.213103e+03
4.239242e+03 4.222741e+03 4.230420e+03 4.231563e+03
4.219552e+03 4.223050e+03 4.223945e+03 4.218657e+03
4.228472e+03 4.223218e+03 4.225247e+03 4.226443e+03
4.226171e+03 4.223302e+03 4.226131e+03 4.223342e+03
4.215406e+03 4.223340e+03 4.218530e+03 4.220217e+03
4.210272e+03 4.223357e+03 4.210365e+03 4.223265e+03
4.224374e+03 4.223364e+03 4.213529e+03 4.234210e+03
4.225586e+03 4.223368e+03 4.221807e+03 4.227147e+03
4.230439e+03 4.223369e+03 4.225094e+03 4.228714e+03
4.240046e+03 4.223369e+03 4.218167e+03 4.245247e+03
4.209313e+03 4.223369e+03 4.208557e+03 4.224124e+03
4.218501e+03 4.223369e+03 4.201735e+03 4.240135e+03
4.192917e+03 4.223369e+03 4.198169e+03 4.218116e+03
4.181990e+03 4.223369e+03 4.197639e+03 4.207719e+03
4.218778e+03 4.223369e+03 4.204886e+03 4.237260e+03
4.245451e+03 4.223369e+03 4.217008e+03 4.251811e+03
4.213341e+03 4.223369e+03 4.230026e+03 4.206684e+03
4.221310e+03 4.224088e+03 4.235386e+03 4.210011e+03
4.220401e+03 4.233310e+03 4.235321e+03 4.218390e+03
4.225938e+03 4.251966e+03 4.241421e+03 4.236483e+03
4.228197e+03 4.263602e+03 4.246432e+03 4.245367e+03
4.241988e+03 4.257086e+03 4.249049e+03 4.250025e+03
4.258196e+03 4.242828e+03 4.250005e+03 4.251020e+03
4.237437e+03 4.231104e+03 4.248308e+03 4.220234e+03
4.209216e+03 4.224101e+03 4.242030e+03 4.191288e+03
4.220244e+03 4.220694e+03 4.228502e+03 4.212436e+03
4.216754e+03 4.219584e+03 4.221241e+03 4.215097e+03
4.233312e+03 4.219804e+03 4.226136e+03 4.226981e+03
4.229465e+03 4.220619e+03 4.230641e+03 4.219443e+03
4.209450e+03 4.221524e+03 4.227875e+03 4.203099e+03
4.223033e+03 4.222262e+03 4.230078e+03 4.215217e+03
4.216502e+03 4.222764e+03 4.238367e+03 4.200899e+03
4.214129e+03 4.223063e+03 4.243682e+03 4.193510e+03
4.230562e+03 4.223225e+03 4.245387e+03 4.208400e+03
4.218924e+03 4.223305e+03 4.241962e+03 4.200267e+03
4.223889e+03 4.223342e+03 4.237920e+03 4.209310e+03
4.232890e+03 4.223358e+03 4.235827e+03 4.220421e+03
4.223127e+03 4.223365e+03 4.235442e+03 4.211049e+03
4.228888e+03 4.223854e+03 4.225639e+03 4.227103e+03
4.214920e+03 4.232017e+03 4.219806e+03 4.227131e+03
4.223899e+03 4.249018e+03 4.226954e+03 4.245964e+03
4.243162e+03 4.255575e+03 4.236068e+03 4.262669e+03
4.278738e+03 4.247382e+03 4.239160e+03 4.286960e+03
4.259045e+03 4.236953e+03 4.229391e+03 4.266607e+03
4.221368e+03 4.238986e+03 4.224815e+03 4.235539e+03
4.233474e+03 4.250863e+03 4.231147e+03 4.253190e+03
4.243717e+03 4.251956e+03 4.238821e+03 4.256852e+03
4.231433e+03 4.241841e+03 4.238289e+03 4.234985e+03
4.198434e+03 4.231249e+03 4.225245e+03 4.204437e+03
4.198483e+03 4.224545e+03 4.210685e+03 4.212343e+03
4.182467e+03 4.221260e+03 4.201106e+03 4.202621e+03
4.200044e+03 4.223844e+03 4.200167e+03 4.223722e+03
4.216373e+03 4.236508e+03 4.211578e+03 4.241302e+03
4.244310e+03 4.242774e+03 4.224056e+03 4.263028e+03
4.238660e+03 4.238113e+03 4.227004e+03 4.249769e+03
4.222040e+03 4.230923e+03 4.221785e+03 4.231178e+03
4.199165e+03 4.225767e+03 4.223930e+03 4.201002e+03
4.230306e+03 4.222905e+03 4.229668e+03 4.223543e+03
4.218068e+03 4.221604e+03 4.229566e+03 4.210107e+03
4.234476e+03 4.221290e+03 4.221688e+03 4.234077e+03
4.217151e+03 4.221541e+03 4.222608e+03 4.216084e+03
4.281981e+03 4.222020e+03 4.233533e+03 4.270468e+03
4.250283e+03 4.222495e+03 4.241631e+03 4.231147e+03
4.252780e+03 4.222861e+03 4.246621e+03 4.229019e+03
4.233904e+03 4.223099e+03 4.250609e+03 4.206394e+03
4.229984e+03 4.223236e+03 4.253686e+03 4.199533e+03
4.242802e+03 4.223307e+03 4.253536e+03 4.212573e+03
4.274226e+03 4.223342e+03 4.247795e+03 4.249773e+03
4.239618e+03 4.223358e+03 4.239119e+03 4.223856e+03
4.223701e+03 4.223364e+03 4.236683e+03 4.210382e+03
4.217163e+03 4.223367e+03 4.229956e+03 4.210574e+03
4.217709e+03 4.223368e+03 4.216049e+03 4.225029e+03
4.194072e+03 4.223369e+03 4.203914e+03 4.213526e+03
4.202176e+03 4.223369e+03 4.200334e+03 4.225210e+03
4.187147e+03 4.223369e+03 4.208626e+03 4.201890e+03
4.215323e+03 4.223369e+03 4.219979e+03 4.218713e+03
4.276758e+03 4.223439e+03 4.230581e+03 4.269617e+03
4.244532e+03 4.228052e+03 4.239268e+03 4.233315e+03
4.233293e+03 4.243724e+03 4.245663e+03 4.231353e+03
4.239360e+03 4.255081e+03 4.248203e+03 4.246238e+03
4.229252e+03 4.250279e+03 4.247878e+03 4.231654e+03
4.260728e+03 4.238890e+03 4.235923e+03 4.263695e+03
4.202795e+03 4.229613e+03 4.218246e+03 4.214163e+03
4.221649e+03 4.224097e+03 4.207587e+03 4.238160e+03
4.236717e+03 4.221384e+03 4.214032e+03 4.244069e+03
4.244611e+03 4.220464e+03 4.226869e+03 4.238206e+03
4.259160e+03 4.220600e+03 4.237444e+03 4.242316e+03
4.244228e+03 4.221222e+03 4.234445e+03 4.231005e+03
4.229421e+03 4.221926e+03 4.220927e+03 4.230420e+03
4.190904e+03 4.222503e+03 4.208165e+03 4.205242e+03
4.204033e+03 4.222896e+03 4.200261e+03 4.226668e+03
4.197292e+03 4.223130e+03 4.196489e+03 4.223934e+03
4.202299e+03 4.223257e+03 4.198360e+03 4.227196e+03
4.226090e+03 4.223319e+03 4.209946e+03 4.239463e+03
4.247333e+03 4.223348e+03 4.225845e+03 4.244836e+03
4.249141e+03 4.223367e+03 4.233884e+03 4.238625e+03
4.269500e+03 4.225996e+03 4.228931e+03 4.266566e+03
4.250879e+03 4.239627e+03 4.230229e+03 4.260277e+03
4.248252e+03 4.253954e+03 4.236429e+03 4.265778e+03
4.233002e+03 4.252427e+03 4.238011e+03 4.247418e+03
4.222064e+03 4.241484e+03 4.230004e+03 4.233544e+03
4.217553e+03 4.231388e+03 4.216319e+03 4.232621e+03
4.221958e+03 4.225068e+03 4.205032e+03 4.241995e+03
4.215430e+03 4.221815e+03 4.198563e+03 4.238681e+03
4.189284e+03 4.220571e+03 4.195825e+03 4.214031e+03
4.198404e+03 4.223584e+03 4.198352e+03 4.223636e+03
4.228553e+03 4.236465e+03 4.211608e+03 4.253411e+03
4.217541e+03 4.243923e+03 4.228418e+03 4.233045e+03
4.240551e+03 4.239698e+03 4.236637e+03 4.243612e+03
4.224126e+03 4.232169e+03 4.228516e+03 4.227780e+03
4.225967e+03 4.226534e+03 4.215736e+03 4.236765e+03
4.205255e+03 4.223315e+03 4.212824e+03 4.215747e+03
4.211296e+03 4.221790e+03 4.219442e+03 4.213645e+03
4.216805e+03 4.221346e+03 4.225973e+03 4.212178e+03
4.235539e+03 4.221532e+03 4.222927e+03 4.234143e+03
4.215420e+03 4.221987e+03 4.217796e+03 4.219611e+03
4.201812e+03 4.222463e+03 4.221127e+03 4.203147e+03
4.205944e+03 4.222836e+03 4.227011e+03 4.201769e+03
4.236030e+03 4.223083e+03 4.234200e+03 4.224913e+03
4.189673e+03 4.223227e+03 4.234505e+03 4.178395e+03
4.220195e+03 4.223303e+03 4.230572e+03 4.212926e+03
4.217281e+03 4.223340e+03 4.230200e+03 4.210421e+03
4.186927e+03 4.223357e+03 4.230507e+03 4.179776e+03
4.197913e+03 4.223364e+03 4.223140e+03 4.198137e+03
4.196055e+03 4.223367e+03 4.211494e+03 4.207928e+03
4.202449e+03 4.223368e+03 4.202451e+03 4.223367e+03
4.196649e+03 4.223369e+03 4.197618e+03 4.222399e+03
4.183094e+03 4.223369e+03 4.195811e+03 4.210652e+03
4.188693e+03 4.223369e+03 4.195706e+03 4.216356e+03
4.208229e+03 4.223369e+03 4.196422e+03 4.235175e+03
