9.383928e+03 9.427827e+03 9.406181e+03 9.405574e+03
9.393605e+03 9.427827e+03 9.406181e+03 9.415251e+03
9.421919e+03 9.427827e+03 9.406181e+03 9.443565e+03
9.438308e+03 9.427827e+03 9.407690e+03 9.458445e+03
9.436288e+03 9.427827e+03 9.419070e+03 9.445045e+03
9.435309e+03 9.427827e+03 9.433035e+03 9.430102e+03
9.412369e+03 9.427827e+03 9.438716e+03 9.401480e+03
9.384006e+03 9.427827e+03 9.437832e+03 9.374001e+03
9.404751e+03 9.427827e+03 9.440487e+03 9.392091e+03
9.456844e+03 9.427827e+03 9.441916e+03 9.442755e+03
9.425698e+03 9.427827e+03 9.435125e+03 9.418400e+03
9.401376e+03 9.427827e+03 9.422385e+03 9.406818e+03
9.384413e+03 9.427827e+03 9.411551e+03 9.400689e+03
9.413386e+03 9.427827e+03 9.408861e+03 9.432352e+03
9.429667e+03 9.427827e+03 9.420073e+03 9.437422e+03
9.446688e+03 9.427827e+03 9.435286e+03 9.439229e+03
9.458647e+03 9.427827e+03 9.442322e+03 9.444152e+03
9.444373e+03 9.427827e+03 9.439468e+03 9.432732e+03
9.430823e+03 9.427827e+03 9.428613e+03 9.430037e+03
9.424297e+03 9.427827e+03 9.425066e+03 9.427058e+03
9.428916e+03 9.427827e+03 9.432147e+03 9.424596e+03
9.449945e+03 9.427827e+03 9.437438e+03 9.440334e+03
9.443294e+03 9.427827e+03 9.434854e+03 9.436267e+03
9.410564e+03 9.427827e+03 9.426459e+03 9.411932e+03
9.430298e+03 9.427827e+03 9.432414e+03 9.425711e+03
9.444601e+03 9.427827e+03 9.452561e+03 9.419867e+03
9.487357e+03 9.427827e+03 9.462491e+03 9.452693e+03
9.513659e+03 9.427827e+03 9.453725e+03 9.487761e+03
9.475563e+03 9.427827e+03 9.435125e+03 9.468266e+03
9.464602e+03 9.427827e+03 9.417920e+03 9.474509e+03
9.461387e+03 9.427827e+03 9.406913e+03 9.482301e+03
9.430702e+03 9.427827e+03 9.401515e+03 9.457015e+03
9.406017e+03 9.427827e+03 9.399898e+03 9.433946e+03
9.399673e+03 9.427827e+03 9.406491e+03 9.421009e+03
9.419251e+03 9.427827e+03 9.429939e+03 9.417139e+03
9.438053e+03 9.427827e+03 9.450511e+03 9.415369e+03
9.481469e+03 9.427827e+03 9.453702e+03 9.455595e+03
9.466705e+03 9.427827e+03 9.445929e+03 9.448603e+03
9.451788e+03 9.427827e+03 9.447324e+03 9.432291e+03
9.458617e+03 9.427827e+03 9.449593e+03 9.436852e+03
9.445919e+03 9.427827e+03 9.442338e+03 9.431408e+03
9.435306e+03 9.427827e+03 9.429060e+03 9.434073e+03
9.422914e+03 9.427827e+03 9.427031e+03 9.423710e+03
9.415840e+03 9.427827e+03 9.435604e+03 9.408064e+03
9.435794e+03 9.427827e+03 9.439540e+03 9.424081e+03
9.448854e+03 9.427827e+03 9.436960e+03 9.439721e+03
9.437222e+03 9.427827e+03 9.439175e+03 9.425874e+03
9.440106e+03 9.427827e+03 9.447458e+03 9.420475e+03
9.456932e+03 9.427827e+03 9.449961e+03 9.434799e+03
9.458581e+03 9.427827e+03 9.444166e+03 9.442242e+03
9.455420e+03 9.427827e+03 9.430303e+03 9.452944e+03
9.435593e+03 9.427827e+03 9.417222e+03 9.446199e+03
9.442119e+03 9.427827e+03 9.419217e+03 9.450729e+03
9.445010e+03 9.427827e+03 9.434989e+03 9.437849e+03
9.467562e+03 9.427827e+03 9.445372e+03 9.450017e+03
9.492025e+03 9.427827e+03 9.442432e+03 9.477420e+03
9.466778e+03 9.427907e+03 9.430322e+03 9.464363e+03
9.415254e+03 9.432352e+03 9.421590e+03 9.426017e+03
9.410694e+03 9.447179e+03 9.427299e+03 9.430574e+03
9.422420e+03 9.462474e+03 9.438059e+03 9.446835e+03
9.467223e+03 9.462615e+03 9.442127e+03 9.487711e+03
9.489835e+03 9.450805e+03 9.437459e+03 9.503181e+03
9.453397e+03 9.438586e+03 9.425370e+03 9.466612e+03
9.401218e+03 9.430536e+03 9.416947e+03 9.414807e+03
9.396495e+03 9.426284e+03 9.424792e+03 9.397987e+03
9.427087e+03 9.424566e+03 9.436915e+03 9.414738e+03
9.446237e+03 9.424383e+03 9.439239e+03 9.431381e+03
9.440959e+03 9.424985e+03 9.439916e+03 9.426027e+03
9.426820e+03 9.425823e+03 9.448109e+03 9.404533e+03
9.441935e+03 9.426574e+03 9.453697e+03 9.414812e+03
9.444989e+03 9.427118e+03 9.450201e+03 9.421905e+03
9.436961e+03 9.427458e+03 9.437298e+03 9.427121e+03
9.411950e+03 9.427649e+03 9.421257e+03 9.418342e+03
9.420673e+03 9.427746e+03 9.410964e+03 9.437455e+03
9.452867e+03 9.427793e+03 9.419803e+03 9.460857e+03
9.458809e+03 9.427813e+03 9.441227e+03 9.445395e+03
9.445714e+03 9.427822e+03 9.451473e+03 9.422063e+03
9.465290e+03 9.427826e+03 9.452483e+03 9.440633e+03
9.468894e+03 9.427827e+03 9.455874e+03 9.440848e+03
9.456310e+03 9.427827e+03 9.454169e+03 9.429968e+03
9.432645e+03 9.427827e+03 9.442068e+03 9.418404e+03
9.397511e+03 9.427827e+03 9.424667e+03 9.400672e+03
9.393845e+03 9.427827e+03 9.410899e+03 9.410773e+03
9.400574e+03 9.428070e+03 9.403512e+03 9.425132e+03
9.431547e+03 9.434229e+03 9.406671e+03 9.459106e+03
9.440619e+03 9.449358e+03 9.421513e+03 9.468464e+03
9.452742e+03 9.456763e+03 9.432473e+03 9.477032e+03
9.451997e+03 9.450283e+03 9.434910e+03 9.467370e+03
9.441711e+03 9.439950e+03 9.438498e+03 9.443163e+03
9.433673e+03 9.432235e+03 9.443053e+03 9.422855e+03
9.446162e+03 9.427826e+03 9.442995e+03 9.430993e+03
9.443269e+03 9.425754e+03 9.436355e+03 9.432668e+03
9.441656e+03 9.425160e+03 9.436022e+03 9.430793e+03
9.449576e+03 9.425409e+03 9.442795e+03 9.432190e+03
9.469914e+03 9.426011e+03 9.444803e+03 9.451122e+03
9.483918e+03 9.426636e+03 9.442677e+03 9.467877e+03
9.458502e+03 9.427127e+03 9.444501e+03 9.441128e+03
9.427965e+03 9.427451e+03 9.446946e+03 9.408470e+03
9.451623e+03 9.427641e+03 9.444593e+03 9.434670e+03
9.446823e+03 9.427741e+03 9.435409e+03 9.439155e+03
9.437638e+03 9.427789e+03 9.423608e+03 9.441819e+03
9.440195e+03 9.427812e+03 9.424048e+03 9.443959e+03
9.457618e+03 9.427821e+03 9.430702e+03 9.454738e+03
9.461074e+03 9.427825e+03 9.432494e+03 9.456405e+03
9.421987e+03 9.427827e+03 9.425774e+03 9.424040e+03
9.413050e+03 9.427827e+03 9.425379e+03 9.415498e+03
9.434862e+03 9.427827e+03 9.433221e+03 9.429469e+03
9.469895e+03 9.427827e+03 9.438085e+03 9.459637e+03
9.447197e+03 9.427827e+03 9.434276e+03 9.440749e+03
9.416145e+03 9.427827e+03 9.423084e+03 9.420888e+03
9.399666e+03 9.427827e+03 9.413118e+03 9.414375e+03
9.413253e+03 9.427827e+03 9.415584e+03 9.425496e+03
9.422846e+03 9.427827e+03 9.431462e+03 9.419211e+03
9.428049e+03 9.427827e+03 9.444439e+03 9.411438e+03
9.451501e+03 9.427827e+03 9.446600e+03 9.432728e+03
9.433621e+03 9.427827e+03 9.437534e+03 9.423914e+03
9.418595e+03 9.427827e+03 9.428023e+03 9.418399e+03
9.425158e+03 9.427827e+03 9.437479e+03 9.415506e+03
9.448977e+03 9.427827e+03 9.456672e+03 9.420132e+03
9.490249e+03 9.427827e+03 9.462704e+03 9.455373e+03
9.493959e+03 9.427827e+03 9.452925e+03 9.468861e+03
9.444627e+03 9.428332e+03 9.434555e+03 9.438404e+03
9.402319e+03 9.436052e+03 9.425133e+03 9.413238e+03
9.395766e+03 9.452778e+03 9.431105e+03 9.417439e+03
9.413591e+03 9.464173e+03 9.438560e+03 9.439203e+03
9.458088e+03 9.459057e+03 9.440051e+03 9.477095e+03
9.458946e+03 9.446201e+03 9.439481e+03 9.465666e+03
9.435074e+03 9.435331e+03 9.441054e+03 9.429351e+03
9.422039e+03 9.428754e+03 9.440473e+03 9.410321e+03
9.403489e+03 9.425513e+03 9.431966e+03 9.397036e+03
9.405581e+03 9.424413e+03 9.420114e+03 9.409880e+03
9.413825e+03 9.424563e+03 9.423199e+03 9.415189e+03
9.422939e+03 9.425286e+03 9.441919e+03 9.406306e+03
9.440757e+03 9.426111e+03 9.452031e+03 9.414837e+03
9.416160e+03 9.426791e+03 9.446344e+03 9.396608e+03
9.418520e+03 9.427258e+03 9.432336e+03 9.413442e+03
9.421977e+03 9.427539e+03 9.429279e+03 9.420237e+03
9.428592e+03 9.427691e+03 9.432602e+03 9.423681e+03
9.404625e+03 9.427767e+03 9.430434e+03 9.401958e+03
9.384616e+03 9.427802e+03 9.421267e+03 9.391151e+03
9.372915e+03 9.427817e+03 9.414530e+03 9.386202e+03
9.426713e+03 9.427824e+03 9.421512e+03 9.433025e+03
9.456266e+03 9.427826e+03 9.430082e+03 9.454010e+03
9.471445e+03 9.427827e+03 9.429610e+03 9.469662e+03
9.450960e+03 9.427827e+03 9.421257e+03 9.457531e+03
9.418042e+03 9.427827e+03 9.412455e+03 9.433415e+03
9.408770e+03 9.427827e+03 9.406737e+03 9.429859e+03
9.410336e+03 9.427827e+03 9.403909e+03 9.434254e+03
9.418193e+03 9.427827e+03 9.404241e+03 9.441779e+03
9.461512e+03 9.427827e+03 9.415557e+03 9.473783e+03
9.497115e+03 9.427827e+03 9.433157e+03 9.491786e+03
9.451628e+03 9.427827e+03 9.442666e+03 9.436789e+03
9.422867e+03 9.428479e+03 9.440225e+03 9.411121e+03
9.409563e+03 9.436843e+03 9.436493e+03 9.409913e+03
9.422719e+03 9.453762e+03 9.441511e+03 9.434969e+03
9.422283e+03 9.464314e+03 9.445744e+03 9.440852e+03
9.444961e+03 9.458404e+03 9.444871e+03 9.458494e+03
9.436346e+03 9.445475e+03 9.447333e+03 9.434488e+03
9.435420e+03 9.434842e+03 9.451202e+03 9.419060e+03
9.419056e+03 9.428492e+03 9.445277e+03 9.402271e+03
9.396889e+03 9.425402e+03 9.431251e+03 9.391040e+03
9.384214e+03 9.424395e+03 9.427033e+03 9.381577e+03
9.400394e+03 9.424595e+03 9.435913e+03 9.389076e+03
9.413003e+03 9.425334e+03 9.438166e+03 9.400171e+03
9.433713e+03 9.426155e+03 9.431924e+03 9.427944e+03
9.449511e+03 9.426824e+03 9.432602e+03 9.443733e+03
9.434636e+03 9.427279e+03 9.440277e+03 9.421638e+03
9.425828e+03 9.427550e+03 9.443364e+03 9.410015e+03
9.440514e+03 9.427697e+03 9.442181e+03 9.426029e+03
9.443544e+03 9.427770e+03 9.444567e+03 9.426747e+03
9.435039e+03 9.427803e+03 9.450788e+03 9.412055e+03
9.430219e+03 9.427818e+03 9.450884e+03 9.407153e+03
9.436565e+03 9.427824e+03 9.443295e+03 9.421094e+03
9.434832e+03 9.428268e+03 9.429040e+03 9.434059e+03
9.435493e+03 9.435670e+03 9.422293e+03 9.448870e+03
9.433826e+03 9.451088e+03 9.428816e+03 9.456098e+03
9.442799e+03 9.457034e+03 9.435163e+03 9.464670e+03
9.472368e+03 9.449604e+03 9.434460e+03 9.487512e+03
9.446392e+03 9.440147e+03 9.425867e+03 9.460672e+03
9.415091e+03 9.441990e+03 9.424357e+03 9.432724e+03
9.418115e+03 9.452761e+03 9.432353e+03 9.438522e+03
9.431139e+03 9.453752e+03 9.437726e+03 9.447165e+03
9.428952e+03 9.444579e+03 9.434592e+03 9.438940e+03
9.407783e+03 9.434974e+03 9.423658e+03 9.419099e+03
9.406459e+03 9.428894e+03 9.412921e+03 9.422432e+03
9.387041e+03 9.425915e+03 9.406187e+03 9.406770e+03
9.406740e+03 9.428259e+03 9.406423e+03 9.428576e+03
9.430609e+03 9.439743e+03 9.417160e+03 9.453193e+03
9.449502e+03 9.445426e+03 9.426589e+03 9.468339e+03
9.431449e+03 9.441199e+03 9.426953e+03 9.445695e+03
9.397543e+03 9.434678e+03 9.422496e+03 9.409725e+03
9.398410e+03 9.430003e+03 9.425982e+03 9.402430e+03
9.438381e+03 9.427407e+03 9.430765e+03 9.435024e+03
9.449326e+03 9.426227e+03 9.428884e+03 9.446669e+03
9.434202e+03 9.425942e+03 9.422154e+03 9.437990e+03
9.409698e+03 9.426170e+03 9.424767e+03 9.411102e+03
9.438628e+03 9.426604e+03 9.436257e+03 9.428976e+03
9.444051e+03 9.427035e+03 9.442934e+03 9.428152e+03
9.449014e+03 9.427367e+03 9.444187e+03 9.432193e+03
9.429814e+03 9.427583e+03 9.451222e+03 9.406175e+03
9.431158e+03 9.427707e+03 9.461126e+03 9.397739e+03
9.421840e+03 9.427772e+03 9.459755e+03 9.389857e+03
9.452044e+03 9.427803e+03 9.452135e+03 9.427712e+03
9.469170e+03 9.427817e+03 9.446945e+03 9.450042e+03
9.453498e+03 9.427823e+03 9.441948e+03 9.439373e+03
9.410974e+03 9.427826e+03 9.431316e+03 9.407484e+03
9.397910e+03 9.427827e+03 9.417580e+03 9.408157e+03
9.383468e+03 9.427827e+03 9.407412e+03 9.403883e+03
9.400727e+03 9.427827e+03 9.407169e+03 9.421386e+03
9.421152e+03 9.427827e+03 9.422136e+03 9.426842e+03
9.438209e+03 9.427827e+03 9.439629e+03 9.426407e+03
9.458722e+03 9.427891e+03 9.446472e+03 9.440141e+03
9.439494e+03 9.432074e+03 9.445596e+03 9.425972e+03
9.430053e+03 9.446286e+03 9.446430e+03 9.429909e+03
9.423672e+03 9.456586e+03 9.446321e+03 9.433937e+03
9.438067e+03 9.452231e+03 9.442001e+03 9.448297e+03
9.434951e+03 9.441903e+03 9.430284e+03 9.446569e+03
9.399500e+03 9.433490e+03 9.416746e+03 9.416244e+03
9.399254e+03 9.428488e+03 9.410019e+03 9.417722e+03
9.431691e+03 9.426027e+03 9.418036e+03 9.439682e+03
9.445408e+03 9.425193e+03 9.430218e+03 9.440383e+03
9.445085e+03 9.425317e+03 9.436256e+03 9.434145e+03
9.414103e+03 9.425880e+03 9.431438e+03 9.408546e+03
9.384309e+03 9.426519e+03 9.420576e+03 9.390252e+03
9.378430e+03 9.427042e+03 9.411238e+03 9.394234e+03
9.397153e+03 9.427398e+03 9.405664e+03 9.418887e+03
9.405655e+03 9.427611e+03 9.403129e+03 9.430137e+03
9.404811e+03 9.427726e+03 9.406271e+03 9.426265e+03
9.426759e+03 9.427782e+03 9.420445e+03 9.434096e+03
9.443195e+03 9.427809e+03 9.433601e+03 9.437402e+03
9.448518e+03 9.427826e+03 9.435706e+03 9.440639e+03
9.459136e+03 9.430210e+03 9.429238e+03 9.460109e+03
9.445880e+03 9.442571e+03 9.431047e+03 9.457404e+03
9.422761e+03 9.455564e+03 9.437380e+03 9.440946e+03
9.415275e+03 9.454179e+03 9.437045e+03 9.432409e+03
9.409021e+03 9.444255e+03 9.428661e+03 9.424616e+03
9.414741e+03 9.435099e+03 9.417456e+03 9.432385e+03
9.404202e+03 9.429369e+03 9.408987e+03 9.424584e+03
9.399327e+03 9.426418e+03 9.404361e+03 9.421384e+03
9.382725e+03 9.425291e+03 9.402535e+03 9.405480e+03
9.417088e+03 9.428022e+03 9.405108e+03 9.440003e+03
9.444772e+03 9.439704e+03 9.417093e+03 9.467383e+03
9.451797e+03 9.446467e+03 9.429533e+03 9.468730e+03
9.453342e+03 9.442636e+03 9.433221e+03 9.462758e+03
9.413781e+03 9.435808e+03 9.426045e+03 9.423544e+03
9.429400e+03 9.430698e+03 9.416943e+03 9.443155e+03
9.417135e+03 9.427779e+03 9.418826e+03 9.426089e+03
9.428652e+03 9.426396e+03 9.429085e+03 9.425964e+03
9.437433e+03 9.425993e+03 9.433033e+03 9.430393e+03
9.449957e+03 9.426162e+03 9.427175e+03 9.448944e+03
9.425972e+03 9.426575e+03 9.424300e+03 9.428246e+03
9.429729e+03 9.427006e+03 9.434734e+03 9.422001e+03
9.426914e+03 9.427345e+03 9.446061e+03 9.408198e+03
9.468379e+03 9.427568e+03 9.447892e+03 9.448056e+03
9.425789e+03 9.427699e+03 9.439955e+03 9.413532e+03
9.406327e+03 9.427768e+03 9.435001e+03 9.399094e+03
9.400497e+03 9.427801e+03 9.436713e+03 9.391585e+03
9.379303e+03 9.427817e+03 9.434433e+03 9.372686e+03
9.380467e+03 9.427823e+03 9.424929e+03 9.383361e+03
9.385597e+03 9.427826e+03 9.414003e+03 9.399420e+03
9.410581e+03 9.427827e+03 9.406554e+03 9.431855e+03
9.401461e+03 9.427827e+03 9.402929e+03 9.426359e+03
9.403945e+03 9.427827e+03 9.401815e+03 9.429957e+03
9.400272e+03 9.427827e+03 9.402058e+03 9.426042e+03
9.424383e+03 9.427827e+03 9.402906e+03 9.449304e+03
